# Temperatura_=_4.828103448275861
# Concentracion g/m^3_=_4090.0
# C_Vs_to_Am_M_A/Vsm_=_65563218390.804596
# pendiente_HvsI_1/m_=_3716.3
# ordenada_HvsI_A/m_=_1297.0
# frecuencia_Hz_=_135085.20512629102
# Promedio de 638 ciclos

Tiempo_(s)	Campo_(V.s)	Magnetizacion_(V.s)	Campo_(kA/m)	Magnetizacion_(A/m)
0.000000e+00	-5.409128e-09	-2.348906e-09	-3.839695e+01	-1.530276e+02
1.000000e-08	-5.409258e-09	-2.348368e-09	-3.839787e+01	-1.529841e+02
2.000000e-08	-5.409169e-09	-2.348131e-09	-3.839724e+01	-1.529435e+02
3.000000e-08	-5.408808e-09	-2.346511e-09	-3.839468e+01	-1.529063e+02
4.000000e-08	-5.408062e-09	-2.344417e-09	-3.838938e+01	-1.528730e+02
5.000000e-08	-5.406820e-09	-2.345229e-09	-3.838057e+01	-1.528439e+02
6.000000e-08	-5.404999e-09	-2.350660e-09	-3.836764e+01	-1.528194e+02
7.000000e-08	-5.402554e-09	-2.347671e-09	-3.835028e+01	-1.527998e+02
8.000000e-08	-5.399489e-09	-2.318924e-09	-3.832853e+01	-1.527852e+02
9.000000e-08	-5.395863e-09	-2.314375e-09	-3.830279e+01	-1.527759e+02
1.000000e-07	-5.391809e-09	-2.387123e-09	-3.827401e+01	-1.527719e+02
1.100000e-07	-5.387506e-09	-2.420233e-09	-3.824347e+01	-1.527732e+02
1.200000e-07	-5.383055e-09	-2.328648e-09	-3.821187e+01	-1.527798e+02
1.300000e-07	-5.378358e-09	-2.275122e-09	-3.817853e+01	-1.527916e+02
1.400000e-07	-5.373250e-09	-2.362964e-09	-3.814227e+01	-1.528083e+02
1.500000e-07	-5.367722e-09	-2.423797e-09	-3.810303e+01	-1.528297e+02
1.600000e-07	-5.361856e-09	-2.305546e-09	-3.806139e+01	-1.528554e+02
1.700000e-07	-5.355622e-09	-2.238833e-09	-3.801714e+01	-1.528851e+02
1.800000e-07	-5.348938e-09	-2.366650e-09	-3.796969e+01	-1.529183e+02
1.900000e-07	-5.341854e-09	-2.446051e-09	-3.791940e+01	-1.529545e+02
2.000000e-07	-5.334504e-09	-2.353730e-09	-3.786723e+01	-1.529931e+02
2.100000e-07	-5.326932e-09	-2.312244e-09	-3.781348e+01	-1.530335e+02
2.200000e-07	-5.319103e-09	-2.407419e-09	-3.775790e+01	-1.530751e+02
2.300000e-07	-5.310998e-09	-2.419880e-09	-3.770037e+01	-1.531172e+02
2.400000e-07	-5.302538e-09	-2.345002e-09	-3.764032e+01	-1.531589e+02
2.500000e-07	-5.293525e-09	-2.370760e-09	-3.757634e+01	-1.531997e+02
2.600000e-07	-5.283830e-09	-2.449533e-09	-3.750752e+01	-1.532386e+02
2.700000e-07	-5.273503e-09	-2.409037e-09	-3.743421e+01	-1.532751e+02
2.800000e-07	-5.262654e-09	-2.364853e-09	-3.735720e+01	-1.533082e+02
2.900000e-07	-5.251356e-09	-2.431680e-09	-3.727700e+01	-1.533372e+02
3.000000e-07	-5.239652e-09	-2.444238e-09	-3.719392e+01	-1.533614e+02
3.100000e-07	-5.227557e-09	-2.351871e-09	-3.710806e+01	-1.533800e+02
3.200000e-07	-5.215075e-09	-2.361342e-09	-3.701946e+01	-1.533923e+02
3.300000e-07	-5.202214e-09	-2.442642e-09	-3.692816e+01	-1.533977e+02
3.400000e-07	-5.188978e-09	-2.408022e-09	-3.683421e+01	-1.533954e+02
3.500000e-07	-5.175366e-09	-2.350342e-09	-3.673758e+01	-1.533849e+02
3.600000e-07	-5.161385e-09	-2.397433e-09	-3.663834e+01	-1.533657e+02
3.700000e-07	-5.147015e-09	-2.415077e-09	-3.653634e+01	-1.533372e+02
3.800000e-07	-5.132139e-09	-2.360808e-09	-3.643073e+01	-1.532991e+02
3.900000e-07	-5.116652e-09	-2.363601e-09	-3.632080e+01	-1.532508e+02
4.000000e-07	-5.100596e-09	-2.387429e-09	-3.620683e+01	-1.531922e+02
4.100000e-07	-5.084104e-09	-2.354050e-09	-3.608976e+01	-1.531230e+02
4.200000e-07	-5.067270e-09	-2.351630e-09	-3.597027e+01	-1.530429e+02
4.300000e-07	-5.050135e-09	-2.388976e-09	-3.584863e+01	-1.529520e+02
4.400000e-07	-5.032727e-09	-2.365081e-09	-3.572506e+01	-1.528501e+02
4.500000e-07	-5.015030e-09	-2.333541e-09	-3.559944e+01	-1.527372e+02
4.600000e-07	-4.996991e-09	-2.361734e-09	-3.547138e+01	-1.526136e+02
4.700000e-07	-4.978565e-09	-2.371894e-09	-3.534059e+01	-1.524792e+02
4.800000e-07	-4.959729e-09	-2.339242e-09	-3.520687e+01	-1.523344e+02
4.900000e-07	-4.940495e-09	-2.335461e-09	-3.507035e+01	-1.521794e+02
5.000000e-07	-4.920940e-09	-2.347937e-09	-3.493153e+01	-1.520145e+02
5.100000e-07	-4.901144e-09	-2.344306e-09	-3.479101e+01	-1.518402e+02
5.200000e-07	-4.881145e-09	-2.340103e-09	-3.464904e+01	-1.516568e+02
5.300000e-07	-4.860924e-09	-2.333242e-09	-3.450551e+01	-1.514647e+02
5.400000e-07	-4.840416e-09	-2.321214e-09	-3.435993e+01	-1.512646e+02
5.500000e-07	-4.819548e-09	-2.328752e-09	-3.421179e+01	-1.510569e+02
5.600000e-07	-4.798303e-09	-2.332596e-09	-3.406098e+01	-1.508422e+02
5.700000e-07	-4.776720e-09	-2.314063e-09	-3.390778e+01	-1.506210e+02
5.800000e-07	-4.754837e-09	-2.305453e-09	-3.375244e+01	-1.503939e+02
5.900000e-07	-4.732659e-09	-2.314125e-09	-3.359501e+01	-1.501615e+02
6.000000e-07	-4.710154e-09	-2.312122e-09	-3.343526e+01	-1.499244e+02
6.100000e-07	-4.687291e-09	-2.301240e-09	-3.327297e+01	-1.496831e+02
6.200000e-07	-4.664080e-09	-2.290222e-09	-3.310820e+01	-1.494381e+02
6.300000e-07	-4.640566e-09	-2.285402e-09	-3.294128e+01	-1.491901e+02
6.400000e-07	-4.616818e-09	-2.292149e-09	-3.277270e+01	-1.489395e+02
6.500000e-07	-4.592868e-09	-2.292121e-09	-3.260269e+01	-1.486867e+02
6.600000e-07	-4.568698e-09	-2.275012e-09	-3.243112e+01	-1.484323e+02
6.700000e-07	-4.544231e-09	-2.268285e-09	-3.225744e+01	-1.481767e+02
6.800000e-07	-4.519363e-09	-2.277323e-09	-3.208092e+01	-1.479201e+02
6.900000e-07	-4.494013e-09	-2.276132e-09	-3.190097e+01	-1.476630e+02
7.000000e-07	-4.468138e-09	-2.263544e-09	-3.171730e+01	-1.474055e+02
7.100000e-07	-4.441743e-09	-2.256335e-09	-3.152993e+01	-1.471480e+02
7.200000e-07	-4.414874e-09	-2.257377e-09	-3.133920e+01	-1.468905e+02
7.300000e-07	-4.387607e-09	-2.257637e-09	-3.114564e+01	-1.466333e+02
7.400000e-07	-4.360039e-09	-2.249781e-09	-3.094995e+01	-1.463764e+02
7.500000e-07	-4.332254e-09	-2.238554e-09	-3.075272e+01	-1.461198e+02
7.600000e-07	-4.304289e-09	-2.237645e-09	-3.055421e+01	-1.458635e+02
7.700000e-07	-4.276133e-09	-2.240238e-09	-3.035434e+01	-1.456074e+02
7.800000e-07	-4.247744e-09	-2.232726e-09	-3.015282e+01	-1.453514e+02
7.900000e-07	-4.219063e-09	-2.220295e-09	-2.994923e+01	-1.450955e+02
8.000000e-07	-4.190053e-09	-2.216073e-09	-2.974329e+01	-1.448393e+02
8.100000e-07	-4.160716e-09	-2.216808e-09	-2.953505e+01	-1.445827e+02
8.200000e-07	-4.131088e-09	-2.214745e-09	-2.932473e+01	-1.443254e+02
8.300000e-07	-4.101199e-09	-2.207052e-09	-2.911256e+01	-1.440671e+02
8.400000e-07	-4.071044e-09	-2.199971e-09	-2.889850e+01	-1.438075e+02
8.500000e-07	-4.040616e-09	-2.198141e-09	-2.868251e+01	-1.435464e+02
8.600000e-07	-4.009908e-09	-2.194509e-09	-2.846453e+01	-1.432833e+02
8.700000e-07	-3.978934e-09	-2.182758e-09	-2.824466e+01	-1.430180e+02
8.800000e-07	-3.947715e-09	-2.170748e-09	-2.802305e+01	-1.427500e+02
8.900000e-07	-3.916262e-09	-2.167885e-09	-2.779978e+01	-1.424791e+02
9.000000e-07	-3.884602e-09	-2.170896e-09	-2.757503e+01	-1.422048e+02
9.100000e-07	-3.852764e-09	-2.167163e-09	-2.734903e+01	-1.419269e+02
9.200000e-07	-3.820750e-09	-2.156869e-09	-2.712178e+01	-1.416451e+02
9.300000e-07	-3.788528e-09	-2.148606e-09	-2.689305e+01	-1.413589e+02
9.400000e-07	-3.756047e-09	-2.143815e-09	-2.666248e+01	-1.410682e+02
9.500000e-07	-3.723256e-09	-2.136603e-09	-2.642971e+01	-1.407727e+02
9.600000e-07	-3.690098e-09	-2.127211e-09	-2.619434e+01	-1.404721e+02
9.700000e-07	-3.656518e-09	-2.122486e-09	-2.595597e+01	-1.401662e+02
9.800000e-07	-3.622488e-09	-2.122373e-09	-2.571441e+01	-1.398548e+02
9.900000e-07	-3.588025e-09	-2.117987e-09	-2.546978e+01	-1.395377e+02
1.000000e-06	-3.553180e-09	-2.107222e-09	-2.522242e+01	-1.392149e+02
1.010000e-06	-3.518003e-09	-2.096915e-09	-2.497272e+01	-1.388862e+02
1.020000e-06	-3.482554e-09	-2.088881e-09	-2.472109e+01	-1.385515e+02
1.030000e-06	-3.446897e-09	-2.080765e-09	-2.446797e+01	-1.382108e+02
1.040000e-06	-3.411078e-09	-2.073965e-09	-2.421371e+01	-1.378640e+02
1.050000e-06	-3.375119e-09	-2.070776e-09	-2.395845e+01	-1.375112e+02
1.060000e-06	-3.339012e-09	-2.069410e-09	-2.370214e+01	-1.371524e+02
1.070000e-06	-3.302728e-09	-2.066051e-09	-2.344458e+01	-1.367876e+02
1.080000e-06	-3.266237e-09	-2.057290e-09	-2.318555e+01	-1.364169e+02
1.090000e-06	-3.229511e-09	-2.045499e-09	-2.292485e+01	-1.360404e+02
1.100000e-06	-3.192531e-09	-2.036301e-09	-2.266234e+01	-1.356582e+02
1.110000e-06	-3.155301e-09	-2.030622e-09	-2.239806e+01	-1.352703e+02
1.120000e-06	-3.117843e-09	-2.024235e-09	-2.213216e+01	-1.348768e+02
1.130000e-06	-3.080175e-09	-2.016986e-09	-2.186478e+01	-1.344779e+02
1.140000e-06	-3.042306e-09	-2.012023e-09	-2.159596e+01	-1.340737e+02
1.150000e-06	-3.004243e-09	-2.008071e-09	-2.132577e+01	-1.336642e+02
1.160000e-06	-2.965994e-09	-1.999886e-09	-2.105426e+01	-1.332495e+02
1.170000e-06	-2.927544e-09	-1.988674e-09	-2.078132e+01	-1.328298e+02
1.180000e-06	-2.888878e-09	-1.978772e-09	-2.050685e+01	-1.324050e+02
1.190000e-06	-2.849988e-09	-1.972260e-09	-2.023078e+01	-1.319752e+02
1.200000e-06	-2.810881e-09	-1.965639e-09	-1.995318e+01	-1.315404e+02
1.210000e-06	-2.771573e-09	-1.956898e-09	-1.967415e+01	-1.311007e+02
1.220000e-06	-2.732085e-09	-1.949396e-09	-1.939384e+01	-1.306559e+02
1.230000e-06	-2.692445e-09	-1.944639e-09	-1.911246e+01	-1.302060e+02
1.240000e-06	-2.652685e-09	-1.938738e-09	-1.883022e+01	-1.297509e+02
1.250000e-06	-2.612819e-09	-1.930316e-09	-1.854722e+01	-1.292905e+02
1.260000e-06	-2.572850e-09	-1.921113e-09	-1.826350e+01	-1.288247e+02
1.270000e-06	-2.532780e-09	-1.912144e-09	-1.797906e+01	-1.283532e+02
1.280000e-06	-2.492597e-09	-1.904048e-09	-1.769382e+01	-1.278759e+02
1.290000e-06	-2.452281e-09	-1.896253e-09	-1.740763e+01	-1.273925e+02
1.300000e-06	-2.411808e-09	-1.887522e-09	-1.712033e+01	-1.269027e+02
1.310000e-06	-2.371149e-09	-1.878298e-09	-1.683171e+01	-1.264062e+02
1.320000e-06	-2.330274e-09	-1.869776e-09	-1.654156e+01	-1.259026e+02
1.330000e-06	-2.289146e-09	-1.861316e-09	-1.624961e+01	-1.253918e+02
1.340000e-06	-2.247735e-09	-1.852807e-09	-1.595566e+01	-1.248731e+02
1.350000e-06	-2.206028e-09	-1.843744e-09	-1.565960e+01	-1.243463e+02
1.360000e-06	-2.164022e-09	-1.834022e-09	-1.536142e+01	-1.238109e+02
1.370000e-06	-2.121732e-09	-1.824161e-09	-1.506123e+01	-1.232665e+02
1.380000e-06	-2.079188e-09	-1.814116e-09	-1.475923e+01	-1.227126e+02
1.390000e-06	-2.036417e-09	-1.804055e-09	-1.445562e+01	-1.221488e+02
1.400000e-06	-1.993435e-09	-1.794798e-09	-1.415051e+01	-1.215745e+02
1.410000e-06	-1.950266e-09	-1.786313e-09	-1.384407e+01	-1.209894e+02
1.420000e-06	-1.906931e-09	-1.777687e-09	-1.353646e+01	-1.203929e+02
1.430000e-06	-1.863454e-09	-1.767101e-09	-1.322784e+01	-1.197846e+02
1.440000e-06	-1.819858e-09	-1.753997e-09	-1.291837e+01	-1.191639e+02
1.450000e-06	-1.776159e-09	-1.741185e-09	-1.260817e+01	-1.185304e+02
1.460000e-06	-1.732369e-09	-1.731417e-09	-1.229732e+01	-1.178836e+02
1.470000e-06	-1.688500e-09	-1.722042e-09	-1.198591e+01	-1.172230e+02
1.480000e-06	-1.644560e-09	-1.710859e-09	-1.167400e+01	-1.165481e+02
1.490000e-06	-1.600548e-09	-1.699778e-09	-1.136158e+01	-1.158585e+02
1.500000e-06	-1.556467e-09	-1.689778e-09	-1.104866e+01	-1.151538e+02
1.510000e-06	-1.512316e-09	-1.678917e-09	-1.073525e+01	-1.144334e+02
1.520000e-06	-1.468096e-09	-1.665078e-09	-1.042136e+01	-1.136970e+02
1.530000e-06	-1.423808e-09	-1.650547e-09	-1.010697e+01	-1.129440e+02
1.540000e-06	-1.379446e-09	-1.638933e-09	-9.792072e+00	-1.121741e+02
1.550000e-06	-1.335010e-09	-1.628747e-09	-9.476638e+00	-1.113867e+02
1.560000e-06	-1.290499e-09	-1.617671e-09	-9.160675e+00	-1.105815e+02
1.570000e-06	-1.245911e-09	-1.605618e-09	-8.844162e+00	-1.097579e+02
1.580000e-06	-1.201233e-09	-1.593942e-09	-8.527015e+00	-1.089156e+02
1.590000e-06	-1.156460e-09	-1.582557e-09	-8.209192e+00	-1.080540e+02
1.600000e-06	-1.111593e-09	-1.568951e-09	-7.890703e+00	-1.071727e+02
1.610000e-06	-1.066628e-09	-1.551714e-09	-7.571515e+00	-1.062711e+02
1.620000e-06	-1.021565e-09	-1.534109e-09	-7.251636e+00	-1.053488e+02
1.630000e-06	-9.764151e-10	-1.519122e-09	-6.931137e+00	-1.044052e+02
1.640000e-06	-9.311871e-10	-1.504631e-09	-6.610085e+00	-1.034397e+02
1.650000e-06	-8.858931e-10	-1.489920e-09	-6.288563e+00	-1.024517e+02
1.660000e-06	-8.405381e-10	-1.477110e-09	-5.966609e+00	-1.014405e+02
1.670000e-06	-7.951252e-10	-1.466013e-09	-5.644243e+00	-1.004055e+02
1.680000e-06	-7.496612e-10	-1.451943e-09	-5.321515e+00	-9.934603e+01
1.690000e-06	-7.041507e-10	-1.431635e-09	-4.998457e+00	-9.826123e+01
1.700000e-06	-6.585944e-10	-1.408431e-09	-4.675074e+00	-9.715033e+01
1.710000e-06	-6.129960e-10	-1.387884e-09	-4.351391e+00	-9.601248e+01
1.720000e-06	-5.673582e-10	-1.370923e-09	-4.027428e+00	-9.484678e+01
1.730000e-06	-5.216797e-10	-1.354210e-09	-3.703177e+00	-9.365229e+01
1.740000e-06	-4.759609e-10	-1.336813e-09	-3.378640e+00	-9.242803e+01
1.750000e-06	-4.302061e-10	-1.321983e-09	-3.053847e+00	-9.117296e+01
1.760000e-06	-3.844188e-10	-1.308674e-09	-2.728823e+00	-8.988600e+01
1.770000e-06	-3.386028e-10	-1.290133e-09	-2.403596e+00	-8.856605e+01
1.780000e-06	-2.927626e-10	-1.264105e-09	-2.078196e+00	-8.721195e+01
1.790000e-06	-2.469026e-10	-1.236774e-09	-1.752656e+00	-8.582253e+01
1.800000e-06	-2.010316e-10	-1.212963e-09	-1.427038e+00	-8.439658e+01
1.810000e-06	-1.551568e-10	-1.191531e-09	-1.101394e+00	-8.293286e+01
1.820000e-06	-1.092828e-10	-1.169837e-09	-7.757541e-01	-8.143014e+01
1.830000e-06	-6.341340e-11	-1.148158e-09	-4.501474e-01	-7.988717e+01
1.840000e-06	-1.754656e-11	-1.127460e-09	-1.245588e-01	-7.830269e+01
1.850000e-06	2.832000e-11	-1.105761e-09	2.010277e-01	-7.667546e+01
1.860000e-06	7.418348e-11	-1.079894e-09	5.265923e-01	-7.500427e+01
1.870000e-06	1.200470e-10	-1.050253e-09	8.521573e-01	-7.328792e+01
1.880000e-06	1.659095e-10	-1.021244e-09	1.177714e+00	-7.152526e+01
1.890000e-06	2.117651e-10	-9.940071e-10	1.503223e+00	-6.971518e+01
1.900000e-06	2.576094e-10	-9.652992e-10	1.828652e+00	-6.785664e+01
1.910000e-06	3.034391e-10	-9.349683e-10	2.153976e+00	-6.594866e+01
1.920000e-06	3.492495e-10	-9.064599e-10	2.479164e+00	-6.399035e+01
1.930000e-06	3.950335e-10	-8.803854e-10	2.804165e+00	-6.198091e+01
1.940000e-06	4.407867e-10	-8.530143e-10	3.128946e+00	-5.991964e+01
1.950000e-06	4.865013e-10	-8.218193e-10	3.453454e+00	-5.780597e+01
1.960000e-06	5.321682e-10	-7.886621e-10	3.777623e+00	-5.563944e+01
1.970000e-06	5.777853e-10	-7.552542e-10	4.101439e+00	-5.341972e+01
1.980000e-06	6.233561e-10	-7.204592e-10	4.424925e+00	-5.114665e+01
1.990000e-06	6.688819e-10	-6.838240e-10	4.748092e+00	-4.882020e+01
2.000000e-06	7.143624e-10	-6.478211e-10	5.070938e+00	-4.644052e+01
2.010000e-06	7.598001e-10	-6.139600e-10	5.393479e+00	-4.400790e+01
2.020000e-06	8.051915e-10	-5.808255e-10	5.715692e+00	-4.152285e+01
2.030000e-06	8.505264e-10	-5.465236e-10	6.037504e+00	-3.898602e+01
2.040000e-06	8.957970e-10	-5.103618e-10	6.358859e+00	-3.639828e+01
2.050000e-06	9.409956e-10	-4.724951e-10	6.679703e+00	-3.376065e+01
2.060000e-06	9.861180e-10	-4.331715e-10	7.000006e+00	-3.107438e+01
2.070000e-06	1.031158e-09	-3.921869e-10	7.319725e+00	-2.834088e+01
2.080000e-06	1.076107e-09	-3.503395e-10	7.638797e+00	-2.556178e+01
2.090000e-06	1.120963e-09	-3.084735e-10	7.957210e+00	-2.273888e+01
2.100000e-06	1.165722e-09	-2.676084e-10	8.274930e+00	-1.987417e+01
2.110000e-06	1.210384e-09	-2.278035e-10	8.591968e+00	-1.696982e+01
2.120000e-06	1.254955e-09	-1.879626e-10	8.908357e+00	-1.402818e+01
2.130000e-06	1.299434e-09	-1.473846e-10	9.224094e+00	-1.105179e+01
2.140000e-06	1.343831e-09	-1.043399e-10	9.539250e+00	-8.043308e+00
2.150000e-06	1.388155e-09	-5.803637e-11	9.853884e+00	-5.005580e+00
2.160000e-06	1.432408e-09	-1.011891e-11	1.016802e+01	-1.941579e+00
2.170000e-06	1.476596e-09	3.715432e-11	1.048169e+01	1.145590e+00
2.180000e-06	1.520723e-09	8.276599e-11	1.079493e+01	4.252703e+00
2.190000e-06	1.564789e-09	1.264550e-10	1.110773e+01	7.376434e+00
2.200000e-06	1.608798e-09	1.689441e-10	1.142014e+01	1.051336e+01
2.210000e-06	1.652754e-09	2.129459e-10	1.173216e+01	1.366000e+01
2.220000e-06	1.696652e-09	2.598777e-10	1.204378e+01	1.681280e+01
2.230000e-06	1.740490e-09	3.084640e-10	1.235496e+01	1.996816e+01
2.240000e-06	1.784255e-09	3.568765e-10	1.266563e+01	2.312247e+01
2.250000e-06	1.827931e-09	4.039316e-10	1.297567e+01	2.627209e+01
2.260000e-06	1.871505e-09	4.499235e-10	1.328498e+01	2.941340e+01
2.270000e-06	1.914950e-09	4.954294e-10	1.359338e+01	3.254280e+01
2.280000e-06	1.958240e-09	5.401226e-10	1.390067e+01	3.565672e+01
2.290000e-06	2.001352e-09	5.845867e-10	1.420671e+01	3.875168e+01
2.300000e-06	2.044262e-09	6.307612e-10	1.451130e+01	4.182422e+01
2.310000e-06	2.086941e-09	6.778077e-10	1.481426e+01	4.487102e+01
2.320000e-06	2.129361e-09	7.233731e-10	1.511538e+01	4.788883e+01
2.330000e-06	2.171503e-09	7.666447e-10	1.541452e+01	5.087451e+01
2.340000e-06	2.213353e-09	8.076514e-10	1.571159e+01	5.382509e+01
2.350000e-06	2.254908e-09	8.478219e-10	1.600657e+01	5.673770e+01
2.360000e-06	2.296175e-09	8.890595e-10	1.629950e+01	5.960964e+01
2.370000e-06	2.337173e-09	9.313064e-10	1.659053e+01	6.243836e+01
2.380000e-06	2.377929e-09	9.737378e-10	1.687983e+01	6.522152e+01
2.390000e-06	2.418474e-09	1.015522e-09	1.716765e+01	6.795690e+01
2.400000e-06	2.458845e-09	1.055111e-09	1.745422e+01	7.064252e+01
2.410000e-06	2.499071e-09	1.091486e-09	1.773977e+01	7.327656e+01
2.420000e-06	2.539178e-09	1.125210e-09	1.802447e+01	7.585739e+01
2.430000e-06	2.579184e-09	1.158599e-09	1.830846e+01	7.838361e+01
2.440000e-06	2.619095e-09	1.192836e-09	1.859177e+01	8.085397e+01
2.450000e-06	2.658904e-09	1.227302e-09	1.887436e+01	8.326745e+01
2.460000e-06	2.698600e-09	1.261994e-09	1.915614e+01	8.562322e+01
2.470000e-06	2.738155e-09	1.296910e-09	1.943692e+01	8.792064e+01
2.480000e-06	2.777535e-09	1.330796e-09	1.971646e+01	9.015925e+01
2.490000e-06	2.816711e-09	1.362169e-09	1.999456e+01	9.233878e+01
2.500000e-06	2.855662e-09	1.390989e-09	2.027105e+01	9.445915e+01
2.510000e-06	2.894379e-09	1.418589e-09	2.054589e+01	9.652043e+01
2.520000e-06	2.932874e-09	1.446350e-09	2.081915e+01	9.852286e+01
2.530000e-06	2.971165e-09	1.474533e-09	2.109096e+01	1.004668e+02
2.540000e-06	3.009266e-09	1.502603e-09	2.136142e+01	1.023529e+02
2.550000e-06	3.047185e-09	1.531324e-09	2.163059e+01	1.041817e+02
2.560000e-06	3.084924e-09	1.559649e-09	2.189848e+01	1.059540e+02
2.570000e-06	3.122465e-09	1.584187e-09	2.216497e+01	1.076707e+02
2.580000e-06	3.159784e-09	1.605457e-09	2.242988e+01	1.093329e+02
2.590000e-06	3.196863e-09	1.625970e-09	2.269309e+01	1.109416e+02
2.600000e-06	3.233693e-09	1.646850e-09	2.295453e+01	1.124980e+02
2.610000e-06	3.270278e-09	1.668565e-09	2.321423e+01	1.140033e+02
2.620000e-06	3.306651e-09	1.690390e-09	2.347242e+01	1.154587e+02
2.630000e-06	3.342849e-09	1.711738e-09	2.372937e+01	1.168657e+02
2.640000e-06	3.378903e-09	1.732163e-09	2.398531e+01	1.182256e+02
2.650000e-06	3.414834e-09	1.750237e-09	2.424037e+01	1.195397e+02
2.660000e-06	3.450637e-09	1.765727e-09	2.449452e+01	1.208094e+02
2.670000e-06	3.486280e-09	1.781065e-09	2.474753e+01	1.220361e+02
2.680000e-06	3.521710e-09	1.797821e-09	2.499903e+01	1.232213e+02
2.690000e-06	3.556855e-09	1.814263e-09	2.524851e+01	1.243662e+02
2.700000e-06	3.591640e-09	1.829714e-09	2.549543e+01	1.254722e+02
2.710000e-06	3.626009e-09	1.846235e-09	2.573940e+01	1.265406e+02
2.720000e-06	3.659923e-09	1.864271e-09	2.598014e+01	1.275727e+02
2.730000e-06	3.693377e-09	1.880812e-09	2.621761e+01	1.285698e+02
2.740000e-06	3.726411e-09	1.893577e-09	2.645210e+01	1.295329e+02
2.750000e-06	3.759083e-09	1.905089e-09	2.668403e+01	1.304634e+02
2.760000e-06	3.791468e-09	1.918108e-09	2.691391e+01	1.313623e+02
2.770000e-06	3.823641e-09	1.931148e-09	2.714230e+01	1.322306e+02
2.780000e-06	3.855648e-09	1.942561e-09	2.736950e+01	1.330694e+02
2.790000e-06	3.887505e-09	1.953683e-09	2.759564e+01	1.338796e+02
2.800000e-06	3.919189e-09	1.966074e-09	2.782055e+01	1.346621e+02
2.810000e-06	3.950654e-09	1.978903e-09	2.804391e+01	1.354178e+02
2.820000e-06	3.981851e-09	1.989075e-09	2.826536e+01	1.361475e+02
2.830000e-06	4.012742e-09	1.996501e-09	2.848464e+01	1.368519e+02
2.840000e-06	4.043318e-09	2.005478e-09	2.870168e+01	1.375319e+02
2.850000e-06	4.073600e-09	2.017571e-09	2.891664e+01	1.381879e+02
2.860000e-06	4.103622e-09	2.029798e-09	2.912976e+01	1.388209e+02
2.870000e-06	4.133402e-09	2.039550e-09	2.934115e+01	1.394313e+02
2.880000e-06	4.162927e-09	2.046961e-09	2.955073e+01	1.400197e+02
2.890000e-06	4.192170e-09	2.053081e-09	2.975832e+01	1.405868e+02
2.900000e-06	4.221107e-09	2.058138e-09	2.996373e+01	1.411331e+02
2.910000e-06	4.249741e-09	2.061948e-09	3.016699e+01	1.416592e+02
2.920000e-06	4.278109e-09	2.066817e-09	3.036836e+01	1.421655e+02
2.930000e-06	4.306264e-09	2.075805e-09	3.056823e+01	1.426527e+02
2.940000e-06	4.334252e-09	2.088198e-09	3.076690e+01	1.431212e+02
2.950000e-06	4.362077e-09	2.099843e-09	3.096442e+01	1.435716e+02
2.960000e-06	4.389693e-09	2.107862e-09	3.116045e+01	1.440044e+02
2.970000e-06	4.417007e-09	2.112408e-09	3.135434e+01	1.444201e+02
2.980000e-06	4.443906e-09	2.114823e-09	3.154528e+01	1.448193e+02
2.990000e-06	4.470287e-09	2.116846e-09	3.173255e+01	1.452026e+02
3.000000e-06	4.496098e-09	2.120655e-09	3.191577e+01	1.455704e+02
3.010000e-06	4.521356e-09	2.127844e-09	3.209506e+01	1.459234e+02
3.020000e-06	4.546137e-09	2.137893e-09	3.227097e+01	1.462621e+02
3.030000e-06	4.570549e-09	2.148450e-09	3.244426e+01	1.465872e+02
3.040000e-06	4.594690e-09	2.156460e-09	3.261562e+01	1.468991e+02
3.050000e-06	4.618603e-09	2.159808e-09	3.278537e+01	1.471986e+02
3.060000e-06	4.642276e-09	2.160159e-09	3.295342e+01	1.474862e+02
3.070000e-06	4.665662e-09	2.161593e-09	3.311942e+01	1.477625e+02
3.080000e-06	4.688716e-09	2.165694e-09	3.328307e+01	1.480281e+02
3.090000e-06	4.711421e-09	2.172557e-09	3.344424e+01	1.482836e+02
3.100000e-06	4.733796e-09	2.181802e-09	3.360308e+01	1.485296e+02
3.110000e-06	4.755875e-09	2.190099e-09	3.375981e+01	1.487668e+02
3.120000e-06	4.777664e-09	2.194428e-09	3.391448e+01	1.489956e+02
3.130000e-06	4.799140e-09	2.196060e-09	3.406692e+01	1.492166e+02
3.140000e-06	4.820270e-09	2.198314e-09	3.421692e+01	1.494304e+02
3.150000e-06	4.841046e-09	2.201485e-09	3.436440e+01	1.496374e+02
3.160000e-06	4.861501e-09	2.203003e-09	3.450960e+01	1.498382e+02
3.170000e-06	4.881702e-09	2.204115e-09	3.465299e+01	1.500332e+02
3.180000e-06	4.901701e-09	2.208970e-09	3.479496e+01	1.502227e+02
3.190000e-06	4.921503e-09	2.217806e-09	3.493553e+01	1.504073e+02
3.200000e-06	4.941050e-09	2.225675e-09	3.507429e+01	1.505872e+02
3.210000e-06	4.960261e-09	2.229157e-09	3.521065e+01	1.507627e+02
3.220000e-06	4.979060e-09	2.230815e-09	3.534410e+01	1.509340e+02
3.230000e-06	4.997410e-09	2.233060e-09	3.547435e+01	1.511015e+02
3.240000e-06	5.015327e-09	2.234667e-09	3.560154e+01	1.512652e+02
3.250000e-06	5.032871e-09	2.235362e-09	3.572608e+01	1.514253e+02
3.260000e-06	5.050106e-09	2.237878e-09	3.584842e+01	1.515818e+02
3.270000e-06	5.067064e-09	2.243499e-09	3.596880e+01	1.517348e+02
3.280000e-06	5.083720e-09	2.248676e-09	3.608703e+01	1.518842e+02
3.290000e-06	5.100009e-09	2.250077e-09	3.620266e+01	1.520301e+02
3.300000e-06	5.115858e-09	2.249266e-09	3.631517e+01	1.521722e+02
3.310000e-06	5.131215e-09	2.250334e-09	3.642418e+01	1.523105e+02
3.320000e-06	5.146089e-09	2.253708e-09	3.652976e+01	1.524449e+02
3.330000e-06	5.160536e-09	2.256260e-09	3.663231e+01	1.525750e+02
3.340000e-06	5.174612e-09	2.258855e-09	3.673223e+01	1.527008e+02
3.350000e-06	5.188339e-09	2.263930e-09	3.682967e+01	1.528219e+02
3.360000e-06	5.201705e-09	2.268084e-09	3.692455e+01	1.529382e+02
3.370000e-06	5.214681e-09	2.267607e-09	3.701666e+01	1.530492e+02
3.380000e-06	5.227274e-09	2.265247e-09	3.710605e+01	1.531549e+02
3.390000e-06	5.239523e-09	2.266744e-09	3.719300e+01	1.532548e+02
3.400000e-06	5.251447e-09	2.272544e-09	3.727764e+01	1.533487e+02
3.410000e-06	5.263011e-09	2.277215e-09	3.735973e+01	1.534365e+02
3.420000e-06	5.274121e-09	2.279368e-09	3.743860e+01	1.535177e+02
3.430000e-06	5.284663e-09	2.282771e-09	3.751343e+01	1.535923e+02
3.440000e-06	5.294567e-09	2.287447e-09	3.758374e+01	1.536599e+02
3.450000e-06	5.303845e-09	2.289645e-09	3.764960e+01	1.537205e+02
3.460000e-06	5.312590e-09	2.288401e-09	3.771167e+01	1.537739e+02
3.470000e-06	5.320943e-09	2.287111e-09	3.777097e+01	1.538200e+02
3.480000e-06	5.329017e-09	2.289217e-09	3.782828e+01	1.538587e+02
3.490000e-06	5.336855e-09	2.292418e-09	3.788392e+01	1.538901e+02
3.500000e-06	5.344426e-09	2.293701e-09	3.793766e+01	1.539141e+02
3.510000e-06	5.351658e-09	2.295026e-09	3.798900e+01	1.539310e+02
3.520000e-06	5.358505e-09	2.297736e-09	3.803761e+01	1.539407e+02
3.530000e-06	5.364974e-09	2.299598e-09	3.808353e+01	1.539435e+02
3.540000e-06	5.371084e-09	2.299439e-09	3.812690e+01	1.539396e+02
3.550000e-06	5.376839e-09	2.299179e-09	3.816774e+01	1.539293e+02
3.560000e-06	5.382214e-09	2.300522e-09	3.820590e+01	1.539130e+02
3.570000e-06	5.387187e-09	2.302587e-09	3.824120e+01	1.538910e+02
3.580000e-06	5.391782e-09	2.302854e-09	3.827382e+01	1.538637e+02
3.590000e-06	5.396069e-09	2.301375e-09	3.830425e+01	1.538317e+02
3.600000e-06	5.400119e-09	2.301411e-09	3.833300e+01	1.537954e+02
3.610000e-06	5.403943e-09	2.303061e-09	3.836015e+01	1.537554e+02
3.620000e-06	5.407479e-09	2.303679e-09	3.838525e+01	1.537122e+02
3.630000e-06	5.410613e-09	2.303766e-09	3.840750e+01	1.536665e+02
3.640000e-06	5.413216e-09	2.306936e-09	3.842597e+01	1.536188e+02
3.650000e-06	5.415205e-09	2.312616e-09	3.844009e+01	1.535698e+02
3.660000e-06	5.416582e-09	2.315188e-09	3.844986e+01	1.535201e+02
3.670000e-06	5.417425e-09	2.313722e-09	3.845585e+01	1.534703e+02
3.680000e-06	5.417862e-09	2.311465e-09	3.845895e+01	1.534210e+02
3.690000e-06	5.418003e-09	2.309130e-09	3.845995e+01	1.533729e+02
3.700000e-06	5.417902e-09	2.306201e-09	3.845923e+01	1.533266e+02
3.710000e-06	5.417538e-09	2.303587e-09	3.845665e+01	1.532826e+02
3.720000e-06	5.416845e-09	2.304836e-09	3.845173e+01	1.532414e+02
3.730000e-06	5.415770e-09	2.311337e-09	3.844410e+01	1.532035e+02
3.740000e-06	5.414318e-09	2.316865e-09	3.843379e+01	1.531694e+02
3.750000e-06	5.412534e-09	2.312429e-09	3.842113e+01	1.531395e+02
3.760000e-06	5.410449e-09	2.300181e-09	3.840633e+01	1.531142e+02
3.770000e-06	5.408048e-09	2.310878e-09	3.838929e+01	1.530936e+02
3.780000e-06	5.405272e-09	2.340889e-09	3.836958e+01	1.530781e+02
3.790000e-06	5.402044e-09	2.291215e-09	3.834667e+01	1.530678e+02
3.800000e-06	5.398368e-09	2.196998e-09	3.832057e+01	1.530629e+02
3.810000e-06	5.394376e-09	2.242259e-09	3.829223e+01	1.530632e+02
3.820000e-06	5.390210e-09	2.350834e-09	3.826266e+01	1.530688e+02
3.830000e-06	5.385817e-09	2.327604e-09	3.823147e+01	1.530796e+02
3.840000e-06	5.380952e-09	2.217568e-09	3.819694e+01	1.530954e+02
3.850000e-06	5.375470e-09	2.253333e-09	3.815803e+01	1.531160e+02
3.860000e-06	5.369479e-09	2.398960e-09	3.811550e+01	1.531409e+02
3.870000e-06	5.363099e-09	2.336597e-09	3.807021e+01	1.531699e+02
3.880000e-06	5.356260e-09	2.168495e-09	3.802167e+01	1.532025e+02
3.890000e-06	5.348903e-09	2.224416e-09	3.796944e+01	1.532381e+02
3.900000e-06	5.341132e-09	2.390285e-09	3.791428e+01	1.532762e+02
3.910000e-06	5.333062e-09	2.317557e-09	3.785700e+01	1.533163e+02
3.920000e-06	5.324676e-09	2.175922e-09	3.779746e+01	1.533577e+02
3.930000e-06	5.315950e-09	2.292727e-09	3.773552e+01	1.533996e+02
3.940000e-06	5.306907e-09	2.420451e-09	3.767134e+01	1.534413e+02
3.950000e-06	5.297523e-09	2.284799e-09	3.760472e+01	1.534822e+02
3.960000e-06	5.287744e-09	2.188061e-09	3.753530e+01	1.535214e+02
3.970000e-06	5.277581e-09	2.347032e-09	3.746316e+01	1.535583e+02
3.980000e-06	5.267064e-09	2.405188e-09	3.738850e+01	1.535919e+02
3.990000e-06	5.256167e-09	2.256756e-09	3.731115e+01	1.536216e+02
4.000000e-06	5.244867e-09	2.268065e-09	3.723094e+01	1.536465e+02
4.010000e-06	5.233186e-09	2.427867e-09	3.714802e+01	1.536660e+02
4.020000e-06	5.221125e-09	2.376576e-09	3.706241e+01	1.536794e+02
4.030000e-06	5.208652e-09	2.247512e-09	3.697387e+01	1.536858e+02
4.040000e-06	5.195747e-09	2.338316e-09	3.688226e+01	1.536848e+02
4.050000e-06	5.182347e-09	2.424909e-09	3.678714e+01	1.536756e+02
4.060000e-06	5.168325e-09	2.317470e-09	3.668761e+01	1.536578e+02
4.070000e-06	5.153644e-09	2.291636e-09	3.658339e+01	1.536308e+02
4.080000e-06	5.138427e-09	2.390635e-09	3.647537e+01	1.535942e+02
4.090000e-06	5.122830e-09	2.362664e-09	3.636466e+01	1.535476e+02
4.100000e-06	5.106947e-09	2.294314e-09	3.625191e+01	1.534906e+02
4.110000e-06	5.090816e-09	2.347608e-09	3.613740e+01	1.534231e+02
4.120000e-06	5.074415e-09	2.358816e-09	3.602098e+01	1.533448e+02
4.130000e-06	5.057673e-09	2.297165e-09	3.590213e+01	1.532556e+02
4.140000e-06	5.040545e-09	2.326661e-09	3.578055e+01	1.531554e+02
4.150000e-06	5.023054e-09	2.367016e-09	3.565639e+01	1.530444e+02
4.160000e-06	5.005236e-09	2.311706e-09	3.552991e+01	1.529224e+02
4.170000e-06	4.987113e-09	2.293833e-09	3.540126e+01	1.527897e+02
4.180000e-06	4.968667e-09	2.338911e-09	3.527032e+01	1.526466e+02
4.190000e-06	4.949860e-09	2.327525e-09	3.513682e+01	1.524932e+02
4.200000e-06	4.930681e-09	2.299478e-09	3.500067e+01	1.523298e+02
4.210000e-06	4.911178e-09	2.309441e-09	3.486223e+01	1.521569e+02
4.220000e-06	4.891426e-09	2.311869e-09	3.472202e+01	1.519749e+02
4.230000e-06	4.871468e-09	2.308101e-09	3.458035e+01	1.517842e+02
4.240000e-06	4.851304e-09	2.310708e-09	3.443721e+01	1.515853e+02
4.250000e-06	4.830870e-09	2.295662e-09	3.429216e+01	1.513788e+02
4.260000e-06	4.810053e-09	2.295170e-09	3.414439e+01	1.511651e+02
4.270000e-06	4.788738e-09	2.312400e-09	3.399308e+01	1.509449e+02
4.280000e-06	4.766848e-09	2.304466e-09	3.383770e+01	1.507186e+02
4.290000e-06	4.744372e-09	2.292758e-09	3.367816e+01	1.504870e+02
4.300000e-06	4.721381e-09	2.300478e-09	3.351495e+01	1.502505e+02
4.310000e-06	4.697979e-09	2.298148e-09	3.334883e+01	1.500098e+02
4.320000e-06	4.674271e-09	2.294729e-09	3.318054e+01	1.497653e+02
4.330000e-06	4.650331e-09	2.295309e-09	3.301060e+01	1.495176e+02
4.340000e-06	4.626179e-09	2.282879e-09	3.283915e+01	1.492673e+02
4.350000e-06	4.601787e-09	2.285007e-09	3.266600e+01	1.490148e+02
4.360000e-06	4.577103e-09	2.302134e-09	3.249078e+01	1.487605e+02
4.370000e-06	4.552087e-09	2.288854e-09	3.231321e+01	1.485050e+02
4.380000e-06	4.526732e-09	2.269680e-09	3.213322e+01	1.482484e+02
4.390000e-06	4.501054e-09	2.279438e-09	3.195095e+01	1.479913e+02
4.400000e-06	4.475070e-09	2.285994e-09	3.176650e+01	1.477337e+02
4.410000e-06	4.448782e-09	2.275301e-09	3.157989e+01	1.474761e+02
4.420000e-06	4.422186e-09	2.269712e-09	3.139110e+01	1.472185e+02
4.430000e-06	4.395273e-09	2.272511e-09	3.120005e+01	1.469612e+02
4.440000e-06	4.368045e-09	2.278068e-09	3.100678e+01	1.467041e+02
4.450000e-06	4.340531e-09	2.276271e-09	3.081147e+01	1.464473e+02
4.460000e-06	4.312785e-09	2.261511e-09	3.061451e+01	1.461909e+02
4.470000e-06	4.284856e-09	2.254626e-09	3.041625e+01	1.459347e+02
4.480000e-06	4.256752e-09	2.261244e-09	3.021676e+01	1.456786e+02
4.490000e-06	4.228431e-09	2.260909e-09	3.001572e+01	1.454226e+02
4.500000e-06	4.199817e-09	2.252920e-09	2.981260e+01	1.451664e+02
4.510000e-06	4.170826e-09	2.250698e-09	2.960681e+01	1.449097e+02
4.520000e-06	4.141372e-09	2.251773e-09	2.939773e+01	1.446525e+02
4.530000e-06	4.111395e-09	2.250264e-09	2.918494e+01	1.443943e+02
4.540000e-06	4.080906e-09	2.242746e-09	2.896851e+01	1.441349e+02
4.550000e-06	4.049968e-09	2.233406e-09	2.874890e+01	1.438739e+02
4.560000e-06	4.018663e-09	2.230163e-09	2.852668e+01	1.436111e+02
4.570000e-06	3.987080e-09	2.231833e-09	2.830249e+01	1.433461e+02
4.580000e-06	3.955286e-09	2.228227e-09	2.807679e+01	1.430785e+02
4.590000e-06	3.923321e-09	2.219997e-09	2.784989e+01	1.428080e+02
4.600000e-06	3.891188e-09	2.216748e-09	2.762179e+01	1.425342e+02
4.610000e-06	3.858855e-09	2.220883e-09	2.739227e+01	1.422569e+02
4.620000e-06	3.826280e-09	2.220770e-09	2.716103e+01	1.419756e+02
4.630000e-06	3.793429e-09	2.211473e-09	2.692784e+01	1.416902e+02
4.640000e-06	3.760303e-09	2.204540e-09	2.669269e+01	1.414002e+02
4.650000e-06	3.726914e-09	2.205748e-09	2.645568e+01	1.411054e+02
4.660000e-06	3.693278e-09	2.203840e-09	2.621691e+01	1.408056e+02
4.670000e-06	3.659413e-09	2.194048e-09	2.597652e+01	1.405005e+02
4.680000e-06	3.625319e-09	2.185342e-09	2.573450e+01	1.401899e+02
4.690000e-06	3.590988e-09	2.183620e-09	2.549080e+01	1.398737e+02
4.700000e-06	3.556400e-09	2.182490e-09	2.524528e+01	1.395518e+02
4.710000e-06	3.521545e-09	2.175758e-09	2.499786e+01	1.392240e+02
4.720000e-06	3.486429e-09	2.169307e-09	2.474858e+01	1.388902e+02
4.730000e-06	3.451074e-09	2.168472e-09	2.449762e+01	1.385504e+02
4.740000e-06	3.415511e-09	2.167542e-09	2.424517e+01	1.382046e+02
4.750000e-06	3.379776e-09	2.161200e-09	2.399150e+01	1.378527e+02
4.760000e-06	3.343896e-09	2.152747e-09	2.373681e+01	1.374948e+02
4.770000e-06	3.307888e-09	2.147804e-09	2.348120e+01	1.371309e+02
4.780000e-06	3.271742e-09	2.146707e-09	2.322462e+01	1.367611e+02
4.790000e-06	3.235425e-09	2.144906e-09	2.296681e+01	1.363855e+02
4.800000e-06	3.198888e-09	2.140664e-09	2.270746e+01	1.360041e+02
4.810000e-06	3.162087e-09	2.136906e-09	2.244622e+01	1.356170e+02
4.820000e-06	3.124967e-09	2.134648e-09	2.218273e+01	1.352244e+02
4.830000e-06	3.087476e-09	2.129336e-09	2.191660e+01	1.348263e+02
4.840000e-06	3.049594e-09	2.120348e-09	2.164769e+01	1.344228e+02
4.850000e-06	3.011331e-09	2.112243e-09	2.137608e+01	1.340141e+02
4.860000e-06	2.972706e-09	2.108883e-09	2.110190e+01	1.336002e+02
4.870000e-06	2.933753e-09	2.107978e-09	2.082539e+01	1.331812e+02
4.880000e-06	2.894511e-09	2.104323e-09	2.054684e+01	1.327571e+02
4.890000e-06	2.855035e-09	2.097749e-09	2.026661e+01	1.323281e+02
4.900000e-06	2.815371e-09	2.091469e-09	1.998505e+01	1.318940e+02
4.910000e-06	2.775555e-09	2.084907e-09	1.970242e+01	1.314550e+02
4.920000e-06	2.735619e-09	2.076589e-09	1.941893e+01	1.310109e+02
4.930000e-06	2.695575e-09	2.068016e-09	1.913467e+01	1.305618e+02
4.940000e-06	2.655422e-09	2.062142e-09	1.884964e+01	1.301074e+02
4.950000e-06	2.615148e-09	2.058156e-09	1.856376e+01	1.296479e+02
4.960000e-06	2.574737e-09	2.053481e-09	1.827689e+01	1.291828e+02
4.970000e-06	2.534173e-09	2.047687e-09	1.798895e+01	1.287122e+02
4.980000e-06	2.493445e-09	2.042287e-09	1.769984e+01	1.282358e+02
4.990000e-06	2.452544e-09	2.036900e-09	1.740950e+01	1.277532e+02
5.000000e-06	2.411468e-09	2.028824e-09	1.711792e+01	1.272644e+02
5.010000e-06	2.370216e-09	2.018739e-09	1.682509e+01	1.267689e+02
5.020000e-06	2.328793e-09	2.010732e-09	1.653105e+01	1.262665e+02
5.030000e-06	2.287206e-09	2.005397e-09	1.623584e+01	1.257567e+02
5.040000e-06	2.245458e-09	2.000522e-09	1.593950e+01	1.252393e+02
5.050000e-06	2.203556e-09	1.995977e-09	1.564205e+01	1.247138e+02
5.060000e-06	2.161500e-09	1.992328e-09	1.534351e+01	1.241797e+02
5.070000e-06	2.119298e-09	1.987871e-09	1.504394e+01	1.236367e+02
5.080000e-06	2.076959e-09	1.980043e-09	1.474339e+01	1.230843e+02
5.090000e-06	2.034476e-09	1.969753e-09	1.444183e+01	1.225221e+02
5.100000e-06	1.991843e-09	1.960141e-09	1.413919e+01	1.219495e+02
5.110000e-06	1.949062e-09	1.951479e-09	1.383551e+01	1.213662e+02
5.120000e-06	1.906137e-09	1.942293e-09	1.353081e+01	1.207715e+02
5.130000e-06	1.863067e-09	1.932963e-09	1.322507e+01	1.201651e+02
5.140000e-06	1.819858e-09	1.924751e-09	1.291835e+01	1.195464e+02
5.150000e-06	1.776522e-09	1.917610e-09	1.261073e+01	1.189149e+02
5.160000e-06	1.733063e-09	1.908183e-09	1.230224e+01	1.182703e+02
5.170000e-06	1.689493e-09	1.895952e-09	1.199295e+01	1.176119e+02
5.180000e-06	1.645827e-09	1.883892e-09	1.168298e+01	1.169394e+02
5.190000e-06	1.602079e-09	1.874318e-09	1.137243e+01	1.162522e+02
5.200000e-06	1.558258e-09	1.866336e-09	1.106137e+01	1.155499e+02
5.210000e-06	1.514372e-09	1.857959e-09	1.074984e+01	1.148321e+02
5.220000e-06	1.470430e-09	1.849596e-09	1.043791e+01	1.140982e+02
5.230000e-06	1.426440e-09	1.840856e-09	1.012565e+01	1.133479e+02
5.240000e-06	1.382407e-09	1.829214e-09	9.813076e+00	1.125807e+02
5.250000e-06	1.338331e-09	1.814245e-09	9.500197e+00	1.117962e+02
5.260000e-06	1.294212e-09	1.799885e-09	9.187013e+00	1.109938e+02
5.270000e-06	1.250045e-09	1.788761e-09	8.873488e+00	1.101732e+02
5.280000e-06	1.205825e-09	1.779422e-09	8.559593e+00	1.093339e+02
5.290000e-06	1.161549e-09	1.769780e-09	8.245297e+00	1.084755e+02
5.300000e-06	1.117205e-09	1.760041e-09	7.930516e+00	1.075973e+02
5.310000e-06	1.072785e-09	1.748671e-09	7.615198e+00	1.066990e+02
5.320000e-06	1.028286e-09	1.732414e-09	7.299317e+00	1.057801e+02
5.330000e-06	9.837103e-10	1.711351e-09	6.982898e+00	1.048399e+02
5.340000e-06	9.390636e-10	1.689954e-09	6.665971e+00	1.038779e+02
5.350000e-06	8.943511e-10	1.671851e-09	6.348577e+00	1.028935e+02
5.360000e-06	8.495759e-10	1.658092e-09	6.030739e+00	1.018861e+02
5.370000e-06	8.047323e-10	1.648457e-09	5.712416e+00	1.008550e+02
5.380000e-06	7.598244e-10	1.640773e-09	5.393636e+00	9.979945e+01
5.390000e-06	7.148568e-10	1.632266e-09	5.074432e+00	9.871874e+01
5.400000e-06	6.698330e-10	1.619151e-09	4.754829e+00	9.761206e+01
5.410000e-06	6.247551e-10	1.598424e-09	4.434843e+00	9.647858e+01
5.420000e-06	5.796248e-10	1.571220e-09	4.114484e+00	9.531739e+01
5.430000e-06	5.344468e-10	1.543387e-09	3.793787e+00	9.412757e+01
5.440000e-06	4.892178e-10	1.520271e-09	3.472728e+00	9.290814e+01
5.450000e-06	4.439348e-10	1.502681e-09	3.151285e+00	9.165808e+01
5.460000e-06	3.986040e-10	1.488647e-09	2.829503e+00	9.037631e+01
5.470000e-06	3.532356e-10	1.476144e-09	2.507455e+00	8.906174e+01
5.480000e-06	3.078363e-10	1.462201e-09	2.185187e+00	8.771322e+01
5.490000e-06	2.624121e-10	1.442668e-09	1.862742e+00	8.632957e+01
5.500000e-06	2.169771e-10	1.414693e-09	1.540220e+00	8.490959e+01
5.510000e-06	1.715439e-10	1.381801e-09	1.217712e+00	8.345206e+01
5.520000e-06	1.261093e-10	1.350945e-09	8.951937e-01	8.195574e+01
5.530000e-06	8.066896e-11	1.324482e-09	5.726340e-01	8.041937e+01
5.540000e-06	3.522304e-11	1.301297e-09	2.500350e-01	7.884171e+01
5.550000e-06	-1.022572e-11	1.280889e-09	-7.258423e-02	7.722152e+01
5.560000e-06	-5.567456e-11	1.260592e-09	-3.952040e-01	7.555757e+01
5.570000e-06	-1.011194e-10	1.236324e-09	-7.177951e-01	7.384866e+01
5.580000e-06	-1.465577e-10	1.206421e-09	-1.040340e+00	7.209364e+01
5.590000e-06	-1.919875e-10	1.172443e-09	-1.362825e+00	7.029140e+01
5.600000e-06	-2.374016e-10	1.137592e-09	-1.685198e+00	6.844087e+01
5.610000e-06	-2.827949e-10	1.104039e-09	-2.007423e+00	6.654106e+01
5.620000e-06	-3.281657e-10	1.072193e-09	-2.329489e+00	6.459109e+01
5.630000e-06	-3.735067e-10	1.041295e-09	-2.651344e+00	6.259011e+01
5.640000e-06	-4.188102e-10	1.010925e-09	-2.972932e+00	6.053744e+01
5.650000e-06	-4.640705e-10	9.791894e-10	-3.294213e+00	5.843246e+01
5.660000e-06	-5.092768e-10	9.429156e-10	-3.615111e+00	5.627469e+01
5.670000e-06	-5.544239e-10	9.030227e-10	-3.935589e+00	5.406381e+01
5.680000e-06	-5.995140e-10	8.629263e-10	-4.255662e+00	5.179959e+01
5.690000e-06	-6.445437e-10	8.239147e-10	-4.575307e+00	4.948201e+01
5.700000e-06	-6.895140e-10	7.865186e-10	-4.894530e+00	4.711117e+01
5.710000e-06	-7.344290e-10	7.496573e-10	-5.213360e+00	4.468735e+01
5.720000e-06	-7.792890e-10	7.114478e-10	-5.531800e+00	4.221101e+01
5.730000e-06	-8.240926e-10	6.718766e-10	-5.849840e+00	3.968279e+01
5.740000e-06	-8.688375e-10	6.314294e-10	-6.167463e+00	3.710350e+01
5.750000e-06	-9.135161e-10	5.897662e-10	-6.484615e+00	3.447416e+01
5.760000e-06	-9.581192e-10	5.470247e-10	-6.801232e+00	3.179596e+01
5.770000e-06	-1.002643e-09	5.038177e-10	-7.117288e+00	2.907031e+01
5.780000e-06	-1.047090e-09	4.607221e-10	-7.432795e+00	2.629877e+01
5.790000e-06	-1.091462e-09	4.181573e-10	-7.747777e+00	2.348313e+01
5.800000e-06	-1.135769e-09	3.754055e-10	-8.062293e+00	2.062535e+01
5.810000e-06	-1.180019e-09	3.308136e-10	-8.376400e+00	1.772756e+01
5.820000e-06	-1.224211e-09	2.839978e-10	-8.690100e+00	1.479209e+01
5.830000e-06	-1.268352e-09	2.353591e-10	-9.003440e+00	1.182143e+01
5.840000e-06	-1.312450e-09	1.868184e-10	-9.316477e+00	8.818242e+00
5.850000e-06	-1.356506e-09	1.406148e-10	-9.629210e+00	5.785322e+00
5.860000e-06	-1.400518e-09	9.586767e-11	-9.941634e+00	2.725628e+00
5.870000e-06	-1.444489e-09	4.960639e-11	-1.025376e+01	-3.577586e-01
5.880000e-06	-1.488416e-09	1.395673e-12	-1.056558e+01	-3.461633e+00
5.890000e-06	-1.532292e-09	-4.888690e-11	-1.087705e+01	-6.582685e+00
5.900000e-06	-1.576110e-09	-1.025871e-10	-1.118809e+01	-9.717514e+00
5.910000e-06	-1.619861e-09	-1.578705e-10	-1.149866e+01	-1.286264e+01
5.920000e-06	-1.663530e-09	-2.114365e-10	-1.180865e+01	-1.601452e+01
5.930000e-06	-1.707103e-09	-2.608523e-10	-1.211795e+01	-1.916958e+01
5.940000e-06	-1.750565e-09	-3.069496e-10	-1.242647e+01	-2.232418e+01
5.950000e-06	-1.793901e-09	-3.542174e-10	-1.273409e+01	-2.547471e+01
5.960000e-06	-1.837097e-09	-4.043224e-10	-1.304072e+01	-2.861754e+01
5.970000e-06	-1.880151e-09	-4.555947e-10	-1.334634e+01	-3.174907e+01
5.980000e-06	-1.923058e-09	-5.063337e-10	-1.365091e+01	-3.486572e+01
5.990000e-06	-1.965817e-09	-5.555513e-10	-1.395444e+01	-3.796399e+01
6.000000e-06	-2.008429e-09	-6.034803e-10	-1.425693e+01	-4.104043e+01
6.010000e-06	-2.050898e-09	-6.502600e-10	-1.455840e+01	-4.409168e+01
6.020000e-06	-2.093230e-09	-6.970931e-10	-1.485889e+01	-4.711448e+01
6.030000e-06	-2.135425e-09	-7.455353e-10	-1.515841e+01	-5.010569e+01
6.040000e-06	-2.177485e-09	-7.958938e-10	-1.545698e+01	-5.306228e+01
6.050000e-06	-2.219407e-09	-8.458876e-10	-1.575456e+01	-5.598139e+01
6.060000e-06	-2.261183e-09	-8.925325e-10	-1.605112e+01	-5.886027e+01
6.070000e-06	-2.302803e-09	-9.367825e-10	-1.634656e+01	-6.169638e+01
6.080000e-06	-2.344252e-09	-9.819811e-10	-1.664079e+01	-6.448730e+01
6.090000e-06	-2.385515e-09	-1.027952e-09	-1.693369e+01	-6.723081e+01
6.100000e-06	-2.426577e-09	-1.071735e-09	-1.722517e+01	-6.992490e+01
6.110000e-06	-2.467434e-09	-1.113484e-09	-1.751519e+01	-7.256770e+01
6.120000e-06	-2.508099e-09	-1.155694e-09	-1.780386e+01	-7.515756e+01
6.130000e-06	-2.548591e-09	-1.198048e-09	-1.809129e+01	-7.769304e+01
6.140000e-06	-2.588928e-09	-1.238461e-09	-1.837763e+01	-8.017286e+01
6.150000e-06	-2.629136e-09	-1.276595e-09	-1.866304e+01	-8.259598e+01
6.160000e-06	-2.669233e-09	-1.313694e-09	-1.894768e+01	-8.496152e+01
6.170000e-06	-2.709233e-09	-1.351248e-09	-1.923162e+01	-8.726880e+01
6.180000e-06	-2.749141e-09	-1.388832e-09	-1.951491e+01	-8.951735e+01
6.190000e-06	-2.788944e-09	-1.424448e-09	-1.979746e+01	-9.170687e+01
6.200000e-06	-2.828615e-09	-1.458791e-09	-2.007906e+01	-9.383723e+01
6.210000e-06	-2.868114e-09	-1.493998e-09	-2.035945e+01	-9.590847e+01
6.220000e-06	-2.907393e-09	-1.529170e-09	-2.063828e+01	-9.792083e+01
6.230000e-06	-2.946404e-09	-1.560946e-09	-2.091520e+01	-9.987465e+01
6.240000e-06	-2.985101e-09	-1.588782e-09	-2.118989e+01	-1.017704e+02
6.250000e-06	-3.023446e-09	-1.615988e-09	-2.146208e+01	-1.036089e+02
6.260000e-06	-3.061406e-09	-1.644895e-09	-2.173153e+01	-1.053907e+02
6.270000e-06	-3.098968e-09	-1.674191e-09	-2.199817e+01	-1.071168e+02
6.280000e-06	-3.136149e-09	-1.702600e-09	-2.226210e+01	-1.087881e+02
6.290000e-06	-3.172988e-09	-1.731321e-09	-2.252360e+01	-1.104058e+02
6.300000e-06	-3.209542e-09	-1.759997e-09	-2.278308e+01	-1.119710e+02
6.310000e-06	-3.245869e-09	-1.785662e-09	-2.304095e+01	-1.134849e+02
6.320000e-06	-3.282020e-09	-1.806475e-09	-2.329757e+01	-1.149487e+02
6.330000e-06	-3.318033e-09	-1.824500e-09	-2.355321e+01	-1.163638e+02
6.340000e-06	-3.353921e-09	-1.843284e-09	-2.380796e+01	-1.177316e+02
6.350000e-06	-3.389669e-09	-1.864333e-09	-2.406172e+01	-1.190533e+02
6.360000e-06	-3.425241e-09	-1.885700e-09	-2.431423e+01	-1.203305e+02
6.370000e-06	-3.460593e-09	-1.906531e-09	-2.456519e+01	-1.215644e+02
6.380000e-06	-3.495694e-09	-1.927844e-09	-2.481435e+01	-1.227565e+02
6.390000e-06	-3.530523e-09	-1.948464e-09	-2.506159e+01	-1.239082e+02
6.400000e-06	-3.565087e-09	-1.965984e-09	-2.530694e+01	-1.250207e+02
6.410000e-06	-3.599406e-09	-1.980439e-09	-2.555055e+01	-1.260954e+02
6.420000e-06	-3.633494e-09	-1.994410e-09	-2.579253e+01	-1.271336e+02
6.430000e-06	-3.667349e-09	-2.009878e-09	-2.603285e+01	-1.281365e+02
6.440000e-06	-3.700954e-09	-2.025491e-09	-2.627140e+01	-1.291054e+02
6.450000e-06	-3.734281e-09	-2.040601e-09	-2.650797e+01	-1.300413e+02
6.460000e-06	-3.767306e-09	-2.056412e-09	-2.674240e+01	-1.309455e+02
6.470000e-06	-3.800033e-09	-2.071907e-09	-2.697471e+01	-1.318189e+02
6.480000e-06	-3.832497e-09	-2.085215e-09	-2.720516e+01	-1.326627e+02
6.490000e-06	-3.864748e-09	-2.095519e-09	-2.743409e+01	-1.334776e+02
6.500000e-06	-3.896827e-09	-2.104350e-09	-2.766181e+01	-1.342648e+02
6.510000e-06	-3.928751e-09	-2.115028e-09	-2.788843e+01	-1.350250e+02
6.520000e-06	-3.960498e-09	-2.128411e-09	-2.811378e+01	-1.357590e+02
6.530000e-06	-3.992012e-09	-2.142816e-09	-2.833749e+01	-1.364677e+02
6.540000e-06	-4.023222e-09	-2.156731e-09	-2.855903e+01	-1.371517e+02
6.550000e-06	-4.054047e-09	-2.168336e-09	-2.877785e+01	-1.378118e+02
6.560000e-06	-4.084422e-09	-2.176740e-09	-2.899346e+01	-1.384487e+02
6.570000e-06	-4.114309e-09	-2.183092e-09	-2.920561e+01	-1.390628e+02
6.580000e-06	-4.143699e-09	-2.188842e-09	-2.941424e+01	-1.396550e+02
6.590000e-06	-4.172636e-09	-2.195058e-09	-2.961965e+01	-1.402257e+02
6.600000e-06	-4.201199e-09	-2.203742e-09	-2.982241e+01	-1.407755e+02
6.610000e-06	-4.229485e-09	-2.215129e-09	-3.002320e+01	-1.413050e+02
6.620000e-06	-4.257574e-09	-2.226988e-09	-3.022259e+01	-1.418146e+02
6.630000e-06	-4.285497e-09	-2.238043e-09	-3.042080e+01	-1.423050e+02
6.640000e-06	-4.313236e-09	-2.247762e-09	-3.061771e+01	-1.427767e+02
6.650000e-06	-4.340741e-09	-2.254477e-09	-3.081295e+01	-1.432302e+02
6.660000e-06	-4.367951e-09	-2.258312e-09	-3.100611e+01	-1.436659e+02
6.670000e-06	-4.394828e-09	-2.261309e-09	-3.119690e+01	-1.440846e+02
6.680000e-06	-4.421372e-09	-2.265131e-09	-3.138531e+01	-1.444866e+02
6.690000e-06	-4.447602e-09	-2.271801e-09	-3.157151e+01	-1.448725e+02
6.700000e-06	-4.473533e-09	-2.281794e-09	-3.175558e+01	-1.452430e+02
6.710000e-06	-4.499154e-09	-2.291395e-09	-3.193745e+01	-1.455985e+02
6.720000e-06	-4.524433e-09	-2.296850e-09	-3.211690e+01	-1.459397e+02
6.730000e-06	-4.549357e-09	-2.298706e-09	-3.229382e+01	-1.462671e+02
6.740000e-06	-4.573952e-09	-2.301010e-09	-3.246841e+01	-1.465812e+02
6.750000e-06	-4.598278e-09	-2.305341e-09	-3.264110e+01	-1.468828e+02
6.760000e-06	-4.622398e-09	-2.309044e-09	-3.281231e+01	-1.471724e+02
6.770000e-06	-4.646341e-09	-2.312004e-09	-3.298227e+01	-1.474507e+02
6.780000e-06	-4.670077e-09	-2.316843e-09	-3.315077e+01	-1.477181e+02
6.790000e-06	-4.693535e-09	-2.323461e-09	-3.331728e+01	-1.479754e+02
6.800000e-06	-4.716612e-09	-2.328970e-09	-3.348110e+01	-1.482231e+02
6.810000e-06	-4.739215e-09	-2.332412e-09	-3.364154e+01	-1.484617e+02
6.820000e-06	-4.761278e-09	-2.334972e-09	-3.379816e+01	-1.486920e+02
6.830000e-06	-4.782777e-09	-2.338248e-09	-3.395077e+01	-1.489144e+02
6.840000e-06	-4.803757e-09	-2.342179e-09	-3.409970e+01	-1.491294e+02
6.850000e-06	-4.824320e-09	-2.344277e-09	-3.424566e+01	-1.493376e+02
6.860000e-06	-4.844583e-09	-2.344637e-09	-3.438950e+01	-1.495395e+02
6.870000e-06	-4.864627e-09	-2.346294e-09	-3.453178e+01	-1.497355e+02
6.880000e-06	-4.884470e-09	-2.348752e-09	-3.467264e+01	-1.499261e+02
6.890000e-06	-4.904065e-09	-2.349855e-09	-3.481174e+01	-1.501115e+02
6.900000e-06	-4.923336e-09	-2.350542e-09	-3.494854e+01	-1.502922e+02
6.910000e-06	-4.942237e-09	-2.352706e-09	-3.508270e+01	-1.504685e+02
6.920000e-06	-4.960779e-09	-2.356404e-09	-3.521432e+01	-1.506407e+02
6.930000e-06	-4.979003e-09	-2.359941e-09	-3.534369e+01	-1.508089e+02
6.940000e-06	-4.996931e-09	-2.361524e-09	-3.547095e+01	-1.509733e+02
6.950000e-06	-5.014541e-09	-2.361489e-09	-3.559596e+01	-1.511340e+02
6.960000e-06	-5.031795e-09	-2.361530e-09	-3.571844e+01	-1.512912e+02
6.970000e-06	-5.048677e-09	-2.361882e-09	-3.583827e+01	-1.514448e+02
6.980000e-06	-5.065214e-09	-2.362508e-09	-3.595566e+01	-1.515950e+02
6.990000e-06	-5.081473e-09	-2.364967e-09	-3.607107e+01	-1.517415e+02
7.000000e-06	-5.097507e-09	-2.369604e-09	-3.618490e+01	-1.518843e+02
7.010000e-06	-5.113300e-09	-2.372661e-09	-3.629700e+01	-1.520234e+02
7.020000e-06	-5.128740e-09	-2.371860e-09	-3.640661e+01	-1.521585e+02
7.030000e-06	-5.143676e-09	-2.369814e-09	-3.651263e+01	-1.522894e+02
7.040000e-06	-5.158004e-09	-2.369556e-09	-3.661433e+01	-1.524160e+02
7.050000e-06	-5.171692e-09	-2.371552e-09	-3.671150e+01	-1.525380e+02
7.060000e-06	-5.184803e-09	-2.373864e-09	-3.680457e+01	-1.526551e+02
7.070000e-06	-5.197454e-09	-2.375157e-09	-3.689437e+01	-1.527671e+02
7.080000e-06	-5.209740e-09	-2.376337e-09	-3.698158e+01	-1.528737e+02
7.090000e-06	-5.221699e-09	-2.378048e-09	-3.706648e+01	-1.529747e+02
7.100000e-06	-5.233310e-09	-2.378352e-09	-3.714890e+01	-1.530697e+02
7.110000e-06	-5.244531e-09	-2.376354e-09	-3.722855e+01	-1.531586e+02
7.120000e-06	-5.255347e-09	-2.374488e-09	-3.730533e+01	-1.532410e+02
7.130000e-06	-5.265787e-09	-2.374099e-09	-3.737944e+01	-1.533167e+02
7.140000e-06	-5.275895e-09	-2.374444e-09	-3.745119e+01	-1.533856e+02
7.150000e-06	-5.285672e-09	-2.374979e-09	-3.752059e+01	-1.534475e+02
7.160000e-06	-5.295075e-09	-2.376209e-09	-3.758734e+01	-1.535021e+02
7.170000e-06	-5.304076e-09	-2.378665e-09	-3.765124e+01	-1.535495e+02
7.180000e-06	-5.312701e-09	-2.380680e-09	-3.771246e+01	-1.535896e+02
7.190000e-06	-5.321022e-09	-2.380138e-09	-3.777153e+01	-1.536222e+02
7.200000e-06	-5.329113e-09	-2.377662e-09	-3.782896e+01	-1.536476e+02
7.210000e-06	-5.336992e-09	-2.375698e-09	-3.788489e+01	-1.536657e+02
7.220000e-06	-5.344599e-09	-2.374807e-09	-3.793889e+01	-1.536766e+02
7.230000e-06	-5.351819e-09	-2.373551e-09	-3.799014e+01	-1.536807e+02
7.240000e-06	-5.358530e-09	-2.371630e-09	-3.803778e+01	-1.536779e+02
7.250000e-06	-5.364649e-09	-2.370514e-09	-3.808122e+01	-1.536688e+02
7.260000e-06	-5.370155e-09	-2.371131e-09	-3.812030e+01	-1.536535e+02
7.270000e-06	-5.375100e-09	-2.371955e-09	-3.815540e+01	-1.536325e+02
7.280000e-06	-5.379607e-09	-2.371332e-09	-3.818740e+01	-1.536062e+02
7.290000e-06	-5.383810e-09	-2.369275e-09	-3.821723e+01	-1.535750e+02
7.300000e-06	-5.387778e-09	-2.366653e-09	-3.824540e+01	-1.535395e+02
7.310000e-06	-5.391495e-09	-2.364263e-09	-3.827178e+01	-1.535002e+02
7.320000e-06	-5.394889e-09	-2.362185e-09	-3.829587e+01	-1.534576e+02
7.330000e-06	-5.397898e-09	-2.360708e-09	-3.831723e+01	-1.534123e+02
7.340000e-06	-5.400520e-09	-2.359646e-09	-3.833585e+01	-1.533650e+02
7.350000e-06	-5.402802e-09	-2.357891e-09	-3.835204e+01	-1.533163e+02
7.360000e-06	-5.404784e-09	-2.356088e-09	-3.836612e+01	-1.532667e+02
7.370000e-06	-5.406429e-09	-2.354995e-09	-3.837779e+01	-1.532169e+02
7.380000e-06	-5.407619e-09	-2.353527e-09	-3.838624e+01	-1.531677e+02
7.390000e-06	-5.408386e-09	-2.351549e-09	-3.839168e+01	-1.531194e+02
7.400000e-06	-5.408848e-09	-2.350051e-09	-3.839496e+01	-1.530728e+02
