# Temperatura_=_11.307713097713098
# Concentracion g/m^3_=_1720.0
# C_Vs_to_Am_M_A/Vsm_=_65563218390.804596
# pendiente_HvsI_1/m_=_3716.3
# ordenada_HvsI_A/m_=_1297.0
# frecuencia_Hz_=_135039.95340264565
# Promedio de 481 ciclos

Tiempo_(s)	Campo_(V.s)	Magnetizacion_(V.s)	Campo_(kA/m)	Magnetizacion_(A/m)
0.000000e+00	-5.345240e-09	-8.736064e-10	-3.841030e+01	-5.791558e+01
1.000000e-08	-5.345384e-09	-8.705237e-10	-3.841134e+01	-5.786855e+01
2.000000e-08	-5.345318e-09	-8.711408e-10	-3.841086e+01	-5.783085e+01
3.000000e-08	-5.344971e-09	-8.732848e-10	-3.840837e+01	-5.780301e+01
4.000000e-08	-5.344234e-09	-8.734547e-10	-3.840307e+01	-5.778550e+01
5.000000e-08	-5.343003e-09	-8.668356e-10	-3.839423e+01	-5.777867e+01
6.000000e-08	-5.341197e-09	-8.528004e-10	-3.838125e+01	-5.778281e+01
7.000000e-08	-5.338775e-09	-8.434127e-10	-3.836384e+01	-5.779811e+01
8.000000e-08	-5.335745e-09	-8.782347e-10	-3.834207e+01	-5.782463e+01
9.000000e-08	-5.332169e-09	-9.421091e-10	-3.831637e+01	-5.786238e+01
1.000000e-07	-5.328169e-09	-9.471384e-10	-3.828763e+01	-5.791121e+01
1.100000e-07	-5.323920e-09	-8.608103e-10	-3.825710e+01	-5.797092e+01
1.200000e-07	-5.319529e-09	-8.158082e-10	-3.822555e+01	-5.804117e+01
1.300000e-07	-5.314902e-09	-9.111661e-10	-3.819230e+01	-5.812154e+01
1.400000e-07	-5.309863e-09	-9.283934e-10	-3.815609e+01	-5.821150e+01
1.500000e-07	-5.304399e-09	-8.138521e-10	-3.811682e+01	-5.831043e+01
1.600000e-07	-5.298602e-09	-7.709244e-10	-3.807516e+01	-5.841763e+01
1.700000e-07	-5.292456e-09	-9.135206e-10	-3.803100e+01	-5.853230e+01
1.800000e-07	-5.285870e-09	-1.005960e-09	-3.798367e+01	-5.865357e+01
1.900000e-07	-5.278876e-09	-9.071015e-10	-3.793342e+01	-5.878048e+01
2.000000e-07	-5.271616e-09	-8.565148e-10	-3.788125e+01	-5.891204e+01
2.100000e-07	-5.264137e-09	-9.253961e-10	-3.782750e+01	-5.904717e+01
2.200000e-07	-5.256393e-09	-9.595571e-10	-3.777186e+01	-5.918477e+01
2.300000e-07	-5.248371e-09	-8.897068e-10	-3.771421e+01	-5.932368e+01
2.400000e-07	-5.240020e-09	-9.126934e-10	-3.765421e+01	-5.946273e+01
2.500000e-07	-5.231149e-09	-9.936417e-10	-3.759046e+01	-5.960072e+01
2.600000e-07	-5.221609e-09	-9.843291e-10	-3.752190e+01	-5.973644e+01
2.700000e-07	-5.211442e-09	-9.229895e-10	-3.744885e+01	-5.986869e+01
2.800000e-07	-5.200762e-09	-9.721670e-10	-3.737210e+01	-5.999629e+01
2.900000e-07	-5.189621e-09	-1.005744e-09	-3.729204e+01	-6.011806e+01
3.000000e-07	-5.178061e-09	-9.364915e-10	-3.720898e+01	-6.023288e+01
3.100000e-07	-5.166121e-09	-9.268604e-10	-3.712317e+01	-6.033964e+01
3.200000e-07	-5.153804e-09	-1.018041e-09	-3.703466e+01	-6.043731e+01
3.300000e-07	-5.141119e-09	-1.021792e-09	-3.694352e+01	-6.052491e+01
3.400000e-07	-5.128068e-09	-9.399789e-10	-3.684973e+01	-6.060151e+01
3.500000e-07	-5.114629e-09	-9.376854e-10	-3.675316e+01	-6.066628e+01
3.600000e-07	-5.100815e-09	-9.707222e-10	-3.665389e+01	-6.071846e+01
3.700000e-07	-5.086628e-09	-9.441767e-10	-3.655194e+01	-6.075737e+01
3.800000e-07	-5.071966e-09	-9.283349e-10	-3.644659e+01	-6.078245e+01
3.900000e-07	-5.056699e-09	-9.485535e-10	-3.633688e+01	-6.079320e+01
4.000000e-07	-5.040838e-09	-9.436379e-10	-3.622291e+01	-6.078925e+01
4.100000e-07	-5.024518e-09	-9.465251e-10	-3.610563e+01	-6.077030e+01
4.200000e-07	-5.007842e-09	-9.692327e-10	-3.598580e+01	-6.073618e+01
4.300000e-07	-4.990853e-09	-9.423452e-10	-3.586372e+01	-6.068682e+01
4.400000e-07	-4.973590e-09	-8.914450e-10	-3.573967e+01	-6.062223e+01
4.500000e-07	-4.956069e-09	-9.228790e-10	-3.561376e+01	-6.054255e+01
4.600000e-07	-4.938247e-09	-9.548325e-10	-3.548569e+01	-6.044798e+01
4.700000e-07	-4.920068e-09	-9.246943e-10	-3.535506e+01	-6.033886e+01
4.800000e-07	-4.901488e-09	-9.003365e-10	-3.522155e+01	-6.021557e+01
4.900000e-07	-4.882495e-09	-9.357002e-10	-3.508507e+01	-6.007862e+01
5.000000e-07	-4.863140e-09	-9.458069e-10	-3.494599e+01	-5.992857e+01
5.100000e-07	-4.843512e-09	-9.245338e-10	-3.480494e+01	-5.976605e+01
5.200000e-07	-4.823671e-09	-8.984648e-10	-3.466237e+01	-5.959176e+01
5.300000e-07	-4.803629e-09	-8.972450e-10	-3.451834e+01	-5.940647e+01
5.400000e-07	-4.783348e-09	-9.058018e-10	-3.437261e+01	-5.921098e+01
5.500000e-07	-4.762750e-09	-9.151490e-10	-3.422459e+01	-5.900612e+01
5.600000e-07	-4.741773e-09	-8.943978e-10	-3.407385e+01	-5.879279e+01
5.700000e-07	-4.720439e-09	-8.842434e-10	-3.392055e+01	-5.857186e+01
5.800000e-07	-4.698803e-09	-9.029173e-10	-3.376508e+01	-5.834426e+01
5.900000e-07	-4.676888e-09	-9.162148e-10	-3.360760e+01	-5.811089e+01
6.000000e-07	-4.654668e-09	-8.920456e-10	-3.344793e+01	-5.787266e+01
6.100000e-07	-4.632102e-09	-8.702964e-10	-3.328577e+01	-5.763046e+01
6.200000e-07	-4.609178e-09	-8.742942e-10	-3.312104e+01	-5.738517e+01
6.300000e-07	-4.585921e-09	-8.861418e-10	-3.295392e+01	-5.713762e+01
6.400000e-07	-4.562382e-09	-8.786373e-10	-3.278477e+01	-5.688861e+01
6.500000e-07	-4.538623e-09	-8.602204e-10	-3.261404e+01	-5.663892e+01
6.600000e-07	-4.514669e-09	-8.607696e-10	-3.244191e+01	-5.638923e+01
6.700000e-07	-4.490485e-09	-8.759288e-10	-3.226812e+01	-5.614022e+01
6.800000e-07	-4.465984e-09	-8.755093e-10	-3.209207e+01	-5.589247e+01
6.900000e-07	-4.441070e-09	-8.547005e-10	-3.191304e+01	-5.564650e+01
7.000000e-07	-4.415675e-09	-8.464333e-10	-3.173055e+01	-5.540278e+01
7.100000e-07	-4.389779e-09	-8.530979e-10	-3.154447e+01	-5.516169e+01
7.200000e-07	-4.363390e-09	-8.556441e-10	-3.135484e+01	-5.492356e+01
7.300000e-07	-4.336542e-09	-8.395343e-10	-3.116192e+01	-5.468862e+01
7.400000e-07	-4.309314e-09	-8.280819e-10	-3.096626e+01	-5.445705e+01
7.500000e-07	-4.281793e-09	-8.300514e-10	-3.076849e+01	-5.422895e+01
7.600000e-07	-4.254055e-09	-8.374940e-10	-3.056917e+01	-5.400434e+01
7.700000e-07	-4.226138e-09	-8.255316e-10	-3.036856e+01	-5.378318e+01
7.800000e-07	-4.198030e-09	-8.116171e-10	-3.016658e+01	-5.356538e+01
7.900000e-07	-4.169689e-09	-8.103690e-10	-2.996292e+01	-5.335076e+01
8.000000e-07	-4.141055e-09	-8.177811e-10	-2.975716e+01	-5.313910e+01
8.100000e-07	-4.112088e-09	-8.094814e-10	-2.954901e+01	-5.293013e+01
8.200000e-07	-4.082803e-09	-7.951293e-10	-2.933857e+01	-5.272353e+01
8.300000e-07	-4.053238e-09	-7.882958e-10	-2.912612e+01	-5.251894e+01
8.400000e-07	-4.023415e-09	-7.935395e-10	-2.891181e+01	-5.231596e+01
8.500000e-07	-3.993341e-09	-7.904233e-10	-2.869570e+01	-5.211416e+01
8.600000e-07	-3.963022e-09	-7.794722e-10	-2.847784e+01	-5.191310e+01
8.700000e-07	-3.932449e-09	-7.715206e-10	-2.825814e+01	-5.171232e+01
8.800000e-07	-3.901602e-09	-7.758293e-10	-2.803648e+01	-5.151134e+01
8.900000e-07	-3.870482e-09	-7.785262e-10	-2.781285e+01	-5.130970e+01
9.000000e-07	-3.839107e-09	-7.703220e-10	-2.758740e+01	-5.110691e+01
9.100000e-07	-3.807522e-09	-7.576731e-10	-2.736043e+01	-5.090254e+01
9.200000e-07	-3.775770e-09	-7.551960e-10	-2.713226e+01	-5.069612e+01
9.300000e-07	-3.743850e-09	-7.566187e-10	-2.690289e+01	-5.048724e+01
9.400000e-07	-3.711739e-09	-7.498699e-10	-2.667214e+01	-5.027550e+01
9.500000e-07	-3.679404e-09	-7.388116e-10	-2.643979e+01	-5.006054e+01
9.600000e-07	-3.646786e-09	-7.354872e-10	-2.620540e+01	-4.984202e+01
9.700000e-07	-3.613815e-09	-7.401245e-10	-2.596847e+01	-4.961966e+01
9.800000e-07	-3.580439e-09	-7.378818e-10	-2.572863e+01	-4.939319e+01
9.900000e-07	-3.546647e-09	-7.268443e-10	-2.548581e+01	-4.916242e+01
1.000000e-06	-3.512456e-09	-7.175370e-10	-2.524012e+01	-4.892718e+01
1.010000e-06	-3.477872e-09	-7.171509e-10	-2.499161e+01	-4.868735e+01
1.020000e-06	-3.442924e-09	-7.150262e-10	-2.474048e+01	-4.844285e+01
1.030000e-06	-3.407672e-09	-7.083695e-10	-2.448716e+01	-4.819366e+01
1.040000e-06	-3.372178e-09	-7.030961e-10	-2.423210e+01	-4.793979e+01
1.050000e-06	-3.336500e-09	-7.061314e-10	-2.397572e+01	-4.768131e+01
1.060000e-06	-3.300670e-09	-7.073288e-10	-2.371825e+01	-4.741831e+01
1.070000e-06	-3.264704e-09	-7.011096e-10	-2.345980e+01	-4.715092e+01
1.080000e-06	-3.228593e-09	-6.899237e-10	-2.320031e+01	-4.687933e+01
1.090000e-06	-3.192304e-09	-6.857461e-10	-2.293954e+01	-4.660372e+01
1.100000e-06	-3.155803e-09	-6.845344e-10	-2.267725e+01	-4.632433e+01
1.110000e-06	-3.119069e-09	-6.805698e-10	-2.241329e+01	-4.604140e+01
1.120000e-06	-3.082101e-09	-6.729189e-10	-2.214764e+01	-4.575520e+01
1.130000e-06	-3.044902e-09	-6.704428e-10	-2.188033e+01	-4.546601e+01
1.140000e-06	-3.007480e-09	-6.703596e-10	-2.161142e+01	-4.517412e+01
1.150000e-06	-2.969852e-09	-6.659618e-10	-2.134103e+01	-4.487981e+01
1.160000e-06	-2.932042e-09	-6.554779e-10	-2.106933e+01	-4.458338e+01
1.170000e-06	-2.894055e-09	-6.485246e-10	-2.079636e+01	-4.428509e+01
1.180000e-06	-2.855863e-09	-6.460685e-10	-2.052192e+01	-4.398522e+01
1.190000e-06	-2.817456e-09	-6.425365e-10	-2.024593e+01	-4.368401e+01
1.200000e-06	-2.778841e-09	-6.353020e-10	-1.996844e+01	-4.338169e+01
1.210000e-06	-2.740015e-09	-6.299802e-10	-1.968945e+01	-4.307847e+01
1.220000e-06	-2.700975e-09	-6.284880e-10	-1.940891e+01	-4.277451e+01
1.230000e-06	-2.661733e-09	-6.254656e-10	-1.912692e+01	-4.246997e+01
1.240000e-06	-2.622327e-09	-6.159712e-10	-1.884375e+01	-4.216494e+01
1.250000e-06	-2.582782e-09	-6.057458e-10	-1.855958e+01	-4.185950e+01
1.260000e-06	-2.543114e-09	-6.017912e-10	-1.827453e+01	-4.155368e+01
1.270000e-06	-2.503343e-09	-6.003043e-10	-1.798874e+01	-4.124747e+01
1.280000e-06	-2.463477e-09	-5.951228e-10	-1.770227e+01	-4.094082e+01
1.290000e-06	-2.423519e-09	-5.868842e-10	-1.741514e+01	-4.063364e+01
1.300000e-06	-2.383461e-09	-5.821137e-10	-1.712728e+01	-4.032581e+01
1.310000e-06	-2.343284e-09	-5.765841e-10	-1.683857e+01	-4.001716e+01
1.320000e-06	-2.302967e-09	-5.676242e-10	-1.654886e+01	-3.970748e+01
1.330000e-06	-2.262488e-09	-5.579335e-10	-1.625798e+01	-3.939654e+01
1.340000e-06	-2.221806e-09	-5.544823e-10	-1.596565e+01	-3.908407e+01
1.350000e-06	-2.180885e-09	-5.545420e-10	-1.567160e+01	-3.876976e+01
1.360000e-06	-2.139717e-09	-5.519591e-10	-1.537577e+01	-3.845330e+01
1.370000e-06	-2.098299e-09	-5.446084e-10	-1.507814e+01	-3.813433e+01
1.380000e-06	-2.056637e-09	-5.381566e-10	-1.477877e+01	-3.781250e+01
1.390000e-06	-2.014727e-09	-5.333535e-10	-1.447761e+01	-3.748742e+01
1.400000e-06	-1.972572e-09	-5.265736e-10	-1.417469e+01	-3.715872e+01
1.410000e-06	-1.930187e-09	-5.177079e-10	-1.387012e+01	-3.682600e+01
1.420000e-06	-1.887587e-09	-5.130750e-10	-1.356400e+01	-3.648888e+01
1.430000e-06	-1.844781e-09	-5.124386e-10	-1.325640e+01	-3.614697e+01
1.440000e-06	-1.801783e-09	-5.112614e-10	-1.294742e+01	-3.579990e+01
1.450000e-06	-1.758608e-09	-5.046458e-10	-1.263717e+01	-3.544733e+01
1.460000e-06	-1.715285e-09	-4.958526e-10	-1.232586e+01	-3.508890e+01
1.470000e-06	-1.671833e-09	-4.886387e-10	-1.201361e+01	-3.472431e+01
1.480000e-06	-1.628260e-09	-4.818581e-10	-1.170051e+01	-3.435328e+01
1.490000e-06	-1.584590e-09	-4.738508e-10	-1.138670e+01	-3.397555e+01
1.500000e-06	-1.540838e-09	-4.671031e-10	-1.107230e+01	-3.359089e+01
1.510000e-06	-1.497016e-09	-4.631988e-10	-1.075740e+01	-3.319913e+01
1.520000e-06	-1.453133e-09	-4.601979e-10	-1.044206e+01	-3.280011e+01
1.530000e-06	-1.409198e-09	-4.566432e-10	-1.012635e+01	-3.239373e+01
1.540000e-06	-1.365218e-09	-4.512781e-10	-9.810307e+00	-3.197993e+01
1.550000e-06	-1.321190e-09	-4.422176e-10	-9.493930e+00	-3.155868e+01
1.560000e-06	-1.277113e-09	-4.297417e-10	-9.177193e+00	-3.113000e+01
1.570000e-06	-1.232980e-09	-4.174446e-10	-8.860058e+00	-3.069394e+01
1.580000e-06	-1.188786e-09	-4.078930e-10	-8.542483e+00	-3.025061e+01
1.590000e-06	-1.144525e-09	-4.027361e-10	-8.224428e+00	-2.980014e+01
1.600000e-06	-1.100192e-09	-3.997950e-10	-7.905856e+00	-2.934269e+01
1.610000e-06	-1.055783e-09	-3.974839e-10	-7.586742e+00	-2.887849e+01
1.620000e-06	-1.011300e-09	-3.947255e-10	-7.267088e+00	-2.840775e+01
1.630000e-06	-9.667433e-10	-3.893258e-10	-6.946910e+00	-2.793074e+01
1.640000e-06	-9.221145e-10	-3.811302e-10	-6.626213e+00	-2.744773e+01
1.650000e-06	-8.774204e-10	-3.702600e-10	-6.305046e+00	-2.695904e+01
1.660000e-06	-8.326665e-10	-3.576101e-10	-5.983450e+00	-2.646495e+01
1.670000e-06	-7.878510e-10	-3.475860e-10	-5.661411e+00	-2.596581e+01
1.680000e-06	-7.429778e-10	-3.406670e-10	-5.338958e+00	-2.546193e+01
1.690000e-06	-6.980573e-10	-3.366042e-10	-5.016165e+00	-2.495362e+01
1.700000e-06	-6.530912e-10	-3.313639e-10	-4.693043e+00	-2.444121e+01
1.710000e-06	-6.080776e-10	-3.238489e-10	-4.369581e+00	-2.392499e+01
1.720000e-06	-5.630175e-10	-3.163208e-10	-4.045784e+00	-2.340526e+01
1.730000e-06	-5.179116e-10	-3.089674e-10	-3.721659e+00	-2.288227e+01
1.740000e-06	-4.727607e-10	-2.998589e-10	-3.397210e+00	-2.235626e+01
1.750000e-06	-4.275651e-10	-2.908747e-10	-3.072439e+00	-2.182744e+01
1.760000e-06	-3.823377e-10	-2.832037e-10	-2.747440e+00	-2.129598e+01
1.770000e-06	-3.370761e-10	-2.765196e-10	-2.422196e+00	-2.076202e+01
1.780000e-06	-2.917782e-10	-2.691870e-10	-2.096690e+00	-2.022565e+01
1.790000e-06	-2.464567e-10	-2.608364e-10	-1.771015e+00	-1.968693e+01
1.800000e-06	-2.011242e-10	-2.530049e-10	-1.445261e+00	-1.914587e+01
1.810000e-06	-1.557928e-10	-2.459894e-10	-1.119515e+00	-1.860242e+01
1.820000e-06	-1.104670e-10	-2.395462e-10	-7.938087e-01	-1.805651e+01
1.830000e-06	-6.514639e-11	-2.330171e-10	-4.681400e-01	-1.750801e+01
1.840000e-06	-1.982609e-11	-2.248345e-10	-1.424735e-01	-1.695673e+01
1.850000e-06	2.549349e-11	-2.144813e-10	1.831878e-01	-1.640246e+01
1.860000e-06	7.081446e-11	-2.041318e-10	5.088592e-01	-1.584492e+01
1.870000e-06	1.161341e-10	-1.951911e-10	8.345210e-01	-1.528383e+01
1.880000e-06	1.614482e-10	-1.872300e-10	1.160143e+00	-1.471882e+01
1.890000e-06	2.067579e-10	-1.783262e-10	1.485734e+00	-1.414952e+01
1.900000e-06	2.520528e-10	-1.690429e-10	1.811217e+00	-1.357552e+01
1.910000e-06	2.973287e-10	-1.613808e-10	2.136565e+00	-1.299639e+01
1.920000e-06	3.425866e-10	-1.547712e-10	2.461783e+00	-1.241166e+01
1.930000e-06	3.878147e-10	-1.467002e-10	2.786787e+00	-1.182087e+01
1.940000e-06	4.330024e-10	-1.354378e-10	3.111500e+00	-1.122352e+01
1.950000e-06	4.781431e-10	-1.222058e-10	3.435876e+00	-1.061913e+01
1.960000e-06	5.232302e-10	-1.097877e-10	3.759867e+00	-1.000720e+01
1.970000e-06	5.682662e-10	-9.899869e-11	4.083490e+00	-9.387257e+00
1.980000e-06	6.132508e-10	-8.978302e-11	4.406744e+00	-8.758825e+00
1.990000e-06	6.581834e-10	-8.252780e-11	4.729625e+00	-8.121454e+00
2.000000e-06	7.030634e-10	-7.614316e-11	5.052127e+00	-7.474716e+00
2.010000e-06	7.478922e-10	-6.834092e-11	5.374261e+00	-6.818217e+00
2.020000e-06	7.926699e-10	-5.869445e-11	5.696028e+00	-6.151596e+00
2.030000e-06	8.373913e-10	-4.669999e-11	6.017391e+00	-5.474534e+00
2.040000e-06	8.820508e-10	-3.458515e-11	6.338309e+00	-4.786760e+00
2.050000e-06	9.266430e-10	-2.374036e-11	6.658743e+00	-4.088051e+00
2.060000e-06	9.711684e-10	-1.256678e-11	6.978698e+00	-3.378241e+00
2.070000e-06	1.015623e-09	4.618212e-13	7.298145e+00	-2.657222e+00
2.080000e-06	1.060006e-09	1.322680e-11	7.617075e+00	-1.924946e+00
2.090000e-06	1.104317e-09	2.418880e-11	7.935493e+00	-1.181431e+00
2.100000e-06	1.148556e-09	3.430526e-11	8.253385e+00	-4.267581e-01
2.110000e-06	1.192726e-09	4.482421e-11	8.570785e+00	3.389243e-01
2.120000e-06	1.236838e-09	5.666690e-11	8.887774e+00	1.115401e+00
2.130000e-06	1.280898e-09	6.886073e-11	9.204387e+00	1.902389e+00
2.140000e-06	1.324909e-09	7.950106e-11	9.520641e+00	2.699541e+00
2.150000e-06	1.368876e-09	9.045820e-11	9.836589e+00	3.506445e+00
2.160000e-06	1.412804e-09	1.031271e-10	1.015225e+01	4.322625e+00
2.170000e-06	1.456688e-09	1.154277e-10	1.046759e+01	5.147549e+00
2.180000e-06	1.500524e-09	1.261226e-10	1.078260e+01	5.980626e+00
2.190000e-06	1.544304e-09	1.369684e-10	1.109720e+01	6.821214e+00
2.200000e-06	1.588019e-09	1.488871e-10	1.141133e+01	7.668622e+00
2.210000e-06	1.631657e-09	1.602829e-10	1.172491e+01	8.522118e+00
2.220000e-06	1.675200e-09	1.713061e-10	1.203780e+01	9.380931e+00
2.230000e-06	1.718619e-09	1.829649e-10	1.234981e+01	1.024426e+01
2.240000e-06	1.761899e-09	1.962083e-10	1.266082e+01	1.111127e+01
2.250000e-06	1.805019e-09	2.087983e-10	1.297067e+01	1.198111e+01
2.260000e-06	1.847946e-09	2.193845e-10	1.327914e+01	1.285293e+01
2.270000e-06	1.890661e-09	2.302793e-10	1.358608e+01	1.372584e+01
2.280000e-06	1.933153e-09	2.427372e-10	1.389142e+01	1.459897e+01
2.290000e-06	1.975412e-09	2.546650e-10	1.419509e+01	1.547146e+01
2.300000e-06	2.017427e-09	2.639023e-10	1.449700e+01	1.634244e+01
2.310000e-06	2.059187e-09	2.714307e-10	1.479708e+01	1.721107e+01
2.320000e-06	2.100688e-09	2.813776e-10	1.509530e+01	1.807653e+01
2.330000e-06	2.141932e-09	2.951139e-10	1.539167e+01	1.893803e+01
2.340000e-06	2.182935e-09	3.104752e-10	1.568632e+01	1.979481e+01
2.350000e-06	2.223708e-09	3.239606e-10	1.597931e+01	2.064613e+01
2.360000e-06	2.264269e-09	3.347155e-10	1.627078e+01	2.149132e+01
2.370000e-06	2.304647e-09	3.447234e-10	1.656093e+01	2.232973e+01
2.380000e-06	2.344872e-09	3.548037e-10	1.684998e+01	2.316077e+01
2.390000e-06	2.384975e-09	3.651651e-10	1.713815e+01	2.398390e+01
2.400000e-06	2.424974e-09	3.751126e-10	1.742559e+01	2.479862e+01
2.410000e-06	2.464879e-09	3.858135e-10	1.771234e+01	2.560450e+01
2.420000e-06	2.504693e-09	3.985701e-10	1.799844e+01	2.640113e+01
2.430000e-06	2.544409e-09	4.112964e-10	1.828383e+01	2.718820e+01
2.440000e-06	2.584006e-09	4.225204e-10	1.856838e+01	2.796542e+01
2.450000e-06	2.623466e-09	4.341803e-10	1.885193e+01	2.873255e+01
2.460000e-06	2.662759e-09	4.458239e-10	1.913429e+01	2.948942e+01
2.470000e-06	2.701855e-09	4.568273e-10	1.941522e+01	3.023589e+01
2.480000e-06	2.740734e-09	4.683173e-10	1.969460e+01	3.097187e+01
2.490000e-06	2.779391e-09	4.789383e-10	1.997239e+01	3.169733e+01
2.500000e-06	2.817830e-09	4.872630e-10	2.024861e+01	3.241224e+01
2.510000e-06	2.856069e-09	4.951407e-10	2.052339e+01	3.311664e+01
2.520000e-06	2.894126e-09	5.049438e-10	2.079686e+01	3.381058e+01
2.530000e-06	2.932002e-09	5.168591e-10	2.106904e+01	3.449415e+01
2.540000e-06	2.969699e-09	5.286349e-10	2.133992e+01	3.516744e+01
2.550000e-06	3.007206e-09	5.378281e-10	2.160944e+01	3.583060e+01
2.560000e-06	3.044500e-09	5.459091e-10	2.187744e+01	3.648374e+01
2.570000e-06	3.081569e-09	5.562008e-10	2.214380e+01	3.712701e+01
2.580000e-06	3.118399e-09	5.661977e-10	2.240846e+01	3.776056e+01
2.590000e-06	3.155000e-09	5.732384e-10	2.267147e+01	3.838454e+01
2.600000e-06	3.191391e-09	5.797258e-10	2.293298e+01	3.899908e+01
2.610000e-06	3.227596e-09	5.889840e-10	2.319314e+01	3.960433e+01
2.620000e-06	3.263649e-09	5.998481e-10	2.345221e+01	4.020040e+01
2.630000e-06	3.299579e-09	6.079530e-10	2.371040e+01	4.078740e+01
2.640000e-06	3.335390e-09	6.137267e-10	2.396774e+01	4.136541e+01
2.650000e-06	3.371065e-09	6.200259e-10	2.422410e+01	4.193452e+01
2.660000e-06	3.406561e-09	6.275977e-10	2.447916e+01	4.249476e+01
2.670000e-06	3.441807e-09	6.358884e-10	2.473244e+01	4.304615e+01
2.680000e-06	3.476734e-09	6.446199e-10	2.498342e+01	4.358871e+01
2.690000e-06	3.511288e-09	6.553114e-10	2.523172e+01	4.412239e+01
2.700000e-06	3.545422e-09	6.675337e-10	2.547700e+01	4.464715e+01
2.710000e-06	3.579108e-09	6.777263e-10	2.571907e+01	4.516292e+01
2.720000e-06	3.612363e-09	6.835123e-10	2.595803e+01	4.566960e+01
2.730000e-06	3.645231e-09	6.868367e-10	2.619422e+01	4.616706e+01
2.740000e-06	3.677771e-09	6.914461e-10	2.642805e+01	4.665517e+01
2.750000e-06	3.710055e-09	6.964611e-10	2.666003e+01	4.713378e+01
2.760000e-06	3.742142e-09	7.014016e-10	2.689061e+01	4.760271e+01
2.770000e-06	3.774073e-09	7.085344e-10	2.712006e+01	4.806179e+01
2.780000e-06	3.805855e-09	7.184668e-10	2.734845e+01	4.851082e+01
2.790000e-06	3.837461e-09	7.279745e-10	2.757556e+01	4.894961e+01
2.800000e-06	3.868846e-09	7.327026e-10	2.780109e+01	4.937796e+01
2.810000e-06	3.899955e-09	7.335914e-10	2.802464e+01	4.979570e+01
2.820000e-06	3.930756e-09	7.353847e-10	2.824597e+01	5.020263e+01
2.830000e-06	3.961252e-09	7.382330e-10	2.846511e+01	5.059858e+01
2.840000e-06	3.991463e-09	7.416877e-10	2.868220e+01	5.098339e+01
2.850000e-06	4.021419e-09	7.468859e-10	2.889747e+01	5.135694e+01
2.860000e-06	4.051137e-09	7.540520e-10	2.911102e+01	5.171909e+01
2.870000e-06	4.080612e-09	7.624994e-10	2.932282e+01	5.206976e+01
2.880000e-06	4.109820e-09	7.690293e-10	2.953271e+01	5.240890e+01
2.890000e-06	4.138731e-09	7.719485e-10	2.974046e+01	5.273647e+01
2.900000e-06	4.167341e-09	7.736117e-10	2.994605e+01	5.305247e+01
2.910000e-06	4.195683e-09	7.778307e-10	3.014971e+01	5.335694e+01
2.920000e-06	4.223807e-09	7.842998e-10	3.035181e+01	5.364997e+01
2.930000e-06	4.251761e-09	7.903196e-10	3.055268e+01	5.393167e+01
2.940000e-06	4.279554e-09	7.959991e-10	3.075240e+01	5.420219e+01
2.950000e-06	4.307151e-09	8.014555e-10	3.095071e+01	5.446173e+01
2.960000e-06	4.334468e-09	8.049913e-10	3.114701e+01	5.471051e+01
2.970000e-06	4.361397e-09	8.072249e-10	3.134051e+01	5.494880e+01
2.980000e-06	4.387832e-09	8.107994e-10	3.153047e+01	5.517691e+01
2.990000e-06	4.413712e-09	8.164840e-10	3.171644e+01	5.539518e+01
3.000000e-06	4.439038e-09	8.229242e-10	3.189843e+01	5.560397e+01
3.010000e-06	4.463882e-09	8.270569e-10	3.207696e+01	5.580367e+01
3.020000e-06	4.488341e-09	8.283034e-10	3.225272e+01	5.599471e+01
3.030000e-06	4.512509e-09	8.288572e-10	3.242638e+01	5.617752e+01
3.040000e-06	4.536445e-09	8.291577e-10	3.259839e+01	5.635256e+01
3.050000e-06	4.560153e-09	8.293857e-10	3.276875e+01	5.652030e+01
3.060000e-06	4.583596e-09	8.301831e-10	3.293721e+01	5.668121e+01
3.070000e-06	4.606720e-09	8.329457e-10	3.310338e+01	5.683576e+01
3.080000e-06	4.629499e-09	8.372709e-10	3.326706e+01	5.698442e+01
3.090000e-06	4.651943e-09	8.410078e-10	3.342835e+01	5.712767e+01
3.100000e-06	4.674085e-09	8.440732e-10	3.358745e+01	5.726595e+01
3.110000e-06	4.695947e-09	8.464147e-10	3.374455e+01	5.739969e+01
3.120000e-06	4.717515e-09	8.485163e-10	3.389953e+01	5.752930e+01
3.130000e-06	4.738760e-09	8.501440e-10	3.405220e+01	5.765518e+01
3.140000e-06	4.759652e-09	8.514935e-10	3.420232e+01	5.777765e+01
3.150000e-06	4.780201e-09	8.523718e-10	3.434999e+01	5.789705e+01
3.160000e-06	4.800467e-09	8.541897e-10	3.449562e+01	5.801365e+01
3.170000e-06	4.820514e-09	8.583922e-10	3.463968e+01	5.812768e+01
3.180000e-06	4.840372e-09	8.635218e-10	3.478237e+01	5.823932e+01
3.190000e-06	4.860019e-09	8.674367e-10	3.492356e+01	5.834872e+01
3.200000e-06	4.879388e-09	8.702434e-10	3.506274e+01	5.845598e+01
3.210000e-06	4.898386e-09	8.727876e-10	3.519926e+01	5.856113e+01
3.220000e-06	4.916954e-09	8.740760e-10	3.533268e+01	5.866417e+01
3.230000e-06	4.935079e-09	8.725169e-10	3.546293e+01	5.876505e+01
3.240000e-06	4.952802e-09	8.695112e-10	3.559028e+01	5.886366e+01
3.250000e-06	4.970193e-09	8.680739e-10	3.571525e+01	5.895986e+01
3.260000e-06	4.987305e-09	8.691037e-10	3.583822e+01	5.905344e+01
3.270000e-06	5.004148e-09	8.718840e-10	3.595925e+01	5.914418e+01
3.280000e-06	5.020678e-09	8.759449e-10	3.607804e+01	5.923181e+01
3.290000e-06	5.036828e-09	8.796780e-10	3.619408e+01	5.931603e+01
3.300000e-06	5.052523e-09	8.820214e-10	3.630687e+01	5.939649e+01
3.310000e-06	5.067714e-09	8.827936e-10	3.641603e+01	5.947284e+01
3.320000e-06	5.082430e-09	8.818820e-10	3.652178e+01	5.954472e+01
3.330000e-06	5.096736e-09	8.798003e-10	3.662458e+01	5.961174e+01
3.340000e-06	5.110680e-09	8.788335e-10	3.672478e+01	5.967350e+01
3.350000e-06	5.124279e-09	8.807724e-10	3.682250e+01	5.972961e+01
3.360000e-06	5.137510e-09	8.843983e-10	3.691758e+01	5.977969e+01
3.370000e-06	5.150356e-09	8.880315e-10	3.700989e+01	5.982337e+01
3.380000e-06	5.162827e-09	8.897973e-10	3.709950e+01	5.986031e+01
3.390000e-06	5.174959e-09	8.905844e-10	3.718668e+01	5.989018e+01
3.400000e-06	5.186764e-09	8.917794e-10	3.727151e+01	5.991269e+01
3.410000e-06	5.198202e-09	8.931337e-10	3.735370e+01	5.992759e+01
3.420000e-06	5.209185e-09	8.935412e-10	3.743262e+01	5.993467e+01
3.430000e-06	5.219602e-09	8.948008e-10	3.750748e+01	5.993379e+01
3.440000e-06	5.229379e-09	8.968931e-10	3.757774e+01	5.992484e+01
3.450000e-06	5.238541e-09	8.981685e-10	3.764358e+01	5.990778e+01
3.460000e-06	5.247195e-09	8.985682e-10	3.770576e+01	5.988263e+01
3.470000e-06	5.255476e-09	8.980780e-10	3.776526e+01	5.984949e+01
3.480000e-06	5.263486e-09	8.973202e-10	3.782282e+01	5.980850e+01
3.490000e-06	5.271263e-09	8.980241e-10	3.787871e+01	5.975990e+01
3.500000e-06	5.278775e-09	9.002155e-10	3.793269e+01	5.970399e+01
3.510000e-06	5.285951e-09	9.021528e-10	3.798425e+01	5.964112e+01
3.520000e-06	5.292747e-09	9.017598e-10	3.803309e+01	5.957174e+01
3.530000e-06	5.299166e-09	8.991256e-10	3.807922e+01	5.949635e+01
3.540000e-06	5.305229e-09	8.961683e-10	3.812278e+01	5.941552e+01
3.550000e-06	5.310942e-09	8.946111e-10	3.816384e+01	5.932988e+01
3.560000e-06	5.316286e-09	8.949346e-10	3.820224e+01	5.924012e+01
3.570000e-06	5.321234e-09	8.966110e-10	3.823780e+01	5.914699e+01
3.580000e-06	5.325804e-09	8.985568e-10	3.827064e+01	5.905128e+01
3.590000e-06	5.330061e-09	8.989548e-10	3.830123e+01	5.895381e+01
3.600000e-06	5.334077e-09	8.978938e-10	3.833009e+01	5.885545e+01
3.610000e-06	5.337876e-09	8.977253e-10	3.835738e+01	5.875710e+01
3.620000e-06	5.341398e-09	8.982804e-10	3.838270e+01	5.865966e+01
3.630000e-06	5.344538e-09	8.981581e-10	3.840526e+01	5.856406e+01
3.640000e-06	5.347180e-09	8.969313e-10	3.842424e+01	5.847123e+01
3.650000e-06	5.349233e-09	8.959907e-10	3.843899e+01	5.838207e+01
3.660000e-06	5.350672e-09	8.973502e-10	3.844933e+01	5.829750e+01
3.670000e-06	5.351556e-09	8.991589e-10	3.845569e+01	5.821838e+01
3.680000e-06	5.352010e-09	8.999921e-10	3.845895e+01	5.814558e+01
3.690000e-06	5.352151e-09	8.997743e-10	3.845996e+01	5.807988e+01
3.700000e-06	5.352052e-09	8.991724e-10	3.845926e+01	5.802204e+01
3.710000e-06	5.351713e-09	8.966312e-10	3.845681e+01	5.797276e+01
3.720000e-06	5.351068e-09	8.929173e-10	3.845218e+01	5.793267e+01
3.730000e-06	5.350052e-09	8.908962e-10	3.844488e+01	5.790232e+01
3.740000e-06	5.348653e-09	8.922482e-10	3.843483e+01	5.788219e+01
3.750000e-06	5.346911e-09	9.034216e-10	3.842231e+01	5.787267e+01
3.760000e-06	5.344866e-09	9.234987e-10	3.840762e+01	5.787406e+01
3.770000e-06	5.342519e-09	9.198394e-10	3.839075e+01	5.788656e+01
3.780000e-06	5.339812e-09	8.554569e-10	3.837129e+01	5.791028e+01
3.790000e-06	5.336653e-09	7.756528e-10	3.834860e+01	5.794523e+01
3.800000e-06	5.333026e-09	8.161669e-10	3.832254e+01	5.799132e+01
3.810000e-06	5.329054e-09	9.215674e-10	3.829399e+01	5.804833e+01
3.820000e-06	5.324899e-09	9.009381e-10	3.826414e+01	5.811599e+01
3.830000e-06	5.320561e-09	8.187535e-10	3.823297e+01	5.819387e+01
3.840000e-06	5.315819e-09	8.752293e-10	3.819888e+01	5.828148e+01
3.850000e-06	5.310500e-09	9.858552e-10	3.816067e+01	5.837822e+01
3.860000e-06	5.304693e-09	9.205876e-10	3.811894e+01	5.848341e+01
3.870000e-06	5.298516e-09	7.493382e-10	3.807455e+01	5.859627e+01
3.880000e-06	5.291874e-09	7.882875e-10	3.802682e+01	5.871594e+01
3.890000e-06	5.284648e-09	9.482948e-10	3.797490e+01	5.884150e+01
3.900000e-06	5.276944e-09	9.117513e-10	3.791953e+01	5.897195e+01
3.910000e-06	5.268930e-09	7.932217e-10	3.786195e+01	5.910624e+01
3.920000e-06	5.260639e-09	8.673783e-10	3.780237e+01	5.924327e+01
3.930000e-06	5.252040e-09	9.918070e-10	3.774058e+01	5.938189e+01
3.940000e-06	5.243140e-09	8.626904e-10	3.767663e+01	5.952094e+01
3.950000e-06	5.233921e-09	7.464877e-10	3.761038e+01	5.965922e+01
3.960000e-06	5.224318e-09	8.739239e-10	3.754137e+01	5.979553e+01
3.970000e-06	5.214319e-09	9.901919e-10	3.746952e+01	5.992866e+01
3.980000e-06	5.203967e-09	8.619554e-10	3.739514e+01	6.005742e+01
3.990000e-06	5.193254e-09	8.161356e-10	3.731815e+01	6.018064e+01
4.000000e-06	5.182134e-09	9.632041e-10	3.723824e+01	6.029717e+01
4.010000e-06	5.170628e-09	9.685558e-10	3.715557e+01	6.040592e+01
4.020000e-06	5.158757e-09	8.216360e-10	3.707026e+01	6.050582e+01
4.030000e-06	5.146506e-09	8.558879e-10	3.698223e+01	6.059587e+01
4.040000e-06	5.133874e-09	9.976712e-10	3.689145e+01	6.067515e+01
4.050000e-06	5.120816e-09	9.500075e-10	3.679762e+01	6.074279e+01
4.060000e-06	5.107182e-09	8.584729e-10	3.669965e+01	6.079802e+01
4.070000e-06	5.092863e-09	9.256146e-10	3.659675e+01	6.084014e+01
4.080000e-06	5.077945e-09	9.614947e-10	3.648955e+01	6.086856e+01
4.090000e-06	5.062587e-09	8.831212e-10	3.637919e+01	6.088276e+01
4.100000e-06	5.046880e-09	8.659845e-10	3.626633e+01	6.088233e+01
4.110000e-06	5.030885e-09	9.009628e-10	3.615139e+01	6.086698e+01
4.120000e-06	5.014646e-09	8.890757e-10	3.603469e+01	6.083649e+01
4.130000e-06	4.998125e-09	8.965359e-10	3.591598e+01	6.079076e+01
4.140000e-06	4.981251e-09	9.379745e-10	3.579472e+01	6.072979e+01
4.150000e-06	4.964003e-09	8.923211e-10	3.567078e+01	6.065368e+01
4.160000e-06	4.946411e-09	8.517774e-10	3.554437e+01	6.056263e+01
4.170000e-06	4.928505e-09	8.940485e-10	3.541569e+01	6.045694e+01
4.180000e-06	4.910290e-09	9.100036e-10	3.528480e+01	6.033699e+01
4.190000e-06	4.891736e-09	8.548874e-10	3.515148e+01	6.020323e+01
4.200000e-06	4.872814e-09	8.633886e-10	3.501551e+01	6.005624e+01
4.210000e-06	4.853543e-09	9.092992e-10	3.487702e+01	5.989661e+01
4.220000e-06	4.833970e-09	9.115614e-10	3.473638e+01	5.972505e+01
4.230000e-06	4.814149e-09	8.774716e-10	3.459395e+01	5.954229e+01
4.240000e-06	4.794125e-09	8.602747e-10	3.445006e+01	5.934913e+01
4.250000e-06	4.773897e-09	8.568965e-10	3.430470e+01	5.914640e+01
4.260000e-06	4.753405e-09	8.695134e-10	3.415745e+01	5.893497e+01
4.270000e-06	4.732542e-09	8.664546e-10	3.400753e+01	5.871574e+01
4.280000e-06	4.711195e-09	8.542017e-10	3.385413e+01	5.848960e+01
4.290000e-06	4.689292e-09	8.629318e-10	3.369674e+01	5.825748e+01
4.300000e-06	4.666818e-09	8.836262e-10	3.353524e+01	5.802028e+01
4.310000e-06	4.643825e-09	8.710911e-10	3.337002e+01	5.777889e+01
4.320000e-06	4.620405e-09	8.456988e-10	3.320173e+01	5.753420e+01
4.330000e-06	4.596666e-09	8.360711e-10	3.303114e+01	5.728705e+01
4.340000e-06	4.572696e-09	8.456298e-10	3.285889e+01	5.703825e+01
4.350000e-06	4.548521e-09	8.552502e-10	3.268518e+01	5.678859e+01
4.360000e-06	4.524120e-09	8.440855e-10	3.250983e+01	5.653877e+01
4.370000e-06	4.499440e-09	8.311360e-10	3.233249e+01	5.628946e+01
4.380000e-06	4.474436e-09	8.454613e-10	3.215281e+01	5.604128e+01
4.390000e-06	4.449092e-09	8.582409e-10	3.197069e+01	5.579476e+01
4.400000e-06	4.423426e-09	8.373312e-10	3.178626e+01	5.555038e+01
4.410000e-06	4.397463e-09	8.180305e-10	3.159969e+01	5.530855e+01
4.420000e-06	4.371220e-09	8.245940e-10	3.141111e+01	5.506960e+01
4.430000e-06	4.344689e-09	8.373830e-10	3.122046e+01	5.483380e+01
4.440000e-06	4.317840e-09	8.326173e-10	3.102753e+01	5.460133e+01
4.450000e-06	4.290660e-09	8.207412e-10	3.083222e+01	5.437230e+01
4.460000e-06	4.263177e-09	8.163160e-10	3.063473e+01	5.414677e+01
4.470000e-06	4.235448e-09	8.242531e-10	3.043547e+01	5.392471e+01
4.480000e-06	4.207525e-09	8.195256e-10	3.023482e+01	5.370603e+01
4.490000e-06	4.179434e-09	8.048671e-10	3.003295e+01	5.349058e+01
4.500000e-06	4.151155e-09	8.001349e-10	2.982974e+01	5.327815e+01
4.510000e-06	4.122627e-09	8.108095e-10	2.962475e+01	5.306849e+01
4.520000e-06	4.093761e-09	8.133083e-10	2.941732e+01	5.286127e+01
4.530000e-06	4.064468e-09	8.057207e-10	2.920682e+01	5.265615e+01
4.540000e-06	4.034695e-09	7.962292e-10	2.899288e+01	5.245274e+01
4.550000e-06	4.004439e-09	7.984320e-10	2.877546e+01	5.225062e+01
4.560000e-06	3.973722e-09	8.004086e-10	2.855474e+01	5.204935e+01
4.570000e-06	3.942599e-09	7.937759e-10	2.833109e+01	5.184847e+01
4.580000e-06	3.911145e-09	7.846391e-10	2.810506e+01	5.164751e+01
4.590000e-06	3.879437e-09	7.876024e-10	2.787722e+01	5.144600e+01
4.600000e-06	3.847536e-09	7.948395e-10	2.764798e+01	5.124346e+01
4.610000e-06	3.815469e-09	7.930349e-10	2.741755e+01	5.103944e+01
4.620000e-06	3.783223e-09	7.804872e-10	2.718583e+01	5.083349e+01
4.630000e-06	3.750769e-09	7.738796e-10	2.695262e+01	5.062517e+01
4.640000e-06	3.718074e-09	7.781936e-10	2.671768e+01	5.041409e+01
4.650000e-06	3.685115e-09	7.782584e-10	2.648084e+01	5.019987e+01
4.660000e-06	3.651889e-09	7.681314e-10	2.624208e+01	4.998217e+01
4.670000e-06	3.618408e-09	7.630501e-10	2.600149e+01	4.976069e+01
4.680000e-06	3.584696e-09	7.685004e-10	2.575924e+01	4.953517e+01
4.690000e-06	3.550764e-09	7.695261e-10	2.551541e+01	4.930539e+01
4.700000e-06	3.516611e-09	7.604758e-10	2.526999e+01	4.907118e+01
4.710000e-06	3.482230e-09	7.518468e-10	2.502293e+01	4.883239e+01
4.720000e-06	3.447609e-09	7.538547e-10	2.477414e+01	4.858896e+01
4.730000e-06	3.412731e-09	7.560810e-10	2.452352e+01	4.834084e+01
4.740000e-06	3.377589e-09	7.500383e-10	2.427099e+01	4.808803e+01
4.750000e-06	3.342198e-09	7.408291e-10	2.401667e+01	4.783059e+01
4.760000e-06	3.306584e-09	7.383690e-10	2.376076e+01	4.756861e+01
4.770000e-06	3.270794e-09	7.367933e-10	2.350358e+01	4.730220e+01
4.780000e-06	3.234870e-09	7.299959e-10	2.324543e+01	4.703154e+01
4.790000e-06	3.198828e-09	7.215010e-10	2.298643e+01	4.675681e+01
4.800000e-06	3.162663e-09	7.224718e-10	2.272655e+01	4.647825e+01
4.810000e-06	3.126349e-09	7.262098e-10	2.246561e+01	4.619608e+01
4.820000e-06	3.089845e-09	7.244261e-10	2.220329e+01	4.591058e+01
4.830000e-06	3.053101e-09	7.169656e-10	2.193926e+01	4.562203e+01
4.840000e-06	3.016072e-09	7.123918e-10	2.167317e+01	4.533069e+01
4.850000e-06	2.978718e-09	7.101107e-10	2.140475e+01	4.503688e+01
4.860000e-06	2.941010e-09	7.050084e-10	2.113379e+01	4.474086e+01
4.870000e-06	2.902938e-09	6.963458e-10	2.086020e+01	4.444293e+01
4.880000e-06	2.864488e-09	6.910390e-10	2.058391e+01	4.414334e+01
4.890000e-06	2.825675e-09	6.890579e-10	2.030501e+01	4.384237e+01
4.900000e-06	2.786544e-09	6.858379e-10	2.002382e+01	4.354023e+01
4.910000e-06	2.747150e-09	6.793210e-10	1.974073e+01	4.323714e+01
4.920000e-06	2.707546e-09	6.746818e-10	1.945614e+01	4.293328e+01
4.930000e-06	2.667779e-09	6.726072e-10	1.917038e+01	4.262880e+01
4.940000e-06	2.627890e-09	6.681639e-10	1.888374e+01	4.232381e+01
4.950000e-06	2.587900e-09	6.604343e-10	1.859638e+01	4.201839e+01
4.960000e-06	2.547814e-09	6.549969e-10	1.830833e+01	4.171260e+01
4.970000e-06	2.507629e-09	6.546707e-10	1.801956e+01	4.140641e+01
4.980000e-06	2.467334e-09	6.539230e-10	1.773000e+01	4.109981e+01
4.990000e-06	2.426915e-09	6.486137e-10	1.743956e+01	4.079270e+01
5.000000e-06	2.386360e-09	6.416314e-10	1.714814e+01	4.048497e+01
5.010000e-06	2.345649e-09	6.375711e-10	1.685559e+01	4.017647e+01
5.020000e-06	2.304764e-09	6.338044e-10	1.656180e+01	3.986699e+01
5.030000e-06	2.263705e-09	6.269852e-10	1.626675e+01	3.955632e+01
5.040000e-06	2.222470e-09	6.177482e-10	1.597043e+01	3.924417e+01
5.050000e-06	2.181059e-09	6.127652e-10	1.567286e+01	3.893027e+01
5.060000e-06	2.139481e-09	6.122116e-10	1.537409e+01	3.861430e+01
5.070000e-06	2.097757e-09	6.105737e-10	1.507426e+01	3.829591e+01
5.080000e-06	2.055901e-09	6.061763e-10	1.477349e+01	3.797474e+01
5.090000e-06	2.013920e-09	6.029689e-10	1.447182e+01	3.765042e+01
5.100000e-06	1.971812e-09	6.011595e-10	1.416924e+01	3.732256e+01
5.110000e-06	1.929578e-09	5.976153e-10	1.386575e+01	3.699079e+01
5.120000e-06	1.887220e-09	5.897835e-10	1.356137e+01	3.665470e+01
5.130000e-06	1.844731e-09	5.820797e-10	1.325605e+01	3.631392e+01
5.140000e-06	1.802108e-09	5.777414e-10	1.294976e+01	3.596808e+01
5.150000e-06	1.759350e-09	5.745142e-10	1.264251e+01	3.561681e+01
5.160000e-06	1.716454e-09	5.689116e-10	1.233426e+01	3.525977e+01
5.170000e-06	1.673416e-09	5.630363e-10	1.202500e+01	3.489664e+01
5.180000e-06	1.630233e-09	5.581283e-10	1.171469e+01	3.452713e+01
5.190000e-06	1.586914e-09	5.508240e-10	1.140340e+01	3.415098e+01
5.200000e-06	1.543474e-09	5.424519e-10	1.109125e+01	3.376796e+01
5.210000e-06	1.499929e-09	5.362605e-10	1.077834e+01	3.337788e+01
5.220000e-06	1.456296e-09	5.332436e-10	1.046480e+01	3.298057e+01
5.230000e-06	1.412588e-09	5.319951e-10	1.015072e+01	3.257592e+01
5.240000e-06	1.368817e-09	5.276438e-10	9.836185e+00	3.216386e+01
5.250000e-06	1.324991e-09	5.201157e-10	9.521252e+00	3.174436e+01
5.260000e-06	1.281116e-09	5.095136e-10	9.205968e+00	3.131741e+01
5.270000e-06	1.237196e-09	4.969418e-10	8.890364e+00	3.088308e+01
5.280000e-06	1.193236e-09	4.867917e-10	8.574470e+00	3.044144e+01
5.290000e-06	1.149239e-09	4.818989e-10	8.258315e+00	2.999262e+01
5.300000e-06	1.105204e-09	4.809516e-10	7.941882e+00	2.953679e+01
5.310000e-06	1.061125e-09	4.804160e-10	7.625136e+00	2.907415e+01
5.320000e-06	1.016999e-09	4.775188e-10	7.308047e+00	2.860491e+01
5.330000e-06	9.728299e-10	4.720174e-10	6.990653e+00	2.812933e+01
5.340000e-06	9.286233e-10	4.626208e-10	6.672989e+00	2.764769e+01
5.350000e-06	8.843826e-10	4.490191e-10	6.355080e+00	2.716029e+01
5.360000e-06	8.401050e-10	4.352135e-10	6.036905e+00	2.666742e+01
5.370000e-06	7.957950e-10	4.260887e-10	5.718497e+00	2.616941e+01
5.380000e-06	7.514544e-10	4.217708e-10	5.399871e+00	2.566658e+01
5.390000e-06	7.070734e-10	4.194478e-10	5.080953e+00	2.515926e+01
5.400000e-06	6.626445e-10	4.162967e-10	4.761692e+00	2.464775e+01
5.410000e-06	6.181743e-10	4.111746e-10	4.442133e+00	2.413237e+01
5.420000e-06	5.736671e-10	4.045912e-10	4.122309e+00	2.361340e+01
5.430000e-06	5.291302e-10	3.947532e-10	3.802273e+00	2.309111e+01
5.440000e-06	4.845652e-10	3.807752e-10	3.482033e+00	2.256575e+01
5.450000e-06	4.399652e-10	3.664140e-10	3.161543e+00	2.203753e+01
5.460000e-06	3.953322e-10	3.568515e-10	2.840815e+00	2.150663e+01
5.470000e-06	3.506652e-10	3.510733e-10	2.519843e+00	2.097320e+01
5.480000e-06	3.059668e-10	3.465393e-10	2.198646e+00	2.043735e+01
5.490000e-06	2.612408e-10	3.421730e-10	1.877250e+00	1.989913e+01
5.500000e-06	2.164990e-10	3.389935e-10	1.555741e+00	1.935858e+01
5.510000e-06	1.717568e-10	3.342122e-10	1.234229e+00	1.881565e+01
5.520000e-06	1.270215e-10	3.236885e-10	9.127661e-01	1.827028e+01
5.530000e-06	8.228858e-11	3.080537e-10	5.913207e-01	1.772236e+01
5.540000e-06	3.755951e-11	2.934071e-10	2.699029e-01	1.717171e+01
5.550000e-06	-7.167517e-12	2.843375e-10	-5.150015e-02	1.661812e+01
5.560000e-06	-5.189510e-11	2.800499e-10	-3.729072e-01	1.606134e+01
5.570000e-06	-9.661923e-11	2.757856e-10	-6.942894e-01	1.550107e+01
5.580000e-06	-1.413394e-10	2.710808e-10	-1.015643e+00	1.493698e+01
5.590000e-06	-1.860588e-10	2.667848e-10	-1.336991e+00	1.436870e+01
5.600000e-06	-2.307701e-10	2.598144e-10	-1.658282e+00	1.379582e+01
5.610000e-06	-2.754613e-10	2.481580e-10	-1.979427e+00	1.321791e+01
5.620000e-06	-3.201289e-10	2.313805e-10	-2.300404e+00	1.263453e+01
5.630000e-06	-3.647690e-10	2.148626e-10	-2.621182e+00	1.204519e+01
5.640000e-06	-4.093736e-10	2.048649e-10	-2.941706e+00	1.144941e+01
5.650000e-06	-4.539397e-10	2.009146e-10	-3.261952e+00	1.084672e+01
5.660000e-06	-4.984668e-10	1.978680e-10	-3.581919e+00	1.023660e+01
5.670000e-06	-5.429513e-10	1.908356e-10	-3.901580e+00	9.618588e+00
5.680000e-06	-5.873932e-10	1.797010e-10	-4.220935e+00	8.992200e+00
5.690000e-06	-6.317999e-10	1.658330e-10	-4.540037e+00	8.356981e+00
5.700000e-06	-6.761757e-10	1.506320e-10	-4.858917e+00	7.712497e+00
5.710000e-06	-7.205174e-10	1.352285e-10	-5.177552e+00	7.058345e+00
5.720000e-06	-7.648228e-10	1.227682e-10	-5.495926e+00	6.394156e+00
5.730000e-06	-8.090908e-10	1.164911e-10	-5.814031e+00	5.719599e+00
5.740000e-06	-8.533263e-10	1.112457e-10	-6.131904e+00	5.034392e+00
5.750000e-06	-8.975293e-10	1.017869e-10	-6.449542e+00	4.338301e+00
5.760000e-06	-9.416922e-10	8.886513e-11	-6.766893e+00	3.631143e+00
5.770000e-06	-9.858183e-10	7.464470e-11	-7.083980e+00	2.912798e+00
5.780000e-06	-1.029911e-09	5.923082e-11	-7.400824e+00	2.183203e+00
5.790000e-06	-1.073966e-09	4.349431e-11	-7.717398e+00	1.442358e+00
5.800000e-06	-1.117982e-09	2.894017e-11	-8.033697e+00	6.903296e-01
5.810000e-06	-1.161958e-09	1.697750e-11	-8.349707e+00	-7.274988e-02
5.820000e-06	-1.205893e-09	8.024685e-12	-8.665414e+00	-8.466816e-01
5.830000e-06	-1.249783e-09	-4.507957e-13	-8.980809e+00	-1.631200e+00
5.840000e-06	-1.293627e-09	-1.180505e-11	-9.295869e+00	-2.425972e+00
5.850000e-06	-1.337416e-09	-2.601155e-11	-9.610528e+00	-3.230601e+00
5.860000e-06	-1.381146e-09	-4.105269e-11	-9.924770e+00	-4.044629e+00
5.870000e-06	-1.424806e-09	-5.636310e-11	-1.023851e+01	-4.867534e+00
5.880000e-06	-1.468381e-09	-7.200419e-11	-1.055163e+01	-5.698741e+00
5.890000e-06	-1.511857e-09	-8.600119e-11	-1.086405e+01	-6.537620e+00
5.900000e-06	-1.555223e-09	-9.666166e-11	-1.117567e+01	-7.383492e+00
5.910000e-06	-1.598473e-09	-1.060047e-10	-1.148645e+01	-8.235633e+00
5.920000e-06	-1.641592e-09	-1.174502e-10	-1.179630e+01	-9.093282e+00
5.930000e-06	-1.684572e-09	-1.322702e-10	-1.210515e+01	-9.955642e+00
5.940000e-06	-1.727409e-09	-1.497215e-10	-1.241297e+01	-1.082189e+01
5.950000e-06	-1.770106e-09	-1.671439e-10	-1.271979e+01	-1.169118e+01
5.960000e-06	-1.812670e-09	-1.818663e-10	-1.302565e+01	-1.256265e+01
5.970000e-06	-1.855106e-09	-1.939071e-10	-1.333059e+01	-1.343544e+01
5.980000e-06	-1.897415e-09	-2.041839e-10	-1.363462e+01	-1.430865e+01
5.990000e-06	-1.939606e-09	-2.144334e-10	-1.393780e+01	-1.518144e+01
6.000000e-06	-1.981689e-09	-2.266743e-10	-1.424020e+01	-1.605292e+01
6.010000e-06	-2.023659e-09	-2.415599e-10	-1.454180e+01	-1.692226e+01
6.020000e-06	-2.065507e-09	-2.576807e-10	-1.484251e+01	-1.778863e+01
6.030000e-06	-2.107214e-09	-2.727625e-10	-1.514221e+01	-1.865123e+01
6.040000e-06	-2.148768e-09	-2.867857e-10	-1.544082e+01	-1.950928e+01
6.050000e-06	-2.190153e-09	-3.000711e-10	-1.573820e+01	-2.036206e+01
6.060000e-06	-2.231351e-09	-3.127838e-10	-1.603425e+01	-2.120887e+01
6.070000e-06	-2.272358e-09	-3.257863e-10	-1.632892e+01	-2.204905e+01
6.080000e-06	-2.313177e-09	-3.395583e-10	-1.662224e+01	-2.288200e+01
6.090000e-06	-2.353817e-09	-3.544539e-10	-1.691427e+01	-2.370717e+01
6.100000e-06	-2.394297e-09	-3.698579e-10	-1.720516e+01	-2.452405e+01
6.110000e-06	-2.434638e-09	-3.852397e-10	-1.749504e+01	-2.533218e+01
6.120000e-06	-2.474864e-09	-3.986776e-10	-1.778411e+01	-2.613117e+01
6.130000e-06	-2.514998e-09	-4.092934e-10	-1.807251e+01	-2.692066e+01
6.140000e-06	-2.555050e-09	-4.195967e-10	-1.836031e+01	-2.770037e+01
6.150000e-06	-2.595019e-09	-4.320807e-10	-1.864753e+01	-2.847004e+01
6.160000e-06	-2.634895e-09	-4.464610e-10	-1.893407e+01	-2.922950e+01
6.170000e-06	-2.674653e-09	-4.610618e-10	-1.921977e+01	-2.997858e+01
6.180000e-06	-2.714264e-09	-4.759247e-10	-1.950441e+01	-3.071720e+01
6.190000e-06	-2.753684e-09	-4.908866e-10	-1.978768e+01	-3.144530e+01
6.200000e-06	-2.792866e-09	-5.021111e-10	-2.006924e+01	-3.216285e+01
6.210000e-06	-2.831768e-09	-5.084012e-10	-2.034878e+01	-3.286989e+01
6.220000e-06	-2.870344e-09	-5.149955e-10	-2.062598e+01	-3.356645e+01
6.230000e-06	-2.908562e-09	-5.259128e-10	-2.090061e+01	-3.425261e+01
6.240000e-06	-2.946403e-09	-5.400332e-10	-2.117253e+01	-3.492848e+01
6.250000e-06	-2.983869e-09	-5.564014e-10	-2.144176e+01	-3.559417e+01
6.260000e-06	-3.020984e-09	-5.739285e-10	-2.170846e+01	-3.624982e+01
6.270000e-06	-3.057787e-09	-5.904605e-10	-2.197292e+01	-3.689556e+01
6.280000e-06	-3.094331e-09	-6.033330e-10	-2.223552e+01	-3.753155e+01
6.290000e-06	-3.130672e-09	-6.105444e-10	-2.249667e+01	-3.815793e+01
6.300000e-06	-3.166858e-09	-6.142388e-10	-2.275669e+01	-3.877484e+01
6.310000e-06	-3.202921e-09	-6.188638e-10	-2.301584e+01	-3.938243e+01
6.320000e-06	-3.238870e-09	-6.284679e-10	-2.327417e+01	-3.998081e+01
6.330000e-06	-3.274684e-09	-6.415914e-10	-2.353152e+01	-4.057010e+01
6.340000e-06	-3.310330e-09	-6.561442e-10	-2.378767e+01	-4.115038e+01
6.350000e-06	-3.345766e-09	-6.714982e-10	-2.404231e+01	-4.172174e+01
6.360000e-06	-3.380955e-09	-6.847780e-10	-2.429517e+01	-4.228423e+01
6.370000e-06	-3.415883e-09	-6.945710e-10	-2.454616e+01	-4.283787e+01
6.380000e-06	-3.450551e-09	-7.010394e-10	-2.479528e+01	-4.338266e+01
6.390000e-06	-3.484970e-09	-7.061513e-10	-2.504261e+01	-4.391860e+01
6.400000e-06	-3.519158e-09	-7.120581e-10	-2.528828e+01	-4.444563e+01
6.410000e-06	-3.553130e-09	-7.184616e-10	-2.553240e+01	-4.496369e+01
6.420000e-06	-3.586872e-09	-7.253274e-10	-2.577487e+01	-4.547268e+01
6.430000e-06	-3.620360e-09	-7.339945e-10	-2.601551e+01	-4.597249e+01
6.440000e-06	-3.653573e-09	-7.433488e-10	-2.625417e+01	-4.646298e+01
6.450000e-06	-3.686491e-09	-7.519388e-10	-2.649072e+01	-4.694401e+01
6.460000e-06	-3.719125e-09	-7.599827e-10	-2.672522e+01	-4.741540e+01
6.470000e-06	-3.751519e-09	-7.675612e-10	-2.695801e+01	-4.787699e+01
6.480000e-06	-3.783725e-09	-7.743016e-10	-2.718943e+01	-4.832857e+01
6.490000e-06	-3.815777e-09	-7.806750e-10	-2.741975e+01	-4.876996e+01
6.500000e-06	-3.847672e-09	-7.863227e-10	-2.764895e+01	-4.920097e+01
6.510000e-06	-3.879372e-09	-7.912716e-10	-2.787674e+01	-4.962140e+01
6.520000e-06	-3.910816e-09	-7.970157e-10	-2.810270e+01	-5.003107e+01
6.530000e-06	-3.941935e-09	-8.042427e-10	-2.832631e+01	-5.042979e+01
6.540000e-06	-3.972655e-09	-8.116900e-10	-2.854706e+01	-5.081742e+01
6.550000e-06	-4.002920e-09	-8.182697e-10	-2.876454e+01	-5.119381e+01
6.560000e-06	-4.032701e-09	-8.241336e-10	-2.897855e+01	-5.155884e+01
6.570000e-06	-4.062005e-09	-8.292493e-10	-2.918912e+01	-5.191240e+01
6.580000e-06	-4.090888e-09	-8.334782e-10	-2.939667e+01	-5.225444e+01
6.590000e-06	-4.119431e-09	-8.362114e-10	-2.960177e+01	-5.258492e+01
6.600000e-06	-4.147720e-09	-8.391880e-10	-2.980506e+01	-5.290382e+01
6.610000e-06	-4.175830e-09	-8.437554e-10	-3.000705e+01	-5.321119e+01
6.620000e-06	-4.203780e-09	-8.494296e-10	-3.020790e+01	-5.350708e+01
6.630000e-06	-4.231544e-09	-8.551735e-10	-3.040741e+01	-5.379162e+01
6.640000e-06	-4.259060e-09	-8.602617e-10	-3.060514e+01	-5.406493e+01
6.650000e-06	-4.286273e-09	-8.658892e-10	-3.080069e+01	-5.432721e+01
6.660000e-06	-4.313156e-09	-8.714623e-10	-3.099386e+01	-5.457867e+01
6.670000e-06	-4.339716e-09	-8.745681e-10	-3.118472e+01	-5.481958e+01
6.680000e-06	-4.365973e-09	-8.769980e-10	-3.137340e+01	-5.505023e+01
6.690000e-06	-4.391941e-09	-8.816974e-10	-3.156000e+01	-5.527095e+01
6.700000e-06	-4.417604e-09	-8.884657e-10	-3.174442e+01	-5.548210e+01
6.710000e-06	-4.442931e-09	-8.953443e-10	-3.192641e+01	-5.568407e+01
6.720000e-06	-4.467913e-09	-8.998866e-10	-3.210593e+01	-5.587726e+01
6.730000e-06	-4.492572e-09	-9.024602e-10	-3.228312e+01	-5.606213e+01
6.740000e-06	-4.516962e-09	-9.050937e-10	-3.245839e+01	-5.623910e+01
6.750000e-06	-4.541145e-09	-9.078954e-10	-3.263217e+01	-5.640866e+01
6.760000e-06	-4.565155e-09	-9.098174e-10	-3.280470e+01	-5.657127e+01
6.770000e-06	-4.588966e-09	-9.114299e-10	-3.297581e+01	-5.672742e+01
6.780000e-06	-4.612510e-09	-9.144999e-10	-3.314499e+01	-5.687756e+01
6.790000e-06	-4.635699e-09	-9.182711e-10	-3.331162e+01	-5.702217e+01
6.800000e-06	-4.658439e-09	-9.210571e-10	-3.347503e+01	-5.716170e+01
6.810000e-06	-4.680653e-09	-9.227016e-10	-3.363466e+01	-5.729660e+01
6.820000e-06	-4.702313e-09	-9.245145e-10	-3.379030e+01	-5.742727e+01
6.830000e-06	-4.723448e-09	-9.259012e-10	-3.394218e+01	-5.755410e+01
6.840000e-06	-4.744143e-09	-9.259407e-10	-3.409089e+01	-5.767746e+01
6.850000e-06	-4.764514e-09	-9.257419e-10	-3.423727e+01	-5.779767e+01
6.860000e-06	-4.784658e-09	-9.266230e-10	-3.438202e+01	-5.791501e+01
6.870000e-06	-4.804611e-09	-9.295778e-10	-3.452540e+01	-5.802973e+01
6.880000e-06	-4.824341e-09	-9.338700e-10	-3.466718e+01	-5.814202e+01
6.890000e-06	-4.843774e-09	-9.371978e-10	-3.480682e+01	-5.825204e+01
6.900000e-06	-4.862852e-09	-9.388982e-10	-3.494392e+01	-5.835990e+01
6.910000e-06	-4.881566e-09	-9.395873e-10	-3.507839e+01	-5.846565e+01
6.920000e-06	-4.899946e-09	-9.402366e-10	-3.521047e+01	-5.856929e+01
6.930000e-06	-4.918032e-09	-9.411558e-10	-3.534044e+01	-5.867078e+01
6.940000e-06	-4.935817e-09	-9.412844e-10	-3.546824e+01	-5.877004e+01
6.950000e-06	-4.953269e-09	-9.421118e-10	-3.559364e+01	-5.886692e+01
6.960000e-06	-4.970352e-09	-9.450088e-10	-3.571640e+01	-5.896124e+01
6.970000e-06	-4.987073e-09	-9.476375e-10	-3.583656e+01	-5.905278e+01
6.980000e-06	-5.003491e-09	-9.473745e-10	-3.595453e+01	-5.914128e+01
6.990000e-06	-5.019674e-09	-9.458933e-10	-3.607082e+01	-5.922643e+01
7.000000e-06	-5.035643e-09	-9.453154e-10	-3.618557e+01	-5.930792e+01
7.010000e-06	-5.051330e-09	-9.453054e-10	-3.629830e+01	-5.938539e+01
7.020000e-06	-5.066594e-09	-9.448484e-10	-3.640798e+01	-5.945847e+01
7.030000e-06	-5.081288e-09	-9.441658e-10	-3.651358e+01	-5.952678e+01
7.040000e-06	-5.095338e-09	-9.443134e-10	-3.661454e+01	-5.958993e+01
7.050000e-06	-5.108773e-09	-9.455643e-10	-3.671108e+01	-5.964753e+01
7.060000e-06	-5.121691e-09	-9.470127e-10	-3.680391e+01	-5.969920e+01
7.070000e-06	-5.134205e-09	-9.480495e-10	-3.689383e+01	-5.974455e+01
7.080000e-06	-5.146391e-09	-9.481339e-10	-3.698140e+01	-5.978324e+01
7.090000e-06	-5.158267e-09	-9.460906e-10	-3.706673e+01	-5.981493e+01
7.100000e-06	-5.169790e-09	-9.441127e-10	-3.714954e+01	-5.983933e+01
7.110000e-06	-5.180914e-09	-9.438107e-10	-3.722947e+01	-5.985618e+01
7.120000e-06	-5.191645e-09	-9.444033e-10	-3.730659e+01	-5.986526e+01
7.130000e-06	-5.202024e-09	-9.454454e-10	-3.738117e+01	-5.986641e+01
7.140000e-06	-5.212081e-09	-9.448260e-10	-3.745344e+01	-5.985951e+01
7.150000e-06	-5.221806e-09	-9.433167e-10	-3.752332e+01	-5.984450e+01
7.160000e-06	-5.231147e-09	-9.420726e-10	-3.759045e+01	-5.982139e+01
7.170000e-06	-5.240088e-09	-9.399131e-10	-3.765469e+01	-5.979026e+01
7.180000e-06	-5.248664e-09	-9.365099e-10	-3.771632e+01	-5.975125e+01
7.190000e-06	-5.256958e-09	-9.334855e-10	-3.777592e+01	-5.970456e+01
7.200000e-06	-5.265041e-09	-9.325791e-10	-3.783400e+01	-5.965047e+01
7.210000e-06	-5.272912e-09	-9.329184e-10	-3.789056e+01	-5.958933e+01
7.220000e-06	-5.280491e-09	-9.327108e-10	-3.794503e+01	-5.952157e+01
7.230000e-06	-5.287663e-09	-9.316480e-10	-3.799656e+01	-5.944767e+01
7.240000e-06	-5.294320e-09	-9.305764e-10	-3.804440e+01	-5.936819e+01
7.250000e-06	-5.300384e-09	-9.293277e-10	-3.808797e+01	-5.928374e+01
7.260000e-06	-5.305837e-09	-9.271016e-10	-3.812716e+01	-5.919501e+01
7.270000e-06	-5.310754e-09	-9.224562e-10	-3.816249e+01	-5.910271e+01
7.280000e-06	-5.315262e-09	-9.178386e-10	-3.819488e+01	-5.900763e+01
7.290000e-06	-5.319483e-09	-9.154693e-10	-3.822522e+01	-5.891059e+01
7.300000e-06	-5.323482e-09	-9.141211e-10	-3.825395e+01	-5.881245e+01
7.310000e-06	-5.327232e-09	-9.113885e-10	-3.828090e+01	-5.871410e+01
7.320000e-06	-5.330653e-09	-9.068815e-10	-3.830548e+01	-5.861643e+01
7.330000e-06	-5.333682e-09	-9.027845e-10	-3.832725e+01	-5.852038e+01
7.340000e-06	-5.336326e-09	-9.000539e-10	-3.834625e+01	-5.842687e+01
7.350000e-06	-5.338639e-09	-8.982914e-10	-3.836287e+01	-5.833682e+01
7.360000e-06	-5.340663e-09	-8.962873e-10	-3.837741e+01	-5.825113e+01
7.370000e-06	-5.342378e-09	-8.926251e-10	-3.838973e+01	-5.817069e+01
7.380000e-06	-5.343605e-09	-8.884323e-10	-3.839855e+01	-5.809636e+01
7.390000e-06	-5.344404e-09	-8.847122e-10	-3.840429e+01	-5.802894e+01
7.400000e-06	-5.344933e-09	-8.795015e-10	-3.840809e+01	-5.796921e+01
