# Configuracion:
# Concentracion g/m^3_=_1720.0
# C_Vs_to_Am_M_A/Vsm_=_65563218390.804596
# pendiente_HvsI_1/m_=_3716.3
# ordenada_HvsI_A/m_=_1297.0
# frecuencia_ref_Hz_=_135039.95340264565
# 
Resultados:
# tau_ns_=_(1.71+/-0.67)e+02
# dphi_rad_=_6.43+/-0.05
# SAR_W/g_=_114.51+/-47.89
# Hc_kA/m_=_8.20+/-1.73
# Mr_A/m_=_16.71+/-5.23
# Magnetizacion_max_emu/g_=_36+/-4
# Suceptibilidad_a_M=0_=_(2.413+/-0.410)e-03

Nombre_archivo	Time_m_(s)	Temperatura_(ºC)	Mr_(A/m)	Hc_(kA/m)	Campo_max_(A/m)	Mag_max_(A/m)	f0	mag0	dphi0	SAR_(W/g)	Tau_(ns)	N	xi_M_0
135kHz_100dA_100Mss_bobN1LB97OH0008.txt	336.35	-12.49	29.74	10.99	38460.00	83.82	1.350439e+05	2.586934e+00	6.511179e+00	242.45	273.482140	4443	3.335e-03
135kHz_100dA_100Mss_bobN1LB97OH0009.txt	336.86	-12.18	29.39	11.01	38460.00	84.92	1.350439e+05	2.611334e+00	6.514701e+00	248.45	277.868687	4443	3.305e-03
135kHz_100dA_100Mss_bobN1LB97OH0010.txt	337.37	-11.84	29.00	10.90	38460.00	83.69	1.350439e+05	2.567881e+00	6.511084e+00	240.56	273.370325	4443	3.278e-03
135kHz_100dA_100Mss_bobN1LB97OH0011.txt	337.87	-11.49	27.53	10.40	38460.00	82.64	1.350135e+05	2.547167e+00	6.493501e+00	220.45	251.621147	4444	3.127e-03
135kHz_100dA_100Mss_bobN1LB97OH0012.txt	338.38	-10.98	31.20	11.53	38460.00	81.42	1.350439e+05	2.521882e+00	6.539574e+00	265.17	308.994660	4443	3.385e-03
135kHz_100dA_100Mss_bobN1LB97OH0013.txt	338.89	-10.42	31.42	11.85	38460.00	79.98	1.350439e+05	2.476625e+00	6.541640e+00	262.47	311.601225	4443	3.346e-03
135kHz_100dA_100Mss_bobN1LB97OH0014.txt	339.39	-9.87	30.28	11.64	38460.00	80.14	1.350439e+05	2.475045e+00	6.535668e+00	256.37	304.078461	4443	3.214e-03
135kHz_100dA_100Mss_bobN1LB97OH0015.txt	339.89	-9.32	31.17	11.60	38460.00	83.93	1.350439e+05	2.585914e+00	6.537818e+00	270.08	306.788450	4443	3.341e-03
135kHz_100dA_100Mss_bobN1LB97OH0016.txt	340.39	-8.85	28.44	11.57	38460.00	74.51	1.350439e+05	2.315733e+00	6.528843e+00	233.52	295.516703	4443	3.120e-03
135kHz_100dA_100Mss_bobN1LB97OH0017.txt	340.89	-8.40	30.87	11.85	38460.00	78.99	1.350135e+05	2.441249e+00	6.541012e+00	258.04	310.803852	4444	3.297e-03
135kHz_100dA_100Mss_bobN1LB97OH0018.txt	341.41	-8.01	28.23	12.98	38460.00	60.89	1.350439e+05	1.905683e+00	6.582946e+00	233.33	364.293739	4443	2.854e-03
135kHz_100dA_100Mss_bobN1LB97OH0019.txt	342.44	-7.20	24.59	13.13	38460.00	49.49	1.350439e+05	1.574970e+00	6.564726e+00	181.44	340.899251	4443	2.610e-03
135kHz_100dA_100Mss_bobN1LB97OH0020.txt	342.93	-6.76	24.35	16.11	38460.00	32.41	1.350135e+05	1.083436e+00	6.716164e+00	188.45	544.817066	4444	2.278e-03
135kHz_100dA_100Mss_bobN1LB97OH0021.txt	343.44	-6.44	26.66	16.55	38460.00	34.90	1.350135e+05	1.154555e+00	6.751123e+00	215.88	595.658659	4444	2.278e-03
135kHz_100dA_100Mss_bobN1LB97OH0022.txt	343.94	-6.14	25.66	16.47	38460.00	32.13	1.350439e+05	1.051504e+00	6.748298e+00	195.56	591.479547	4443	2.263e-03
135kHz_100dA_100Mss_bobN1LB97OH0023.txt	344.44	-5.79	23.72	14.58	38460.00	37.84	1.350439e+05	1.255279e+00	6.644572e+00	184.03	445.511010	4443	2.352e-03
135kHz_100dA_100Mss_bobN1LB97OH0024.txt	345.03	-5.38	24.01	15.15	38460.00	34.70	1.350439e+05	1.163997e+00	6.660579e+00	177.85	467.206469	4443	2.297e-03
135kHz_100dA_100Mss_bobN1LB97OH0049.txt	358.42	0.27	22.47	12.95	38460.00	43.10	1.350439e+05	1.402839e+00	6.567713e+00	163.28	344.709133	4443	2.505e-03
135kHz_100dA_100Mss_bobN1LB97OH0050.txt	359.03	0.51	23.25	10.52	38460.00	63.31	1.350135e+05	1.981702e+00	6.483968e+00	163.84	239.891113	4444	2.783e-03
135kHz_100dA_100Mss_bobN1LB97OH0051.txt	359.57	0.61	24.68	11.41	38460.00	61.23	1.350439e+05	1.935273e+00	6.515141e+00	184.47	278.405482	4443	2.857e-03
135kHz_100dA_100Mss_bobN1LB97OH0052.txt	360.08	0.72	25.06	10.85	38460.00	65.87	1.350439e+05	2.070184e+00	6.509482e+00	192.60	271.373962	4443	2.948e-03
135kHz_100dA_100Mss_bobN1LB97OH0053.txt	360.6	0.82	25.52	11.06	38460.00	68.62	1.350135e+05	2.145806e+00	6.505738e+00	196.34	266.729922	4444	3.003e-03
135kHz_100dA_100Mss_bobN1LB97OH0054.txt	361.14	0.94	23.19	10.27	38460.00	68.09	1.350439e+05	2.124967e+00	6.479264e+00	171.66	234.114802	4443	2.844e-03
135kHz_100dA_100Mss_bobN1LB97OH0055.txt	361.85	1.16	25.05	11.01	38460.00	67.66	1.350439e+05	2.126639e+00	6.502142e+00	191.54	262.277224	4443	2.958e-03
135kHz_100dA_100Mss_bobN1LB97OH0056.txt	362.52	1.30	24.71	10.49	38460.00	69.97	1.350439e+05	2.181553e+00	6.497292e+00	192.20	256.285731	4443	2.977e-03
135kHz_100dA_100Mss_bobN1LB97OH0057.txt	363.58	1.52	24.67	10.26	38460.00	70.57	1.350439e+05	2.220123e+00	6.483129e+00	182.84	238.853307	4443	3.034e-03
135kHz_100dA_100Mss_bobN1LB97OH0058.txt	364.09	1.62	24.53	10.56	38460.00	69.24	1.350439e+05	2.144413e+00	6.497760e+00	189.33	256.865814	4443	2.972e-03
135kHz_100dA_100Mss_bobN1LB97OH0059.txt	364.62	1.72	24.13	10.69	38460.00	66.96	1.350135e+05	2.092946e+00	6.501423e+00	187.85	261.383153	4444	2.927e-03
135kHz_100dA_100Mss_bobN1LB97OH0060.txt	365.14	1.83	25.78	10.72	38460.00	70.01	1.350439e+05	2.156088e+00	6.512491e+00	203.21	275.107439	4443	2.951e-03
135kHz_100dA_100Mss_bobN1LB97OH0061.txt	365.66	1.93	24.12	10.48	38460.00	68.05	1.350439e+05	2.113872e+00	6.495045e+00	184.31	253.505048	4443	2.986e-03
135kHz_100dA_100Mss_bobN1LB97OH0062.txt	366.17	2.05	24.71	10.56	38460.00	68.91	1.350439e+05	2.146828e+00	6.496506e+00	188.45	255.310654	4443	2.994e-03
135kHz_100dA_100Mss_bobN1LB97OH0063.txt	366.69	2.21	24.75	10.47	38460.00	71.96	1.350439e+05	2.236661e+00	6.493761e+00	193.85	251.929036	4443	2.981e-03
135kHz_100dA_100Mss_bobN1LB97OH0064.txt	367.18	2.34	26.02	11.11	38460.00	68.34	1.350439e+05	2.122161e+00	6.518181e+00	204.88	282.186891	4443	3.082e-03
135kHz_100dA_100Mss_bobN1LB97OH0065.txt	367.7	2.44	23.67	10.18	38460.00	69.72	1.350439e+05	2.167444e+00	6.482435e+00	177.89	238.002346	4443	2.923e-03
135kHz_100dA_100Mss_bobN1LB97OH0066.txt	368.2	2.52	24.33	10.43	38460.00	68.29	1.350439e+05	2.120116e+00	6.493537e+00	183.56	251.649690	4443	2.913e-03
135kHz_100dA_100Mss_bobN1LB97OH0067.txt	368.74	2.57	24.03	10.28	38460.00	70.32	1.350135e+05	2.166842e+00	6.486172e+00	181.09	242.587032	4444	2.865e-03
135kHz_100dA_100Mss_bobN1LB97OH0068.txt	369.32	2.70	23.90	10.87	38460.00	63.62	1.350135e+05	1.977584e+00	6.507032e+00	181.98	268.331139	4444	2.853e-03
135kHz_100dA_100Mss_bobN1LB97OH0069.txt	369.87	2.86	23.39	10.46	38460.00	67.82	1.350135e+05	2.089705e+00	6.491770e+00	179.39	249.470859	4444	2.881e-03
135kHz_100dA_100Mss_bobN1LB97OH0070.txt	370.39	2.94	22.81	9.89	38460.00	67.47	1.350135e+05	2.119345e+00	6.472730e+00	165.53	226.116934	4444	2.956e-03
135kHz_100dA_100Mss_bobN1LB97OH0071.txt	370.92	2.99	23.25	10.13	38460.00	66.72	1.350439e+05	2.089621e+00	6.481179e+00	170.43	236.462243	4443	2.905e-03
135kHz_100dA_100Mss_bobN1LB97OH0072.txt	371.43	3.04	23.52	10.19	38460.00	68.54	1.350439e+05	2.138359e+00	6.482511e+00	175.57	238.098533	4443	2.960e-03
135kHz_100dA_100Mss_bobN1LB97OH0073.txt	371.95	3.09	23.64	9.82	38460.00	72.65	1.350439e+05	2.249106e+00	6.474465e+00	177.30	228.237999	4443	3.010e-03
135kHz_100dA_100Mss_bobN1LB97OH0074.txt	372.47	3.19	22.40	9.89	38460.00	68.02	1.350439e+05	2.127059e+00	6.464947e+00	159.43	216.620389	4443	2.877e-03
135kHz_100dA_100Mss_bobN1LB97OH0075.txt	373.02	3.30	24.23	10.08	38460.00	72.95	1.350439e+05	2.246683e+00	6.483202e+00	185.09	238.944600	4443	3.017e-03
135kHz_100dA_100Mss_bobN1LB97OH0076.txt	374.09	3.41	24.00	10.14	38460.00	69.78	1.350439e+05	2.180823e+00	6.483388e+00	179.83	239.168628	4443	2.896e-03
135kHz_100dA_100Mss_bobN1LB97OH0077.txt	374.59	3.46	23.50	10.11	38460.00	70.28	1.350439e+05	2.178181e+00	6.486376e+00	182.26	242.836972	4443	2.881e-03
135kHz_100dA_100Mss_bobN1LB97OH0078.txt	375.11	3.52	22.55	9.46	38460.00	70.53	1.350439e+05	2.198899e+00	6.458281e+00	158.83	208.506031	4443	2.935e-03
135kHz_100dA_100Mss_bobN1LB97OH0079.txt	375.62	3.62	22.88	10.15	38460.00	66.15	1.350439e+05	2.067030e+00	6.485068e+00	171.86	241.224405	4443	2.853e-03
135kHz_100dA_100Mss_bobN1LB97OH0080.txt	376.14	3.71	24.09	10.07	38460.00	70.43	1.350439e+05	2.191313e+00	6.484228e+00	181.44	240.199817	4443	2.957e-03
135kHz_100dA_100Mss_bobN1LB97OH0081.txt	376.65	3.76	23.30	10.09	38460.00	70.35	1.350439e+05	2.178231e+00	6.483488e+00	179.70	239.286417	4443	2.906e-03
135kHz_100dA_100Mss_bobN1LB97OH0082.txt	377.17	3.82	23.80	10.12	38460.00	70.75	1.350439e+05	2.195372e+00	6.482800e+00	180.50	238.447159	4443	3.001e-03
135kHz_100dA_100Mss_bobN1LB97OH0083.txt	377.68	3.87	22.95	9.66	38460.00	71.54	1.350439e+05	2.234549e+00	6.470077e+00	172.16	222.872659	4443	2.878e-03
135kHz_100dA_100Mss_bobN1LB97OH0084.txt	378.2	3.94	24.56	10.19	38460.00	70.21	1.350439e+05	2.181513e+00	6.489162e+00	185.00	246.262973	4443	3.033e-03
135kHz_100dA_100Mss_bobN1LB97OH0085.txt	378.69	4.04	21.74	9.52	38460.00	69.95	1.350439e+05	2.172298e+00	6.458584e+00	157.18	208.875930	4443	2.798e-03
135kHz_100dA_100Mss_bobN1LB97OH0086.txt	379.19	4.12	21.91	9.30	38460.00	71.13	1.350439e+05	2.221120e+00	6.454587e+00	157.08	204.020120	4443	2.991e-03
135kHz_100dA_100Mss_bobN1LB97OH0087.txt	379.69	4.17	22.66	9.60	38460.00	70.39	1.350439e+05	2.202681e+00	6.462431e+00	162.83	213.553171	4443	2.923e-03
135kHz_100dA_100Mss_bobN1LB97OH0088.txt	380.2	4.22	22.27	9.25	38460.00	71.91	1.350439e+05	2.244776e+00	6.454485e+00	158.66	203.891366	4443	2.869e-03
135kHz_100dA_100Mss_bobN1LB97OH0089.txt	380.71	4.27	23.11	9.84	38460.00	69.40	1.350439e+05	2.174872e+00	6.469144e+00	166.73	221.739892	4443	2.935e-03
135kHz_100dA_100Mss_bobN1LB97OH0090.txt	381.22	4.34	22.72	9.54	38460.00	68.81	1.350439e+05	2.158176e+00	6.464275e+00	161.17	215.801907	4443	2.920e-03
135kHz_100dA_100Mss_bobN1LB97OH0091.txt	381.72	4.44	22.37	9.92	38460.00	66.04	1.350439e+05	2.061301e+00	6.476393e+00	164.11	230.595647	4443	2.766e-03
135kHz_100dA_100Mss_bobN1LB97OH0092.txt	382.23	4.52	22.45	9.63	38460.00	69.21	1.350439e+05	2.173711e+00	6.462710e+00	160.94	213.895862	4443	2.921e-03
135kHz_100dA_100Mss_bobN1LB97OH0093.txt	382.73	4.57	21.99	9.38	38460.00	70.15	1.350439e+05	2.186766e+00	6.457519e+00	157.27	207.580181	4443	2.899e-03
135kHz_100dA_100Mss_bobN1LB97OH0094.txt	383.26	4.60	21.87	9.73	38460.00	68.87	1.350439e+05	2.129533e+00	6.465756e+00	160.31	217.605057	4443	2.789e-03
135kHz_100dA_100Mss_bobN1LB97OH0095.txt	384.35	4.64	22.26	9.19	38460.00	72.90	1.350439e+05	2.259881e+00	6.452628e+00	158.02	201.641143	4443	2.923e-03
135kHz_100dA_100Mss_bobN1LB97OH0096.txt	384.85	4.69	22.88	9.28	38460.00	74.17	1.350439e+05	2.309218e+00	6.459860e+00	168.29	210.420056	4443	2.982e-03
135kHz_100dA_100Mss_bobN1LB97OH0097.txt	385.38	4.74	22.51	9.56	38460.00	70.02	1.350439e+05	2.182170e+00	6.462254e+00	161.16	213.338759	4443	2.886e-03
135kHz_100dA_100Mss_bobN1LB97OH0098.txt	385.89	4.79	22.17	9.30	38460.00	72.07	1.350439e+05	2.245333e+00	6.457716e+00	161.67	207.816284	4443	2.899e-03
135kHz_100dA_100Mss_bobN1LB97OH0099.txt	386.39	4.88	24.04	9.82	38460.00	73.79	1.350439e+05	2.277374e+00	6.482187e+00	186.68	237.691679	4443	3.053e-03
135kHz_100dA_100Mss_bobN1LB97OH0100.txt	386.91	4.98	22.87	9.56	38460.00	71.62	1.350439e+05	2.218677e+00	6.467884e+00	168.95	220.195981	4443	2.890e-03
135kHz_100dA_100Mss_bobN1LB97OH0101.txt	387.41	5.08	22.58	9.43	38460.00	71.73	1.350439e+05	2.224675e+00	6.464010e+00	165.89	215.476328	4443	2.883e-03
135kHz_100dA_100Mss_bobN1LB97OH0102.txt	387.91	5.18	21.52	9.41	38460.00	69.51	1.350439e+05	2.164527e+00	6.459232e+00	157.19	209.662534	4443	2.833e-03
135kHz_100dA_100Mss_bobN1LB97OH0103.txt	388.41	5.24	22.07	9.57	38460.00	69.50	1.350439e+05	2.175939e+00	6.461081e+00	159.66	211.911578	4443	2.864e-03
135kHz_100dA_100Mss_bobN1LB97OH0104.txt	388.9	5.29	22.31	9.81	38460.00	68.95	1.350135e+05	2.133015e+00	6.471242e+00	165.31	224.293502	4444	2.849e-03
135kHz_100dA_100Mss_bobN1LB97OH0105.txt	389.4	5.38	20.93	9.27	38460.00	68.58	1.350439e+05	2.125767e+00	6.455714e+00	151.32	205.388666	4443	2.719e-03
135kHz_100dA_100Mss_bobN1LB97OH0106.txt	389.92	5.48	22.37	9.55	38460.00	71.58	1.350439e+05	2.213072e+00	6.465770e+00	166.62	217.621327	4443	2.898e-03
135kHz_100dA_100Mss_bobN1LB97OH0107.txt	390.42	5.54	22.05	9.46	38460.00	71.94	1.350439e+05	2.208284e+00	6.461889e+00	162.76	212.894324	4443	2.931e-03
135kHz_100dA_100Mss_bobN1LB97OH0108.txt	390.91	5.59	22.84	9.73	38460.00	71.92	1.350439e+05	2.196464e+00	6.477889e+00	176.21	232.428427	4443	2.863e-03
135kHz_100dA_100Mss_bobN1LB97OH0109.txt	391.42	5.64	20.06	8.85	38460.00	69.85	1.350439e+05	2.176368e+00	6.437121e+00	138.37	182.877477	4443	2.753e-03
135kHz_100dA_100Mss_bobN1LB97OH0110.txt	391.92	5.69	21.55	9.02	38460.00	73.37	1.350439e+05	2.269155e+00	6.445595e+00	152.14	193.115752	4443	2.928e-03
135kHz_100dA_100Mss_bobN1LB97OH0111.txt	392.41	5.74	22.73	9.48	38460.00	73.16	1.350439e+05	2.244176e+00	6.472047e+00	174.70	225.277456	4443	2.948e-03
135kHz_100dA_100Mss_bobN1LB97OH0112.txt	392.92	5.79	21.49	9.16	38460.00	71.28	1.350439e+05	2.226292e+00	6.449254e+00	152.60	197.553322	4443	2.933e-03
135kHz_100dA_100Mss_bobN1LB97OH0113.txt	393.44	5.89	20.95	9.33	38460.00	69.70	1.350135e+05	2.171994e+00	6.450758e+00	150.18	199.371758	4444	2.804e-03
135kHz_100dA_100Mss_bobN1LB97OH0114.txt	394.47	6.05	21.17	9.69	38460.00	68.46	1.350439e+05	2.101321e+00	6.470251e+00	162.04	223.086556	4443	2.796e-03
135kHz_100dA_100Mss_bobN1LB97OH0115.txt	394.99	6.10	21.49	9.46	38460.00	70.20	1.350439e+05	2.151605e+00	6.464159e+00	160.58	215.657755	4443	2.794e-03
135kHz_100dA_100Mss_bobN1LB97OH0116.txt	395.5	6.15	20.34	8.74	38460.00	71.73	1.350439e+05	2.224488e+00	6.440514e+00	144.52	186.974504	4443	2.779e-03
135kHz_100dA_100Mss_bobN1LB97OH0117.txt	396.0	6.20	22.40	9.38	38460.00	70.27	1.350439e+05	2.169544e+00	6.469173e+00	166.35	221.770090	4443	2.923e-03
135kHz_100dA_100Mss_bobN1LB97OH0118.txt	396.5	6.25	22.32	9.70	38460.00	70.62	1.350439e+05	2.162494e+00	6.468432e+00	165.16	220.863844	4443	2.914e-03
135kHz_100dA_100Mss_bobN1LB97OH0119.txt	396.99	6.30	21.45	9.63	38460.00	67.55	1.350439e+05	2.079993e+00	6.465702e+00	156.54	217.536629	4443	2.784e-03
135kHz_100dA_100Mss_bobN1LB97OH0120.txt	397.49	6.35	22.63	9.90	38460.00	68.54	1.350439e+05	2.078180e+00	6.486043e+00	173.61	242.417943	4443	2.857e-03
135kHz_100dA_100Mss_bobN1LB97OH0121.txt	398.02	6.40	21.27	9.05	38460.00	70.74	1.350439e+05	2.198691e+00	6.452301e+00	153.44	201.242557	4443	2.885e-03
135kHz_100dA_100Mss_bobN1LB97OH0122.txt	398.61	6.46	21.79	9.25	38460.00	69.11	1.350135e+05	2.163098e+00	6.451338e+00	150.07	200.073517	4444	2.894e-03
135kHz_100dA_100Mss_bobN1LB97OH0123.txt	399.11	6.52	22.03	9.53	38460.00	71.40	1.350439e+05	2.184821e+00	6.472802e+00	170.75	226.196079	4443	2.899e-03
135kHz_100dA_100Mss_bobN1LB97OH0124.txt	399.6	6.62	22.56	10.15	38460.00	65.07	1.350439e+05	1.996232e+00	6.493915e+00	173.14	252.100202	4443	2.840e-03
135kHz_100dA_100Mss_bobN1LB97OH0125.txt	400.11	6.70	20.83	9.31	38460.00	66.85	1.350439e+05	2.089349e+00	6.451580e+00	145.20	200.364753	4443	2.728e-03
135kHz_100dA_100Mss_bobN1LB97OH0126.txt	400.61	6.70	21.16	9.26	38460.00	69.23	1.350439e+05	2.141607e+00	6.453386e+00	150.41	202.554418	4443	2.790e-03
135kHz_100dA_100Mss_bobN1LB97OH0127.txt	401.12	6.72	21.25	9.34	38460.00	68.65	1.350439e+05	2.123724e+00	6.463062e+00	157.54	214.315515	4443	2.798e-03
135kHz_100dA_100Mss_bobN1LB97OH0128.txt	401.64	6.83	22.03	9.46	38460.00	71.40	1.350439e+05	2.206238e+00	6.460535e+00	161.39	211.234565	4443	2.853e-03
135kHz_100dA_100Mss_bobN1LB97OH0129.txt	402.15	6.91	20.31	9.03	38460.00	68.12	1.350439e+05	2.116420e+00	6.452326e+00	147.72	201.263029	4443	2.718e-03
135kHz_100dA_100Mss_bobN1LB97OH0130.txt	402.66	6.97	21.68	9.59	38460.00	68.96	1.350439e+05	2.126238e+00	6.468821e+00	162.72	221.333788	4443	2.858e-03
135kHz_100dA_100Mss_bobN1LB97OH0131.txt	403.17	7.02	21.60	9.68	38460.00	66.74	1.350439e+05	2.069437e+00	6.467217e+00	157.02	219.378550	4443	2.808e-03
135kHz_100dA_100Mss_bobN1LB97OH0132.txt	403.69	7.07	21.54	9.39	38460.00	69.53	1.350439e+05	2.154771e+00	6.459268e+00	156.51	209.698924	4443	2.841e-03
135kHz_100dA_100Mss_bobN1LB97OH0133.txt	404.7	7.17	21.80	9.22	38460.00	70.15	1.350439e+05	2.190786e+00	6.456389e+00	156.55	206.199817	4443	2.941e-03
135kHz_100dA_100Mss_bobN1LB97OH0134.txt	405.22	7.22	20.61	8.87	38460.00	68.02	1.350439e+05	2.117641e+00	6.440384e+00	137.46	186.810285	4443	2.818e-03
135kHz_100dA_100Mss_bobN1LB97OH0135.txt	405.71	7.27	22.09	10.02	38460.00	65.30	1.350439e+05	2.011292e+00	6.482256e+00	164.92	237.765716	4443	2.838e-03
135kHz_100dA_100Mss_bobN1LB97OH0136.txt	406.22	7.32	20.62	9.00	38460.00	69.50	1.350439e+05	2.162500e+00	6.449551e+00	148.49	197.903303	4443	2.891e-03
135kHz_100dA_100Mss_bobN1LB97OH0137.txt	406.72	7.37	21.13	9.14	38460.00	69.28	1.350439e+05	2.155738e+00	6.451801e+00	150.01	200.631396	4443	2.825e-03
135kHz_100dA_100Mss_bobN1LB97OH0138.txt	407.22	7.42	21.43	9.35	38460.00	67.40	1.350439e+05	2.117737e+00	6.457553e+00	152.34	207.612418	4443	2.806e-03
135kHz_100dA_100Mss_bobN1LB97OH0139.txt	407.75	7.48	20.55	9.19	38460.00	67.32	1.350439e+05	2.082654e+00	6.452550e+00	145.56	201.536267	4443	2.762e-03
135kHz_100dA_100Mss_bobN1LB97OH0140.txt	408.27	7.53	23.72	10.62	38460.00	65.84	1.350439e+05	1.986538e+00	6.511290e+00	186.27	273.593508	4443	2.951e-03
135kHz_100dA_100Mss_bobN1LB97OH0141.txt	408.78	7.58	20.91	9.44	38460.00	65.81	1.350439e+05	2.039403e+00	6.463806e+00	151.91	215.214516	4443	2.723e-03
135kHz_100dA_100Mss_bobN1LB97OH0142.txt	409.3	7.63	21.70	10.02	38460.00	64.75	1.350439e+05	1.990849e+00	6.486252e+00	166.48	242.669959	4443	2.747e-03
135kHz_100dA_100Mss_bobN1LB97OH0143.txt	409.82	7.68	20.32	9.39	38460.00	63.75	1.350439e+05	1.976500e+00	6.461125e+00	145.06	211.956871	4443	2.750e-03
135kHz_100dA_100Mss_bobN1LB97OH0144.txt	410.32	7.73	20.88	10.12	38460.00	60.50	1.350439e+05	1.874591e+00	6.480205e+00	152.15	235.248812	4443	2.657e-03
135kHz_100dA_100Mss_bobN1LB97OH0145.txt	410.83	7.78	20.19	9.26	38460.00	64.63	1.350439e+05	2.005434e+00	6.455841e+00	142.86	205.529322	4443	2.705e-03
135kHz_100dA_100Mss_bobN1LB97OH0146.txt	411.34	7.83	22.06	10.21	38460.00	64.27	1.350439e+05	1.967590e+00	6.489311e+00	166.98	246.429466	4443	2.738e-03
135kHz_100dA_100Mss_bobN1LB97OH0147.txt	411.86	7.89	21.35	9.50	38460.00	67.42	1.350439e+05	2.095679e+00	6.464688e+00	156.85	216.289575	4443	2.799e-03
135kHz_100dA_100Mss_bobN1LB97OH0148.txt	412.37	7.94	20.97	9.97	38460.00	61.92	1.350439e+05	1.895093e+00	6.481641e+00	154.92	237.014211	4443	2.695e-03
135kHz_100dA_100Mss_bobN1LB97OH0149.txt	412.88	7.99	18.73	8.86	38460.00	64.39	1.350439e+05	2.006218e+00	6.435868e+00	126.52	181.355734	4443	2.631e-03
135kHz_100dA_100Mss_bobN1LB97OH0150.txt	413.37	8.04	20.41	9.52	38460.00	63.42	1.350439e+05	1.977910e+00	6.461434e+00	145.41	212.326205	4443	2.724e-03
135kHz_100dA_100Mss_bobN1LB97OH0151.txt	413.95	8.09	21.67	9.82	38460.00	65.30	1.350439e+05	2.006444e+00	6.482331e+00	164.59	237.853782	4443	2.736e-03
135kHz_100dA_100Mss_bobN1LB97OH0152.txt	414.94	8.10	20.17	9.29	38460.00	63.51	1.350743e+05	1.981217e+00	6.453335e+00	139.14	202.487118	4442	2.703e-03
135kHz_100dA_100Mss_bobN1LB97OH0153.txt	415.43	8.19	20.89	9.63	38460.00	64.92	1.350439e+05	1.998137e+00	6.470182e+00	154.03	222.991127	4443	2.821e-03
135kHz_100dA_100Mss_bobN1LB97OH0154.txt	415.93	8.29	21.01	9.42	38460.00	66.72	1.350439e+05	2.056713e+00	6.464918e+00	154.13	216.567697	4443	2.786e-03
135kHz_100dA_100Mss_bobN1LB97OH0155.txt	416.45	8.34	19.48	9.12	38460.00	64.07	1.350439e+05	1.979394e+00	6.454109e+00	139.60	203.428014	4443	2.637e-03
135kHz_100dA_100Mss_bobN1LB97OH0156.txt	416.94	8.39	20.59	9.38	38460.00	66.44	1.350439e+05	2.063304e+00	6.456634e+00	147.65	206.491976	4443	2.784e-03
135kHz_100dA_100Mss_bobN1LB97OH0157.txt	417.46	8.45	20.19	9.46	38460.00	63.67	1.350439e+05	1.957164e+00	6.464395e+00	146.25	215.935744	4443	2.654e-03
135kHz_100dA_100Mss_bobN1LB97OH0158.txt	417.96	8.50	21.12	9.56	38460.00	66.83	1.350439e+05	2.036054e+00	6.471348e+00	157.92	224.414989	4443	2.722e-03
135kHz_100dA_100Mss_bobN1LB97OH0159.txt	418.47	8.55	20.48	9.66	38460.00	64.15	1.350439e+05	1.956347e+00	6.470462e+00	151.03	223.329462	4443	2.719e-03
135kHz_100dA_100Mss_bobN1LB97OH0160.txt	418.96	8.60	21.33	9.60	38460.00	67.73	1.350439e+05	2.063410e+00	6.474105e+00	162.36	227.777677	4443	2.755e-03
135kHz_100dA_100Mss_bobN1LB97OH0161.txt	419.47	8.65	20.77	9.85	38460.00	61.47	1.350439e+05	1.904852e+00	6.471293e+00	147.70	224.345119	4443	2.714e-03
135kHz_100dA_100Mss_bobN1LB97OH0162.txt	419.97	8.70	21.86	9.95	38460.00	66.03	1.350439e+05	2.014694e+00	6.483654e+00	166.35	239.472599	4443	2.849e-03
135kHz_100dA_100Mss_bobN1LB97OH0163.txt	420.47	8.75	21.54	9.77	38460.00	64.90	1.350439e+05	2.006448e+00	6.472592e+00	156.64	225.934372	4443	2.733e-03
135kHz_100dA_100Mss_bobN1LB97OH0164.txt	420.99	8.80	18.60	8.75	38460.00	63.32	1.350439e+05	1.965850e+00	6.428689e+00	118.19	172.702075	4443	2.653e-03
135kHz_100dA_100Mss_bobN1LB97OH0165.txt	421.5	8.80	21.46	9.73	38460.00	67.70	1.350439e+05	2.060877e+00	6.472639e+00	160.93	225.991555	4443	2.816e-03
135kHz_100dA_100Mss_bobN1LB97OH0166.txt	422.0	8.80	19.88	9.12	38460.00	65.02	1.350439e+05	1.998759e+00	6.454362e+00	141.17	203.730506	4443	2.732e-03
135kHz_100dA_100Mss_bobN1LB97OH0167.txt	422.48	8.85	19.68	9.33	38460.00	63.22	1.350439e+05	1.952710e+00	6.451294e+00	135.47	200.012700	4443	2.648e-03
135kHz_100dA_100Mss_bobN1LB97OH0168.txt	422.97	8.90	18.92	8.82	38460.00	63.49	1.350439e+05	1.975421e+00	6.431475e+00	121.02	176.059531	4443	2.660e-03
135kHz_100dA_100Mss_bobN1LB97OH0169.txt	423.48	8.90	20.92	9.59	38460.00	64.78	1.350439e+05	1.988924e+00	6.469143e+00	152.48	221.723077	4443	2.763e-03
135kHz_100dA_100Mss_bobN1LB97OH0170.txt	423.99	8.90	19.38	8.97	38460.00	66.21	1.350439e+05	2.063992e+00	6.433217e+00	127.92	178.160111	4443	2.741e-03
135kHz_100dA_100Mss_bobN1LB97OH0171.txt	425.0	9.00	19.62	9.03	38460.00	65.39	1.350439e+05	2.023388e+00	6.451121e+00	140.23	199.803486	4443	2.661e-03
135kHz_100dA_100Mss_bobN1LB97OH0172.txt	425.51	9.05	18.81	8.84	38460.00	63.14	1.350439e+05	1.979516e+00	6.438440e+00	126.92	184.458085	4443	2.606e-03
135kHz_100dA_100Mss_bobN1LB97OH0173.txt	426.01	9.10	19.91	9.41	38460.00	62.14	1.350439e+05	1.936432e+00	6.461272e+00	142.24	212.129892	4443	2.638e-03
135kHz_100dA_100Mss_bobN1LB97OH0174.txt	426.52	9.15	22.28	10.09	38460.00	65.12	1.350439e+05	2.000192e+00	6.486513e+00	167.47	242.989924	4443	2.886e-03
135kHz_100dA_100Mss_bobN1LB97OH0175.txt	427.03	9.20	20.46	9.19	38460.00	64.61	1.350439e+05	2.021949e+00	6.454195e+00	142.67	203.527300	4443	2.776e-03
135kHz_100dA_100Mss_bobN1LB97OH0176.txt	427.54	9.25	19.52	8.98	38460.00	63.69	1.350439e+05	1.993401e+00	6.442800e+00	131.37	189.724819	4443	2.657e-03
135kHz_100dA_100Mss_bobN1LB97OH0177.txt	428.04	9.30	20.57	8.93	38460.00	65.76	1.350439e+05	2.061384e+00	6.444349e+00	137.16	191.600048	4443	2.767e-03
135kHz_100dA_100Mss_bobN1LB97OH0178.txt	428.54	9.35	19.88	9.28	38460.00	63.60	1.350439e+05	1.967477e+00	6.456653e+00	140.81	206.511620	4443	2.648e-03
135kHz_100dA_100Mss_bobN1LB97OH0179.txt	429.12	9.41	20.32	9.03	38460.00	66.18	1.350439e+05	2.057985e+00	6.449346e+00	141.14	197.648725	4443	2.717e-03
135kHz_100dA_100Mss_bobN1LB97OH0180.txt	429.61	9.46	19.31	9.07	38460.00	63.90	1.350439e+05	1.992691e+00	6.445377e+00	133.43	192.843691	4443	2.685e-03
135kHz_100dA_100Mss_bobN1LB97OH0181.txt	430.12	9.51	19.56	8.80	38460.00	68.30	1.350439e+05	2.114124e+00	6.445695e+00	141.83	193.230149	4443	2.726e-03
135kHz_100dA_100Mss_bobN1LB97OH0182.txt	430.62	9.56	20.24	9.11	38460.00	68.10	1.350439e+05	2.110390e+00	6.449692e+00	145.03	198.066421	4443	2.776e-03
135kHz_100dA_100Mss_bobN1LB97OH0183.txt	431.12	9.61	21.21	9.39	38460.00	68.08	1.350439e+05	2.082785e+00	6.464312e+00	155.57	215.832253	4443	2.896e-03
135kHz_100dA_100Mss_bobN1LB97OH0184.txt	431.62	9.66	20.07	9.01	38460.00	68.55	1.350439e+05	2.115990e+00	6.443593e+00	140.14	190.681801	4443	2.770e-03
135kHz_100dA_100Mss_bobN1LB97OH0185.txt	432.14	9.71	21.66	9.50	38460.00	68.27	1.350439e+05	2.089106e+00	6.473218e+00	163.62	226.694458	4443	2.777e-03
135kHz_100dA_100Mss_bobN1LB97OH0186.txt	432.67	9.77	18.93	8.74	38460.00	66.49	1.350439e+05	2.041771e+00	6.435866e+00	128.76	181.350881	4443	2.694e-03
135kHz_100dA_100Mss_bobN1LB97OH0187.txt	433.2	9.80	21.17	9.70	38460.00	66.87	1.350439e+05	2.014226e+00	6.480102e+00	163.40	235.119012	4443	2.735e-03
135kHz_100dA_100Mss_bobN1LB97OH0188.txt	433.71	9.80	20.29	9.38	38460.00	63.02	1.350439e+05	1.946664e+00	6.466267e+00	146.95	218.215496	4443	2.681e-03
135kHz_100dA_100Mss_bobN1LB97OH0189.txt	434.21	9.82	21.18	9.29	38460.00	66.94	1.350743e+05	2.070385e+00	6.460287e+00	151.28	210.934202	4442	2.817e-03
135kHz_100dA_100Mss_bobN1LB97OH0190.txt	435.22	9.92	20.28	9.16	38460.00	67.79	1.350439e+05	2.072359e+00	6.455314e+00	147.18	204.888423	4443	2.734e-03
135kHz_100dA_100Mss_bobN1LB97OH0191.txt	435.72	9.97	19.00	8.72	38460.00	66.28	1.350439e+05	2.062487e+00	6.436105e+00	130.27	181.638942	4443	2.676e-03
135kHz_100dA_100Mss_bobN1LB97OH0192.txt	436.22	10.02	21.04	9.56	38460.00	64.48	1.350439e+05	1.996956e+00	6.473410e+00	156.56	226.932057	4443	2.755e-03
135kHz_100dA_100Mss_bobN1LB97OH0193.txt	436.72	10.07	20.59	9.38	38460.00	64.96	1.350439e+05	1.997927e+00	6.464248e+00	149.18	215.754544	4443	2.708e-03
135kHz_100dA_100Mss_bobN1LB97OH0194.txt	437.23	10.12	20.13	8.68	38460.00	69.26	1.350439e+05	2.161051e+00	6.442949e+00	142.55	189.906706	4443	2.817e-03
135kHz_100dA_100Mss_bobN1LB97OH0195.txt	437.71	10.17	20.13	8.94	38460.00	66.71	1.350743e+05	2.076130e+00	6.440997e+00	135.32	187.547155	4442	2.789e-03
135kHz_100dA_100Mss_bobN1LB97OH0196.txt	438.23	10.20	19.92	9.42	38460.00	63.67	1.350743e+05	1.974413e+00	6.457484e+00	142.00	207.524334	4442	2.676e-03
135kHz_100dA_100Mss_bobN1LB97OH0197.txt	438.72	10.20	17.60	8.24	38460.00	66.52	1.350439e+05	2.051133e+00	6.410250e+00	107.78	150.564309	4443	2.641e-03
135kHz_100dA_100Mss_bobN1LB97OH0198.txt	439.22	10.22	18.11	8.87	38460.00	61.00	1.350743e+05	1.906443e+00	6.437007e+00	121.14	182.727929	4442	2.579e-03
135kHz_100dA_100Mss_bobN1LB97OH0199.txt	439.72	10.27	19.78	9.34	38460.00	64.59	1.350439e+05	1.973792e+00	6.462941e+00	146.32	214.158775	4443	2.696e-03
135kHz_100dA_100Mss_bobN1LB97OH0200.txt	440.23	10.32	19.58	8.99	38460.00	66.63	1.350439e+05	2.070277e+00	6.443736e+00	137.23	190.855970	4443	2.697e-03
135kHz_100dA_100Mss_bobN1LB97OH0201.txt	440.72	10.37	19.45	8.78	38460.00	65.56	1.350439e+05	2.049966e+00	6.443608e+00	135.78	190.700707	4443	2.665e-03
135kHz_100dA_100Mss_bobN1LB97OH0202.txt	441.22	10.42	19.24	8.88	38460.00	64.78	1.350743e+05	2.013755e+00	6.437678e+00	128.52	183.537356	4442	2.698e-03
135kHz_100dA_100Mss_bobN1LB97OH0203.txt	441.73	10.47	19.43	9.20	38460.00	61.55	1.350743e+05	1.921517e+00	6.452306e+00	134.13	201.233656	4442	2.611e-03
135kHz_100dA_100Mss_bobN1LB97OH0204.txt	442.24	10.52	18.82	8.50	38460.00	66.77	1.350743e+05	2.079783e+00	6.432683e+00	128.47	177.509746	4442	2.639e-03
135kHz_100dA_100Mss_bobN1LB97OH0205.txt	442.73	10.57	19.32	8.69	38460.00	66.15	1.350439e+05	2.066404e+00	6.439304e+00	133.22	185.499754	4443	2.681e-03
135kHz_100dA_100Mss_bobN1LB97OH0206.txt	443.33	10.60	18.01	8.40	38460.00	64.88	1.350439e+05	2.029966e+00	6.428890e+00	122.21	172.944637	4443	2.579e-03
135kHz_100dA_100Mss_bobN1LB97OH0207.txt	443.82	10.60	20.20	9.28	38460.00	64.84	1.350439e+05	2.000303e+00	6.457094e+00	143.52	207.052542	4443	2.706e-03
135kHz_100dA_100Mss_bobN1LB97OH0208.txt	444.34	10.60	19.25	8.58	38460.00	67.40	1.350439e+05	2.108184e+00	6.429171e+00	127.16	173.282054	4443	2.759e-03
135kHz_100dA_100Mss_bobN1LB97OH0209.txt	445.34	10.67	20.74	9.10	38460.00	70.51	1.350439e+05	2.137806e+00	6.461830e+00	157.51	212.808093	4443	2.852e-03
135kHz_100dA_100Mss_bobN1LB97OH0210.txt	445.85	10.77	19.25	9.03	38460.00	65.26	1.350439e+05	2.019448e+00	6.445286e+00	135.14	192.729859	4443	2.656e-03
135kHz_100dA_100Mss_bobN1LB97OH0211.txt	446.34	10.80	19.63	8.87	38460.00	65.31	1.350439e+05	2.015729e+00	6.446270e+00	135.70	193.921282	4443	2.733e-03
135kHz_100dA_100Mss_bobN1LB97OH0212.txt	446.85	10.80	18.47	8.53	38460.00	66.99	1.350439e+05	2.083802e+00	6.431890e+00	128.01	176.556105	4443	2.682e-03
135kHz_100dA_100Mss_bobN1LB97OH0213.txt	447.34	10.83	19.91	9.17	38460.00	64.24	1.350439e+05	1.986788e+00	6.460256e+00	145.11	210.893066	4443	2.663e-03
135kHz_100dA_100Mss_bobN1LB97OH0214.txt	447.85	10.89	20.36	9.06	38460.00	66.87	1.350439e+05	2.044252e+00	6.456487e+00	146.16	206.311977	4443	2.777e-03
135kHz_100dA_100Mss_bobN1LB97OH0215.txt	448.35	10.90	19.97	8.70	38460.00	69.82	1.350743e+05	2.141992e+00	6.444974e+00	143.10	192.351638	4442	2.785e-03
135kHz_100dA_100Mss_bobN1LB97OH0216.txt	448.86	10.90	18.11	8.59	38460.00	63.45	1.350439e+05	1.974662e+00	6.436680e+00	125.19	182.332581	4443	2.572e-03
135kHz_100dA_100Mss_bobN1LB97OH0217.txt	449.36	10.97	18.63	8.70	38460.00	61.31	1.350439e+05	1.898780e+00	6.446094e+00	127.69	193.712128	4443	2.587e-03
135kHz_100dA_100Mss_bobN1LB97OH0218.txt	449.88	11.08	18.01	8.21	38460.00	66.28	1.350743e+05	2.038452e+00	6.410267e+00	107.15	150.583555	4442	2.662e-03
135kHz_100dA_100Mss_bobN1LB97OH0219.txt	450.42	11.10	18.74	8.76	38460.00	62.37	1.350439e+05	1.948835e+00	6.436217e+00	123.18	181.769825	4443	2.668e-03
135kHz_100dA_100Mss_bobN1LB97OH0220.txt	450.92	11.10	18.13	8.43	38460.00	65.31	1.350439e+05	2.027897e+00	6.420825e+00	115.37	163.243707	4443	2.641e-03
135kHz_100dA_100Mss_bobN1LB97OH0221.txt	451.42	11.10	19.02	8.82	38460.00	64.14	1.350439e+05	1.978064e+00	6.438818e+00	127.13	184.911085	4443	2.669e-03
135kHz_100dA_100Mss_bobN1LB97OH0222.txt	451.92	11.10	22.11	9.60	38460.00	68.62	1.350439e+05	2.071299e+00	6.484000e+00	171.31	239.899689	4443	2.830e-03
135kHz_100dA_100Mss_bobN1LB97OH0223.txt	452.42	11.14	19.56	9.19	38460.00	62.81	1.350439e+05	1.916897e+00	6.466022e+00	144.52	217.909854	4443	2.692e-03
135kHz_100dA_100Mss_bobN1LB97OH0224.txt	452.93	11.19	18.25	8.69	38460.00	61.90	1.350439e+05	1.941025e+00	6.436412e+00	122.84	182.010655	4443	2.560e-03
135kHz_100dA_100Mss_bobN1LB97OH0225.txt	453.45	11.24	20.14	9.30	38460.00	65.92	1.350439e+05	2.002809e+00	6.466754e+00	151.59	218.804005	4443	2.726e-03
135kHz_100dA_100Mss_bobN1LB97OH0226.txt	453.95	11.30	18.02	8.35	38460.00	64.79	1.350439e+05	2.018886e+00	6.426428e+00	119.50	169.979005	4443	2.550e-03
135kHz_100dA_100Mss_bobN1LB97OH0227.txt	454.45	11.30	19.08	8.71	38460.00	65.58	1.350439e+05	2.023136e+00	6.444144e+00	134.44	191.349797	4443	2.684e-03
135kHz_100dA_100Mss_bobN1LB97OH0228.txt	455.51	11.40	19.14	8.91	38460.00	65.58	1.350439e+05	2.004385e+00	6.454505e+00	141.69	203.905876	4443	2.618e-03
135kHz_100dA_100Mss_bobN1LB97OH0229.txt	456.03	11.50	18.56	8.90	38460.00	63.50	1.350439e+05	1.957492e+00	6.448011e+00	133.18	196.029293	4443	2.635e-03
135kHz_100dA_100Mss_bobN1LB97OH0230.txt	456.56	11.50	19.04	8.70	38460.00	66.47	1.350439e+05	2.043214e+00	6.442940e+00	134.77	189.895946	4443	2.697e-03
135kHz_100dA_100Mss_bobN1LB97OH0231.txt	457.07	11.51	18.38	8.77	38460.00	64.10	1.350743e+05	1.976017e+00	6.443266e+00	130.63	190.286400	4442	2.562e-03
135kHz_100dA_100Mss_bobN1LB97OH0232.txt	457.58	11.56	19.66	8.93	38460.00	66.13	1.350439e+05	2.030850e+00	6.450781e+00	140.47	199.389175	4443	2.737e-03
135kHz_100dA_100Mss_bobN1LB97OH0233.txt	458.16	11.62	19.50	8.96	38460.00	66.36	1.350439e+05	2.022662e+00	6.449899e+00	139.17	198.320879	4443	2.724e-03
135kHz_100dA_100Mss_bobN1LB97OH0234.txt	458.67	11.67	16.57	7.73	38460.00	65.92	1.350439e+05	2.030744e+00	6.398327e+00	96.74	136.301398	4443	2.570e-03
135kHz_100dA_100Mss_bobN1LB97OH0235.txt	459.17	11.70	19.09	8.86	38460.00	64.04	1.350743e+05	1.978407e+00	6.448323e+00	134.88	196.407163	4442	2.659e-03
135kHz_100dA_100Mss_bobN1LB97OH0236.txt	459.68	11.70	18.76	8.75	38460.00	63.18	1.350439e+05	1.967073e+00	6.440881e+00	128.09	187.404260	4443	2.653e-03
135kHz_100dA_100Mss_bobN1LB97OH0237.txt	460.19	11.70	18.13	8.54	38460.00	64.55	1.350439e+05	2.001833e+00	6.430178e+00	121.57	174.495140	4443	2.630e-03
135kHz_100dA_100Mss_bobN1LB97OH0238.txt	460.71	11.70	17.37	8.32	38460.00	65.00	1.350439e+05	2.022420e+00	6.424254e+00	117.91	167.366624	4443	2.542e-03
135kHz_100dA_100Mss_bobN1LB97OH0239.txt	461.21	11.72	19.32	8.95	38460.00	65.97	1.350743e+05	2.024963e+00	6.450941e+00	140.23	199.578139	4442	2.687e-03
135kHz_100dA_100Mss_bobN1LB97OH0240.txt	461.71	11.77	19.83	9.02	38460.00	66.56	1.350743e+05	2.046167e+00	6.456865e+00	146.65	206.770038	4442	2.717e-03
135kHz_100dA_100Mss_bobN1LB97OH0241.txt	462.23	11.82	17.02	8.06	38460.00	64.38	1.350439e+05	1.995338e+00	6.415153e+00	108.87	156.437740	4443	2.538e-03
135kHz_100dA_100Mss_bobN1LB97OH0242.txt	462.74	11.87	18.98	9.02	38460.00	61.15	1.350439e+05	1.897661e+00	6.452882e+00	132.89	201.936082	4443	2.616e-03
135kHz_100dA_100Mss_bobN1LB97OH0243.txt	463.24	11.90	18.72	8.95	38460.00	65.35	1.350743e+05	1.967691e+00	6.456216e+00	140.50	205.983012	4442	2.596e-03
135kHz_100dA_100Mss_bobN1LB97OH0244.txt	463.75	11.90	19.13	9.05	38460.00	65.12	1.350439e+05	1.996888e+00	6.455282e+00	141.79	204.843886	4443	2.669e-03
135kHz_100dA_100Mss_bobN1LB97OH0245.txt	464.27	11.93	17.07	8.18	38460.00	62.79	1.350439e+05	1.958695e+00	6.419799e+00	110.61	162.007952	4443	2.573e-03
135kHz_100dA_100Mss_bobN1LB97OH0246.txt	464.79	11.98	17.54	8.17	38460.00	65.28	1.350439e+05	2.024198e+00	6.421868e+00	116.03	164.500005	4443	2.613e-03
135kHz_100dA_100Mss_bobN1LB97OH0247.txt	465.83	12.00	18.35	8.23	38460.00	67.35	1.350743e+05	2.076690e+00	6.432138e+00	127.82	176.856906	4442	2.664e-03
135kHz_100dA_100Mss_bobN1LB97OH0248.txt	466.35	12.07	18.00	8.68	38460.00	63.44	1.350439e+05	1.944447e+00	6.440676e+00	126.45	187.157549	4443	2.550e-03
135kHz_100dA_100Mss_bobN1LB97OH0249.txt	466.86	12.17	17.59	8.02	38460.00	65.86	1.350439e+05	2.042020e+00	6.410272e+00	107.32	150.585840	4443	2.661e-03
135kHz_100dA_100Mss_bobN1LB97OH0250.txt	467.36	12.20	19.17	9.15	38460.00	65.11	1.350439e+05	1.976422e+00	6.457041e+00	141.76	206.981175	4443	2.694e-03
135kHz_100dA_100Mss_bobN1LB97OH0251.txt	467.87	12.20	19.06	8.83	38460.00	62.14	1.350439e+05	1.933460e+00	6.445043e+00	129.20	192.436984	4443	2.628e-03
135kHz_100dA_100Mss_bobN1LB97OH0252.txt	468.39	12.24	18.74	8.89	38460.00	65.10	1.350439e+05	1.972400e+00	6.457324e+00	141.70	207.326885	4443	2.636e-03
135kHz_100dA_100Mss_bobN1LB97OH0253.txt	468.92	12.29	18.54	8.78	38460.00	63.28	1.350439e+05	1.934760e+00	6.448932e+00	132.36	197.144334	4443	2.561e-03
135kHz_100dA_100Mss_bobN1LB97OH0254.txt	469.44	12.34	18.16	8.75	38460.00	61.51	1.350439e+05	1.884952e+00	6.447705e+00	128.01	195.656797	4443	2.556e-03
135kHz_100dA_100Mss_bobN1LB97OH0255.txt	469.97	12.40	17.32	8.53	38460.00	60.38	1.350439e+05	1.880263e+00	6.430964e+00	114.79	175.441354	4443	2.499e-03
135kHz_100dA_100Mss_bobN1LB97OH0256.txt	470.48	12.40	17.31	8.01	38460.00	65.34	1.350439e+05	2.030213e+00	6.418998e+00	113.98	161.048280	4443	2.509e-03
135kHz_100dA_100Mss_bobN1LB97OH0257.txt	470.98	12.40	19.55	8.96	38460.00	66.03	1.350743e+05	2.007689e+00	6.454004e+00	141.54	203.295984	4442	2.705e-03
135kHz_100dA_100Mss_bobN1LB97OH0258.txt	471.48	12.45	20.30	9.54	38460.00	63.79	1.350439e+05	1.932555e+00	6.480289e+00	156.92	235.343718	4443	2.665e-03
135kHz_100dA_100Mss_bobN1LB97OH0259.txt	471.98	12.50	18.03	8.57	38460.00	61.67	1.350439e+05	1.896915e+00	6.444171e+00	126.08	191.383040	4443	2.507e-03
135kHz_100dA_100Mss_bobN1LB97OH0260.txt	472.47	12.50	16.70	8.24	38460.00	60.83	1.350439e+05	1.895813e+00	6.425389e+00	111.41	168.726670	4443	2.449e-03
135kHz_100dA_100Mss_bobN1LB97OH0261.txt	472.98	12.50	15.95	7.67	38460.00	63.23	1.350743e+05	1.962722e+00	6.401677e+00	96.23	140.301297	4442	2.460e-03
135kHz_100dA_100Mss_bobN1LB97OH0262.txt	473.57	12.56	18.21	8.72	38460.00	61.82	1.350439e+05	1.911842e+00	6.446658e+00	129.01	194.392960	4443	2.533e-03
135kHz_100dA_100Mss_bobN1LB97OH0263.txt	474.06	12.60	17.90	8.78	38460.00	60.70	1.350439e+05	1.884908e+00	6.435475e+00	118.56	180.877889	4443	2.568e-03
135kHz_100dA_100Mss_bobN1LB97OH0264.txt	474.57	12.60	16.38	7.80	38460.00	64.53	1.350439e+05	1.998206e+00	6.406726e+00	102.10	146.339621	4443	2.522e-03
135kHz_100dA_100Mss_bobN1LB97OH0265.txt	475.12	12.61	17.22	8.29	38460.00	61.83	1.350439e+05	1.920050e+00	6.423643e+00	111.46	166.628570	4443	2.503e-03
135kHz_100dA_100Mss_bobN1LB97OH0266.txt	476.14	12.70	17.39	8.39	38460.00	63.76	1.350439e+05	1.958803e+00	6.436322e+00	123.89	181.899645	4443	2.482e-03
135kHz_100dA_100Mss_bobN1LB97OH0267.txt	476.68	12.70	17.80	8.57	38460.00	62.16	1.350439e+05	1.916439e+00	6.436219e+00	121.13	181.773491	4443	2.578e-03
135kHz_100dA_100Mss_bobN1LB97OH0268.txt	477.18	12.72	15.70	7.46	38460.00	63.15	1.350439e+05	1.961241e+00	6.395380e+00	91.05	132.783393	4443	2.465e-03
135kHz_100dA_100Mss_bobN1LB97OH0269.txt	477.69	12.77	16.54	7.88	38460.00	61.12	1.350439e+05	1.915733e+00	6.410751e+00	101.06	151.159566	4443	2.464e-03
135kHz_100dA_100Mss_bobN1LB97OH0270.txt	478.19	12.82	16.75	8.18	38460.00	61.47	1.350439e+05	1.923191e+00	6.414394e+00	104.33	155.526467	4443	2.539e-03
135kHz_100dA_100Mss_bobN1LB97OH0271.txt	478.68	12.87	16.18	7.69	38460.00	64.96	1.350439e+05	2.008447e+00	6.398886e+00	96.14	136.967276	4443	2.565e-03
135kHz_100dA_100Mss_bobN1LB97OH0272.txt	479.17	12.90	16.37	8.18	38460.00	61.06	1.350439e+05	1.897283e+00	6.421110e+00	108.16	163.581913	4443	2.436e-03
135kHz_100dA_100Mss_bobN1LB97OH0273.txt	479.67	12.90	17.63	8.16	38460.00	65.02	1.350439e+05	2.022654e+00	6.423045e+00	116.92	165.909490	4443	2.540e-03
135kHz_100dA_100Mss_bobN1LB97OH0274.txt	480.17	12.92	15.44	7.71	38460.00	61.58	1.350743e+05	1.910661e+00	6.407086e+00	97.93	146.769633	4442	2.405e-03
135kHz_100dA_100Mss_bobN1LB97OH0275.txt	480.69	12.97	14.42	7.09	38460.00	61.97	1.350439e+05	1.926394e+00	6.386100e+00	82.06	121.717223	4443	2.335e-03
135kHz_100dA_100Mss_bobN1LB97OH0276.txt	481.21	13.00	16.70	8.04	38460.00	63.42	1.350439e+05	1.965126e+00	6.422073e+00	112.81	164.740820	4443	2.438e-03
135kHz_100dA_100Mss_bobN1LB97OH0277.txt	481.73	13.00	16.50	8.06	38460.00	61.93	1.350743e+05	1.924251e+00	6.412200e+00	102.68	152.895345	4442	2.458e-03
135kHz_100dA_100Mss_bobN1LB97OH0278.txt	482.24	13.02	16.82	8.29	38460.00	60.53	1.350439e+05	1.884784e+00	6.424663e+00	110.20	167.856348	4443	2.474e-03
135kHz_100dA_100Mss_bobN1LB97OH0279.txt	482.73	13.07	15.26	7.63	38460.00	61.09	1.350439e+05	1.895682e+00	6.404382e+00	95.03	143.535875	4443	2.370e-03
135kHz_100dA_100Mss_bobN1LB97OH0280.txt	483.24	13.10	16.45	7.91	38460.00	64.93	1.350743e+05	1.990002e+00	6.419046e+00	111.79	161.107319	4442	2.521e-03
135kHz_100dA_100Mss_bobN1LB97OH0281.txt	483.74	13.10	17.23	8.23	38460.00	62.18	1.350439e+05	1.934538e+00	6.426459e+00	114.53	170.015771	4443	2.517e-03
135kHz_100dA_100Mss_bobN1LB97OH0282.txt	484.23	13.12	17.71	8.54	38460.00	62.84	1.350439e+05	1.934294e+00	6.435420e+00	121.63	180.810188	4443	2.558e-03
135kHz_100dA_100Mss_bobN1LB97OH0283.txt	484.72	13.17	15.76	8.01	38460.00	59.19	1.350439e+05	1.826059e+00	6.419671e+00	103.02	161.854714	4443	2.445e-03
135kHz_100dA_100Mss_bobN1LB97OH0284.txt	485.22	13.20	13.36	6.76	38460.00	63.39	1.350439e+05	1.936071e+00	6.365826e+00	66.27	97.616592	4443	2.292e-03
135kHz_100dA_100Mss_bobN1LB97OH0285.txt	486.24	13.22	15.75	7.66	38460.00	61.89	1.350439e+05	1.922991e+00	6.404506e+00	96.50	143.684951	4443	2.489e-03
135kHz_100dA_100Mss_bobN1LB97OH0286.txt	486.75	13.28	16.58	8.52	38460.00	58.38	1.350743e+05	1.807865e+00	6.434397e+00	112.95	179.576997	4442	2.371e-03
135kHz_100dA_100Mss_bobN1LB97OH0287.txt	487.27	13.30	16.43	7.78	38460.00	62.35	1.350439e+05	1.935605e+00	6.409198e+00	100.87	149.301446	4443	2.507e-03
135kHz_100dA_100Mss_bobN1LB97OH0288.txt	487.78	13.30	18.14	8.34	38460.00	65.80	1.350439e+05	2.015866e+00	6.436952e+00	128.02	182.657932	4443	2.627e-03
135kHz_100dA_100Mss_bobN1LB97OH0289.txt	488.28	13.33	16.04	8.08	38460.00	61.27	1.350439e+05	1.898446e+00	6.422198e+00	109.08	164.891892	4443	2.373e-03
135kHz_100dA_100Mss_bobN1LB97OH0290.txt	488.79	13.38	16.43	8.14	38460.00	60.69	1.350439e+05	1.876306e+00	6.422256e+00	107.85	164.964334	4443	2.436e-03
135kHz_100dA_100Mss_bobN1LB97OH0291.txt	489.38	13.40	17.21	8.51	38460.00	60.47	1.350439e+05	1.852927e+00	6.437373e+00	117.99	183.168985	4443	2.466e-03
135kHz_100dA_100Mss_bobN1LB97OH0292.txt	489.89	13.40	15.27	7.81	38460.00	60.48	1.350439e+05	1.880970e+00	6.402837e+00	93.10	141.689511	4443	2.404e-03
135kHz_100dA_100Mss_bobN1LB97OH0293.txt	490.39	13.40	16.88	8.75	38460.00	58.33	1.350439e+05	1.793791e+00	6.441028e+00	116.91	187.583299	4443	2.398e-03
135kHz_100dA_100Mss_bobN1LB97OH0294.txt	490.9	13.40	17.01	8.47	38460.00	60.52	1.350439e+05	1.862274e+00	6.439370e+00	120.11	185.578529	4443	2.391e-03
135kHz_100dA_100Mss_bobN1LB97OH0295.txt	491.41	13.44	17.44	8.60	38460.00	61.64	1.350439e+05	1.892723e+00	6.436870e+00	120.14	182.556923	4443	2.492e-03
135kHz_100dA_100Mss_bobN1LB97OH0296.txt	491.92	13.49	15.73	7.95	38460.00	59.03	1.350439e+05	1.822743e+00	6.421693e+00	104.35	164.287384	4443	2.330e-03
135kHz_100dA_100Mss_bobN1LB97OH0297.txt	492.42	13.50	17.76	8.32	38460.00	64.67	1.350439e+05	1.989877e+00	6.435487e+00	125.18	180.887952	4443	2.575e-03
135kHz_100dA_100Mss_bobN1LB97OH0298.txt	492.93	13.50	13.72	7.06	38460.00	62.31	1.350439e+05	1.914316e+00	6.385793e+00	81.30	121.349547	4443	2.279e-03
135kHz_100dA_100Mss_bobN1LB97OH0299.txt	493.45	13.54	14.67	7.50	38460.00	60.81	1.350439e+05	1.894843e+00	6.401422e+00	92.68	139.998225	4443	2.345e-03
135kHz_100dA_100Mss_bobN1LB97OH0300.txt	493.96	13.60	16.44	8.41	38460.00	58.74	1.350439e+05	1.819039e+00	6.433907e+00	113.25	178.986924	4443	2.408e-03
135kHz_100dA_100Mss_bobN1LB97OH0301.txt	494.45	13.60	15.12	7.59	38460.00	59.00	1.350439e+05	1.833429e+00	6.404130e+00	91.72	143.232858	4443	2.324e-03
135kHz_100dA_100Mss_bobN1LB97OH0302.txt	494.98	13.60	13.23	6.92	38460.00	59.76	1.350439e+05	1.835723e+00	6.371363e+00	67.03	104.187952	4443	2.205e-03
135kHz_100dA_100Mss_bobN1LB97OH0303.txt	495.48	13.60	13.85	7.38	38460.00	58.03	1.350439e+05	1.806020e+00	6.392731e+00	81.87	129.621615	4443	2.245e-03
135kHz_100dA_100Mss_bobN1LB97OH0304.txt	496.49	13.65	14.52	7.49	38460.00	60.47	1.350439e+05	1.861575e+00	6.399825e+00	89.83	138.091541	4443	2.325e-03
135kHz_100dA_100Mss_bobN1LB97OH0305.txt	497.0	13.70	15.86	8.00	38460.00	60.79	1.350439e+05	1.882873e+00	6.423871e+00	109.47	166.903481	4443	2.353e-03
135kHz_100dA_100Mss_bobN1LB97OH0306.txt	497.5	13.75	13.92	7.19	38460.00	61.62	1.350439e+05	1.906486e+00	6.389123e+00	83.59	125.317509	4443	2.242e-03
135kHz_100dA_100Mss_bobN1LB97OH0307.txt	498.0	13.80	15.91	8.09	38460.00	60.33	1.350439e+05	1.833117e+00	6.429788e+00	111.03	174.022148	4443	2.334e-03
135kHz_100dA_100Mss_bobN1LB97OH0308.txt	498.5	13.80	15.56	7.71	38460.00	63.37	1.350439e+05	1.939746e+00	6.413873e+00	104.81	154.902879	4443	2.396e-03
135kHz_100dA_100Mss_bobN1LB97OH0309.txt	499.01	13.80	15.33	7.78	38460.00	59.62	1.350439e+05	1.828503e+00	6.420578e+00	103.84	162.947141	4443	2.313e-03
135kHz_100dA_100Mss_bobN1LB97OH0310.txt	499.51	13.80	14.04	6.98	38460.00	61.98	1.350439e+05	1.925202e+00	6.390563e+00	85.55	127.038426	4443	2.334e-03
135kHz_100dA_100Mss_bobN1LB97OH0311.txt	500.02	13.80	14.47	7.41	38460.00	60.39	1.350439e+05	1.885827e+00	6.396989e+00	88.80	134.704140	4443	2.262e-03
135kHz_100dA_100Mss_bobN1LB97OH0312.txt	500.54	13.85	14.05	7.05	38460.00	62.68	1.350439e+05	1.943228e+00	6.387969e+00	84.27	123.943640	4443	2.351e-03
135kHz_100dA_100Mss_bobN1LB97OH0313.txt	501.04	13.90	13.47	6.84	38460.00	61.05	1.350439e+05	1.881887e+00	6.382727e+00	77.55	117.701459	4443	2.262e-03
135kHz_100dA_100Mss_bobN1LB97OH0314.txt	501.54	13.95	15.16	7.86	38460.00	57.91	1.350743e+05	1.799160e+00	6.418630e+00	100.76	160.609333	4442	2.296e-03
135kHz_100dA_100Mss_bobN1LB97OH0315.txt	502.04	14.00	15.43	7.84	38460.00	58.40	1.350439e+05	1.820588e+00	6.412247e+00	97.16	152.951764	4443	2.365e-03
135kHz_100dA_100Mss_bobN1LB97OH0316.txt	502.54	14.00	13.53	7.12	38460.00	59.72	1.350439e+05	1.846260e+00	6.382894e+00	76.20	117.900927	4443	2.243e-03
135kHz_100dA_100Mss_bobN1LB97OH0317.txt	503.04	14.00	14.05	7.39	38460.00	59.12	1.350439e+05	1.835473e+00	6.398973e+00	87.93	137.072688	4443	2.198e-03
135kHz_100dA_100Mss_bobN1LB97OH0318.txt	503.54	14.05	16.73	8.48	38460.00	60.83	1.350439e+05	1.843242e+00	6.446235e+00	124.07	193.879691	4443	2.366e-03
135kHz_100dA_100Mss_bobN1LB97OH0319.txt	504.13	14.10	14.21	7.49	38460.00	57.16	1.350439e+05	1.779307e+00	6.401878e+00	87.36	140.543689	4443	2.270e-03
135kHz_100dA_100Mss_bobN1LB97OH0320.txt	504.63	14.10	15.49	7.97	38460.00	60.20	1.350439e+05	1.865161e+00	6.415702e+00	102.19	157.095723	4443	2.373e-03
135kHz_100dA_100Mss_bobN1LB97OH0321.txt	505.13	14.11	14.60	8.00	38460.00	56.54	1.350439e+05	1.732667e+00	6.420466e+00	98.32	162.815168	4443	2.275e-03
135kHz_100dA_100Mss_bobN1LB97OH0322.txt	505.64	14.16	13.83	7.08	38460.00	59.26	1.350439e+05	1.842998e+00	6.391622e+00	82.70	128.299562	4443	2.245e-03
135kHz_100dA_100Mss_bobN1LB97OH0323.txt	506.66	14.27	13.44	7.09	38460.00	60.65	1.350439e+05	1.873372e+00	6.387402e+00	80.81	123.267587	4443	2.223e-03
135kHz_100dA_100Mss_bobN1LB97OH0324.txt	507.18	14.30	13.25	6.70	38460.00	63.79	1.350439e+05	1.941551e+00	6.368880e+00	68.90	101.243934	4443	2.219e-03
135kHz_100dA_100Mss_bobN1LB97OH0325.txt	507.67	14.30	13.77	7.56	38460.00	57.21	1.350439e+05	1.772687e+00	6.400241e+00	85.84	138.587270	4443	2.169e-03
135kHz_100dA_100Mss_bobN1LB97OH0326.txt	508.19	14.30	13.88	7.54	38460.00	58.59	1.350439e+05	1.803288e+00	6.402208e+00	88.79	140.938939	4443	2.195e-03
135kHz_100dA_100Mss_bobN1LB97OH0327.txt	508.71	14.30	13.56	7.59	38460.00	57.08	1.350439e+05	1.754325e+00	6.403399e+00	87.24	142.361111	4443	2.134e-03
135kHz_100dA_100Mss_bobN1LB97OH0328.txt	509.21	14.34	13.43	7.28	38460.00	58.23	1.350743e+05	1.794782e+00	6.397822e+00	85.14	135.696919	4442	2.194e-03
135kHz_100dA_100Mss_bobN1LB97OH0329.txt	509.72	14.44	13.51	7.35	38460.00	57.54	1.350439e+05	1.767583e+00	6.400130e+00	85.52	138.452964	4443	2.129e-03
135kHz_100dA_100Mss_bobN1LB97OH0330.txt	510.22	14.50	13.39	7.07	38460.00	61.74	1.350439e+05	1.906364e+00	6.394056e+00	87.46	131.199261	4443	2.230e-03
135kHz_100dA_100Mss_bobN1LB97OH0331.txt	510.74	14.50	14.85	7.72	38460.00	57.84	1.350439e+05	1.796220e+00	6.413083e+00	96.47	153.953402	4443	2.294e-03
135kHz_100dA_100Mss_bobN1LB97OH0332.txt	511.24	14.52	15.34	7.63	38460.00	63.00	1.350439e+05	1.916680e+00	6.420537e+00	108.82	162.897193	4443	2.378e-03
135kHz_100dA_100Mss_bobN1LB97OH0333.txt	511.76	14.58	13.54	7.13	38460.00	60.14	1.350439e+05	1.856677e+00	6.396828e+00	87.30	134.510538	4443	2.185e-03
135kHz_100dA_100Mss_bobN1LB97OH0334.txt	512.27	14.60	14.29	7.26	38460.00	60.72	1.350439e+05	1.883185e+00	6.400774e+00	91.61	139.225047	4443	2.282e-03
135kHz_100dA_100Mss_bobN1LB97OH0335.txt	512.79	14.60	14.80	7.89	38460.00	59.11	1.350439e+05	1.808590e+00	6.421728e+00	103.56	164.330147	4443	2.279e-03
135kHz_100dA_100Mss_bobN1LB97OH0336.txt	513.3	14.60	14.39	7.61	38460.00	61.07	1.350743e+05	1.849120e+00	6.409090e+00	96.30	149.170862	4442	2.274e-03
135kHz_100dA_100Mss_bobN1LB97OH0337.txt	513.8	14.60	13.22	7.12	38460.00	58.42	1.350439e+05	1.796597e+00	6.396593e+00	84.30	134.227693	4443	2.139e-03
135kHz_100dA_100Mss_bobN1LB97OH0338.txt	514.31	14.60	14.36	7.46	38460.00	59.43	1.350439e+05	1.828975e+00	6.406887e+00	93.57	146.534500	4443	2.282e-03
135kHz_100dA_100Mss_bobN1LB97OH0339.txt	514.81	14.60	13.05	6.91	38460.00	59.31	1.350439e+05	1.832781e+00	6.388966e+00	80.24	125.132594	4443	2.202e-03
135kHz_100dA_100Mss_bobN1LB97OH0340.txt	515.3	14.63	13.49	7.07	38460.00	59.93	1.350439e+05	1.850002e+00	6.391369e+00	82.83	127.998308	4443	2.215e-03
135kHz_100dA_100Mss_bobN1LB97OH0341.txt	515.81	14.68	12.83	7.00	38460.00	57.82	1.350439e+05	1.783435e+00	6.385247e+00	75.34	120.704313	4443	2.144e-03
135kHz_100dA_100Mss_bobN1LB97OH0342.txt	516.87	14.70	12.68	7.17	38460.00	56.58	1.350743e+05	1.741668e+00	6.394383e+00	80.16	131.591639	4442	2.064e-03
135kHz_100dA_100Mss_bobN1LB97OH0343.txt	517.36	14.74	12.82	6.92	38460.00	59.62	1.350439e+05	1.826696e+00	6.382145e+00	74.83	117.011043	4443	2.079e-03
135kHz_100dA_100Mss_bobN1LB97OH0344.txt	517.87	14.79	12.33	6.75	38460.00	57.09	1.350439e+05	1.766954e+00	6.385878e+00	75.11	121.450852	4443	2.091e-03
135kHz_100dA_100Mss_bobN1LB97OH0345.txt	518.37	14.80	11.98	6.69	38460.00	56.42	1.350439e+05	1.747548e+00	6.375975e+00	67.14	109.670915	4443	2.089e-03
135kHz_100dA_100Mss_bobN1LB97OH0346.txt	518.88	14.80	14.70	7.84	38460.00	58.60	1.350439e+05	1.797957e+00	6.419550e+00	101.35	161.711837	4443	2.250e-03
135kHz_100dA_100Mss_bobN1LB97OH0347.txt	519.49	14.80	13.04	6.95	38460.00	58.60	1.350439e+05	1.813749e+00	6.390510e+00	80.56	126.973476	4443	2.160e-03
135kHz_100dA_100Mss_bobN1LB97OH0348.txt	520.02	14.80	12.33	6.86	38460.00	56.24	1.350439e+05	1.743434e+00	6.381796e+00	71.17	116.593913	4443	2.096e-03
135kHz_100dA_100Mss_bobN1LB97OH0349.txt	520.51	14.85	12.40	6.76	38460.00	57.76	1.350439e+05	1.782471e+00	6.382659e+00	73.40	117.621362	4443	2.125e-03
135kHz_100dA_100Mss_bobN1LB97OH0350.txt	521.04	14.90	12.44	6.74	38460.00	58.09	1.350743e+05	1.796910e+00	6.377224e+00	69.98	111.154760	4442	2.126e-03
135kHz_100dA_100Mss_bobN1LB97OH0351.txt	521.56	14.96	13.39	7.33	38460.00	56.06	1.350439e+05	1.749341e+00	6.399207e+00	83.97	137.349765	4443	2.141e-03
135kHz_100dA_100Mss_bobN1LB97OH0352.txt	522.07	15.00	11.75	6.55	38460.00	57.17	1.350743e+05	1.758720e+00	6.366170e+00	60.46	98.024184	4442	2.058e-03
135kHz_100dA_100Mss_bobN1LB97OH0353.txt	522.57	15.00	14.18	7.83	38460.00	56.87	1.350743e+05	1.731788e+00	6.418987e+00	97.24	161.039181	4442	2.222e-03
135kHz_100dA_100Mss_bobN1LB97OH0354.txt	523.06	15.01	14.50	8.00	38460.00	55.72	1.350743e+05	1.689569e+00	6.432466e+00	104.22	177.251356	4442	2.153e-03
135kHz_100dA_100Mss_bobN1LB97OH0355.txt	523.57	15.06	12.10	6.82	38460.00	56.48	1.350439e+05	1.746286e+00	6.374212e+00	65.82	107.576957	4443	2.094e-03
135kHz_100dA_100Mss_bobN1LB97OH0356.txt	524.08	15.10	13.44	7.48	38460.00	57.03	1.350439e+05	1.768193e+00	6.399255e+00	84.91	137.408973	4443	2.175e-03
135kHz_100dA_100Mss_bobN1LB97OH0357.txt	524.59	15.10	11.70	6.61	38460.00	56.33	1.350439e+05	1.734554e+00	6.368162e+00	61.04	100.389661	4443	2.067e-03
135kHz_100dA_100Mss_bobN1LB97OH0358.txt	525.09	15.11	12.23	6.98	38460.00	54.35	1.350439e+05	1.673460e+00	6.388786e+00	73.14	124.918086	4443	2.043e-03
135kHz_100dA_100Mss_bobN1LB97OH0359.txt	525.59	15.16	12.50	7.16	38460.00	56.75	1.350439e+05	1.744532e+00	6.383534e+00	72.47	118.664265	4443	2.071e-03
135kHz_100dA_100Mss_bobN1LB97OH0360.txt	526.09	15.20	12.27	6.64	38460.00	57.87	1.350439e+05	1.800300e+00	6.384511e+00	75.51	119.827390	4443	2.126e-03
135kHz_100dA_100Mss_bobN1LB97OH0361.txt	527.11	15.20	11.70	6.44	38460.00	56.97	1.350439e+05	1.764215e+00	6.374931e+00	67.02	108.430125	4443	2.051e-03
135kHz_100dA_100Mss_bobN1LB97OH0362.txt	527.61	15.20	13.06	7.00	38460.00	56.98	1.350743e+05	1.767163e+00	6.398093e+00	84.03	136.021664	4442	2.090e-03
135kHz_100dA_100Mss_bobN1LB97OH0363.txt	528.11	15.21	12.72	6.80	38460.00	57.24	1.350439e+05	1.775072e+00	6.384424e+00	74.39	119.721984	4443	2.162e-03
135kHz_100dA_100Mss_bobN1LB97OH0364.txt	528.6	15.26	13.29	7.46	38460.00	56.43	1.350439e+05	1.724088e+00	6.407910e+00	88.93	147.755986	4443	2.122e-03
135kHz_100dA_100Mss_bobN1LB97OH0365.txt	529.1	15.30	10.62	6.09	38460.00	56.77	1.350439e+05	1.743521e+00	6.357090e+00	53.38	87.257670	4443	1.967e-03
135kHz_100dA_100Mss_bobN1LB97OH0366.txt	529.61	15.30	11.54	6.36	38460.00	58.25	1.350439e+05	1.780149e+00	6.367729e+00	62.33	99.874784	4443	2.078e-03
135kHz_100dA_100Mss_bobN1LB97OH0367.txt	530.11	15.31	13.61	7.43	38460.00	58.16	1.350743e+05	1.767645e+00	6.407254e+00	90.72	146.972687	4442	2.192e-03
135kHz_100dA_100Mss_bobN1LB97OH0368.txt	530.62	15.36	13.04	6.60	38460.00	61.97	1.350439e+05	1.891942e+00	6.394112e+00	86.84	131.267850	4443	2.176e-03
135kHz_100dA_100Mss_bobN1LB97OH0369.txt	531.11	15.40	13.17	6.99	38460.00	58.62	1.350439e+05	1.806312e+00	6.392622e+00	81.80	129.491514	4443	2.180e-03
135kHz_100dA_100Mss_bobN1LB97OH0370.txt	531.62	15.40	11.95	6.51	38460.00	57.46	1.350743e+05	1.776288e+00	6.382262e+00	72.87	117.147966	4442	2.105e-03
135kHz_100dA_100Mss_bobN1LB97OH0371.txt	532.12	15.41	12.30	6.65	38460.00	58.15	1.350439e+05	1.799438e+00	6.378508e+00	71.01	112.680265	4443	2.161e-03
135kHz_100dA_100Mss_bobN1LB97OH0372.txt	532.64	15.46	11.07	6.34	38460.00	54.98	1.350439e+05	1.702136e+00	6.368328e+00	60.02	100.586727	4443	1.998e-03
135kHz_100dA_100Mss_bobN1LB97OH0373.txt	533.14	15.50	12.65	7.18	38460.00	56.52	1.350439e+05	1.728237e+00	6.395727e+00	80.48	133.196314	4443	2.087e-03
135kHz_100dA_100Mss_bobN1LB97OH0374.txt	533.66	15.50	12.93	7.21	38460.00	56.35	1.350439e+05	1.739629e+00	6.399291e+00	83.56	137.454600	4443	2.140e-03
135kHz_100dA_100Mss_bobN1LB97OH0375.txt	534.25	15.52	14.11	7.48	38460.00	57.46	1.350743e+05	1.773683e+00	6.407140e+00	90.95	146.835791	4442	2.198e-03
135kHz_100dA_100Mss_bobN1LB97OH0376.txt	534.77	15.58	12.01	6.71	38460.00	55.20	1.350439e+05	1.708807e+00	6.379391e+00	68.06	113.731844	4443	2.069e-03
135kHz_100dA_100Mss_bobN1LB97OH0377.txt	535.28	15.60	11.76	6.59	38460.00	58.09	1.350439e+05	1.776187e+00	6.369774e+00	63.69	102.302432	4443	2.052e-03
135kHz_100dA_100Mss_bobN1LB97OH0378.txt	535.81	15.60	11.66	6.68	38460.00	54.81	1.350439e+05	1.689569e+00	6.375863e+00	64.83	109.537341	4443	1.995e-03
135kHz_100dA_100Mss_bobN1LB97OH0379.txt	536.31	15.60	11.83	6.62	38460.00	57.66	1.350439e+05	1.776255e+00	6.382036e+00	72.69	116.878831	4443	2.072e-03
135kHz_100dA_100Mss_bobN1LB97OH0380.txt	537.35	15.64	11.62	6.39	38460.00	56.97	1.350439e+05	1.767187e+00	6.371504e+00	64.63	104.356871	4443	2.059e-03
135kHz_100dA_100Mss_bobN1LB97OH0381.txt	537.87	15.69	11.24	6.52	38460.00	56.12	1.350743e+05	1.708077e+00	6.357937e+00	52.91	88.261559	4442	2.012e-03
135kHz_100dA_100Mss_bobN1LB97OH0382.txt	538.37	15.70	14.44	7.72	38460.00	56.46	1.350439e+05	1.736827e+00	6.417960e+00	96.77	159.804565	4443	2.211e-03
135kHz_100dA_100Mss_bobN1LB97OH0383.txt	538.91	15.70	12.28	6.88	38460.00	57.89	1.350439e+05	1.751248e+00	6.393590e+00	80.01	130.646689	4443	2.091e-03
135kHz_100dA_100Mss_bobN1LB97OH0384.txt	539.42	15.74	11.70	6.96	38460.00	53.74	1.350439e+05	1.664465e+00	6.383769e+00	69.30	118.941362	4443	2.008e-03
135kHz_100dA_100Mss_bobN1LB97OH0385.txt	539.95	15.80	11.87	6.88	38460.00	55.42	1.350439e+05	1.699263e+00	6.387421e+00	73.31	123.290978	4443	2.008e-03
135kHz_100dA_100Mss_bobN1LB97OH0386.txt	540.45	15.80	11.49	6.74	38460.00	54.89	1.350439e+05	1.684974e+00	6.384449e+00	70.63	119.752545	4443	2.007e-03
135kHz_100dA_100Mss_bobN1LB97OH0387.txt	540.96	15.80	13.22	7.37	38460.00	55.67	1.350439e+05	1.696424e+00	6.403574e+00	84.48	142.570952	4443	2.167e-03
135kHz_100dA_100Mss_bobN1LB97OH0388.txt	541.46	15.85	12.17	6.95	38460.00	55.49	1.350439e+05	1.681200e+00	6.398371e+00	80.12	136.353920	4443	2.058e-03
135kHz_100dA_100Mss_bobN1LB97OH0389.txt	541.97	15.90	12.33	6.94	38460.00	55.50	1.350743e+05	1.695683e+00	6.387944e+00	73.54	123.915489	4442	2.070e-03
135kHz_100dA_100Mss_bobN1LB97OH0390.txt	542.47	15.90	11.54	6.93	38460.00	51.70	1.350439e+05	1.599415e+00	6.390654e+00	71.13	127.141843	4443	1.899e-03
135kHz_100dA_100Mss_bobN1LB97OH0391.txt	542.97	15.90	10.76	6.16	38460.00	55.73	1.350439e+05	1.709977e+00	6.362245e+00	56.00	93.370176	4443	1.946e-03
135kHz_100dA_100Mss_bobN1LB97OH0392.txt	543.48	15.90	12.40	7.66	38460.00	53.34	1.350439e+05	1.599069e+00	6.415256e+00	87.31	156.560193	4443	1.970e-03
135kHz_100dA_100Mss_bobN1LB97OH0393.txt	544.0	15.90	11.14	6.69	38460.00	53.16	1.350743e+05	1.644929e+00	6.381020e+00	66.64	115.669927	4442	1.965e-03
135kHz_100dA_100Mss_bobN1LB97OH0394.txt	544.52	15.95	10.42	5.92	38460.00	56.58	1.350439e+05	1.735390e+00	6.355517e+00	52.00	85.394794	4443	1.994e-03
135kHz_100dA_100Mss_bobN1LB97OH0395.txt	545.04	16.00	11.59	6.77	38460.00	55.73	1.350439e+05	1.689573e+00	6.386565e+00	72.30	122.270660	4443	1.949e-03
135kHz_100dA_100Mss_bobN1LB97OH0396.txt	545.57	16.00	12.09	7.07	38460.00	53.83	1.350439e+05	1.662751e+00	6.391164e+00	74.30	127.752887	4443	2.026e-03
135kHz_100dA_100Mss_bobN1LB97OH0397.txt	546.09	16.00	11.41	6.91	38460.00	52.00	1.350439e+05	1.605989e+00	6.385223e+00	67.83	120.675245	4443	1.978e-03
135kHz_100dA_100Mss_bobN1LB97OH0398.txt	546.61	16.00	12.91	7.23	38460.00	55.98	1.350439e+05	1.705932e+00	6.407290e+00	87.56	147.017565	4443	2.112e-03
135kHz_100dA_100Mss_bobN1LB97OH0399.txt	547.64	16.06	12.07	7.32	38460.00	52.62	1.350439e+05	1.579208e+00	6.403613e+00	78.67	142.619991	4443	1.950e-03
135kHz_100dA_100Mss_bobN1LB97OH0400.txt	548.14	16.10	10.84	6.54	38460.00	53.05	1.350439e+05	1.639602e+00	6.370425e+00	59.23	103.075957	4443	1.918e-03
135kHz_100dA_100Mss_bobN1LB97OH0401.txt	548.64	16.10	12.09	6.96	38460.00	53.21	1.350439e+05	1.644318e+00	6.397337e+00	77.66	135.119283	4443	1.960e-03
135kHz_100dA_100Mss_bobN1LB97OH0402.txt	549.14	16.11	12.19	7.06	38460.00	53.85	1.350439e+05	1.649055e+00	6.392644e+00	74.70	129.519320	4443	2.015e-03
135kHz_100dA_100Mss_bobN1LB97OH0403.txt	549.64	16.16	12.15	6.97	38460.00	52.90	1.350439e+05	1.636694e+00	6.391495e+00	73.36	128.149826	4443	2.059e-03
135kHz_100dA_100Mss_bobN1LB97OH0404.txt	550.27	16.20	11.75	6.65	38460.00	56.85	1.350743e+05	1.716324e+00	6.392193e+00	77.44	128.980274	4442	1.995e-03
135kHz_100dA_100Mss_bobN1LB97OH0405.txt	550.77	16.20	10.47	6.01	38460.00	56.54	1.350743e+05	1.740711e+00	6.360535e+00	55.79	91.340540	4442	1.937e-03
135kHz_100dA_100Mss_bobN1LB97OH0406.txt	551.28	16.20	10.66	6.09	38460.00	56.13	1.350439e+05	1.739531e+00	6.366563e+00	60.07	98.492399	4443	1.955e-03
135kHz_100dA_100Mss_bobN1LB97OH0407.txt	551.79	16.20	11.66	6.36	38460.00	56.59	1.350439e+05	1.755796e+00	6.372856e+00	65.20	105.965100	4443	2.108e-03
135kHz_100dA_100Mss_bobN1LB97OH0408.txt	552.31	16.23	9.88	5.94	38460.00	53.43	1.350439e+05	1.643557e+00	6.352353e+00	47.10	81.647253	4443	1.895e-03
135kHz_100dA_100Mss_bobN1LB97OH0409.txt	552.83	16.28	11.99	7.16	38460.00	53.16	1.350439e+05	1.604867e+00	6.403507e+00	79.87	142.490598	4443	1.989e-03
135kHz_100dA_100Mss_bobN1LB97OH0410.txt	553.33	16.30	12.06	6.72	38460.00	56.86	1.350439e+05	1.740503e+00	6.387093e+00	74.85	122.901135	4443	2.115e-03
135kHz_100dA_100Mss_bobN1LB97OH0411.txt	553.84	16.30	10.34	6.03	38460.00	53.71	1.350439e+05	1.656510e+00	6.361422e+00	53.68	92.393785	4443	1.938e-03
135kHz_100dA_100Mss_bobN1LB97OH0412.txt	554.36	16.30	10.32	6.32	38460.00	52.17	1.350439e+05	1.617644e+00	6.367321e+00	56.37	99.390351	4443	1.842e-03
135kHz_100dA_100Mss_bobN1LB97OH0413.txt	554.88	16.30	10.63	6.12	38460.00	53.45	1.350439e+05	1.662975e+00	6.368216e+00	58.56	100.452795	4443	1.964e-03
135kHz_100dA_100Mss_bobN1LB97OH0414.txt	555.37	16.30	10.65	6.55	38460.00	52.14	1.350439e+05	1.600741e+00	6.379981e+00	64.15	114.436778	4443	1.813e-03
135kHz_100dA_100Mss_bobN1LB97OH0415.txt	555.87	16.30	11.65	6.59	38460.00	56.30	1.350439e+05	1.699508e+00	6.393036e+00	77.26	129.986605	4443	2.040e-03
135kHz_100dA_100Mss_bobN1LB97OH0416.txt	556.36	16.37	9.88	6.14	38460.00	51.23	1.350439e+05	1.568706e+00	6.372480e+00	58.01	105.518066	4443	1.835e-03
135kHz_100dA_100Mss_bobN1LB97OH0417.txt	556.85	16.47	11.53	6.86	38460.00	53.58	1.350439e+05	1.641181e+00	6.390686e+00	73.01	127.183932	4443	1.949e-03
135kHz_100dA_100Mss_bobN1LB97OH0418.txt	557.87	16.50	9.15	5.64	38460.00	55.70	1.350439e+05	1.699138e+00	6.347872e+00	45.54	76.341076	4443	1.834e-03
135kHz_100dA_100Mss_bobN1LB97OH0419.txt	558.38	16.50	10.10	6.09	38460.00	51.94	1.350439e+05	1.588896e+00	6.357940e+00	49.20	88.266521	4443	1.858e-03
135kHz_100dA_100Mss_bobN1LB97OH0420.txt	558.88	16.50	11.98	7.23	38460.00	52.35	1.350439e+05	1.590418e+00	6.408457e+00	82.40	148.415641	4443	1.945e-03
135kHz_100dA_100Mss_bobN1LB97OH0421.txt	559.37	16.50	12.92	7.81	38460.00	53.79	1.350439e+05	1.594752e+00	6.423213e+00	92.29	166.115774	4443	1.999e-03
135kHz_100dA_100Mss_bobN1LB97OH0422.txt	559.87	16.50	9.75	5.82	38460.00	55.07	1.350439e+05	1.693150e+00	6.370282e+00	61.07	102.907603	4443	1.839e-03
135kHz_100dA_100Mss_bobN1LB97OH0423.txt	560.38	16.54	11.16	6.67	38460.00	54.00	1.350439e+05	1.654578e+00	6.381695e+00	67.47	116.474965	4443	1.956e-03
135kHz_100dA_100Mss_bobN1LB97OH0424.txt	560.89	16.59	10.81	6.30	38460.00	56.03	1.350439e+05	1.714224e+00	6.374873e+00	65.08	108.362103	4443	1.955e-03
135kHz_100dA_100Mss_bobN1LB97OH0425.txt	561.39	16.60	11.16	6.52	38460.00	53.96	1.350439e+05	1.673991e+00	6.375515e+00	64.00	109.122318	4443	1.980e-03
135kHz_100dA_100Mss_bobN1LB97OH0426.txt	561.9	16.60	12.30	7.48	38460.00	52.26	1.350439e+05	1.585668e+00	6.407973e+00	81.83	147.835903	4443	1.969e-03
135kHz_100dA_100Mss_bobN1LB97OH0427.txt	562.4	16.64	12.58	6.95	38460.00	56.66	1.350439e+05	1.710273e+00	6.403906e+00	85.40	142.969065	4443	2.090e-03
135kHz_100dA_100Mss_bobN1LB97OH0428.txt	562.88	16.69	11.29	6.52	38460.00	54.53	1.350439e+05	1.668377e+00	6.383142e+00	69.03	118.195274	4443	1.966e-03
135kHz_100dA_100Mss_bobN1LB97OH0429.txt	563.38	16.70	12.86	7.17	38460.00	56.26	1.350439e+05	1.705585e+00	6.408384e+00	88.31	148.325873	4443	2.079e-03
135kHz_100dA_100Mss_bobN1LB97OH0430.txt	563.87	16.70	10.47	6.49	38460.00	52.11	1.350743e+05	1.614154e+00	6.373382e+00	60.30	106.588338	4442	1.905e-03
135kHz_100dA_100Mss_bobN1LB97OH0431.txt	564.38	16.70	9.22	5.26	38460.00	57.45	1.350439e+05	1.752681e+00	6.338476e+00	40.16	65.230122	4443	1.928e-03
135kHz_100dA_100Mss_bobN1LB97OH0432.txt	564.91	16.70	11.93	6.68	38460.00	58.07	1.350439e+05	1.754678e+00	6.399859e+00	84.70	138.133465	4443	2.011e-03
135kHz_100dA_100Mss_bobN1LB97OH0433.txt	565.5	16.75	11.27	6.56	38460.00	55.64	1.350439e+05	1.687144e+00	6.387312e+00	72.71	123.162527	4443	1.938e-03
135kHz_100dA_100Mss_bobN1LB97OH0434.txt	566.0	16.80	12.26	7.30	38460.00	53.91	1.350439e+05	1.604673e+00	6.415665e+00	87.89	157.053758	4443	1.987e-03
135kHz_100dA_100Mss_bobN1LB97OH0435.txt	566.5	16.85	9.77	6.08	38460.00	51.75	1.350439e+05	1.605552e+00	6.366439e+00	55.36	98.345384	4443	1.818e-03
135kHz_100dA_100Mss_bobN1LB97OH0436.txt	567.0	16.90	9.31	5.59	38460.00	53.71	1.350439e+05	1.648796e+00	6.346100e+00	42.98	74.246299	4443	1.875e-03
135kHz_100dA_100Mss_bobN1LB97OH0437.txt	568.01	16.90	10.25	6.55	38460.00	48.17	1.350439e+05	1.492912e+00	6.374401e+00	56.39	107.799833	4443	1.806e-03
135kHz_100dA_100Mss_bobN1LB97OH0438.txt	568.53	16.90	9.70	5.91	38460.00	52.18	1.350439e+05	1.599844e+00	6.351379e+00	45.20	80.493531	4443	1.851e-03
135kHz_100dA_100Mss_bobN1LB97OH0439.txt	569.04	16.90	11.35	7.05	38460.00	52.99	1.350439e+05	1.603235e+00	6.392742e+00	72.68	129.638451	4443	1.913e-03
135kHz_100dA_100Mss_bobN1LB97OH0440.txt	569.53	16.90	11.49	6.77	38460.00	53.68	1.350439e+05	1.643482e+00	6.386748e+00	70.45	122.490941	4443	1.931e-03
135kHz_100dA_100Mss_bobN1LB97OH0441.txt	570.03	16.90	10.09	5.82	38460.00	54.22	1.350439e+05	1.672641e+00	6.357561e+00	51.54	87.818193	4443	1.932e-03
135kHz_100dA_100Mss_bobN1LB97OH0442.txt	570.54	16.95	8.19	4.84	38460.00	55.58	1.350439e+05	1.681691e+00	6.317041e+00	23.60	39.915319	4443	1.849e-03
135kHz_100dA_100Mss_bobN1LB97OH0443.txt	571.04	17.00	11.67	7.20	38460.00	50.89	1.350439e+05	1.553589e+00	6.400735e+00	75.55	139.179022	4443	1.912e-03
135kHz_100dA_100Mss_bobN1LB97OH0444.txt	571.55	17.00	10.71	6.14	38460.00	54.18	1.350439e+05	1.667632e+00	6.370773e+00	60.49	103.492104	4443	1.931e-03
135kHz_100dA_100Mss_bobN1LB97OH0445.txt	572.06	17.01	10.54	6.32	38460.00	52.41	1.350439e+05	1.594492e+00	6.379388e+00	63.51	113.730897	4443	1.912e-03
135kHz_100dA_100Mss_bobN1LB97OH0446.txt	572.58	17.06	9.12	6.15	38460.00	46.63	1.350439e+05	1.453479e+00	6.358045e+00	45.07	88.392854	4443	1.722e-03
135kHz_100dA_100Mss_bobN1LB97OH0447.txt	573.08	17.10	9.60	5.75	38460.00	55.65	1.350439e+05	1.711997e+00	6.351861e+00	48.71	81.064651	4443	1.893e-03
135kHz_100dA_100Mss_bobN1LB97OH0448.txt	573.57	17.10	10.57	6.25	38460.00	54.52	1.350439e+05	1.650358e+00	6.382748e+00	68.02	117.728178	4443	1.885e-03
135kHz_100dA_100Mss_bobN1LB97OH0449.txt	574.09	17.10	10.13	5.97	38460.00	52.66	1.350439e+05	1.630689e+00	6.368376e+00	57.53	100.644841	4443	1.891e-03
135kHz_100dA_100Mss_bobN1LB97OH0450.txt	574.61	17.10	11.16	6.79	38460.00	54.88	1.350439e+05	1.647907e+00	6.398452e+00	78.59	136.448784	4443	1.907e-03
135kHz_100dA_100Mss_bobN1LB97OH0451.txt	575.13	17.11	11.20	6.97	38460.00	51.87	1.350439e+05	1.570617e+00	6.399968e+00	75.88	138.261495	4443	1.843e-03
135kHz_100dA_100Mss_bobN1LB97OH0452.txt	575.63	17.16	8.14	5.04	38460.00	53.30	1.350439e+05	1.632934e+00	6.338041e+00	37.12	64.712987	4443	1.747e-03
135kHz_100dA_100Mss_bobN1LB97OH0453.txt	576.14	17.20	9.81	5.89	38460.00	53.66	1.350439e+05	1.639456e+00	6.350228e+00	45.54	79.128319	4443	1.892e-03
135kHz_100dA_100Mss_bobN1LB97OH0454.txt	576.64	17.20	8.78	5.48	38460.00	54.80	1.350439e+05	1.682148e+00	6.343170e+00	41.81	70.778449	4443	1.793e-03
135kHz_100dA_100Mss_bobN1LB97OH0455.txt	577.15	17.20	9.89	6.19	38460.00	52.34	1.350439e+05	1.614812e+00	6.363190e+00	53.51	94.492507	4443	1.800e-03
135kHz_100dA_100Mss_bobN1LB97OH0456.txt	578.15	17.23	10.70	6.46	38460.00	52.69	1.350439e+05	1.604871e+00	6.382508e+00	65.99	117.442023	4443	1.854e-03
135kHz_100dA_100Mss_bobN1LB97OH0457.txt	578.66	17.33	8.31	5.28	38460.00	52.20	1.350439e+05	1.587835e+00	6.331422e+00	31.75	56.893085	4443	1.735e-03
135kHz_100dA_100Mss_bobN1LB97OH0458.txt	579.16	17.40	10.00	6.36	38460.00	49.83	1.350439e+05	1.546051e+00	6.373493e+00	57.81	106.721945	4443	1.808e-03
135kHz_100dA_100Mss_bobN1LB97OH0459.txt	579.65	17.40	11.87	6.86	38460.00	56.48	1.350439e+05	1.681574e+00	6.408827e+00	87.37	148.858216	4443	1.988e-03
135kHz_100dA_100Mss_bobN1LB97OH0460.txt	580.17	17.40	10.67	6.52	38460.00	53.27	1.350743e+05	1.626767e+00	6.386884e+00	69.84	122.652676	4442	1.900e-03
135kHz_100dA_100Mss_bobN1LB97OH0461.txt	580.77	17.40	9.22	5.52	38460.00	53.58	1.350439e+05	1.628934e+00	6.343744e+00	40.88	71.458666	4443	1.860e-03
135kHz_100dA_100Mss_bobN1LB97OH0462.txt	581.26	17.43	10.34	5.95	38460.00	56.21	1.350439e+05	1.724411e+00	6.363117e+00	57.09	94.403118	4443	1.944e-03
135kHz_100dA_100Mss_bobN1LB97OH0463.txt	581.76	17.48	10.39	6.08	38460.00	56.27	1.350743e+05	1.698276e+00	6.370131e+00	61.16	102.727170	4442	1.937e-03
135kHz_100dA_100Mss_bobN1LB97OH0464.txt	582.27	17.53	10.45	6.39	38460.00	52.55	1.350439e+05	1.596189e+00	6.380211e+00	64.12	114.710055	4443	1.844e-03
135kHz_100dA_100Mss_bobN1LB97OH0465.txt	582.78	17.58	9.93	5.86	38460.00	53.41	1.350439e+05	1.654693e+00	6.361007e+00	53.34	91.902349	4443	1.889e-03
135kHz_100dA_100Mss_bobN1LB97OH0466.txt	583.28	17.60	10.72	6.53	38460.00	51.58	1.350439e+05	1.581199e+00	6.387061e+00	67.98	122.862981	4443	1.845e-03
135kHz_100dA_100Mss_bobN1LB97OH0467.txt	583.79	17.60	10.21	6.24	38460.00	51.13	1.350439e+05	1.579833e+00	6.368278e+00	55.67	100.529786	4443	1.859e-03
135kHz_100dA_100Mss_bobN1LB97OH0468.txt	584.29	17.60	11.04	6.46	38460.00	53.91	1.350439e+05	1.641156e+00	6.388333e+00	71.42	124.380998	4443	1.929e-03
135kHz_100dA_100Mss_bobN1LB97OH0469.txt	584.8	17.60	9.95	6.27	38460.00	53.75	1.350439e+05	1.651669e+00	6.370897e+00	59.99	103.637723	4443	1.819e-03
135kHz_100dA_100Mss_bobN1LB97OH0470.txt	585.32	17.63	11.04	6.30	38460.00	55.54	1.350439e+05	1.691199e+00	6.379792e+00	67.64	114.211943	4443	2.007e-03
135kHz_100dA_100Mss_bobN1LB97OH0471.txt	585.82	17.68	12.00	6.92	38460.00	54.81	1.350439e+05	1.636151e+00	6.406133e+00	83.20	145.633620	4443	1.974e-03
135kHz_100dA_100Mss_bobN1LB97OH0472.txt	586.33	17.70	10.17	6.34	38460.00	51.96	1.350743e+05	1.579490e+00	6.375538e+00	60.41	109.151160	4442	1.865e-03
135kHz_100dA_100Mss_bobN1LB97OH0473.txt	586.83	17.70	10.72	6.71	38460.00	50.94	1.350439e+05	1.545406e+00	6.388818e+00	67.56	124.958035	4443	1.853e-03
135kHz_100dA_100Mss_bobN1LB97OH0474.txt	587.34	17.70	9.41	6.14	38460.00	48.80	1.350439e+05	1.507033e+00	6.369212e+00	53.69	101.639320	4443	1.744e-03
135kHz_100dA_100Mss_bobN1LB97OH0475.txt	588.37	17.74	11.16	7.05	38460.00	51.09	1.350439e+05	1.520718e+00	6.405484e+00	76.92	144.856778	4443	1.838e-03
135kHz_100dA_100Mss_bobN1LB97OH0476.txt	588.87	17.79	9.38	5.74	38460.00	52.49	1.350439e+05	1.610715e+00	6.349044e+00	43.95	77.730922	4443	1.869e-03
135kHz_100dA_100Mss_bobN1LB97OH0477.txt	589.39	17.80	10.07	5.97	38460.00	52.92	1.350439e+05	1.625915e+00	6.373586e+00	60.86	106.833450	4443	1.869e-03
135kHz_100dA_100Mss_bobN1LB97OH0478.txt	589.9	17.80	10.15	6.07	38460.00	53.24	1.350439e+05	1.641589e+00	6.373966e+00	61.71	107.285201	4443	1.885e-03
135kHz_100dA_100Mss_bobN1LB97OH0479.txt	590.42	17.80	10.72	6.88	38460.00	49.50	1.350439e+05	1.506268e+00	6.394863e+00	69.60	132.168197	4443	1.841e-03
135kHz_100dA_100Mss_bobN1LB97OH0480.txt	590.9	17.80	9.88	6.48	38460.00	50.92	1.350439e+05	1.553089e+00	6.377827e+00	60.86	111.874546	4443	1.737e-03
135kHz_100dA_100Mss_bobN1LB97OH0481.txt	591.4	17.80	10.46	6.27	38460.00	52.75	1.350439e+05	1.618793e+00	6.367307e+00	56.40	99.375958	4443	1.897e-03
135kHz_100dA_100Mss_bobN1LB97OH0482.txt	591.92	17.80	12.13	7.53	38460.00	53.17	1.350439e+05	1.570521e+00	6.427043e+00	93.36	170.722363	4443	1.883e-03
135kHz_100dA_100Mss_bobN1LB97OH0483.txt	592.42	17.84	9.66	6.04	38460.00	52.53	1.350439e+05	1.611550e+00	6.364415e+00	54.22	95.942505	4443	1.817e-03
135kHz_100dA_100Mss_bobN1LB97OH0484.txt	592.92	17.89	10.98	6.86	38460.00	50.61	1.350439e+05	1.549458e+00	6.392162e+00	69.88	128.944051	4443	1.904e-03
135kHz_100dA_100Mss_bobN1LB97OH0485.txt	593.42	17.90	9.31	5.89	38460.00	50.16	1.350439e+05	1.547942e+00	6.357073e+00	47.38	87.238713	4443	1.789e-03
135kHz_100dA_100Mss_bobN1LB97OH0486.txt	593.93	17.90	9.54	5.89	38460.00	52.66	1.350439e+05	1.608558e+00	6.368165e+00	56.61	100.393433	4443	1.817e-03
135kHz_100dA_100Mss_bobN1LB97OH0487.txt	594.43	17.94	10.12	6.23	38460.00	51.14	1.350439e+05	1.585805e+00	6.368020e+00	55.72	100.221847	4443	1.837e-03
135kHz_100dA_100Mss_bobN1LB97OH0488.txt	594.94	17.99	9.62	5.94	38460.00	51.31	1.350439e+05	1.564711e+00	6.367269e+00	54.49	99.332976	4443	1.834e-03
135kHz_100dA_100Mss_bobN1LB97OH0489.txt	595.47	18.00	9.89	5.90	38460.00	53.87	1.350439e+05	1.660307e+00	6.361186e+00	53.64	92.114952	4443	1.883e-03
135kHz_100dA_100Mss_bobN1LB97OH0490.txt	596.08	18.00	7.49	4.75	38460.00	52.29	1.350439e+05	1.592389e+00	6.319702e+00	24.11	43.056368	4443	1.691e-03
135kHz_100dA_100Mss_bobN1LB97OH0491.txt	596.57	18.00	9.80	6.23	38460.00	51.43	1.350439e+05	1.587489e+00	6.375273e+00	60.53	108.839076	4443	1.766e-03
135kHz_100dA_100Mss_bobN1LB97OH0492.txt	597.09	18.01	9.20	5.55	38460.00	54.50	1.350439e+05	1.676704e+00	6.355922e+00	50.52	85.875296	4443	1.825e-03
135kHz_100dA_100Mss_bobN1LB97OH0493.txt	597.58	18.06	9.82	6.29	38460.00	48.78	1.350439e+05	1.507968e+00	6.367097e+00	52.41	99.126548	4443	1.812e-03
135kHz_100dA_100Mss_bobN1LB97OH0494.txt	598.56	18.10	9.01	5.77	38460.00	52.20	1.350439e+05	1.584058e+00	6.364919e+00	53.62	96.542936	4443	1.756e-03
135kHz_100dA_100Mss_bobN1LB97OH0495.txt	599.06	18.10	8.65	5.36	38460.00	52.72	1.350439e+05	1.623106e+00	6.346015e+00	42.26	74.145748	4443	1.741e-03
135kHz_100dA_100Mss_bobN1LB97OH0496.txt	599.55	18.10	9.48	6.23	38460.00	51.92	1.350439e+05	1.597390e+00	6.369781e+00	57.28	102.314766	4443	1.763e-03
135kHz_100dA_100Mss_bobN1LB97OH0497.txt	600.05	18.10	8.14	5.40	38460.00	51.08	1.350439e+05	1.576116e+00	6.344111e+00	39.79	71.893247	4443	1.703e-03
135kHz_100dA_100Mss_bobN1LB97OH0498.txt	600.54	18.15	9.69	5.90	38460.00	51.78	1.350439e+05	1.595799e+00	6.356442e+00	48.43	86.492615	4443	1.864e-03
135kHz_100dA_100Mss_bobN1LB97OH0499.txt	601.04	18.20	10.23	6.44	38460.00	50.41	1.350743e+05	1.535133e+00	6.391679e+00	68.94	128.369968	4442	1.756e-03
135kHz_100dA_100Mss_bobN1LB97OH0500.txt	601.54	18.20	8.87	5.61	38460.00	51.20	1.350439e+05	1.572124e+00	6.347885e+00	42.15	76.357194	4443	1.761e-03
135kHz_100dA_100Mss_bobN1LB97OH0501.txt	602.05	18.20	8.37	5.48	38460.00	49.28	1.350439e+05	1.512934e+00	6.339095e+00	35.06	65.961722	4443	1.700e-03
135kHz_100dA_100Mss_bobN1LB97OH0502.txt	602.56	18.20	8.61	5.82	38460.00	49.01	1.350439e+05	1.516095e+00	6.354118e+00	44.55	83.739085	4443	1.658e-03
135kHz_100dA_100Mss_bobN1LB97OH0503.txt	603.05	18.20	9.76	6.12	38460.00	50.16	1.350439e+05	1.535771e+00	6.368841e+00	54.48	101.197835	4443	1.774e-03
135kHz_100dA_100Mss_bobN1LB97OH0504.txt	603.55	18.20	10.88	6.91	38460.00	49.08	1.350743e+05	1.466856e+00	6.403702e+00	73.14	142.724751	4442	1.848e-03
135kHz_100dA_100Mss_bobN1LB97OH0505.txt	604.07	18.20	10.04	6.52	38460.00	49.20	1.350439e+05	1.486352e+00	6.391279e+00	66.49	127.894574	4443	1.773e-03
135kHz_100dA_100Mss_bobN1LB97OH0506.txt	604.59	18.20	9.88	6.57	38460.00	50.07	1.350439e+05	1.515767e+00	6.382282e+00	62.18	117.173871	4443	1.769e-03
135kHz_100dA_100Mss_bobN1LB97OH0507.txt	605.14	18.21	7.68	4.93	38460.00	49.37	1.350743e+05	1.514801e+00	6.329429e+00	29.04	54.539992	4442	1.687e-03
135kHz_100dA_100Mss_bobN1LB97OH0508.txt	605.67	18.27	9.71	6.06	38460.00	51.13	1.350439e+05	1.559900e+00	6.372608e+00	57.76	105.673617	4443	1.800e-03
135kHz_100dA_100Mss_bobN1LB97OH0509.txt	606.28	18.33	10.43	6.32	38460.00	53.36	1.350743e+05	1.628027e+00	6.383829e+00	67.84	119.017057	4442	1.868e-03
135kHz_100dA_100Mss_bobN1LB97OH0510.txt	606.82	18.38	9.09	5.57	38460.00	52.17	1.350439e+05	1.613897e+00	6.354514e+00	47.69	84.207446	4443	1.812e-03
135kHz_100dA_100Mss_bobN1LB97OH0511.txt	607.33	18.40	9.61	6.20	38460.00	49.17	1.350439e+05	1.512151e+00	6.366635e+00	52.26	98.578766	4443	1.759e-03
135kHz_100dA_100Mss_bobN1LB97OH0512.txt	607.84	18.40	9.95	6.15	38460.00	52.36	1.350439e+05	1.615524e+00	6.364039e+00	54.10	95.498367	4443	1.870e-03
