# Temperatura_=_18.65
# Concentracion g/m^3_=_4090.0
# C_Vs_to_Am_M_A/Vsm_=_65563218390.804596
# pendiente_HvsI_1/m_=_3716.3
# ordenada_HvsI_A/m_=_1297.0
# frecuencia_Hz_=_135084.6968684802

Tiempo_(s)	Campo_(V.s)	Magnetizacion_(V.s)	Campo_(kA/m)	Magnetizacion_(A/m)
0.000000e+00	-5.396120e-06	-1.247839e-09	-3.838513e+01	-8.556251e+01
1.000000e-08	-5.396113e-06	-1.242354e-09	-3.838507e+01	-8.544825e+01
2.000000e-08	-5.395841e-06	-1.239033e-09	-3.838314e+01	-8.534038e+01
3.000000e-08	-5.395286e-06	-1.236123e-09	-3.837919e+01	-8.523954e+01
4.000000e-08	-5.394333e-06	-1.238107e-09	-3.837241e+01	-8.514633e+01
5.000000e-08	-5.392817e-06	-1.242268e-09	-3.836163e+01	-8.506128e+01
6.000000e-08	-5.390637e-06	-1.249626e-09	-3.834612e+01	-8.498484e+01
7.000000e-08	-5.387940e-06	-1.259093e-09	-3.832694e+01	-8.491736e+01
8.000000e-08	-5.384727e-06	-1.241256e-09	-3.830408e+01	-8.485915e+01
9.000000e-08	-5.380893e-06	-1.206592e-09	-3.827680e+01	-8.481038e+01
1.000000e-07	-5.376650e-06	-1.240001e-09	-3.824662e+01	-8.477118e+01
1.100000e-07	-5.372238e-06	-1.272079e-09	-3.821524e+01	-8.474153e+01
1.200000e-07	-5.367641e-06	-1.246230e-09	-3.818254e+01	-8.472136e+01
1.300000e-07	-5.362684e-06	-1.169022e-09	-3.814728e+01	-8.471049e+01
1.400000e-07	-5.357298e-06	-1.219920e-09	-3.810896e+01	-8.470864e+01
1.500000e-07	-5.351548e-06	-1.292874e-09	-3.806806e+01	-8.471542e+01
1.600000e-07	-5.345413e-06	-1.239980e-09	-3.802442e+01	-8.473039e+01
1.700000e-07	-5.338908e-06	-1.149591e-09	-3.797815e+01	-8.475299e+01
1.800000e-07	-5.332017e-06	-1.193542e-09	-3.792913e+01	-8.478257e+01
1.900000e-07	-5.324782e-06	-1.311879e-09	-3.787766e+01	-8.481844e+01
2.000000e-07	-5.317372e-06	-1.270882e-09	-3.782495e+01	-8.485980e+01
2.100000e-07	-5.309721e-06	-1.217931e-09	-3.777053e+01	-8.490581e+01
2.200000e-07	-5.301778e-06	-1.265839e-09	-3.771403e+01	-8.495554e+01
2.300000e-07	-5.293502e-06	-1.349977e-09	-3.765516e+01	-8.500804e+01
2.400000e-07	-5.284678e-06	-1.300065e-09	-3.759239e+01	-8.506232e+01
2.500000e-07	-5.275269e-06	-1.301407e-09	-3.752545e+01	-8.511732e+01
2.600000e-07	-5.265294e-06	-1.373517e-09	-3.745450e+01	-8.517200e+01
2.700000e-07	-5.254846e-06	-1.397607e-09	-3.738018e+01	-8.522527e+01
2.800000e-07	-5.243921e-06	-1.320962e-09	-3.730246e+01	-8.527607e+01
2.900000e-07	-5.232495e-06	-1.334388e-09	-3.722118e+01	-8.532332e+01
3.000000e-07	-5.220670e-06	-1.383499e-09	-3.713707e+01	-8.536596e+01
3.100000e-07	-5.208435e-06	-1.357971e-09	-3.705003e+01	-8.540296e+01
3.200000e-07	-5.195752e-06	-1.330410e-09	-3.695982e+01	-8.543331e+01
3.300000e-07	-5.182714e-06	-1.375132e-09	-3.686706e+01	-8.545607e+01
3.400000e-07	-5.169317e-06	-1.385529e-09	-3.677177e+01	-8.547032e+01
3.500000e-07	-5.155579e-06	-1.353884e-09	-3.667404e+01	-8.547521e+01
3.600000e-07	-5.141480e-06	-1.363723e-09	-3.657375e+01	-8.546996e+01
3.700000e-07	-5.126821e-06	-1.364580e-09	-3.646947e+01	-8.545386e+01
3.800000e-07	-5.111642e-06	-1.325075e-09	-3.636150e+01	-8.542628e+01
3.900000e-07	-5.095977e-06	-1.329133e-09	-3.625007e+01	-8.538668e+01
4.000000e-07	-5.079730e-06	-1.365365e-09	-3.613449e+01	-8.533458e+01
4.100000e-07	-5.063079e-06	-1.342294e-09	-3.601605e+01	-8.526963e+01
4.200000e-07	-5.046091e-06	-1.331130e-09	-3.589520e+01	-8.519154e+01
4.300000e-07	-5.028742e-06	-1.359823e-09	-3.577179e+01	-8.510013e+01
4.400000e-07	-5.011135e-06	-1.371497e-09	-3.564655e+01	-8.499532e+01
4.500000e-07	-4.993230e-06	-1.327833e-09	-3.551918e+01	-8.487712e+01
4.600000e-07	-4.974925e-06	-1.326090e-09	-3.538896e+01	-8.474563e+01
4.700000e-07	-4.956190e-06	-1.333379e-09	-3.525569e+01	-8.460104e+01
4.800000e-07	-4.937098e-06	-1.334280e-09	-3.511988e+01	-8.444363e+01
4.900000e-07	-4.917635e-06	-1.322971e-09	-3.498143e+01	-8.427378e+01
5.000000e-07	-4.897940e-06	-1.329768e-09	-3.484133e+01	-8.409193e+01
5.100000e-07	-4.878010e-06	-1.318078e-09	-3.469956e+01	-8.389860e+01
5.200000e-07	-4.857808e-06	-1.326935e-09	-3.455586e+01	-8.369437e+01
5.300000e-07	-4.837423e-06	-1.322201e-09	-3.441085e+01	-8.347990e+01
5.400000e-07	-4.816853e-06	-1.308809e-09	-3.426453e+01	-8.325589e+01
5.500000e-07	-4.795938e-06	-1.294900e-09	-3.411575e+01	-8.302309e+01
5.600000e-07	-4.774617e-06	-1.311515e-09	-3.396408e+01	-8.278229e+01
5.700000e-07	-4.752967e-06	-1.307234e-09	-3.381007e+01	-8.253429e+01
5.800000e-07	-4.730978e-06	-1.290882e-09	-3.365366e+01	-8.227996e+01
5.900000e-07	-4.708626e-06	-1.279934e-09	-3.349466e+01	-8.202012e+01
6.000000e-07	-4.686026e-06	-1.284680e-09	-3.333389e+01	-8.175564e+01
6.100000e-07	-4.663082e-06	-1.281729e-09	-3.317068e+01	-8.148737e+01
6.200000e-07	-4.639741e-06	-1.273481e-09	-3.300464e+01	-8.121615e+01
6.300000e-07	-4.616180e-06	-1.266982e-09	-3.283705e+01	-8.094280e+01
6.400000e-07	-4.592356e-06	-1.274043e-09	-3.266758e+01	-8.066811e+01
6.500000e-07	-4.568285e-06	-1.282059e-09	-3.249635e+01	-8.039283e+01
6.600000e-07	-4.543989e-06	-1.274012e-09	-3.232352e+01	-8.011767e+01
6.700000e-07	-4.519349e-06	-1.258569e-09	-3.214824e+01	-7.984331e+01
6.800000e-07	-4.494371e-06	-1.249238e-09	-3.197056e+01	-7.957036e+01
6.900000e-07	-4.468930e-06	-1.249277e-09	-3.178959e+01	-7.929936e+01
7.000000e-07	-4.443009e-06	-1.239941e-09	-3.160520e+01	-7.903082e+01
7.100000e-07	-4.416642e-06	-1.232318e-09	-3.141764e+01	-7.876517e+01
7.200000e-07	-4.389700e-06	-1.229197e-09	-3.122599e+01	-7.850275e+01
7.300000e-07	-4.362302e-06	-1.238405e-09	-3.103109e+01	-7.824386e+01
7.400000e-07	-4.334614e-06	-1.237787e-09	-3.083414e+01	-7.798873e+01
7.500000e-07	-4.306721e-06	-1.231975e-09	-3.063572e+01	-7.773750e+01
7.600000e-07	-4.278669e-06	-1.218928e-09	-3.043617e+01	-7.749025e+01
7.700000e-07	-4.250424e-06	-1.216145e-09	-3.023525e+01	-7.724699e+01
7.800000e-07	-4.221959e-06	-1.206615e-09	-3.003276e+01	-7.700767e+01
7.900000e-07	-4.193275e-06	-1.198382e-09	-2.982873e+01	-7.677217e+01
8.000000e-07	-4.164191e-06	-1.190017e-09	-2.962184e+01	-7.654032e+01
8.100000e-07	-4.134731e-06	-1.195566e-09	-2.941228e+01	-7.631187e+01
8.200000e-07	-4.105026e-06	-1.198910e-09	-2.920097e+01	-7.608655e+01
8.300000e-07	-4.075017e-06	-1.200797e-09	-2.898750e+01	-7.586401e+01
8.400000e-07	-4.044694e-06	-1.192477e-09	-2.877180e+01	-7.564390e+01
8.500000e-07	-4.014131e-06	-1.186546e-09	-2.855439e+01	-7.542580e+01
8.600000e-07	-3.983363e-06	-1.180650e-09	-2.833552e+01	-7.520927e+01
8.700000e-07	-3.952307e-06	-1.177336e-09	-2.811461e+01	-7.499385e+01
8.800000e-07	-3.920989e-06	-1.167600e-09	-2.789183e+01	-7.477908e+01
8.900000e-07	-3.889489e-06	-1.162161e-09	-2.766775e+01	-7.456445e+01
9.000000e-07	-3.857831e-06	-1.161730e-09	-2.744255e+01	-7.434949e+01
9.100000e-07	-3.825984e-06	-1.163023e-09	-2.721601e+01	-7.413369e+01
9.200000e-07	-3.793879e-06	-1.160481e-09	-2.698764e+01	-7.391659e+01
9.300000e-07	-3.761536e-06	-1.158154e-09	-2.675757e+01	-7.369771e+01
9.400000e-07	-3.728986e-06	-1.158237e-09	-2.652602e+01	-7.347661e+01
9.500000e-07	-3.696141e-06	-1.157254e-09	-2.629238e+01	-7.325285e+01
9.600000e-07	-3.662888e-06	-1.150961e-09	-2.605583e+01	-7.302605e+01
9.700000e-07	-3.629200e-06	-1.136893e-09	-2.581619e+01	-7.279583e+01
9.800000e-07	-3.595143e-06	-1.125281e-09	-2.557393e+01	-7.256187e+01
9.900000e-07	-3.560776e-06	-1.120261e-09	-2.532946e+01	-7.232388e+01
1.000000e-06	-3.526038e-06	-1.121587e-09	-2.508236e+01	-7.208161e+01
1.010000e-06	-3.490921e-06	-1.122789e-09	-2.483256e+01	-7.183485e+01
1.020000e-06	-3.455422e-06	-1.127365e-09	-2.458003e+01	-7.158343e+01
1.030000e-06	-3.419679e-06	-1.128523e-09	-2.432578e+01	-7.132724e+01
1.040000e-06	-3.383767e-06	-1.127354e-09	-2.407032e+01	-7.106620e+01
1.050000e-06	-3.347670e-06	-1.117056e-09	-2.381354e+01	-7.080027e+01
1.060000e-06	-3.311413e-06	-1.103557e-09	-2.355563e+01	-7.052948e+01
1.070000e-06	-3.274966e-06	-1.087924e-09	-2.329636e+01	-7.025385e+01
1.080000e-06	-3.238368e-06	-1.082422e-09	-2.303602e+01	-6.997349e+01
1.090000e-06	-3.201600e-06	-1.082684e-09	-2.277447e+01	-6.968851e+01
1.100000e-06	-3.164535e-06	-1.087153e-09	-2.251082e+01	-6.939907e+01
1.110000e-06	-3.127215e-06	-1.088008e-09	-2.224534e+01	-6.910534e+01
1.120000e-06	-3.089723e-06	-1.087131e-09	-2.197864e+01	-6.880754e+01
1.130000e-06	-3.051974e-06	-1.080311e-09	-2.171012e+01	-6.850588e+01
1.140000e-06	-3.014088e-06	-1.070053e-09	-2.144062e+01	-6.820060e+01
1.150000e-06	-2.976045e-06	-1.057731e-09	-2.117000e+01	-6.789197e+01
1.160000e-06	-2.937781e-06	-1.051886e-09	-2.089781e+01	-6.758022e+01
1.170000e-06	-2.899331e-06	-1.049859e-09	-2.062430e+01	-6.726563e+01
1.180000e-06	-2.860671e-06	-1.047640e-09	-2.034929e+01	-6.694845e+01
1.190000e-06	-2.821744e-06	-1.044652e-09	-2.007239e+01	-6.662893e+01
1.200000e-06	-2.782607e-06	-1.044083e-09	-1.979398e+01	-6.630730e+01
1.210000e-06	-2.743309e-06	-1.041770e-09	-1.951444e+01	-6.598379e+01
1.220000e-06	-2.703873e-06	-1.035091e-09	-1.923392e+01	-6.565859e+01
1.230000e-06	-2.664347e-06	-1.026352e-09	-1.895275e+01	-6.533188e+01
1.240000e-06	-2.624609e-06	-1.020703e-09	-1.867007e+01	-6.500382e+01
1.250000e-06	-2.584735e-06	-1.019277e-09	-1.838643e+01	-6.467452e+01
1.260000e-06	-2.544812e-06	-1.015388e-09	-1.810244e+01	-6.434408e+01
1.270000e-06	-2.504758e-06	-1.007575e-09	-1.781751e+01	-6.401255e+01
1.280000e-06	-2.464516e-06	-9.985719e-10	-1.753126e+01	-6.367995e+01
1.290000e-06	-2.424171e-06	-9.916972e-10	-1.724426e+01	-6.334628e+01
1.300000e-06	-2.383750e-06	-9.825812e-10	-1.695673e+01	-6.301146e+01
1.310000e-06	-2.343129e-06	-9.722920e-10	-1.666777e+01	-6.267543e+01
1.320000e-06	-2.302218e-06	-9.663639e-10	-1.637676e+01	-6.233805e+01
1.330000e-06	-2.261070e-06	-9.688059e-10	-1.608405e+01	-6.199916e+01
1.340000e-06	-2.219716e-06	-9.732196e-10	-1.578987e+01	-6.165856e+01
1.350000e-06	-2.178074e-06	-9.741683e-10	-1.549366e+01	-6.131603e+01
1.360000e-06	-2.136157e-06	-9.659693e-10	-1.519549e+01	-6.097130e+01
1.370000e-06	-2.094043e-06	-9.530113e-10	-1.489591e+01	-6.062409e+01
1.380000e-06	-2.051591e-06	-9.393628e-10	-1.459393e+01	-6.027407e+01
1.390000e-06	-2.008879e-06	-9.280476e-10	-1.429010e+01	-5.992092e+01
1.400000e-06	-1.966073e-06	-9.174076e-10	-1.398559e+01	-5.956427e+01
1.410000e-06	-1.923106e-06	-9.124438e-10	-1.367995e+01	-5.920374e+01
1.420000e-06	-1.879919e-06	-9.128364e-10	-1.337274e+01	-5.883893e+01
1.430000e-06	-1.836513e-06	-9.164534e-10	-1.306397e+01	-5.846945e+01
1.440000e-06	-1.792905e-06	-9.147509e-10	-1.275377e+01	-5.809488e+01
1.450000e-06	-1.749198e-06	-9.063960e-10	-1.244286e+01	-5.771481e+01
1.460000e-06	-1.705431e-06	-8.954876e-10	-1.213152e+01	-5.732880e+01
1.470000e-06	-1.661512e-06	-8.855910e-10	-1.181911e+01	-5.693645e+01
1.480000e-06	-1.617511e-06	-8.762081e-10	-1.150611e+01	-5.653734e+01
1.490000e-06	-1.573405e-06	-8.690087e-10	-1.119237e+01	-5.613104e+01
1.500000e-06	-1.529261e-06	-8.665217e-10	-1.087835e+01	-5.571716e+01
1.510000e-06	-1.485100e-06	-8.687075e-10	-1.056421e+01	-5.529530e+01
1.520000e-06	-1.440866e-06	-8.674269e-10	-1.024955e+01	-5.486507e+01
1.530000e-06	-1.396660e-06	-8.580308e-10	-9.935095e+00	-5.442610e+01
1.540000e-06	-1.352372e-06	-8.462653e-10	-9.620052e+00	-5.397801e+01
1.550000e-06	-1.307959e-06	-8.357490e-10	-9.304122e+00	-5.352047e+01
1.560000e-06	-1.263456e-06	-8.268025e-10	-8.987554e+00	-5.305312e+01
1.570000e-06	-1.218864e-06	-8.188559e-10	-8.670350e+00	-5.257564e+01
1.580000e-06	-1.174187e-06	-8.130720e-10	-8.352540e+00	-5.208771e+01
1.590000e-06	-1.129408e-06	-8.104961e-10	-8.034004e+00	-5.158900e+01
1.600000e-06	-1.084649e-06	-8.075974e-10	-7.715617e+00	-5.107923e+01
1.610000e-06	-1.039811e-06	-8.030760e-10	-7.396664e+00	-5.055808e+01
1.620000e-06	-9.948776e-07	-7.967846e-10	-7.077029e+00	-5.002525e+01
1.630000e-06	-9.499336e-07	-7.873148e-10	-6.757322e+00	-4.948046e+01
1.640000e-06	-9.048337e-07	-7.761471e-10	-6.436505e+00	-4.892340e+01
1.650000e-06	-8.596279e-07	-7.635133e-10	-6.114935e+00	-4.835376e+01
1.660000e-06	-8.143053e-07	-7.508361e-10	-5.792534e+00	-4.777123e+01
1.670000e-06	-7.688974e-07	-7.422591e-10	-5.469526e+00	-4.717548e+01
1.680000e-06	-7.235114e-07	-7.392330e-10	-5.146675e+00	-4.656619e+01
1.690000e-06	-6.781532e-07	-7.345710e-10	-4.824020e+00	-4.594299e+01
1.700000e-06	-6.328118e-07	-7.276588e-10	-4.501486e+00	-4.530551e+01
1.710000e-06	-5.873597e-07	-7.213100e-10	-4.178164e+00	-4.465335e+01
1.720000e-06	-5.418213e-07	-7.135984e-10	-3.854228e+00	-4.398611e+01
1.730000e-06	-4.962410e-07	-7.020040e-10	-3.529994e+00	-4.330333e+01
1.740000e-06	-4.506667e-07	-6.860514e-10	-3.205803e+00	-4.260456e+01
1.750000e-06	-4.050857e-07	-6.692190e-10	-2.881564e+00	-4.188928e+01
1.760000e-06	-3.594463e-07	-6.575894e-10	-2.556910e+00	-4.115699e+01
1.770000e-06	-3.137053e-07	-6.485634e-10	-2.231533e+00	-4.040712e+01
1.780000e-06	-2.679505e-07	-6.412094e-10	-1.906057e+00	-3.963911e+01
1.790000e-06	-2.222043e-07	-6.336763e-10	-1.580643e+00	-3.885233e+01
1.800000e-06	-1.764324e-07	-6.244345e-10	-1.255046e+00	-3.804618e+01
1.810000e-06	-1.306679e-07	-6.098849e-10	-9.295022e-01	-3.721999e+01
1.820000e-06	-8.490083e-08	-5.915949e-10	-6.039393e-01	-3.637309e+01
1.830000e-06	-3.920303e-08	-5.722738e-10	-2.788694e-01	-3.550479e+01
1.840000e-06	6.472967e-09	-5.546868e-10	4.604524e-02	-3.461441e+01
1.850000e-06	5.217738e-08	-5.397505e-10	3.711621e-01	-3.370123e+01
1.860000e-06	9.790351e-08	-5.269011e-10	6.964334e-01	-3.276454e+01
1.870000e-06	1.435949e-07	-5.162632e-10	1.021457e+00	-3.180364e+01
1.880000e-06	1.892612e-07	-5.088468e-10	1.346303e+00	-3.081783e+01
1.890000e-06	2.349868e-07	-4.987365e-10	1.671571e+00	-2.980643e+01
1.900000e-06	2.807449e-07	-4.792714e-10	1.997070e+00	-2.876878e+01
1.910000e-06	3.264819e-07	-4.531930e-10	2.322419e+00	-2.770426e+01
1.920000e-06	3.722387e-07	-4.288307e-10	2.647908e+00	-2.661228e+01
1.930000e-06	4.179473e-07	-4.073351e-10	2.973055e+00	-2.549227e+01
1.940000e-06	4.635073e-07	-3.862823e-10	3.297144e+00	-2.434376e+01
1.950000e-06	5.090571e-07	-3.687583e-10	3.621161e+00	-2.316629e+01
1.960000e-06	5.546572e-07	-3.551100e-10	3.945536e+00	-2.195951e+01
1.970000e-06	6.001498e-07	-3.399951e-10	4.269146e+00	-2.072311e+01
1.980000e-06	6.455206e-07	-3.178284e-10	4.591889e+00	-1.945688e+01
1.990000e-06	6.909268e-07	-2.907474e-10	4.914886e+00	-1.816068e+01
2.000000e-06	7.362782e-07	-2.656251e-10	5.237491e+00	-1.683448e+01
2.010000e-06	7.815340e-07	-2.445876e-10	5.559416e+00	-1.547835e+01
2.020000e-06	8.267819e-07	-2.230446e-10	5.881286e+00	-1.409245e+01
2.030000e-06	8.719936e-07	-2.001731e-10	6.202898e+00	-1.267705e+01
2.040000e-06	9.170866e-07	-1.780955e-10	6.523666e+00	-1.123256e+01
2.050000e-06	9.620568e-07	-1.583151e-10	6.843560e+00	-9.759466e+00
2.060000e-06	1.007016e-06	-1.364619e-10	7.163373e+00	-8.258402e+00
2.070000e-06	1.051971e-06	-1.095741e-10	7.483158e+00	-6.730110e+00
2.080000e-06	1.096776e-06	-8.218592e-11	7.801878e+00	-5.175453e+00
2.090000e-06	1.141418e-06	-5.850227e-11	8.119440e+00	-3.595418e+00
2.100000e-06	1.185998e-06	-3.530798e-11	8.436556e+00	-1.991108e+00
2.110000e-06	1.230507e-06	-9.965223e-12	8.753170e+00	-3.637433e-01
2.120000e-06	1.274930e-06	1.700227e-11	9.069173e+00	1.285341e+00
2.130000e-06	1.319284e-06	4.094361e-11	9.384687e+00	2.954700e+00
2.140000e-06	1.363613e-06	6.233831e-11	9.700017e+00	4.642784e+00
2.150000e-06	1.407874e-06	8.375245e-11	1.001486e+01	6.347944e+00
2.160000e-06	1.452077e-06	1.088624e-10	1.032930e+01	8.068437e+00
2.170000e-06	1.496193e-06	1.350474e-10	1.064312e+01	9.802437e+00
2.180000e-06	1.540215e-06	1.604441e-10	1.095627e+01	1.154804e+01
2.190000e-06	1.584236e-06	1.876773e-10	1.126941e+01	1.330327e+01
2.200000e-06	1.628246e-06	2.149283e-10	1.158248e+01	1.506609e+01
2.210000e-06	1.672211e-06	2.419080e-10	1.189522e+01	1.683442e+01
2.220000e-06	1.716122e-06	2.704653e-10	1.220758e+01	1.860615e+01
2.230000e-06	1.759920e-06	3.001608e-10	1.251913e+01	2.037911e+01
2.240000e-06	1.803621e-06	3.302267e-10	1.283000e+01	2.215115e+01
2.250000e-06	1.847249e-06	3.567471e-10	1.314035e+01	2.392009e+01
2.260000e-06	1.890783e-06	3.810923e-10	1.345002e+01	2.568376e+01
2.270000e-06	1.934103e-06	4.059450e-10	1.375818e+01	2.744000e+01
2.280000e-06	1.977275e-06	4.325743e-10	1.406528e+01	2.918669e+01
2.290000e-06	2.020255e-06	4.613129e-10	1.437102e+01	3.092174e+01
2.300000e-06	2.062840e-06	4.894052e-10	1.467395e+01	3.264311e+01
2.310000e-06	2.105126e-06	5.183525e-10	1.497474e+01	3.434882e+01
2.320000e-06	2.147185e-06	5.471828e-10	1.527393e+01	3.603694e+01
2.330000e-06	2.188925e-06	5.735513e-10	1.557085e+01	3.770565e+01
2.340000e-06	2.230372e-06	5.945419e-10	1.586568e+01	3.935319e+01
2.350000e-06	2.271569e-06	6.129789e-10	1.615873e+01	4.097790e+01
2.360000e-06	2.312499e-06	6.333397e-10	1.644989e+01	4.257822e+01
2.370000e-06	2.353173e-06	6.578707e-10	1.673922e+01	4.415270e+01
2.380000e-06	2.393624e-06	6.827552e-10	1.702697e+01	4.569999e+01
2.390000e-06	2.433930e-06	7.062559e-10	1.731369e+01	4.721886e+01
2.400000e-06	2.474094e-06	7.310035e-10	1.759939e+01	4.870820e+01
2.410000e-06	2.514199e-06	7.554526e-10	1.788467e+01	5.016704e+01
2.420000e-06	2.554252e-06	7.799246e-10	1.816959e+01	5.159449e+01
2.430000e-06	2.594233e-06	8.046209e-10	1.845399e+01	5.298982e+01
2.440000e-06	2.634083e-06	8.263432e-10	1.873746e+01	5.435241e+01
2.450000e-06	2.673780e-06	8.445198e-10	1.901985e+01	5.568176e+01
2.460000e-06	2.713342e-06	8.612481e-10	1.930127e+01	5.697749e+01
2.470000e-06	2.752710e-06	8.768888e-10	1.958131e+01	5.823934e+01
2.480000e-06	2.791879e-06	8.931451e-10	1.985994e+01	5.946715e+01
2.490000e-06	2.830845e-06	9.126567e-10	2.013713e+01	6.066087e+01
2.500000e-06	2.869606e-06	9.354848e-10	2.041285e+01	6.182057e+01
2.510000e-06	2.908102e-06	9.610560e-10	2.068669e+01	6.294639e+01
2.520000e-06	2.946334e-06	9.850435e-10	2.095865e+01	6.403858e+01
2.530000e-06	2.984425e-06	1.004908e-09	2.122961e+01	6.509746e+01
2.540000e-06	3.022376e-06	1.018438e-09	2.149957e+01	6.612343e+01
2.550000e-06	3.060144e-06	1.025823e-09	2.176823e+01	6.711695e+01
2.560000e-06	3.097712e-06	1.032785e-09	2.203547e+01	6.807856e+01
2.570000e-06	3.135054e-06	1.042513e-09	2.230111e+01	6.900881e+01
2.580000e-06	3.172149e-06	1.055779e-09	2.256498e+01	6.990835e+01
2.590000e-06	3.209000e-06	1.075598e-09	2.282712e+01	7.077781e+01
2.600000e-06	3.245562e-06	1.101059e-09	2.308720e+01	7.161789e+01
2.610000e-06	3.281894e-06	1.124298e-09	2.334565e+01	7.242928e+01
2.620000e-06	3.318134e-06	1.137720e-09	2.360344e+01	7.321271e+01
2.630000e-06	3.354239e-06	1.143523e-09	2.386027e+01	7.396889e+01
2.640000e-06	3.390199e-06	1.148032e-09	2.411607e+01	7.469854e+01
2.650000e-06	3.426059e-06	1.152655e-09	2.437116e+01	7.540239e+01
2.660000e-06	3.461777e-06	1.156929e-09	2.462524e+01	7.608113e+01
2.670000e-06	3.497290e-06	1.162371e-09	2.487786e+01	7.673544e+01
2.680000e-06	3.532611e-06	1.175685e-09	2.512912e+01	7.736600e+01
2.690000e-06	3.567581e-06	1.197170e-09	2.537787e+01	7.797344e+01
2.700000e-06	3.601927e-06	1.219720e-09	2.562219e+01	7.855838e+01
2.710000e-06	3.635737e-06	1.234712e-09	2.586270e+01	7.912140e+01
2.720000e-06	3.669174e-06	1.241989e-09	2.610055e+01	7.966305e+01
2.730000e-06	3.702263e-06	1.244777e-09	2.633593e+01	8.018385e+01
2.740000e-06	3.734954e-06	1.243417e-09	2.656847e+01	8.068429e+01
2.750000e-06	3.767267e-06	1.239693e-09	2.679833e+01	8.116483e+01
2.760000e-06	3.799369e-06	1.240195e-09	2.702669e+01	8.162589e+01
2.770000e-06	3.831385e-06	1.253801e-09	2.725443e+01	8.206787e+01
2.780000e-06	3.863305e-06	1.274748e-09	2.748149e+01	8.249115e+01
2.790000e-06	3.895056e-06	1.290087e-09	2.770735e+01	8.289606e+01
2.800000e-06	3.926623e-06	1.293521e-09	2.793190e+01	8.328294e+01
2.810000e-06	3.958039e-06	1.291664e-09	2.815538e+01	8.365209e+01
2.820000e-06	3.989196e-06	1.290182e-09	2.837701e+01	8.400381e+01
2.830000e-06	4.019886e-06	1.286534e-09	2.859533e+01	8.433838e+01
2.840000e-06	4.050204e-06	1.283792e-09	2.881099e+01	8.465607e+01
2.850000e-06	4.080298e-06	1.287378e-09	2.902506e+01	8.495718e+01
2.860000e-06	4.110113e-06	1.297536e-09	2.923715e+01	8.524196e+01
2.870000e-06	4.139704e-06	1.308877e-09	2.944765e+01	8.551072e+01
2.880000e-06	4.168997e-06	1.314759e-09	2.965602e+01	8.576374e+01
2.890000e-06	4.197940e-06	1.315166e-09	2.986191e+01	8.600133e+01
2.900000e-06	4.226645e-06	1.314426e-09	3.006610e+01	8.622381e+01
2.910000e-06	4.255046e-06	1.313745e-09	3.026813e+01	8.643154e+01
2.920000e-06	4.283254e-06	1.311052e-09	3.046879e+01	8.662488e+01
2.930000e-06	4.311331e-06	1.307277e-09	3.066851e+01	8.680422e+01
2.940000e-06	4.339157e-06	1.305412e-09	3.086645e+01	8.696998e+01
2.950000e-06	4.366837e-06	1.306050e-09	3.106335e+01	8.712260e+01
2.960000e-06	4.394327e-06	1.307722e-09	3.125890e+01	8.726257e+01
2.970000e-06	4.421371e-06	1.311208e-09	3.145128e+01	8.739039e+01
2.980000e-06	4.447887e-06	1.312641e-09	3.163990e+01	8.750659e+01
2.990000e-06	4.473748e-06	1.313286e-09	3.182386e+01	8.761172e+01
3.000000e-06	4.499007e-06	1.315560e-09	3.200354e+01	8.770638e+01
3.010000e-06	4.523896e-06	1.316161e-09	3.218058e+01	8.779116e+01
3.020000e-06	4.548419e-06	1.313522e-09	3.235503e+01	8.786670e+01
3.030000e-06	4.572611e-06	1.312505e-09	3.252712e+01	8.793365e+01
3.040000e-06	4.596643e-06	1.313091e-09	3.269807e+01	8.799266e+01
3.050000e-06	4.620524e-06	1.315303e-09	3.286795e+01	8.804440e+01
3.060000e-06	4.644145e-06	1.318461e-09	3.303597e+01	8.808955e+01
3.070000e-06	4.667381e-06	1.318495e-09	3.320126e+01	8.812877e+01
3.080000e-06	4.690165e-06	1.318826e-09	3.336334e+01	8.816276e+01
3.090000e-06	4.712585e-06	1.317727e-09	3.352282e+01	8.819215e+01
3.100000e-06	4.734761e-06	1.316692e-09	3.368057e+01	8.821761e+01
3.110000e-06	4.756723e-06	1.316579e-09	3.383679e+01	8.823975e+01
3.120000e-06	4.778377e-06	1.318798e-09	3.399083e+01	8.825919e+01
3.130000e-06	4.799555e-06	1.325506e-09	3.414148e+01	8.827649e+01
3.140000e-06	4.820288e-06	1.332916e-09	3.428896e+01	8.829218e+01
3.150000e-06	4.840780e-06	1.334402e-09	3.443473e+01	8.830676e+01
3.160000e-06	4.861065e-06	1.330643e-09	3.457903e+01	8.832069e+01
3.170000e-06	4.881172e-06	1.326081e-09	3.472206e+01	8.833437e+01
3.180000e-06	4.901117e-06	1.323697e-09	3.486394e+01	8.834814e+01
3.190000e-06	4.920836e-06	1.324337e-09	3.500420e+01	8.836230e+01
3.200000e-06	4.940180e-06	1.329048e-09	3.514181e+01	8.837709e+01
3.210000e-06	4.959005e-06	1.335980e-09	3.527572e+01	8.839268e+01
3.220000e-06	4.977461e-06	1.343147e-09	3.540700e+01	8.840920e+01
3.230000e-06	4.995650e-06	1.345410e-09	3.553640e+01	8.842669e+01
3.240000e-06	5.013261e-06	1.341307e-09	3.566167e+01	8.844516e+01
3.250000e-06	5.030469e-06	1.334968e-09	3.578407e+01	8.846452e+01
3.260000e-06	5.047574e-06	1.332339e-09	3.590575e+01	8.848465e+01
3.270000e-06	5.064458e-06	1.334253e-09	3.602586e+01	8.850537e+01
3.280000e-06	5.081062e-06	1.339331e-09	3.614397e+01	8.852644e+01
3.290000e-06	5.097289e-06	1.346128e-09	3.625940e+01	8.854756e+01
3.300000e-06	5.112976e-06	1.352209e-09	3.637099e+01	8.856840e+01
3.310000e-06	5.128025e-06	1.355479e-09	3.647804e+01	8.858858e+01
3.320000e-06	5.142632e-06	1.353994e-09	3.658195e+01	8.860768e+01
3.330000e-06	5.156833e-06	1.350047e-09	3.668296e+01	8.862524e+01
3.340000e-06	5.170665e-06	1.345224e-09	3.678136e+01	8.864081e+01
3.350000e-06	5.184199e-06	1.344378e-09	3.687763e+01	8.865387e+01
3.360000e-06	5.197436e-06	1.347061e-09	3.697179e+01	8.866393e+01
3.370000e-06	5.210338e-06	1.349461e-09	3.706357e+01	8.867048e+01
3.380000e-06	5.222811e-06	1.350180e-09	3.715230e+01	8.867302e+01
3.390000e-06	5.234942e-06	1.349595e-09	3.723859e+01	8.867104e+01
3.400000e-06	5.246755e-06	1.348937e-09	3.732262e+01	8.866407e+01
3.410000e-06	5.258165e-06	1.346371e-09	3.740379e+01	8.865165e+01
3.420000e-06	5.269038e-06	1.341246e-09	3.748113e+01	8.863335e+01
3.430000e-06	5.279247e-06	1.338539e-09	3.755375e+01	8.860880e+01
3.440000e-06	5.288780e-06	1.338840e-09	3.762156e+01	8.857765e+01
3.450000e-06	5.297695e-06	1.340864e-09	3.768498e+01	8.853961e+01
3.460000e-06	5.306144e-06	1.342129e-09	3.774509e+01	8.849444e+01
3.470000e-06	5.314309e-06	1.340670e-09	3.780317e+01	8.844196e+01
3.480000e-06	5.322305e-06	1.338745e-09	3.786005e+01	8.838207e+01
3.490000e-06	5.330063e-06	1.337659e-09	3.791523e+01	8.831471e+01
3.500000e-06	5.337399e-06	1.335220e-09	3.796742e+01	8.823993e+01
3.510000e-06	5.344337e-06	1.332785e-09	3.801677e+01	8.815780e+01
3.520000e-06	5.350928e-06	1.332543e-09	3.806366e+01	8.806851e+01
3.530000e-06	5.357219e-06	1.334918e-09	3.810841e+01	8.797230e+01
3.540000e-06	5.363177e-06	1.336261e-09	3.815079e+01	8.786948e+01
3.550000e-06	5.368704e-06	1.333367e-09	3.819010e+01	8.776046e+01
3.560000e-06	5.373844e-06	1.329790e-09	3.822667e+01	8.764567e+01
3.570000e-06	5.378591e-06	1.327294e-09	3.826043e+01	8.752566e+01
3.580000e-06	5.383013e-06	1.326461e-09	3.829189e+01	8.740100e+01
3.590000e-06	5.387234e-06	1.326726e-09	3.832192e+01	8.727233e+01
3.600000e-06	5.391258e-06	1.326747e-09	3.835054e+01	8.714036e+01
3.610000e-06	5.395068e-06	1.326531e-09	3.837764e+01	8.700582e+01
3.620000e-06	5.398489e-06	1.325320e-09	3.840197e+01	8.686948e+01
3.630000e-06	5.401277e-06	1.323034e-09	3.842181e+01	8.673216e+01
3.640000e-06	5.403427e-06	1.320122e-09	3.843710e+01	8.659469e+01
3.650000e-06	5.404907e-06	1.318312e-09	3.844763e+01	8.645792e+01
3.660000e-06	5.405858e-06	1.318554e-09	3.845440e+01	8.632270e+01
3.670000e-06	5.406402e-06	1.321977e-09	3.845826e+01	8.618988e+01
3.680000e-06	5.406605e-06	1.325295e-09	3.845971e+01	8.606031e+01
3.690000e-06	5.406646e-06	1.324350e-09	3.846000e+01	8.593481e+01
3.700000e-06	5.406467e-06	1.321247e-09	3.845873e+01	8.581416e+01
3.710000e-06	5.405938e-06	1.318366e-09	3.845496e+01	8.569914e+01
3.720000e-06	5.405031e-06	1.315370e-09	3.844851e+01	8.559044e+01
3.730000e-06	5.403672e-06	1.310619e-09	3.843884e+01	8.548873e+01
3.740000e-06	5.401914e-06	1.305041e-09	3.842634e+01	8.539460e+01
3.750000e-06	5.399967e-06	1.299828e-09	3.841249e+01	8.530859e+01
3.760000e-06	5.397807e-06	1.280627e-09	3.839712e+01	8.523114e+01
3.770000e-06	5.395295e-06	1.268845e-09	3.837926e+01	8.516265e+01
3.780000e-06	5.392277e-06	1.296676e-09	3.835779e+01	8.510338e+01
3.790000e-06	5.388763e-06	1.289363e-09	3.833279e+01	8.505356e+01
3.800000e-06	5.384911e-06	1.238123e-09	3.830539e+01	8.501329e+01
3.810000e-06	5.380859e-06	1.231799e-09	3.827657e+01	8.498259e+01
3.820000e-06	5.376651e-06	1.288410e-09	3.824663e+01	8.496137e+01
3.830000e-06	5.372040e-06	1.289857e-09	3.821383e+01	8.494947e+01
3.840000e-06	5.366723e-06	1.194768e-09	3.817601e+01	8.494661e+01
3.850000e-06	5.360795e-06	1.192609e-09	3.813384e+01	8.495243e+01
3.860000e-06	5.354429e-06	1.290404e-09	3.808856e+01	8.496647e+01
3.870000e-06	5.347648e-06	1.310813e-09	3.804032e+01	8.498818e+01
3.880000e-06	5.340379e-06	1.185779e-09	3.798861e+01	8.501695e+01
3.890000e-06	5.332777e-06	1.175492e-09	3.793453e+01	8.505206e+01
3.900000e-06	5.324959e-06	1.299572e-09	3.787892e+01	8.509273e+01
3.910000e-06	5.316784e-06	1.287909e-09	3.782077e+01	8.513811e+01
3.920000e-06	5.308219e-06	1.156759e-09	3.775984e+01	8.518731e+01
3.930000e-06	5.299330e-06	1.175325e-09	3.769661e+01	8.523935e+01
3.940000e-06	5.290135e-06	1.321436e-09	3.763120e+01	8.529325e+01
3.950000e-06	5.280548e-06	1.278513e-09	3.756301e+01	8.534797e+01
3.960000e-06	5.270566e-06	1.171837e-09	3.749200e+01	8.540245e+01
3.970000e-06	5.260272e-06	1.243711e-09	3.741877e+01	8.545562e+01
3.980000e-06	5.249572e-06	1.363732e-09	3.734266e+01	8.550640e+01
3.990000e-06	5.238415e-06	1.297397e-09	3.726329e+01	8.555372e+01
4.000000e-06	5.226916e-06	1.253905e-09	3.718149e+01	8.559652e+01
4.010000e-06	5.215094e-06	1.364280e-09	3.709740e+01	8.563376e+01
4.020000e-06	5.202901e-06	1.399254e-09	3.701066e+01	8.566444e+01
4.030000e-06	5.190241e-06	1.289331e-09	3.692061e+01	8.568760e+01
4.040000e-06	5.177108e-06	1.287736e-09	3.682719e+01	8.570232e+01
4.050000e-06	5.163336e-06	1.344546e-09	3.672922e+01	8.570776e+01
4.060000e-06	5.148827e-06	1.317589e-09	3.662602e+01	8.570312e+01
4.070000e-06	5.133846e-06	1.285575e-09	3.651945e+01	8.568769e+01
4.080000e-06	5.118552e-06	1.341452e-09	3.641065e+01	8.566082e+01
4.090000e-06	5.102885e-06	1.330290e-09	3.629921e+01	8.562197e+01
4.100000e-06	5.086942e-06	1.283978e-09	3.618579e+01	8.557067e+01
4.110000e-06	5.070771e-06	1.306799e-09	3.607077e+01	8.550653e+01
4.120000e-06	5.054270e-06	1.307306e-09	3.595338e+01	8.542928e+01
4.130000e-06	5.037319e-06	1.248649e-09	3.583280e+01	8.533872e+01
4.140000e-06	5.019955e-06	1.252600e-09	3.570928e+01	8.523477e+01
4.150000e-06	5.002305e-06	1.308624e-09	3.558373e+01	8.511741e+01
4.160000e-06	4.984387e-06	1.291079e-09	3.545628e+01	8.498676e+01
4.170000e-06	4.966198e-06	1.268508e-09	3.532689e+01	8.484298e+01
4.180000e-06	4.947686e-06	1.282881e-09	3.519520e+01	8.468637e+01
4.190000e-06	4.928692e-06	1.283882e-09	3.506009e+01	8.451728e+01
4.200000e-06	4.909267e-06	1.254625e-09	3.492191e+01	8.433614e+01
4.210000e-06	4.889621e-06	1.251483e-09	3.478216e+01	8.414348e+01
4.220000e-06	4.869821e-06	1.239934e-09	3.464132e+01	8.393987e+01
4.230000e-06	4.849832e-06	1.242355e-09	3.449912e+01	8.372596e+01
4.240000e-06	4.829567e-06	1.257776e-09	3.435497e+01	8.350245e+01
4.250000e-06	4.808961e-06	1.260793e-09	3.420839e+01	8.327009e+01
4.260000e-06	4.787938e-06	1.237290e-09	3.405884e+01	8.302966e+01
4.270000e-06	4.766400e-06	1.243554e-09	3.390563e+01	8.278197e+01
4.280000e-06	4.744161e-06	1.245684e-09	3.374744e+01	8.252786e+01
4.290000e-06	4.721318e-06	1.231888e-09	3.358494e+01	8.226818e+01
4.300000e-06	4.698181e-06	1.210345e-09	3.342036e+01	8.200379e+01
4.310000e-06	4.674740e-06	1.211997e-09	3.325361e+01	8.173554e+01
4.320000e-06	4.651001e-06	1.213255e-09	3.308475e+01	8.146427e+01
4.330000e-06	4.627076e-06	1.211121e-09	3.291455e+01	8.119080e+01
4.340000e-06	4.602868e-06	1.193614e-09	3.274235e+01	8.091592e+01
4.350000e-06	4.578408e-06	1.186616e-09	3.256836e+01	8.064040e+01
4.360000e-06	4.553624e-06	1.190640e-09	3.239206e+01	8.036494e+01
4.370000e-06	4.528420e-06	1.193450e-09	3.221277e+01	8.009023e+01
4.380000e-06	4.502884e-06	1.183252e-09	3.203112e+01	7.981687e+01
4.390000e-06	4.477069e-06	1.180427e-09	3.184748e+01	7.954543e+01
4.400000e-06	4.450965e-06	1.185888e-09	3.166180e+01	7.927640e+01
4.410000e-06	4.424537e-06	1.184531e-09	3.147380e+01	7.901022e+01
4.420000e-06	4.397844e-06	1.168873e-09	3.128392e+01	7.874726e+01
4.430000e-06	4.370864e-06	1.152700e-09	3.109200e+01	7.848780e+01
4.440000e-06	4.343617e-06	1.152345e-09	3.089818e+01	7.823209e+01
4.450000e-06	4.316083e-06	1.158394e-09	3.070231e+01	7.798026e+01
4.460000e-06	4.288306e-06	1.161279e-09	3.050472e+01	7.773241e+01
4.470000e-06	4.260412e-06	1.159054e-09	3.030630e+01	7.748856e+01
4.480000e-06	4.232331e-06	1.165030e-09	3.010655e+01	7.724865e+01
4.490000e-06	4.203943e-06	1.166450e-09	2.990461e+01	7.701257e+01
4.500000e-06	4.175177e-06	1.161430e-09	2.969999e+01	7.678016e+01
4.510000e-06	4.145907e-06	1.146338e-09	2.949178e+01	7.655117e+01
4.520000e-06	4.116245e-06	1.139904e-09	2.928078e+01	7.632533e+01
4.530000e-06	4.086197e-06	1.142028e-09	2.906703e+01	7.610232e+01
4.540000e-06	4.055570e-06	1.151183e-09	2.884917e+01	7.588175e+01
4.550000e-06	4.024472e-06	1.151137e-09	2.862795e+01	7.566323e+01
4.560000e-06	3.993035e-06	1.149440e-09	2.840432e+01	7.544632e+01
4.570000e-06	3.961357e-06	1.147635e-09	2.817898e+01	7.523057e+01
4.580000e-06	3.929539e-06	1.150307e-09	2.795264e+01	7.501549e+01
4.590000e-06	3.897607e-06	1.142254e-09	2.772550e+01	7.480061e+01
4.600000e-06	3.865538e-06	1.132473e-09	2.749738e+01	7.458543e+01
4.610000e-06	3.833179e-06	1.126718e-09	2.726719e+01	7.436946e+01
4.620000e-06	3.800463e-06	1.130069e-09	2.703447e+01	7.415221e+01
4.630000e-06	3.767444e-06	1.129079e-09	2.679959e+01	7.393324e+01
4.640000e-06	3.734207e-06	1.124871e-09	2.656316e+01	7.371207e+01
4.650000e-06	3.700819e-06	1.120858e-09	2.632566e+01	7.348828e+01
4.660000e-06	3.667160e-06	1.121635e-09	2.608623e+01	7.326148e+01
4.670000e-06	3.633204e-06	1.120528e-09	2.584468e+01	7.303130e+01
4.680000e-06	3.599031e-06	1.114301e-09	2.560159e+01	7.279740e+01
4.690000e-06	3.564599e-06	1.107214e-09	2.535666e+01	7.255949e+01
4.700000e-06	3.529909e-06	1.104498e-09	2.510990e+01	7.231731e+01
4.710000e-06	3.494997e-06	1.102610e-09	2.486155e+01	7.207067e+01
4.720000e-06	3.459834e-06	1.098923e-09	2.461142e+01	7.181938e+01
4.730000e-06	3.424476e-06	1.094890e-09	2.435990e+01	7.156332e+01
4.740000e-06	3.388900e-06	1.090638e-09	2.410683e+01	7.130242e+01
4.750000e-06	3.353120e-06	1.088006e-09	2.385231e+01	7.103664e+01
4.760000e-06	3.317242e-06	1.082584e-09	2.359709e+01	7.076599e+01
4.770000e-06	3.281214e-06	1.076182e-09	2.334081e+01	7.049050e+01
4.780000e-06	3.245029e-06	1.068501e-09	2.308341e+01	7.021026e+01
4.790000e-06	3.208695e-06	1.064861e-09	2.282495e+01	6.992540e+01
4.800000e-06	3.172082e-06	1.062171e-09	2.256450e+01	6.963605e+01
4.810000e-06	3.135128e-06	1.059835e-09	2.230163e+01	6.934241e+01
4.820000e-06	3.097887e-06	1.054157e-09	2.203672e+01	6.904467e+01
4.830000e-06	3.060228e-06	1.048351e-09	2.176883e+01	6.874306e+01
4.840000e-06	3.022131e-06	1.040366e-09	2.149783e+01	6.843781e+01
4.850000e-06	2.983825e-06	1.033830e-09	2.122534e+01	6.812918e+01
4.860000e-06	2.945171e-06	1.026918e-09	2.095038e+01	6.781742e+01
4.870000e-06	2.906059e-06	1.022949e-09	2.067216e+01	6.750279e+01
4.880000e-06	2.866733e-06	1.018941e-09	2.039241e+01	6.718555e+01
4.890000e-06	2.827183e-06	1.015058e-09	2.011108e+01	6.686595e+01
4.900000e-06	2.787484e-06	1.012155e-09	1.982868e+01	6.654422e+01
4.910000e-06	2.747789e-06	1.011019e-09	1.954631e+01	6.622059e+01
4.920000e-06	2.707930e-06	1.006541e-09	1.926277e+01	6.589526e+01
4.930000e-06	2.667912e-06	9.998438e-10	1.897811e+01	6.556841e+01
4.940000e-06	2.627805e-06	9.930646e-10	1.869281e+01	6.524019e+01
4.950000e-06	2.587588e-06	9.895233e-10	1.840673e+01	6.491072e+01
4.960000e-06	2.547242e-06	9.856028e-10	1.811972e+01	6.458011e+01
4.970000e-06	2.506628e-06	9.812206e-10	1.783081e+01	6.424841e+01
4.980000e-06	2.465810e-06	9.772014e-10	1.754046e+01	6.391563e+01
4.990000e-06	2.424864e-06	9.743898e-10	1.724919e+01	6.358178e+01
5.000000e-06	2.383710e-06	9.701023e-10	1.695645e+01	6.324680e+01
5.010000e-06	2.342400e-06	9.598685e-10	1.666259e+01	6.291061e+01
5.020000e-06	2.300915e-06	9.480164e-10	1.636748e+01	6.257308e+01
5.030000e-06	2.259256e-06	9.412522e-10	1.607114e+01	6.223406e+01
5.040000e-06	2.217520e-06	9.385459e-10	1.577425e+01	6.189334e+01
5.050000e-06	2.175654e-06	9.336171e-10	1.547644e+01	6.155072e+01
5.060000e-06	2.133648e-06	9.283775e-10	1.517763e+01	6.120592e+01
5.070000e-06	2.091408e-06	9.239595e-10	1.487716e+01	6.085866e+01
5.080000e-06	2.048944e-06	9.205942e-10	1.457509e+01	6.050863e+01
5.090000e-06	2.006433e-06	9.154030e-10	1.427269e+01	6.015549e+01
5.100000e-06	1.963846e-06	9.087055e-10	1.396976e+01	5.979887e+01
5.110000e-06	1.921077e-06	9.018172e-10	1.366552e+01	5.943841e+01
5.120000e-06	1.878088e-06	8.970308e-10	1.335972e+01	5.907372e+01
5.130000e-06	1.834947e-06	8.925084e-10	1.305283e+01	5.870438e+01
5.140000e-06	1.791729e-06	8.886348e-10	1.274541e+01	5.832998e+01
5.150000e-06	1.748386e-06	8.840631e-10	1.243709e+01	5.795012e+01
5.160000e-06	1.704872e-06	8.786772e-10	1.212755e+01	5.756436e+01
5.170000e-06	1.661228e-06	8.725784e-10	1.181709e+01	5.717229e+01
5.180000e-06	1.617573e-06	8.653268e-10	1.150656e+01	5.677348e+01
5.190000e-06	1.573894e-06	8.581273e-10	1.119584e+01	5.636754e+01
5.200000e-06	1.530072e-06	8.539206e-10	1.088412e+01	5.595404e+01
5.210000e-06	1.486159e-06	8.496053e-10	1.057175e+01	5.553259e+01
5.220000e-06	1.442256e-06	8.457749e-10	1.025944e+01	5.510281e+01
5.230000e-06	1.398378e-06	8.415933e-10	9.947316e+00	5.466431e+01
5.240000e-06	1.354444e-06	8.368795e-10	9.634794e+00	5.421674e+01
5.250000e-06	1.310429e-06	8.325500e-10	9.321693e+00	5.375973e+01
5.260000e-06	1.266351e-06	8.281986e-10	9.008146e+00	5.329295e+01
5.270000e-06	1.222221e-06	8.204522e-10	8.694230e+00	5.281606e+01
5.280000e-06	1.178045e-06	8.109431e-10	8.379986e+00	5.232874e+01
5.290000e-06	1.133802e-06	8.041796e-10	8.065261e+00	5.183068e+01
5.300000e-06	1.089415e-06	7.990667e-10	7.749520e+00	5.132158e+01
5.310000e-06	1.045013e-06	7.915606e-10	7.433663e+00	5.080112e+01
5.320000e-06	1.000552e-06	7.833154e-10	7.117395e+00	5.026902e+01
5.330000e-06	9.559447e-07	7.768620e-10	6.800081e+00	4.972497e+01
5.340000e-06	9.113065e-07	7.701080e-10	6.482549e+00	4.916867e+01
5.350000e-06	8.666165e-07	7.616027e-10	6.164648e+00	4.859983e+01
5.360000e-06	8.218297e-07	7.511191e-10	5.846059e+00	4.801812e+01
5.370000e-06	7.770416e-07	7.408582e-10	5.527460e+00	4.742322e+01
5.380000e-06	7.322211e-07	7.333894e-10	5.208631e+00	4.681481e+01
5.390000e-06	6.873120e-07	7.263051e-10	4.889172e+00	4.619251e+01
5.400000e-06	6.423409e-07	7.159724e-10	4.569271e+00	4.555597e+01
5.410000e-06	5.973772e-07	7.038749e-10	4.249424e+00	4.490479e+01
5.420000e-06	5.523534e-07	6.916764e-10	3.929148e+00	4.423856e+01
5.430000e-06	5.072585e-07	6.806314e-10	3.608367e+00	4.355683e+01
5.440000e-06	4.622044e-07	6.670823e-10	3.287876e+00	4.285914e+01
5.450000e-06	4.170791e-07	6.528894e-10	2.966878e+00	4.214499e+01
5.460000e-06	3.718316e-07	6.416409e-10	2.645012e+00	4.141387e+01
5.470000e-06	3.264514e-07	6.330113e-10	2.322201e+00	4.066523e+01
5.480000e-06	2.810988e-07	6.230497e-10	1.999587e+00	3.989848e+01
5.490000e-06	2.358304e-07	6.098963e-10	1.677572e+00	3.911303e+01
5.500000e-06	1.904342e-07	5.946813e-10	1.354648e+00	3.830825e+01
5.510000e-06	1.449530e-07	5.811211e-10	1.031119e+00	3.748349e+01
5.520000e-06	9.955962e-08	5.679947e-10	7.082141e-01	3.663807e+01
5.530000e-06	5.423063e-08	5.534808e-10	3.857678e-01	3.577132e+01
5.540000e-06	8.941247e-09	5.384151e-10	6.360327e-02	3.488254e+01
5.550000e-06	-3.637581e-08	5.247672e-10	-2.587581e-01	3.397102e+01
5.560000e-06	-8.171264e-08	5.130443e-10	-5.812602e-01	3.303605e+01
5.570000e-06	-1.270238e-07	4.997172e-10	-9.035799e-01	3.207693e+01
5.580000e-06	-1.724079e-07	4.832721e-10	-1.226418e+00	3.109296e+01
5.590000e-06	-2.179307e-07	4.662301e-10	-1.550243e+00	3.008345e+01
5.600000e-06	-2.633862e-07	4.498553e-10	-1.873589e+00	2.904775e+01
5.610000e-06	-3.086863e-07	4.330330e-10	-2.195830e+00	2.798523e+01
5.620000e-06	-3.539555e-07	4.139678e-10	-2.517851e+00	2.689529e+01
5.630000e-06	-3.991235e-07	3.938640e-10	-2.839152e+00	2.577738e+01
5.640000e-06	-4.441650e-07	3.766912e-10	-3.159553e+00	2.463099e+01
5.650000e-06	-4.892855e-07	3.624873e-10	-3.480517e+00	2.345569e+01
5.660000e-06	-5.344299e-07	3.479729e-10	-3.801649e+00	2.225110e+01
5.670000e-06	-5.793629e-07	3.309815e-10	-4.121279e+00	2.101691e+01
5.680000e-06	-6.242333e-07	3.134492e-10	-4.440463e+00	1.975290e+01
5.690000e-06	-6.690868e-07	2.940624e-10	-4.759527e+00	1.845894e+01
5.700000e-06	-7.138660e-07	2.720237e-10	-5.078062e+00	1.713497e+01
5.710000e-06	-7.585909e-07	2.495480e-10	-5.396211e+00	1.578106e+01
5.720000e-06	-8.032862e-07	2.311398e-10	-5.714150e+00	1.439737e+01
5.730000e-06	-8.479669e-07	2.169288e-10	-6.031985e+00	1.298416e+01
5.740000e-06	-8.925749e-07	2.010235e-10	-6.349302e+00	1.154180e+01
5.750000e-06	-9.370806e-07	1.799494e-10	-6.665892e+00	1.007081e+01
5.760000e-06	-9.814928e-07	1.572960e-10	-6.981817e+00	8.571781e+00
5.770000e-06	-1.025789e-06	1.348010e-10	-7.296917e+00	7.045462e+00
5.780000e-06	-1.070121e-06	1.088138e-10	-7.612271e+00	5.492701e+00
5.790000e-06	-1.114497e-06	7.885887e-11	-7.927939e+00	3.914475e+00
5.800000e-06	-1.158740e-06	5.019670e-11	-8.242656e+00	2.311878e+00
5.810000e-06	-1.202888e-06	2.769460e-11	-8.556706e+00	6.861196e-01
5.820000e-06	-1.246966e-06	8.409924e-12	-8.870255e+00	-9.614735e-01
5.830000e-06	-1.290929e-06	-1.213687e-11	-9.182981e+00	-2.629466e+00
5.840000e-06	-1.334821e-06	-3.559414e-11	-9.495207e+00	-4.316316e+00
5.850000e-06	-1.378706e-06	-5.812225e-11	-9.807381e+00	-6.020384e+00
5.860000e-06	-1.422557e-06	-8.242698e-11	-1.011931e+01	-7.739933e+00
5.870000e-06	-1.466385e-06	-1.104052e-10	-1.043108e+01	-9.473144e+00
5.880000e-06	-1.510221e-06	-1.410606e-10	-1.074291e+01	-1.121812e+01
5.890000e-06	-1.553924e-06	-1.707590e-10	-1.105379e+01	-1.297289e+01
5.900000e-06	-1.597487e-06	-1.958806e-10	-1.136367e+01	-1.473542e+01
5.910000e-06	-1.641071e-06	-2.185304e-10	-1.167370e+01	-1.650364e+01
5.920000e-06	-1.684580e-06	-2.396671e-10	-1.198321e+01	-1.827543e+01
5.930000e-06	-1.727943e-06	-2.604088e-10	-1.229167e+01	-2.004864e+01
5.940000e-06	-1.771177e-06	-2.825360e-10	-1.259921e+01	-2.182110e+01
5.950000e-06	-1.814242e-06	-3.084325e-10	-1.290555e+01	-2.359065e+01
5.960000e-06	-1.857156e-06	-3.380397e-10	-1.321082e+01	-2.535510e+01
5.970000e-06	-1.899943e-06	-3.706214e-10	-1.351518e+01	-2.711231e+01
5.980000e-06	-1.942610e-06	-4.037905e-10	-1.381869e+01	-2.886014e+01
5.990000e-06	-1.985104e-06	-4.346505e-10	-1.412098e+01	-3.059651e+01
6.000000e-06	-2.027376e-06	-4.627887e-10	-1.442167e+01	-3.231936e+01
6.010000e-06	-2.069537e-06	-4.877126e-10	-1.472158e+01	-3.402671e+01
6.020000e-06	-2.111658e-06	-5.083475e-10	-1.502121e+01	-3.571664e+01
6.030000e-06	-2.153713e-06	-5.274001e-10	-1.532037e+01	-3.738730e+01
6.040000e-06	-2.195623e-06	-5.503470e-10	-1.561849e+01	-3.903693e+01
6.050000e-06	-2.237268e-06	-5.766749e-10	-1.591474e+01	-4.066387e+01
6.060000e-06	-2.278759e-06	-6.023115e-10	-1.620988e+01	-4.226655e+01
6.070000e-06	-2.320055e-06	-6.286668e-10	-1.650363e+01	-4.384349e+01
6.080000e-06	-2.361080e-06	-6.545054e-10	-1.679546e+01	-4.539336e+01
6.090000e-06	-2.402037e-06	-6.780293e-10	-1.708681e+01	-4.691491e+01
6.100000e-06	-2.442794e-06	-6.983071e-10	-1.737674e+01	-4.840702e+01
6.110000e-06	-2.483314e-06	-7.210744e-10	-1.766498e+01	-4.986870e+01
6.120000e-06	-2.523776e-06	-7.452716e-10	-1.795280e+01	-5.129906e+01
6.130000e-06	-2.564120e-06	-7.660533e-10	-1.823978e+01	-5.269736e+01
6.140000e-06	-2.604324e-06	-7.839130e-10	-1.852577e+01	-5.406297e+01
6.150000e-06	-2.644381e-06	-8.022358e-10	-1.881072e+01	-5.539537e+01
6.160000e-06	-2.684336e-06	-8.244775e-10	-1.909494e+01	-5.669418e+01
6.170000e-06	-2.724209e-06	-8.470623e-10	-1.937857e+01	-5.795912e+01
6.180000e-06	-2.763981e-06	-8.678749e-10	-1.966149e+01	-5.919003e+01
6.190000e-06	-2.803637e-06	-8.881866e-10	-1.994358e+01	-6.038686e+01
6.200000e-06	-2.843124e-06	-9.053400e-10	-2.022447e+01	-6.154965e+01
6.210000e-06	-2.882430e-06	-9.184537e-10	-2.050408e+01	-6.267855e+01
6.220000e-06	-2.921494e-06	-9.295142e-10	-2.078195e+01	-6.377380e+01
6.230000e-06	-2.960282e-06	-9.409728e-10	-2.105787e+01	-6.483571e+01
6.240000e-06	-2.998742e-06	-9.568532e-10	-2.133146e+01	-6.586467e+01
6.250000e-06	-3.036711e-06	-9.755549e-10	-2.160155e+01	-6.686114e+01
6.260000e-06	-3.074259e-06	-9.933471e-10	-2.186864e+01	-6.782565e+01
6.270000e-06	-3.111551e-06	-1.010947e-09	-2.213392e+01	-6.875876e+01
6.280000e-06	-3.148437e-06	-1.028522e-09	-2.239630e+01	-6.966109e+01
6.290000e-06	-3.184939e-06	-1.043302e-09	-2.265596e+01	-7.053330e+01
6.300000e-06	-3.221260e-06	-1.054529e-09	-2.291433e+01	-7.137607e+01
6.310000e-06	-3.257393e-06	-1.062277e-09	-2.317136e+01	-7.219009e+01
6.320000e-06	-3.293420e-06	-1.071911e-09	-2.342764e+01	-7.297608e+01
6.330000e-06	-3.329339e-06	-1.085191e-09	-2.368314e+01	-7.373477e+01
6.340000e-06	-3.365090e-06	-1.099560e-09	-2.393746e+01	-7.446688e+01
6.350000e-06	-3.400709e-06	-1.113150e-09	-2.419084e+01	-7.517311e+01
6.360000e-06	-3.436122e-06	-1.124681e-09	-2.444274e+01	-7.585418e+01
6.370000e-06	-3.471276e-06	-1.133201e-09	-2.469281e+01	-7.651077e+01
6.380000e-06	-3.506162e-06	-1.139308e-09	-2.494097e+01	-7.714355e+01
6.390000e-06	-3.540753e-06	-1.144995e-09	-2.518703e+01	-7.775316e+01
6.400000e-06	-3.575159e-06	-1.151975e-09	-2.543178e+01	-7.834021e+01
6.410000e-06	-3.609364e-06	-1.160811e-09	-2.567509e+01	-7.890530e+01
6.420000e-06	-3.643262e-06	-1.170782e-09	-2.591623e+01	-7.944897e+01
6.430000e-06	-3.676863e-06	-1.180276e-09	-2.615525e+01	-7.997176e+01
6.440000e-06	-3.710238e-06	-1.187848e-09	-2.639266e+01	-8.047414e+01
6.450000e-06	-3.743354e-06	-1.195014e-09	-2.662823e+01	-8.095659e+01
6.460000e-06	-3.776176e-06	-1.201217e-09	-2.686170e+01	-8.141953e+01
6.470000e-06	-3.808765e-06	-1.206478e-09	-2.709352e+01	-8.186335e+01
6.480000e-06	-3.841089e-06	-1.212784e-09	-2.732346e+01	-8.228844e+01
6.490000e-06	-3.873183e-06	-1.219073e-09	-2.755176e+01	-8.269513e+01
6.500000e-06	-3.905126e-06	-1.225690e-09	-2.777899e+01	-8.308377e+01
6.510000e-06	-3.936909e-06	-1.231519e-09	-2.800507e+01	-8.345465e+01
6.520000e-06	-3.968491e-06	-1.235449e-09	-2.822973e+01	-8.380807e+01
6.530000e-06	-3.999850e-06	-1.237209e-09	-2.845280e+01	-8.414432e+01
6.540000e-06	-4.030861e-06	-1.237467e-09	-2.867340e+01	-8.446368e+01
6.550000e-06	-4.061497e-06	-1.239254e-09	-2.889133e+01	-8.476642e+01
6.560000e-06	-4.091715e-06	-1.242881e-09	-2.910628e+01	-8.505282e+01
6.570000e-06	-4.121409e-06	-1.248394e-09	-2.931751e+01	-8.532317e+01
6.580000e-06	-4.150580e-06	-1.253562e-09	-2.952502e+01	-8.557775e+01
6.590000e-06	-4.179258e-06	-1.255663e-09	-2.972902e+01	-8.581688e+01
6.600000e-06	-4.207578e-06	-1.256849e-09	-2.993047e+01	-8.604088e+01
6.610000e-06	-4.235666e-06	-1.258227e-09	-3.013027e+01	-8.625008e+01
6.620000e-06	-4.263587e-06	-1.260603e-09	-3.032889e+01	-8.644487e+01
6.630000e-06	-4.291353e-06	-1.262438e-09	-3.052640e+01	-8.662563e+01
6.640000e-06	-4.318865e-06	-1.263875e-09	-3.072211e+01	-8.679277e+01
6.650000e-06	-4.346068e-06	-1.267265e-09	-3.091561e+01	-8.694673e+01
6.660000e-06	-4.372985e-06	-1.272551e-09	-3.110709e+01	-8.708801e+01
6.670000e-06	-4.399620e-06	-1.276036e-09	-3.129655e+01	-8.721708e+01
6.680000e-06	-4.425940e-06	-1.276628e-09	-3.148378e+01	-8.733449e+01
6.690000e-06	-4.451847e-06	-1.279132e-09	-3.166807e+01	-8.744079e+01
6.700000e-06	-4.477429e-06	-1.281234e-09	-3.185004e+01	-8.753656e+01
6.710000e-06	-4.502766e-06	-1.282622e-09	-3.203028e+01	-8.762241e+01
6.720000e-06	-4.527847e-06	-1.284495e-09	-3.220869e+01	-8.769896e+01
6.730000e-06	-4.552567e-06	-1.285979e-09	-3.238454e+01	-8.776687e+01
6.740000e-06	-4.576830e-06	-1.288678e-09	-3.255713e+01	-8.782678e+01
6.750000e-06	-4.600838e-06	-1.294711e-09	-3.272791e+01	-8.787936e+01
6.760000e-06	-4.624727e-06	-1.300438e-09	-3.289785e+01	-8.792530e+01
6.770000e-06	-4.648535e-06	-1.302276e-09	-3.306720e+01	-8.796526e+01
6.780000e-06	-4.672139e-06	-1.302847e-09	-3.323511e+01	-8.799992e+01
6.790000e-06	-4.695407e-06	-1.302635e-09	-3.340063e+01	-8.802993e+01
6.800000e-06	-4.718385e-06	-1.300383e-09	-3.356408e+01	-8.805596e+01
6.810000e-06	-4.740843e-06	-1.297684e-09	-3.372384e+01	-8.807862e+01
6.820000e-06	-4.762575e-06	-1.298678e-09	-3.387842e+01	-8.809853e+01
6.830000e-06	-4.783659e-06	-1.304746e-09	-3.402840e+01	-8.811625e+01
6.840000e-06	-4.804303e-06	-1.310997e-09	-3.417525e+01	-8.813232e+01
6.850000e-06	-4.824636e-06	-1.312080e-09	-3.431989e+01	-8.814724e+01
6.860000e-06	-4.844694e-06	-1.310419e-09	-3.446257e+01	-8.816148e+01
6.870000e-06	-4.864534e-06	-1.310607e-09	-3.460370e+01	-8.817542e+01
6.880000e-06	-4.884120e-06	-1.310887e-09	-3.474303e+01	-8.818944e+01
6.890000e-06	-4.903412e-06	-1.309400e-09	-3.488026e+01	-8.820382e+01
6.900000e-06	-4.922371e-06	-1.310235e-09	-3.501513e+01	-8.821882e+01
6.910000e-06	-4.940987e-06	-1.316766e-09	-3.514755e+01	-8.823460e+01
6.920000e-06	-4.959251e-06	-1.324793e-09	-3.527747e+01	-8.825131e+01
6.930000e-06	-4.977225e-06	-1.328450e-09	-3.540533e+01	-8.826898e+01
6.940000e-06	-4.994934e-06	-1.327861e-09	-3.553130e+01	-8.828763e+01
6.950000e-06	-5.012354e-06	-1.326830e-09	-3.565522e+01	-8.830719e+01
6.960000e-06	-5.029374e-06	-1.325603e-09	-3.577629e+01	-8.832753e+01
6.970000e-06	-5.045892e-06	-1.322998e-09	-3.589379e+01	-8.834848e+01
6.980000e-06	-5.062150e-06	-1.320865e-09	-3.600944e+01	-8.836979e+01
6.990000e-06	-5.078268e-06	-1.321821e-09	-3.612410e+01	-8.839119e+01
7.000000e-06	-5.094087e-06	-1.323618e-09	-3.623662e+01	-8.841233e+01
7.010000e-06	-5.109623e-06	-1.322098e-09	-3.634714e+01	-8.843284e+01
7.020000e-06	-5.124825e-06	-1.318801e-09	-3.645527e+01	-8.845231e+01
7.030000e-06	-5.139520e-06	-1.317172e-09	-3.655980e+01	-8.847029e+01
7.040000e-06	-5.153503e-06	-1.316833e-09	-3.665927e+01	-8.848630e+01
7.050000e-06	-5.166762e-06	-1.313589e-09	-3.675359e+01	-8.849986e+01
7.060000e-06	-5.179547e-06	-1.309345e-09	-3.684454e+01	-8.851045e+01
7.070000e-06	-5.191969e-06	-1.307238e-09	-3.693290e+01	-8.851758e+01
7.080000e-06	-5.203998e-06	-1.307118e-09	-3.701847e+01	-8.852074e+01
7.090000e-06	-5.215689e-06	-1.307063e-09	-3.710164e+01	-8.851942e+01
7.100000e-06	-5.227020e-06	-1.305590e-09	-3.718223e+01	-8.851314e+01
7.110000e-06	-5.237946e-06	-1.303785e-09	-3.725996e+01	-8.850146e+01
7.120000e-06	-5.248548e-06	-1.304143e-09	-3.733537e+01	-8.848394e+01
7.130000e-06	-5.258811e-06	-1.305315e-09	-3.740838e+01	-8.846019e+01
7.140000e-06	-5.268668e-06	-1.305033e-09	-3.747850e+01	-8.842986e+01
7.150000e-06	-5.278116e-06	-1.302633e-09	-3.754571e+01	-8.839267e+01
7.160000e-06	-5.287234e-06	-1.298598e-09	-3.761057e+01	-8.834836e+01
7.170000e-06	-5.295992e-06	-1.292668e-09	-3.767286e+01	-8.829677e+01
7.180000e-06	-5.304389e-06	-1.285377e-09	-3.773260e+01	-8.823776e+01
7.190000e-06	-5.312513e-06	-1.279339e-09	-3.779039e+01	-8.817129e+01
7.200000e-06	-5.320434e-06	-1.279042e-09	-3.784674e+01	-8.809739e+01
7.210000e-06	-5.328191e-06	-1.284080e-09	-3.790191e+01	-8.801613e+01
7.220000e-06	-5.335629e-06	-1.287095e-09	-3.795483e+01	-8.792769e+01
7.230000e-06	-5.342547e-06	-1.288084e-09	-3.800403e+01	-8.783231e+01
7.240000e-06	-5.348927e-06	-1.288927e-09	-3.804942e+01	-8.773030e+01
7.250000e-06	-5.354793e-06	-1.287685e-09	-3.809114e+01	-8.762204e+01
7.260000e-06	-5.360101e-06	-1.280420e-09	-3.812890e+01	-8.750798e+01
7.270000e-06	-5.364866e-06	-1.268870e-09	-3.816280e+01	-8.738865e+01
7.280000e-06	-5.369186e-06	-1.259917e-09	-3.819353e+01	-8.726461e+01
7.290000e-06	-5.373200e-06	-1.256673e-09	-3.822208e+01	-8.713652e+01
7.300000e-06	-5.376990e-06	-1.257130e-09	-3.824904e+01	-8.700506e+01
7.310000e-06	-5.380450e-06	-1.260249e-09	-3.827366e+01	-8.687097e+01
7.320000e-06	-5.383609e-06	-1.264554e-09	-3.829613e+01	-8.673502e+01
7.330000e-06	-5.386437e-06	-1.268321e-09	-3.831625e+01	-8.659802e+01
7.340000e-06	-5.388889e-06	-1.269313e-09	-3.833369e+01	-8.646079e+01
7.350000e-06	-5.391055e-06	-1.264531e-09	-3.834909e+01	-8.632419e+01
7.360000e-06	-5.392883e-06	-1.254920e-09	-3.836210e+01	-8.618908e+01
7.370000e-06	-5.394265e-06	-1.244719e-09	-3.837193e+01	-8.605629e+01
7.380000e-06	-5.395181e-06	-1.238570e-09	-3.837845e+01	-8.592668e+01
7.390000e-06	-5.395721e-06	-1.240647e-09	-3.838228e+01	-8.580107e+01
7.400000e-06	-5.395977e-06	-1.247288e-09	-3.838411e+01	-8.568026e+01
