# Temperatura_=_-1.2
# Concentracion g/m^3_=_4090.0
# C_Vs_to_Am_M_A/Vsm_=_65563218390.804596
# pendiente_HvsI_1/m_=_3716.3
# ordenada_HvsI_A/m_=_1297.0
# frecuencia_Hz_=_135074.07019476278

Tiempo_(s)	Campo_(V.s)	Magnetizacion_(V.s)	Campo_(kA/m)	Magnetizacion_(A/m)
0.000000e+00	-5.395598e-06	-2.080889e-09	-3.839260e+01	-1.389814e+02
1.000000e-08	-5.395716e-06	-2.078020e-09	-3.839344e+01	-1.388686e+02
2.000000e-08	-5.395658e-06	-2.078404e-09	-3.839302e+01	-1.387628e+02
3.000000e-08	-5.395353e-06	-2.079995e-09	-3.839086e+01	-1.386648e+02
4.000000e-08	-5.394615e-06	-2.081109e-09	-3.838560e+01	-1.385753e+02
5.000000e-08	-5.393425e-06	-2.077494e-09	-3.837714e+01	-1.384949e+02
6.000000e-08	-5.391676e-06	-2.068759e-09	-3.836469e+01	-1.384241e+02
7.000000e-08	-5.389294e-06	-2.058639e-09	-3.834774e+01	-1.383635e+02
8.000000e-08	-5.386346e-06	-2.062155e-09	-3.832676e+01	-1.383132e+02
9.000000e-08	-5.382761e-06	-2.091416e-09	-3.830126e+01	-1.382737e+02
1.000000e-07	-5.378698e-06	-2.113134e-09	-3.827235e+01	-1.382451e+02
1.100000e-07	-5.374405e-06	-2.089933e-09	-3.824180e+01	-1.382274e+02
1.200000e-07	-5.369990e-06	-2.022286e-09	-3.821038e+01	-1.382207e+02
1.300000e-07	-5.365494e-06	-2.080201e-09	-3.817839e+01	-1.382247e+02
1.400000e-07	-5.360616e-06	-2.107569e-09	-3.814368e+01	-1.382392e+02
1.500000e-07	-5.355154e-06	-2.089566e-09	-3.810482e+01	-1.382638e+02
1.600000e-07	-5.349264e-06	-2.015982e-09	-3.806290e+01	-1.382981e+02
1.700000e-07	-5.343100e-06	-2.052953e-09	-3.801905e+01	-1.383416e+02
1.800000e-07	-5.336494e-06	-2.139198e-09	-3.797204e+01	-1.383935e+02
1.900000e-07	-5.329320e-06	-2.118211e-09	-3.792100e+01	-1.384530e+02
2.000000e-07	-5.321862e-06	-2.080126e-09	-3.786793e+01	-1.385194e+02
2.100000e-07	-5.314305e-06	-2.092787e-09	-3.781415e+01	-1.385917e+02
2.200000e-07	-5.306484e-06	-2.159478e-09	-3.775850e+01	-1.386689e+02
2.300000e-07	-5.298369e-06	-2.133744e-09	-3.770076e+01	-1.387499e+02
2.400000e-07	-5.290067e-06	-2.142874e-09	-3.764169e+01	-1.388336e+02
2.500000e-07	-5.281288e-06	-2.185338e-09	-3.757922e+01	-1.389188e+02
2.600000e-07	-5.271726e-06	-2.220676e-09	-3.751118e+01	-1.390043e+02
2.700000e-07	-5.261395e-06	-2.171335e-09	-3.743767e+01	-1.390889e+02
2.800000e-07	-5.250619e-06	-2.197838e-09	-3.736099e+01	-1.391713e+02
2.900000e-07	-5.239484e-06	-2.205455e-09	-3.728176e+01	-1.392503e+02
3.000000e-07	-5.227902e-06	-2.154321e-09	-3.719935e+01	-1.393246e+02
3.100000e-07	-5.215919e-06	-2.125241e-09	-3.711408e+01	-1.393929e+02
3.200000e-07	-5.203557e-06	-2.198567e-09	-3.702612e+01	-1.394541e+02
3.300000e-07	-5.190796e-06	-2.212878e-09	-3.693532e+01	-1.395069e+02
3.400000e-07	-5.177631e-06	-2.158333e-09	-3.684165e+01	-1.395503e+02
3.500000e-07	-5.163993e-06	-2.150367e-09	-3.674460e+01	-1.395832e+02
3.600000e-07	-5.150002e-06	-2.191845e-09	-3.664505e+01	-1.396046e+02
3.700000e-07	-5.135862e-06	-2.161787e-09	-3.654443e+01	-1.396135e+02
3.800000e-07	-5.121267e-06	-2.126730e-09	-3.644059e+01	-1.396091e+02
3.900000e-07	-5.105819e-06	-2.126656e-09	-3.633066e+01	-1.395907e+02
4.000000e-07	-5.089514e-06	-2.137041e-09	-3.621465e+01	-1.395576e+02
4.100000e-07	-5.072775e-06	-2.140641e-09	-3.609553e+01	-1.395092e+02
4.200000e-07	-5.055937e-06	-2.155745e-09	-3.597572e+01	-1.394451e+02
4.300000e-07	-5.038866e-06	-2.149473e-09	-3.585426e+01	-1.393650e+02
4.400000e-07	-5.021532e-06	-2.117783e-09	-3.573091e+01	-1.392687e+02
4.500000e-07	-5.003900e-06	-2.137527e-09	-3.560546e+01	-1.391560e+02
4.600000e-07	-4.985908e-06	-2.141878e-09	-3.547743e+01	-1.390268e+02
4.700000e-07	-4.967576e-06	-2.113184e-09	-3.534699e+01	-1.388815e+02
4.800000e-07	-4.948853e-06	-2.085329e-09	-3.521376e+01	-1.387200e+02
4.900000e-07	-4.929657e-06	-2.114826e-09	-3.507717e+01	-1.385428e+02
5.000000e-07	-4.910039e-06	-2.114331e-09	-3.493758e+01	-1.383503e+02
5.100000e-07	-4.890178e-06	-2.107455e-09	-3.479626e+01	-1.381430e+02
5.200000e-07	-4.870169e-06	-2.090718e-09	-3.465389e+01	-1.379216e+02
5.300000e-07	-4.850053e-06	-2.096883e-09	-3.451075e+01	-1.376866e+02
5.400000e-07	-4.829688e-06	-2.097162e-09	-3.436584e+01	-1.374389e+02
5.500000e-07	-4.808857e-06	-2.108174e-09	-3.421762e+01	-1.371792e+02
5.600000e-07	-4.787597e-06	-2.081422e-09	-3.406634e+01	-1.369086e+02
5.700000e-07	-4.766038e-06	-2.068953e-09	-3.391294e+01	-1.366278e+02
5.800000e-07	-4.744204e-06	-2.070661e-09	-3.375757e+01	-1.363380e+02
5.900000e-07	-4.722148e-06	-2.076308e-09	-3.360064e+01	-1.360400e+02
6.000000e-07	-4.699770e-06	-2.055963e-09	-3.344141e+01	-1.357349e+02
6.100000e-07	-4.677006e-06	-2.053702e-09	-3.327942e+01	-1.354237e+02
6.200000e-07	-4.653846e-06	-2.058990e-09	-3.311463e+01	-1.351075e+02
6.300000e-07	-4.630463e-06	-2.065673e-09	-3.294825e+01	-1.347872e+02
6.400000e-07	-4.606886e-06	-2.059831e-09	-3.278049e+01	-1.344639e+02
6.500000e-07	-4.582971e-06	-2.050976e-09	-3.261031e+01	-1.341384e+02
6.600000e-07	-4.558839e-06	-2.041540e-09	-3.243861e+01	-1.338117e+02
6.700000e-07	-4.534509e-06	-2.040979e-09	-3.226549e+01	-1.334847e+02
6.800000e-07	-4.509854e-06	-2.034090e-09	-3.209005e+01	-1.331581e+02
6.900000e-07	-4.484729e-06	-2.016854e-09	-3.191127e+01	-1.328327e+02
7.000000e-07	-4.459010e-06	-2.010575e-09	-3.172827e+01	-1.325092e+02
7.100000e-07	-4.432687e-06	-2.016975e-09	-3.154096e+01	-1.321882e+02
7.200000e-07	-4.405758e-06	-2.023017e-09	-3.134935e+01	-1.318701e+02
7.300000e-07	-4.378417e-06	-2.013198e-09	-3.115480e+01	-1.315554e+02
7.400000e-07	-4.350866e-06	-2.005548e-09	-3.095876e+01	-1.312445e+02
7.500000e-07	-4.323078e-06	-1.999342e-09	-3.076104e+01	-1.309375e+02
7.600000e-07	-4.295107e-06	-2.001313e-09	-3.056201e+01	-1.306348e+02
7.700000e-07	-4.266956e-06	-1.990915e-09	-3.036170e+01	-1.303363e+02
7.800000e-07	-4.238577e-06	-1.982951e-09	-3.015977e+01	-1.300420e+02
7.900000e-07	-4.209996e-06	-1.977262e-09	-2.995640e+01	-1.297519e+02
8.000000e-07	-4.181117e-06	-1.983860e-09	-2.975091e+01	-1.294658e+02
8.100000e-07	-4.151881e-06	-1.978821e-09	-2.954288e+01	-1.291835e+02
8.200000e-07	-4.122336e-06	-1.973723e-09	-2.933265e+01	-1.289046e+02
8.300000e-07	-4.092558e-06	-1.966262e-09	-2.912076e+01	-1.286288e+02
8.400000e-07	-4.062532e-06	-1.968461e-09	-2.890711e+01	-1.283556e+02
8.500000e-07	-4.032237e-06	-1.964253e-09	-2.869154e+01	-1.280845e+02
8.600000e-07	-4.001710e-06	-1.959471e-09	-2.847433e+01	-1.278151e+02
8.700000e-07	-3.970846e-06	-1.949704e-09	-2.825472e+01	-1.275467e+02
8.800000e-07	-3.939665e-06	-1.948754e-09	-2.803285e+01	-1.272787e+02
8.900000e-07	-3.908235e-06	-1.945486e-09	-2.780920e+01	-1.270106e+02
9.000000e-07	-3.876577e-06	-1.940456e-09	-2.758394e+01	-1.267416e+02
9.100000e-07	-3.844766e-06	-1.930395e-09	-2.735759e+01	-1.264712e+02
9.200000e-07	-3.812819e-06	-1.928638e-09	-2.713027e+01	-1.261987e+02
9.300000e-07	-3.780677e-06	-1.929198e-09	-2.690156e+01	-1.259235e+02
9.400000e-07	-3.748311e-06	-1.929665e-09	-2.667126e+01	-1.256449e+02
9.500000e-07	-3.715632e-06	-1.925544e-09	-2.643873e+01	-1.253625e+02
9.600000e-07	-3.682568e-06	-1.921161e-09	-2.620347e+01	-1.250757e+02
9.700000e-07	-3.649200e-06	-1.915476e-09	-2.596603e+01	-1.247839e+02
9.800000e-07	-3.615503e-06	-1.904769e-09	-2.572626e+01	-1.244867e+02
9.900000e-07	-3.581315e-06	-1.891490e-09	-2.548299e+01	-1.241838e+02
1.000000e-06	-3.546602e-06	-1.881797e-09	-2.523599e+01	-1.238746e+02
1.010000e-06	-3.511484e-06	-1.882814e-09	-2.498611e+01	-1.235590e+02
1.020000e-06	-3.476105e-06	-1.885053e-09	-2.473437e+01	-1.232367e+02
1.030000e-06	-3.440508e-06	-1.883606e-09	-2.448108e+01	-1.229076e+02
1.040000e-06	-3.404723e-06	-1.875760e-09	-2.422644e+01	-1.225714e+02
1.050000e-06	-3.368810e-06	-1.868996e-09	-2.397090e+01	-1.222282e+02
1.060000e-06	-3.332789e-06	-1.860269e-09	-2.371459e+01	-1.218779e+02
1.070000e-06	-3.296620e-06	-1.850090e-09	-2.345723e+01	-1.215207e+02
1.080000e-06	-3.260264e-06	-1.834866e-09	-2.319854e+01	-1.211566e+02
1.090000e-06	-3.223696e-06	-1.828315e-09	-2.293834e+01	-1.207859e+02
1.100000e-06	-3.186888e-06	-1.826100e-09	-2.267643e+01	-1.204087e+02
1.110000e-06	-3.149830e-06	-1.825816e-09	-2.241274e+01	-1.200253e+02
1.120000e-06	-3.112447e-06	-1.820515e-09	-2.214674e+01	-1.196361e+02
1.130000e-06	-3.074854e-06	-1.814709e-09	-2.187925e+01	-1.192414e+02
1.140000e-06	-3.037148e-06	-1.806367e-09	-2.161095e+01	-1.188415e+02
1.150000e-06	-2.999213e-06	-1.800517e-09	-2.134102e+01	-1.184369e+02
1.160000e-06	-2.961046e-06	-1.790434e-09	-2.106944e+01	-1.180280e+02
1.170000e-06	-2.922665e-06	-1.781865e-09	-2.079634e+01	-1.176152e+02
1.180000e-06	-2.884190e-06	-1.775069e-09	-2.052257e+01	-1.171989e+02
1.190000e-06	-2.845582e-06	-1.770194e-09	-2.024785e+01	-1.167795e+02
1.200000e-06	-2.806636e-06	-1.762863e-09	-1.997073e+01	-1.163575e+02
1.210000e-06	-2.767420e-06	-1.757893e-09	-1.969169e+01	-1.159332e+02
1.220000e-06	-2.728016e-06	-1.753481e-09	-1.941131e+01	-1.155071e+02
1.230000e-06	-2.688453e-06	-1.749247e-09	-1.912980e+01	-1.150793e+02
1.240000e-06	-2.648729e-06	-1.742810e-09	-1.884714e+01	-1.146503e+02
1.250000e-06	-2.608849e-06	-1.734722e-09	-1.856337e+01	-1.142202e+02
1.260000e-06	-2.568945e-06	-1.727210e-09	-1.827943e+01	-1.137893e+02
1.270000e-06	-2.528996e-06	-1.719243e-09	-1.799517e+01	-1.133576e+02
1.280000e-06	-2.488925e-06	-1.712324e-09	-1.771005e+01	-1.129254e+02
1.290000e-06	-2.448774e-06	-1.705370e-09	-1.742435e+01	-1.124926e+02
1.300000e-06	-2.408509e-06	-1.699277e-09	-1.713784e+01	-1.120592e+02
1.310000e-06	-2.368093e-06	-1.694054e-09	-1.685027e+01	-1.116252e+02
1.320000e-06	-2.327438e-06	-1.689041e-09	-1.656098e+01	-1.111903e+02
1.330000e-06	-2.286596e-06	-1.682174e-09	-1.627037e+01	-1.107543e+02
1.340000e-06	-2.245557e-06	-1.677813e-09	-1.597835e+01	-1.103171e+02
1.350000e-06	-2.204159e-06	-1.675484e-09	-1.568378e+01	-1.098782e+02
1.360000e-06	-2.162529e-06	-1.672374e-09	-1.538757e+01	-1.094372e+02
1.370000e-06	-2.120613e-06	-1.665118e-09	-1.508931e+01	-1.089938e+02
1.380000e-06	-2.078285e-06	-1.655994e-09	-1.478812e+01	-1.085474e+02
1.390000e-06	-2.035774e-06	-1.646086e-09	-1.448563e+01	-1.080975e+02
1.400000e-06	-1.993134e-06	-1.637489e-09	-1.418222e+01	-1.076435e+02
1.410000e-06	-1.950107e-06	-1.628076e-09	-1.387607e+01	-1.071847e+02
1.420000e-06	-1.906902e-06	-1.620414e-09	-1.356864e+01	-1.067206e+02
1.430000e-06	-1.863705e-06	-1.614893e-09	-1.326127e+01	-1.062505e+02
1.440000e-06	-1.820293e-06	-1.612169e-09	-1.295237e+01	-1.057736e+02
1.450000e-06	-1.776743e-06	-1.606386e-09	-1.264249e+01	-1.052892e+02
1.460000e-06	-1.733058e-06	-1.599085e-09	-1.233164e+01	-1.047967e+02
1.470000e-06	-1.689274e-06	-1.590563e-09	-1.202010e+01	-1.042953e+02
1.480000e-06	-1.645457e-06	-1.582476e-09	-1.170832e+01	-1.037843e+02
1.490000e-06	-1.601513e-06	-1.573500e-09	-1.139563e+01	-1.032629e+02
1.500000e-06	-1.557464e-06	-1.563752e-09	-1.108220e+01	-1.027306e+02
1.510000e-06	-1.513349e-06	-1.554538e-09	-1.076829e+01	-1.021866e+02
1.520000e-06	-1.469222e-06	-1.546893e-09	-1.045431e+01	-1.016303e+02
1.530000e-06	-1.425038e-06	-1.540368e-09	-1.013991e+01	-1.010610e+02
1.540000e-06	-1.380767e-06	-1.533415e-09	-9.824906e+00	-1.004783e+02
1.550000e-06	-1.336462e-06	-1.522563e-09	-9.509648e+00	-9.988141e+01
1.560000e-06	-1.292081e-06	-1.509894e-09	-9.193857e+00	-9.926997e+01
1.570000e-06	-1.247545e-06	-1.498449e-09	-8.876959e+00	-9.864345e+01
1.580000e-06	-1.202909e-06	-1.490326e-09	-8.559351e+00	-9.800143e+01
1.590000e-06	-1.158279e-06	-1.482639e-09	-8.241784e+00	-9.734349e+01
1.600000e-06	-1.113569e-06	-1.471902e-09	-7.923649e+00	-9.666927e+01
1.610000e-06	-1.068698e-06	-1.459601e-09	-7.604363e+00	-9.597845e+01
1.620000e-06	-1.023667e-06	-1.448294e-09	-7.283945e+00	-9.527072e+01
1.630000e-06	-9.785194e-07	-1.435782e-09	-6.962694e+00	-9.454582e+01
1.640000e-06	-9.333506e-07	-1.421395e-09	-6.641294e+00	-9.380351e+01
1.650000e-06	-8.882312e-07	-1.409032e-09	-6.320246e+00	-9.304358e+01
1.660000e-06	-8.431261e-07	-1.398648e-09	-5.999298e+00	-9.226582e+01
1.670000e-06	-7.979131e-07	-1.389213e-09	-5.677583e+00	-9.147005e+01
1.680000e-06	-7.525699e-07	-1.376237e-09	-5.354942e+00	-9.065609e+01
1.690000e-06	-7.072032e-07	-1.361480e-09	-5.032133e+00	-8.982377e+01
1.700000e-06	-6.617568e-07	-1.346205e-09	-4.708757e+00	-8.897288e+01
1.710000e-06	-6.162261e-07	-1.332810e-09	-4.384782e+00	-8.810325e+01
1.720000e-06	-5.707593e-07	-1.319392e-09	-4.061261e+00	-8.721465e+01
1.730000e-06	-5.252498e-07	-1.304915e-09	-3.737437e+00	-8.630685e+01
1.740000e-06	-4.796460e-07	-1.289605e-09	-3.412941e+00	-8.537956e+01
1.750000e-06	-4.340742e-07	-1.273872e-09	-3.088673e+00	-8.443249e+01
1.760000e-06	-3.884803e-07	-1.256605e-09	-2.764248e+00	-8.346527e+01
1.770000e-06	-3.428396e-07	-1.239359e-09	-2.439489e+00	-8.247752e+01
1.780000e-06	-2.971604e-07	-1.222662e-09	-2.114457e+00	-8.146876e+01
1.790000e-06	-2.514806e-07	-1.208991e-09	-1.789421e+00	-8.043850e+01
1.800000e-06	-2.058133e-07	-1.194825e-09	-1.464473e+00	-7.938615e+01
1.810000e-06	-1.601322e-07	-1.175971e-09	-1.139427e+00	-7.831107e+01
1.820000e-06	-1.143633e-07	-1.154921e-09	-8.137565e-01	-7.721257e+01
1.830000e-06	-6.854214e-08	-1.134972e-09	-4.877144e-01	-7.608986e+01
1.840000e-06	-2.280638e-08	-1.114455e-09	-1.622797e-01	-7.494211e+01
1.850000e-06	2.284182e-08	-1.093415e-09	1.625319e-01	-7.376840e+01
1.860000e-06	6.857862e-08	-1.075568e-09	4.879740e-01	-7.256778e+01
1.870000e-06	1.144834e-07	-1.060455e-09	8.146116e-01	-7.133919e+01
1.880000e-06	1.603822e-07	-1.045676e-09	1.141206e+00	-7.008154e+01
1.890000e-06	2.061699e-07	-1.028115e-09	1.467010e+00	-6.879368e+01
1.900000e-06	2.518793e-07	-1.004856e-09	1.792258e+00	-6.747443e+01
1.910000e-06	2.976170e-07	-9.783371e-10	2.117706e+00	-6.612253e+01
1.920000e-06	3.433489e-07	-9.523680e-10	2.443113e+00	-6.473671e+01
1.930000e-06	3.890344e-07	-9.258947e-10	2.768190e+00	-6.331568e+01
1.940000e-06	4.347010e-07	-9.008421e-10	3.093132e+00	-6.185813e+01
1.950000e-06	4.803982e-07	-8.788053e-10	3.418293e+00	-6.036272e+01
1.960000e-06	5.260487e-07	-8.584315e-10	3.743121e+00	-5.882815e+01
1.970000e-06	5.716344e-07	-8.363262e-10	4.067488e+00	-5.725311e+01
1.980000e-06	6.171212e-07	-8.096920e-10	4.391151e+00	-5.563634e+01
1.990000e-06	6.625186e-07	-7.805704e-10	4.714178e+00	-5.397660e+01
2.000000e-06	7.079116e-07	-7.519217e-10	5.037174e+00	-5.227273e+01
2.010000e-06	7.532651e-07	-7.227592e-10	5.359889e+00	-5.052359e+01
2.020000e-06	7.985257e-07	-6.936166e-10	5.681942e+00	-4.872817e+01
2.030000e-06	8.436331e-07	-6.653381e-10	6.002905e+00	-4.688551e+01
2.040000e-06	8.886608e-07	-6.382368e-10	6.323302e+00	-4.499479e+01
2.050000e-06	9.336771e-07	-6.110871e-10	6.643617e+00	-4.305526e+01
2.060000e-06	9.786951e-07	-5.809103e-10	6.963945e+00	-4.106633e+01
2.070000e-06	1.023685e-06	-5.483120e-10	7.284074e+00	-3.902755e+01
2.080000e-06	1.068576e-06	-5.161813e-10	7.603499e+00	-3.693859e+01
2.090000e-06	1.113345e-06	-4.844209e-10	7.922052e+00	-3.479931e+01
2.100000e-06	1.157939e-06	-4.517027e-10	8.239364e+00	-3.260970e+01
2.110000e-06	1.202437e-06	-4.164839e-10	8.555988e+00	-3.036996e+01
2.120000e-06	1.246937e-06	-3.790647e-10	8.872628e+00	-2.808045e+01
2.130000e-06	1.291396e-06	-3.426013e-10	9.188981e+00	-2.574171e+01
2.140000e-06	1.335775e-06	-3.078150e-10	9.504760e+00	-2.335448e+01
2.150000e-06	1.380079e-06	-2.732503e-10	9.820012e+00	-2.091970e+01
2.160000e-06	1.424307e-06	-2.392560e-10	1.013471e+01	-1.843848e+01
2.170000e-06	1.468444e-06	-2.059061e-10	1.044877e+01	-1.591215e+01
2.180000e-06	1.512585e-06	-1.728678e-10	1.076286e+01	-1.334221e+01
2.190000e-06	1.556687e-06	-1.379180e-10	1.107667e+01	-1.073038e+01
2.200000e-06	1.600708e-06	-9.910832e-11	1.138990e+01	-8.078522e+00
2.210000e-06	1.644675e-06	-5.853167e-11	1.170275e+01	-5.388723e+00
2.220000e-06	1.688564e-06	-1.650766e-11	1.201505e+01	-2.663225e+00
2.230000e-06	1.732371e-06	2.489266e-11	1.232676e+01	9.556286e-02
2.240000e-06	1.776109e-06	6.548439e-11	1.263797e+01	2.885069e+00
2.250000e-06	1.819746e-06	1.056839e-10	1.294848e+01	5.702576e+00
2.260000e-06	1.863238e-06	1.449480e-10	1.325794e+01	8.545229e+00
2.270000e-06	1.906571e-06	1.848315e-10	1.356628e+01	1.141005e+01
2.280000e-06	1.949629e-06	2.258685e-10	1.387267e+01	1.429394e+01
2.290000e-06	1.992415e-06	2.696900e-10	1.417711e+01	1.719371e+01
2.300000e-06	2.035078e-06	3.148658e-10	1.448068e+01	2.010610e+01
2.310000e-06	2.077623e-06	3.606268e-10	1.478341e+01	2.302775e+01
2.320000e-06	2.119780e-06	4.072798e-10	1.508338e+01	2.595528e+01
2.330000e-06	2.161613e-06	4.522223e-10	1.538105e+01	2.888524e+01
2.340000e-06	2.203282e-06	4.927322e-10	1.567754e+01	3.181418e+01
2.350000e-06	2.244632e-06	5.301231e-10	1.597177e+01	3.473864e+01
2.360000e-06	2.285638e-06	5.704570e-10	1.626355e+01	3.765518e+01
2.370000e-06	2.326449e-06	6.170715e-10	1.655394e+01	4.056035e+01
2.380000e-06	2.367056e-06	6.653071e-10	1.684288e+01	4.345078e+01
2.390000e-06	2.407402e-06	7.121967e-10	1.712997e+01	4.632314e+01
2.400000e-06	2.447623e-06	7.599574e-10	1.741616e+01	4.917416e+01
2.410000e-06	2.487788e-06	8.064652e-10	1.770195e+01	5.200068e+01
2.420000e-06	2.527881e-06	8.477020e-10	1.798724e+01	5.479961e+01
2.430000e-06	2.567816e-06	8.863285e-10	1.827140e+01	5.756799e+01
2.440000e-06	2.607598e-06	9.270935e-10	1.855447e+01	6.030295e+01
2.450000e-06	2.647317e-06	9.701112e-10	1.883709e+01	6.300179e+01
2.460000e-06	2.686885e-06	1.013372e-09	1.911864e+01	6.566193e+01
2.470000e-06	2.726286e-06	1.054077e-09	1.939900e+01	6.828092e+01
2.480000e-06	2.765536e-06	1.091797e-09	1.967829e+01	7.085651e+01
2.490000e-06	2.804589e-06	1.129696e-09	1.995617e+01	7.338656e+01
2.500000e-06	2.843359e-06	1.168939e-09	2.023204e+01	7.586914e+01
2.510000e-06	2.881896e-06	1.207739e-09	2.050625e+01	7.830246e+01
2.520000e-06	2.920352e-06	1.246641e-09	2.077988e+01	8.068491e+01
2.530000e-06	2.958652e-06	1.286176e-09	2.105241e+01	8.301506e+01
2.540000e-06	2.996700e-06	1.323987e-09	2.132314e+01	8.529165e+01
2.550000e-06	3.034513e-06	1.357520e-09	2.159220e+01	8.751359e+01
2.560000e-06	3.072183e-06	1.385442e-09	2.186024e+01	8.967996e+01
2.570000e-06	3.109601e-06	1.410343e-09	2.212649e+01	9.179002e+01
2.580000e-06	3.146726e-06	1.437031e-09	2.239066e+01	9.384317e+01
2.590000e-06	3.183693e-06	1.466126e-09	2.265370e+01	9.583901e+01
2.600000e-06	3.220440e-06	1.498786e-09	2.291517e+01	9.777724e+01
2.610000e-06	3.256944e-06	1.532659e-09	2.317492e+01	9.965776e+01
2.620000e-06	3.293261e-06	1.565246e-09	2.343333e+01	1.014806e+02
2.630000e-06	3.329415e-06	1.595417e-09	2.369059e+01	1.032459e+02
2.640000e-06	3.365451e-06	1.619917e-09	2.394700e+01	1.049539e+02
2.650000e-06	3.401383e-06	1.638918e-09	2.420268e+01	1.066051e+02
2.660000e-06	3.437196e-06	1.654134e-09	2.445751e+01	1.081999e+02
2.670000e-06	3.472833e-06	1.667598e-09	2.471108e+01	1.097391e+02
2.680000e-06	3.508200e-06	1.680923e-09	2.496274e+01	1.112232e+02
2.690000e-06	3.543207e-06	1.700170e-09	2.521183e+01	1.126531e+02
2.700000e-06	3.577792e-06	1.727584e-09	2.545793e+01	1.140297e+02
2.710000e-06	3.611920e-06	1.757832e-09	2.570076e+01	1.153539e+02
2.720000e-06	3.645684e-06	1.782996e-09	2.594101e+01	1.166268e+02
2.730000e-06	3.679046e-06	1.800976e-09	2.617840e+01	1.178493e+02
2.740000e-06	3.711959e-06	1.815447e-09	2.641260e+01	1.190226e+02
2.750000e-06	3.744550e-06	1.826853e-09	2.664450e+01	1.201479e+02
2.760000e-06	3.776923e-06	1.835929e-09	2.687485e+01	1.212264e+02
2.770000e-06	3.809130e-06	1.844932e-09	2.710402e+01	1.222592e+02
2.780000e-06	3.841141e-06	1.858151e-09	2.733180e+01	1.232475e+02
2.790000e-06	3.872966e-06	1.878981e-09	2.755825e+01	1.241927e+02
2.800000e-06	3.904583e-06	1.897170e-09	2.778322e+01	1.250960e+02
2.810000e-06	3.935957e-06	1.905777e-09	2.800646e+01	1.259587e+02
2.820000e-06	3.967089e-06	1.911900e-09	2.822798e+01	1.267819e+02
2.830000e-06	3.997904e-06	1.922008e-09	2.844725e+01	1.275671e+02
2.840000e-06	4.028443e-06	1.932805e-09	2.866455e+01	1.283154e+02
2.850000e-06	4.058702e-06	1.941755e-09	2.887986e+01	1.290282e+02
2.860000e-06	4.088713e-06	1.953071e-09	2.909340e+01	1.297066e+02
2.870000e-06	4.118526e-06	1.967819e-09	2.930554e+01	1.303519e+02
2.880000e-06	4.148031e-06	1.980673e-09	2.951548e+01	1.309653e+02
2.890000e-06	4.177190e-06	1.985783e-09	2.972296e+01	1.315482e+02
2.900000e-06	4.206050e-06	1.986440e-09	2.992832e+01	1.321015e+02
2.910000e-06	4.234665e-06	1.990032e-09	3.013193e+01	1.326266e+02
2.920000e-06	4.263070e-06	1.998814e-09	3.033404e+01	1.331247e+02
2.930000e-06	4.291242e-06	2.007812e-09	3.053451e+01	1.335968e+02
2.940000e-06	4.319171e-06	2.016984e-09	3.073324e+01	1.340441e+02
2.950000e-06	4.346971e-06	2.028245e-09	3.093105e+01	1.344677e+02
2.960000e-06	4.374557e-06	2.040335e-09	3.112734e+01	1.348689e+02
2.970000e-06	4.401846e-06	2.045682e-09	3.132151e+01	1.352485e+02
2.980000e-06	4.428760e-06	2.041824e-09	3.151302e+01	1.356078e+02
2.990000e-06	4.455083e-06	2.037557e-09	3.170032e+01	1.359478e+02
3.000000e-06	4.480873e-06	2.041315e-09	3.188383e+01	1.362695e+02
3.010000e-06	4.506129e-06	2.050239e-09	3.206354e+01	1.365738e+02
3.020000e-06	4.530851e-06	2.059254e-09	3.223945e+01	1.368620e+02
3.030000e-06	4.555218e-06	2.069628e-09	3.241284e+01	1.371347e+02
3.040000e-06	4.579392e-06	2.081022e-09	3.258485e+01	1.373932e+02
3.050000e-06	4.603398e-06	2.088006e-09	3.275567e+01	1.376381e+02
3.060000e-06	4.627150e-06	2.088052e-09	3.292467e+01	1.378706e+02
3.070000e-06	4.650582e-06	2.083244e-09	3.309141e+01	1.380913e+02
3.080000e-06	4.673715e-06	2.080281e-09	3.325601e+01	1.383011e+02
3.090000e-06	4.696486e-06	2.084140e-09	3.341804e+01	1.385009e+02
3.100000e-06	4.718916e-06	2.089666e-09	3.357764e+01	1.386913e+02
3.110000e-06	4.741007e-06	2.094250e-09	3.373483e+01	1.388732e+02
3.120000e-06	4.762723e-06	2.100162e-09	3.388935e+01	1.390471e+02
3.130000e-06	4.784185e-06	2.106641e-09	3.404206e+01	1.392137e+02
3.140000e-06	4.805346e-06	2.112628e-09	3.419264e+01	1.393737e+02
3.150000e-06	4.826151e-06	2.115694e-09	3.434067e+01	1.395274e+02
3.160000e-06	4.846629e-06	2.113465e-09	3.448638e+01	1.396755e+02
3.170000e-06	4.866915e-06	2.112658e-09	3.463073e+01	1.398183e+02
3.180000e-06	4.886999e-06	2.114722e-09	3.477364e+01	1.399563e+02
3.190000e-06	4.906844e-06	2.116102e-09	3.491485e+01	1.400897e+02
3.200000e-06	4.926446e-06	2.113917e-09	3.505433e+01	1.402189e+02
3.210000e-06	4.945688e-06	2.115212e-09	3.519124e+01	1.403440e+02
3.220000e-06	4.964486e-06	2.120942e-09	3.532500e+01	1.404653e+02
3.230000e-06	4.982798e-06	2.126075e-09	3.545530e+01	1.405828e+02
3.240000e-06	5.000635e-06	2.129598e-09	3.558222e+01	1.406965e+02
3.250000e-06	5.018179e-06	2.131037e-09	3.570705e+01	1.408065e+02
3.260000e-06	5.035440e-06	2.133667e-09	3.582988e+01	1.409127e+02
3.270000e-06	5.052390e-06	2.135232e-09	3.595049e+01	1.410151e+02
3.280000e-06	5.069143e-06	2.131005e-09	3.606969e+01	1.411134e+02
3.290000e-06	5.085584e-06	2.126178e-09	3.618668e+01	1.412074e+02
3.300000e-06	5.101596e-06	2.126386e-09	3.630062e+01	1.412970e+02
3.310000e-06	5.117023e-06	2.131711e-09	3.641039e+01	1.413818e+02
3.320000e-06	5.131969e-06	2.137723e-09	3.651673e+01	1.414616e+02
3.330000e-06	5.146501e-06	2.142127e-09	3.662014e+01	1.415361e+02
3.340000e-06	5.160540e-06	2.144472e-09	3.672003e+01	1.416048e+02
3.350000e-06	5.174300e-06	2.145989e-09	3.681794e+01	1.416674e+02
3.360000e-06	5.187738e-06	2.145894e-09	3.691356e+01	1.417236e+02
3.370000e-06	5.200735e-06	2.139023e-09	3.700604e+01	1.417730e+02
3.380000e-06	5.213337e-06	2.130022e-09	3.709571e+01	1.418152e+02
3.390000e-06	5.225564e-06	2.127976e-09	3.718271e+01	1.418498e+02
3.400000e-06	5.237471e-06	2.133937e-09	3.726744e+01	1.418766e+02
3.410000e-06	5.249004e-06	2.141450e-09	3.734950e+01	1.418952e+02
3.420000e-06	5.260067e-06	2.145908e-09	3.742822e+01	1.419053e+02
3.430000e-06	5.270575e-06	2.146627e-09	3.750299e+01	1.419066e+02
3.440000e-06	5.280459e-06	2.146595e-09	3.757332e+01	1.418991e+02
3.450000e-06	5.289708e-06	2.142346e-09	3.763913e+01	1.418824e+02
3.460000e-06	5.298447e-06	2.133185e-09	3.770132e+01	1.418565e+02
3.470000e-06	5.306834e-06	2.126289e-09	3.776099e+01	1.418213e+02
3.480000e-06	5.314940e-06	2.126890e-09	3.781867e+01	1.417769e+02
3.490000e-06	5.322859e-06	2.130996e-09	3.787502e+01	1.417233e+02
3.500000e-06	5.330535e-06	2.132233e-09	3.792964e+01	1.416606e+02
3.510000e-06	5.337836e-06	2.131402e-09	3.798159e+01	1.415891e+02
3.520000e-06	5.344712e-06	2.132080e-09	3.803051e+01	1.415090e+02
3.530000e-06	5.351196e-06	2.131256e-09	3.807665e+01	1.414207e+02
3.540000e-06	5.357371e-06	2.126080e-09	3.812059e+01	1.413245e+02
3.550000e-06	5.363238e-06	2.119052e-09	3.816234e+01	1.412211e+02
3.560000e-06	5.368745e-06	2.114474e-09	3.820152e+01	1.411109e+02
3.570000e-06	5.373860e-06	2.113046e-09	3.823792e+01	1.409945e+02
3.580000e-06	5.378518e-06	2.110530e-09	3.827106e+01	1.408727e+02
3.590000e-06	5.382797e-06	2.108171e-09	3.830151e+01	1.407461e+02
3.600000e-06	5.386853e-06	2.109969e-09	3.833037e+01	1.406156e+02
3.610000e-06	5.390723e-06	2.113279e-09	3.835791e+01	1.404820e+02
3.620000e-06	5.394250e-06	2.112764e-09	3.838300e+01	1.403462e+02
3.630000e-06	5.397432e-06	2.109527e-09	3.840564e+01	1.402090e+02
3.640000e-06	5.400118e-06	2.108233e-09	3.842476e+01	1.400713e+02
3.650000e-06	5.402176e-06	2.108139e-09	3.843941e+01	1.399343e+02
3.660000e-06	5.403652e-06	2.105740e-09	3.844991e+01	1.397987e+02
3.670000e-06	5.404481e-06	2.101154e-09	3.845581e+01	1.396656e+02
3.680000e-06	5.404874e-06	2.099777e-09	3.845860e+01	1.395359e+02
3.690000e-06	5.405071e-06	2.103010e-09	3.846000e+01	1.394105e+02
3.700000e-06	5.405066e-06	2.108098e-09	3.845997e+01	1.392903e+02
3.710000e-06	5.404710e-06	2.111443e-09	3.845743e+01	1.391762e+02
3.720000e-06	5.403962e-06	2.112521e-09	3.845211e+01	1.390690e+02
3.730000e-06	5.402857e-06	2.112636e-09	3.844425e+01	1.389694e+02
3.740000e-06	5.401381e-06	2.107877e-09	3.843375e+01	1.388783e+02
3.750000e-06	5.399615e-06	2.099628e-09	3.842118e+01	1.387961e+02
3.760000e-06	5.397619e-06	2.098643e-09	3.840698e+01	1.387235e+02
3.770000e-06	5.395296e-06	2.097700e-09	3.839045e+01	1.386608e+02
3.780000e-06	5.392586e-06	2.073316e-09	3.837116e+01	1.386086e+02
3.790000e-06	5.389432e-06	2.021477e-09	3.834872e+01	1.385671e+02
3.800000e-06	5.385762e-06	2.013910e-09	3.832261e+01	1.385365e+02
3.810000e-06	5.381703e-06	2.094977e-09	3.829373e+01	1.385167e+02
3.820000e-06	5.377544e-06	2.100467e-09	3.826414e+01	1.385080e+02
3.830000e-06	5.373315e-06	2.038570e-09	3.823404e+01	1.385100e+02
3.840000e-06	5.368627e-06	2.020719e-09	3.820068e+01	1.385225e+02
3.850000e-06	5.363156e-06	2.076918e-09	3.816175e+01	1.385453e+02
3.860000e-06	5.357080e-06	2.106909e-09	3.811852e+01	1.385779e+02
3.870000e-06	5.350737e-06	1.996329e-09	3.807339e+01	1.386196e+02
3.880000e-06	5.344070e-06	1.969646e-09	3.802595e+01	1.386699e+02
3.890000e-06	5.336758e-06	2.049615e-09	3.797392e+01	1.387280e+02
3.900000e-06	5.328924e-06	2.101195e-09	3.791817e+01	1.387931e+02
3.910000e-06	5.320895e-06	2.030164e-09	3.786105e+01	1.388643e+02
3.920000e-06	5.312569e-06	2.017607e-09	3.780180e+01	1.389405e+02
3.930000e-06	5.303768e-06	2.086152e-09	3.773918e+01	1.390208e+02
3.940000e-06	5.294681e-06	2.051843e-09	3.767452e+01	1.391039e+02
3.950000e-06	5.285436e-06	1.981293e-09	3.760873e+01	1.391887e+02
3.960000e-06	5.275804e-06	2.026427e-09	3.754020e+01	1.392741e+02
3.970000e-06	5.265653e-06	2.123594e-09	3.746797e+01	1.393587e+02
3.980000e-06	5.255146e-06	2.085799e-09	3.739321e+01	1.394414e+02
3.990000e-06	5.244339e-06	2.067435e-09	3.731631e+01	1.395208e+02
4.000000e-06	5.233122e-06	2.159978e-09	3.723649e+01	1.395957e+02
4.010000e-06	5.221555e-06	2.185750e-09	3.715418e+01	1.396649e+02
4.020000e-06	5.209711e-06	2.091018e-09	3.706991e+01	1.397272e+02
4.030000e-06	5.197449e-06	2.105421e-09	3.698266e+01	1.397813e+02
4.040000e-06	5.184640e-06	2.176717e-09	3.689152e+01	1.398261e+02
4.050000e-06	5.171440e-06	2.139628e-09	3.679759e+01	1.398606e+02
4.060000e-06	5.157659e-06	2.060744e-09	3.669953e+01	1.398837e+02
4.070000e-06	5.143119e-06	2.129081e-09	3.659607e+01	1.398946e+02
4.080000e-06	5.127938e-06	2.163704e-09	3.648805e+01	1.398922e+02
4.090000e-06	5.112373e-06	2.113270e-09	3.637730e+01	1.398760e+02
4.100000e-06	5.096575e-06	2.087737e-09	3.626489e+01	1.398451e+02
4.110000e-06	5.080536e-06	2.115730e-09	3.615076e+01	1.397991e+02
4.120000e-06	5.064266e-06	2.102171e-09	3.603499e+01	1.397375e+02
4.130000e-06	5.047647e-06	2.090888e-09	3.591674e+01	1.396599e+02
4.140000e-06	5.030551e-06	2.106713e-09	3.579509e+01	1.395661e+02
4.150000e-06	5.013033e-06	2.085844e-09	3.567044e+01	1.394558e+02
4.160000e-06	4.995236e-06	2.074381e-09	3.554380e+01	1.393292e+02
4.170000e-06	4.977183e-06	2.108525e-09	3.541535e+01	1.391863e+02
4.180000e-06	4.958877e-06	2.111042e-09	3.528509e+01	1.390274e+02
4.190000e-06	4.940237e-06	2.067161e-09	3.515245e+01	1.388526e+02
4.200000e-06	4.921170e-06	2.068948e-09	3.501679e+01	1.386624e+02
4.210000e-06	4.901624e-06	2.078413e-09	3.487771e+01	1.384573e+02
4.220000e-06	4.881814e-06	2.067205e-09	3.473674e+01	1.382379e+02
4.230000e-06	4.861922e-06	2.048252e-09	3.459520e+01	1.380049e+02
4.240000e-06	4.841842e-06	2.053239e-09	3.445232e+01	1.377591e+02
4.250000e-06	4.821515e-06	2.054505e-09	3.430769e+01	1.375011e+02
4.260000e-06	4.800843e-06	2.070669e-09	3.416059e+01	1.372320e+02
4.270000e-06	4.779649e-06	2.061739e-09	3.400979e+01	1.369527e+02
4.280000e-06	4.757907e-06	2.047978e-09	3.385508e+01	1.366641e+02
4.290000e-06	4.735558e-06	2.044033e-09	3.369606e+01	1.363672e+02
4.300000e-06	4.712626e-06	2.048788e-09	3.353288e+01	1.360630e+02
4.310000e-06	4.689282e-06	2.022352e-09	3.336677e+01	1.357525e+02
4.320000e-06	4.665678e-06	2.011483e-09	3.319882e+01	1.354369e+02
4.330000e-06	4.641873e-06	2.011820e-09	3.302943e+01	1.351170e+02
4.340000e-06	4.617859e-06	2.019759e-09	3.285856e+01	1.347939e+02
4.350000e-06	4.593572e-06	2.016677e-09	3.268575e+01	1.344685e+02
4.360000e-06	4.568942e-06	2.011308e-09	3.251049e+01	1.341417e+02
4.370000e-06	4.543969e-06	1.996437e-09	3.233279e+01	1.338145e+02
4.380000e-06	4.518654e-06	2.000971e-09	3.215266e+01	1.334876e+02
4.390000e-06	4.492979e-06	2.001084e-09	3.196997e+01	1.331617e+02
4.400000e-06	4.467011e-06	1.986480e-09	3.178520e+01	1.328377e+02
4.410000e-06	4.440834e-06	1.971417e-09	3.159893e+01	1.325160e+02
4.420000e-06	4.414320e-06	1.972648e-09	3.141027e+01	1.321971e+02
4.430000e-06	4.387476e-06	1.974851e-09	3.121926e+01	1.318817e+02
4.440000e-06	4.360364e-06	1.971431e-09	3.102635e+01	1.315699e+02
4.450000e-06	4.332937e-06	1.967333e-09	3.083119e+01	1.312620e+02
4.460000e-06	4.305312e-06	1.969969e-09	3.063462e+01	1.309584e+02
4.470000e-06	4.277518e-06	1.978234e-09	3.043686e+01	1.306589e+02
4.480000e-06	4.249587e-06	1.974011e-09	3.023811e+01	1.303638e+02
4.490000e-06	4.221500e-06	1.963388e-09	3.003825e+01	1.300728e+02
4.500000e-06	4.193219e-06	1.954972e-09	2.983702e+01	1.297858e+02
4.510000e-06	4.164613e-06	1.953506e-09	2.963348e+01	1.295027e+02
4.520000e-06	4.135531e-06	1.945492e-09	2.942654e+01	1.292230e+02
4.530000e-06	4.105932e-06	1.943277e-09	2.921593e+01	1.289465e+02
4.540000e-06	4.075775e-06	1.944506e-09	2.900134e+01	1.286727e+02
4.550000e-06	4.044952e-06	1.951443e-09	2.878202e+01	1.284011e+02
4.560000e-06	4.013592e-06	1.947440e-09	2.855888e+01	1.281312e+02
4.570000e-06	3.982023e-06	1.939422e-09	2.833425e+01	1.278625e+02
4.580000e-06	3.950348e-06	1.927860e-09	2.810886e+01	1.275943e+02
4.590000e-06	3.918536e-06	1.925088e-09	2.788251e+01	1.273260e+02
4.600000e-06	3.886471e-06	1.919800e-09	2.765435e+01	1.270570e+02
4.610000e-06	3.854207e-06	1.915294e-09	2.742477e+01	1.267866e+02
4.620000e-06	3.821788e-06	1.909066e-09	2.719409e+01	1.265143e+02
4.630000e-06	3.789140e-06	1.911217e-09	2.696178e+01	1.262394e+02
4.640000e-06	3.756184e-06	1.912032e-09	2.672728e+01	1.259613e+02
4.650000e-06	3.722902e-06	1.908897e-09	2.649046e+01	1.256793e+02
4.660000e-06	3.689297e-06	1.896341e-09	2.625134e+01	1.253930e+02
4.670000e-06	3.655528e-06	1.885906e-09	2.601106e+01	1.251019e+02
4.680000e-06	3.621622e-06	1.880502e-09	2.576980e+01	1.248055e+02
4.690000e-06	3.587485e-06	1.877888e-09	2.552690e+01	1.245033e+02
4.700000e-06	3.553109e-06	1.870761e-09	2.528229e+01	1.241950e+02
4.710000e-06	3.518439e-06	1.865228e-09	2.503560e+01	1.238802e+02
4.720000e-06	3.483497e-06	1.864240e-09	2.478697e+01	1.235589e+02
4.730000e-06	3.448292e-06	1.863678e-09	2.453646e+01	1.232306e+02
4.740000e-06	3.412841e-06	1.857061e-09	2.428421e+01	1.228954e+02
4.750000e-06	3.377182e-06	1.846086e-09	2.403047e+01	1.225532e+02
4.760000e-06	3.341329e-06	1.839193e-09	2.377536e+01	1.222039e+02
4.770000e-06	3.305347e-06	1.835772e-09	2.351933e+01	1.218476e+02
4.780000e-06	3.269318e-06	1.830626e-09	2.326297e+01	1.214845e+02
4.790000e-06	3.233177e-06	1.820439e-09	2.300581e+01	1.211146e+02
4.800000e-06	3.196816e-06	1.812956e-09	2.274707e+01	1.207382e+02
4.810000e-06	3.160257e-06	1.807189e-09	2.248694e+01	1.203557e+02
4.820000e-06	3.123327e-06	1.802007e-09	2.222416e+01	1.199672e+02
4.830000e-06	3.085948e-06	1.792592e-09	2.195819e+01	1.195731e+02
4.840000e-06	3.048088e-06	1.784766e-09	2.168879e+01	1.191739e+02
4.850000e-06	3.009793e-06	1.778835e-09	2.141631e+01	1.187699e+02
4.860000e-06	2.971171e-06	1.775794e-09	2.114149e+01	1.183614e+02
4.870000e-06	2.932215e-06	1.769039e-09	2.086429e+01	1.179490e+02
4.880000e-06	2.893039e-06	1.761821e-09	2.058554e+01	1.175330e+02
4.890000e-06	2.853696e-06	1.753884e-09	2.030559e+01	1.171140e+02
4.900000e-06	2.814110e-06	1.749408e-09	2.002391e+01	1.166922e+02
4.910000e-06	2.774317e-06	1.745176e-09	1.974077e+01	1.162680e+02
4.920000e-06	2.734473e-06	1.741599e-09	1.945725e+01	1.158419e+02
4.930000e-06	2.694543e-06	1.736623e-09	1.917313e+01	1.154142e+02
4.940000e-06	2.654515e-06	1.734904e-09	1.888831e+01	1.149852e+02
4.950000e-06	2.614373e-06	1.733105e-09	1.860268e+01	1.145550e+02
4.960000e-06	2.574121e-06	1.726102e-09	1.831626e+01	1.141240e+02
4.970000e-06	2.533716e-06	1.713555e-09	1.802876e+01	1.136923e+02
4.980000e-06	2.493069e-06	1.706436e-09	1.773953e+01	1.132599e+02
4.990000e-06	2.452237e-06	1.704490e-09	1.744899e+01	1.128270e+02
5.000000e-06	2.411194e-06	1.703182e-09	1.715695e+01	1.123936e+02
5.010000e-06	2.369990e-06	1.697782e-09	1.686376e+01	1.119594e+02
5.020000e-06	2.328673e-06	1.690088e-09	1.656977e+01	1.115244e+02
5.030000e-06	2.287114e-06	1.683783e-09	1.627405e+01	1.110885e+02
5.040000e-06	2.245410e-06	1.676718e-09	1.597730e+01	1.106513e+02
5.050000e-06	2.203591e-06	1.667537e-09	1.567974e+01	1.102124e+02
5.060000e-06	2.161615e-06	1.658187e-09	1.538106e+01	1.097717e+02
5.070000e-06	2.119471e-06	1.653306e-09	1.508119e+01	1.093285e+02
5.080000e-06	2.077119e-06	1.650107e-09	1.477983e+01	1.088824e+02
5.090000e-06	2.034723e-06	1.645535e-09	1.447815e+01	1.084329e+02
5.100000e-06	1.992279e-06	1.640018e-09	1.417614e+01	1.079794e+02
5.110000e-06	1.949626e-06	1.637136e-09	1.387264e+01	1.075213e+02
5.120000e-06	1.906786e-06	1.633618e-09	1.356782e+01	1.070579e+02
5.130000e-06	1.863794e-06	1.628270e-09	1.326190e+01	1.065886e+02
5.140000e-06	1.820661e-06	1.619375e-09	1.295499e+01	1.061126e+02
5.150000e-06	1.777372e-06	1.612848e-09	1.264696e+01	1.056293e+02
5.160000e-06	1.733964e-06	1.607672e-09	1.233809e+01	1.051380e+02
5.170000e-06	1.690492e-06	1.598553e-09	1.202877e+01	1.046379e+02
5.180000e-06	1.646944e-06	1.585621e-09	1.171890e+01	1.041284e+02
5.190000e-06	1.603296e-06	1.576009e-09	1.140832e+01	1.036086e+02
5.200000e-06	1.559509e-06	1.571556e-09	1.109675e+01	1.030779e+02
5.210000e-06	1.515640e-06	1.566238e-09	1.078460e+01	1.025357e+02
5.220000e-06	1.471769e-06	1.555937e-09	1.047243e+01	1.019813e+02
5.230000e-06	1.427870e-06	1.546516e-09	1.016007e+01	1.014140e+02
5.240000e-06	1.383936e-06	1.540885e-09	9.847455e+00	1.008333e+02
5.250000e-06	1.339933e-06	1.534310e-09	9.534348e+00	1.002386e+02
5.260000e-06	1.295867e-06	1.524459e-09	9.220795e+00	9.962945e+01
5.270000e-06	1.251793e-06	1.515116e-09	8.907185e+00	9.900527e+01
5.280000e-06	1.207679e-06	1.505435e-09	8.593288e+00	9.836565e+01
5.290000e-06	1.163470e-06	1.494774e-09	8.278720e+00	9.771018e+01
5.300000e-06	1.119144e-06	1.482519e-09	7.963315e+00	9.703849e+01
5.310000e-06	1.074767e-06	1.470762e-09	7.647551e+00	9.635024e+01
5.320000e-06	1.030302e-06	1.460715e-09	7.331152e+00	9.564514e+01
5.330000e-06	9.857209e-07	1.453105e-09	7.013937e+00	9.492291e+01
5.340000e-06	9.410604e-07	1.446553e-09	6.696153e+00	9.418330e+01
5.350000e-06	8.963483e-07	1.437399e-09	6.378003e+00	9.342611e+01
5.360000e-06	8.516264e-07	1.423929e-09	6.059782e+00	9.265113e+01
5.370000e-06	8.069170e-07	1.409396e-09	5.741651e+00	9.185816e+01
5.380000e-06	7.622049e-07	1.395871e-09	5.423500e+00	9.104704e+01
5.390000e-06	7.173897e-07	1.380805e-09	5.104616e+00	9.021757e+01
5.400000e-06	6.724174e-07	1.367207e-09	4.784614e+00	8.936959e+01
5.410000e-06	6.273259e-07	1.358379e-09	4.463763e+00	8.850288e+01
5.420000e-06	5.821990e-07	1.350764e-09	4.142661e+00	8.761725e+01
5.430000e-06	5.370581e-07	1.338405e-09	3.821459e+00	8.671245e+01
5.440000e-06	4.918365e-07	1.321781e-09	3.499683e+00	8.578822e+01
5.450000e-06	4.465362e-07	1.303792e-09	3.177347e+00	8.484426e+01
5.460000e-06	4.012221e-07	1.286612e-09	2.854912e+00	8.388022e+01
5.470000e-06	3.559586e-07	1.269785e-09	2.532838e+00	8.289570e+01
5.480000e-06	3.106863e-07	1.253050e-09	2.210701e+00	8.189027e+01
5.490000e-06	2.653547e-07	1.238765e-09	1.888142e+00	8.086342e+01
5.500000e-06	2.199502e-07	1.227916e-09	1.565065e+00	7.981458e+01
5.510000e-06	1.744735e-07	1.214783e-09	1.241473e+00	7.874313e+01
5.520000e-06	1.290584e-07	1.196563e-09	9.183206e-01	7.764837e+01
5.530000e-06	8.372658e-08	1.176838e-09	5.957599e-01	7.652954e+01
5.540000e-06	3.838723e-08	1.159735e-09	2.731459e-01	7.538581e+01
5.550000e-06	-6.998080e-09	1.142149e-09	-4.979512e-02	7.421629e+01
5.560000e-06	-5.238087e-08	1.123058e-09	-3.727182e-01	7.302001e+01
5.570000e-06	-9.781093e-08	1.106905e-09	-6.959777e-01	7.179594e+01
5.580000e-06	-1.433032e-07	1.093918e-09	-1.019680e+00	7.054301e+01
5.590000e-06	-1.886636e-07	1.078499e-09	-1.342444e+00	6.926006e+01
5.600000e-06	-2.338856e-07	1.058188e-09	-1.664223e+00	6.794591e+01
5.610000e-06	-2.791670e-07	1.035539e-09	-1.986424e+00	6.659933e+01
5.620000e-06	-3.245176e-07	1.014234e-09	-2.309118e+00	6.521904e+01
5.630000e-06	-3.698255e-07	9.942489e-10	-2.631508e+00	6.380376e+01
5.640000e-06	-4.151280e-07	9.727915e-10	-2.953860e+00	6.235217e+01
5.650000e-06	-4.604384e-07	9.525670e-10	-3.276268e+00	6.086295e+01
5.660000e-06	-5.056180e-07	9.349474e-10	-3.597746e+00	5.933479e+01
5.670000e-06	-5.506159e-07	9.154614e-10	-3.917930e+00	5.776638e+01
5.680000e-06	-5.955671e-07	8.911761e-10	-4.237782e+00	5.615644e+01
5.690000e-06	-6.405215e-07	8.618254e-10	-4.557657e+00	5.450373e+01
5.700000e-06	-6.853594e-07	8.312716e-10	-4.876703e+00	5.280708e+01
5.710000e-06	-7.300849e-07	8.019458e-10	-5.194949e+00	5.106535e+01
5.720000e-06	-7.747693e-07	7.749099e-10	-5.512902e+00	4.927750e+01
5.730000e-06	-8.194134e-07	7.521731e-10	-5.830569e+00	4.744257e+01
5.740000e-06	-8.640364e-07	7.327657e-10	-6.148086e+00	4.555970e+01
5.750000e-06	-9.085636e-07	7.119549e-10	-6.464922e+00	4.362813e+01
5.760000e-06	-9.529886e-07	6.828485e-10	-6.781029e+00	4.164727e+01
5.770000e-06	-9.973854e-07	6.465707e-10	-7.096936e+00	3.961661e+01
5.780000e-06	-1.041775e-06	6.080021e-10	-7.412791e+00	3.753582e+01
5.790000e-06	-1.086063e-06	5.696239e-10	-7.727929e+00	3.540471e+01
5.800000e-06	-1.130258e-06	5.323277e-10	-8.042395e+00	3.322328e+01
5.810000e-06	-1.174409e-06	4.987519e-10	-8.356557e+00	3.099166e+01
5.820000e-06	-1.218510e-06	4.717742e-10	-8.670358e+00	2.871020e+01
5.830000e-06	-1.262541e-06	4.468898e-10	-8.983658e+00	2.637941e+01
5.840000e-06	-1.306484e-06	4.178912e-10	-9.296340e+00	2.399999e+01
5.850000e-06	-1.350378e-06	3.829141e-10	-9.608668e+00	2.157285e+01
5.860000e-06	-1.394218e-06	3.434692e-10	-9.920614e+00	1.909908e+01
5.870000e-06	-1.438025e-06	3.011079e-10	-1.023233e+01	1.657995e+01
5.880000e-06	-1.481825e-06	2.559029e-10	-1.054399e+01	1.401696e+01
5.890000e-06	-1.525569e-06	2.119688e-10	-1.085525e+01	1.141177e+01
5.900000e-06	-1.569279e-06	1.736227e-10	-1.116627e+01	8.766232e+00
5.910000e-06	-1.612953e-06	1.404656e-10	-1.147703e+01	6.082396e+00
5.920000e-06	-1.656487e-06	1.080698e-10	-1.178680e+01	3.362473e+00
5.930000e-06	-1.699875e-06	6.967293e-11	-1.209553e+01	6.088480e-01
5.940000e-06	-1.743195e-06	2.399274e-11	-1.240378e+01	-2.175934e+00
5.950000e-06	-1.786464e-06	-2.476261e-11	-1.271166e+01	-4.989180e+00
5.960000e-06	-1.829554e-06	-7.307110e-11	-1.301827e+01	-7.828057e+00
5.970000e-06	-1.872473e-06	-1.200200e-10	-1.332366e+01	-1.068960e+01
5.980000e-06	-1.915285e-06	-1.655351e-10	-1.362829e+01	-1.357075e+01
5.990000e-06	-1.957972e-06	-2.099682e-10	-1.393203e+01	-1.646831e+01
6.000000e-06	-2.000436e-06	-2.548392e-10	-1.423418e+01	-1.937904e+01
6.010000e-06	-2.042703e-06	-3.005237e-10	-1.453494e+01	-2.229959e+01
6.020000e-06	-2.084922e-06	-3.477210e-10	-1.483535e+01	-2.522658e+01
6.030000e-06	-2.127050e-06	-3.972836e-10	-1.513511e+01	-2.815659e+01
6.040000e-06	-2.169045e-06	-4.480064e-10	-1.543393e+01	-3.108615e+01
6.050000e-06	-2.210918e-06	-4.957470e-10	-1.573188e+01	-3.401181e+01
6.060000e-06	-2.252568e-06	-5.406684e-10	-1.602824e+01	-3.693012e+01
6.070000e-06	-2.293965e-06	-5.854555e-10	-1.632280e+01	-3.983763e+01
6.080000e-06	-2.335188e-06	-6.295241e-10	-1.661613e+01	-4.273096e+01
6.090000e-06	-2.376256e-06	-6.741756e-10	-1.690835e+01	-4.560677e+01
6.100000e-06	-2.417099e-06	-7.215921e-10	-1.719896e+01	-4.846179e+01
6.110000e-06	-2.457752e-06	-7.701346e-10	-1.748823e+01	-5.129282e+01
6.120000e-06	-2.498272e-06	-8.186019e-10	-1.777656e+01	-5.409677e+01
6.130000e-06	-2.538637e-06	-8.662713e-10	-1.806377e+01	-5.687065e+01
6.140000e-06	-2.578861e-06	-9.088071e-10	-1.834999e+01	-5.961158e+01
6.150000e-06	-2.619022e-06	-9.469975e-10	-1.863576e+01	-6.231684e+01
6.160000e-06	-2.659067e-06	-9.882690e-10	-1.892070e+01	-6.498381e+01
6.170000e-06	-2.698997e-06	-1.032990e-09	-1.920482e+01	-6.761003e+01
6.180000e-06	-2.738879e-06	-1.075165e-09	-1.948860e+01	-7.019322e+01
6.190000e-06	-2.778659e-06	-1.113897e-09	-1.977166e+01	-7.273121e+01
6.200000e-06	-2.818246e-06	-1.152103e-09	-2.005335e+01	-7.522204e+01
6.210000e-06	-2.857581e-06	-1.190389e-09	-2.033323e+01	-7.766389e+01
6.220000e-06	-2.896775e-06	-1.226165e-09	-2.061212e+01	-8.005514e+01
6.230000e-06	-2.935734e-06	-1.256875e-09	-2.088933e+01	-8.239431e+01
6.240000e-06	-2.974340e-06	-1.287753e-09	-2.116404e+01	-8.468012e+01
6.250000e-06	-3.012537e-06	-1.323739e-09	-2.143583e+01	-8.691145e+01
6.260000e-06	-3.050382e-06	-1.361965e-09	-2.170511e+01	-8.908735e+01
6.270000e-06	-3.087892e-06	-1.396774e-09	-2.197202e+01	-9.120705e+01
6.280000e-06	-3.125019e-06	-1.426122e-09	-2.223620e+01	-9.326993e+01
6.290000e-06	-3.161774e-06	-1.454392e-09	-2.249773e+01	-9.527555e+01
6.300000e-06	-3.198198e-06	-1.482364e-09	-2.275691e+01	-9.722361e+01
6.310000e-06	-3.234417e-06	-1.507742e-09	-2.301463e+01	-9.911396e+01
6.320000e-06	-3.270464e-06	-1.531721e-09	-2.327112e+01	-1.009466e+02
6.330000e-06	-3.306436e-06	-1.557979e-09	-2.352708e+01	-1.027217e+02
6.340000e-06	-3.342297e-06	-1.588321e-09	-2.378225e+01	-1.044394e+02
6.350000e-06	-3.378017e-06	-1.617402e-09	-2.403642e+01	-1.061003e+02
6.360000e-06	-3.413550e-06	-1.640997e-09	-2.428926e+01	-1.077047e+02
6.370000e-06	-3.448812e-06	-1.660781e-09	-2.454016e+01	-1.092533e+02
6.380000e-06	-3.483833e-06	-1.677895e-09	-2.478936e+01	-1.107467e+02
6.390000e-06	-3.518655e-06	-1.692391e-09	-2.503713e+01	-1.121858e+02
6.400000e-06	-3.553301e-06	-1.706571e-09	-2.528366e+01	-1.135714e+02
6.410000e-06	-3.587727e-06	-1.724621e-09	-2.552862e+01	-1.149045e+02
6.420000e-06	-3.621863e-06	-1.746721e-09	-2.577151e+01	-1.161861e+02
6.430000e-06	-3.655681e-06	-1.769468e-09	-2.601215e+01	-1.174171e+02
6.440000e-06	-3.689250e-06	-1.786755e-09	-2.625101e+01	-1.185988e+02
6.450000e-06	-3.722566e-06	-1.800474e-09	-2.648807e+01	-1.197322e+02
6.460000e-06	-3.755581e-06	-1.814832e-09	-2.672299e+01	-1.208186e+02
6.470000e-06	-3.788280e-06	-1.828153e-09	-2.695566e+01	-1.218591e+02
6.480000e-06	-3.820647e-06	-1.843210e-09	-2.718597e+01	-1.228550e+02
6.490000e-06	-3.852792e-06	-1.861004e-09	-2.741470e+01	-1.238075e+02
6.500000e-06	-3.884763e-06	-1.879226e-09	-2.764219e+01	-1.247179e+02
6.510000e-06	-3.916556e-06	-1.893792e-09	-2.786841e+01	-1.255875e+02
6.520000e-06	-3.948237e-06	-1.903988e-09	-2.809384e+01	-1.264174e+02
6.530000e-06	-3.979712e-06	-1.912584e-09	-2.831781e+01	-1.272091e+02
6.540000e-06	-4.010874e-06	-1.921739e-09	-2.853954e+01	-1.279637e+02
6.550000e-06	-4.041657e-06	-1.931859e-09	-2.875857e+01	-1.286825e+02
6.560000e-06	-4.071984e-06	-1.944430e-09	-2.897436e+01	-1.293667e+02
6.570000e-06	-4.101752e-06	-1.958056e-09	-2.918618e+01	-1.300177e+02
6.580000e-06	-4.130992e-06	-1.969365e-09	-2.939424e+01	-1.306366e+02
6.590000e-06	-4.159864e-06	-1.977596e-09	-2.959968e+01	-1.312246e+02
6.600000e-06	-4.188418e-06	-1.984430e-09	-2.980286e+01	-1.317830e+02
6.610000e-06	-4.216663e-06	-1.989981e-09	-3.000384e+01	-1.323130e+02
6.620000e-06	-4.244631e-06	-1.995024e-09	-3.020284e+01	-1.328156e+02
6.630000e-06	-4.272447e-06	-2.004266e-09	-3.040077e+01	-1.332922e+02
6.640000e-06	-4.300175e-06	-2.016521e-09	-3.059807e+01	-1.337438e+02
6.650000e-06	-4.327726e-06	-2.026820e-09	-3.079411e+01	-1.341715e+02
6.660000e-06	-4.354968e-06	-2.034389e-09	-3.098796e+01	-1.345765e+02
6.670000e-06	-4.381866e-06	-2.040439e-09	-3.117934e+01	-1.349599e+02
6.680000e-06	-4.408391e-06	-2.045321e-09	-3.136809e+01	-1.353227e+02
6.690000e-06	-4.434549e-06	-2.049385e-09	-3.155421e+01	-1.356661e+02
6.700000e-06	-4.460410e-06	-2.053385e-09	-3.173823e+01	-1.359909e+02
6.710000e-06	-4.486006e-06	-2.058936e-09	-3.192036e+01	-1.362983e+02
6.720000e-06	-4.511294e-06	-2.066004e-09	-3.210030e+01	-1.365893e+02
6.730000e-06	-4.536205e-06	-2.072322e-09	-3.227755e+01	-1.368648e+02
6.740000e-06	-4.560781e-06	-2.077086e-09	-3.245242e+01	-1.371257e+02
6.750000e-06	-4.585086e-06	-2.082667e-09	-3.262537e+01	-1.373731e+02
6.760000e-06	-4.609152e-06	-2.087825e-09	-3.279661e+01	-1.376078e+02
6.770000e-06	-4.633071e-06	-2.091941e-09	-3.296681e+01	-1.378306e+02
6.780000e-06	-4.656791e-06	-2.096567e-09	-3.313558e+01	-1.380424e+02
6.790000e-06	-4.680173e-06	-2.102672e-09	-3.330196e+01	-1.382440e+02
6.800000e-06	-4.703114e-06	-2.108448e-09	-3.346520e+01	-1.384362e+02
6.810000e-06	-4.725584e-06	-2.111604e-09	-3.362509e+01	-1.386196e+02
6.820000e-06	-4.747629e-06	-2.112257e-09	-3.378195e+01	-1.387950e+02
6.830000e-06	-4.769099e-06	-2.113197e-09	-3.393472e+01	-1.389630e+02
6.840000e-06	-4.789996e-06	-2.115629e-09	-3.408341e+01	-1.391242e+02
6.850000e-06	-4.810450e-06	-2.117527e-09	-3.422896e+01	-1.392792e+02
6.860000e-06	-4.830576e-06	-2.119003e-09	-3.437216e+01	-1.394284e+02
6.870000e-06	-4.850550e-06	-2.122022e-09	-3.451429e+01	-1.395723e+02
6.880000e-06	-4.870357e-06	-2.125129e-09	-3.465522e+01	-1.397113e+02
6.890000e-06	-4.889931e-06	-2.125865e-09	-3.479450e+01	-1.398456e+02
6.900000e-06	-4.909208e-06	-2.126399e-09	-3.493167e+01	-1.399757e+02
6.910000e-06	-4.928059e-06	-2.129922e-09	-3.506580e+01	-1.401017e+02
6.920000e-06	-4.946465e-06	-2.135616e-09	-3.519678e+01	-1.402238e+02
6.930000e-06	-4.964556e-06	-2.139753e-09	-3.532550e+01	-1.403421e+02
6.940000e-06	-4.982397e-06	-2.140556e-09	-3.545245e+01	-1.404567e+02
6.950000e-06	-5.000010e-06	-2.141380e-09	-3.557777e+01	-1.405676e+02
6.960000e-06	-5.017337e-06	-2.142711e-09	-3.570106e+01	-1.406746e+02
6.970000e-06	-5.034268e-06	-2.143496e-09	-3.582154e+01	-1.407778e+02
6.980000e-06	-5.050836e-06	-2.141607e-09	-3.593943e+01	-1.408770e+02
6.990000e-06	-5.067087e-06	-2.138034e-09	-3.605506e+01	-1.409720e+02
7.000000e-06	-5.083134e-06	-2.138633e-09	-3.616925e+01	-1.410626e+02
7.010000e-06	-5.099014e-06	-2.142074e-09	-3.628224e+01	-1.411484e+02
7.020000e-06	-5.114587e-06	-2.146781e-09	-3.639306e+01	-1.412293e+02
7.030000e-06	-5.129628e-06	-2.149363e-09	-3.650008e+01	-1.413049e+02
7.040000e-06	-5.143996e-06	-2.149621e-09	-3.660232e+01	-1.413748e+02
7.050000e-06	-5.157653e-06	-2.146785e-09	-3.669949e+01	-1.414386e+02
7.060000e-06	-5.170701e-06	-2.139667e-09	-3.679234e+01	-1.414961e+02
7.070000e-06	-5.183299e-06	-2.131808e-09	-3.688197e+01	-1.415469e+02
7.080000e-06	-5.195575e-06	-2.127075e-09	-3.696932e+01	-1.415905e+02
7.090000e-06	-5.207643e-06	-2.129382e-09	-3.705519e+01	-1.416267e+02
7.100000e-06	-5.219332e-06	-2.137389e-09	-3.713837e+01	-1.416550e+02
7.110000e-06	-5.230541e-06	-2.144910e-09	-3.721813e+01	-1.416752e+02
7.120000e-06	-5.241313e-06	-2.149591e-09	-3.729478e+01	-1.416869e+02
7.130000e-06	-5.251709e-06	-2.149581e-09	-3.736875e+01	-1.416899e+02
7.140000e-06	-5.261813e-06	-2.142336e-09	-3.744064e+01	-1.416841e+02
7.150000e-06	-5.271654e-06	-2.129480e-09	-3.751067e+01	-1.416691e+02
7.160000e-06	-5.281154e-06	-2.119084e-09	-3.757827e+01	-1.416450e+02
7.170000e-06	-5.290144e-06	-2.117234e-09	-3.764223e+01	-1.416116e+02
7.180000e-06	-5.298743e-06	-2.122182e-09	-3.770342e+01	-1.415689e+02
7.190000e-06	-5.307063e-06	-2.126745e-09	-3.776262e+01	-1.415170e+02
7.200000e-06	-5.315089e-06	-2.129391e-09	-3.781973e+01	-1.414560e+02
7.210000e-06	-5.322975e-06	-2.132568e-09	-3.787585e+01	-1.413862e+02
7.220000e-06	-5.330707e-06	-2.132941e-09	-3.793086e+01	-1.413077e+02
7.230000e-06	-5.338054e-06	-2.126975e-09	-3.798314e+01	-1.412210e+02
7.240000e-06	-5.344855e-06	-2.116935e-09	-3.803153e+01	-1.411263e+02
7.250000e-06	-5.351053e-06	-2.112093e-09	-3.807563e+01	-1.410243e+02
7.260000e-06	-5.356655e-06	-2.112467e-09	-3.811549e+01	-1.409154e+02
7.270000e-06	-5.361612e-06	-2.113296e-09	-3.815077e+01	-1.408002e+02
7.280000e-06	-5.366059e-06	-2.113441e-09	-3.818241e+01	-1.406794e+02
7.290000e-06	-5.370232e-06	-2.114119e-09	-3.821210e+01	-1.405538e+02
7.300000e-06	-5.374189e-06	-2.114082e-09	-3.824026e+01	-1.404241e+02
7.310000e-06	-5.377944e-06	-2.109470e-09	-3.826698e+01	-1.402912e+02
7.320000e-06	-5.381383e-06	-2.102100e-09	-3.829145e+01	-1.401558e+02
7.330000e-06	-5.384425e-06	-2.098184e-09	-3.831310e+01	-1.400190e+02
7.340000e-06	-5.387063e-06	-2.099524e-09	-3.833186e+01	-1.398816e+02
7.350000e-06	-5.389290e-06	-2.102936e-09	-3.834771e+01	-1.397446e+02
7.360000e-06	-5.391219e-06	-2.103311e-09	-3.836144e+01	-1.396089e+02
7.370000e-06	-5.392906e-06	-2.098924e-09	-3.837344e+01	-1.394755e+02
7.380000e-06	-5.394114e-06	-2.092642e-09	-3.838204e+01	-1.393454e+02
7.390000e-06	-5.394841e-06	-2.088987e-09	-3.838721e+01	-1.392194e+02
7.400000e-06	-5.395311e-06	-2.086234e-09	-3.839056e+01	-1.390985e+02
