# Temperatura_=_-2.48
# Concentracion g/m^3_=_4090.0
# C_Vs_to_Am_M_A/Vsm_=_65563218390.804596
# pendiente_HvsI_1/m_=_3716.3
# ordenada_HvsI_A/m_=_1297.0
# frecuencia_Hz_=_135068.11192433423

Tiempo_(s)	Campo_(V.s)	Magnetizacion_(V.s)	Campo_(kA/m)	Magnetizacion_(A/m)
0.000000e+00	-5.407463e-06	-1.831515e-09	-3.839401e+01	-1.221232e+02
1.000000e-08	-5.407560e-06	-1.823799e-09	-3.839469e+01	-1.220437e+02
2.000000e-08	-5.407509e-06	-1.815748e-09	-3.839433e+01	-1.219647e+02
3.000000e-08	-5.407268e-06	-1.810250e-09	-3.839262e+01	-1.218865e+02
4.000000e-08	-5.406654e-06	-1.808862e-09	-3.838826e+01	-1.218097e+02
5.000000e-08	-5.405444e-06	-1.809882e-09	-3.837967e+01	-1.217346e+02
6.000000e-08	-5.403492e-06	-1.808603e-09	-3.836581e+01	-1.216616e+02
7.000000e-08	-5.400841e-06	-1.810480e-09	-3.834699e+01	-1.215910e+02
8.000000e-08	-5.397629e-06	-1.826832e-09	-3.832418e+01	-1.215232e+02
9.000000e-08	-5.393916e-06	-1.837220e-09	-3.829782e+01	-1.214585e+02
1.000000e-07	-5.389740e-06	-1.817017e-09	-3.826817e+01	-1.213969e+02
1.100000e-07	-5.385280e-06	-1.809661e-09	-3.823650e+01	-1.213388e+02
1.200000e-07	-5.380814e-06	-1.823299e-09	-3.820479e+01	-1.212841e+02
1.300000e-07	-5.376162e-06	-1.816887e-09	-3.817177e+01	-1.212330e+02
1.400000e-07	-5.370986e-06	-1.803968e-09	-3.813501e+01	-1.211854e+02
1.500000e-07	-5.365411e-06	-1.790494e-09	-3.809543e+01	-1.211414e+02
1.600000e-07	-5.359604e-06	-1.819855e-09	-3.805420e+01	-1.211007e+02
1.700000e-07	-5.353416e-06	-1.797147e-09	-3.801026e+01	-1.210632e+02
1.800000e-07	-5.346716e-06	-1.782544e-09	-3.796269e+01	-1.210286e+02
1.900000e-07	-5.339641e-06	-1.808698e-09	-3.791245e+01	-1.209968e+02
2.000000e-07	-5.332362e-06	-1.852773e-09	-3.786077e+01	-1.209673e+02
2.100000e-07	-5.324781e-06	-1.829101e-09	-3.780695e+01	-1.209398e+02
2.200000e-07	-5.316857e-06	-1.803516e-09	-3.775068e+01	-1.209139e+02
2.300000e-07	-5.308711e-06	-1.847138e-09	-3.769285e+01	-1.208891e+02
2.400000e-07	-5.300340e-06	-1.879596e-09	-3.763341e+01	-1.208648e+02
2.500000e-07	-5.291428e-06	-1.865457e-09	-3.757013e+01	-1.208407e+02
2.600000e-07	-5.281717e-06	-1.864306e-09	-3.750118e+01	-1.208160e+02
2.700000e-07	-5.271372e-06	-1.905889e-09	-3.742773e+01	-1.207902e+02
2.800000e-07	-5.260528e-06	-1.881205e-09	-3.735074e+01	-1.207627e+02
2.900000e-07	-5.249151e-06	-1.832400e-09	-3.726996e+01	-1.207329e+02
3.000000e-07	-5.237312e-06	-1.836780e-09	-3.718590e+01	-1.207002e+02
3.100000e-07	-5.225146e-06	-1.872096e-09	-3.709952e+01	-1.206639e+02
3.200000e-07	-5.212656e-06	-1.847511e-09	-3.701084e+01	-1.206235e+02
3.300000e-07	-5.199799e-06	-1.843645e-09	-3.691955e+01	-1.205782e+02
3.400000e-07	-5.186524e-06	-1.870602e-09	-3.682530e+01	-1.205277e+02
3.500000e-07	-5.172828e-06	-1.879575e-09	-3.672805e+01	-1.204711e+02
3.600000e-07	-5.158823e-06	-1.853314e-09	-3.662861e+01	-1.204082e+02
3.700000e-07	-5.144400e-06	-1.856038e-09	-3.652621e+01	-1.203382e+02
3.800000e-07	-5.129404e-06	-1.839062e-09	-3.641973e+01	-1.202609e+02
3.900000e-07	-5.113804e-06	-1.818695e-09	-3.630897e+01	-1.201756e+02
4.000000e-07	-5.097649e-06	-1.832876e-09	-3.619427e+01	-1.200821e+02
4.100000e-07	-5.081031e-06	-1.861622e-09	-3.607627e+01	-1.199801e+02
4.200000e-07	-5.063988e-06	-1.842776e-09	-3.595527e+01	-1.198692e+02
4.300000e-07	-5.046686e-06	-1.838357e-09	-3.583242e+01	-1.197492e+02
4.400000e-07	-5.029172e-06	-1.860867e-09	-3.570807e+01	-1.196199e+02
4.500000e-07	-5.011392e-06	-1.849993e-09	-3.558183e+01	-1.194813e+02
4.600000e-07	-4.993294e-06	-1.818551e-09	-3.545333e+01	-1.193332e+02
4.700000e-07	-4.974846e-06	-1.820457e-09	-3.532235e+01	-1.191757e+02
4.800000e-07	-4.956006e-06	-1.830864e-09	-3.518858e+01	-1.190088e+02
4.900000e-07	-4.936731e-06	-1.821254e-09	-3.505172e+01	-1.188327e+02
5.000000e-07	-4.917070e-06	-1.815193e-09	-3.491212e+01	-1.186474e+02
5.100000e-07	-4.897205e-06	-1.807754e-09	-3.477108e+01	-1.184532e+02
5.200000e-07	-4.877254e-06	-1.806586e-09	-3.462942e+01	-1.182503e+02
5.300000e-07	-4.857043e-06	-1.816099e-09	-3.448592e+01	-1.180391e+02
5.400000e-07	-4.836481e-06	-1.823434e-09	-3.433993e+01	-1.178200e+02
5.500000e-07	-4.815579e-06	-1.810886e-09	-3.419152e+01	-1.175931e+02
5.600000e-07	-4.794277e-06	-1.813278e-09	-3.404027e+01	-1.173591e+02
5.700000e-07	-4.772663e-06	-1.815313e-09	-3.388680e+01	-1.171184e+02
5.800000e-07	-4.750830e-06	-1.798987e-09	-3.373179e+01	-1.168713e+02
5.900000e-07	-4.728717e-06	-1.772749e-09	-3.357478e+01	-1.166184e+02
6.000000e-07	-4.706144e-06	-1.768689e-09	-3.341451e+01	-1.163602e+02
6.100000e-07	-4.683109e-06	-1.776332e-09	-3.325095e+01	-1.160972e+02
6.200000e-07	-4.659769e-06	-1.789151e-09	-3.308524e+01	-1.158299e+02
6.300000e-07	-4.636168e-06	-1.791111e-09	-3.291766e+01	-1.155587e+02
6.400000e-07	-4.612376e-06	-1.790734e-09	-3.274874e+01	-1.152842e+02
6.500000e-07	-4.588382e-06	-1.789896e-09	-3.257838e+01	-1.150069e+02
6.600000e-07	-4.564183e-06	-1.786711e-09	-3.240656e+01	-1.147271e+02
6.700000e-07	-4.539732e-06	-1.766921e-09	-3.223295e+01	-1.144455e+02
6.800000e-07	-4.514935e-06	-1.750135e-09	-3.205689e+01	-1.141622e+02
6.900000e-07	-4.489625e-06	-1.745538e-09	-3.187718e+01	-1.138778e+02
7.000000e-07	-4.463662e-06	-1.752616e-09	-3.169284e+01	-1.135925e+02
7.100000e-07	-4.437171e-06	-1.756255e-09	-3.150475e+01	-1.133068e+02
7.200000e-07	-4.410242e-06	-1.755958e-09	-3.131355e+01	-1.130207e+02
7.300000e-07	-4.382887e-06	-1.753145e-09	-3.111932e+01	-1.127346e+02
7.400000e-07	-4.355214e-06	-1.749648e-09	-3.092284e+01	-1.124486e+02
7.500000e-07	-4.327369e-06	-1.739475e-09	-3.072513e+01	-1.121629e+02
7.600000e-07	-4.299388e-06	-1.723747e-09	-3.052647e+01	-1.118776e+02
7.700000e-07	-4.271247e-06	-1.715232e-09	-3.032666e+01	-1.115926e+02
7.800000e-07	-4.242922e-06	-1.714537e-09	-3.012554e+01	-1.113081e+02
7.900000e-07	-4.214360e-06	-1.713652e-09	-2.992275e+01	-1.110239e+02
8.000000e-07	-4.185368e-06	-1.708900e-09	-2.971690e+01	-1.107399e+02
8.100000e-07	-4.155956e-06	-1.705103e-09	-2.950807e+01	-1.104561e+02
8.200000e-07	-4.126283e-06	-1.701971e-09	-2.929739e+01	-1.101723e+02
8.300000e-07	-4.096382e-06	-1.699296e-09	-2.908508e+01	-1.098882e+02
8.400000e-07	-4.066274e-06	-1.691104e-09	-2.887131e+01	-1.096037e+02
8.500000e-07	-4.035875e-06	-1.684271e-09	-2.865547e+01	-1.093185e+02
8.600000e-07	-4.005135e-06	-1.680414e-09	-2.843721e+01	-1.090323e+02
8.700000e-07	-3.974109e-06	-1.679589e-09	-2.821692e+01	-1.087448e+02
8.800000e-07	-3.942815e-06	-1.672343e-09	-2.799473e+01	-1.084557e+02
8.900000e-07	-3.911316e-06	-1.661741e-09	-2.777108e+01	-1.081646e+02
9.000000e-07	-3.879672e-06	-1.651584e-09	-2.754640e+01	-1.078713e+02
9.100000e-07	-3.847823e-06	-1.647476e-09	-2.732026e+01	-1.075753e+02
9.200000e-07	-3.815787e-06	-1.642922e-09	-2.709281e+01	-1.072764e+02
9.300000e-07	-3.783584e-06	-1.640279e-09	-2.686416e+01	-1.069742e+02
9.400000e-07	-3.751161e-06	-1.640178e-09	-2.663395e+01	-1.066684e+02
9.500000e-07	-3.718499e-06	-1.641300e-09	-2.640204e+01	-1.063587e+02
9.600000e-07	-3.685456e-06	-1.634854e-09	-2.616743e+01	-1.060447e+02
9.700000e-07	-3.651922e-06	-1.622175e-09	-2.592933e+01	-1.057263e+02
9.800000e-07	-3.617861e-06	-1.606873e-09	-2.568749e+01	-1.054031e+02
9.900000e-07	-3.583369e-06	-1.594964e-09	-2.544260e+01	-1.050749e+02
1.000000e-06	-3.548611e-06	-1.587117e-09	-2.519580e+01	-1.047416e+02
1.010000e-06	-3.513565e-06	-1.585456e-09	-2.494697e+01	-1.044029e+02
1.020000e-06	-3.478215e-06	-1.588014e-09	-2.469598e+01	-1.040587e+02
1.030000e-06	-3.442572e-06	-1.591647e-09	-2.444291e+01	-1.037090e+02
1.040000e-06	-3.406736e-06	-1.589306e-09	-2.418847e+01	-1.033536e+02
1.050000e-06	-3.370848e-06	-1.580454e-09	-2.393366e+01	-1.029924e+02
1.060000e-06	-3.334828e-06	-1.568803e-09	-2.367791e+01	-1.026255e+02
1.070000e-06	-3.298584e-06	-1.555561e-09	-2.342056e+01	-1.022530e+02
1.080000e-06	-3.262238e-06	-1.544309e-09	-2.316251e+01	-1.018747e+02
1.090000e-06	-3.225678e-06	-1.539462e-09	-2.290292e+01	-1.014908e+02
1.100000e-06	-3.188710e-06	-1.541136e-09	-2.264044e+01	-1.011015e+02
1.110000e-06	-3.151434e-06	-1.543728e-09	-2.237578e+01	-1.007068e+02
1.120000e-06	-3.113936e-06	-1.543220e-09	-2.210953e+01	-1.003068e+02
1.130000e-06	-3.076284e-06	-1.535711e-09	-2.184219e+01	-9.990174e+01
1.140000e-06	-3.038445e-06	-1.524615e-09	-2.157353e+01	-9.949178e+01
1.150000e-06	-3.000385e-06	-1.514387e-09	-2.130330e+01	-9.907709e+01
1.160000e-06	-2.962113e-06	-1.505644e-09	-2.103156e+01	-9.865787e+01
1.170000e-06	-2.923654e-06	-1.495237e-09	-2.075849e+01	-9.823429e+01
1.180000e-06	-2.885019e-06	-1.486457e-09	-2.048418e+01	-9.780656e+01
1.190000e-06	-2.846126e-06	-1.479491e-09	-2.020803e+01	-9.737485e+01
1.200000e-06	-2.806977e-06	-1.477139e-09	-1.993006e+01	-9.693935e+01
1.210000e-06	-2.767702e-06	-1.475039e-09	-1.965120e+01	-9.650023e+01
1.220000e-06	-2.728286e-06	-1.474578e-09	-1.937135e+01	-9.605763e+01
1.230000e-06	-2.688654e-06	-1.472857e-09	-1.908995e+01	-9.561170e+01
1.240000e-06	-2.648877e-06	-1.466485e-09	-1.880753e+01	-9.516254e+01
1.250000e-06	-2.609016e-06	-1.454877e-09	-1.852451e+01	-9.471024e+01
1.260000e-06	-2.569072e-06	-1.442022e-09	-1.824090e+01	-9.425487e+01
1.270000e-06	-2.529009e-06	-1.429601e-09	-1.795644e+01	-9.379647e+01
1.280000e-06	-2.488826e-06	-1.420014e-09	-1.767114e+01	-9.333504e+01
1.290000e-06	-2.448570e-06	-1.413562e-09	-1.738531e+01	-9.287055e+01
1.300000e-06	-2.408178e-06	-1.408257e-09	-1.709852e+01	-9.240296e+01
1.310000e-06	-2.367579e-06	-1.401708e-09	-1.681025e+01	-9.193217e+01
1.320000e-06	-2.326742e-06	-1.395587e-09	-1.652031e+01	-9.145806e+01
1.330000e-06	-2.285625e-06	-1.388610e-09	-1.622837e+01	-9.098047e+01
1.340000e-06	-2.244167e-06	-1.380523e-09	-1.593401e+01	-9.049923e+01
1.350000e-06	-2.202389e-06	-1.371063e-09	-1.563737e+01	-9.001411e+01
1.360000e-06	-2.160415e-06	-1.361090e-09	-1.533935e+01	-8.952488e+01
1.370000e-06	-2.118194e-06	-1.351477e-09	-1.503958e+01	-8.903126e+01
1.380000e-06	-2.075603e-06	-1.341017e-09	-1.473717e+01	-8.853295e+01
1.390000e-06	-2.032776e-06	-1.331115e-09	-1.443309e+01	-8.802964e+01
1.400000e-06	-1.989880e-06	-1.322614e-09	-1.412852e+01	-8.752098e+01
1.410000e-06	-1.946839e-06	-1.315901e-09	-1.382293e+01	-8.700663e+01
1.420000e-06	-1.903561e-06	-1.307839e-09	-1.351564e+01	-8.648621e+01
1.430000e-06	-1.860098e-06	-1.300127e-09	-1.320704e+01	-8.595933e+01
1.440000e-06	-1.816548e-06	-1.292939e-09	-1.289784e+01	-8.542562e+01
1.450000e-06	-1.772955e-06	-1.284665e-09	-1.258832e+01	-8.488467e+01
1.460000e-06	-1.729259e-06	-1.273483e-09	-1.227806e+01	-8.433610e+01
1.470000e-06	-1.685444e-06	-1.261470e-09	-1.196697e+01	-8.377951e+01
1.480000e-06	-1.641540e-06	-1.250649e-09	-1.165524e+01	-8.321450e+01
1.490000e-06	-1.597550e-06	-1.242321e-09	-1.134291e+01	-8.264071e+01
1.500000e-06	-1.553545e-06	-1.235297e-09	-1.103046e+01	-8.205776e+01
1.510000e-06	-1.509502e-06	-1.230648e-09	-1.071775e+01	-8.146529e+01
1.520000e-06	-1.465300e-06	-1.224950e-09	-1.040391e+01	-8.086296e+01
1.530000e-06	-1.420997e-06	-1.216515e-09	-1.008935e+01	-8.025046e+01
1.540000e-06	-1.376687e-06	-1.205570e-09	-9.774739e+00	-7.962746e+01
1.550000e-06	-1.332317e-06	-1.192966e-09	-9.459704e+00	-7.899369e+01
1.560000e-06	-1.287847e-06	-1.180296e-09	-9.143959e+00	-7.834888e+01
1.570000e-06	-1.243291e-06	-1.171403e-09	-8.827600e+00	-7.769278e+01
1.580000e-06	-1.198698e-06	-1.163529e-09	-8.510984e+00	-7.702517e+01
1.590000e-06	-1.154027e-06	-1.155890e-09	-8.193810e+00	-7.634585e+01
1.600000e-06	-1.109237e-06	-1.147587e-09	-7.875788e+00	-7.565462e+01
1.610000e-06	-1.064343e-06	-1.137564e-09	-7.557036e+00	-7.495133e+01
1.620000e-06	-1.019342e-06	-1.126295e-09	-7.237518e+00	-7.423581e+01
1.630000e-06	-9.741976e-07	-1.114115e-09	-6.916986e+00	-7.350794e+01
1.640000e-06	-9.289338e-07	-1.101898e-09	-6.595605e+00	-7.276758e+01
1.650000e-06	-8.836055e-07	-1.091203e-09	-6.273765e+00	-7.201462e+01
1.660000e-06	-8.382113e-07	-1.081012e-09	-5.951458e+00	-7.124895e+01
1.670000e-06	-7.927421e-07	-1.070875e-09	-5.628618e+00	-7.047046e+01
1.680000e-06	-7.472167e-07	-1.060057e-09	-5.305379e+00	-6.967904e+01
1.690000e-06	-7.016733e-07	-1.047206e-09	-4.982012e+00	-6.887458e+01
1.700000e-06	-6.560821e-07	-1.033285e-09	-4.658307e+00	-6.805696e+01
1.710000e-06	-6.104278e-07	-1.020552e-09	-4.334152e+00	-6.722604e+01
1.720000e-06	-5.647354e-07	-1.010152e-09	-4.009728e+00	-6.638167e+01
1.730000e-06	-5.190210e-07	-9.998336e-10	-3.685147e+00	-6.552369e+01
1.740000e-06	-4.733514e-07	-9.892972e-10	-3.360884e+00	-6.465190e+01
1.750000e-06	-4.276902e-07	-9.775908e-10	-3.036681e+00	-6.376608e+01
1.760000e-06	-3.819079e-07	-9.635576e-10	-2.711618e+00	-6.286599e+01
1.770000e-06	-3.360725e-07	-9.455081e-10	-2.386178e+00	-6.195135e+01
1.780000e-06	-2.902496e-07	-9.286283e-10	-2.060827e+00	-6.102184e+01
1.790000e-06	-2.444311e-07	-9.146091e-10	-1.735507e+00	-6.007710e+01
1.800000e-06	-1.986003e-07	-9.023713e-10	-1.410099e+00	-5.911676e+01
1.810000e-06	-1.527191e-07	-8.887092e-10	-1.084335e+00	-5.814037e+01
1.820000e-06	-1.068211e-07	-8.749668e-10	-7.584498e-01	-5.714747e+01
1.830000e-06	-6.090468e-08	-8.606254e-10	-4.324347e-01	-5.613755e+01
1.840000e-06	-1.498108e-08	-8.440225e-10	-1.063685e-01	-5.511005e+01
1.850000e-06	3.085716e-08	-8.258357e-10	2.190917e-01	-5.406437e+01
1.860000e-06	7.661384e-08	-8.096405e-10	5.439727e-01	-5.299990e+01
1.870000e-06	1.224062e-07	-7.974461e-10	8.691068e-01	-5.191597e+01
1.880000e-06	1.682028e-07	-7.864588e-10	1.194272e+00	-5.081187e+01
1.890000e-06	2.139726e-07	-7.731355e-10	1.519246e+00	-4.968688e+01
1.900000e-06	2.597806e-07	-7.547055e-10	1.844491e+00	-4.854025e+01
1.910000e-06	3.055956e-07	-7.324285e-10	2.169786e+00	-4.737121e+01
1.920000e-06	3.514282e-07	-7.097006e-10	2.495206e+00	-4.617896e+01
1.930000e-06	3.971704e-07	-6.864147e-10	2.819984e+00	-4.496271e+01
1.940000e-06	4.428051e-07	-6.630954e-10	3.143999e+00	-4.372166e+01
1.950000e-06	4.884470e-07	-6.430429e-10	3.468066e+00	-4.245501e+01
1.960000e-06	5.340946e-07	-6.271323e-10	3.792172e+00	-4.116196e+01
1.970000e-06	5.796720e-07	-6.118694e-10	4.115780e+00	-3.984175e+01
1.980000e-06	6.251025e-07	-5.927339e-10	4.438345e+00	-3.849361e+01
1.990000e-06	6.704786e-07	-5.679640e-10	4.760524e+00	-3.711685e+01
2.000000e-06	7.159068e-07	-5.391646e-10	5.083073e+00	-3.571076e+01
2.010000e-06	7.613279e-07	-5.108066e-10	5.405571e+00	-3.427474e+01
2.020000e-06	8.067390e-07	-4.849238e-10	5.727999e+00	-3.280818e+01
2.030000e-06	8.521329e-07	-4.600384e-10	6.050304e+00	-3.131059e+01
2.040000e-06	8.974712e-07	-4.356095e-10	6.372215e+00	-2.978151e+01
2.050000e-06	9.426875e-07	-4.140021e-10	6.693259e+00	-2.822057e+01
2.060000e-06	9.877276e-07	-3.923311e-10	7.013052e+00	-2.662750e+01
2.070000e-06	1.032729e-06	-3.666365e-10	7.332567e+00	-2.500208e+01
2.080000e-06	1.077662e-06	-3.368628e-10	7.651602e+00	-2.334422e+01
2.090000e-06	1.122467e-06	-3.068017e-10	7.969728e+00	-2.165392e+01
2.100000e-06	1.167157e-06	-2.778554e-10	8.287031e+00	-1.993128e+01
2.110000e-06	1.211778e-06	-2.488343e-10	8.603849e+00	-1.817651e+01
2.120000e-06	1.256378e-06	-2.202724e-10	8.920523e+00	-1.638996e+01
2.130000e-06	1.300922e-06	-1.944644e-10	9.236790e+00	-1.457205e+01
2.140000e-06	1.345363e-06	-1.715267e-10	9.552327e+00	-1.272335e+01
2.150000e-06	1.389693e-06	-1.484888e-10	9.867079e+00	-1.084454e+01
2.160000e-06	1.433921e-06	-1.223663e-10	1.018111e+01	-8.936422e+00
2.170000e-06	1.478058e-06	-9.217545e-11	1.049449e+01	-6.999914e+00
2.180000e-06	1.522161e-06	-5.974328e-11	1.080763e+01	-5.036052e+00
2.190000e-06	1.566191e-06	-2.879814e-11	1.112025e+01	-3.045988e+00
2.200000e-06	1.610149e-06	1.268655e-12	1.143236e+01	-1.030986e+00
2.210000e-06	1.654043e-06	3.163630e-11	1.174402e+01	1.007580e+00
2.220000e-06	1.697882e-06	6.183736e-11	1.205528e+01	3.068234e+00
2.230000e-06	1.741698e-06	9.225528e-11	1.236638e+01	5.149398e+00
2.240000e-06	1.785482e-06	1.238366e-10	1.267726e+01	7.249403e+00
2.250000e-06	1.829161e-06	1.577842e-10	1.298739e+01	9.366493e+00
2.260000e-06	1.872694e-06	1.920344e-10	1.329648e+01	1.149883e+01
2.270000e-06	1.916122e-06	2.236881e-10	1.360483e+01	1.364452e+01
2.280000e-06	1.959415e-06	2.532214e-10	1.391222e+01	1.580157e+01
2.290000e-06	2.002459e-06	2.844012e-10	1.421783e+01	1.796798e+01
2.300000e-06	2.045393e-06	3.178880e-10	1.452267e+01	2.014167e+01
2.310000e-06	2.088178e-06	3.508071e-10	1.482646e+01	2.232053e+01
2.320000e-06	2.130582e-06	3.826169e-10	1.512753e+01	2.450243e+01
2.330000e-06	2.172688e-06	4.157890e-10	1.542650e+01	2.668522e+01
2.340000e-06	2.214514e-06	4.505955e-10	1.572346e+01	2.886675e+01
2.350000e-06	2.256020e-06	4.843844e-10	1.601817e+01	3.104485e+01
2.360000e-06	2.297157e-06	5.154767e-10	1.631025e+01	3.321739e+01
2.370000e-06	2.337970e-06	5.465995e-10	1.660003e+01	3.538225e+01
2.380000e-06	2.378602e-06	5.803394e-10	1.688852e+01	3.753732e+01
2.390000e-06	2.419124e-06	6.139671e-10	1.717624e+01	3.968057e+01
2.400000e-06	2.459511e-06	6.455727e-10	1.746299e+01	4.180997e+01
2.410000e-06	2.499701e-06	6.769892e-10	1.774835e+01	4.392359e+01
2.420000e-06	2.539734e-06	7.105685e-10	1.803259e+01	4.601953e+01
2.430000e-06	2.579750e-06	7.458934e-10	1.831671e+01	4.809597e+01
2.440000e-06	2.619718e-06	7.789861e-10	1.860049e+01	5.015118e+01
2.450000e-06	2.659560e-06	8.077043e-10	1.888338e+01	5.218348e+01
2.460000e-06	2.699292e-06	8.353663e-10	1.916548e+01	5.419131e+01
2.470000e-06	2.738826e-06	8.635591e-10	1.944618e+01	5.617318e+01
2.480000e-06	2.778175e-06	8.909858e-10	1.972556e+01	5.812770e+01
2.490000e-06	2.817327e-06	9.188183e-10	2.000355e+01	6.005357e+01
2.500000e-06	2.856207e-06	9.490878e-10	2.027961e+01	6.194962e+01
2.510000e-06	2.894864e-06	9.847212e-10	2.055408e+01	6.381474e+01
2.520000e-06	2.933267e-06	1.022041e-09	2.082675e+01	6.564795e+01
2.530000e-06	2.971422e-06	1.053428e-09	2.109765e+01	6.744835e+01
2.540000e-06	3.009390e-06	1.079431e-09	2.136724e+01	6.921516e+01
2.550000e-06	3.047237e-06	1.099775e-09	2.163595e+01	7.094770e+01
2.560000e-06	3.084993e-06	1.117195e-09	2.190403e+01	7.264538e+01
2.570000e-06	3.122571e-06	1.134946e-09	2.217084e+01	7.430771e+01
2.580000e-06	3.159906e-06	1.156504e-09	2.243593e+01	7.593429e+01
2.590000e-06	3.196962e-06	1.184626e-09	2.269903e+01	7.752481e+01
2.600000e-06	3.233665e-06	1.217796e-09	2.295963e+01	7.907906e+01
2.610000e-06	3.270068e-06	1.249999e-09	2.321810e+01	8.059689e+01
2.620000e-06	3.306332e-06	1.276107e-09	2.347558e+01	8.207825e+01
2.630000e-06	3.342487e-06	1.296125e-09	2.373229e+01	8.352314e+01
2.640000e-06	3.378525e-06	1.310595e-09	2.398816e+01	8.493166e+01
2.650000e-06	3.414432e-06	1.321328e-09	2.424311e+01	8.630394e+01
2.660000e-06	3.450216e-06	1.333038e-09	2.449718e+01	8.764020e+01
2.670000e-06	3.485882e-06	1.350216e-09	2.475042e+01	8.894069e+01
2.680000e-06	3.521349e-06	1.374085e-09	2.500224e+01	9.020572e+01
2.690000e-06	3.556431e-06	1.400773e-09	2.525133e+01	9.143563e+01
2.700000e-06	3.590999e-06	1.425783e-09	2.549677e+01	9.263084e+01
2.710000e-06	3.625189e-06	1.447707e-09	2.573952e+01	9.379175e+01
2.720000e-06	3.658973e-06	1.464913e-09	2.597940e+01	9.491882e+01
2.730000e-06	3.692249e-06	1.478444e-09	2.621567e+01	9.601254e+01
2.740000e-06	3.725127e-06	1.489624e-09	2.644910e+01	9.707341e+01
2.750000e-06	3.757743e-06	1.500767e-09	2.668068e+01	9.810195e+01
2.760000e-06	3.790151e-06	1.514165e-09	2.691079e+01	9.909870e+01
2.770000e-06	3.822343e-06	1.531125e-09	2.713935e+01	1.000642e+02
2.780000e-06	3.854316e-06	1.551272e-09	2.736637e+01	1.009990e+02
2.790000e-06	3.886118e-06	1.573597e-09	2.759217e+01	1.019038e+02
2.800000e-06	3.917822e-06	1.591849e-09	2.781728e+01	1.027789e+02
2.810000e-06	3.949290e-06	1.602383e-09	2.804070e+01	1.036251e+02
2.820000e-06	3.980430e-06	1.608703e-09	2.826180e+01	1.044429e+02
2.830000e-06	4.011291e-06	1.615681e-09	2.848092e+01	1.052329e+02
2.840000e-06	4.041842e-06	1.623893e-09	2.869784e+01	1.059957e+02
2.850000e-06	4.072110e-06	1.632665e-09	2.891275e+01	1.067319e+02
2.860000e-06	4.102150e-06	1.645433e-09	2.912604e+01	1.074419e+02
2.870000e-06	4.131872e-06	1.661811e-09	2.933707e+01	1.081265e+02
2.880000e-06	4.161259e-06	1.675390e-09	2.954572e+01	1.087862e+02
2.890000e-06	4.190456e-06	1.683100e-09	2.975303e+01	1.094215e+02
2.900000e-06	4.219388e-06	1.688863e-09	2.995845e+01	1.100331e+02
2.910000e-06	4.247995e-06	1.695890e-09	3.016157e+01	1.106216e+02
2.920000e-06	4.276398e-06	1.701259e-09	3.036323e+01	1.111875e+02
2.930000e-06	4.304561e-06	1.706544e-09	3.056320e+01	1.117314e+02
2.940000e-06	4.332534e-06	1.713571e-09	3.076180e+01	1.122540e+02
2.950000e-06	4.360341e-06	1.722725e-09	3.095924e+01	1.127557e+02
2.960000e-06	4.387915e-06	1.734407e-09	3.115502e+01	1.132373e+02
2.970000e-06	4.415148e-06	1.743065e-09	3.134838e+01	1.136993e+02
2.980000e-06	4.441978e-06	1.745430e-09	3.153888e+01	1.141424e+02
2.990000e-06	4.468353e-06	1.745832e-09	3.172615e+01	1.145671e+02
3.000000e-06	4.494156e-06	1.746688e-09	3.190935e+01	1.149740e+02
3.010000e-06	4.519472e-06	1.747626e-09	3.208910e+01	1.153639e+02
3.020000e-06	4.544287e-06	1.752122e-09	3.226529e+01	1.157373e+02
3.030000e-06	4.568637e-06	1.762253e-09	3.243818e+01	1.160949e+02
3.040000e-06	4.592712e-06	1.774806e-09	3.260912e+01	1.164372e+02
3.050000e-06	4.616587e-06	1.784752e-09	3.277863e+01	1.167650e+02
3.060000e-06	4.640270e-06	1.788495e-09	3.294679e+01	1.170788e+02
3.070000e-06	4.663696e-06	1.786838e-09	3.311312e+01	1.173794e+02
3.080000e-06	4.686778e-06	1.783796e-09	3.327700e+01	1.176672e+02
3.090000e-06	4.709488e-06	1.783551e-09	3.343825e+01	1.179430e+02
3.100000e-06	4.731849e-06	1.786274e-09	3.359702e+01	1.182073e+02
3.110000e-06	4.753875e-06	1.789682e-09	3.375340e+01	1.184607e+02
3.120000e-06	4.775617e-06	1.795333e-09	3.390778e+01	1.187039e+02
3.130000e-06	4.797076e-06	1.804482e-09	3.406015e+01	1.189373e+02
3.140000e-06	4.818189e-06	1.813783e-09	3.421005e+01	1.191616e+02
3.150000e-06	4.838948e-06	1.816319e-09	3.435744e+01	1.193773e+02
3.160000e-06	4.859417e-06	1.814098e-09	3.450278e+01	1.195848e+02
3.170000e-06	4.879662e-06	1.813063e-09	3.464652e+01	1.197847e+02
3.180000e-06	4.899712e-06	1.814276e-09	3.478888e+01	1.199774e+02
3.190000e-06	4.919579e-06	1.814408e-09	3.492994e+01	1.201633e+02
3.200000e-06	4.939205e-06	1.814069e-09	3.506928e+01	1.203429e+02
3.210000e-06	4.958452e-06	1.818497e-09	3.520595e+01	1.205164e+02
3.220000e-06	4.977177e-06	1.826483e-09	3.533889e+01	1.206842e+02
3.230000e-06	4.995427e-06	1.833830e-09	3.546847e+01	1.208465e+02
3.240000e-06	5.013391e-06	1.838574e-09	3.559602e+01	1.210037e+02
3.250000e-06	5.031046e-06	1.840992e-09	3.572137e+01	1.211560e+02
3.260000e-06	5.048364e-06	1.842090e-09	3.584434e+01	1.213034e+02
3.270000e-06	5.065424e-06	1.839727e-09	3.596547e+01	1.214462e+02
3.280000e-06	5.082160e-06	1.836539e-09	3.608430e+01	1.215844e+02
3.290000e-06	5.098507e-06	1.838141e-09	3.620036e+01	1.217181e+02
3.300000e-06	5.114519e-06	1.844418e-09	3.631405e+01	1.218472e+02
3.310000e-06	5.130005e-06	1.850410e-09	3.642400e+01	1.219719e+02
3.320000e-06	5.144874e-06	1.856007e-09	3.652958e+01	1.220921e+02
3.330000e-06	5.159306e-06	1.862114e-09	3.663204e+01	1.222076e+02
3.340000e-06	5.173377e-06	1.865701e-09	3.673195e+01	1.223185e+02
3.350000e-06	5.187109e-06	1.864981e-09	3.682945e+01	1.224245e+02
3.360000e-06	5.200404e-06	1.860000e-09	3.692385e+01	1.225255e+02
3.370000e-06	5.213311e-06	1.855236e-09	3.701549e+01	1.226213e+02
3.380000e-06	5.225884e-06	1.853907e-09	3.710476e+01	1.227119e+02
3.390000e-06	5.238077e-06	1.855244e-09	3.719133e+01	1.227970e+02
3.400000e-06	5.249975e-06	1.857035e-09	3.727581e+01	1.228763e+02
3.410000e-06	5.261534e-06	1.859703e-09	3.735788e+01	1.229498e+02
3.420000e-06	5.272703e-06	1.863701e-09	3.743719e+01	1.230172e+02
3.430000e-06	5.283284e-06	1.866837e-09	3.751231e+01	1.230784e+02
3.440000e-06	5.293123e-06	1.866840e-09	3.758217e+01	1.231331e+02
3.450000e-06	5.302397e-06	1.865545e-09	3.764802e+01	1.231813e+02
3.460000e-06	5.311184e-06	1.863694e-09	3.771041e+01	1.232227e+02
3.470000e-06	5.319598e-06	1.861622e-09	3.777015e+01	1.232573e+02
3.480000e-06	5.327696e-06	1.860960e-09	3.782765e+01	1.232849e+02
3.490000e-06	5.335528e-06	1.862456e-09	3.788325e+01	1.233055e+02
3.500000e-06	5.343070e-06	1.866717e-09	3.793680e+01	1.233191e+02
3.510000e-06	5.350210e-06	1.873197e-09	3.798750e+01	1.233257e+02
3.520000e-06	5.357014e-06	1.877447e-09	3.803581e+01	1.233253e+02
3.530000e-06	5.363533e-06	1.877337e-09	3.808209e+01	1.233179e+02
3.540000e-06	5.369824e-06	1.875473e-09	3.812676e+01	1.233038e+02
3.550000e-06	5.375667e-06	1.872745e-09	3.816825e+01	1.232829e+02
3.560000e-06	5.380987e-06	1.870109e-09	3.820602e+01	1.232556e+02
3.570000e-06	5.385888e-06	1.867218e-09	3.824082e+01	1.232221e+02
3.580000e-06	5.390436e-06	1.865329e-09	3.827311e+01	1.231826e+02
3.590000e-06	5.394749e-06	1.866171e-09	3.830373e+01	1.231374e+02
3.600000e-06	5.398835e-06	1.868981e-09	3.833275e+01	1.230869e+02
3.610000e-06	5.402735e-06	1.871529e-09	3.836044e+01	1.230314e+02
3.620000e-06	5.406321e-06	1.873333e-09	3.838590e+01	1.229713e+02
3.630000e-06	5.409430e-06	1.873751e-09	3.840797e+01	1.229072e+02
3.640000e-06	5.412086e-06	1.872808e-09	3.842683e+01	1.228394e+02
3.650000e-06	5.414140e-06	1.871200e-09	3.844141e+01	1.227684e+02
3.660000e-06	5.415414e-06	1.870371e-09	3.845046e+01	1.226946e+02
3.670000e-06	5.416153e-06	1.871798e-09	3.845571e+01	1.226187e+02
3.680000e-06	5.416578e-06	1.873727e-09	3.845872e+01	1.225411e+02
3.690000e-06	5.416758e-06	1.874624e-09	3.846000e+01	1.224624e+02
3.700000e-06	5.416742e-06	1.873335e-09	3.845989e+01	1.223829e+02
3.710000e-06	5.416494e-06	1.871839e-09	3.845813e+01	1.223033e+02
3.720000e-06	5.415877e-06	1.868831e-09	3.845375e+01	1.222241e+02
3.730000e-06	5.414753e-06	1.861739e-09	3.844576e+01	1.221456e+02
3.740000e-06	5.413247e-06	1.854193e-09	3.843508e+01	1.220683e+02
3.750000e-06	5.411486e-06	1.852633e-09	3.842257e+01	1.219928e+02
3.760000e-06	5.409428e-06	1.859331e-09	3.840796e+01	1.219192e+02
3.770000e-06	5.407040e-06	1.848894e-09	3.839100e+01	1.218481e+02
3.780000e-06	5.404275e-06	1.809500e-09	3.837137e+01	1.217797e+02
3.790000e-06	5.401037e-06	1.801877e-09	3.834838e+01	1.217143e+02
3.800000e-06	5.397353e-06	1.822382e-09	3.832223e+01	1.216520e+02
3.810000e-06	5.393373e-06	1.811314e-09	3.829396e+01	1.215932e+02
3.820000e-06	5.389232e-06	1.806129e-09	3.826456e+01	1.215378e+02
3.830000e-06	5.384909e-06	1.795141e-09	3.823387e+01	1.214859e+02
3.840000e-06	5.379966e-06	1.815067e-09	3.819877e+01	1.214376e+02
3.850000e-06	5.374279e-06	1.808030e-09	3.815839e+01	1.213928e+02
3.860000e-06	5.368276e-06	1.779039e-09	3.811577e+01	1.213514e+02
3.870000e-06	5.362014e-06	1.795759e-09	3.807131e+01	1.213133e+02
3.880000e-06	5.355182e-06	1.791639e-09	3.802280e+01	1.212781e+02
3.890000e-06	5.347761e-06	1.772346e-09	3.797011e+01	1.212457e+02
3.900000e-06	5.339965e-06	1.760717e-09	3.791475e+01	1.212157e+02
3.910000e-06	5.331873e-06	1.815921e-09	3.785731e+01	1.211878e+02
3.920000e-06	5.323460e-06	1.810719e-09	3.779757e+01	1.211615e+02
3.930000e-06	5.314720e-06	1.758704e-09	3.773552e+01	1.211364e+02
3.940000e-06	5.305662e-06	1.760688e-09	3.767120e+01	1.211119e+02
3.950000e-06	5.296204e-06	1.817716e-09	3.760404e+01	1.210877e+02
3.960000e-06	5.286282e-06	1.800677e-09	3.753360e+01	1.210629e+02
3.970000e-06	5.276030e-06	1.759287e-09	3.746081e+01	1.210372e+02
3.980000e-06	5.265512e-06	1.825116e-09	3.738613e+01	1.210099e+02
3.990000e-06	5.254563e-06	1.899287e-09	3.730839e+01	1.209804e+02
4.000000e-06	5.243182e-06	1.868919e-09	3.722758e+01	1.209481e+02
4.010000e-06	5.231455e-06	1.837756e-09	3.714431e+01	1.209123e+02
4.020000e-06	5.219357e-06	1.888544e-09	3.705842e+01	1.208725e+02
4.030000e-06	5.206770e-06	1.881463e-09	3.696905e+01	1.208279e+02
4.040000e-06	5.193766e-06	1.807680e-09	3.687672e+01	1.207781e+02
4.050000e-06	5.180403e-06	1.803082e-09	3.678184e+01	1.207225e+02
4.060000e-06	5.166422e-06	1.854579e-09	3.668257e+01	1.206605e+02
4.070000e-06	5.151704e-06	1.840106e-09	3.657807e+01	1.205916e+02
4.080000e-06	5.136473e-06	1.834068e-09	3.646992e+01	1.205154e+02
4.090000e-06	5.120930e-06	1.857059e-09	3.635957e+01	1.204313e+02
4.100000e-06	5.105083e-06	1.840738e-09	3.624705e+01	1.203391e+02
4.110000e-06	5.089022e-06	1.804569e-09	3.613301e+01	1.202383e+02
4.120000e-06	5.072685e-06	1.823401e-09	3.601702e+01	1.201288e+02
4.130000e-06	5.055943e-06	1.812695e-09	3.589815e+01	1.200102e+02
4.140000e-06	5.038780e-06	1.777699e-09	3.577629e+01	1.198823e+02
4.150000e-06	5.021285e-06	1.796265e-09	3.565207e+01	1.197451e+02
4.160000e-06	5.003534e-06	1.834905e-09	3.552603e+01	1.195985e+02
4.170000e-06	4.985457e-06	1.817139e-09	3.539768e+01	1.194424e+02
4.180000e-06	4.967027e-06	1.805594e-09	3.526682e+01	1.192769e+02
4.190000e-06	4.948185e-06	1.812182e-09	3.513304e+01	1.191022e+02
4.200000e-06	4.928950e-06	1.795108e-09	3.499647e+01	1.189182e+02
4.210000e-06	4.909424e-06	1.782962e-09	3.485783e+01	1.187254e+02
4.220000e-06	4.889653e-06	1.786166e-09	3.471746e+01	1.185238e+02
4.230000e-06	4.869699e-06	1.775914e-09	3.457578e+01	1.183138e+02
4.240000e-06	4.849554e-06	1.778231e-09	3.443274e+01	1.180958e+02
4.250000e-06	4.829159e-06	1.796187e-09	3.428794e+01	1.178701e+02
4.260000e-06	4.808402e-06	1.781916e-09	3.414056e+01	1.176371e+02
4.270000e-06	4.787147e-06	1.764674e-09	3.398965e+01	1.173973e+02
4.280000e-06	4.765322e-06	1.771054e-09	3.383468e+01	1.171511e+02
4.290000e-06	4.742889e-06	1.768680e-09	3.367540e+01	1.168990e+02
4.300000e-06	4.719915e-06	1.749690e-09	3.351229e+01	1.166415e+02
4.310000e-06	4.696514e-06	1.745032e-09	3.334613e+01	1.163791e+02
4.320000e-06	4.672799e-06	1.738704e-09	3.317775e+01	1.161123e+02
4.330000e-06	4.648914e-06	1.733423e-09	3.300817e+01	1.158416e+02
4.340000e-06	4.624854e-06	1.728858e-09	3.283733e+01	1.155675e+02
4.350000e-06	4.600522e-06	1.716997e-09	3.266458e+01	1.152905e+02
4.360000e-06	4.575870e-06	1.706966e-09	3.248954e+01	1.150110e+02
4.370000e-06	4.550869e-06	1.715065e-09	3.231203e+01	1.147294e+02
4.380000e-06	4.525549e-06	1.711756e-09	3.213225e+01	1.144463e+02
4.390000e-06	4.499857e-06	1.701787e-09	3.194983e+01	1.141619e+02
4.400000e-06	4.473805e-06	1.695068e-09	3.176486e+01	1.138766e+02
4.410000e-06	4.447497e-06	1.690903e-09	3.157806e+01	1.135908e+02
4.420000e-06	4.421005e-06	1.683154e-09	3.138997e+01	1.133046e+02
4.430000e-06	4.394243e-06	1.677894e-09	3.119995e+01	1.130184e+02
4.440000e-06	4.367020e-06	1.671317e-09	3.100667e+01	1.127322e+02
4.450000e-06	4.339476e-06	1.672664e-09	3.081110e+01	1.124463e+02
4.460000e-06	4.311749e-06	1.676498e-09	3.061423e+01	1.121608e+02
4.470000e-06	4.283846e-06	1.672843e-09	3.041611e+01	1.118756e+02
4.480000e-06	4.255764e-06	1.665541e-09	3.021673e+01	1.115908e+02
4.490000e-06	4.227476e-06	1.663407e-09	3.001587e+01	1.113064e+02
4.500000e-06	4.198965e-06	1.659110e-09	2.981344e+01	1.110223e+02
4.510000e-06	4.170061e-06	1.650971e-09	2.960822e+01	1.107383e+02
4.520000e-06	4.140621e-06	1.645227e-09	2.939919e+01	1.104544e+02
4.530000e-06	4.110598e-06	1.644278e-09	2.918602e+01	1.101702e+02
4.540000e-06	4.080069e-06	1.648031e-09	2.896926e+01	1.098857e+02
4.550000e-06	4.049209e-06	1.648429e-09	2.875015e+01	1.096004e+02
4.560000e-06	4.018015e-06	1.642393e-09	2.852867e+01	1.093143e+02
4.570000e-06	3.986519e-06	1.636019e-09	2.830504e+01	1.090269e+02
4.580000e-06	3.954761e-06	1.631616e-09	2.807955e+01	1.087379e+02
4.590000e-06	3.922745e-06	1.623454e-09	2.785223e+01	1.084470e+02
4.600000e-06	3.890593e-06	1.616336e-09	2.762395e+01	1.081540e+02
4.610000e-06	3.858275e-06	1.610849e-09	2.739448e+01	1.078583e+02
4.620000e-06	3.825652e-06	1.610902e-09	2.716285e+01	1.075598e+02
4.630000e-06	3.792722e-06	1.610516e-09	2.692904e+01	1.072580e+02
4.640000e-06	3.759530e-06	1.604549e-09	2.669337e+01	1.069527e+02
4.650000e-06	3.726125e-06	1.594846e-09	2.645619e+01	1.066435e+02
4.660000e-06	3.692547e-06	1.589228e-09	2.621778e+01	1.063301e+02
4.670000e-06	3.658740e-06	1.584385e-09	2.597774e+01	1.060123e+02
4.680000e-06	3.624660e-06	1.580788e-09	2.573577e+01	1.056898e+02
4.690000e-06	3.590320e-06	1.576667e-09	2.549195e+01	1.053623e+02
4.700000e-06	3.555705e-06	1.576183e-09	2.524618e+01	1.050297e+02
4.710000e-06	3.520806e-06	1.575229e-09	2.499839e+01	1.046918e+02
4.720000e-06	3.485687e-06	1.570844e-09	2.474903e+01	1.043484e+02
4.730000e-06	3.450319e-06	1.563670e-09	2.449791e+01	1.039994e+02
4.740000e-06	3.414690e-06	1.559279e-09	2.424494e+01	1.036448e+02
4.750000e-06	3.378892e-06	1.555353e-09	2.399077e+01	1.032845e+02
4.760000e-06	3.342975e-06	1.550915e-09	2.373575e+01	1.029184e+02
4.770000e-06	3.306987e-06	1.545839e-09	2.348023e+01	1.025466e+02
4.780000e-06	3.270841e-06	1.540498e-09	2.322359e+01	1.021692e+02
4.790000e-06	3.234502e-06	1.535599e-09	2.296558e+01	1.017861e+02
4.800000e-06	3.197916e-06	1.529984e-09	2.270581e+01	1.013975e+02
4.810000e-06	3.160982e-06	1.522385e-09	2.244357e+01	1.010035e+02
4.820000e-06	3.123714e-06	1.516052e-09	2.217896e+01	1.006043e+02
4.830000e-06	3.086096e-06	1.512678e-09	2.191186e+01	1.001999e+02
4.840000e-06	3.048086e-06	1.509713e-09	2.164199e+01	9.979064e+01
4.850000e-06	3.009646e-06	1.505565e-09	2.136905e+01	9.937658e+01
4.860000e-06	2.970875e-06	1.499993e-09	2.109377e+01	9.895795e+01
4.870000e-06	2.931841e-06	1.495067e-09	2.081662e+01	9.853494e+01
4.880000e-06	2.892474e-06	1.487795e-09	2.053711e+01	9.810775e+01
4.890000e-06	2.852906e-06	1.477778e-09	2.025617e+01	9.767655e+01
4.900000e-06	2.813229e-06	1.466900e-09	1.997446e+01	9.724153e+01
4.910000e-06	2.773419e-06	1.461127e-09	1.969179e+01	9.680285e+01
4.920000e-06	2.733492e-06	1.459865e-09	1.940831e+01	9.636068e+01
4.930000e-06	2.693451e-06	1.458477e-09	1.912401e+01	9.591515e+01
4.940000e-06	2.653250e-06	1.453601e-09	1.883857e+01	9.546638e+01
4.950000e-06	2.612924e-06	1.448218e-09	1.855225e+01	9.501445e+01
4.960000e-06	2.572510e-06	1.440324e-09	1.826531e+01	9.455945e+01
4.970000e-06	2.531954e-06	1.428851e-09	1.797735e+01	9.410141e+01
4.980000e-06	2.491294e-06	1.418173e-09	1.768865e+01	9.364034e+01
4.990000e-06	2.450502e-06	1.413264e-09	1.739903e+01	9.317623e+01
5.000000e-06	2.409508e-06	1.410315e-09	1.710796e+01	9.270901e+01
5.010000e-06	2.368341e-06	1.404435e-09	1.681567e+01	9.223862e+01
5.020000e-06	2.326907e-06	1.392855e-09	1.652148e+01	9.176493e+01
5.030000e-06	2.285246e-06	1.381263e-09	1.622568e+01	9.128779e+01
5.040000e-06	2.243497e-06	1.371729e-09	1.592925e+01	9.080703e+01
5.050000e-06	2.201582e-06	1.362510e-09	1.563165e+01	9.032243e+01
5.060000e-06	2.159412e-06	1.354590e-09	1.533223e+01	8.983376e+01
5.070000e-06	2.117105e-06	1.349589e-09	1.503185e+01	8.934074e+01
5.080000e-06	2.074756e-06	1.345615e-09	1.473116e+01	8.884310e+01
5.090000e-06	2.032251e-06	1.340233e-09	1.442937e+01	8.834050e+01
5.100000e-06	1.989559e-06	1.331827e-09	1.412624e+01	8.783262e+01
5.110000e-06	1.946712e-06	1.321467e-09	1.382202e+01	8.731909e+01
5.120000e-06	1.903734e-06	1.311825e-09	1.351687e+01	8.679957e+01
5.130000e-06	1.860622e-06	1.303894e-09	1.321077e+01	8.627365e+01
5.140000e-06	1.817363e-06	1.298035e-09	1.290362e+01	8.574096e+01
5.150000e-06	1.773913e-06	1.293497e-09	1.259511e+01	8.520111e+01
5.160000e-06	1.730291e-06	1.286661e-09	1.228539e+01	8.465369e+01
5.170000e-06	1.686591e-06	1.274279e-09	1.197512e+01	8.409831e+01
5.180000e-06	1.642827e-06	1.261401e-09	1.166438e+01	8.353459e+01
5.190000e-06	1.599001e-06	1.250296e-09	1.135320e+01	8.296215e+01
5.200000e-06	1.555167e-06	1.240266e-09	1.104198e+01	8.238060e+01
5.210000e-06	1.511281e-06	1.231376e-09	1.073038e+01	8.178960e+01
5.220000e-06	1.467304e-06	1.223156e-09	1.041814e+01	8.118880e+01
5.230000e-06	1.423284e-06	1.217374e-09	1.010559e+01	8.057787e+01
5.240000e-06	1.379212e-06	1.214329e-09	9.792667e+00	7.995650e+01
5.250000e-06	1.335112e-06	1.207085e-09	9.479545e+00	7.932440e+01
5.260000e-06	1.290970e-06	1.195232e-09	9.166128e+00	7.868130e+01
5.270000e-06	1.246767e-06	1.182419e-09	8.852278e+00	7.802696e+01
5.280000e-06	1.202503e-06	1.169314e-09	8.537997e+00	7.736114e+01
5.290000e-06	1.158145e-06	1.156648e-09	8.223048e+00	7.668364e+01
5.300000e-06	1.113662e-06	1.147011e-09	7.907211e+00	7.599427e+01
5.310000e-06	1.069142e-06	1.139561e-09	7.591107e+00	7.529285e+01
5.320000e-06	1.024622e-06	1.132732e-09	7.275012e+00	7.457924e+01
5.330000e-06	9.800019e-07	1.123742e-09	6.958198e+00	7.385329e+01
5.340000e-06	9.352609e-07	1.111400e-09	6.640528e+00	7.311488e+01
5.350000e-06	8.904859e-07	1.097357e-09	6.322617e+00	7.236388e+01
5.360000e-06	8.456557e-07	1.083048e-09	6.004315e+00	7.160020e+01
5.370000e-06	8.007852e-07	1.068902e-09	5.685725e+00	7.082371e+01
5.380000e-06	7.559125e-07	1.055399e-09	5.367121e+00	7.003431e+01
5.390000e-06	7.109571e-07	1.046581e-09	5.047929e+00	6.923189e+01
5.400000e-06	6.659271e-07	1.040686e-09	4.728208e+00	6.841633e+01
5.410000e-06	6.208390e-07	1.031280e-09	4.408073e+00	6.758749e+01
5.420000e-06	5.756531e-07	1.017538e-09	4.087245e+00	6.674523e+01
5.430000e-06	5.303919e-07	1.001710e-09	3.765882e+00	6.588938e+01
5.440000e-06	4.850797e-07	9.857288e-10	3.444157e+00	6.501977e+01
5.450000e-06	4.397289e-07	9.699670e-10	3.122158e+00	6.413616e+01
5.460000e-06	3.943962e-07	9.548629e-10	2.800288e+00	6.323832e+01
5.470000e-06	3.490865e-07	9.425629e-10	2.478580e+00	6.232598e+01
5.480000e-06	3.037144e-07	9.341105e-10	2.156429e+00	6.139883e+01
5.490000e-06	2.582476e-07	9.252074e-10	1.833607e+00	6.045652e+01
5.500000e-06	2.126901e-07	9.118581e-10	1.510140e+00	5.949866e+01
5.510000e-06	1.671343e-07	8.954340e-10	1.186685e+00	5.852484e+01
5.520000e-06	1.216511e-07	8.783379e-10	8.637457e-01	5.753458e+01
5.530000e-06	7.613734e-08	8.631319e-10	5.405895e-01	5.652739e+01
5.540000e-06	3.064400e-08	8.482019e-10	2.175782e-01	5.550271e+01
5.550000e-06	-1.475189e-08	8.336698e-10	-1.047412e-01	5.445997e+01
5.560000e-06	-6.016400e-08	8.195190e-10	-4.271757e-01	5.339853e+01
5.570000e-06	-1.056187e-07	8.021859e-10	-7.499125e-01	5.231774e+01
5.580000e-06	-1.511260e-07	7.814518e-10	-1.073023e+00	5.121691e+01
5.590000e-06	-1.966823e-07	7.597636e-10	-1.396481e+00	5.009531e+01
5.600000e-06	-2.421543e-07	7.388039e-10	-1.719341e+00	4.895220e+01
5.610000e-06	-2.875978e-07	7.215909e-10	-2.041999e+00	4.778680e+01
5.620000e-06	-3.330103e-07	7.070693e-10	-2.364436e+00	4.659834e+01
5.630000e-06	-3.782689e-07	6.908923e-10	-2.685780e+00	4.538600e+01
5.640000e-06	-4.234414e-07	6.723093e-10	-3.006514e+00	4.414900e+01
5.650000e-06	-4.685919e-07	6.519471e-10	-3.327090e+00	4.288652e+01
5.660000e-06	-5.136867e-07	6.296700e-10	-3.647272e+00	4.159779e+01
5.670000e-06	-5.587384e-07	6.049033e-10	-3.967148e+00	4.028201e+01
5.680000e-06	-6.037462e-07	5.815760e-10	-4.286712e+00	3.893844e+01
5.690000e-06	-6.487404e-07	5.604671e-10	-4.606179e+00	3.756635e+01
5.700000e-06	-6.937544e-07	5.413994e-10	-4.925787e+00	3.616505e+01
5.710000e-06	-7.386641e-07	5.241881e-10	-5.244654e+00	3.473391e+01
5.720000e-06	-7.834625e-07	5.060713e-10	-5.562731e+00	3.327234e+01
5.730000e-06	-8.282779e-07	4.870376e-10	-5.880929e+00	3.177981e+01
5.740000e-06	-8.730383e-07	4.650373e-10	-6.198736e+00	3.025587e+01
5.750000e-06	-9.176959e-07	4.394126e-10	-6.515814e+00	2.870012e+01
5.760000e-06	-9.622313e-07	4.123285e-10	-6.832023e+00	2.711227e+01
5.770000e-06	-1.006695e-06	3.851385e-10	-7.147727e+00	2.549211e+01
5.780000e-06	-1.051115e-06	3.615809e-10	-7.463112e+00	2.383952e+01
5.790000e-06	-1.095459e-06	3.366475e-10	-7.777968e+00	2.215447e+01
5.800000e-06	-1.139796e-06	3.082629e-10	-8.092767e+00	2.043707e+01
5.810000e-06	-1.184045e-06	2.810301e-10	-8.406945e+00	1.868750e+01
5.820000e-06	-1.228180e-06	2.566476e-10	-8.720312e+00	1.690607e+01
5.830000e-06	-1.272286e-06	2.311760e-10	-9.033471e+00	1.509320e+01
5.840000e-06	-1.316382e-06	2.035036e-10	-9.346561e+00	1.324945e+01
5.850000e-06	-1.360420e-06	1.771987e-10	-9.659239e+00	1.137546e+01
5.860000e-06	-1.404459e-06	1.527447e-10	-9.971926e+00	9.472027e+00
5.870000e-06	-1.448505e-06	1.258036e-10	-1.028466e+01	7.540038e+00
5.880000e-06	-1.492448e-06	9.380790e-11	-1.059666e+01	5.580515e+00
5.890000e-06	-1.536313e-06	5.875126e-11	-1.090811e+01	3.594590e+00
5.900000e-06	-1.580094e-06	2.702860e-11	-1.121896e+01	1.583509e+00
5.910000e-06	-1.623775e-06	5.864186e-13	-1.152911e+01	-4.513734e-01
5.920000e-06	-1.667352e-06	-2.593415e-11	-1.183851e+01	-2.508596e+00
5.930000e-06	-1.710791e-06	-5.402369e-11	-1.214694e+01	-4.586598e+00
5.940000e-06	-1.754168e-06	-8.313408e-11	-1.245492e+01	-6.683725e+00
5.950000e-06	-1.797427e-06	-1.121059e-10	-1.276207e+01	-8.798236e+00
5.960000e-06	-1.840477e-06	-1.442458e-10	-1.306774e+01	-1.092831e+01
5.970000e-06	-1.883409e-06	-1.804954e-10	-1.337256e+01	-1.307205e+01
5.980000e-06	-1.926285e-06	-2.169059e-10	-1.367699e+01	-1.522749e+01
5.990000e-06	-1.968982e-06	-2.513375e-10	-1.398014e+01	-1.739262e+01
6.000000e-06	-2.011485e-06	-2.859990e-10	-1.428192e+01	-1.956539e+01
6.010000e-06	-2.053861e-06	-3.200475e-10	-1.458280e+01	-2.174367e+01
6.020000e-06	-2.096058e-06	-3.512044e-10	-1.488241e+01	-2.392536e+01
6.030000e-06	-2.138136e-06	-3.777608e-10	-1.518117e+01	-2.610830e+01
6.040000e-06	-2.180101e-06	-4.058752e-10	-1.547913e+01	-2.829033e+01
6.050000e-06	-2.221915e-06	-4.411012e-10	-1.577601e+01	-3.046930e+01
6.060000e-06	-2.263609e-06	-4.787581e-10	-1.607205e+01	-3.264306e+01
6.070000e-06	-2.305192e-06	-5.153344e-10	-1.636729e+01	-3.480948e+01
6.080000e-06	-2.346627e-06	-5.493602e-10	-1.666149e+01	-3.696647e+01
6.090000e-06	-2.387866e-06	-5.815527e-10	-1.695430e+01	-3.911197e+01
6.100000e-06	-2.428783e-06	-6.107700e-10	-1.724481e+01	-4.124397e+01
6.110000e-06	-2.469405e-06	-6.362450e-10	-1.753324e+01	-4.336049e+01
6.120000e-06	-2.509893e-06	-6.616523e-10	-1.782071e+01	-4.545965e+01
6.130000e-06	-2.550282e-06	-6.916133e-10	-1.810748e+01	-4.753961e+01
6.140000e-06	-2.590560e-06	-7.270187e-10	-1.839346e+01	-4.959861e+01
6.150000e-06	-2.630751e-06	-7.643112e-10	-1.867883e+01	-5.163499e+01
6.160000e-06	-2.670832e-06	-7.982885e-10	-1.896341e+01	-5.364714e+01
6.170000e-06	-2.710824e-06	-8.297333e-10	-1.924736e+01	-5.563358e+01
6.180000e-06	-2.750746e-06	-8.579910e-10	-1.953082e+01	-5.759289e+01
6.190000e-06	-2.790580e-06	-8.819647e-10	-1.981364e+01	-5.952377e+01
6.200000e-06	-2.830219e-06	-9.017614e-10	-2.009509e+01	-6.142501e+01
6.210000e-06	-2.869622e-06	-9.247610e-10	-2.037485e+01	-6.329550e+01
6.220000e-06	-2.908907e-06	-9.585425e-10	-2.065379e+01	-6.513423e+01
6.230000e-06	-2.947999e-06	-9.954647e-10	-2.093135e+01	-6.694031e+01
6.240000e-06	-2.986613e-06	-1.031020e-09	-2.120551e+01	-6.871291e+01
6.250000e-06	-3.024721e-06	-1.061647e-09	-2.147609e+01	-7.045135e+01
6.260000e-06	-3.062466e-06	-1.087642e-09	-2.174408e+01	-7.215502e+01
6.270000e-06	-3.099809e-06	-1.108014e-09	-2.200923e+01	-7.382342e+01
6.280000e-06	-3.136875e-06	-1.123130e-09	-2.227240e+01	-7.545612e+01
6.290000e-06	-3.173668e-06	-1.139834e-09	-2.253364e+01	-7.705281e+01
6.300000e-06	-3.210133e-06	-1.166572e-09	-2.279255e+01	-7.861326e+01
6.310000e-06	-3.246403e-06	-1.199155e-09	-2.305007e+01	-8.013731e+01
6.320000e-06	-3.282476e-06	-1.229287e-09	-2.330620e+01	-8.162489e+01
6.330000e-06	-3.318421e-06	-1.254950e-09	-2.356142e+01	-8.307600e+01
6.340000e-06	-3.354320e-06	-1.278140e-09	-2.381630e+01	-8.449071e+01
6.350000e-06	-3.390118e-06	-1.298631e-09	-2.407048e+01	-8.586917e+01
6.360000e-06	-3.425727e-06	-1.313552e-09	-2.432331e+01	-8.721155e+01
6.370000e-06	-3.461132e-06	-1.323753e-09	-2.457469e+01	-8.851813e+01
6.380000e-06	-3.496331e-06	-1.335351e-09	-2.482461e+01	-8.978919e+01
6.390000e-06	-3.531209e-06	-1.354363e-09	-2.507225e+01	-9.102507e+01
6.400000e-06	-3.565784e-06	-1.378580e-09	-2.531774e+01	-9.222618e+01
6.410000e-06	-3.600118e-06	-1.401606e-09	-2.556152e+01	-9.339291e+01
6.420000e-06	-3.634225e-06	-1.422160e-09	-2.580368e+01	-9.452574e+01
6.430000e-06	-3.668087e-06	-1.440124e-09	-2.604411e+01	-9.562512e+01
6.440000e-06	-3.701673e-06	-1.453472e-09	-2.628258e+01	-9.669157e+01
6.450000e-06	-3.735001e-06	-1.464636e-09	-2.651921e+01	-9.772561e+01
6.460000e-06	-3.767994e-06	-1.475263e-09	-2.675347e+01	-9.872776e+01
6.470000e-06	-3.800634e-06	-1.489137e-09	-2.698522e+01	-9.969858e+01
6.480000e-06	-3.833054e-06	-1.506515e-09	-2.721541e+01	-1.006386e+02
6.490000e-06	-3.865318e-06	-1.524584e-09	-2.744449e+01	-1.015485e+02
6.500000e-06	-3.897410e-06	-1.541020e-09	-2.767235e+01	-1.024287e+02
6.510000e-06	-3.929352e-06	-1.556450e-09	-2.789914e+01	-1.032798e+02
6.520000e-06	-3.961132e-06	-1.570530e-09	-2.812478e+01	-1.041024e+02
6.530000e-06	-3.992649e-06	-1.581942e-09	-2.834856e+01	-1.048972e+02
6.540000e-06	-4.023796e-06	-1.590302e-09	-2.856971e+01	-1.056646e+02
6.550000e-06	-4.054505e-06	-1.598799e-09	-2.878775e+01	-1.064053e+02
6.560000e-06	-4.084799e-06	-1.608756e-09	-2.900284e+01	-1.071198e+02
6.570000e-06	-4.114638e-06	-1.617735e-09	-2.921471e+01	-1.078087e+02
6.580000e-06	-4.143908e-06	-1.624532e-09	-2.942253e+01	-1.084727e+02
6.590000e-06	-4.172710e-06	-1.631524e-09	-2.962703e+01	-1.091122e+02
6.600000e-06	-4.201178e-06	-1.640157e-09	-2.982915e+01	-1.097278e+02
6.610000e-06	-4.229379e-06	-1.650773e-09	-3.002939e+01	-1.103203e+02
6.620000e-06	-4.257405e-06	-1.662001e-09	-3.022838e+01	-1.108900e+02
6.630000e-06	-4.285302e-06	-1.673092e-09	-3.042645e+01	-1.114377e+02
6.640000e-06	-4.313040e-06	-1.681775e-09	-3.062339e+01	-1.119639e+02
6.650000e-06	-4.340541e-06	-1.686134e-09	-3.081866e+01	-1.124692e+02
6.660000e-06	-4.367755e-06	-1.686982e-09	-3.101188e+01	-1.129543e+02
6.670000e-06	-4.394676e-06	-1.688768e-09	-3.120303e+01	-1.134197e+02
6.680000e-06	-4.421262e-06	-1.695768e-09	-3.139179e+01	-1.138660e+02
6.690000e-06	-4.447502e-06	-1.704345e-09	-3.157810e+01	-1.142938e+02
6.700000e-06	-4.473398e-06	-1.712234e-09	-3.176197e+01	-1.147038e+02
6.710000e-06	-4.499019e-06	-1.721068e-09	-3.194388e+01	-1.150967e+02
6.720000e-06	-4.524385e-06	-1.731871e-09	-3.212398e+01	-1.154729e+02
6.730000e-06	-4.549366e-06	-1.738815e-09	-3.230135e+01	-1.158332e+02
6.740000e-06	-4.573922e-06	-1.739060e-09	-3.247570e+01	-1.161782e+02
6.750000e-06	-4.598181e-06	-1.738912e-09	-3.264795e+01	-1.165085e+02
6.760000e-06	-4.622282e-06	-1.744527e-09	-3.281907e+01	-1.168248e+02
6.770000e-06	-4.646192e-06	-1.751173e-09	-3.298884e+01	-1.171276e+02
6.780000e-06	-4.669926e-06	-1.756160e-09	-3.315735e+01	-1.174177e+02
6.790000e-06	-4.693456e-06	-1.762116e-09	-3.332442e+01	-1.176955e+02
6.800000e-06	-4.716639e-06	-1.769755e-09	-3.348903e+01	-1.179619e+02
6.810000e-06	-4.739302e-06	-1.776135e-09	-3.364993e+01	-1.182172e+02
6.820000e-06	-4.761334e-06	-1.777378e-09	-3.380637e+01	-1.184622e+02
6.830000e-06	-4.782746e-06	-1.777468e-09	-3.395839e+01	-1.186974e+02
6.840000e-06	-4.803671e-06	-1.781344e-09	-3.410697e+01	-1.189233e+02
6.850000e-06	-4.824208e-06	-1.787351e-09	-3.425278e+01	-1.191405e+02
6.860000e-06	-4.844396e-06	-1.791912e-09	-3.439613e+01	-1.193495e+02
6.870000e-06	-4.864389e-06	-1.794011e-09	-3.453808e+01	-1.195508e+02
6.880000e-06	-4.884294e-06	-1.797346e-09	-3.467941e+01	-1.197448e+02
6.890000e-06	-4.903955e-06	-1.802576e-09	-3.481900e+01	-1.199320e+02
6.900000e-06	-4.923199e-06	-1.807906e-09	-3.495564e+01	-1.201127e+02
6.910000e-06	-4.942004e-06	-1.812738e-09	-3.508916e+01	-1.202873e+02
6.920000e-06	-4.960471e-06	-1.820419e-09	-3.522028e+01	-1.204562e+02
6.930000e-06	-4.978668e-06	-1.830433e-09	-3.534948e+01	-1.206196e+02
6.940000e-06	-4.996551e-06	-1.834868e-09	-3.547646e+01	-1.207778e+02
6.950000e-06	-5.014091e-06	-1.832075e-09	-3.560099e+01	-1.209310e+02
6.960000e-06	-5.031308e-06	-1.828676e-09	-3.572323e+01	-1.210793e+02
6.970000e-06	-5.048187e-06	-1.831092e-09	-3.584308e+01	-1.212230e+02
6.980000e-06	-5.064666e-06	-1.836569e-09	-3.596008e+01	-1.213621e+02
6.990000e-06	-5.080856e-06	-1.842407e-09	-3.607504e+01	-1.214967e+02
7.000000e-06	-5.096883e-06	-1.850703e-09	-3.618883e+01	-1.216268e+02
7.010000e-06	-5.112734e-06	-1.860428e-09	-3.630138e+01	-1.217524e+02
7.020000e-06	-5.128271e-06	-1.864034e-09	-3.641169e+01	-1.218734e+02
7.030000e-06	-5.143287e-06	-1.859469e-09	-3.651831e+01	-1.219899e+02
7.040000e-06	-5.157595e-06	-1.850270e-09	-3.661990e+01	-1.221016e+02
7.050000e-06	-5.171194e-06	-1.843726e-09	-3.671645e+01	-1.222086e+02
7.060000e-06	-5.184202e-06	-1.843125e-09	-3.680881e+01	-1.223106e+02
7.070000e-06	-5.196738e-06	-1.844485e-09	-3.689782e+01	-1.224075e+02
7.080000e-06	-5.208959e-06	-1.850395e-09	-3.698459e+01	-1.224991e+02
7.090000e-06	-5.220939e-06	-1.861575e-09	-3.706965e+01	-1.225852e+02
7.100000e-06	-5.232602e-06	-1.873852e-09	-3.715246e+01	-1.226657e+02
7.110000e-06	-5.243856e-06	-1.876372e-09	-3.723236e+01	-1.227403e+02
7.120000e-06	-5.254667e-06	-1.868253e-09	-3.730912e+01	-1.228089e+02
7.130000e-06	-5.265051e-06	-1.858833e-09	-3.738285e+01	-1.228712e+02
7.140000e-06	-5.275105e-06	-1.852250e-09	-3.745424e+01	-1.229272e+02
7.150000e-06	-5.284813e-06	-1.852176e-09	-3.752316e+01	-1.229766e+02
7.160000e-06	-5.294186e-06	-1.854842e-09	-3.758972e+01	-1.230193e+02
7.170000e-06	-5.303164e-06	-1.860211e-09	-3.765346e+01	-1.230551e+02
7.180000e-06	-5.311663e-06	-1.868083e-09	-3.771381e+01	-1.230841e+02
7.190000e-06	-5.319849e-06	-1.873199e-09	-3.777193e+01	-1.231060e+02
7.200000e-06	-5.327867e-06	-1.872127e-09	-3.782886e+01	-1.231210e+02
7.210000e-06	-5.335730e-06	-1.865472e-09	-3.788469e+01	-1.231288e+02
7.220000e-06	-5.343286e-06	-1.858894e-09	-3.793834e+01	-1.231297e+02
7.230000e-06	-5.350518e-06	-1.854608e-09	-3.798969e+01	-1.231237e+02
7.240000e-06	-5.357337e-06	-1.851928e-09	-3.803810e+01	-1.231108e+02
7.250000e-06	-5.363420e-06	-1.852084e-09	-3.808129e+01	-1.230912e+02
7.260000e-06	-5.368835e-06	-1.855323e-09	-3.811974e+01	-1.230651e+02
7.270000e-06	-5.373800e-06	-1.858484e-09	-3.815499e+01	-1.230327e+02
7.280000e-06	-5.378319e-06	-1.858218e-09	-3.818708e+01	-1.229943e+02
7.290000e-06	-5.382529e-06	-1.855443e-09	-3.821697e+01	-1.229502e+02
7.300000e-06	-5.386516e-06	-1.851164e-09	-3.824527e+01	-1.229007e+02
7.310000e-06	-5.390188e-06	-1.846776e-09	-3.827135e+01	-1.228461e+02
7.320000e-06	-5.393595e-06	-1.842749e-09	-3.829554e+01	-1.227870e+02
7.330000e-06	-5.396608e-06	-1.840299e-09	-3.831693e+01	-1.227236e+02
7.340000e-06	-5.399103e-06	-1.842077e-09	-3.833465e+01	-1.226565e+02
7.350000e-06	-5.401292e-06	-1.845232e-09	-3.835019e+01	-1.225861e+02
7.360000e-06	-5.403293e-06	-1.845501e-09	-3.836440e+01	-1.225130e+02
7.370000e-06	-5.404987e-06	-1.842352e-09	-3.837643e+01	-1.224376e+02
7.380000e-06	-5.406177e-06	-1.838373e-09	-3.838487e+01	-1.223603e+02
7.390000e-06	-5.406884e-06	-1.836653e-09	-3.838990e+01	-1.222819e+02
7.400000e-06	-5.407259e-06	-1.835394e-09	-3.839256e+01	-1.222027e+02
