# Temperatura_=_-1.7
# Concentracion g/m^3_=_4090.0
# C_Vs_to_Am_M_A/Vsm_=_65563218390.804596
# pendiente_HvsI_1/m_=_3716.3
# ordenada_HvsI_A/m_=_1297.0
# frecuencia_Hz_=_135070.47910601992

Tiempo_(s)	Campo_(V.s)	Magnetizacion_(V.s)	Campo_(kA/m)	Magnetizacion_(A/m)
0.000000e+00	-5.418929e-06	-2.068803e-09	-3.839222e+01	-1.376510e+02
1.000000e-08	-5.419109e-06	-2.066750e-09	-3.839349e+01	-1.375262e+02
2.000000e-08	-5.419047e-06	-2.062790e-09	-3.839305e+01	-1.374063e+02
3.000000e-08	-5.418761e-06	-2.058022e-09	-3.839102e+01	-1.372919e+02
4.000000e-08	-5.418092e-06	-2.056788e-09	-3.838629e+01	-1.371838e+02
5.000000e-08	-5.416812e-06	-2.057972e-09	-3.837722e+01	-1.370824e+02
6.000000e-08	-5.414919e-06	-2.059363e-09	-3.836381e+01	-1.369884e+02
7.000000e-08	-5.412375e-06	-2.065697e-09	-3.834579e+01	-1.369021e+02
8.000000e-08	-5.409245e-06	-2.077426e-09	-3.832361e+01	-1.368240e+02
9.000000e-08	-5.405646e-06	-2.068788e-09	-3.829811e+01	-1.367543e+02
1.000000e-07	-5.401616e-06	-2.024595e-09	-3.826956e+01	-1.366933e+02
1.100000e-07	-5.397371e-06	-2.029174e-09	-3.823949e+01	-1.366412e+02
1.200000e-07	-5.393043e-06	-2.082688e-09	-3.820882e+01	-1.365979e+02
1.300000e-07	-5.388371e-06	-2.079937e-09	-3.817572e+01	-1.365635e+02
1.400000e-07	-5.383149e-06	-2.012458e-09	-3.813872e+01	-1.365377e+02
1.500000e-07	-5.377579e-06	-2.017330e-09	-3.809926e+01	-1.365205e+02
1.600000e-07	-5.371753e-06	-2.100215e-09	-3.805798e+01	-1.365115e+02
1.700000e-07	-5.365599e-06	-2.093579e-09	-3.801438e+01	-1.365102e+02
1.800000e-07	-5.358986e-06	-1.984867e-09	-3.796754e+01	-1.365162e+02
1.900000e-07	-5.351930e-06	-1.996421e-09	-3.791754e+01	-1.365290e+02
2.000000e-07	-5.344644e-06	-2.098747e-09	-3.786592e+01	-1.365478e+02
2.100000e-07	-5.337133e-06	-2.104489e-09	-3.781271e+01	-1.365720e+02
2.200000e-07	-5.329288e-06	-2.025901e-09	-3.775713e+01	-1.366008e+02
2.300000e-07	-5.321186e-06	-2.069122e-09	-3.769972e+01	-1.366332e+02
2.400000e-07	-5.312826e-06	-2.154082e-09	-3.764049e+01	-1.366684e+02
2.500000e-07	-5.303906e-06	-2.123201e-09	-3.757730e+01	-1.367054e+02
2.600000e-07	-5.294130e-06	-2.089893e-09	-3.750804e+01	-1.367433e+02
2.700000e-07	-5.283626e-06	-2.157626e-09	-3.743362e+01	-1.367809e+02
2.800000e-07	-5.272688e-06	-2.179679e-09	-3.735613e+01	-1.368171e+02
2.900000e-07	-5.261388e-06	-2.094689e-09	-3.727607e+01	-1.368510e+02
3.000000e-07	-5.249715e-06	-2.095189e-09	-3.719337e+01	-1.368815e+02
3.100000e-07	-5.237683e-06	-2.168284e-09	-3.710812e+01	-1.369073e+02
3.200000e-07	-5.225296e-06	-2.151298e-09	-3.702036e+01	-1.369276e+02
3.300000e-07	-5.212488e-06	-2.092773e-09	-3.692962e+01	-1.369412e+02
3.400000e-07	-5.199277e-06	-2.136730e-09	-3.683602e+01	-1.369471e+02
3.500000e-07	-5.185645e-06	-2.168114e-09	-3.673944e+01	-1.369444e+02
3.600000e-07	-5.171572e-06	-2.129455e-09	-3.663973e+01	-1.369320e+02
3.700000e-07	-5.157066e-06	-2.109702e-09	-3.653696e+01	-1.369092e+02
3.800000e-07	-5.142064e-06	-2.130068e-09	-3.643067e+01	-1.368752e+02
3.900000e-07	-5.126439e-06	-2.100321e-09	-3.631998e+01	-1.368291e+02
4.000000e-07	-5.110307e-06	-2.095570e-09	-3.620568e+01	-1.367704e+02
4.100000e-07	-5.093790e-06	-2.126264e-09	-3.608866e+01	-1.366985e+02
4.200000e-07	-5.076930e-06	-2.111771e-09	-3.596921e+01	-1.366128e+02
4.300000e-07	-5.059821e-06	-2.077657e-09	-3.584799e+01	-1.365131e+02
4.400000e-07	-5.042397e-06	-2.113235e-09	-3.572455e+01	-1.363989e+02
4.500000e-07	-5.024607e-06	-2.127372e-09	-3.559851e+01	-1.362702e+02
4.600000e-07	-5.006503e-06	-2.082255e-09	-3.547025e+01	-1.361267e+02
4.700000e-07	-4.988102e-06	-2.068293e-09	-3.533988e+01	-1.359685e+02
4.800000e-07	-4.969312e-06	-2.093259e-09	-3.520676e+01	-1.357957e+02
4.900000e-07	-4.950096e-06	-2.085262e-09	-3.507061e+01	-1.356085e+02
5.000000e-07	-4.930555e-06	-2.064557e-09	-3.493217e+01	-1.354071e+02
5.100000e-07	-4.910825e-06	-2.061563e-09	-3.479238e+01	-1.351919e+02
5.200000e-07	-4.890898e-06	-2.061388e-09	-3.465121e+01	-1.349634e+02
5.300000e-07	-4.870726e-06	-2.069701e-09	-3.450829e+01	-1.347221e+02
5.400000e-07	-4.850263e-06	-2.072867e-09	-3.436332e+01	-1.344686e+02
5.500000e-07	-4.829422e-06	-2.053507e-09	-3.421566e+01	-1.342036e+02
5.600000e-07	-4.808194e-06	-2.040214e-09	-3.406526e+01	-1.339278e+02
5.700000e-07	-4.786593e-06	-2.055049e-09	-3.391222e+01	-1.336421e+02
5.800000e-07	-4.764729e-06	-2.047028e-09	-3.375732e+01	-1.333473e+02
5.900000e-07	-4.742622e-06	-2.018743e-09	-3.360069e+01	-1.330442e+02
6.000000e-07	-4.720216e-06	-2.007273e-09	-3.344195e+01	-1.327338e+02
6.100000e-07	-4.697486e-06	-2.017644e-09	-3.328091e+01	-1.324169e+02
6.200000e-07	-4.674299e-06	-2.023433e-09	-3.311664e+01	-1.320946e+02
6.300000e-07	-4.650728e-06	-2.021959e-09	-3.294964e+01	-1.317677e+02
6.400000e-07	-4.626964e-06	-2.011832e-09	-3.278128e+01	-1.314372e+02
6.500000e-07	-4.603064e-06	-2.015439e-09	-3.261195e+01	-1.311040e+02
6.600000e-07	-4.578903e-06	-2.020991e-09	-3.244077e+01	-1.307689e+02
6.700000e-07	-4.554387e-06	-2.007234e-09	-3.226708e+01	-1.304329e+02
6.800000e-07	-4.529458e-06	-1.981092e-09	-3.209047e+01	-1.300966e+02
6.900000e-07	-4.503959e-06	-1.977066e-09	-3.190980e+01	-1.297610e+02
7.000000e-07	-4.477883e-06	-1.984389e-09	-3.172507e+01	-1.294267e+02
7.100000e-07	-4.451260e-06	-1.985797e-09	-3.153645e+01	-1.290943e+02
7.200000e-07	-4.424231e-06	-1.978675e-09	-3.134495e+01	-1.287644e+02
7.300000e-07	-4.396970e-06	-1.978947e-09	-3.115181e+01	-1.284375e+02
7.400000e-07	-4.369426e-06	-1.985575e-09	-3.095667e+01	-1.281141e+02
7.500000e-07	-4.341678e-06	-1.987366e-09	-3.076007e+01	-1.277946e+02
7.600000e-07	-4.313751e-06	-1.971858e-09	-3.056221e+01	-1.274791e+02
7.700000e-07	-4.285561e-06	-1.953148e-09	-3.036249e+01	-1.271680e+02
7.800000e-07	-4.257103e-06	-1.947758e-09	-3.016087e+01	-1.268613e+02
7.900000e-07	-4.228313e-06	-1.947422e-09	-2.995690e+01	-1.265590e+02
8.000000e-07	-4.199251e-06	-1.940804e-09	-2.975100e+01	-1.262612e+02
8.100000e-07	-4.170028e-06	-1.934823e-09	-2.954396e+01	-1.259676e+02
8.200000e-07	-4.140526e-06	-1.937201e-09	-2.933494e+01	-1.256783e+02
8.300000e-07	-4.110597e-06	-1.941700e-09	-2.912290e+01	-1.253927e+02
8.400000e-07	-4.080362e-06	-1.937436e-09	-2.890869e+01	-1.251108e+02
8.500000e-07	-4.049876e-06	-1.921931e-09	-2.869270e+01	-1.248320e+02
8.600000e-07	-4.019100e-06	-1.909406e-09	-2.847466e+01	-1.245559e+02
8.700000e-07	-3.988065e-06	-1.905271e-09	-2.825478e+01	-1.242822e+02
8.800000e-07	-3.956810e-06	-1.902129e-09	-2.803334e+01	-1.240101e+02
8.900000e-07	-3.925433e-06	-1.892410e-09	-2.781104e+01	-1.237392e+02
9.000000e-07	-3.893915e-06	-1.885439e-09	-2.758774e+01	-1.234690e+02
9.100000e-07	-3.862175e-06	-1.884512e-09	-2.736287e+01	-1.231987e+02
9.200000e-07	-3.830211e-06	-1.886243e-09	-2.713641e+01	-1.229278e+02
9.300000e-07	-3.797941e-06	-1.881485e-09	-2.690778e+01	-1.226556e+02
9.400000e-07	-3.765300e-06	-1.876174e-09	-2.667653e+01	-1.223816e+02
9.500000e-07	-3.732377e-06	-1.874277e-09	-2.644328e+01	-1.221050e+02
9.600000e-07	-3.699067e-06	-1.873312e-09	-2.620728e+01	-1.218254e+02
9.700000e-07	-3.665297e-06	-1.863134e-09	-2.596803e+01	-1.215421e+02
9.800000e-07	-3.631062e-06	-1.848392e-09	-2.572547e+01	-1.212545e+02
9.900000e-07	-3.596383e-06	-1.836199e-09	-2.547978e+01	-1.209622e+02
1.000000e-06	-3.561393e-06	-1.834135e-09	-2.523188e+01	-1.206647e+02
1.010000e-06	-3.526168e-06	-1.834384e-09	-2.498232e+01	-1.203615e+02
1.020000e-06	-3.490738e-06	-1.831880e-09	-2.473130e+01	-1.200522e+02
1.030000e-06	-3.455142e-06	-1.827852e-09	-2.447911e+01	-1.197364e+02
1.040000e-06	-3.419441e-06	-1.824907e-09	-2.422617e+01	-1.194140e+02
1.050000e-06	-3.383545e-06	-1.817648e-09	-2.397186e+01	-1.190846e+02
1.060000e-06	-3.347433e-06	-1.806286e-09	-2.371601e+01	-1.187480e+02
1.070000e-06	-3.311138e-06	-1.795346e-09	-2.345887e+01	-1.184041e+02
1.080000e-06	-3.274615e-06	-1.787217e-09	-2.320011e+01	-1.180529e+02
1.090000e-06	-3.237843e-06	-1.782788e-09	-2.293958e+01	-1.176942e+02
1.100000e-06	-3.200725e-06	-1.780776e-09	-2.267661e+01	-1.173282e+02
1.110000e-06	-3.163360e-06	-1.779793e-09	-2.241189e+01	-1.169548e+02
1.120000e-06	-3.125899e-06	-1.777327e-09	-2.214648e+01	-1.165743e+02
1.130000e-06	-3.088234e-06	-1.771799e-09	-2.187963e+01	-1.161867e+02
1.140000e-06	-3.050384e-06	-1.763198e-09	-2.161147e+01	-1.157922e+02
1.150000e-06	-3.012343e-06	-1.754602e-09	-2.134195e+01	-1.153911e+02
1.160000e-06	-2.974002e-06	-1.745610e-09	-2.107031e+01	-1.149836e+02
1.170000e-06	-2.935441e-06	-1.736410e-09	-2.079712e+01	-1.145699e+02
1.180000e-06	-2.896716e-06	-1.728415e-09	-2.052276e+01	-1.141505e+02
1.190000e-06	-2.857782e-06	-1.722210e-09	-2.024691e+01	-1.137256e+02
1.200000e-06	-2.818626e-06	-1.718448e-09	-1.996950e+01	-1.132955e+02
1.210000e-06	-2.779273e-06	-1.718197e-09	-1.969069e+01	-1.128605e+02
1.220000e-06	-2.739713e-06	-1.715965e-09	-1.941042e+01	-1.124209e+02
1.230000e-06	-2.699998e-06	-1.709795e-09	-1.912904e+01	-1.119770e+02
1.240000e-06	-2.660235e-06	-1.699613e-09	-1.884732e+01	-1.115291e+02
1.250000e-06	-2.620430e-06	-1.692563e-09	-1.856531e+01	-1.110775e+02
1.260000e-06	-2.580518e-06	-1.686044e-09	-1.828255e+01	-1.106224e+02
1.270000e-06	-2.540446e-06	-1.677311e-09	-1.799864e+01	-1.101639e+02
1.280000e-06	-2.500185e-06	-1.668830e-09	-1.771340e+01	-1.097023e+02
1.290000e-06	-2.459824e-06	-1.663284e-09	-1.742745e+01	-1.092377e+02
1.300000e-06	-2.419351e-06	-1.660604e-09	-1.714070e+01	-1.087701e+02
1.310000e-06	-2.378714e-06	-1.654472e-09	-1.685280e+01	-1.082996e+02
1.320000e-06	-2.337855e-06	-1.642827e-09	-1.656332e+01	-1.078262e+02
1.330000e-06	-2.296584e-06	-1.633019e-09	-1.627092e+01	-1.073499e+02
1.340000e-06	-2.254959e-06	-1.629560e-09	-1.597601e+01	-1.068705e+02
1.350000e-06	-2.213061e-06	-1.628615e-09	-1.567917e+01	-1.063878e+02
1.360000e-06	-2.170888e-06	-1.622521e-09	-1.538038e+01	-1.059018e+02
1.370000e-06	-2.128547e-06	-1.611577e-09	-1.508041e+01	-1.054121e+02
1.380000e-06	-2.085917e-06	-1.601138e-09	-1.477838e+01	-1.049185e+02
1.390000e-06	-2.042855e-06	-1.591373e-09	-1.447329e+01	-1.044206e+02
1.400000e-06	-1.999663e-06	-1.579774e-09	-1.416728e+01	-1.039181e+02
1.410000e-06	-1.956474e-06	-1.568286e-09	-1.386130e+01	-1.034105e+02
1.420000e-06	-1.913113e-06	-1.562078e-09	-1.355409e+01	-1.028974e+02
1.430000e-06	-1.869615e-06	-1.561839e-09	-1.324592e+01	-1.023783e+02
1.440000e-06	-1.826053e-06	-1.559621e-09	-1.293729e+01	-1.018527e+02
1.450000e-06	-1.782391e-06	-1.550652e-09	-1.262795e+01	-1.013201e+02
1.460000e-06	-1.738664e-06	-1.539656e-09	-1.231815e+01	-1.007800e+02
1.470000e-06	-1.694861e-06	-1.530150e-09	-1.200781e+01	-1.002317e+02
1.480000e-06	-1.650982e-06	-1.519782e-09	-1.169693e+01	-9.967473e+01
1.490000e-06	-1.607020e-06	-1.506037e-09	-1.138547e+01	-9.910851e+01
1.500000e-06	-1.562897e-06	-1.495870e-09	-1.107287e+01	-9.853246e+01
1.510000e-06	-1.518630e-06	-1.493140e-09	-1.075924e+01	-9.794601e+01
1.520000e-06	-1.474334e-06	-1.490142e-09	-1.044541e+01	-9.734858e+01
1.530000e-06	-1.430033e-06	-1.480191e-09	-1.013155e+01	-9.673963e+01
1.540000e-06	-1.385658e-06	-1.465727e-09	-9.817155e+00	-9.611862e+01
1.550000e-06	-1.341202e-06	-1.452826e-09	-9.502193e+00	-9.548503e+01
1.560000e-06	-1.296705e-06	-1.440862e-09	-9.186938e+00	-9.483835e+01
1.570000e-06	-1.252126e-06	-1.427057e-09	-8.871106e+00	-9.417810e+01
1.580000e-06	-1.207420e-06	-1.414363e-09	-8.554372e+00	-9.350382e+01
1.590000e-06	-1.162584e-06	-1.405275e-09	-8.236713e+00	-9.281509e+01
1.600000e-06	-1.117604e-06	-1.398592e-09	-7.918039e+00	-9.211147e+01
1.610000e-06	-1.072549e-06	-1.388072e-09	-7.598831e+00	-9.139260e+01
1.620000e-06	-1.027403e-06	-1.372915e-09	-7.278983e+00	-9.065809e+01
1.630000e-06	-9.821896e-07	-1.358238e-09	-6.958651e+00	-8.990761e+01
1.640000e-06	-9.369732e-07	-1.346703e-09	-6.638301e+00	-8.914084e+01
1.650000e-06	-8.916923e-07	-1.334200e-09	-6.317493e+00	-8.835746e+01
1.660000e-06	-8.463642e-07	-1.318668e-09	-5.996351e+00	-8.755718e+01
1.670000e-06	-8.009731e-07	-1.305130e-09	-5.674763e+00	-8.673973e+01
1.680000e-06	-7.554375e-07	-1.295359e-09	-5.352150e+00	-8.590482e+01
1.690000e-06	-7.097989e-07	-1.284060e-09	-5.028808e+00	-8.505219e+01
1.700000e-06	-6.641106e-07	-1.267393e-09	-4.705114e+00	-8.418156e+01
1.710000e-06	-6.184014e-07	-1.249951e-09	-4.381272e+00	-8.329267e+01
1.720000e-06	-5.726871e-07	-1.238903e-09	-4.057393e+00	-8.238522e+01
1.730000e-06	-5.269843e-07	-1.230475e-09	-3.733596e+00	-8.145892e+01
1.740000e-06	-4.812338e-07	-1.217472e-09	-3.409462e+00	-8.051344e+01
1.750000e-06	-4.353837e-07	-1.199284e-09	-3.084622e+00	-7.954845e+01
1.760000e-06	-3.894911e-07	-1.181556e-09	-2.759480e+00	-7.856359e+01
1.770000e-06	-3.436099e-07	-1.165414e-09	-2.434419e+00	-7.755843e+01
1.780000e-06	-2.976853e-07	-1.146254e-09	-2.109051e+00	-7.653256e+01
1.790000e-06	-2.517066e-07	-1.126773e-09	-1.783299e+00	-7.548550e+01
1.800000e-06	-2.057375e-07	-1.111011e-09	-1.457616e+00	-7.441672e+01
1.810000e-06	-1.597426e-07	-1.098806e-09	-1.131750e+00	-7.332567e+01
1.820000e-06	-1.138485e-07	-1.085652e-09	-8.065975e-01	-7.221175e+01
1.830000e-06	-6.796822e-08	-1.070088e-09	-4.815436e-01	-7.107429e+01
1.840000e-06	-2.190348e-08	-1.052801e-09	-1.551826e-01	-6.991259e+01
1.850000e-06	2.413349e-08	-1.034755e-09	1.709818e-01	-6.872590e+01
1.860000e-06	7.007192e-08	-1.014103e-09	4.964480e-01	-6.751343e+01
1.870000e-06	1.160361e-07	-9.914910e-10	8.220963e-01	-6.627433e+01
1.880000e-06	1.620366e-07	-9.714935e-10	1.148003e+00	-6.500773e+01
1.890000e-06	2.080331e-07	-9.550435e-10	1.473880e+00	-6.371268e+01
1.900000e-06	2.539366e-07	-9.363457e-10	1.799099e+00	-6.238824e+01
1.910000e-06	2.997778e-07	-9.140106e-10	2.123876e+00	-6.103342e+01
1.920000e-06	3.456608e-07	-8.913281e-10	2.448950e+00	-5.964720e+01
1.930000e-06	3.915280e-07	-8.683540e-10	2.773911e+00	-5.822855e+01
1.940000e-06	4.373006e-07	-8.437631e-10	3.098203e+00	-5.677643e+01
1.950000e-06	4.829539e-07	-8.164429e-10	3.421649e+00	-5.528979e+01
1.960000e-06	5.285657e-07	-7.914087e-10	3.744801e+00	-5.376760e+01
1.970000e-06	5.741355e-07	-7.698277e-10	4.067655e+00	-5.220883e+01
1.980000e-06	6.196797e-07	-7.480913e-10	4.390328e+00	-5.061247e+01
1.990000e-06	6.652960e-07	-7.244141e-10	4.713512e+00	-4.897756e+01
2.000000e-06	7.109212e-07	-7.002179e-10	5.036759e+00	-4.730317e+01
2.010000e-06	7.564476e-07	-6.763190e-10	5.359306e+00	-4.558843e+01
2.020000e-06	8.018881e-07	-6.517390e-10	5.681245e+00	-4.383253e+01
2.030000e-06	8.473544e-07	-6.238729e-10	6.003366e+00	-4.203474e+01
2.040000e-06	8.927566e-07	-5.952378e-10	6.325033e+00	-4.019441e+01
2.050000e-06	9.380413e-07	-5.669604e-10	6.645868e+00	-3.831097e+01
2.060000e-06	9.832655e-07	-5.364193e-10	6.966274e+00	-3.638399e+01
2.070000e-06	1.028429e-06	-5.028456e-10	7.286252e+00	-3.441311e+01
2.080000e-06	1.073512e-06	-4.701628e-10	7.605652e+00	-3.239813e+01
2.090000e-06	1.118460e-06	-4.399008e-10	7.924105e+00	-3.033896e+01
2.100000e-06	1.163298e-06	-4.116812e-10	8.241777e+00	-2.823565e+01
2.110000e-06	1.208063e-06	-3.825003e-10	8.558928e+00	-2.608840e+01
2.120000e-06	1.252794e-06	-3.484919e-10	8.875840e+00	-2.389755e+01
2.130000e-06	1.297356e-06	-3.126229e-10	9.191556e+00	-2.166360e+01
2.140000e-06	1.341697e-06	-2.781820e-10	9.505700e+00	-1.938723e+01
2.150000e-06	1.385940e-06	-2.444395e-10	9.819154e+00	-1.706926e+01
2.160000e-06	1.430178e-06	-2.103251e-10	1.013258e+01	-1.471067e+01
2.170000e-06	1.474357e-06	-1.764129e-10	1.044558e+01	-1.231262e+01
2.180000e-06	1.518413e-06	-1.429791e-10	1.075771e+01	-9.876444e+00
2.190000e-06	1.562431e-06	-1.094620e-10	1.106957e+01	-7.403615e+00
2.200000e-06	1.606414e-06	-7.242493e-11	1.138118e+01	-4.895784e+00
2.210000e-06	1.650317e-06	-3.259960e-11	1.169223e+01	-2.354756e+00
2.220000e-06	1.694142e-06	7.640534e-12	1.200271e+01	2.175109e-01
2.230000e-06	1.737933e-06	4.855385e-11	1.231297e+01	2.818912e+00
2.240000e-06	1.781695e-06	9.090116e-11	1.262301e+01	5.447201e+00
2.250000e-06	1.825410e-06	1.316599e-10	1.293273e+01	8.100003e+00
2.260000e-06	1.869031e-06	1.709247e-10	1.324178e+01	1.077482e+01
2.270000e-06	1.912582e-06	2.092127e-10	1.355032e+01	1.346903e+01
2.280000e-06	1.956012e-06	2.484586e-10	1.385802e+01	1.617993e+01
2.290000e-06	1.999183e-06	2.903228e-10	1.416388e+01	1.890471e+01
2.300000e-06	2.042198e-06	3.323359e-10	1.446863e+01	2.164048e+01
2.310000e-06	2.085055e-06	3.716205e-10	1.477227e+01	2.438429e+01
2.320000e-06	2.127727e-06	4.120308e-10	1.507460e+01	2.713315e+01
2.330000e-06	2.170100e-06	4.552720e-10	1.537480e+01	2.988400e+01
2.340000e-06	2.212121e-06	4.961075e-10	1.567252e+01	3.263377e+01
2.350000e-06	2.253934e-06	5.336967e-10	1.596875e+01	3.537940e+01
2.360000e-06	2.295564e-06	5.726375e-10	1.626369e+01	3.811779e+01
2.370000e-06	2.336839e-06	6.157320e-10	1.655612e+01	4.084589e+01
2.380000e-06	2.377741e-06	6.593888e-10	1.684591e+01	4.356066e+01
2.390000e-06	2.418450e-06	7.000141e-10	1.713432e+01	4.625911e+01
2.400000e-06	2.458967e-06	7.392088e-10	1.742137e+01	4.893831e+01
2.410000e-06	2.499257e-06	7.775193e-10	1.770682e+01	5.159540e+01
2.420000e-06	2.539311e-06	8.162755e-10	1.799060e+01	5.422758e+01
2.430000e-06	2.579263e-06	8.564393e-10	1.827366e+01	5.683217e+01
2.440000e-06	2.619169e-06	8.972311e-10	1.855638e+01	5.940658e+01
2.450000e-06	2.658999e-06	9.370355e-10	1.883857e+01	6.194834e+01
2.460000e-06	2.698729e-06	9.765304e-10	1.912005e+01	6.445507e+01
2.470000e-06	2.738354e-06	1.015350e-09	1.940079e+01	6.692457e+01
2.480000e-06	2.777847e-06	1.051133e-09	1.968059e+01	6.935473e+01
2.490000e-06	2.817207e-06	1.084595e-09	1.995944e+01	7.174362e+01
2.500000e-06	2.856339e-06	1.117187e-09	2.023669e+01	7.408943e+01
2.510000e-06	2.895087e-06	1.150078e-09	2.051121e+01	7.639052e+01
2.520000e-06	2.933576e-06	1.186275e-09	2.078390e+01	7.864539e+01
2.530000e-06	2.971938e-06	1.225129e-09	2.105569e+01	8.085272e+01
2.540000e-06	3.010144e-06	1.261212e-09	2.132637e+01	8.301132e+01
2.550000e-06	3.048182e-06	1.292597e-09	2.159587e+01	8.512018e+01
2.560000e-06	3.086046e-06	1.320797e-09	2.186413e+01	8.717843e+01
2.570000e-06	3.123724e-06	1.349092e-09	2.213107e+01	8.918538e+01
2.580000e-06	3.161123e-06	1.375538e-09	2.239604e+01	9.114046e+01
2.590000e-06	3.198225e-06	1.401534e-09	2.265889e+01	9.304328e+01
2.600000e-06	3.235149e-06	1.430412e-09	2.292049e+01	9.489357e+01
2.610000e-06	3.271847e-06	1.462866e-09	2.318050e+01	9.669122e+01
2.620000e-06	3.308263e-06	1.495896e-09	2.343850e+01	9.843623e+01
2.630000e-06	3.344443e-06	1.523240e-09	2.369483e+01	1.001288e+02
2.640000e-06	3.380466e-06	1.543107e-09	2.395005e+01	1.017691e+02
2.650000e-06	3.416370e-06	1.559723e-09	2.420442e+01	1.033575e+02
2.660000e-06	3.452154e-06	1.577258e-09	2.445794e+01	1.048946e+02
2.670000e-06	3.487801e-06	1.594156e-09	2.471049e+01	1.063809e+02
2.680000e-06	3.523323e-06	1.611237e-09	2.496216e+01	1.078171e+02
2.690000e-06	3.558605e-06	1.633397e-09	2.521213e+01	1.092039e+02
2.700000e-06	3.593526e-06	1.660116e-09	2.545954e+01	1.105422e+02
2.710000e-06	3.628057e-06	1.685047e-09	2.570418e+01	1.118328e+02
2.720000e-06	3.662188e-06	1.705593e-09	2.594599e+01	1.130768e+02
2.730000e-06	3.695860e-06	1.722596e-09	2.618456e+01	1.142751e+02
2.740000e-06	3.729032e-06	1.738641e-09	2.641958e+01	1.154288e+02
2.750000e-06	3.761796e-06	1.752701e-09	2.665170e+01	1.165389e+02
2.760000e-06	3.794234e-06	1.765163e-09	2.688152e+01	1.176066e+02
2.770000e-06	3.826409e-06	1.778087e-09	2.710948e+01	1.186331e+02
2.780000e-06	3.858386e-06	1.792185e-09	2.733603e+01	1.196194e+02
2.790000e-06	3.890197e-06	1.806852e-09	2.756140e+01	1.205667e+02
2.800000e-06	3.921818e-06	1.819258e-09	2.778544e+01	1.214762e+02
2.810000e-06	3.953310e-06	1.829976e-09	2.800855e+01	1.223492e+02
2.820000e-06	3.984599e-06	1.841860e-09	2.823022e+01	1.231866e+02
2.830000e-06	4.015494e-06	1.856988e-09	2.844912e+01	1.239898e+02
2.840000e-06	4.046000e-06	1.870377e-09	2.866525e+01	1.247599e+02
2.850000e-06	4.076268e-06	1.881444e-09	2.887968e+01	1.254980e+02
2.860000e-06	4.106295e-06	1.891782e-09	2.909242e+01	1.262052e+02
2.870000e-06	4.136022e-06	1.900765e-09	2.930304e+01	1.268826e+02
2.880000e-06	4.165531e-06	1.908682e-09	2.951210e+01	1.275313e+02
2.890000e-06	4.194819e-06	1.915677e-09	2.971960e+01	1.281525e+02
2.900000e-06	4.223784e-06	1.922588e-09	2.992481e+01	1.287471e+02
2.910000e-06	4.252453e-06	1.932852e-09	3.012793e+01	1.293161e+02
2.920000e-06	4.280869e-06	1.943431e-09	3.032925e+01	1.298606e+02
2.930000e-06	4.309039e-06	1.951113e-09	3.052883e+01	1.303815e+02
2.940000e-06	4.337003e-06	1.956978e-09	3.072695e+01	1.308798e+02
2.950000e-06	4.364848e-06	1.961739e-09	3.092423e+01	1.313564e+02
2.960000e-06	4.392562e-06	1.967173e-09	3.112058e+01	1.318122e+02
2.970000e-06	4.420003e-06	1.973780e-09	3.131499e+01	1.322481e+02
2.980000e-06	4.447138e-06	1.978912e-09	3.150724e+01	1.326649e+02
2.990000e-06	4.473814e-06	1.984277e-09	3.169624e+01	1.330636e+02
3.000000e-06	4.499830e-06	1.990871e-09	3.188055e+01	1.334448e+02
3.010000e-06	4.525349e-06	1.997593e-09	3.206135e+01	1.338095e+02
3.020000e-06	4.550352e-06	2.004954e-09	3.223849e+01	1.341583e+02
3.030000e-06	4.574797e-06	2.011944e-09	3.241168e+01	1.344920e+02
3.040000e-06	4.598920e-06	2.017607e-09	3.258259e+01	1.348113e+02
3.050000e-06	4.622791e-06	2.021636e-09	3.275171e+01	1.351170e+02
3.060000e-06	4.646448e-06	2.022977e-09	3.291932e+01	1.354097e+02
3.070000e-06	4.669948e-06	2.021677e-09	3.308581e+01	1.356901e+02
3.080000e-06	4.693143e-06	2.023108e-09	3.325015e+01	1.359587e+02
3.090000e-06	4.715938e-06	2.027351e-09	3.341164e+01	1.362163e+02
3.100000e-06	4.738411e-06	2.033086e-09	3.357086e+01	1.364633e+02
3.110000e-06	4.760580e-06	2.039449e-09	3.372792e+01	1.367003e+02
3.120000e-06	4.782493e-06	2.045555e-09	3.388317e+01	1.369278e+02
3.130000e-06	4.804172e-06	2.050291e-09	3.403677e+01	1.371464e+02
3.140000e-06	4.825466e-06	2.052975e-09	3.418763e+01	1.373564e+02
3.150000e-06	4.846341e-06	2.054700e-09	3.433553e+01	1.375583e+02
3.160000e-06	4.866906e-06	2.055849e-09	3.448123e+01	1.377525e+02
3.170000e-06	4.887138e-06	2.055950e-09	3.462457e+01	1.379393e+02
3.180000e-06	4.907057e-06	2.056398e-09	3.476569e+01	1.381190e+02
3.190000e-06	4.926788e-06	2.059423e-09	3.490548e+01	1.382919e+02
3.200000e-06	4.946403e-06	2.064461e-09	3.504445e+01	1.384583e+02
3.210000e-06	4.965711e-06	2.068394e-09	3.518124e+01	1.386184e+02
3.220000e-06	4.984639e-06	2.071414e-09	3.531534e+01	1.387722e+02
3.230000e-06	5.003186e-06	2.075810e-09	3.544675e+01	1.389200e+02
3.240000e-06	5.021203e-06	2.078691e-09	3.557440e+01	1.390618e+02
3.250000e-06	5.038840e-06	2.076607e-09	3.569935e+01	1.391977e+02
3.260000e-06	5.056198e-06	2.071869e-09	3.582233e+01	1.393276e+02
3.270000e-06	5.073243e-06	2.068041e-09	3.594309e+01	1.394516e+02
3.280000e-06	5.090087e-06	2.068809e-09	3.606243e+01	1.395695e+02
3.290000e-06	5.106703e-06	2.075596e-09	3.618015e+01	1.396814e+02
3.300000e-06	5.122888e-06	2.083378e-09	3.629482e+01	1.397870e+02
3.310000e-06	5.138497e-06	2.088719e-09	3.640541e+01	1.398863e+02
3.320000e-06	5.153602e-06	2.090909e-09	3.651242e+01	1.399790e+02
3.330000e-06	5.168268e-06	2.089135e-09	3.661633e+01	1.400649e+02
3.340000e-06	5.182401e-06	2.084381e-09	3.671646e+01	1.401439e+02
3.350000e-06	5.196160e-06	2.080006e-09	3.681393e+01	1.402157e+02
3.360000e-06	5.209597e-06	2.079410e-09	3.690914e+01	1.402802e+02
3.370000e-06	5.222649e-06	2.081882e-09	3.700161e+01	1.403370e+02
3.380000e-06	5.235334e-06	2.086065e-09	3.709148e+01	1.403859e+02
3.390000e-06	5.247619e-06	2.091725e-09	3.717852e+01	1.404267e+02
3.400000e-06	5.259553e-06	2.096344e-09	3.726306e+01	1.404593e+02
3.410000e-06	5.271147e-06	2.096011e-09	3.734520e+01	1.404833e+02
3.420000e-06	5.282455e-06	2.090034e-09	3.742532e+01	1.404986e+02
3.430000e-06	5.293341e-06	2.082570e-09	3.750245e+01	1.405051e+02
3.440000e-06	5.303502e-06	2.079383e-09	3.757444e+01	1.405027e+02
3.450000e-06	5.312883e-06	2.079886e-09	3.764090e+01	1.404911e+02
3.460000e-06	5.321693e-06	2.081022e-09	3.770332e+01	1.404705e+02
3.470000e-06	5.330114e-06	2.083740e-09	3.776298e+01	1.404408e+02
3.480000e-06	5.338196e-06	2.087747e-09	3.782024e+01	1.404019e+02
3.490000e-06	5.346078e-06	2.090452e-09	3.787608e+01	1.403541e+02
3.500000e-06	5.353762e-06	2.089919e-09	3.793052e+01	1.402973e+02
3.510000e-06	5.361086e-06	2.087394e-09	3.798241e+01	1.402319e+02
3.520000e-06	5.367984e-06	2.085401e-09	3.803128e+01	1.401581e+02
3.530000e-06	5.374404e-06	2.084405e-09	3.807676e+01	1.400761e+02
3.540000e-06	5.380439e-06	2.082268e-09	3.811952e+01	1.399863e+02
3.550000e-06	5.386229e-06	2.078801e-09	3.816055e+01	1.398891e+02
3.560000e-06	5.391685e-06	2.078254e-09	3.819920e+01	1.397850e+02
3.570000e-06	5.396749e-06	2.081700e-09	3.823507e+01	1.396745e+02
3.580000e-06	5.401444e-06	2.085472e-09	3.826834e+01	1.395581e+02
3.590000e-06	5.405805e-06	2.086390e-09	3.829924e+01	1.394365e+02
3.600000e-06	5.409907e-06	2.085220e-09	3.832830e+01	1.393103e+02
3.610000e-06	5.413765e-06	2.084176e-09	3.835563e+01	1.391803e+02
3.620000e-06	5.417370e-06	2.083489e-09	3.838117e+01	1.390470e+02
3.630000e-06	5.420601e-06	2.081083e-09	3.840406e+01	1.389114e+02
3.640000e-06	5.423301e-06	2.077856e-09	3.842319e+01	1.387742e+02
3.650000e-06	5.425431e-06	2.077718e-09	3.843829e+01	1.386362e+02
3.660000e-06	5.426944e-06	2.082233e-09	3.844900e+01	1.384982e+02
3.670000e-06	5.427937e-06	2.086435e-09	3.845604e+01	1.383611e+02
3.680000e-06	5.428414e-06	2.086052e-09	3.845942e+01	1.382256e+02
3.690000e-06	5.428496e-06	2.084608e-09	3.846000e+01	1.380926e+02
3.700000e-06	5.428402e-06	2.083352e-09	3.845933e+01	1.379628e+02
3.710000e-06	5.428032e-06	2.083300e-09	3.845671e+01	1.378370e+02
3.720000e-06	5.427329e-06	2.083461e-09	3.845173e+01	1.377160e+02
3.730000e-06	5.426326e-06	2.082386e-09	3.844462e+01	1.376005e+02
3.740000e-06	5.424925e-06	2.079953e-09	3.843470e+01	1.374910e+02
3.750000e-06	5.423119e-06	2.075865e-09	3.842190e+01	1.373883e+02
3.760000e-06	5.421107e-06	2.068202e-09	3.840765e+01	1.372928e+02
3.770000e-06	5.418802e-06	2.041730e-09	3.839132e+01	1.372049e+02
3.780000e-06	5.416034e-06	2.014439e-09	3.837171e+01	1.371252e+02
3.790000e-06	5.412805e-06	2.044142e-09	3.834883e+01	1.370539e+02
3.800000e-06	5.409158e-06	2.083565e-09	3.832299e+01	1.369912e+02
3.810000e-06	5.405145e-06	2.046018e-09	3.829456e+01	1.369373e+02
3.820000e-06	5.400888e-06	2.003210e-09	3.826440e+01	1.368923e+02
3.830000e-06	5.396496e-06	2.044908e-09	3.823328e+01	1.368562e+02
3.840000e-06	5.391735e-06	2.078784e-09	3.819955e+01	1.368288e+02
3.850000e-06	5.386401e-06	2.019621e-09	3.816176e+01	1.368100e+02
3.860000e-06	5.380595e-06	1.951285e-09	3.812063e+01	1.367993e+02
3.870000e-06	5.374387e-06	2.024651e-09	3.807664e+01	1.367966e+02
3.880000e-06	5.367539e-06	2.100867e-09	3.802813e+01	1.368012e+02
3.890000e-06	5.360092e-06	2.018592e-09	3.797537e+01	1.368127e+02
3.900000e-06	5.352314e-06	1.960959e-09	3.792026e+01	1.368303e+02
3.910000e-06	5.344222e-06	2.054659e-09	3.786293e+01	1.368534e+02
3.920000e-06	5.335763e-06	2.099550e-09	3.780300e+01	1.368812e+02
3.930000e-06	5.326900e-06	1.960362e-09	3.774021e+01	1.369129e+02
3.940000e-06	5.317795e-06	1.930584e-09	3.767570e+01	1.369475e+02
3.950000e-06	5.308398e-06	2.073322e-09	3.760912e+01	1.369840e+02
3.960000e-06	5.298571e-06	2.097328e-09	3.753950e+01	1.370216e+02
3.970000e-06	5.288402e-06	1.960972e-09	3.746746e+01	1.370590e+02
3.980000e-06	5.277944e-06	2.001545e-09	3.739336e+01	1.370954e+02
3.990000e-06	5.267083e-06	2.153091e-09	3.731642e+01	1.371295e+02
4.000000e-06	5.255845e-06	2.112436e-09	3.723680e+01	1.371604e+02
4.010000e-06	5.244254e-06	2.013220e-09	3.715467e+01	1.371869e+02
4.020000e-06	5.232151e-06	2.110646e-09	3.706893e+01	1.372079e+02
4.030000e-06	5.219564e-06	2.196744e-09	3.697975e+01	1.372225e+02
4.040000e-06	5.206705e-06	2.083036e-09	3.688865e+01	1.372295e+02
4.050000e-06	5.193548e-06	2.028829e-09	3.679543e+01	1.372280e+02
4.060000e-06	5.179648e-06	2.123419e-09	3.669695e+01	1.372171e+02
4.070000e-06	5.164894e-06	2.134033e-09	3.659242e+01	1.371959e+02
4.080000e-06	5.149646e-06	2.063173e-09	3.648439e+01	1.371635e+02
4.090000e-06	5.134034e-06	2.094774e-09	3.637378e+01	1.371193e+02
4.100000e-06	5.118122e-06	2.123265e-09	3.626105e+01	1.370625e+02
4.110000e-06	5.102054e-06	2.078113e-09	3.614721e+01	1.369926e+02
4.120000e-06	5.085703e-06	2.076532e-09	3.603137e+01	1.369090e+02
4.130000e-06	5.068908e-06	2.097251e-09	3.591238e+01	1.368114e+02
4.140000e-06	5.051680e-06	2.039109e-09	3.579032e+01	1.366995e+02
4.150000e-06	5.034149e-06	2.030422e-09	3.566611e+01	1.365729e+02
4.160000e-06	5.016375e-06	2.092702e-09	3.554019e+01	1.364317e+02
4.170000e-06	4.998304e-06	2.089381e-09	3.541216e+01	1.362757e+02
4.180000e-06	4.979840e-06	2.038915e-09	3.528134e+01	1.361051e+02
4.190000e-06	4.960976e-06	2.057208e-09	3.514770e+01	1.359200e+02
4.200000e-06	4.941808e-06	2.071379e-09	3.501189e+01	1.357207e+02
4.210000e-06	4.922344e-06	2.044899e-09	3.487400e+01	1.355076e+02
4.220000e-06	4.902542e-06	2.026507e-09	3.473370e+01	1.352810e+02
4.230000e-06	4.882507e-06	2.023000e-09	3.459175e+01	1.350415e+02
4.240000e-06	4.862354e-06	2.029816e-09	3.444897e+01	1.347898e+02
4.250000e-06	4.841959e-06	2.053467e-09	3.430448e+01	1.345265e+02
4.260000e-06	4.821145e-06	2.045576e-09	3.415702e+01	1.342522e+02
4.270000e-06	4.799947e-06	2.019584e-09	3.400684e+01	1.339679e+02
4.280000e-06	4.778275e-06	2.030224e-09	3.385329e+01	1.336743e+02
4.290000e-06	4.755941e-06	2.035460e-09	3.369505e+01	1.333723e+02
4.300000e-06	4.733023e-06	2.009850e-09	3.353269e+01	1.330628e+02
4.310000e-06	4.709599e-06	1.997259e-09	3.336673e+01	1.327467e+02
4.320000e-06	4.685802e-06	2.004179e-09	3.319814e+01	1.324250e+02
4.330000e-06	4.661795e-06	2.008114e-09	3.302805e+01	1.320986e+02
4.340000e-06	4.637565e-06	2.010834e-09	3.285638e+01	1.317684e+02
4.350000e-06	4.613110e-06	1.993237e-09	3.268312e+01	1.314353e+02
4.360000e-06	4.588405e-06	1.973854e-09	3.250809e+01	1.311003e+02
4.370000e-06	4.563359e-06	1.982196e-09	3.233064e+01	1.307641e+02
4.380000e-06	4.537951e-06	1.987062e-09	3.215063e+01	1.304276e+02
4.390000e-06	4.512256e-06	1.964538e-09	3.196859e+01	1.300916e+02
4.400000e-06	4.486309e-06	1.958482e-09	3.178476e+01	1.297568e+02
4.410000e-06	4.460066e-06	1.968359e-09	3.159883e+01	1.294238e+02
4.420000e-06	4.433510e-06	1.969236e-09	3.141069e+01	1.290932e+02
4.430000e-06	4.406579e-06	1.957163e-09	3.121988e+01	1.287656e+02
4.440000e-06	4.379278e-06	1.947677e-09	3.102647e+01	1.284414e+02
4.450000e-06	4.351689e-06	1.946689e-09	3.083100e+01	1.281209e+02
4.460000e-06	4.323890e-06	1.954201e-09	3.063405e+01	1.278045e+02
4.470000e-06	4.295934e-06	1.948612e-09	3.043598e+01	1.274924e+02
4.480000e-06	4.267790e-06	1.937280e-09	3.023659e+01	1.271847e+02
4.490000e-06	4.239457e-06	1.939757e-09	3.003585e+01	1.268815e+02
4.500000e-06	4.210908e-06	1.946201e-09	2.983359e+01	1.265827e+02
4.510000e-06	4.181923e-06	1.937192e-09	2.962824e+01	1.262882e+02
4.520000e-06	4.152451e-06	1.924568e-09	2.941943e+01	1.259979e+02
4.530000e-06	4.122626e-06	1.918667e-09	2.920812e+01	1.257116e+02
4.540000e-06	4.092335e-06	1.919528e-09	2.899352e+01	1.254288e+02
4.550000e-06	4.061481e-06	1.918447e-09	2.877492e+01	1.251493e+02
4.560000e-06	4.030164e-06	1.908907e-09	2.855305e+01	1.248726e+02
4.570000e-06	3.998515e-06	1.900931e-09	2.832882e+01	1.245982e+02
4.580000e-06	3.966623e-06	1.902706e-09	2.810287e+01	1.243257e+02
4.590000e-06	3.934558e-06	1.902565e-09	2.787570e+01	1.240545e+02
4.600000e-06	3.902386e-06	1.890353e-09	2.764776e+01	1.237839e+02
4.610000e-06	3.870046e-06	1.877005e-09	2.741864e+01	1.235134e+02
4.620000e-06	3.837364e-06	1.872698e-09	2.718709e+01	1.232424e+02
4.630000e-06	3.804344e-06	1.876097e-09	2.695315e+01	1.229703e+02
4.640000e-06	3.771119e-06	1.870871e-09	2.671776e+01	1.226964e+02
4.650000e-06	3.737728e-06	1.859736e-09	2.648118e+01	1.224201e+02
4.660000e-06	3.704064e-06	1.855159e-09	2.624268e+01	1.221408e+02
4.670000e-06	3.670114e-06	1.857218e-09	2.600215e+01	1.218579e+02
4.680000e-06	3.635930e-06	1.853578e-09	2.575996e+01	1.215708e+02
4.690000e-06	3.601497e-06	1.843098e-09	2.551601e+01	1.212791e+02
4.700000e-06	3.566847e-06	1.834607e-09	2.527052e+01	1.209822e+02
4.710000e-06	3.532000e-06	1.835999e-09	2.502364e+01	1.206798e+02
4.720000e-06	3.496824e-06	1.835999e-09	2.477442e+01	1.203713e+02
4.730000e-06	3.461330e-06	1.827726e-09	2.452295e+01	1.200564e+02
4.740000e-06	3.425639e-06	1.816841e-09	2.427009e+01	1.197349e+02
4.750000e-06	3.389780e-06	1.813148e-09	2.401603e+01	1.194064e+02
4.760000e-06	3.353773e-06	1.812400e-09	2.376093e+01	1.190708e+02
4.770000e-06	3.317659e-06	1.806923e-09	2.350507e+01	1.187280e+02
4.780000e-06	3.281465e-06	1.798261e-09	2.324864e+01	1.183777e+02
4.790000e-06	3.245089e-06	1.794524e-09	2.299092e+01	1.180201e+02
4.800000e-06	3.208440e-06	1.793751e-09	2.273127e+01	1.176550e+02
4.810000e-06	3.171568e-06	1.788292e-09	2.247004e+01	1.172826e+02
4.820000e-06	3.134417e-06	1.778558e-09	2.220683e+01	1.169030e+02
4.830000e-06	3.096876e-06	1.771341e-09	2.194086e+01	1.165163e+02
4.840000e-06	3.059018e-06	1.770377e-09	2.167264e+01	1.161228e+02
4.850000e-06	3.020890e-06	1.769878e-09	2.140251e+01	1.157225e+02
4.860000e-06	2.982398e-06	1.764390e-09	2.112980e+01	1.153158e+02
4.870000e-06	2.943517e-06	1.757491e-09	2.085433e+01	1.149030e+02
4.880000e-06	2.904225e-06	1.754922e-09	2.057596e+01	1.144843e+02
4.890000e-06	2.864599e-06	1.752191e-09	2.029521e+01	1.140600e+02
4.900000e-06	2.824800e-06	1.743208e-09	2.001324e+01	1.136305e+02
4.910000e-06	2.784847e-06	1.731574e-09	1.973018e+01	1.131961e+02
4.920000e-06	2.744789e-06	1.724692e-09	1.944638e+01	1.127570e+02
4.930000e-06	2.704659e-06	1.721960e-09	1.916207e+01	1.123136e+02
4.940000e-06	2.664430e-06	1.717816e-09	1.887705e+01	1.118661e+02
4.950000e-06	2.624088e-06	1.710832e-09	1.859123e+01	1.114149e+02
4.960000e-06	2.583621e-06	1.707109e-09	1.830453e+01	1.109601e+02
4.970000e-06	2.543010e-06	1.706338e-09	1.801681e+01	1.105019e+02
4.980000e-06	2.502278e-06	1.703453e-09	1.772823e+01	1.100406e+02
4.990000e-06	2.461358e-06	1.695436e-09	1.743831e+01	1.095762e+02
5.000000e-06	2.420151e-06	1.687285e-09	1.714637e+01	1.091089e+02
5.010000e-06	2.378614e-06	1.678838e-09	1.685209e+01	1.086387e+02
5.020000e-06	2.336914e-06	1.668296e-09	1.655665e+01	1.081655e+02
5.030000e-06	2.295162e-06	1.658044e-09	1.626084e+01	1.076895e+02
5.040000e-06	2.253256e-06	1.651227e-09	1.596395e+01	1.072103e+02
5.050000e-06	2.211164e-06	1.647923e-09	1.566573e+01	1.067280e+02
5.060000e-06	2.168938e-06	1.645089e-09	1.536657e+01	1.062424e+02
5.070000e-06	2.126613e-06	1.639452e-09	1.506670e+01	1.057531e+02
5.080000e-06	2.084208e-06	1.631127e-09	1.476627e+01	1.052599e+02
5.090000e-06	2.041650e-06	1.621597e-09	1.446475e+01	1.047625e+02
5.100000e-06	1.998945e-06	1.611731e-09	1.416220e+01	1.042606e+02
5.110000e-06	1.956174e-06	1.603263e-09	1.385917e+01	1.037536e+02
5.120000e-06	1.913270e-06	1.597450e-09	1.355520e+01	1.032412e+02
5.130000e-06	1.870091e-06	1.592369e-09	1.324928e+01	1.027229e+02
5.140000e-06	1.826649e-06	1.588166e-09	1.294150e+01	1.021982e+02
5.150000e-06	1.783135e-06	1.584298e-09	1.263322e+01	1.016666e+02
5.160000e-06	1.739562e-06	1.577971e-09	1.232451e+01	1.011275e+02
5.170000e-06	1.695891e-06	1.567840e-09	1.201511e+01	1.005804e+02
5.180000e-06	1.652093e-06	1.555549e-09	1.170481e+01	1.000247e+02
5.190000e-06	1.608182e-06	1.544311e-09	1.139370e+01	9.945988e+01
5.200000e-06	1.564186e-06	1.536082e-09	1.108200e+01	9.888527e+01
5.210000e-06	1.520116e-06	1.528139e-09	1.076977e+01	9.830036e+01
5.220000e-06	1.476012e-06	1.518843e-09	1.045730e+01	9.770457e+01
5.230000e-06	1.431885e-06	1.510463e-09	1.014467e+01	9.709735e+01
5.240000e-06	1.387731e-06	1.504002e-09	9.831843e+00	9.647816e+01
5.250000e-06	1.343535e-06	1.497185e-09	9.518724e+00	9.584647e+01
5.260000e-06	1.299296e-06	1.488780e-09	9.205295e+00	9.520177e+01
5.270000e-06	1.255018e-06	1.479771e-09	8.891597e+00	9.454359e+01
5.280000e-06	1.210716e-06	1.468110e-09	8.577723e+00	9.387145e+01
5.290000e-06	1.166335e-06	1.456186e-09	8.263291e+00	9.318492e+01
5.300000e-06	1.121868e-06	1.444028e-09	7.948246e+00	9.248358e+01
5.310000e-06	1.077339e-06	1.429746e-09	7.632772e+00	9.176705e+01
5.320000e-06	1.032742e-06	1.417562e-09	7.316808e+00	9.103494e+01
5.330000e-06	9.880447e-07	1.412161e-09	7.000134e+00	9.028692e+01
5.340000e-06	9.432468e-07	1.410883e-09	6.682748e+00	8.952265e+01
5.350000e-06	8.983753e-07	1.405597e-09	6.364841e+00	8.874183e+01
5.360000e-06	8.534901e-07	1.391268e-09	6.046836e+00	8.794416e+01
5.370000e-06	8.086298e-07	1.375078e-09	5.729008e+00	8.712936e+01
5.380000e-06	7.636569e-07	1.358880e-09	5.410383e+00	8.629714e+01
5.390000e-06	7.185833e-07	1.342076e-09	5.091044e+00	8.544726e+01
5.400000e-06	6.733901e-07	1.325748e-09	4.770858e+00	8.457942e+01
5.410000e-06	6.280672e-07	1.312714e-09	4.449753e+00	8.369336e+01
5.420000e-06	5.828024e-07	1.304515e-09	4.129059e+00	8.278879e+01
5.430000e-06	5.375552e-07	1.296748e-09	3.808490e+00	8.186542e+01
5.440000e-06	4.922967e-07	1.284168e-09	3.487841e+00	8.092294e+01
5.450000e-06	4.470870e-07	1.266702e-09	3.167537e+00	7.996100e+01
5.460000e-06	4.018418e-07	1.247463e-09	2.846983e+00	7.897924e+01
5.470000e-06	3.564637e-07	1.231423e-09	2.525486e+00	7.797727e+01
5.480000e-06	3.110296e-07	1.217777e-09	2.203593e+00	7.695465e+01
5.490000e-06	2.656048e-07	1.202921e-09	1.881766e+00	7.591092e+01
5.500000e-06	2.201219e-07	1.188030e-09	1.559527e+00	7.484557e+01
5.510000e-06	1.746212e-07	1.172755e-09	1.237162e+00	7.375805e+01
5.520000e-06	1.290939e-07	1.155734e-09	9.146091e-01	7.264775e+01
5.530000e-06	8.362709e-08	1.137173e-09	5.924841e-01	7.151403e+01
5.540000e-06	3.821126e-08	1.117809e-09	2.707205e-01	7.035619e+01
5.550000e-06	-7.272824e-09	1.102071e-09	-5.152676e-02	6.917349e+01
5.560000e-06	-5.282984e-08	1.088810e-09	-3.742907e-01	6.796515e+01
5.570000e-06	-9.838577e-08	1.073053e-09	-6.970470e-01	6.673032e+01
5.580000e-06	-1.439316e-07	1.054365e-09	-1.019732e+00	6.546813e+01
5.590000e-06	-1.895262e-07	1.033555e-09	-1.342762e+00	6.417766e+01
5.600000e-06	-2.350976e-07	1.011966e-09	-1.665627e+00	6.285796e+01
5.610000e-06	-2.805977e-07	9.889545e-10	-1.987988e+00	6.150804e+01
5.620000e-06	-3.260604e-07	9.679598e-10	-2.310084e+00	6.012689e+01
5.630000e-06	-3.714673e-07	9.477467e-10	-2.631784e+00	5.871349e+01
5.640000e-06	-4.167140e-07	9.289193e-10	-2.952350e+00	5.726679e+01
5.650000e-06	-4.618877e-07	9.097327e-10	-3.272398e+00	5.578575e+01
5.660000e-06	-5.070516e-07	8.879482e-10	-3.592377e+00	5.426933e+01
5.670000e-06	-5.521720e-07	8.646304e-10	-3.912048e+00	5.271649e+01
5.680000e-06	-5.973174e-07	8.387362e-10	-4.231895e+00	5.112623e+01
5.690000e-06	-6.424959e-07	8.094943e-10	-4.551977e+00	4.949758e+01
5.700000e-06	-6.876021e-07	7.798539e-10	-4.871547e+00	4.782961e+01
5.710000e-06	-7.325291e-07	7.531644e-10	-5.189848e+00	4.612142e+01
5.720000e-06	-7.773584e-07	7.302865e-10	-5.507456e+00	4.437221e+01
5.730000e-06	-8.222783e-07	7.111350e-10	-5.825706e+00	4.258121e+01
5.740000e-06	-8.671784e-07	6.908167e-10	-6.143816e+00	4.074778e+01
5.750000e-06	-9.119272e-07	6.648168e-10	-6.460854e+00	3.887133e+01
5.760000e-06	-9.565863e-07	6.359849e-10	-6.777256e+00	3.695140e+01
5.770000e-06	-1.001181e-06	6.035724e-10	-7.093201e+00	3.498763e+01
5.780000e-06	-1.045711e-06	5.676928e-10	-7.408690e+00	3.297978e+01
5.790000e-06	-1.090197e-06	5.309632e-10	-7.723863e+00	3.092775e+01
5.800000e-06	-1.134649e-06	4.944280e-10	-8.038803e+00	2.883155e+01
5.810000e-06	-1.179024e-06	4.605572e-10	-8.353194e+00	2.669137e+01
5.820000e-06	-1.223290e-06	4.289393e-10	-8.666808e+00	2.450753e+01
5.830000e-06	-1.267540e-06	3.973064e-10	-8.980310e+00	2.228049e+01
5.840000e-06	-1.311779e-06	3.649577e-10	-9.293736e+00	2.001091e+01
5.850000e-06	-1.355969e-06	3.337723e-10	-9.606819e+00	1.769958e+01
5.860000e-06	-1.400136e-06	3.006607e-10	-9.919734e+00	1.534745e+01
5.870000e-06	-1.444236e-06	2.640358e-10	-1.023217e+01	1.295566e+01
5.880000e-06	-1.488206e-06	2.252697e-10	-1.054369e+01	1.052551e+01
5.890000e-06	-1.532055e-06	1.844625e-10	-1.085436e+01	8.058450e+00
5.900000e-06	-1.575907e-06	1.426987e-10	-1.116504e+01	5.556102e+00
5.910000e-06	-1.619750e-06	1.002837e-10	-1.147566e+01	3.020245e+00
5.920000e-06	-1.663451e-06	5.817558e-11	-1.178528e+01	4.528120e-01
5.930000e-06	-1.707080e-06	2.007417e-11	-1.209438e+01	-2.144115e+00
5.940000e-06	-1.750636e-06	-1.527100e-11	-1.240297e+01	-4.768315e+00
5.950000e-06	-1.794024e-06	-5.237546e-11	-1.271036e+01	-7.417432e+00
5.960000e-06	-1.837316e-06	-9.092543e-11	-1.301708e+01	-1.008899e+01
5.970000e-06	-1.880423e-06	-1.308944e-10	-1.332249e+01	-1.278038e+01
5.980000e-06	-1.923296e-06	-1.757247e-10	-1.362623e+01	-1.548892e+01
5.990000e-06	-1.966022e-06	-2.268558e-10	-1.392894e+01	-1.821182e+01
6.000000e-06	-2.008618e-06	-2.804712e-10	-1.423072e+01	-2.094619e+01
6.010000e-06	-2.051118e-06	-3.318694e-10	-1.453183e+01	-2.368910e+01
6.020000e-06	-2.093480e-06	-3.778995e-10	-1.483196e+01	-2.643755e+01
6.030000e-06	-2.135682e-06	-4.180646e-10	-1.513096e+01	-2.918851e+01
6.040000e-06	-2.177777e-06	-4.535126e-10	-1.542919e+01	-3.193891e+01
6.050000e-06	-2.219779e-06	-4.901516e-10	-1.572676e+01	-3.468567e+01
6.060000e-06	-2.261586e-06	-5.314050e-10	-1.602296e+01	-3.742571e+01
6.070000e-06	-2.303184e-06	-5.761392e-10	-1.631768e+01	-4.015597e+01
6.080000e-06	-2.344656e-06	-6.238848e-10	-1.661150e+01	-4.287340e+01
6.090000e-06	-2.385971e-06	-6.735104e-10	-1.690421e+01	-4.557501e+01
6.100000e-06	-2.427045e-06	-7.206820e-10	-1.719521e+01	-4.825785e+01
6.110000e-06	-2.467828e-06	-7.643860e-10	-1.748416e+01	-5.091905e+01
6.120000e-06	-2.508430e-06	-8.054103e-10	-1.777181e+01	-5.355580e+01
6.130000e-06	-2.548955e-06	-8.416650e-10	-1.805893e+01	-5.616540e+01
6.140000e-06	-2.589426e-06	-8.753454e-10	-1.834566e+01	-5.874525e+01
6.150000e-06	-2.629822e-06	-9.107304e-10	-1.863186e+01	-6.129284e+01
6.160000e-06	-2.670108e-06	-9.513378e-10	-1.891728e+01	-6.380580e+01
6.170000e-06	-2.710240e-06	-9.958864e-10	-1.920160e+01	-6.628188e+01
6.180000e-06	-2.750244e-06	-1.037779e-09	-1.948502e+01	-6.871897e+01
6.190000e-06	-2.790161e-06	-1.075909e-09	-1.976783e+01	-7.111510e+01
6.200000e-06	-2.829878e-06	-1.111913e-09	-2.004922e+01	-7.346843e+01
6.210000e-06	-2.869394e-06	-1.144956e-09	-2.032918e+01	-7.577731e+01
6.220000e-06	-2.908797e-06	-1.174485e-09	-2.060835e+01	-7.804022e+01
6.230000e-06	-2.947884e-06	-1.201197e-09	-2.088527e+01	-8.025579e+01
6.240000e-06	-2.986573e-06	-1.231195e-09	-2.115938e+01	-8.242281e+01
6.250000e-06	-3.024972e-06	-1.265379e-09	-2.143143e+01	-8.454026e+01
6.260000e-06	-3.062897e-06	-1.299855e-09	-2.170012e+01	-8.660723e+01
6.270000e-06	-3.100346e-06	-1.334198e-09	-2.196544e+01	-8.862300e+01
6.280000e-06	-3.137450e-06	-1.367497e-09	-2.222832e+01	-9.058699e+01
6.290000e-06	-3.174253e-06	-1.397980e-09	-2.248906e+01	-9.249877e+01
6.300000e-06	-3.210819e-06	-1.425070e-09	-2.274812e+01	-9.435806e+01
6.310000e-06	-3.247187e-06	-1.447793e-09	-2.300578e+01	-9.616471e+01
6.320000e-06	-3.283403e-06	-1.470037e-09	-2.326237e+01	-9.791872e+01
6.330000e-06	-3.319504e-06	-1.497695e-09	-2.351814e+01	-9.962021e+01
6.340000e-06	-3.355545e-06	-1.527628e-09	-2.377348e+01	-1.012694e+02
6.350000e-06	-3.391432e-06	-1.555175e-09	-2.402774e+01	-1.028667e+02
6.360000e-06	-3.427111e-06	-1.580639e-09	-2.428052e+01	-1.044125e+02
6.370000e-06	-3.462543e-06	-1.602648e-09	-2.453155e+01	-1.059075e+02
6.380000e-06	-3.497716e-06	-1.621685e-09	-2.478074e+01	-1.073522e+02
6.390000e-06	-3.532658e-06	-1.638990e-09	-2.502830e+01	-1.087474e+02
6.400000e-06	-3.567275e-06	-1.655544e-09	-2.527356e+01	-1.100940e+02
6.410000e-06	-3.601647e-06	-1.673272e-09	-2.551708e+01	-1.113927e+02
6.420000e-06	-3.635857e-06	-1.695069e-09	-2.575945e+01	-1.126446e+02
6.430000e-06	-3.669886e-06	-1.718647e-09	-2.600054e+01	-1.138507e+02
6.440000e-06	-3.703647e-06	-1.739887e-09	-2.623973e+01	-1.150120e+02
6.450000e-06	-3.737070e-06	-1.758680e-09	-2.647652e+01	-1.161295e+02
6.460000e-06	-3.770177e-06	-1.774379e-09	-2.671108e+01	-1.172045e+02
6.470000e-06	-3.802978e-06	-1.788693e-09	-2.694347e+01	-1.182379e+02
6.480000e-06	-3.835575e-06	-1.803985e-09	-2.717442e+01	-1.192311e+02
6.490000e-06	-3.867969e-06	-1.820803e-09	-2.740393e+01	-1.201851e+02
6.500000e-06	-3.900159e-06	-1.838112e-09	-2.763198e+01	-1.211010e+02
6.510000e-06	-3.932214e-06	-1.853946e-09	-2.785909e+01	-1.219802e+02
6.520000e-06	-3.964094e-06	-1.869398e-09	-2.808495e+01	-1.228238e+02
6.530000e-06	-3.995757e-06	-1.884259e-09	-2.830928e+01	-1.236328e+02
6.540000e-06	-4.027081e-06	-1.896017e-09	-2.853120e+01	-1.244085e+02
6.550000e-06	-4.057978e-06	-1.904419e-09	-2.875010e+01	-1.251521e+02
6.560000e-06	-4.088348e-06	-1.912331e-09	-2.896527e+01	-1.258646e+02
6.570000e-06	-4.118187e-06	-1.923245e-09	-2.917668e+01	-1.265471e+02
6.580000e-06	-4.147644e-06	-1.935854e-09	-2.938538e+01	-1.272008e+02
6.590000e-06	-4.176679e-06	-1.947072e-09	-2.959109e+01	-1.278267e+02
6.600000e-06	-4.205269e-06	-1.956670e-09	-2.979364e+01	-1.284259e+02
6.610000e-06	-4.233615e-06	-1.966879e-09	-2.999446e+01	-1.289993e+02
6.620000e-06	-4.261805e-06	-1.974634e-09	-3.019418e+01	-1.295481e+02
6.630000e-06	-4.289816e-06	-1.980417e-09	-3.039264e+01	-1.300731e+02
6.640000e-06	-4.317676e-06	-1.984621e-09	-3.059002e+01	-1.305753e+02
6.650000e-06	-4.345272e-06	-1.990653e-09	-3.078554e+01	-1.310557e+02
6.660000e-06	-4.372555e-06	-2.000001e-09	-3.097883e+01	-1.315151e+02
6.670000e-06	-4.399522e-06	-2.012589e-09	-3.116989e+01	-1.319545e+02
6.680000e-06	-4.426122e-06	-2.028854e-09	-3.135834e+01	-1.323747e+02
6.690000e-06	-4.452450e-06	-2.040602e-09	-3.154487e+01	-1.327765e+02
6.700000e-06	-4.478518e-06	-2.047339e-09	-3.172956e+01	-1.331609e+02
6.710000e-06	-4.504250e-06	-2.048989e-09	-3.191187e+01	-1.335285e+02
6.720000e-06	-4.529595e-06	-2.049153e-09	-3.209144e+01	-1.338801e+02
6.730000e-06	-4.554547e-06	-2.049434e-09	-3.226822e+01	-1.342165e+02
6.740000e-06	-4.579222e-06	-2.051253e-09	-3.244303e+01	-1.345384e+02
6.750000e-06	-4.603715e-06	-2.059417e-09	-3.261656e+01	-1.348466e+02
6.760000e-06	-4.628021e-06	-2.072769e-09	-3.278877e+01	-1.351416e+02
6.770000e-06	-4.652072e-06	-2.085432e-09	-3.295916e+01	-1.354242e+02
6.780000e-06	-4.675825e-06	-2.094895e-09	-3.312745e+01	-1.356950e+02
6.790000e-06	-4.699225e-06	-2.099549e-09	-3.329323e+01	-1.359546e+02
6.800000e-06	-4.722265e-06	-2.098798e-09	-3.345647e+01	-1.362035e+02
6.810000e-06	-4.744896e-06	-2.094771e-09	-3.361681e+01	-1.364424e+02
6.820000e-06	-4.766943e-06	-2.093532e-09	-3.377301e+01	-1.366717e+02
6.830000e-06	-4.788405e-06	-2.096902e-09	-3.392506e+01	-1.368920e+02
6.840000e-06	-4.809414e-06	-2.103232e-09	-3.407391e+01	-1.371036e+02
6.850000e-06	-4.830043e-06	-2.110423e-09	-3.422006e+01	-1.373071e+02
6.860000e-06	-4.850383e-06	-2.118402e-09	-3.436416e+01	-1.375027e+02
6.870000e-06	-4.870548e-06	-2.125139e-09	-3.450703e+01	-1.376910e+02
6.880000e-06	-4.890498e-06	-2.125829e-09	-3.464837e+01	-1.378721e+02
6.890000e-06	-4.910148e-06	-2.122238e-09	-3.478759e+01	-1.380464e+02
6.900000e-06	-4.929475e-06	-2.119247e-09	-3.492451e+01	-1.382141e+02
6.910000e-06	-4.948457e-06	-2.119777e-09	-3.505900e+01	-1.383754e+02
6.920000e-06	-4.967037e-06	-2.120990e-09	-3.519064e+01	-1.385305e+02
6.930000e-06	-4.985282e-06	-2.122355e-09	-3.531990e+01	-1.386795e+02
6.940000e-06	-5.003288e-06	-2.126098e-09	-3.544747e+01	-1.388225e+02
6.950000e-06	-5.021025e-06	-2.132316e-09	-3.557313e+01	-1.389596e+02
6.960000e-06	-5.038379e-06	-2.136301e-09	-3.569608e+01	-1.390907e+02
6.970000e-06	-5.055303e-06	-2.136249e-09	-3.581599e+01	-1.392160e+02
6.980000e-06	-5.071943e-06	-2.132527e-09	-3.593388e+01	-1.393352e+02
6.990000e-06	-5.088381e-06	-2.129375e-09	-3.605034e+01	-1.394483e+02
7.000000e-06	-5.104612e-06	-2.127759e-09	-3.616533e+01	-1.395552e+02
7.010000e-06	-5.120567e-06	-2.125780e-09	-3.627837e+01	-1.396557e+02
7.020000e-06	-5.136046e-06	-2.125442e-09	-3.638804e+01	-1.397497e+02
7.030000e-06	-5.150941e-06	-2.129372e-09	-3.649356e+01	-1.398371e+02
7.040000e-06	-5.165236e-06	-2.133927e-09	-3.659484e+01	-1.399175e+02
7.050000e-06	-5.178969e-06	-2.134623e-09	-3.669214e+01	-1.399907e+02
7.060000e-06	-5.192182e-06	-2.131160e-09	-3.678575e+01	-1.400566e+02
7.070000e-06	-5.204936e-06	-2.127543e-09	-3.687611e+01	-1.401150e+02
7.080000e-06	-5.217319e-06	-2.124906e-09	-3.696385e+01	-1.401655e+02
7.090000e-06	-5.229440e-06	-2.123026e-09	-3.704972e+01	-1.402079e+02
7.100000e-06	-5.241248e-06	-2.121856e-09	-3.713337e+01	-1.402420e+02
7.110000e-06	-5.252534e-06	-2.122050e-09	-3.721334e+01	-1.402677e+02
7.120000e-06	-5.263382e-06	-2.123498e-09	-3.729020e+01	-1.402848e+02
7.130000e-06	-5.273871e-06	-2.123998e-09	-3.736451e+01	-1.402930e+02
7.140000e-06	-5.283974e-06	-2.123416e-09	-3.743608e+01	-1.402922e+02
7.150000e-06	-5.293765e-06	-2.122289e-09	-3.750545e+01	-1.402825e+02
7.160000e-06	-5.303244e-06	-2.119309e-09	-3.757261e+01	-1.402636e+02
7.170000e-06	-5.312272e-06	-2.114440e-09	-3.763657e+01	-1.402356e+02
7.180000e-06	-5.320919e-06	-2.110357e-09	-3.769784e+01	-1.401985e+02
7.190000e-06	-5.329330e-06	-2.108274e-09	-3.775743e+01	-1.401523e+02
7.200000e-06	-5.337530e-06	-2.109303e-09	-3.781552e+01	-1.400973e+02
7.210000e-06	-5.345557e-06	-2.113185e-09	-3.787239e+01	-1.400336e+02
7.220000e-06	-5.353270e-06	-2.116231e-09	-3.792704e+01	-1.399614e+02
7.230000e-06	-5.360563e-06	-2.116422e-09	-3.797871e+01	-1.398809e+02
7.240000e-06	-5.367335e-06	-2.114801e-09	-3.802668e+01	-1.397926e+02
7.250000e-06	-5.373438e-06	-2.112611e-09	-3.806992e+01	-1.396969e+02
7.260000e-06	-5.378919e-06	-2.109885e-09	-3.810875e+01	-1.395941e+02
7.270000e-06	-5.383898e-06	-2.106344e-09	-3.814403e+01	-1.394849e+02
7.280000e-06	-5.388533e-06	-2.104003e-09	-3.817687e+01	-1.393697e+02
7.290000e-06	-5.392914e-06	-2.102673e-09	-3.820791e+01	-1.392491e+02
7.300000e-06	-5.396988e-06	-2.099924e-09	-3.823677e+01	-1.391239e+02
7.310000e-06	-5.400771e-06	-2.096569e-09	-3.826357e+01	-1.389946e+02
7.320000e-06	-5.404244e-06	-2.095685e-09	-3.828818e+01	-1.388621e+02
7.330000e-06	-5.407321e-06	-2.096532e-09	-3.830998e+01	-1.387271e+02
7.340000e-06	-5.410041e-06	-2.096931e-09	-3.832925e+01	-1.385903e+02
7.350000e-06	-5.412463e-06	-2.094748e-09	-3.834641e+01	-1.384526e+02
7.360000e-06	-5.414604e-06	-2.091480e-09	-3.836158e+01	-1.383148e+02
7.370000e-06	-5.416299e-06	-2.087313e-09	-3.837359e+01	-1.381777e+02
7.380000e-06	-5.417392e-06	-2.081400e-09	-3.838133e+01	-1.380421e+02
7.390000e-06	-5.418066e-06	-2.074505e-09	-3.838611e+01	-1.379088e+02
7.400000e-06	-5.418563e-06	-2.070320e-09	-3.838963e+01	-1.377787e+02
