# Temperatura_=_16.01
# Concentracion g/m^3_=_4090.0
# C_Vs_to_Am_M_A/Vsm_=_65563218390.804596
# pendiente_HvsI_1/m_=_3716.3
# ordenada_HvsI_A/m_=_1297.0
# frecuencia_Hz_=_135091.53385243556

Tiempo_(s)	Campo_(V.s)	Magnetizacion_(V.s)	Campo_(kA/m)	Magnetizacion_(A/m)
0.000000e+00	-5.380059e-06	-1.346201e-09	-3.838597e+01	-8.811514e+01
1.000000e-08	-5.380294e-06	-1.341367e-09	-3.838765e+01	-8.798514e+01
2.000000e-08	-5.380287e-06	-1.333419e-09	-3.838759e+01	-8.786085e+01
3.000000e-08	-5.380066e-06	-1.326975e-09	-3.838602e+01	-8.774299e+01
4.000000e-08	-5.379490e-06	-1.325219e-09	-3.838191e+01	-8.763222e+01
5.000000e-08	-5.378445e-06	-1.326598e-09	-3.837445e+01	-8.752915e+01
6.000000e-08	-5.376802e-06	-1.325468e-09	-3.836273e+01	-8.743430e+01
7.000000e-08	-5.374639e-06	-1.321154e-09	-3.834730e+01	-8.734812e+01
8.000000e-08	-5.372000e-06	-1.334554e-09	-3.832847e+01	-8.727098e+01
9.000000e-08	-5.368664e-06	-1.355785e-09	-3.830467e+01	-8.720316e+01
1.000000e-07	-5.364713e-06	-1.343249e-09	-3.827647e+01	-8.714485e+01
1.100000e-07	-5.360522e-06	-1.282277e-09	-3.824657e+01	-8.709615e+01
1.200000e-07	-5.356298e-06	-1.306385e-09	-3.821644e+01	-8.705706e+01
1.300000e-07	-5.351843e-06	-1.342370e-09	-3.818465e+01	-8.702748e+01
1.400000e-07	-5.346853e-06	-1.354098e-09	-3.814905e+01	-8.700723e+01
1.500000e-07	-5.341366e-06	-1.269591e-09	-3.810990e+01	-8.699603e+01
1.600000e-07	-5.335640e-06	-1.293492e-09	-3.806904e+01	-8.699348e+01
1.700000e-07	-5.329695e-06	-1.347572e-09	-3.802663e+01	-8.699911e+01
1.800000e-07	-5.323325e-06	-1.346028e-09	-3.798118e+01	-8.701238e+01
1.900000e-07	-5.316385e-06	-1.273438e-09	-3.793166e+01	-8.703263e+01
2.000000e-07	-5.309194e-06	-1.290615e-09	-3.788036e+01	-8.705915e+01
2.100000e-07	-5.301833e-06	-1.344642e-09	-3.782784e+01	-8.709113e+01
2.200000e-07	-5.294126e-06	-1.327062e-09	-3.777285e+01	-8.712774e+01
2.300000e-07	-5.286122e-06	-1.306614e-09	-3.771574e+01	-8.716804e+01
2.400000e-07	-5.277854e-06	-1.352804e-09	-3.765675e+01	-8.721108e+01
2.500000e-07	-5.269120e-06	-1.402193e-09	-3.759443e+01	-8.725585e+01
2.600000e-07	-5.259629e-06	-1.347814e-09	-3.752672e+01	-8.730132e+01
2.700000e-07	-5.249502e-06	-1.349340e-09	-3.745446e+01	-8.734642e+01
2.800000e-07	-5.238866e-06	-1.376849e-09	-3.737857e+01	-8.739009e+01
2.900000e-07	-5.227694e-06	-1.348089e-09	-3.729886e+01	-8.743124e+01
3.000000e-07	-5.216118e-06	-1.257772e-09	-3.721627e+01	-8.746881e+01
3.100000e-07	-5.204184e-06	-1.309564e-09	-3.713113e+01	-8.750175e+01
3.200000e-07	-5.191859e-06	-1.364857e-09	-3.704319e+01	-8.752901e+01
3.300000e-07	-5.179253e-06	-1.343017e-09	-3.695324e+01	-8.754961e+01
3.400000e-07	-5.166300e-06	-1.286570e-09	-3.686083e+01	-8.756260e+01
3.500000e-07	-5.152897e-06	-1.339844e-09	-3.676520e+01	-8.756707e+01
3.600000e-07	-5.139049e-06	-1.348160e-09	-3.666640e+01	-8.756217e+01
3.700000e-07	-5.124907e-06	-1.323700e-09	-3.656549e+01	-8.754714e+01
3.800000e-07	-5.110278e-06	-1.285978e-09	-3.646112e+01	-8.752127e+01
3.900000e-07	-5.094982e-06	-1.297177e-09	-3.635198e+01	-8.748392e+01
4.000000e-07	-5.079090e-06	-1.291785e-09	-3.623860e+01	-8.743456e+01
4.100000e-07	-5.062712e-06	-1.319173e-09	-3.612174e+01	-8.737274e+01
4.200000e-07	-5.045995e-06	-1.324727e-09	-3.600246e+01	-8.729808e+01
4.300000e-07	-5.029040e-06	-1.298621e-09	-3.588149e+01	-8.721031e+01
4.400000e-07	-5.011878e-06	-1.290119e-09	-3.575905e+01	-8.710926e+01
4.500000e-07	-4.994382e-06	-1.319659e-09	-3.563421e+01	-8.699483e+01
4.600000e-07	-4.976564e-06	-1.309617e-09	-3.550708e+01	-8.686705e+01
4.700000e-07	-4.958370e-06	-1.263825e-09	-3.537727e+01	-8.672602e+01
4.800000e-07	-4.939762e-06	-1.267467e-09	-3.524451e+01	-8.657192e+01
4.900000e-07	-4.920692e-06	-1.294378e-09	-3.510845e+01	-8.640504e+01
5.000000e-07	-4.901258e-06	-1.300371e-09	-3.496979e+01	-8.622575e+01
5.100000e-07	-4.881593e-06	-1.270005e-09	-3.482948e+01	-8.603450e+01
5.200000e-07	-4.861689e-06	-1.261440e-09	-3.468747e+01	-8.583179e+01
5.300000e-07	-4.841592e-06	-1.267446e-09	-3.454408e+01	-8.561821e+01
5.400000e-07	-4.821275e-06	-1.286952e-09	-3.439912e+01	-8.539442e+01
5.500000e-07	-4.800624e-06	-1.262662e-09	-3.425178e+01	-8.516111e+01
5.600000e-07	-4.779540e-06	-1.243156e-09	-3.410135e+01	-8.491903e+01
5.700000e-07	-4.758106e-06	-1.244346e-09	-3.394842e+01	-8.466896e+01
5.800000e-07	-4.736414e-06	-1.265420e-09	-3.379365e+01	-8.441173e+01
5.900000e-07	-4.714422e-06	-1.243836e-09	-3.363674e+01	-8.414816e+01
6.000000e-07	-4.692061e-06	-1.227562e-09	-3.347720e+01	-8.387910e+01
6.100000e-07	-4.669399e-06	-1.223367e-09	-3.331551e+01	-8.360542e+01
6.200000e-07	-4.646364e-06	-1.243807e-09	-3.315116e+01	-8.332797e+01
6.300000e-07	-4.622943e-06	-1.244796e-09	-3.298405e+01	-8.304758e+01
6.400000e-07	-4.599330e-06	-1.235493e-09	-3.281558e+01	-8.276508e+01
6.500000e-07	-4.575504e-06	-1.219898e-09	-3.264558e+01	-8.248128e+01
6.600000e-07	-4.551502e-06	-1.231890e-09	-3.247433e+01	-8.219692e+01
6.700000e-07	-4.527191e-06	-1.233029e-09	-3.230087e+01	-8.191273e+01
6.800000e-07	-4.502558e-06	-1.214478e-09	-3.212512e+01	-8.162940e+01
6.900000e-07	-4.477716e-06	-1.191026e-09	-3.194788e+01	-8.134755e+01
7.000000e-07	-4.452364e-06	-1.197178e-09	-3.176699e+01	-8.106774e+01
7.100000e-07	-4.426396e-06	-1.207091e-09	-3.158171e+01	-8.079049e+01
7.200000e-07	-4.399888e-06	-1.205017e-09	-3.139258e+01	-8.051624e+01
7.300000e-07	-4.372891e-06	-1.193429e-09	-3.119997e+01	-8.024538e+01
7.400000e-07	-4.345551e-06	-1.192116e-09	-3.100490e+01	-7.997822e+01
7.500000e-07	-4.317854e-06	-1.198194e-09	-3.080729e+01	-7.971500e+01
7.600000e-07	-4.289947e-06	-1.191846e-09	-3.060817e+01	-7.945591e+01
7.700000e-07	-4.261883e-06	-1.174652e-09	-3.040793e+01	-7.920104e+01
7.800000e-07	-4.233608e-06	-1.165062e-09	-3.020620e+01	-7.895044e+01
7.900000e-07	-4.205143e-06	-1.175757e-09	-3.000311e+01	-7.870409e+01
8.000000e-07	-4.176348e-06	-1.180837e-09	-2.979766e+01	-7.846189e+01
8.100000e-07	-4.147221e-06	-1.174320e-09	-2.958984e+01	-7.822371e+01
8.200000e-07	-4.117793e-06	-1.160862e-09	-2.937988e+01	-7.798933e+01
8.300000e-07	-4.088087e-06	-1.161620e-09	-2.916793e+01	-7.775850e+01
8.400000e-07	-4.058124e-06	-1.162180e-09	-2.895414e+01	-7.753093e+01
8.500000e-07	-4.027882e-06	-1.160492e-09	-2.873837e+01	-7.730626e+01
8.600000e-07	-3.997372e-06	-1.149975e-09	-2.852069e+01	-7.708413e+01
8.700000e-07	-3.966543e-06	-1.153295e-09	-2.830073e+01	-7.686411e+01
8.800000e-07	-3.935502e-06	-1.158811e-09	-2.807926e+01	-7.664578e+01
8.900000e-07	-3.904285e-06	-1.162351e-09	-2.785653e+01	-7.642869e+01
9.000000e-07	-3.872800e-06	-1.148988e-09	-2.763189e+01	-7.621235e+01
9.100000e-07	-3.841066e-06	-1.140750e-09	-2.740546e+01	-7.599631e+01
9.200000e-07	-3.809175e-06	-1.137340e-09	-2.717793e+01	-7.578008e+01
9.300000e-07	-3.777181e-06	-1.140112e-09	-2.694966e+01	-7.556319e+01
9.400000e-07	-3.744953e-06	-1.136847e-09	-2.671971e+01	-7.534519e+01
9.500000e-07	-3.712460e-06	-1.138459e-09	-2.648788e+01	-7.512562e+01
9.600000e-07	-3.679720e-06	-1.142467e-09	-2.625429e+01	-7.490406e+01
9.700000e-07	-3.646723e-06	-1.143895e-09	-2.601886e+01	-7.468011e+01
9.800000e-07	-3.613380e-06	-1.132765e-09	-2.578096e+01	-7.445338e+01
9.900000e-07	-3.579570e-06	-1.120167e-09	-2.553973e+01	-7.422353e+01
1.000000e-06	-3.545310e-06	-1.110904e-09	-2.529529e+01	-7.399025e+01
1.010000e-06	-3.510565e-06	-1.110428e-09	-2.504739e+01	-7.375326e+01
1.020000e-06	-3.475432e-06	-1.111025e-09	-2.479672e+01	-7.351233e+01
1.030000e-06	-3.439952e-06	-1.108801e-09	-2.454358e+01	-7.326725e+01
1.040000e-06	-3.404169e-06	-1.106163e-09	-2.428827e+01	-7.301786e+01
1.050000e-06	-3.368259e-06	-1.103544e-09	-2.403206e+01	-7.276405e+01
1.060000e-06	-3.332251e-06	-1.098267e-09	-2.377514e+01	-7.250572e+01
1.070000e-06	-3.296148e-06	-1.085834e-09	-2.351756e+01	-7.224285e+01
1.080000e-06	-3.259912e-06	-1.074364e-09	-2.325901e+01	-7.197540e+01
1.090000e-06	-3.223468e-06	-1.068570e-09	-2.299899e+01	-7.170343e+01
1.100000e-06	-3.186726e-06	-1.069573e-09	-2.273684e+01	-7.142697e+01
1.110000e-06	-3.149710e-06	-1.068630e-09	-2.247274e+01	-7.114613e+01
1.120000e-06	-3.112473e-06	-1.066947e-09	-2.220706e+01	-7.086100e+01
1.130000e-06	-3.075019e-06	-1.061515e-09	-2.193983e+01	-7.057174e+01
1.140000e-06	-3.037427e-06	-1.056992e-09	-2.167162e+01	-7.027849e+01
1.150000e-06	-2.999649e-06	-1.050216e-09	-2.140208e+01	-6.998143e+01
1.160000e-06	-2.961699e-06	-1.045109e-09	-2.113130e+01	-6.968073e+01
1.170000e-06	-2.923577e-06	-1.039195e-09	-2.085931e+01	-6.937658e+01
1.180000e-06	-2.885258e-06	-1.036094e-09	-2.058591e+01	-6.906917e+01
1.190000e-06	-2.846736e-06	-1.030510e-09	-2.031106e+01	-6.875870e+01
1.200000e-06	-2.807877e-06	-1.026171e-09	-2.003381e+01	-6.844534e+01
1.210000e-06	-2.768807e-06	-1.021001e-09	-1.975505e+01	-6.812928e+01
1.220000e-06	-2.729534e-06	-1.018514e-09	-1.947484e+01	-6.781067e+01
1.230000e-06	-2.690044e-06	-1.014665e-09	-1.919309e+01	-6.748966e+01
1.240000e-06	-2.650528e-06	-1.010679e-09	-1.891114e+01	-6.716638e+01
1.250000e-06	-2.610840e-06	-1.003631e-09	-1.862797e+01	-6.684093e+01
1.260000e-06	-2.570982e-06	-9.980410e-10	-1.834360e+01	-6.651340e+01
1.270000e-06	-2.531073e-06	-9.910074e-10	-1.805885e+01	-6.618385e+01
1.280000e-06	-2.491088e-06	-9.829926e-10	-1.777356e+01	-6.585229e+01
1.290000e-06	-2.450979e-06	-9.768714e-10	-1.748739e+01	-6.551874e+01
1.300000e-06	-2.410716e-06	-9.727290e-10	-1.720012e+01	-6.518316e+01
1.310000e-06	-2.370297e-06	-9.692910e-10	-1.691174e+01	-6.484548e+01
1.320000e-06	-2.329772e-06	-9.642778e-10	-1.662260e+01	-6.450562e+01
1.330000e-06	-2.289259e-06	-9.567354e-10	-1.633354e+01	-6.416346e+01
1.340000e-06	-2.248537e-06	-9.493177e-10	-1.604300e+01	-6.381883e+01
1.350000e-06	-2.207417e-06	-9.459599e-10	-1.574961e+01	-6.347158e+01
1.360000e-06	-2.165998e-06	-9.447120e-10	-1.545409e+01	-6.312148e+01
1.370000e-06	-2.124320e-06	-9.422698e-10	-1.515673e+01	-6.276831e+01
1.380000e-06	-2.082367e-06	-9.367326e-10	-1.485739e+01	-6.241182e+01
1.390000e-06	-2.040093e-06	-9.315021e-10	-1.455578e+01	-6.205173e+01
1.400000e-06	-1.997522e-06	-9.261656e-10	-1.425204e+01	-6.168774e+01
1.410000e-06	-1.954720e-06	-9.202432e-10	-1.394665e+01	-6.131956e+01
1.420000e-06	-1.911701e-06	-9.126087e-10	-1.363972e+01	-6.094685e+01
1.430000e-06	-1.868504e-06	-9.078686e-10	-1.333151e+01	-6.056928e+01
1.440000e-06	-1.825180e-06	-9.053736e-10	-1.302241e+01	-6.018652e+01
1.450000e-06	-1.781629e-06	-9.037818e-10	-1.271168e+01	-5.979822e+01
1.460000e-06	-1.737873e-06	-8.986395e-10	-1.239948e+01	-5.940403e+01
1.470000e-06	-1.694058e-06	-8.914703e-10	-1.208687e+01	-5.900360e+01
1.480000e-06	-1.650208e-06	-8.845875e-10	-1.177400e+01	-5.859658e+01
1.490000e-06	-1.606285e-06	-8.791633e-10	-1.146062e+01	-5.818263e+01
1.500000e-06	-1.562332e-06	-8.747161e-10	-1.114702e+01	-5.776141e+01
1.510000e-06	-1.518307e-06	-8.709148e-10	-1.083290e+01	-5.733259e+01
1.520000e-06	-1.474213e-06	-8.653681e-10	-1.051830e+01	-5.689584e+01
1.530000e-06	-1.430122e-06	-8.586336e-10	-1.020372e+01	-5.645085e+01
1.540000e-06	-1.385976e-06	-8.490127e-10	-9.888747e+00	-5.599730e+01
1.550000e-06	-1.341729e-06	-8.364723e-10	-9.573052e+00	-5.553491e+01
1.560000e-06	-1.297410e-06	-8.258185e-10	-9.256842e+00	-5.506337e+01
1.570000e-06	-1.253043e-06	-8.187044e-10	-8.940284e+00	-5.458241e+01
1.580000e-06	-1.208600e-06	-8.155611e-10	-8.623189e+00	-5.409176e+01
1.590000e-06	-1.164108e-06	-8.123497e-10	-8.305749e+00	-5.359113e+01
1.600000e-06	-1.119503e-06	-8.048279e-10	-7.987496e+00	-5.308026e+01
1.610000e-06	-1.074815e-06	-7.998971e-10	-7.668654e+00	-5.255890e+01
1.620000e-06	-1.030125e-06	-7.933874e-10	-7.349795e+00	-5.202676e+01
1.630000e-06	-9.853810e-07	-7.857259e-10	-7.030555e+00	-5.148360e+01
1.640000e-06	-9.404644e-07	-7.760878e-10	-6.710082e+00	-5.092912e+01
1.650000e-06	-8.954438e-07	-7.652824e-10	-6.388866e+00	-5.036305e+01
1.660000e-06	-8.504951e-07	-7.541422e-10	-6.068164e+00	-4.978510e+01
1.670000e-06	-8.054217e-07	-7.431781e-10	-5.746571e+00	-4.919496e+01
1.680000e-06	-7.601883e-07	-7.345582e-10	-5.423837e+00	-4.859231e+01
1.690000e-06	-7.148669e-07	-7.292021e-10	-5.100475e+00	-4.797681e+01
1.700000e-06	-6.695245e-07	-7.243594e-10	-4.776963e+00	-4.734809e+01
1.710000e-06	-6.242318e-07	-7.172682e-10	-4.453806e+00	-4.670576e+01
1.720000e-06	-5.788981e-07	-7.083440e-10	-4.130357e+00	-4.604942e+01
1.730000e-06	-5.335475e-07	-7.000250e-10	-3.806786e+00	-4.537862e+01
1.740000e-06	-4.880180e-07	-6.898124e-10	-3.481940e+00	-4.469290e+01
1.750000e-06	-4.423091e-07	-6.750514e-10	-3.155813e+00	-4.399174e+01
1.760000e-06	-3.966869e-07	-6.607385e-10	-2.830306e+00	-4.327463e+01
1.770000e-06	-3.511453e-07	-6.475294e-10	-2.505372e+00	-4.254100e+01
1.780000e-06	-3.055224e-07	-6.367324e-10	-2.179859e+00	-4.179025e+01
1.790000e-06	-2.598581e-07	-6.289307e-10	-1.854051e+00	-4.102177e+01
1.800000e-06	-2.142414e-07	-6.222297e-10	-1.528583e+00	-4.023491e+01
1.810000e-06	-1.686397e-07	-6.098609e-10	-1.203221e+00	-3.942899e+01
1.820000e-06	-1.229536e-07	-5.936675e-10	-8.772564e-01	-3.860330e+01
1.830000e-06	-7.730273e-08	-5.759397e-10	-5.515441e-01	-3.775715e+01
1.840000e-06	-3.175212e-08	-5.590980e-10	-2.265470e-01	-3.688978e+01
1.850000e-06	1.393645e-08	-5.436001e-10	9.943460e-02	-3.600045e+01
1.860000e-06	5.964896e-08	-5.318400e-10	4.255870e-01	-3.508841e+01
1.870000e-06	1.052821e-07	-5.231264e-10	7.511731e-01	-3.415290e+01
1.880000e-06	1.509125e-07	-5.154899e-10	1.076739e+00	-3.319318e+01
1.890000e-06	1.965070e-07	-5.018063e-10	1.402050e+00	-3.220850e+01
1.900000e-06	2.421033e-07	-4.813227e-10	1.727373e+00	-3.119814e+01
1.910000e-06	2.877372e-07	-4.570764e-10	2.052965e+00	-3.016141e+01
1.920000e-06	3.333098e-07	-4.340182e-10	2.378119e+00	-2.909764e+01
1.930000e-06	3.787670e-07	-4.140339e-10	2.702449e+00	-2.800619e+01
1.940000e-06	4.242200e-07	-3.960513e-10	3.026750e+00	-2.688650e+01
1.950000e-06	4.697067e-07	-3.799669e-10	3.351291e+00	-2.573803e+01
1.960000e-06	5.151497e-07	-3.662440e-10	3.675521e+00	-2.456031e+01
1.970000e-06	5.605274e-07	-3.491021e-10	3.999284e+00	-2.335296e+01
1.980000e-06	6.057999e-07	-3.276549e-10	4.322298e+00	-2.211566e+01
1.990000e-06	6.510067e-07	-3.047279e-10	4.644842e+00	-2.084815e+01
2.000000e-06	6.962016e-07	-2.825312e-10	4.967301e+00	-1.955031e+01
2.010000e-06	7.413873e-07	-2.614124e-10	5.289695e+00	-1.822206e+01
2.020000e-06	7.865039e-07	-2.403402e-10	5.611595e+00	-1.686348e+01
2.030000e-06	8.314943e-07	-2.198028e-10	5.932596e+00	-1.547470e+01
2.040000e-06	8.764401e-07	-1.986760e-10	6.253277e+00	-1.405600e+01
2.050000e-06	9.213729e-07	-1.780137e-10	6.573867e+00	-1.260776e+01
2.060000e-06	9.663643e-07	-1.553635e-10	6.894874e+00	-1.113047e+01
2.070000e-06	1.011261e-06	-1.306192e-10	7.215206e+00	-9.624754e+00
2.080000e-06	1.055930e-06	-1.051742e-10	7.533915e+00	-8.091346e+00
2.090000e-06	1.100463e-06	-8.173106e-11	7.851647e+00	-6.531105e+00
2.100000e-06	1.144953e-06	-5.867829e-11	8.169080e+00	-4.945011e+00
2.110000e-06	1.189455e-06	-3.544284e-11	8.486597e+00	-3.334161e+00
2.120000e-06	1.233844e-06	-1.134026e-11	8.803307e+00	-1.699771e+00
2.130000e-06	1.278161e-06	1.336209e-11	9.119497e+00	-4.316843e-02
2.140000e-06	1.322444e-06	3.822190e-11	9.435449e+00	1.634208e+00
2.150000e-06	1.366651e-06	6.436793e-11	9.750865e+00	3.330817e+00
2.160000e-06	1.410825e-06	8.999352e-11	1.006604e+01	5.045018e+00
2.170000e-06	1.454995e-06	1.130599e-10	1.038119e+01	6.775077e+00
2.180000e-06	1.499091e-06	1.355008e-10	1.069580e+01	8.519179e+00
2.190000e-06	1.543096e-06	1.592024e-10	1.100977e+01	1.027543e+01
2.200000e-06	1.587104e-06	1.862007e-10	1.132376e+01	1.204187e+01
2.210000e-06	1.631082e-06	2.138771e-10	1.163754e+01	1.381648e+01
2.220000e-06	1.674987e-06	2.422059e-10	1.195080e+01	1.559719e+01
2.230000e-06	1.718812e-06	2.706923e-10	1.226348e+01	1.738190e+01
2.240000e-06	1.762439e-06	2.993863e-10	1.257476e+01	1.916847e+01
2.250000e-06	1.805943e-06	3.286268e-10	1.288515e+01	2.095476e+01
2.260000e-06	1.849362e-06	3.578029e-10	1.319494e+01	2.273860e+01
2.270000e-06	1.892596e-06	3.863323e-10	1.350341e+01	2.451786e+01
2.280000e-06	1.935536e-06	4.128699e-10	1.380977e+01	2.629039e+01
2.290000e-06	1.978202e-06	4.405084e-10	1.411419e+01	2.805409e+01
2.300000e-06	2.020663e-06	4.680236e-10	1.441715e+01	2.980689e+01
2.310000e-06	2.062869e-06	4.921645e-10	1.471828e+01	3.154677e+01
2.320000e-06	2.104901e-06	5.154678e-10	1.501817e+01	3.327176e+01
2.330000e-06	2.146715e-06	5.399354e-10	1.531651e+01	3.497996e+01
2.340000e-06	2.188309e-06	5.639223e-10	1.561328e+01	3.666956e+01
2.350000e-06	2.229588e-06	5.859641e-10	1.590780e+01	3.833882e+01
2.360000e-06	2.270581e-06	6.079571e-10	1.620028e+01	3.998608e+01
2.370000e-06	2.311353e-06	6.343704e-10	1.649118e+01	4.160981e+01
2.380000e-06	2.351882e-06	6.647046e-10	1.678035e+01	4.320855e+01
2.390000e-06	2.392265e-06	6.947754e-10	1.706847e+01	4.478098e+01
2.400000e-06	2.432506e-06	7.178656e-10	1.735559e+01	4.632586e+01
2.410000e-06	2.472655e-06	7.355522e-10	1.764205e+01	4.784209e+01
2.420000e-06	2.512730e-06	7.557508e-10	1.792798e+01	4.932868e+01
2.430000e-06	2.552721e-06	7.793840e-10	1.821331e+01	5.078476e+01
2.440000e-06	2.592595e-06	8.033178e-10	1.849780e+01	5.220958e+01
2.450000e-06	2.632355e-06	8.249767e-10	1.878148e+01	5.360251e+01
2.460000e-06	2.671899e-06	8.472337e-10	1.906363e+01	5.496304e+01
2.470000e-06	2.711370e-06	8.722585e-10	1.934524e+01	5.629077e+01
2.480000e-06	2.750683e-06	8.920030e-10	1.962573e+01	5.758542e+01
2.490000e-06	2.789654e-06	9.073566e-10	1.990379e+01	5.884680e+01
2.500000e-06	2.828447e-06	9.238325e-10	2.018058e+01	6.007486e+01
2.510000e-06	2.867036e-06	9.441127e-10	2.045590e+01	6.126961e+01
2.520000e-06	2.905381e-06	9.682277e-10	2.072949e+01	6.243117e+01
2.530000e-06	2.943531e-06	9.918982e-10	2.100168e+01	6.355976e+01
2.540000e-06	2.981517e-06	1.012404e-09	2.127271e+01	6.465565e+01
2.550000e-06	3.019325e-06	1.029369e-09	2.154246e+01	6.571922e+01
2.560000e-06	3.057014e-06	1.041694e-09	2.181137e+01	6.675087e+01
2.570000e-06	3.094496e-06	1.050211e-09	2.207879e+01	6.775111e+01
2.580000e-06	3.131727e-06	1.059033e-09	2.234443e+01	6.872045e+01
2.590000e-06	3.168689e-06	1.072099e-09	2.260816e+01	6.965948e+01
2.600000e-06	3.205374e-06	1.089560e-09	2.286990e+01	7.056881e+01
2.610000e-06	3.241918e-06	1.107874e-09	2.313063e+01	7.144907e+01
2.620000e-06	3.278257e-06	1.125204e-09	2.338990e+01	7.230092e+01
2.630000e-06	3.314376e-06	1.141510e-09	2.364761e+01	7.312504e+01
2.640000e-06	3.350388e-06	1.155140e-09	2.390455e+01	7.392211e+01
2.650000e-06	3.386316e-06	1.163813e-09	2.416089e+01	7.469279e+01
2.660000e-06	3.422119e-06	1.168299e-09	2.441634e+01	7.543778e+01
2.670000e-06	3.457741e-06	1.172930e-09	2.467050e+01	7.615772e+01
2.680000e-06	3.493088e-06	1.182627e-09	2.492270e+01	7.685328e+01
2.690000e-06	3.528172e-06	1.195754e-09	2.517301e+01	7.752508e+01
2.700000e-06	3.562870e-06	1.209059e-09	2.542058e+01	7.817374e+01
2.710000e-06	3.597021e-06	1.224537e-09	2.566424e+01	7.879983e+01
2.720000e-06	3.630645e-06	1.239473e-09	2.590414e+01	7.940392e+01
2.730000e-06	3.663852e-06	1.249155e-09	2.614107e+01	7.998653e+01
2.740000e-06	3.696757e-06	1.254662e-09	2.637585e+01	8.054817e+01
2.750000e-06	3.729376e-06	1.258450e-09	2.660858e+01	8.108932e+01
2.760000e-06	3.761729e-06	1.262320e-09	2.683941e+01	8.161040e+01
2.770000e-06	3.793810e-06	1.265771e-09	2.706830e+01	8.211185e+01
2.780000e-06	3.825740e-06	1.269138e-09	2.729612e+01	8.259405e+01
2.790000e-06	3.857547e-06	1.274868e-09	2.752306e+01	8.305737e+01
2.800000e-06	3.889118e-06	1.284629e-09	2.774831e+01	8.350217e+01
2.810000e-06	3.920386e-06	1.293677e-09	2.797140e+01	8.392876e+01
2.820000e-06	3.951366e-06	1.296800e-09	2.819244e+01	8.433746e+01
2.830000e-06	3.982183e-06	1.296557e-09	2.841231e+01	8.472857e+01
2.840000e-06	4.012719e-06	1.298127e-09	2.863019e+01	8.510239e+01
2.850000e-06	4.042875e-06	1.300995e-09	2.884535e+01	8.545921e+01
2.860000e-06	4.072780e-06	1.302789e-09	2.905871e+01	8.579931e+01
2.870000e-06	4.102504e-06	1.304828e-09	2.927079e+01	8.612299e+01
2.880000e-06	4.132020e-06	1.309453e-09	2.948138e+01	8.643056e+01
2.890000e-06	4.161303e-06	1.313607e-09	2.969032e+01	8.672230e+01
2.900000e-06	4.190285e-06	1.315856e-09	2.989710e+01	8.699856e+01
2.910000e-06	4.218876e-06	1.317524e-09	3.010109e+01	8.725968e+01
2.920000e-06	4.247195e-06	1.319437e-09	3.030314e+01	8.750600e+01
2.930000e-06	4.275368e-06	1.322566e-09	3.050415e+01	8.773791e+01
2.940000e-06	4.303354e-06	1.324182e-09	3.070383e+01	8.795581e+01
2.950000e-06	4.331142e-06	1.324069e-09	3.090209e+01	8.816014e+01
2.960000e-06	4.358801e-06	1.325582e-09	3.109943e+01	8.835134e+01
2.970000e-06	4.386158e-06	1.328697e-09	3.129463e+01	8.852990e+01
2.980000e-06	4.413066e-06	1.330089e-09	3.148661e+01	8.869631e+01
2.990000e-06	4.439394e-06	1.330731e-09	3.167446e+01	8.885112e+01
3.000000e-06	4.465117e-06	1.333135e-09	3.185798e+01	8.899488e+01
3.010000e-06	4.490247e-06	1.336374e-09	3.203729e+01	8.912815e+01
3.020000e-06	4.514891e-06	1.338512e-09	3.221312e+01	8.925154e+01
3.030000e-06	4.539282e-06	1.339531e-09	3.238714e+01	8.936566e+01
3.040000e-06	4.563468e-06	1.342589e-09	3.255970e+01	8.947113e+01
3.050000e-06	4.587477e-06	1.346407e-09	3.273100e+01	8.956859e+01
3.060000e-06	4.611195e-06	1.349170e-09	3.290023e+01	8.965869e+01
3.070000e-06	4.634511e-06	1.350383e-09	3.306659e+01	8.974206e+01
3.080000e-06	4.657416e-06	1.349959e-09	3.323001e+01	8.981935e+01
3.090000e-06	4.680085e-06	1.350466e-09	3.339175e+01	8.989119e+01
3.100000e-06	4.702512e-06	1.351089e-09	3.355176e+01	8.995820e+01
3.110000e-06	4.724603e-06	1.351954e-09	3.370938e+01	9.002099e+01
3.120000e-06	4.746420e-06	1.353256e-09	3.386504e+01	9.008013e+01
3.130000e-06	4.767927e-06	1.357139e-09	3.401849e+01	9.013617e+01
3.140000e-06	4.789071e-06	1.362727e-09	3.416935e+01	9.018964e+01
3.150000e-06	4.809841e-06	1.365734e-09	3.431754e+01	9.024102e+01
3.160000e-06	4.830290e-06	1.366087e-09	3.446344e+01	9.029074e+01
3.170000e-06	4.850548e-06	1.366707e-09	3.460798e+01	9.033921e+01
3.180000e-06	4.870631e-06	1.368719e-09	3.475127e+01	9.038677e+01
3.190000e-06	4.890506e-06	1.369392e-09	3.489308e+01	9.043371e+01
3.200000e-06	4.910102e-06	1.368833e-09	3.503289e+01	9.048028e+01
3.210000e-06	4.929257e-06	1.371555e-09	3.516956e+01	9.052664e+01
3.220000e-06	4.948033e-06	1.375863e-09	3.530353e+01	9.057294e+01
3.230000e-06	4.966429e-06	1.378246e-09	3.543477e+01	9.061922e+01
3.240000e-06	4.984317e-06	1.376725e-09	3.556240e+01	9.066550e+01
3.250000e-06	5.001805e-06	1.374550e-09	3.568718e+01	9.071172e+01
3.260000e-06	5.019124e-06	1.375796e-09	3.581075e+01	9.075776e+01
3.270000e-06	5.036204e-06	1.375355e-09	3.593261e+01	9.080345e+01
3.280000e-06	5.052909e-06	1.371249e-09	3.605179e+01	9.084857e+01
3.290000e-06	5.069335e-06	1.370961e-09	3.616900e+01	9.089284e+01
3.300000e-06	5.085250e-06	1.375782e-09	3.628255e+01	9.093594e+01
3.310000e-06	5.100617e-06	1.379746e-09	3.639219e+01	9.097751e+01
3.320000e-06	5.115622e-06	1.381949e-09	3.649925e+01	9.101715e+01
3.330000e-06	5.130233e-06	1.382747e-09	3.660349e+01	9.105441e+01
3.340000e-06	5.144407e-06	1.382504e-09	3.670463e+01	9.108883e+01
3.350000e-06	5.158113e-06	1.381065e-09	3.680241e+01	9.111994e+01
3.360000e-06	5.171483e-06	1.379913e-09	3.689781e+01	9.114723e+01
3.370000e-06	5.184479e-06	1.377718e-09	3.699053e+01	9.117020e+01
3.380000e-06	5.197077e-06	1.374519e-09	3.708042e+01	9.118836e+01
3.390000e-06	5.209384e-06	1.375067e-09	3.716822e+01	9.120121e+01
3.400000e-06	5.221422e-06	1.379312e-09	3.725411e+01	9.120826e+01
3.410000e-06	5.233116e-06	1.381813e-09	3.733755e+01	9.120905e+01
3.420000e-06	5.244235e-06	1.379990e-09	3.741688e+01	9.120317e+01
3.430000e-06	5.254801e-06	1.375392e-09	3.749227e+01	9.119020e+01
3.440000e-06	5.264857e-06	1.371761e-09	3.756401e+01	9.116980e+01
3.450000e-06	5.274228e-06	1.368391e-09	3.763088e+01	9.114166e+01
3.460000e-06	5.282978e-06	1.365989e-09	3.769331e+01	9.110553e+01
3.470000e-06	5.291334e-06	1.366421e-09	3.775293e+01	9.106122e+01
3.480000e-06	5.299458e-06	1.371162e-09	3.781089e+01	9.100859e+01
3.490000e-06	5.307366e-06	1.376731e-09	3.786732e+01	9.094757e+01
3.500000e-06	5.314995e-06	1.376696e-09	3.792174e+01	9.087818e+01
3.510000e-06	5.322297e-06	1.371489e-09	3.797384e+01	9.080048e+01
3.520000e-06	5.329208e-06	1.366513e-09	3.802315e+01	9.071464e+01
3.530000e-06	5.335735e-06	1.363605e-09	3.806972e+01	9.062086e+01
3.540000e-06	5.341972e-06	1.361669e-09	3.811422e+01	9.051945e+01
3.550000e-06	5.347879e-06	1.361402e-09	3.815637e+01	9.041077e+01
3.560000e-06	5.353352e-06	1.362917e-09	3.819542e+01	9.029527e+01
3.570000e-06	5.358419e-06	1.364248e-09	3.823157e+01	9.017346e+01
3.580000e-06	5.363123e-06	1.360781e-09	3.826513e+01	9.004591e+01
3.590000e-06	5.367493e-06	1.354829e-09	3.829631e+01	8.991325e+01
3.600000e-06	5.371631e-06	1.351133e-09	3.832583e+01	8.977617e+01
3.610000e-06	5.375569e-06	1.349590e-09	3.835393e+01	8.963542e+01
3.620000e-06	5.379255e-06	1.349463e-09	3.838023e+01	8.949177e+01
3.630000e-06	5.382571e-06	1.351275e-09	3.840389e+01	8.934605e+01
3.640000e-06	5.385379e-06	1.355385e-09	3.842392e+01	8.919909e+01
3.650000e-06	5.387521e-06	1.358951e-09	3.843920e+01	8.905178e+01
3.660000e-06	5.388876e-06	1.359271e-09	3.844888e+01	8.890499e+01
3.670000e-06	5.389682e-06	1.358586e-09	3.845463e+01	8.875961e+01
3.680000e-06	5.390143e-06	1.357121e-09	3.845792e+01	8.861651e+01
3.690000e-06	5.390376e-06	1.354733e-09	3.845957e+01	8.847657e+01
3.700000e-06	5.390435e-06	1.352602e-09	3.846000e+01	8.834063e+01
3.710000e-06	5.390257e-06	1.352810e-09	3.845873e+01	8.820951e+01
3.720000e-06	5.389773e-06	1.355478e-09	3.845527e+01	8.808397e+01
3.730000e-06	5.388828e-06	1.355906e-09	3.844854e+01	8.796475e+01
3.740000e-06	5.387398e-06	1.349904e-09	3.843833e+01	8.785252e+01
3.750000e-06	5.385728e-06	1.342722e-09	3.842641e+01	8.774789e+01
3.760000e-06	5.383900e-06	1.343274e-09	3.841337e+01	8.765139e+01
3.770000e-06	5.381727e-06	1.340820e-09	3.839787e+01	8.756350e+01
3.780000e-06	5.379224e-06	1.301655e-09	3.838001e+01	8.748459e+01
3.790000e-06	5.376204e-06	1.273457e-09	3.835846e+01	8.741496e+01
3.800000e-06	5.372576e-06	1.329562e-09	3.833258e+01	8.735481e+01
3.810000e-06	5.368620e-06	1.347954e-09	3.830435e+01	8.730427e+01
3.820000e-06	5.364552e-06	1.321249e-09	3.827532e+01	8.726334e+01
3.830000e-06	5.360449e-06	1.267137e-09	3.824605e+01	8.723195e+01
3.840000e-06	5.355869e-06	1.309032e-09	3.821337e+01	8.720992e+01
3.850000e-06	5.350529e-06	1.344505e-09	3.817527e+01	8.719699e+01
3.860000e-06	5.344629e-06	1.280253e-09	3.813318e+01	8.719279e+01
3.870000e-06	5.338378e-06	1.249329e-09	3.808858e+01	8.719686e+01
3.880000e-06	5.331694e-06	1.287467e-09	3.804089e+01	8.720866e+01
3.890000e-06	5.324397e-06	1.348556e-09	3.798883e+01	8.722755e+01
3.900000e-06	5.316718e-06	1.274872e-09	3.793404e+01	8.725283e+01
3.910000e-06	5.308876e-06	1.277989e-09	3.787809e+01	8.728373e+01
3.920000e-06	5.300705e-06	1.325922e-09	3.781979e+01	8.731938e+01
3.930000e-06	5.292112e-06	1.324074e-09	3.775848e+01	8.735889e+01
3.940000e-06	5.283218e-06	1.220937e-09	3.769502e+01	8.740131e+01
3.950000e-06	5.274079e-06	1.250773e-09	3.762982e+01	8.744562e+01
3.960000e-06	5.264419e-06	1.353116e-09	3.756089e+01	8.749080e+01
3.970000e-06	5.254282e-06	1.348171e-09	3.748857e+01	8.753580e+01
3.980000e-06	5.243949e-06	1.292119e-09	3.741484e+01	8.757954e+01
3.990000e-06	5.233359e-06	1.371732e-09	3.733928e+01	8.762095e+01
4.000000e-06	5.222347e-06	1.451486e-09	3.726071e+01	8.765895e+01
4.010000e-06	5.210898e-06	1.368705e-09	3.717903e+01	8.769249e+01
4.020000e-06	5.199087e-06	1.322571e-09	3.709476e+01	8.772053e+01
4.030000e-06	5.186818e-06	1.401455e-09	3.700722e+01	8.774207e+01
4.040000e-06	5.174100e-06	1.423632e-09	3.691648e+01	8.775615e+01
4.050000e-06	5.161069e-06	1.307516e-09	3.682350e+01	8.776185e+01
4.060000e-06	5.147459e-06	1.314781e-09	3.672640e+01	8.775833e+01
4.070000e-06	5.132978e-06	1.387994e-09	3.662308e+01	8.774480e+01
4.080000e-06	5.117918e-06	1.386937e-09	3.651563e+01	8.772054e+01
4.090000e-06	5.102479e-06	1.320125e-09	3.640547e+01	8.768491e+01
4.100000e-06	5.086723e-06	1.337960e-09	3.629306e+01	8.763734e+01
4.110000e-06	5.070716e-06	1.340752e-09	3.617885e+01	8.757738e+01
4.120000e-06	5.054493e-06	1.329419e-09	3.606310e+01	8.750464e+01
4.130000e-06	5.038008e-06	1.321493e-09	3.594548e+01	8.741883e+01
4.140000e-06	5.021171e-06	1.320270e-09	3.582535e+01	8.731976e+01
4.150000e-06	5.003922e-06	1.285765e-09	3.570228e+01	8.720733e+01
4.160000e-06	4.986285e-06	1.313320e-09	3.557645e+01	8.708153e+01
4.170000e-06	4.968320e-06	1.341510e-09	3.544827e+01	8.694245e+01
4.180000e-06	4.950033e-06	1.322780e-09	3.531779e+01	8.679027e+01
4.190000e-06	4.931361e-06	1.287856e-09	3.518457e+01	8.662527e+01
4.200000e-06	4.912356e-06	1.300644e-09	3.504898e+01	8.644778e+01
4.210000e-06	4.893051e-06	1.316582e-09	3.491123e+01	8.625824e+01
4.220000e-06	4.873423e-06	1.299628e-09	3.477119e+01	8.605716e+01
4.230000e-06	4.853593e-06	1.273844e-09	3.462971e+01	8.584511e+01
4.240000e-06	4.833627e-06	1.275244e-09	3.448725e+01	8.562274e+01
4.250000e-06	4.813488e-06	1.299743e-09	3.434356e+01	8.539072e+01
4.260000e-06	4.793097e-06	1.295831e-09	3.419808e+01	8.514981e+01
4.270000e-06	4.772216e-06	1.274234e-09	3.404910e+01	8.490078e+01
4.280000e-06	4.750728e-06	1.272720e-09	3.389578e+01	8.464443e+01
4.290000e-06	4.728684e-06	1.293406e-09	3.373850e+01	8.438162e+01
4.300000e-06	4.706006e-06	1.280645e-09	3.357669e+01	8.411318e+01
4.310000e-06	4.682732e-06	1.263930e-09	3.341064e+01	8.383997e+01
4.320000e-06	4.659086e-06	1.248675e-09	3.324192e+01	8.356284e+01
4.330000e-06	4.635254e-06	1.245890e-09	3.307189e+01	8.328265e+01
4.340000e-06	4.611266e-06	1.242166e-09	3.290073e+01	8.300021e+01
4.350000e-06	4.587155e-06	1.241141e-09	3.272871e+01	8.271632e+01
4.360000e-06	4.562770e-06	1.217948e-09	3.255472e+01	8.243177e+01
4.370000e-06	4.537968e-06	1.220959e-09	3.237777e+01	8.214726e+01
4.380000e-06	4.512780e-06	1.237055e-09	3.219805e+01	8.186350e+01
4.390000e-06	4.487317e-06	1.239104e-09	3.201638e+01	8.158112e+01
4.400000e-06	4.461507e-06	1.210857e-09	3.183223e+01	8.130069e+01
4.410000e-06	4.435428e-06	1.199872e-09	3.164616e+01	8.102274e+01
4.420000e-06	4.409170e-06	1.197523e-09	3.145881e+01	8.074773e+01
4.430000e-06	4.382591e-06	1.196627e-09	3.126917e+01	8.047604e+01
4.440000e-06	4.355609e-06	1.181414e-09	3.107666e+01	8.020800e+01
4.450000e-06	4.328185e-06	1.177304e-09	3.088099e+01	7.994388e+01
4.460000e-06	4.300462e-06	1.186842e-09	3.068319e+01	7.968384e+01
4.470000e-06	4.272573e-06	1.199168e-09	3.048421e+01	7.942803e+01
4.480000e-06	4.244606e-06	1.192518e-09	3.028467e+01	7.917648e+01
4.490000e-06	4.216529e-06	1.182590e-09	3.008434e+01	7.892918e+01
4.500000e-06	4.188225e-06	1.181524e-09	2.988240e+01	7.868606e+01
4.510000e-06	4.159734e-06	1.183049e-09	2.967912e+01	7.844698e+01
4.520000e-06	4.130814e-06	1.177313e-09	2.947278e+01	7.821174e+01
4.530000e-06	4.101248e-06	1.169620e-09	2.926183e+01	7.798010e+01
4.540000e-06	4.071171e-06	1.171262e-09	2.904723e+01	7.775177e+01
4.550000e-06	4.040558e-06	1.177174e-09	2.882881e+01	7.752640e+01
4.560000e-06	4.009558e-06	1.177915e-09	2.860764e+01	7.730363e+01
4.570000e-06	3.978169e-06	1.167586e-09	2.838368e+01	7.708305e+01
4.580000e-06	3.946453e-06	1.163182e-09	2.815739e+01	7.686423e+01
4.590000e-06	3.914642e-06	1.164291e-09	2.793043e+01	7.664672e+01
4.600000e-06	3.882706e-06	1.166805e-09	2.770256e+01	7.643005e+01
4.610000e-06	3.850630e-06	1.156998e-09	2.747371e+01	7.621375e+01
4.620000e-06	3.818383e-06	1.147701e-09	2.724363e+01	7.599735e+01
4.630000e-06	3.785884e-06	1.142827e-09	2.701176e+01	7.578036e+01
4.640000e-06	3.753012e-06	1.145223e-09	2.677722e+01	7.556234e+01
4.650000e-06	3.719759e-06	1.137024e-09	2.653996e+01	7.534282e+01
4.660000e-06	3.686249e-06	1.128461e-09	2.630087e+01	7.512138e+01
4.670000e-06	3.652564e-06	1.125626e-09	2.606053e+01	7.489761e+01
4.680000e-06	3.618713e-06	1.132707e-09	2.581901e+01	7.467113e+01
4.690000e-06	3.584701e-06	1.130334e-09	2.557634e+01	7.444158e+01
4.700000e-06	3.550473e-06	1.122871e-09	2.533213e+01	7.420865e+01
4.710000e-06	3.515934e-06	1.114416e-09	2.508569e+01	7.397206e+01
4.720000e-06	3.481078e-06	1.110810e-09	2.483700e+01	7.373156e+01
4.730000e-06	3.445898e-06	1.104370e-09	2.458600e+01	7.348694e+01
4.740000e-06	3.410435e-06	1.097196e-09	2.433298e+01	7.323804e+01
4.750000e-06	3.374755e-06	1.092259e-09	2.407841e+01	7.298473e+01
4.760000e-06	3.338926e-06	1.093471e-09	2.382277e+01	7.272692e+01
4.770000e-06	3.303020e-06	1.093053e-09	2.356659e+01	7.246456e+01
4.780000e-06	3.267096e-06	1.087897e-09	2.331027e+01	7.219764e+01
4.790000e-06	3.231101e-06	1.079025e-09	2.305345e+01	7.192618e+01
4.800000e-06	3.194835e-06	1.071760e-09	2.279470e+01	7.165022e+01
4.810000e-06	3.158313e-06	1.063801e-09	2.253412e+01	7.136986e+01
4.820000e-06	3.121510e-06	1.054435e-09	2.227153e+01	7.108520e+01
4.830000e-06	3.084375e-06	1.047941e-09	2.200658e+01	7.079638e+01
4.840000e-06	3.046947e-06	1.044710e-09	2.173954e+01	7.050354e+01
4.850000e-06	3.009001e-06	1.043978e-09	2.146880e+01	7.020686e+01
4.860000e-06	2.970641e-06	1.040909e-09	2.119511e+01	6.990651e+01
4.870000e-06	2.931971e-06	1.035496e-09	2.091921e+01	6.960269e+01
4.880000e-06	2.892930e-06	1.028566e-09	2.064065e+01	6.929557e+01
4.890000e-06	2.853639e-06	1.022670e-09	2.036031e+01	6.898536e+01
4.900000e-06	2.814127e-06	1.014729e-09	2.007840e+01	6.867223e+01
4.910000e-06	2.774405e-06	1.009925e-09	1.979499e+01	6.835636e+01
4.920000e-06	2.734531e-06	1.008107e-09	1.951050e+01	6.803792e+01
4.930000e-06	2.694602e-06	1.008710e-09	1.922561e+01	6.771706e+01
4.940000e-06	2.654616e-06	1.006520e-09	1.894031e+01	6.739391e+01
4.950000e-06	2.614523e-06	1.003504e-09	1.865426e+01	6.706858e+01
4.960000e-06	2.574280e-06	9.964700e-10	1.836713e+01	6.674115e+01
4.970000e-06	2.533920e-06	9.899613e-10	1.807917e+01	6.641169e+01
4.980000e-06	2.493372e-06	9.822045e-10	1.778986e+01	6.608023e+01
4.990000e-06	2.452696e-06	9.761871e-10	1.749964e+01	6.574677e+01
5.000000e-06	2.411870e-06	9.695341e-10	1.720835e+01	6.541129e+01
5.010000e-06	2.370783e-06	9.650419e-10	1.691520e+01	6.507373e+01
5.020000e-06	2.329518e-06	9.594925e-10	1.662078e+01	6.473400e+01
5.030000e-06	2.288076e-06	9.547752e-10	1.632510e+01	6.439199e+01
5.040000e-06	2.246509e-06	9.520823e-10	1.602852e+01	6.404755e+01
5.050000e-06	2.204810e-06	9.510462e-10	1.573101e+01	6.370050e+01
5.060000e-06	2.162941e-06	9.490346e-10	1.543228e+01	6.335065e+01
5.070000e-06	2.120971e-06	9.439004e-10	1.513283e+01	6.299777e+01
5.080000e-06	2.078914e-06	9.346711e-10	1.483276e+01	6.264161e+01
5.090000e-06	2.036684e-06	9.245467e-10	1.453146e+01	6.228190e+01
5.100000e-06	1.994280e-06	9.139883e-10	1.422891e+01	6.191834e+01
5.110000e-06	1.951645e-06	9.046317e-10	1.392471e+01	6.155064e+01
5.120000e-06	1.908808e-06	9.036287e-10	1.361908e+01	6.117847e+01
5.130000e-06	1.865852e-06	9.094169e-10	1.331259e+01	6.080149e+01
5.140000e-06	1.822853e-06	9.140867e-10	1.300580e+01	6.041938e+01
5.150000e-06	1.779775e-06	9.122145e-10	1.269845e+01	6.003179e+01
5.160000e-06	1.736464e-06	9.043678e-10	1.238943e+01	5.963836e+01
5.170000e-06	1.693005e-06	8.930269e-10	1.207935e+01	5.923876e+01
5.180000e-06	1.649434e-06	8.822816e-10	1.176848e+01	5.883262e+01
5.190000e-06	1.605746e-06	8.686527e-10	1.145677e+01	5.841961e+01
5.200000e-06	1.562010e-06	8.590590e-10	1.114472e+01	5.799939e+01
5.210000e-06	1.518213e-06	8.586918e-10	1.083224e+01	5.757161e+01
5.220000e-06	1.474376e-06	8.613274e-10	1.051947e+01	5.713597e+01
5.230000e-06	1.430522e-06	8.620235e-10	1.020658e+01	5.669213e+01
5.240000e-06	1.386631e-06	8.576393e-10	9.893420e+00	5.623979e+01
5.250000e-06	1.342673e-06	8.484829e-10	9.579781e+00	5.577865e+01
5.260000e-06	1.298668e-06	8.394566e-10	9.265812e+00	5.530842e+01
5.270000e-06	1.254635e-06	8.297634e-10	8.951644e+00	5.482881e+01
5.280000e-06	1.210549e-06	8.190390e-10	8.637098e+00	5.433954e+01
5.290000e-06	1.166423e-06	8.079878e-10	8.322263e+00	5.384036e+01
5.300000e-06	1.122282e-06	8.018698e-10	8.007326e+00	5.333098e+01
5.310000e-06	1.078020e-06	7.978464e-10	7.691520e+00	5.281114e+01
5.320000e-06	1.033741e-06	7.911286e-10	7.375594e+00	5.228058e+01
5.330000e-06	9.894425e-07	7.799817e-10	7.059533e+00	5.173903e+01
5.340000e-06	9.449706e-07	7.704779e-10	6.742233e+00	5.118621e+01
5.350000e-06	9.004444e-07	7.643662e-10	6.424545e+00	5.062186e+01
5.360000e-06	8.559836e-07	7.540076e-10	6.107323e+00	5.004567e+01
5.370000e-06	8.114930e-07	7.391116e-10	5.789889e+00	4.945734e+01
5.380000e-06	7.668368e-07	7.259564e-10	5.471273e+00	4.885656e+01
5.390000e-06	7.220779e-07	7.156904e-10	5.151924e+00	4.824298e+01
5.400000e-06	6.772911e-07	7.074280e-10	4.832377e+00	4.761625e+01
5.410000e-06	6.324434e-07	6.981172e-10	4.512395e+00	4.697598e+01
5.420000e-06	5.874466e-07	6.876605e-10	4.191349e+00	4.632176e+01
5.430000e-06	5.424559e-07	6.805723e-10	3.870347e+00	4.565316e+01
5.440000e-06	4.974593e-07	6.745051e-10	3.549302e+00	4.496972e+01
5.450000e-06	4.524345e-07	6.629535e-10	3.228057e+00	4.427093e+01
5.460000e-06	4.074417e-07	6.457204e-10	2.907040e+00	4.355628e+01
5.470000e-06	3.624215e-07	6.292643e-10	2.585827e+00	4.282520e+01
5.480000e-06	3.174074e-07	6.162325e-10	2.264658e+00	4.207711e+01
5.490000e-06	2.723867e-07	6.034328e-10	1.943441e+00	4.131139e+01
5.500000e-06	2.273889e-07	5.910065e-10	1.622388e+00	4.052739e+01
5.510000e-06	1.823532e-07	5.806124e-10	1.301064e+00	3.972446e+01
5.520000e-06	1.371805e-07	5.710895e-10	9.787638e-01	3.890188e+01
5.530000e-06	9.196866e-08	5.600156e-10	6.561835e-01	3.805894e+01
5.540000e-06	4.681500e-08	5.471969e-10	3.340185e-01	3.719492e+01
5.550000e-06	1.634374e-09	5.347555e-10	1.166103e-02	3.630906e+01
5.560000e-06	-4.351246e-08	5.205103e-10	-3.104553e-01	3.540062e+01
5.570000e-06	-8.864247e-08	5.035574e-10	-6.324516e-01	3.446884e+01
5.580000e-06	-1.338790e-07	4.856324e-10	-9.552081e-01	3.351296e+01
5.590000e-06	-1.792013e-07	4.701134e-10	-1.278576e+00	3.253225e+01
5.600000e-06	-2.243927e-07	4.567767e-10	-1.601011e+00	3.152598e+01
5.610000e-06	-2.693632e-07	4.423138e-10	-1.921868e+00	3.049345e+01
5.620000e-06	-3.144126e-07	4.271444e-10	-2.243290e+00	2.943399e+01
5.630000e-06	-3.594985e-07	4.129330e-10	-2.564971e+00	2.834696e+01
5.640000e-06	-4.043496e-07	3.983583e-10	-2.884978e+00	2.723177e+01
5.650000e-06	-4.491642e-07	3.824606e-10	-3.204724e+00	2.608789e+01
5.660000e-06	-4.940215e-07	3.634822e-10	-3.524774e+00	2.491484e+01
5.670000e-06	-5.388217e-07	3.442925e-10	-3.844418e+00	2.371221e+01
5.680000e-06	-5.836534e-07	3.266647e-10	-4.164285e+00	2.247967e+01
5.690000e-06	-6.284364e-07	3.079775e-10	-4.483805e+00	2.121698e+01
5.700000e-06	-6.731251e-07	2.848110e-10	-4.802653e+00	1.992395e+01
5.710000e-06	-7.177292e-07	2.617466e-10	-5.120898e+00	1.860054e+01
5.720000e-06	-7.623317e-07	2.468460e-10	-5.439130e+00	1.724676e+01
5.730000e-06	-8.069408e-07	2.361085e-10	-5.757410e+00	1.586276e+01
5.740000e-06	-8.514304e-07	2.224129e-10	-6.074837e+00	1.444878e+01
5.750000e-06	-8.957830e-07	2.047407e-10	-6.391286e+00	1.300519e+01
5.760000e-06	-9.401476e-07	1.849604e-10	-6.707822e+00	1.153246e+01
5.770000e-06	-9.845495e-07	1.606218e-10	-7.024623e+00	1.003120e+01
5.780000e-06	-1.028862e-06	1.301838e-10	-7.340789e+00	8.502106e+00
5.790000e-06	-1.073070e-06	9.908355e-11	-7.656203e+00	6.946032e+00
5.800000e-06	-1.117198e-06	7.278818e-11	-7.971048e+00	5.363933e+00
5.810000e-06	-1.161305e-06	5.327836e-11	-8.285745e+00	3.756888e+00
5.820000e-06	-1.205386e-06	3.832365e-11	-8.600260e+00	2.126091e+00
5.830000e-06	-1.249427e-06	2.186329e-11	-8.914483e+00	4.728535e-01
5.840000e-06	-1.293423e-06	3.707305e-12	-9.228392e+00	-1.201406e+00
5.850000e-06	-1.337390e-06	-1.889884e-11	-9.542094e+00	-2.895161e+00
5.860000e-06	-1.381335e-06	-4.818516e-11	-9.855632e+00	-4.606788e+00
5.870000e-06	-1.425208e-06	-8.070372e-11	-1.016866e+01	-6.334569e+00
5.880000e-06	-1.468989e-06	-1.121467e-10	-1.048103e+01	-8.076700e+00
5.890000e-06	-1.512721e-06	-1.398722e-10	-1.079305e+01	-9.831300e+00
5.900000e-06	-1.556369e-06	-1.625932e-10	-1.110448e+01	-1.159642e+01
5.910000e-06	-1.599933e-06	-1.822009e-10	-1.141530e+01	-1.337005e+01
5.920000e-06	-1.643428e-06	-2.025738e-10	-1.172563e+01	-1.515013e+01
5.930000e-06	-1.686854e-06	-2.256523e-10	-1.203547e+01	-1.693456e+01
5.940000e-06	-1.730097e-06	-2.520305e-10	-1.234400e+01	-1.872121e+01
5.950000e-06	-1.773184e-06	-2.826181e-10	-1.265142e+01	-2.050794e+01
5.960000e-06	-1.816151e-06	-3.154033e-10	-1.295799e+01	-2.229258e+01
5.970000e-06	-1.858875e-06	-3.460618e-10	-1.326281e+01	-2.407299e+01
5.980000e-06	-1.901392e-06	-3.748089e-10	-1.356616e+01	-2.584703e+01
5.990000e-06	-1.943815e-06	-4.020924e-10	-1.386885e+01	-2.761259e+01
6.000000e-06	-1.986216e-06	-4.294299e-10	-1.417137e+01	-2.936759e+01
6.010000e-06	-2.028473e-06	-4.552851e-10	-1.447287e+01	-3.111000e+01
6.020000e-06	-2.070566e-06	-4.820329e-10	-1.477320e+01	-3.283784e+01
6.030000e-06	-2.112563e-06	-5.105702e-10	-1.507284e+01	-3.454921e+01
6.040000e-06	-2.154471e-06	-5.388547e-10	-1.537185e+01	-3.624228e+01
6.050000e-06	-2.196240e-06	-5.661005e-10	-1.566987e+01	-3.791528e+01
6.060000e-06	-2.237777e-06	-5.926133e-10	-1.596622e+01	-3.956656e+01
6.070000e-06	-2.279178e-06	-6.198292e-10	-1.626161e+01	-4.119455e+01
6.080000e-06	-2.320418e-06	-6.463482e-10	-1.655586e+01	-4.279780e+01
6.090000e-06	-2.361395e-06	-6.713296e-10	-1.684822e+01	-4.437494e+01
6.100000e-06	-2.402165e-06	-6.954368e-10	-1.713911e+01	-4.592473e+01
6.110000e-06	-2.442769e-06	-7.199082e-10	-1.742881e+01	-4.744605e+01
6.120000e-06	-2.483243e-06	-7.431162e-10	-1.771759e+01	-4.893788e+01
6.130000e-06	-2.523596e-06	-7.623317e-10	-1.800551e+01	-5.039934e+01
6.140000e-06	-2.563846e-06	-7.801803e-10	-1.829268e+01	-5.182966e+01
6.150000e-06	-2.603988e-06	-8.018893e-10	-1.857909e+01	-5.322819e+01
6.160000e-06	-2.644016e-06	-8.285219e-10	-1.886468e+01	-5.459439e+01
6.170000e-06	-2.683963e-06	-8.549588e-10	-1.914970e+01	-5.592785e+01
6.180000e-06	-2.723808e-06	-8.769859e-10	-1.943399e+01	-5.722826e+01
6.190000e-06	-2.763542e-06	-8.950934e-10	-1.971748e+01	-5.849544e+01
6.200000e-06	-2.803092e-06	-9.102785e-10	-1.999967e+01	-5.972929e+01
6.210000e-06	-2.842402e-06	-9.262817e-10	-2.028014e+01	-6.092982e+01
6.220000e-06	-2.881404e-06	-9.407197e-10	-2.055842e+01	-6.209715e+01
6.230000e-06	-2.920092e-06	-9.527266e-10	-2.083445e+01	-6.323145e+01
6.240000e-06	-2.958537e-06	-9.697470e-10	-2.110875e+01	-6.433302e+01
6.250000e-06	-2.996699e-06	-9.916951e-10	-2.138103e+01	-6.540218e+01
6.260000e-06	-3.034484e-06	-1.012206e-09	-2.165062e+01	-6.643936e+01
6.270000e-06	-3.071938e-06	-1.029867e-09	-2.191785e+01	-6.744504e+01
6.280000e-06	-3.108993e-06	-1.044598e-09	-2.218223e+01	-6.841973e+01
6.290000e-06	-3.145625e-06	-1.056876e-09	-2.244359e+01	-6.936402e+01
6.300000e-06	-3.182027e-06	-1.069882e-09	-2.270332e+01	-7.027849e+01
6.310000e-06	-3.218274e-06	-1.081050e-09	-2.296194e+01	-7.116379e+01
6.320000e-06	-3.254385e-06	-1.090319e-09	-2.321958e+01	-7.202057e+01
6.330000e-06	-3.290353e-06	-1.102892e-09	-2.347621e+01	-7.284951e+01
6.340000e-06	-3.326174e-06	-1.118824e-09	-2.373179e+01	-7.365127e+01
6.350000e-06	-3.361814e-06	-1.134009e-09	-2.398607e+01	-7.442655e+01
6.360000e-06	-3.397256e-06	-1.146661e-09	-2.423894e+01	-7.517601e+01
6.370000e-06	-3.432443e-06	-1.156733e-09	-2.449000e+01	-7.590032e+01
6.380000e-06	-3.467462e-06	-1.162743e-09	-2.473986e+01	-7.660014e+01
6.390000e-06	-3.502206e-06	-1.167556e-09	-2.498775e+01	-7.727610e+01
6.400000e-06	-3.536710e-06	-1.175255e-09	-2.523393e+01	-7.792882e+01
6.410000e-06	-3.571093e-06	-1.184773e-09	-2.547925e+01	-7.855887e+01
6.420000e-06	-3.605151e-06	-1.193767e-09	-2.572225e+01	-7.916683e+01
6.430000e-06	-3.638864e-06	-1.203464e-09	-2.596278e+01	-7.975323e+01
6.440000e-06	-3.672405e-06	-1.213067e-09	-2.620210e+01	-8.031857e+01
6.450000e-06	-3.705748e-06	-1.220183e-09	-2.644000e+01	-8.086334e+01
6.460000e-06	-3.738766e-06	-1.223999e-09	-2.667557e+01	-8.138798e+01
6.470000e-06	-3.771433e-06	-1.227083e-09	-2.690864e+01	-8.189291e+01
6.480000e-06	-3.803786e-06	-1.236151e-09	-2.713948e+01	-8.237853e+01
6.490000e-06	-3.835931e-06	-1.247800e-09	-2.736883e+01	-8.284522e+01
6.500000e-06	-3.867963e-06	-1.255346e-09	-2.759738e+01	-8.329332e+01
6.510000e-06	-3.899870e-06	-1.261631e-09	-2.782502e+01	-8.372316e+01
6.520000e-06	-3.931567e-06	-1.271029e-09	-2.805118e+01	-8.413506e+01
6.530000e-06	-3.963031e-06	-1.280668e-09	-2.827567e+01	-8.452932e+01
6.540000e-06	-3.994123e-06	-1.283707e-09	-2.849751e+01	-8.490624e+01
6.550000e-06	-4.024824e-06	-1.282269e-09	-2.871655e+01	-8.526612e+01
6.560000e-06	-4.055136e-06	-1.285903e-09	-2.893282e+01	-8.560923e+01
6.570000e-06	-4.084945e-06	-1.295524e-09	-2.914551e+01	-8.593587e+01
6.580000e-06	-4.114187e-06	-1.304286e-09	-2.935415e+01	-8.624633e+01
6.590000e-06	-4.143000e-06	-1.308133e-09	-2.955973e+01	-8.654094e+01
6.600000e-06	-4.171591e-06	-1.309757e-09	-2.976372e+01	-8.682000e+01
6.610000e-06	-4.199870e-06	-1.312578e-09	-2.996548e+01	-8.708385e+01
6.620000e-06	-4.227845e-06	-1.315340e-09	-3.016508e+01	-8.733285e+01
6.630000e-06	-4.255646e-06	-1.315515e-09	-3.036344e+01	-8.756737e+01
6.640000e-06	-4.283294e-06	-1.317690e-09	-3.056070e+01	-8.778782e+01
6.650000e-06	-4.310764e-06	-1.326206e-09	-3.075670e+01	-8.799462e+01
6.660000e-06	-4.337936e-06	-1.336013e-09	-3.095056e+01	-8.818822e+01
6.670000e-06	-4.364711e-06	-1.341507e-09	-3.114160e+01	-8.836909e+01
6.680000e-06	-4.391118e-06	-1.344574e-09	-3.133001e+01	-8.853774e+01
6.690000e-06	-4.417316e-06	-1.348691e-09	-3.151693e+01	-8.869468e+01
6.700000e-06	-4.443293e-06	-1.352446e-09	-3.170227e+01	-8.884048e+01
6.710000e-06	-4.468906e-06	-1.351646e-09	-3.188502e+01	-8.897570e+01
6.720000e-06	-4.494252e-06	-1.349140e-09	-3.206586e+01	-8.910093e+01
6.730000e-06	-4.519221e-06	-1.351997e-09	-3.224401e+01	-8.921679e+01
6.740000e-06	-4.543723e-06	-1.359387e-09	-3.241883e+01	-8.932390e+01
6.750000e-06	-4.567970e-06	-1.365069e-09	-3.259183e+01	-8.942290e+01
6.760000e-06	-4.592045e-06	-1.368392e-09	-3.276360e+01	-8.951442e+01
6.770000e-06	-4.616003e-06	-1.373401e-09	-3.293453e+01	-8.959910e+01
6.780000e-06	-4.639744e-06	-1.377702e-09	-3.310392e+01	-8.967760e+01
6.790000e-06	-4.663184e-06	-1.378583e-09	-3.327117e+01	-8.975055e+01
6.800000e-06	-4.686200e-06	-1.377160e-09	-3.343538e+01	-8.981856e+01
6.810000e-06	-4.708651e-06	-1.376908e-09	-3.359557e+01	-8.988225e+01
6.820000e-06	-4.730565e-06	-1.380507e-09	-3.375192e+01	-8.994220e+01
6.830000e-06	-4.751984e-06	-1.385806e-09	-3.390474e+01	-8.999896e+01
6.840000e-06	-4.772956e-06	-1.389533e-09	-3.405437e+01	-9.005307e+01
6.850000e-06	-4.793468e-06	-1.391801e-09	-3.420072e+01	-9.010500e+01
6.860000e-06	-4.813666e-06	-1.395302e-09	-3.434483e+01	-9.015522e+01
6.870000e-06	-4.833697e-06	-1.398361e-09	-3.448775e+01	-9.020411e+01
6.880000e-06	-4.853501e-06	-1.397788e-09	-3.462905e+01	-9.025204e+01
6.890000e-06	-4.873076e-06	-1.395845e-09	-3.476871e+01	-9.029931e+01
6.900000e-06	-4.892340e-06	-1.396276e-09	-3.490616e+01	-9.034616e+01
6.910000e-06	-4.911209e-06	-1.399684e-09	-3.504079e+01	-9.039279e+01
6.920000e-06	-4.929703e-06	-1.402240e-09	-3.517274e+01	-9.043933e+01
6.930000e-06	-4.947899e-06	-1.404310e-09	-3.530257e+01	-9.048586e+01
6.940000e-06	-4.965824e-06	-1.406371e-09	-3.543046e+01	-9.053238e+01
6.950000e-06	-4.983515e-06	-1.408260e-09	-3.555668e+01	-9.057885e+01
6.960000e-06	-5.000865e-06	-1.409103e-09	-3.568047e+01	-9.062517e+01
6.970000e-06	-5.017734e-06	-1.409225e-09	-3.580083e+01	-9.067117e+01
6.980000e-06	-5.034216e-06	-1.411371e-09	-3.591843e+01	-9.071665e+01
6.990000e-06	-5.050416e-06	-1.411204e-09	-3.603401e+01	-9.076132e+01
7.000000e-06	-5.066448e-06	-1.408122e-09	-3.614839e+01	-9.080489e+01
7.010000e-06	-5.082216e-06	-1.404077e-09	-3.626090e+01	-9.084698e+01
7.020000e-06	-5.097683e-06	-1.403565e-09	-3.637125e+01	-9.088721e+01
7.030000e-06	-5.112721e-06	-1.407555e-09	-3.647854e+01	-9.092513e+01
7.040000e-06	-5.127049e-06	-1.410481e-09	-3.658078e+01	-9.096030e+01
7.050000e-06	-5.140802e-06	-1.409115e-09	-3.667891e+01	-9.099224e+01
7.060000e-06	-5.154038e-06	-1.406093e-09	-3.677334e+01	-9.102044e+01
7.070000e-06	-5.166737e-06	-1.405363e-09	-3.686394e+01	-9.104441e+01
7.080000e-06	-5.179010e-06	-1.402693e-09	-3.695151e+01	-9.106365e+01
7.090000e-06	-5.190923e-06	-1.397442e-09	-3.703650e+01	-9.107765e+01
7.100000e-06	-5.202583e-06	-1.393430e-09	-3.711970e+01	-9.108594e+01
7.110000e-06	-5.213949e-06	-1.392183e-09	-3.720079e+01	-9.108805e+01
7.120000e-06	-5.224807e-06	-1.393210e-09	-3.727826e+01	-9.108355e+01
7.130000e-06	-5.235189e-06	-1.392731e-09	-3.735234e+01	-9.107203e+01
7.140000e-06	-5.245332e-06	-1.391187e-09	-3.742471e+01	-9.105313e+01
7.150000e-06	-5.255198e-06	-1.392551e-09	-3.749510e+01	-9.102654e+01
7.160000e-06	-5.264635e-06	-1.394137e-09	-3.756243e+01	-9.099200e+01
7.170000e-06	-5.273663e-06	-1.390469e-09	-3.762685e+01	-9.094930e+01
7.180000e-06	-5.282380e-06	-1.381205e-09	-3.768904e+01	-9.089830e+01
7.190000e-06	-5.290762e-06	-1.374142e-09	-3.774885e+01	-9.083892e+01
7.200000e-06	-5.298874e-06	-1.374054e-09	-3.780673e+01	-9.077116e+01
7.210000e-06	-5.306820e-06	-1.375642e-09	-3.786342e+01	-9.069509e+01
7.220000e-06	-5.314443e-06	-1.375257e-09	-3.791781e+01	-9.061082e+01
7.230000e-06	-5.321644e-06	-1.374555e-09	-3.796919e+01	-9.051859e+01
7.240000e-06	-5.328464e-06	-1.375778e-09	-3.801784e+01	-9.041866e+01
7.250000e-06	-5.334686e-06	-1.377310e-09	-3.806224e+01	-9.031141e+01
7.260000e-06	-5.340354e-06	-1.374396e-09	-3.810268e+01	-9.019726e+01
7.270000e-06	-5.345407e-06	-1.369224e-09	-3.813873e+01	-9.007670e+01
7.280000e-06	-5.349870e-06	-1.366465e-09	-3.817057e+01	-8.995030e+01
7.290000e-06	-5.354101e-06	-1.364972e-09	-3.820076e+01	-8.981869e+01
7.300000e-06	-5.358083e-06	-1.361576e-09	-3.822917e+01	-8.968254e+01
7.310000e-06	-5.361793e-06	-1.357698e-09	-3.825564e+01	-8.954259e+01
7.320000e-06	-5.365205e-06	-1.356364e-09	-3.827999e+01	-8.939960e+01
7.330000e-06	-5.368289e-06	-1.357326e-09	-3.830199e+01	-8.925441e+01
7.340000e-06	-5.370943e-06	-1.357709e-09	-3.832093e+01	-8.910784e+01
7.350000e-06	-5.373225e-06	-1.357661e-09	-3.833720e+01	-8.896077e+01
7.360000e-06	-5.375238e-06	-1.356780e-09	-3.835157e+01	-8.881407e+01
7.370000e-06	-5.376973e-06	-1.353082e-09	-3.836395e+01	-8.866863e+01
7.380000e-06	-5.378334e-06	-1.348806e-09	-3.837366e+01	-8.852533e+01
7.390000e-06	-5.379197e-06	-1.346098e-09	-3.837982e+01	-8.838505e+01
7.400000e-06	-5.379691e-06	-1.346494e-09	-3.838334e+01	-8.824862e+01
