# Temperatura_=_19.1
# Concentracion g/m^3_=_4090.0
# C_Vs_to_Am_M_A/Vsm_=_65563218390.804596
# pendiente_HvsI_1/m_=_3716.3
# ordenada_HvsI_A/m_=_1297.0
# frecuencia_Hz_=_135084.4796397016

Tiempo_(s)	Campo_(V.s)	Magnetizacion_(V.s)	Campo_(kA/m)	Magnetizacion_(A/m)
0.000000e+00	-5.405332e-06	-1.272067e-09	-3.838872e+01	-8.451901e+01
1.000000e-08	-5.405528e-06	-1.271185e-09	-3.839011e+01	-8.439291e+01
2.000000e-08	-5.405427e-06	-1.269801e-09	-3.838939e+01	-8.427708e+01
3.000000e-08	-5.405045e-06	-1.264945e-09	-3.838668e+01	-8.417234e+01
4.000000e-08	-5.404353e-06	-1.261250e-09	-3.838177e+01	-8.407943e+01
5.000000e-08	-5.403187e-06	-1.264024e-09	-3.837348e+01	-8.399901e+01
6.000000e-08	-5.401563e-06	-1.277192e-09	-3.836195e+01	-8.393163e+01
7.000000e-08	-5.399325e-06	-1.297562e-09	-3.834606e+01	-8.387776e+01
8.000000e-08	-5.396380e-06	-1.278748e-09	-3.832514e+01	-8.383773e+01
9.000000e-08	-5.392886e-06	-1.201230e-09	-3.830033e+01	-8.381178e+01
1.000000e-07	-5.388931e-06	-1.198970e-09	-3.827224e+01	-8.380000e+01
1.100000e-07	-5.384706e-06	-1.336612e-09	-3.824223e+01	-8.380240e+01
1.200000e-07	-5.380279e-06	-1.337967e-09	-3.821079e+01	-8.381881e+01
1.300000e-07	-5.375627e-06	-1.186059e-09	-3.817775e+01	-8.384899e+01
1.400000e-07	-5.370716e-06	-1.162949e-09	-3.814288e+01	-8.389255e+01
1.500000e-07	-5.365401e-06	-1.354407e-09	-3.810513e+01	-8.394897e+01
1.600000e-07	-5.359628e-06	-1.402475e-09	-3.806413e+01	-8.401762e+01
1.700000e-07	-5.353534e-06	-1.161271e-09	-3.802085e+01	-8.409777e+01
1.800000e-07	-5.347041e-06	-1.085455e-09	-3.797474e+01	-8.418855e+01
1.900000e-07	-5.340015e-06	-1.297039e-09	-3.792484e+01	-8.428901e+01
2.000000e-07	-5.332653e-06	-1.366572e-09	-3.787255e+01	-8.439809e+01
2.100000e-07	-5.325131e-06	-1.218096e-09	-3.781913e+01	-8.451467e+01
2.200000e-07	-5.317474e-06	-1.218763e-09	-3.776475e+01	-8.463751e+01
2.300000e-07	-5.309477e-06	-1.392702e-09	-3.770796e+01	-8.476533e+01
2.400000e-07	-5.300964e-06	-1.364560e-09	-3.764749e+01	-8.489679e+01
2.500000e-07	-5.292026e-06	-1.259701e-09	-3.758402e+01	-8.503051e+01
2.600000e-07	-5.282545e-06	-1.357509e-09	-3.751668e+01	-8.516504e+01
2.700000e-07	-5.272390e-06	-1.439422e-09	-3.744456e+01	-8.529895e+01
2.800000e-07	-5.261608e-06	-1.318223e-09	-3.736799e+01	-8.543079e+01
2.900000e-07	-5.250455e-06	-1.290905e-09	-3.728878e+01	-8.555910e+01
3.000000e-07	-5.238949e-06	-1.416222e-09	-3.720707e+01	-8.568243e+01
3.100000e-07	-5.226926e-06	-1.378673e-09	-3.712168e+01	-8.579939e+01
3.200000e-07	-5.214461e-06	-1.252501e-09	-3.703315e+01	-8.590859e+01
3.300000e-07	-5.201631e-06	-1.324683e-09	-3.694204e+01	-8.600873e+01
3.400000e-07	-5.188483e-06	-1.437042e-09	-3.684866e+01	-8.609853e+01
3.500000e-07	-5.175019e-06	-1.359611e-09	-3.675304e+01	-8.617681e+01
3.600000e-07	-5.161122e-06	-1.324878e-09	-3.665434e+01	-8.624248e+01
3.700000e-07	-5.146744e-06	-1.386538e-09	-3.655222e+01	-8.629450e+01
3.800000e-07	-5.132030e-06	-1.366374e-09	-3.644772e+01	-8.633198e+01
3.900000e-07	-5.116799e-06	-1.299925e-09	-3.633956e+01	-8.635410e+01
4.000000e-07	-5.100919e-06	-1.340287e-09	-3.622678e+01	-8.636017e+01
4.100000e-07	-5.084465e-06	-1.343358e-09	-3.610992e+01	-8.634960e+01
4.200000e-07	-5.067605e-06	-1.297345e-09	-3.599018e+01	-8.632195e+01
4.300000e-07	-5.050465e-06	-1.341296e-09	-3.586845e+01	-8.627687e+01
4.400000e-07	-5.033044e-06	-1.392981e-09	-3.574473e+01	-8.621416e+01
4.500000e-07	-5.015367e-06	-1.328875e-09	-3.561918e+01	-8.613374e+01
4.600000e-07	-4.997367e-06	-1.294535e-09	-3.549135e+01	-8.603563e+01
4.700000e-07	-4.978974e-06	-1.334899e-09	-3.536072e+01	-8.592001e+01
4.800000e-07	-4.960252e-06	-1.329747e-09	-3.522776e+01	-8.578715e+01
4.900000e-07	-4.941203e-06	-1.284994e-09	-3.509247e+01	-8.563745e+01
5.000000e-07	-4.921740e-06	-1.286203e-09	-3.495424e+01	-8.547141e+01
5.100000e-07	-4.901940e-06	-1.302367e-09	-3.481363e+01	-8.528964e+01
5.200000e-07	-4.881910e-06	-1.312766e-09	-3.467137e+01	-8.509283e+01
5.300000e-07	-4.861665e-06	-1.313381e-09	-3.452759e+01	-8.488177e+01
5.400000e-07	-4.841106e-06	-1.289001e-09	-3.438158e+01	-8.465733e+01
5.500000e-07	-4.820277e-06	-1.276604e-09	-3.423365e+01	-8.442044e+01
5.600000e-07	-4.799224e-06	-1.299611e-09	-3.408414e+01	-8.417208e+01
5.700000e-07	-4.777788e-06	-1.299429e-09	-3.393189e+01	-8.391330e+01
5.800000e-07	-4.755983e-06	-1.262869e-09	-3.377704e+01	-8.364518e+01
5.900000e-07	-4.733911e-06	-1.250313e-09	-3.362028e+01	-8.336880e+01
6.000000e-07	-4.711440e-06	-1.266578e-09	-3.346069e+01	-8.308530e+01
6.100000e-07	-4.688660e-06	-1.281204e-09	-3.329891e+01	-8.279578e+01
6.200000e-07	-4.665526e-06	-1.274405e-09	-3.313461e+01	-8.250137e+01
6.300000e-07	-4.642070e-06	-1.255546e-09	-3.296802e+01	-8.220316e+01
6.400000e-07	-4.618438e-06	-1.257159e-09	-3.280019e+01	-8.190221e+01
6.500000e-07	-4.594540e-06	-1.281810e-09	-3.263047e+01	-8.159957e+01
6.600000e-07	-4.570455e-06	-1.271397e-09	-3.245941e+01	-8.129621e+01
6.700000e-07	-4.546116e-06	-1.236252e-09	-3.228656e+01	-8.099306e+01
6.800000e-07	-4.521398e-06	-1.226753e-09	-3.211101e+01	-8.069100e+01
6.900000e-07	-4.496164e-06	-1.241261e-09	-3.193180e+01	-8.039083e+01
7.000000e-07	-4.470372e-06	-1.236240e-09	-3.174863e+01	-8.009327e+01
7.100000e-07	-4.444180e-06	-1.218964e-09	-3.156261e+01	-7.979896e+01
7.200000e-07	-4.417631e-06	-1.213477e-09	-3.137406e+01	-7.950847e+01
7.300000e-07	-4.390656e-06	-1.231013e-09	-3.118248e+01	-7.922226e+01
7.400000e-07	-4.363310e-06	-1.241465e-09	-3.098827e+01	-7.894073e+01
7.500000e-07	-4.335653e-06	-1.226330e-09	-3.079185e+01	-7.866416e+01
7.600000e-07	-4.307714e-06	-1.202629e-09	-3.059343e+01	-7.839277e+01
7.700000e-07	-4.279558e-06	-1.202599e-09	-3.039346e+01	-7.812666e+01
7.800000e-07	-4.251195e-06	-1.208394e-09	-3.019203e+01	-7.786586e+01
7.900000e-07	-4.222666e-06	-1.197587e-09	-2.998941e+01	-7.761031e+01
8.000000e-07	-4.193903e-06	-1.181461e-09	-2.978514e+01	-7.735987e+01
8.100000e-07	-4.164720e-06	-1.182335e-09	-2.957788e+01	-7.711432e+01
8.200000e-07	-4.135153e-06	-1.192196e-09	-2.936789e+01	-7.687339e+01
8.300000e-07	-4.105356e-06	-1.190869e-09	-2.915627e+01	-7.663670e+01
8.400000e-07	-4.075326e-06	-1.175243e-09	-2.894301e+01	-7.640386e+01
8.500000e-07	-4.045004e-06	-1.165499e-09	-2.872765e+01	-7.617440e+01
8.600000e-07	-4.014441e-06	-1.172499e-09	-2.851060e+01	-7.594780e+01
8.700000e-07	-3.983630e-06	-1.179039e-09	-2.829178e+01	-7.572352e+01
8.800000e-07	-3.952560e-06	-1.169395e-09	-2.807112e+01	-7.550099e+01
8.900000e-07	-3.921106e-06	-1.154077e-09	-2.784773e+01	-7.527961e+01
9.000000e-07	-3.889395e-06	-1.149888e-09	-2.762252e+01	-7.505876e+01
9.100000e-07	-3.857615e-06	-1.149104e-09	-2.739682e+01	-7.483785e+01
9.200000e-07	-3.825639e-06	-1.140470e-09	-2.716972e+01	-7.461624e+01
9.300000e-07	-3.793393e-06	-1.127769e-09	-2.694071e+01	-7.439335e+01
9.400000e-07	-3.760874e-06	-1.131536e-09	-2.670976e+01	-7.416859e+01
9.500000e-07	-3.728094e-06	-1.144460e-09	-2.647696e+01	-7.394140e+01
9.600000e-07	-3.694955e-06	-1.146054e-09	-2.624160e+01	-7.371125e+01
9.700000e-07	-3.661484e-06	-1.130101e-09	-2.600389e+01	-7.347765e+01
9.800000e-07	-3.627755e-06	-1.115672e-09	-2.576435e+01	-7.324015e+01
9.900000e-07	-3.593697e-06	-1.110973e-09	-2.552247e+01	-7.299835e+01
1.000000e-06	-3.559179e-06	-1.106564e-09	-2.527732e+01	-7.275188e+01
1.010000e-06	-3.524223e-06	-1.097931e-09	-2.502907e+01	-7.250046e+01
1.020000e-06	-3.488913e-06	-1.096555e-09	-2.477829e+01	-7.224383e+01
1.030000e-06	-3.453268e-06	-1.103143e-09	-2.452515e+01	-7.198180e+01
1.040000e-06	-3.417421e-06	-1.107108e-09	-2.427056e+01	-7.171425e+01
1.050000e-06	-3.381472e-06	-1.099355e-09	-2.401524e+01	-7.144108e+01
1.060000e-06	-3.345377e-06	-1.087345e-09	-2.375890e+01	-7.116229e+01
1.070000e-06	-3.309142e-06	-1.078270e-09	-2.350156e+01	-7.087790e+01
1.080000e-06	-3.272718e-06	-1.072444e-09	-2.324288e+01	-7.058801e+01
1.090000e-06	-3.236047e-06	-1.065814e-09	-2.298244e+01	-7.029274e+01
1.100000e-06	-3.199129e-06	-1.061689e-09	-2.272024e+01	-6.999229e+01
1.110000e-06	-3.161960e-06	-1.063726e-09	-2.245627e+01	-6.968686e+01
1.120000e-06	-3.124529e-06	-1.066359e-09	-2.219044e+01	-6.937672e+01
1.130000e-06	-3.086894e-06	-1.059280e-09	-2.192315e+01	-6.906216e+01
1.140000e-06	-3.049138e-06	-1.046468e-09	-2.165501e+01	-6.874350e+01
1.150000e-06	-3.011186e-06	-1.038232e-09	-2.138547e+01	-6.842107e+01
1.160000e-06	-2.973035e-06	-1.036483e-09	-2.111452e+01	-6.809523e+01
1.170000e-06	-2.934657e-06	-1.034366e-09	-2.084196e+01	-6.776633e+01
1.180000e-06	-2.896016e-06	-1.027900e-09	-2.056753e+01	-6.743475e+01
1.190000e-06	-2.857214e-06	-1.020719e-09	-2.029196e+01	-6.710083e+01
1.200000e-06	-2.818217e-06	-1.016716e-09	-2.001501e+01	-6.676494e+01
1.210000e-06	-2.778987e-06	-1.015427e-09	-1.973639e+01	-6.642740e+01
1.220000e-06	-2.739597e-06	-1.010349e-09	-1.945665e+01	-6.608854e+01
1.230000e-06	-2.700041e-06	-1.003755e-09	-1.917572e+01	-6.574864e+01
1.240000e-06	-2.660301e-06	-9.991419e-10	-1.889348e+01	-6.540796e+01
1.250000e-06	-2.620462e-06	-9.965276e-10	-1.861055e+01	-6.506674e+01
1.260000e-06	-2.580527e-06	-9.942880e-10	-1.832693e+01	-6.472516e+01
1.270000e-06	-2.540448e-06	-9.901091e-10	-1.804229e+01	-6.438337e+01
1.280000e-06	-2.500228e-06	-9.842253e-10	-1.775664e+01	-6.404148e+01
1.290000e-06	-2.459904e-06	-9.807999e-10	-1.747026e+01	-6.369953e+01
1.300000e-06	-2.419505e-06	-9.752707e-10	-1.718335e+01	-6.335754e+01
1.310000e-06	-2.378944e-06	-9.661874e-10	-1.689528e+01	-6.301547e+01
1.320000e-06	-2.338220e-06	-9.573754e-10	-1.660606e+01	-6.267324e+01
1.330000e-06	-2.297221e-06	-9.536603e-10	-1.631489e+01	-6.233070e+01
1.340000e-06	-2.255829e-06	-9.507770e-10	-1.602092e+01	-6.198768e+01
1.350000e-06	-2.214136e-06	-9.484762e-10	-1.572481e+01	-6.164394e+01
1.360000e-06	-2.172265e-06	-9.436782e-10	-1.542744e+01	-6.129921e+01
1.370000e-06	-2.130084e-06	-9.380231e-10	-1.512788e+01	-6.095318e+01
1.380000e-06	-2.087554e-06	-9.323521e-10	-1.482583e+01	-6.060548e+01
1.390000e-06	-2.044910e-06	-9.243709e-10	-1.452297e+01	-6.025574e+01
1.400000e-06	-2.002169e-06	-9.142941e-10	-1.421943e+01	-5.990352e+01
1.410000e-06	-1.959192e-06	-9.029971e-10	-1.391420e+01	-5.954837e+01
1.420000e-06	-1.915967e-06	-8.954663e-10	-1.360721e+01	-5.918982e+01
1.430000e-06	-1.872602e-06	-8.904303e-10	-1.329924e+01	-5.882738e+01
1.440000e-06	-1.829117e-06	-8.848808e-10	-1.299041e+01	-5.846052e+01
1.450000e-06	-1.785512e-06	-8.799961e-10	-1.268073e+01	-5.808874e+01
1.460000e-06	-1.741775e-06	-8.767163e-10	-1.237010e+01	-5.771149e+01
1.470000e-06	-1.697880e-06	-8.733514e-10	-1.205836e+01	-5.732825e+01
1.480000e-06	-1.653906e-06	-8.675391e-10	-1.174606e+01	-5.693848e+01
1.490000e-06	-1.609869e-06	-8.586587e-10	-1.143331e+01	-5.654165e+01
1.500000e-06	-1.565740e-06	-8.493020e-10	-1.111990e+01	-5.613724e+01
1.510000e-06	-1.521541e-06	-8.405197e-10	-1.080600e+01	-5.572475e+01
1.520000e-06	-1.477305e-06	-8.312940e-10	-1.049184e+01	-5.530367e+01
1.530000e-06	-1.433055e-06	-8.201069e-10	-1.017757e+01	-5.487353e+01
1.540000e-06	-1.388660e-06	-8.132753e-10	-9.862279e+00	-5.443387e+01
1.550000e-06	-1.344172e-06	-8.130582e-10	-9.546320e+00	-5.398423e+01
1.560000e-06	-1.299623e-06	-8.110278e-10	-9.229932e+00	-5.352420e+01
1.570000e-06	-1.254983e-06	-8.015311e-10	-8.912900e+00	-5.305338e+01
1.580000e-06	-1.210324e-06	-7.902445e-10	-8.595730e+00	-5.257137e+01
1.590000e-06	-1.165672e-06	-7.799192e-10	-8.278616e+00	-5.207783e+01
1.600000e-06	-1.120956e-06	-7.726340e-10	-7.961043e+00	-5.157239e+01
1.610000e-06	-1.076058e-06	-7.621818e-10	-7.642174e+00	-5.105474e+01
1.620000e-06	-1.031029e-06	-7.539316e-10	-7.322376e+00	-5.052456e+01
1.630000e-06	-9.859225e-07	-7.477614e-10	-7.002031e+00	-4.998156e+01
1.640000e-06	-9.407138e-07	-7.422052e-10	-6.680958e+00	-4.942543e+01
1.650000e-06	-8.954055e-07	-7.324270e-10	-6.359178e+00	-4.885589e+01
1.660000e-06	-8.500259e-07	-7.165973e-10	-6.036892e+00	-4.827267e+01
1.670000e-06	-8.046148e-07	-7.058087e-10	-5.714382e+00	-4.767549e+01
1.680000e-06	-7.592136e-07	-7.026472e-10	-5.391942e+00	-4.706405e+01
1.690000e-06	-7.138847e-07	-6.987239e-10	-5.070016e+00	-4.643808e+01
1.700000e-06	-6.684495e-07	-6.897913e-10	-4.747335e+00	-4.579727e+01
1.710000e-06	-6.228934e-07	-6.802002e-10	-4.423795e+00	-4.514131e+01
1.720000e-06	-5.773300e-07	-6.743631e-10	-4.100203e+00	-4.446986e+01
1.730000e-06	-5.316805e-07	-6.677325e-10	-3.776000e+00	-4.378257e+01
1.740000e-06	-4.860073e-07	-6.526402e-10	-3.451628e+00	-4.307908e+01
1.750000e-06	-4.403061e-07	-6.356081e-10	-3.127058e+00	-4.235899e+01
1.760000e-06	-3.945537e-07	-6.250031e-10	-2.802124e+00	-4.162186e+01
1.770000e-06	-3.487617e-07	-6.192013e-10	-2.476909e+00	-4.086724e+01
1.780000e-06	-3.029598e-07	-6.094210e-10	-2.151623e+00	-4.009466e+01
1.790000e-06	-2.569850e-07	-5.973093e-10	-1.825110e+00	-3.930359e+01
1.800000e-06	-2.109590e-07	-5.852963e-10	-1.498233e+00	-3.849351e+01
1.810000e-06	-1.651285e-07	-5.720630e-10	-1.172744e+00	-3.766382e+01
1.820000e-06	-1.192547e-07	-5.536685e-10	-8.469482e-01	-3.681395e+01
1.830000e-06	-7.327563e-08	-5.345323e-10	-5.204042e-01	-3.594326e+01
1.840000e-06	-2.743997e-08	-5.202467e-10	-1.948789e-01	-3.505112e+01
1.850000e-06	1.833233e-08	-5.133802e-10	1.301964e-01	-3.413685e+01
1.860000e-06	6.417447e-08	-5.068516e-10	4.557677e-01	-3.319979e+01
1.870000e-06	1.099782e-07	-4.951630e-10	7.810660e-01	-3.223924e+01
1.880000e-06	1.557355e-07	-4.795534e-10	1.106035e+00	-3.125453e+01
1.890000e-06	2.016204e-07	-4.647927e-10	1.431910e+00	-3.024495e+01
1.900000e-06	2.475131e-07	-4.457588e-10	1.757840e+00	-2.920983e+01
1.910000e-06	2.932466e-07	-4.214794e-10	2.082640e+00	-2.814852e+01
1.920000e-06	3.389748e-07	-3.977816e-10	2.407402e+00	-2.706036e+01
1.930000e-06	3.847423e-07	-3.798491e-10	2.732444e+00	-2.594476e+01
1.940000e-06	4.304795e-07	-3.657146e-10	3.057269e+00	-2.480113e+01
1.950000e-06	4.761530e-07	-3.500137e-10	3.381643e+00	-2.362896e+01
1.960000e-06	5.217272e-07	-3.329687e-10	3.705311e+00	-2.242778e+01
1.970000e-06	5.672731e-07	-3.165241e-10	4.028779e+00	-2.119718e+01
1.980000e-06	6.127939e-07	-2.985970e-10	4.352068e+00	-1.993683e+01
1.990000e-06	6.581559e-07	-2.745621e-10	4.674230e+00	-1.864647e+01
2.000000e-06	7.034804e-07	-2.488465e-10	4.996125e+00	-1.732594e+01
2.010000e-06	7.488226e-07	-2.264401e-10	5.318145e+00	-1.597515e+01
2.020000e-06	7.941445e-07	-2.064654e-10	5.640022e+00	-1.459414e+01
2.030000e-06	8.393819e-07	-1.839564e-10	5.961298e+00	-1.318303e+01
2.040000e-06	8.846072e-07	-1.591101e-10	6.282489e+00	-1.174208e+01
2.050000e-06	9.298117e-07	-1.378150e-10	6.603532e+00	-1.027163e+01
2.060000e-06	9.748645e-07	-1.201152e-10	6.923497e+00	-8.772167e+00
2.070000e-06	1.019836e-06	-9.790276e-11	7.242882e+00	-7.244303e+00
2.080000e-06	1.064776e-06	-7.048287e-11	7.562049e+00	-5.688767e+00
2.090000e-06	1.109511e-06	-4.431966e-11	7.879755e+00	-4.106417e+00
2.100000e-06	1.154096e-06	-2.273362e-11	8.196399e+00	-2.498241e+00
2.110000e-06	1.198741e-06	9.603868e-13	8.513469e+00	-8.653547e-01
2.120000e-06	1.243313e-06	3.033783e-11	8.830018e+00	7.910020e-01
2.130000e-06	1.287746e-06	5.873869e-11	9.145584e+00	2.469465e+00
2.140000e-06	1.332124e-06	8.112753e-11	9.460757e+00	4.168552e+00
2.150000e-06	1.376442e-06	1.021359e-10	9.775501e+00	5.886663e+00
2.160000e-06	1.420712e-06	1.267483e-10	1.008991e+01	7.622093e+00
2.170000e-06	1.464901e-06	1.551192e-10	1.040374e+01	9.373031e+00
2.180000e-06	1.509026e-06	1.803559e-10	1.071711e+01	1.113757e+01
2.190000e-06	1.553150e-06	2.034087e-10	1.103049e+01	1.291373e+01
2.200000e-06	1.597228e-06	2.293759e-10	1.134353e+01	1.469944e+01
2.210000e-06	1.641224e-06	2.592313e-10	1.165599e+01	1.649255e+01
2.220000e-06	1.685174e-06	2.887390e-10	1.196812e+01	1.829088e+01
2.230000e-06	1.729019e-06	3.147805e-10	1.227951e+01	2.009219e+01
2.240000e-06	1.772760e-06	3.425838e-10	1.259016e+01	2.189421e+01
2.250000e-06	1.816461e-06	3.729262e-10	1.290052e+01	2.369465e+01
2.260000e-06	1.859959e-06	4.005425e-10	1.320944e+01	2.549118e+01
2.270000e-06	1.903198e-06	4.225779e-10	1.351653e+01	2.728152e+01
2.280000e-06	1.946300e-06	4.456447e-10	1.382264e+01	2.906337e+01
2.290000e-06	1.989370e-06	4.757507e-10	1.412852e+01	3.083447e+01
2.300000e-06	2.032311e-06	5.078605e-10	1.443349e+01	3.259259e+01
2.310000e-06	2.074803e-06	5.348766e-10	1.473527e+01	3.433554e+01
2.320000e-06	2.116932e-06	5.603884e-10	1.503447e+01	3.606123e+01
2.330000e-06	2.158967e-06	5.881366e-10	1.533300e+01	3.776759e+01
2.340000e-06	2.200819e-06	6.139444e-10	1.563023e+01	3.945266e+01
2.350000e-06	2.242429e-06	6.345758e-10	1.592576e+01	4.111458e+01
2.360000e-06	2.283712e-06	6.537037e-10	1.621895e+01	4.275157e+01
2.370000e-06	2.324655e-06	6.784417e-10	1.650972e+01	4.436196e+01
2.380000e-06	2.365453e-06	7.083855e-10	1.679947e+01	4.594421e+01
2.390000e-06	2.406087e-06	7.346001e-10	1.708805e+01	4.749688e+01
2.400000e-06	2.446471e-06	7.567977e-10	1.737486e+01	4.901867e+01
2.410000e-06	2.486728e-06	7.803087e-10	1.766076e+01	5.050840e+01
2.420000e-06	2.526887e-06	8.079511e-10	1.794598e+01	5.196504e+01
2.430000e-06	2.566883e-06	8.376357e-10	1.823003e+01	5.338768e+01
2.440000e-06	2.606796e-06	8.606698e-10	1.851349e+01	5.477554e+01
2.450000e-06	2.646672e-06	8.777216e-10	1.879669e+01	5.612799e+01
2.460000e-06	2.686418e-06	8.943191e-10	1.907897e+01	5.744453e+01
2.470000e-06	2.726005e-06	9.142936e-10	1.936012e+01	5.872480e+01
2.480000e-06	2.765492e-06	9.331701e-10	1.964055e+01	5.996854e+01
2.490000e-06	2.804739e-06	9.506926e-10	1.991928e+01	6.117565e+01
2.500000e-06	2.843761e-06	9.720233e-10	2.019642e+01	6.234612e+01
2.510000e-06	2.882587e-06	9.972912e-10	2.047216e+01	6.348009e+01
2.520000e-06	2.921005e-06	1.023949e-09	2.074501e+01	6.457776e+01
2.530000e-06	2.959171e-06	1.046343e-09	2.101606e+01	6.563948e+01
2.540000e-06	2.997284e-06	1.061369e-09	2.128674e+01	6.666566e+01
2.550000e-06	3.035249e-06	1.072262e-09	2.155637e+01	6.765680e+01
2.560000e-06	3.072939e-06	1.081219e-09	2.182404e+01	6.861350e+01
2.570000e-06	3.110406e-06	1.090538e-09	2.209014e+01	6.953638e+01
2.580000e-06	3.147696e-06	1.100841e-09	2.235497e+01	7.042618e+01
2.590000e-06	3.184730e-06	1.114048e-09	2.261798e+01	7.128364e+01
2.600000e-06	3.221540e-06	1.131245e-09	2.287941e+01	7.210956e+01
2.610000e-06	3.258117e-06	1.148801e-09	2.313918e+01	7.290478e+01
2.620000e-06	3.294401e-06	1.164148e-09	2.339687e+01	7.367016e+01
2.630000e-06	3.330553e-06	1.174493e-09	2.365362e+01	7.440656e+01
2.640000e-06	3.366676e-06	1.180784e-09	2.391016e+01	7.511488e+01
2.650000e-06	3.402690e-06	1.185270e-09	2.416594e+01	7.579598e+01
2.660000e-06	3.438532e-06	1.190413e-09	2.442049e+01	7.645075e+01
2.670000e-06	3.474205e-06	1.195007e-09	2.467384e+01	7.708005e+01
2.680000e-06	3.509724e-06	1.200754e-09	2.492609e+01	7.768471e+01
2.690000e-06	3.544913e-06	1.210479e-09	2.517601e+01	7.826558e+01
2.700000e-06	3.579650e-06	1.225627e-09	2.542271e+01	7.882342e+01
2.710000e-06	3.614021e-06	1.241516e-09	2.566681e+01	7.935902e+01
2.720000e-06	3.648014e-06	1.252261e-09	2.590823e+01	7.987309e+01
2.730000e-06	3.681509e-06	1.257987e-09	2.614611e+01	8.036633e+01
2.740000e-06	3.714633e-06	1.262519e-09	2.638136e+01	8.083940e+01
2.750000e-06	3.747524e-06	1.265462e-09	2.661495e+01	8.129290e+01
2.760000e-06	3.780052e-06	1.267099e-09	2.684596e+01	8.172742e+01
2.770000e-06	3.812242e-06	1.269750e-09	2.707458e+01	8.214349e+01
2.780000e-06	3.844299e-06	1.276293e-09	2.730225e+01	8.254163e+01
2.790000e-06	3.876203e-06	1.288169e-09	2.752883e+01	8.292230e+01
2.800000e-06	3.907853e-06	1.300346e-09	2.775361e+01	8.328595e+01
2.810000e-06	3.939276e-06	1.306634e-09	2.797678e+01	8.363298e+01
2.820000e-06	3.970427e-06	1.306937e-09	2.819801e+01	8.396378e+01
2.830000e-06	4.001388e-06	1.306414e-09	2.841789e+01	8.427872e+01
2.840000e-06	4.032088e-06	1.305601e-09	2.863592e+01	8.457814e+01
2.850000e-06	4.062494e-06	1.303666e-09	2.885187e+01	8.486238e+01
2.860000e-06	4.092609e-06	1.304773e-09	2.906575e+01	8.513175e+01
2.870000e-06	4.122375e-06	1.309521e-09	2.927714e+01	8.538658e+01
2.880000e-06	4.151831e-06	1.318010e-09	2.948634e+01	8.562719e+01
2.890000e-06	4.181005e-06	1.323619e-09	2.969354e+01	8.585389e+01
2.900000e-06	4.209967e-06	1.322270e-09	2.989923e+01	8.606701e+01
2.910000e-06	4.238668e-06	1.321643e-09	3.010306e+01	8.626689e+01
2.920000e-06	4.267048e-06	1.322881e-09	3.030462e+01	8.645388e+01
2.930000e-06	4.295154e-06	1.321979e-09	3.050423e+01	8.662834e+01
2.940000e-06	4.323151e-06	1.318522e-09	3.070306e+01	8.679067e+01
2.950000e-06	4.351065e-06	1.319192e-09	3.090131e+01	8.694125e+01
2.960000e-06	4.378797e-06	1.326609e-09	3.109826e+01	8.708053e+01
2.970000e-06	4.406213e-06	1.333935e-09	3.129297e+01	8.720895e+01
2.980000e-06	4.433197e-06	1.332623e-09	3.148461e+01	8.732697e+01
2.990000e-06	4.459678e-06	1.328491e-09	3.167268e+01	8.743510e+01
3.000000e-06	4.485492e-06	1.328421e-09	3.185601e+01	8.753384e+01
3.010000e-06	4.510760e-06	1.328913e-09	3.203546e+01	8.762373e+01
3.020000e-06	4.535662e-06	1.328553e-09	3.221232e+01	8.770532e+01
3.030000e-06	4.560165e-06	1.331500e-09	3.238633e+01	8.777917e+01
3.040000e-06	4.584403e-06	1.336872e-09	3.255847e+01	8.784586e+01
3.050000e-06	4.608379e-06	1.340464e-09	3.272875e+01	8.790598e+01
3.060000e-06	4.632071e-06	1.340834e-09	3.289701e+01	8.796012e+01
3.070000e-06	4.655518e-06	1.336503e-09	3.306354e+01	8.800885e+01
3.080000e-06	4.678696e-06	1.332399e-09	3.322814e+01	8.805277e+01
3.090000e-06	4.701648e-06	1.334520e-09	3.339115e+01	8.809245e+01
3.100000e-06	4.724193e-06	1.338106e-09	3.355126e+01	8.812844e+01
3.110000e-06	4.746265e-06	1.339404e-09	3.370802e+01	8.816128e+01
3.120000e-06	4.768076e-06	1.340788e-09	3.386292e+01	8.819149e+01
3.130000e-06	4.789625e-06	1.344121e-09	3.401597e+01	8.821953e+01
3.140000e-06	4.810840e-06	1.347311e-09	3.416663e+01	8.824587e+01
3.150000e-06	4.831663e-06	1.347048e-09	3.431452e+01	8.827090e+01
3.160000e-06	4.852156e-06	1.344803e-09	3.446006e+01	8.829499e+01
3.170000e-06	4.872427e-06	1.344644e-09	3.460402e+01	8.831845e+01
3.180000e-06	4.892500e-06	1.346857e-09	3.474658e+01	8.834154e+01
3.190000e-06	4.912379e-06	1.347458e-09	3.488776e+01	8.836446e+01
3.200000e-06	4.932042e-06	1.346066e-09	3.502741e+01	8.838737e+01
3.210000e-06	4.951337e-06	1.345412e-09	3.516445e+01	8.841035e+01
3.220000e-06	4.970285e-06	1.346923e-09	3.529901e+01	8.843343e+01
3.230000e-06	4.988851e-06	1.349602e-09	3.543087e+01	8.845658e+01
3.240000e-06	5.006883e-06	1.348943e-09	3.555893e+01	8.847970e+01
3.250000e-06	5.024478e-06	1.345217e-09	3.568389e+01	8.850264e+01
3.260000e-06	5.041795e-06	1.344053e-09	3.580687e+01	8.852519e+01
3.270000e-06	5.058878e-06	1.343687e-09	3.592820e+01	8.854708e+01
3.280000e-06	5.075729e-06	1.342603e-09	3.604788e+01	8.856799e+01
3.290000e-06	5.092245e-06	1.343470e-09	3.616517e+01	8.858756e+01
3.300000e-06	5.108401e-06	1.345797e-09	3.627991e+01	8.860537e+01
3.310000e-06	5.124039e-06	1.348950e-09	3.639098e+01	8.862096e+01
3.320000e-06	5.138993e-06	1.352195e-09	3.649717e+01	8.863387e+01
3.330000e-06	5.153544e-06	1.352190e-09	3.660052e+01	8.864357e+01
3.340000e-06	5.167800e-06	1.347419e-09	3.670176e+01	8.864954e+01
3.350000e-06	5.181647e-06	1.343241e-09	3.680011e+01	8.865124e+01
3.360000e-06	5.195118e-06	1.343766e-09	3.689577e+01	8.864812e+01
3.370000e-06	5.208202e-06	1.345398e-09	3.698870e+01	8.863965e+01
3.380000e-06	5.220839e-06	1.347968e-09	3.707845e+01	8.862528e+01
3.390000e-06	5.233128e-06	1.350030e-09	3.716573e+01	8.860451e+01
3.400000e-06	5.245144e-06	1.351001e-09	3.725106e+01	8.857686e+01
3.410000e-06	5.256830e-06	1.349989e-09	3.733405e+01	8.854188e+01
3.420000e-06	5.268121e-06	1.344273e-09	3.741425e+01	8.849915e+01
3.430000e-06	5.278896e-06	1.337386e-09	3.749077e+01	8.844834e+01
3.440000e-06	5.289013e-06	1.333249e-09	3.756262e+01	8.838913e+01
3.450000e-06	5.298470e-06	1.332668e-09	3.762979e+01	8.832130e+01
3.460000e-06	5.307414e-06	1.335651e-09	3.769330e+01	8.824469e+01
3.470000e-06	5.315955e-06	1.338346e-09	3.775397e+01	8.815920e+01
3.480000e-06	5.324204e-06	1.339830e-09	3.781255e+01	8.806481e+01
3.490000e-06	5.332184e-06	1.341751e-09	3.786922e+01	8.796162e+01
3.500000e-06	5.339860e-06	1.340996e-09	3.792373e+01	8.784976e+01
3.510000e-06	5.347226e-06	1.336034e-09	3.797605e+01	8.772950e+01
3.520000e-06	5.354273e-06	1.329782e-09	3.802610e+01	8.760115e+01
3.530000e-06	5.360919e-06	1.326730e-09	3.807330e+01	8.746514e+01
3.540000e-06	5.367118e-06	1.327829e-09	3.811732e+01	8.732198e+01
3.550000e-06	5.372940e-06	1.330285e-09	3.815867e+01	8.717225e+01
3.560000e-06	5.378413e-06	1.330909e-09	3.819754e+01	8.701663e+01
3.570000e-06	5.383530e-06	1.331881e-09	3.823388e+01	8.685587e+01
3.580000e-06	5.388263e-06	1.333639e-09	3.826750e+01	8.669080e+01
3.590000e-06	5.392605e-06	1.332307e-09	3.829833e+01	8.652228e+01
3.600000e-06	5.396697e-06	1.326747e-09	3.832739e+01	8.635128e+01
3.610000e-06	5.400602e-06	1.323384e-09	3.835513e+01	8.617880e+01
3.620000e-06	5.404214e-06	1.325409e-09	3.838078e+01	8.600586e+01
3.630000e-06	5.407449e-06	1.327016e-09	3.840375e+01	8.583354e+01
3.640000e-06	5.410091e-06	1.327235e-09	3.842252e+01	8.566295e+01
3.650000e-06	5.412133e-06	1.328348e-09	3.843702e+01	8.549519e+01
3.660000e-06	5.413679e-06	1.330174e-09	3.844800e+01	8.533138e+01
3.670000e-06	5.414708e-06	1.329500e-09	3.845531e+01	8.517263e+01
3.680000e-06	5.415236e-06	1.325402e-09	3.845906e+01	8.502003e+01
3.690000e-06	5.415369e-06	1.321310e-09	3.846000e+01	8.487464e+01
3.700000e-06	5.415283e-06	1.319649e-09	3.845939e+01	8.473748e+01
3.710000e-06	5.414944e-06	1.321006e-09	3.845699e+01	8.460953e+01
3.720000e-06	5.414334e-06	1.321522e-09	3.845266e+01	8.449169e+01
3.730000e-06	5.413433e-06	1.318589e-09	3.844625e+01	8.438481e+01
3.740000e-06	5.412066e-06	1.315943e-09	3.843655e+01	8.428963e+01
3.750000e-06	5.410331e-06	1.309606e-09	3.842422e+01	8.420685e+01
3.760000e-06	5.408360e-06	1.280245e-09	3.841023e+01	8.413703e+01
3.770000e-06	5.406041e-06	1.248900e-09	3.839375e+01	8.408064e+01
3.780000e-06	5.403376e-06	1.307850e-09	3.837483e+01	8.403805e+01
3.790000e-06	5.400279e-06	1.377053e-09	3.835284e+01	8.400950e+01
3.800000e-06	5.396715e-06	1.265295e-09	3.832752e+01	8.399512e+01
3.810000e-06	5.392844e-06	1.163547e-09	3.830003e+01	8.399492e+01
3.820000e-06	5.388714e-06	1.267490e-09	3.827070e+01	8.400878e+01
3.830000e-06	5.384355e-06	1.373346e-09	3.823974e+01	8.403645e+01
3.840000e-06	5.379576e-06	1.242245e-09	3.820580e+01	8.407757e+01
3.850000e-06	5.374176e-06	1.076428e-09	3.816745e+01	8.413164e+01
3.860000e-06	5.368275e-06	1.234522e-09	3.812554e+01	8.419807e+01
3.870000e-06	5.361966e-06	1.442475e-09	3.808073e+01	8.427611e+01
3.880000e-06	5.355215e-06	1.273122e-09	3.803279e+01	8.436495e+01
3.890000e-06	5.348144e-06	1.065001e-09	3.798257e+01	8.446363e+01
3.900000e-06	5.340650e-06	1.244433e-09	3.792935e+01	8.457111e+01
3.910000e-06	5.332595e-06	1.411050e-09	3.787214e+01	8.468628e+01
3.920000e-06	5.324187e-06	1.176280e-09	3.781242e+01	8.480793e+01
3.930000e-06	5.315530e-06	1.036280e-09	3.775094e+01	8.493478e+01
3.940000e-06	5.306567e-06	1.314356e-09	3.768729e+01	8.506549e+01
3.950000e-06	5.297197e-06	1.413463e-09	3.762075e+01	8.519868e+01
3.960000e-06	5.287514e-06	1.152337e-09	3.755198e+01	8.533294e+01
3.970000e-06	5.277531e-06	1.130175e-09	3.748107e+01	8.546682e+01
3.980000e-06	5.267081e-06	1.422442e-09	3.740686e+01	8.559887e+01
3.990000e-06	5.256250e-06	1.384886e-09	3.732994e+01	8.572762e+01
4.000000e-06	5.245080e-06	1.167648e-09	3.725061e+01	8.585165e+01
4.010000e-06	5.233491e-06	1.310501e-09	3.716831e+01	8.596952e+01
4.020000e-06	5.221494e-06	1.503440e-09	3.708310e+01	8.607988e+01
4.030000e-06	5.209102e-06	1.317113e-09	3.699509e+01	8.618137e+01
4.040000e-06	5.196315e-06	1.181061e-09	3.690428e+01	8.627274e+01
4.050000e-06	5.183091e-06	1.371249e-09	3.681036e+01	8.635279e+01
4.060000e-06	5.169269e-06	1.396776e-09	3.671220e+01	8.642039e+01
4.070000e-06	5.154839e-06	1.229927e-09	3.660971e+01	8.647451e+01
4.080000e-06	5.139848e-06	1.282325e-09	3.650325e+01	8.651424e+01
4.090000e-06	5.124327e-06	1.396364e-09	3.639302e+01	8.653873e+01
4.100000e-06	5.108493e-06	1.311097e-09	3.628056e+01	8.654728e+01
4.110000e-06	5.092452e-06	1.273483e-09	3.616664e+01	8.653928e+01
4.120000e-06	5.076139e-06	1.342196e-09	3.605079e+01	8.651426e+01
4.130000e-06	5.059492e-06	1.280846e-09	3.593256e+01	8.647187e+01
4.140000e-06	5.042513e-06	1.216955e-09	3.581197e+01	8.641187e+01
4.150000e-06	5.025134e-06	1.311416e-09	3.568855e+01	8.633415e+01
4.160000e-06	5.007347e-06	1.328153e-09	3.556222e+01	8.623875e+01
4.170000e-06	4.989249e-06	1.256391e-09	3.543369e+01	8.612579e+01
4.180000e-06	4.970806e-06	1.284757e-09	3.530271e+01	8.599554e+01
4.190000e-06	4.952052e-06	1.336144e-09	3.516952e+01	8.584838e+01
4.200000e-06	4.933044e-06	1.290018e-09	3.503452e+01	8.568479e+01
4.210000e-06	4.913785e-06	1.252710e-09	3.489775e+01	8.550535e+01
4.220000e-06	4.894175e-06	1.250647e-09	3.475848e+01	8.531076e+01
4.230000e-06	4.874276e-06	1.257257e-09	3.461716e+01	8.510178e+01
4.240000e-06	4.854167e-06	1.274115e-09	3.447434e+01	8.487926e+01
4.250000e-06	4.833768e-06	1.272794e-09	3.432947e+01	8.464414e+01
4.260000e-06	4.813060e-06	1.251110e-09	3.418240e+01	8.439738e+01
4.270000e-06	4.791818e-06	1.270708e-09	3.403154e+01	8.414003e+01
4.280000e-06	4.770040e-06	1.283828e-09	3.387687e+01	8.387315e+01
4.290000e-06	4.747739e-06	1.253593e-09	3.371849e+01	8.359783e+01
4.300000e-06	4.724826e-06	1.236125e-09	3.355576e+01	8.331520e+01
4.310000e-06	4.701548e-06	1.234933e-09	3.339044e+01	8.302637e+01
4.320000e-06	4.678005e-06	1.227073e-09	3.322323e+01	8.273246e+01
4.330000e-06	4.654166e-06	1.231195e-09	3.305393e+01	8.243456e+01
4.340000e-06	4.630069e-06	1.218487e-09	3.288279e+01	8.213376e+01
4.350000e-06	4.605782e-06	1.190439e-09	3.271031e+01	8.183109e+01
4.360000e-06	4.581309e-06	1.208181e-09	3.253650e+01	8.152755e+01
4.370000e-06	4.556488e-06	1.228272e-09	3.236022e+01	8.122407e+01
4.380000e-06	4.531277e-06	1.199326e-09	3.218117e+01	8.092153e+01
4.390000e-06	4.505669e-06	1.183205e-09	3.199931e+01	8.062075e+01
4.400000e-06	4.479650e-06	1.200308e-09	3.181452e+01	8.032247e+01
4.410000e-06	4.453371e-06	1.196903e-09	3.162788e+01	8.002734e+01
4.420000e-06	4.426798e-06	1.175085e-09	3.143916e+01	7.973593e+01
4.430000e-06	4.399963e-06	1.157304e-09	3.124858e+01	7.944875e+01
4.440000e-06	4.372933e-06	1.157213e-09	3.105661e+01	7.916617e+01
4.450000e-06	4.345593e-06	1.170560e-09	3.086244e+01	7.888853e+01
4.460000e-06	4.317984e-06	1.173389e-09	3.066636e+01	7.861602e+01
4.470000e-06	4.290137e-06	1.159444e-09	3.046860e+01	7.834878e+01
4.480000e-06	4.262053e-06	1.161920e-09	3.026914e+01	7.808686e+01
4.490000e-06	4.233777e-06	1.173112e-09	3.006832e+01	7.783020e+01
4.500000e-06	4.205224e-06	1.166119e-09	2.986554e+01	7.757869e+01
4.510000e-06	4.176228e-06	1.146394e-09	2.965961e+01	7.733211e+01
4.520000e-06	4.146758e-06	1.136359e-09	2.945031e+01	7.709019e+01
4.530000e-06	4.116862e-06	1.138090e-09	2.923799e+01	7.685258e+01
4.540000e-06	4.086484e-06	1.146903e-09	2.902225e+01	7.661889e+01
4.550000e-06	4.055656e-06	1.146478e-09	2.880331e+01	7.638866e+01
4.560000e-06	4.024499e-06	1.138282e-09	2.858203e+01	7.616138e+01
4.570000e-06	3.993068e-06	1.136536e-09	2.835881e+01	7.593652e+01
4.580000e-06	3.961400e-06	1.139240e-09	2.813390e+01	7.571350e+01
4.590000e-06	3.929471e-06	1.128669e-09	2.790714e+01	7.549173e+01
4.600000e-06	3.897375e-06	1.110633e-09	2.767919e+01	7.527060e+01
4.610000e-06	3.865082e-06	1.105056e-09	2.744985e+01	7.504950e+01
4.620000e-06	3.832594e-06	1.112922e-09	2.721912e+01	7.482781e+01
4.630000e-06	3.799830e-06	1.113759e-09	2.698643e+01	7.460494e+01
4.640000e-06	3.766766e-06	1.101053e-09	2.675161e+01	7.438029e+01
4.650000e-06	3.733527e-06	1.093229e-09	2.651554e+01	7.415330e+01
4.660000e-06	3.700004e-06	1.097605e-09	2.627747e+01	7.392344e+01
4.670000e-06	3.666228e-06	1.099347e-09	2.603758e+01	7.369021e+01
4.680000e-06	3.632211e-06	1.090014e-09	2.579600e+01	7.345315e+01
4.690000e-06	3.597890e-06	1.080952e-09	2.555225e+01	7.321185e+01
4.700000e-06	3.563339e-06	1.082031e-09	2.530687e+01	7.296595e+01
4.710000e-06	3.528557e-06	1.083850e-09	2.505985e+01	7.271513e+01
4.720000e-06	3.493492e-06	1.075058e-09	2.481081e+01	7.245915e+01
4.730000e-06	3.458219e-06	1.066412e-09	2.456030e+01	7.219779e+01
4.740000e-06	3.422845e-06	1.065096e-09	2.430908e+01	7.193092e+01
4.750000e-06	3.387263e-06	1.066323e-09	2.405637e+01	7.165846e+01
4.760000e-06	3.351497e-06	1.061073e-09	2.380236e+01	7.138036e+01
4.770000e-06	3.315599e-06	1.053689e-09	2.354741e+01	7.109667e+01
4.780000e-06	3.279504e-06	1.049158e-09	2.329107e+01	7.080744e+01
4.790000e-06	3.243207e-06	1.046093e-09	2.303329e+01	7.051282e+01
4.800000e-06	3.206644e-06	1.038285e-09	2.277361e+01	7.021298e+01
4.810000e-06	3.169856e-06	1.027483e-09	2.251235e+01	6.990812e+01
4.820000e-06	3.132752e-06	1.022365e-09	2.224884e+01	6.959851e+01
4.830000e-06	3.095303e-06	1.024742e-09	2.198287e+01	6.928443e+01
4.840000e-06	3.057478e-06	1.024006e-09	2.171424e+01	6.896619e+01
4.850000e-06	3.019343e-06	1.018842e-09	2.144340e+01	6.864413e+01
4.860000e-06	2.980922e-06	1.012448e-09	2.117054e+01	6.831859e+01
4.870000e-06	2.942161e-06	1.009223e-09	2.089526e+01	6.798994e+01
4.880000e-06	2.903090e-06	1.006231e-09	2.061777e+01	6.765854e+01
4.890000e-06	2.863753e-06	9.971745e-10	2.033840e+01	6.732475e+01
4.900000e-06	2.824204e-06	9.862817e-10	2.005752e+01	6.698892e+01
4.910000e-06	2.784458e-06	9.831826e-10	1.977525e+01	6.665139e+01
4.920000e-06	2.744600e-06	9.858563e-10	1.949217e+01	6.631249e+01
4.930000e-06	2.704601e-06	9.853653e-10	1.920811e+01	6.597251e+01
4.940000e-06	2.664441e-06	9.801436e-10	1.892288e+01	6.563171e+01
4.950000e-06	2.624167e-06	9.764708e-10	1.863686e+01	6.529033e+01
4.960000e-06	2.583731e-06	9.751202e-10	1.834968e+01	6.494856e+01
4.970000e-06	2.543074e-06	9.694317e-10	1.806094e+01	6.460655e+01
4.980000e-06	2.502281e-06	9.608879e-10	1.777122e+01	6.426443e+01
4.990000e-06	2.461428e-06	9.568542e-10	1.748108e+01	6.392225e+01
5.000000e-06	2.420400e-06	9.575639e-10	1.718970e+01	6.358003e+01
5.010000e-06	2.379137e-06	9.528703e-10	1.689665e+01	6.323774e+01
5.020000e-06	2.337764e-06	9.404917e-10	1.660283e+01	6.289530e+01
5.030000e-06	2.296243e-06	9.318492e-10	1.630794e+01	6.255259e+01
5.040000e-06	2.254466e-06	9.312511e-10	1.601124e+01	6.220942e+01
5.050000e-06	2.212486e-06	9.288765e-10	1.571310e+01	6.186558e+01
5.060000e-06	2.170403e-06	9.225315e-10	1.541423e+01	6.152080e+01
5.070000e-06	2.128204e-06	9.164236e-10	1.511453e+01	6.117477e+01
5.080000e-06	2.085860e-06	9.130419e-10	1.481380e+01	6.082714e+01
5.090000e-06	2.043369e-06	9.086597e-10	1.451203e+01	6.047753e+01
5.100000e-06	2.000697e-06	9.006080e-10	1.420897e+01	6.012551e+01
5.110000e-06	1.957893e-06	8.934982e-10	1.390498e+01	5.977065e+01
5.120000e-06	1.915044e-06	8.935366e-10	1.360066e+01	5.941246e+01
5.130000e-06	1.872060e-06	8.945541e-10	1.329539e+01	5.905046e+01
5.140000e-06	1.828898e-06	8.908863e-10	1.298885e+01	5.868414e+01
5.150000e-06	1.785596e-06	8.833197e-10	1.268132e+01	5.831298e+01
5.160000e-06	1.742153e-06	8.754207e-10	1.237279e+01	5.793644e+01
5.170000e-06	1.698659e-06	8.692114e-10	1.206389e+01	5.755399e+01
5.180000e-06	1.655082e-06	8.638299e-10	1.175441e+01	5.716511e+01
5.190000e-06	1.611431e-06	8.537080e-10	1.144440e+01	5.676925e+01
5.200000e-06	1.567722e-06	8.444262e-10	1.113398e+01	5.636591e+01
5.210000e-06	1.523919e-06	8.404767e-10	1.082288e+01	5.595456e+01
5.220000e-06	1.480095e-06	8.352659e-10	1.051165e+01	5.553471e+01
5.230000e-06	1.436179e-06	8.288663e-10	1.019976e+01	5.510587e+01
5.240000e-06	1.392149e-06	8.234019e-10	9.887055e+00	5.466758e+01
5.250000e-06	1.348112e-06	8.205371e-10	9.574306e+00	5.421940e+01
5.260000e-06	1.304049e-06	8.187254e-10	9.261371e+00	5.376089e+01
5.270000e-06	1.259855e-06	8.115527e-10	8.947500e+00	5.329166e+01
5.280000e-06	1.215552e-06	7.973313e-10	8.632859e+00	5.281130e+01
5.290000e-06	1.171217e-06	7.844265e-10	8.317994e+00	5.231947e+01
5.300000e-06	1.126810e-06	7.760006e-10	8.002617e+00	5.181580e+01
5.310000e-06	1.082268e-06	7.689726e-10	7.686279e+00	5.129997e+01
5.320000e-06	1.037603e-06	7.624518e-10	7.369068e+00	5.077166e+01
5.330000e-06	9.929161e-07	7.575518e-10	7.051699e+00	5.023057e+01
5.340000e-06	9.482364e-07	7.544764e-10	6.734384e+00	4.967641e+01
5.350000e-06	9.034332e-07	7.496070e-10	6.416191e+00	4.910889e+01
5.360000e-06	8.585724e-07	7.370352e-10	6.097589e+00	4.852773e+01
5.370000e-06	8.137137e-07	7.225476e-10	5.779003e+00	4.793265e+01
5.380000e-06	7.688071e-07	7.107520e-10	5.460076e+00	4.732338e+01
5.390000e-06	7.238368e-07	7.009913e-10	5.140696e+00	4.669961e+01
5.400000e-06	6.788143e-07	6.929354e-10	4.820945e+00	4.606105e+01
5.410000e-06	6.337530e-07	6.868858e-10	4.500920e+00	4.540740e+01
5.420000e-06	5.885584e-07	6.820222e-10	4.179948e+00	4.473832e+01
5.430000e-06	5.433130e-07	6.741692e-10	3.858614e+00	4.405346e+01
5.440000e-06	4.981012e-07	6.628896e-10	3.537519e+00	4.335246e+01
5.450000e-06	4.528428e-07	6.472244e-10	3.216094e+00	4.263492e+01
5.460000e-06	4.074678e-07	6.299928e-10	2.893840e+00	4.190042e+01
5.470000e-06	3.620916e-07	6.157490e-10	2.571578e+00	4.114851e+01
5.480000e-06	3.167898e-07	6.071401e-10	2.249845e+00	4.037872e+01
5.490000e-06	2.713977e-07	6.025683e-10	1.927469e+00	3.959053e+01
5.500000e-06	2.258959e-07	5.959815e-10	1.604315e+00	3.878342e+01
5.510000e-06	1.804182e-07	5.851241e-10	1.281332e+00	3.795680e+01
5.520000e-06	1.350624e-07	5.690647e-10	9.592143e-01	3.711010e+01
5.530000e-06	8.970453e-08	5.513063e-10	6.370824e-01	3.624269e+01
5.540000e-06	4.420864e-08	5.353889e-10	3.139702e-01	3.535392e+01
5.550000e-06	-1.293892e-09	5.219651e-10	-9.189233e-03	3.444315e+01
5.560000e-06	-4.676197e-08	5.114263e-10	-3.321040e-01	3.350970e+01
5.570000e-06	-9.227033e-08	5.010665e-10	-6.553048e-01	3.255287e+01
5.580000e-06	-1.377819e-07	4.877157e-10	-9.785284e-01	3.157199e+01
5.590000e-06	-1.831822e-07	4.705255e-10	-1.300962e+00	3.056637e+01
5.600000e-06	-2.285984e-07	4.487945e-10	-1.623508e+00	2.953532e+01
5.610000e-06	-2.740997e-07	4.287091e-10	-1.946659e+00	2.847818e+01
5.620000e-06	-3.194796e-07	4.127919e-10	-2.268947e+00	2.739430e+01
5.630000e-06	-3.647364e-07	3.979900e-10	-2.590361e+00	2.628307e+01
5.640000e-06	-4.098912e-07	3.809955e-10	-2.911051e+00	2.514391e+01
5.650000e-06	-4.550554e-07	3.642631e-10	-3.231808e+00	2.397629e+01
5.660000e-06	-5.002365e-07	3.502491e-10	-3.552685e+00	2.277974e+01
5.670000e-06	-5.453070e-07	3.343947e-10	-3.872775e+00	2.155383e+01
5.680000e-06	-5.902711e-07	3.126604e-10	-4.192111e+00	2.029822e+01
5.690000e-06	-6.352042e-07	2.858341e-10	-4.511227e+00	1.901264e+01
5.700000e-06	-6.801944e-07	2.588543e-10	-4.830747e+00	1.769690e+01
5.710000e-06	-7.252109e-07	2.352049e-10	-5.150455e+00	1.635092e+01
5.720000e-06	-7.701148e-07	2.173616e-10	-5.469363e+00	1.497470e+01
5.730000e-06	-8.148344e-07	2.016558e-10	-5.786961e+00	1.356836e+01
5.740000e-06	-8.594802e-07	1.865495e-10	-6.104036e+00	1.213211e+01
5.750000e-06	-9.040357e-07	1.710156e-10	-6.420470e+00	1.066631e+01
5.760000e-06	-9.485143e-07	1.515359e-10	-6.736358e+00	9.171410e+00
5.770000e-06	-9.930430e-07	1.256996e-10	-7.052601e+00	7.647994e+00
5.780000e-06	-1.037538e-06	9.605349e-11	-7.368604e+00	6.096775e+00
5.790000e-06	-1.081937e-06	6.555163e-11	-7.683930e+00	4.518590e+00
5.800000e-06	-1.126253e-06	3.743334e-11	-7.998660e+00	2.914406e+00
5.810000e-06	-1.170430e-06	1.177717e-11	-8.312402e+00	1.285316e+00
5.820000e-06	-1.214556e-06	-1.044851e-11	-8.625788e+00	-3.674592e-01
5.830000e-06	-1.258685e-06	-2.790206e-11	-8.939196e+00	-2.042577e+00
5.840000e-06	-1.302766e-06	-4.483350e-11	-9.252253e+00	-3.738572e+00
5.850000e-06	-1.346804e-06	-6.661537e-11	-9.565015e+00	-5.453867e+00
5.860000e-06	-1.390808e-06	-9.485197e-11	-9.877531e+00	-7.186773e+00
5.870000e-06	-1.434817e-06	-1.267707e-10	-1.019009e+01	-8.935495e+00
5.880000e-06	-1.478730e-06	-1.607475e-10	-1.050195e+01	-1.069815e+01
5.890000e-06	-1.522517e-06	-1.956755e-10	-1.081293e+01	-1.247275e+01
5.900000e-06	-1.566228e-06	-2.239024e-10	-1.112336e+01	-1.425725e+01
5.910000e-06	-1.609858e-06	-2.437529e-10	-1.143323e+01	-1.604951e+01
5.920000e-06	-1.653418e-06	-2.612498e-10	-1.174259e+01	-1.784737e+01
5.930000e-06	-1.696821e-06	-2.810745e-10	-1.205084e+01	-1.964858e+01
5.940000e-06	-1.740121e-06	-3.042468e-10	-1.235836e+01	-2.145088e+01
5.950000e-06	-1.783359e-06	-3.321216e-10	-1.266543e+01	-2.325198e+01
5.960000e-06	-1.826487e-06	-3.652016e-10	-1.297173e+01	-2.504956e+01
5.970000e-06	-1.869486e-06	-3.993834e-10	-1.327711e+01	-2.684133e+01
5.980000e-06	-1.912357e-06	-4.321103e-10	-1.358158e+01	-2.862500e+01
5.990000e-06	-1.955131e-06	-4.583187e-10	-1.388536e+01	-3.039828e+01
6.000000e-06	-1.997761e-06	-4.806756e-10	-1.418812e+01	-3.215895e+01
6.010000e-06	-2.040211e-06	-5.046115e-10	-1.448959e+01	-3.390482e+01
6.020000e-06	-2.082443e-06	-5.287661e-10	-1.478953e+01	-3.563376e+01
6.030000e-06	-2.124533e-06	-5.513304e-10	-1.508845e+01	-3.734372e+01
6.040000e-06	-2.166545e-06	-5.768569e-10	-1.538683e+01	-3.903272e+01
6.050000e-06	-2.208425e-06	-6.075161e-10	-1.568426e+01	-4.069886e+01
6.060000e-06	-2.250173e-06	-6.374235e-10	-1.598075e+01	-4.234036e+01
6.070000e-06	-2.291845e-06	-6.624159e-10	-1.627671e+01	-4.395554e+01
6.080000e-06	-2.333364e-06	-6.832684e-10	-1.657157e+01	-4.554281e+01
6.090000e-06	-2.374686e-06	-7.024326e-10	-1.686505e+01	-4.710075e+01
6.100000e-06	-2.415889e-06	-7.231841e-10	-1.715767e+01	-4.862801e+01
6.110000e-06	-2.456717e-06	-7.438850e-10	-1.744763e+01	-5.012340e+01
6.120000e-06	-2.497168e-06	-7.652697e-10	-1.773491e+01	-5.158586e+01
6.130000e-06	-2.537564e-06	-7.884902e-10	-1.802181e+01	-5.301446e+01
6.140000e-06	-2.577822e-06	-8.120048e-10	-1.830771e+01	-5.440840e+01
6.150000e-06	-2.617959e-06	-8.347339e-10	-1.859277e+01	-5.576703e+01
6.160000e-06	-2.658072e-06	-8.552298e-10	-1.887765e+01	-5.708983e+01
6.170000e-06	-2.698082e-06	-8.744630e-10	-1.916181e+01	-5.837640e+01
6.180000e-06	-2.738034e-06	-8.934681e-10	-1.944554e+01	-5.962648e+01
6.190000e-06	-2.777875e-06	-9.117427e-10	-1.972849e+01	-6.083993e+01
6.200000e-06	-2.817566e-06	-9.272975e-10	-2.001038e+01	-6.201675e+01
6.210000e-06	-2.857128e-06	-9.406925e-10	-2.029135e+01	-6.315702e+01
6.220000e-06	-2.896432e-06	-9.550203e-10	-2.057049e+01	-6.426097e+01
6.230000e-06	-2.935458e-06	-9.699209e-10	-2.084765e+01	-6.532889e+01
6.240000e-06	-2.974212e-06	-9.843580e-10	-2.112288e+01	-6.636120e+01
6.250000e-06	-3.012546e-06	-9.996184e-10	-2.139513e+01	-6.735838e+01
6.260000e-06	-3.050486e-06	-1.016539e-09	-2.166458e+01	-6.832101e+01
6.270000e-06	-3.088045e-06	-1.034372e-09	-2.193132e+01	-6.924972e+01
6.280000e-06	-3.125280e-06	-1.049613e-09	-2.219577e+01	-7.014522e+01
6.290000e-06	-3.162287e-06	-1.062081e-09	-2.245859e+01	-7.100825e+01
6.300000e-06	-3.198873e-06	-1.074476e-09	-2.271843e+01	-7.183961e+01
6.310000e-06	-3.235100e-06	-1.086887e-09	-2.297571e+01	-7.264013e+01
6.320000e-06	-3.271261e-06	-1.095776e-09	-2.323253e+01	-7.341066e+01
6.330000e-06	-3.307327e-06	-1.103779e-09	-2.348867e+01	-7.415207e+01
6.340000e-06	-3.343199e-06	-1.115594e-09	-2.374343e+01	-7.486524e+01
6.350000e-06	-3.378908e-06	-1.129166e-09	-2.399704e+01	-7.555106e+01
6.360000e-06	-3.414496e-06	-1.142024e-09	-2.424978e+01	-7.621040e+01
6.370000e-06	-3.449959e-06	-1.152260e-09	-2.450164e+01	-7.684412e+01
6.380000e-06	-3.485219e-06	-1.160842e-09	-2.475206e+01	-7.745307e+01
6.390000e-06	-3.520186e-06	-1.169635e-09	-2.500040e+01	-7.803809e+01
6.400000e-06	-3.554852e-06	-1.176145e-09	-2.524659e+01	-7.859995e+01
6.410000e-06	-3.589271e-06	-1.177825e-09	-2.549104e+01	-7.913945e+01
6.420000e-06	-3.623376e-06	-1.180883e-09	-2.573325e+01	-7.965730e+01
6.430000e-06	-3.657196e-06	-1.190227e-09	-2.597344e+01	-8.015420e+01
6.440000e-06	-3.690814e-06	-1.200038e-09	-2.621220e+01	-8.063082e+01
6.450000e-06	-3.724202e-06	-1.207015e-09	-2.644931e+01	-8.108778e+01
6.460000e-06	-3.757314e-06	-1.214963e-09	-2.668448e+01	-8.152566e+01
6.470000e-06	-3.790141e-06	-1.223934e-09	-2.691762e+01	-8.194501e+01
6.480000e-06	-3.822633e-06	-1.230812e-09	-2.714838e+01	-8.234635e+01
6.490000e-06	-3.854858e-06	-1.234181e-09	-2.737724e+01	-8.273014e+01
6.500000e-06	-3.886949e-06	-1.235605e-09	-2.760515e+01	-8.309683e+01
6.510000e-06	-3.918886e-06	-1.240911e-09	-2.783197e+01	-8.344684e+01
6.520000e-06	-3.950651e-06	-1.251132e-09	-2.805756e+01	-8.378057e+01
6.530000e-06	-3.982183e-06	-1.259823e-09	-2.828151e+01	-8.409836e+01
6.540000e-06	-4.013376e-06	-1.265101e-09	-2.850304e+01	-8.440058e+01
6.550000e-06	-4.044257e-06	-1.272340e-09	-2.872235e+01	-8.468756e+01
6.560000e-06	-4.074826e-06	-1.280527e-09	-2.893945e+01	-8.495963e+01
6.570000e-06	-4.104834e-06	-1.284752e-09	-2.915257e+01	-8.521710e+01
6.580000e-06	-4.134306e-06	-1.284467e-09	-2.936188e+01	-8.546030e+01
6.590000e-06	-4.163291e-06	-1.284294e-09	-2.956773e+01	-8.568953e+01
6.600000e-06	-4.191822e-06	-1.288955e-09	-2.977036e+01	-8.590513e+01
6.610000e-06	-4.220097e-06	-1.295567e-09	-2.997117e+01	-8.610744e+01
6.620000e-06	-4.248152e-06	-1.300033e-09	-3.017042e+01	-8.629679e+01
6.630000e-06	-4.276024e-06	-1.302562e-09	-3.036836e+01	-8.647355e+01
6.640000e-06	-4.303792e-06	-1.304247e-09	-3.056557e+01	-8.663811e+01
6.650000e-06	-4.331384e-06	-1.306215e-09	-3.076153e+01	-8.679086e+01
6.660000e-06	-4.358736e-06	-1.306615e-09	-3.095579e+01	-8.693223e+01
6.670000e-06	-4.385752e-06	-1.306195e-09	-3.114765e+01	-8.706266e+01
6.680000e-06	-4.412421e-06	-1.308170e-09	-3.133706e+01	-8.718262e+01
6.690000e-06	-4.438761e-06	-1.312487e-09	-3.152412e+01	-8.729260e+01
6.700000e-06	-4.464704e-06	-1.316866e-09	-3.170837e+01	-8.739311e+01
6.710000e-06	-4.490390e-06	-1.319397e-09	-3.189079e+01	-8.748468e+01
6.720000e-06	-4.515807e-06	-1.321597e-09	-3.207130e+01	-8.756785e+01
6.730000e-06	-4.540841e-06	-1.325152e-09	-3.224910e+01	-8.764319e+01
6.740000e-06	-4.565475e-06	-1.326830e-09	-3.242405e+01	-8.771128e+01
6.750000e-06	-4.589785e-06	-1.326344e-09	-3.259669e+01	-8.777269e+01
6.760000e-06	-4.613868e-06	-1.327295e-09	-3.276773e+01	-8.782802e+01
6.770000e-06	-4.637785e-06	-1.331073e-09	-3.293759e+01	-8.787785e+01
6.780000e-06	-4.661505e-06	-1.335739e-09	-3.310605e+01	-8.792277e+01
6.790000e-06	-4.685002e-06	-1.337375e-09	-3.327293e+01	-8.796336e+01
6.800000e-06	-4.708216e-06	-1.335737e-09	-3.343780e+01	-8.800016e+01
6.810000e-06	-4.730994e-06	-1.333494e-09	-3.359956e+01	-8.803373e+01
6.820000e-06	-4.753289e-06	-1.334260e-09	-3.375790e+01	-8.806458e+01
6.830000e-06	-4.774976e-06	-1.333630e-09	-3.391192e+01	-8.809319e+01
6.840000e-06	-4.796068e-06	-1.332720e-09	-3.406172e+01	-8.812003e+01
6.850000e-06	-4.816747e-06	-1.334221e-09	-3.420858e+01	-8.814549e+01
6.860000e-06	-4.837012e-06	-1.337320e-09	-3.435251e+01	-8.816995e+01
6.870000e-06	-4.856984e-06	-1.339220e-09	-3.449434e+01	-8.819374e+01
6.880000e-06	-4.876813e-06	-1.337954e-09	-3.463517e+01	-8.821711e+01
6.890000e-06	-4.896440e-06	-1.338327e-09	-3.477457e+01	-8.824029e+01
6.900000e-06	-4.915736e-06	-1.341481e-09	-3.491161e+01	-8.826343e+01
6.910000e-06	-4.934679e-06	-1.346223e-09	-3.504614e+01	-8.828663e+01
6.920000e-06	-4.953245e-06	-1.349838e-09	-3.517800e+01	-8.830993e+01
6.930000e-06	-4.971499e-06	-1.351137e-09	-3.530763e+01	-8.833331e+01
6.940000e-06	-4.989512e-06	-1.350845e-09	-3.543556e+01	-8.835669e+01
6.950000e-06	-5.007213e-06	-1.349601e-09	-3.556128e+01	-8.837991e+01
6.960000e-06	-5.024478e-06	-1.347971e-09	-3.568389e+01	-8.840278e+01
6.970000e-06	-5.041384e-06	-1.347027e-09	-3.580396e+01	-8.842504e+01
6.980000e-06	-5.057936e-06	-1.346971e-09	-3.592151e+01	-8.844638e+01
6.990000e-06	-5.074143e-06	-1.349518e-09	-3.603661e+01	-8.846643e+01
7.000000e-06	-5.090161e-06	-1.351776e-09	-3.615037e+01	-8.848480e+01
7.010000e-06	-5.105944e-06	-1.352511e-09	-3.626246e+01	-8.850104e+01
7.020000e-06	-5.121460e-06	-1.352846e-09	-3.637266e+01	-8.851467e+01
7.030000e-06	-5.136573e-06	-1.351676e-09	-3.647999e+01	-8.852518e+01
7.040000e-06	-5.151244e-06	-1.349291e-09	-3.658418e+01	-8.853205e+01
7.050000e-06	-5.165193e-06	-1.346033e-09	-3.668325e+01	-8.853474e+01
7.060000e-06	-5.178361e-06	-1.344452e-09	-3.677677e+01	-8.853270e+01
7.070000e-06	-5.191061e-06	-1.344714e-09	-3.686696e+01	-8.852539e+01
7.080000e-06	-5.203330e-06	-1.344147e-09	-3.695410e+01	-8.851228e+01
7.090000e-06	-5.215290e-06	-1.343580e-09	-3.703904e+01	-8.849285e+01
7.100000e-06	-5.227034e-06	-1.344316e-09	-3.712245e+01	-8.846662e+01
7.110000e-06	-5.238417e-06	-1.346002e-09	-3.720329e+01	-8.843312e+01
7.120000e-06	-5.249257e-06	-1.344688e-09	-3.728027e+01	-8.839196e+01
7.130000e-06	-5.259666e-06	-1.338969e-09	-3.735420e+01	-8.834275e+01
7.140000e-06	-5.269863e-06	-1.334123e-09	-3.742662e+01	-8.828520e+01
7.150000e-06	-5.279778e-06	-1.332393e-09	-3.749703e+01	-8.821906e+01
7.160000e-06	-5.289267e-06	-1.329992e-09	-3.756442e+01	-8.814416e+01
7.170000e-06	-5.298364e-06	-1.325064e-09	-3.762903e+01	-8.806039e+01
7.180000e-06	-5.307083e-06	-1.321313e-09	-3.769095e+01	-8.796772e+01
7.190000e-06	-5.315458e-06	-1.321009e-09	-3.775044e+01	-8.786623e+01
7.200000e-06	-5.323567e-06	-1.322309e-09	-3.780802e+01	-8.775604e+01
7.210000e-06	-5.331378e-06	-1.321807e-09	-3.786350e+01	-8.763739e+01
7.220000e-06	-5.338980e-06	-1.319553e-09	-3.791749e+01	-8.751060e+01
7.230000e-06	-5.346349e-06	-1.316926e-09	-3.796982e+01	-8.737608e+01
7.240000e-06	-5.353208e-06	-1.314719e-09	-3.801854e+01	-8.723430e+01
7.250000e-06	-5.359421e-06	-1.311210e-09	-3.806266e+01	-8.708587e+01
7.260000e-06	-5.365061e-06	-1.305949e-09	-3.810272e+01	-8.693142e+01
7.270000e-06	-5.370223e-06	-1.304006e-09	-3.813937e+01	-8.677170e+01
7.280000e-06	-5.374930e-06	-1.305573e-09	-3.817281e+01	-8.660752e+01
7.290000e-06	-5.379213e-06	-1.307308e-09	-3.820322e+01	-8.643976e+01
7.300000e-06	-5.383220e-06	-1.303616e-09	-3.823168e+01	-8.626934e+01
7.310000e-06	-5.387000e-06	-1.293738e-09	-3.825853e+01	-8.609727e+01
7.320000e-06	-5.390493e-06	-1.287391e-09	-3.828333e+01	-8.592457e+01
7.330000e-06	-5.393604e-06	-1.287836e-09	-3.830542e+01	-8.575231e+01
7.340000e-06	-5.396352e-06	-1.289179e-09	-3.832494e+01	-8.558160e+01
7.350000e-06	-5.398800e-06	-1.288111e-09	-3.834233e+01	-8.541353e+01
7.360000e-06	-5.400785e-06	-1.286031e-09	-3.835643e+01	-8.524922e+01
7.370000e-06	-5.402437e-06	-1.283539e-09	-3.836816e+01	-8.508979e+01
7.380000e-06	-5.403762e-06	-1.279878e-09	-3.837757e+01	-8.493633e+01
7.390000e-06	-5.404554e-06	-1.276448e-09	-3.838319e+01	-8.478991e+01
7.400000e-06	-5.404993e-06	-1.274344e-09	-3.838631e+01	-8.465155e+01
