# Temperatura_=_18.0
# Concentracion g/m^3_=_4090.0
# C_Vs_to_Am_M_A/Vsm_=_65563218390.804596
# pendiente_HvsI_1/m_=_3716.3
# ordenada_HvsI_A/m_=_1297.0
# frecuencia_Hz_=_135084.31751993968

Tiempo_(s)	Campo_(V.s)	Magnetizacion_(V.s)	Campo_(kA/m)	Magnetizacion_(A/m)
0.000000e+00	-5.412699e-06	-1.187653e-09	-3.838637e+01	-8.113723e+01
1.000000e-08	-5.412855e-06	-1.182673e-09	-3.838747e+01	-8.100222e+01
2.000000e-08	-5.412714e-06	-1.176408e-09	-3.838647e+01	-8.087348e+01
3.000000e-08	-5.412315e-06	-1.170062e-09	-3.838364e+01	-8.075166e+01
4.000000e-08	-5.411578e-06	-1.168708e-09	-3.837842e+01	-8.063735e+01
5.000000e-08	-5.410202e-06	-1.172198e-09	-3.836866e+01	-8.053109e+01
6.000000e-08	-5.408110e-06	-1.178704e-09	-3.835382e+01	-8.043337e+01
7.000000e-08	-5.405444e-06	-1.187656e-09	-3.833492e+01	-8.034459e+01
8.000000e-08	-5.402223e-06	-1.173964e-09	-3.831207e+01	-8.026508e+01
9.000000e-08	-5.398488e-06	-1.126587e-09	-3.828558e+01	-8.019508e+01
1.000000e-07	-5.394409e-06	-1.170669e-09	-3.825666e+01	-8.013476e+01
1.100000e-07	-5.390079e-06	-1.251468e-09	-3.822595e+01	-8.008420e+01
1.200000e-07	-5.385503e-06	-1.206387e-09	-3.819349e+01	-8.004339e+01
1.300000e-07	-5.380639e-06	-1.083306e-09	-3.815900e+01	-8.001223e+01
1.400000e-07	-5.375411e-06	-1.136412e-09	-3.812192e+01	-7.999052e+01
1.500000e-07	-5.369818e-06	-1.275466e-09	-3.808226e+01	-7.997799e+01
1.600000e-07	-5.363850e-06	-1.235114e-09	-3.803994e+01	-7.997428e+01
1.700000e-07	-5.357426e-06	-1.032653e-09	-3.799437e+01	-7.997894e+01
1.800000e-07	-5.350593e-06	-1.114605e-09	-3.794592e+01	-7.999142e+01
1.900000e-07	-5.343337e-06	-1.270215e-09	-3.789446e+01	-8.001113e+01
2.000000e-07	-5.335786e-06	-1.256337e-09	-3.784091e+01	-8.003738e+01
2.100000e-07	-5.328078e-06	-1.101451e-09	-3.778624e+01	-8.006943e+01
2.200000e-07	-5.320104e-06	-1.198234e-09	-3.772969e+01	-8.010647e+01
2.300000e-07	-5.311825e-06	-1.301953e-09	-3.767098e+01	-8.014762e+01
2.400000e-07	-5.303215e-06	-1.230840e-09	-3.760991e+01	-8.019200e+01
2.500000e-07	-5.293933e-06	-1.175534e-09	-3.754409e+01	-8.023864e+01
2.600000e-07	-5.283904e-06	-1.280467e-09	-3.747297e+01	-8.028657e+01
2.700000e-07	-5.273218e-06	-1.317578e-09	-3.739718e+01	-8.033480e+01
2.800000e-07	-5.262051e-06	-1.205761e-09	-3.731799e+01	-8.038231e+01
2.900000e-07	-5.250575e-06	-1.235494e-09	-3.723660e+01	-8.042808e+01
3.000000e-07	-5.238679e-06	-1.324819e-09	-3.715223e+01	-8.047112e+01
3.100000e-07	-5.226462e-06	-1.278954e-09	-3.706559e+01	-8.051042e+01
3.200000e-07	-5.213915e-06	-1.193129e-09	-3.697661e+01	-8.054502e+01
3.300000e-07	-5.200912e-06	-1.302948e-09	-3.688439e+01	-8.057397e+01
3.400000e-07	-5.187477e-06	-1.312160e-09	-3.678911e+01	-8.059636e+01
3.500000e-07	-5.173701e-06	-1.246359e-09	-3.669142e+01	-8.061136e+01
3.600000e-07	-5.159607e-06	-1.237278e-09	-3.659146e+01	-8.061815e+01
3.700000e-07	-5.145024e-06	-1.308944e-09	-3.648804e+01	-8.061600e+01
3.800000e-07	-5.129810e-06	-1.228688e-09	-3.638014e+01	-8.060423e+01
3.900000e-07	-5.113948e-06	-1.224196e-09	-3.626765e+01	-8.058226e+01
4.000000e-07	-5.097516e-06	-1.269837e-09	-3.615111e+01	-8.054956e+01
4.100000e-07	-5.080773e-06	-1.262899e-09	-3.603237e+01	-8.050569e+01
4.200000e-07	-5.063788e-06	-1.208781e-09	-3.591192e+01	-8.045030e+01
4.300000e-07	-5.046550e-06	-1.272275e-09	-3.578967e+01	-8.038311e+01
4.400000e-07	-5.029030e-06	-1.280307e-09	-3.566542e+01	-8.030395e+01
4.500000e-07	-5.011176e-06	-1.227673e-09	-3.553880e+01	-8.021273e+01
4.600000e-07	-4.992982e-06	-1.220353e-09	-3.540977e+01	-8.010944e+01
4.700000e-07	-4.974395e-06	-1.262638e-09	-3.527795e+01	-7.999416e+01
4.800000e-07	-4.955451e-06	-1.234230e-09	-3.514360e+01	-7.986707e+01
4.900000e-07	-4.936174e-06	-1.213063e-09	-3.500689e+01	-7.972840e+01
5.000000e-07	-4.916577e-06	-1.223073e-09	-3.486792e+01	-7.957849e+01
5.100000e-07	-4.896768e-06	-1.225887e-09	-3.472743e+01	-7.941774e+01
5.200000e-07	-4.876704e-06	-1.230651e-09	-3.458514e+01	-7.924661e+01
5.300000e-07	-4.856382e-06	-1.234924e-09	-3.444101e+01	-7.906564e+01
5.400000e-07	-4.835822e-06	-1.218205e-09	-3.429521e+01	-7.887541e+01
5.500000e-07	-4.814869e-06	-1.209242e-09	-3.414661e+01	-7.867656e+01
5.600000e-07	-4.793507e-06	-1.230745e-09	-3.399512e+01	-7.846977e+01
5.700000e-07	-4.771818e-06	-1.217155e-09	-3.384130e+01	-7.825575e+01
5.800000e-07	-4.749756e-06	-1.196033e-09	-3.368483e+01	-7.803526e+01
5.900000e-07	-4.727450e-06	-1.189702e-09	-3.352664e+01	-7.780903e+01
6.000000e-07	-4.704865e-06	-1.204399e-09	-3.336648e+01	-7.757786e+01
6.100000e-07	-4.681916e-06	-1.204228e-09	-3.320372e+01	-7.734250e+01
6.200000e-07	-4.658607e-06	-1.204172e-09	-3.303841e+01	-7.710375e+01
6.300000e-07	-4.634911e-06	-1.183712e-09	-3.287037e+01	-7.686234e+01
6.400000e-07	-4.610990e-06	-1.195518e-09	-3.270072e+01	-7.661903e+01
6.500000e-07	-4.586961e-06	-1.205929e-09	-3.253031e+01	-7.637452e+01
6.600000e-07	-4.562800e-06	-1.199935e-09	-3.235896e+01	-7.612949e+01
6.700000e-07	-4.538332e-06	-1.173930e-09	-3.218544e+01	-7.588459e+01
6.800000e-07	-4.513438e-06	-1.184605e-09	-3.200889e+01	-7.564040e+01
6.900000e-07	-4.487974e-06	-1.185916e-09	-3.182830e+01	-7.539747e+01
7.000000e-07	-4.461871e-06	-1.181286e-09	-3.164318e+01	-7.515630e+01
7.100000e-07	-4.435154e-06	-1.163497e-09	-3.145370e+01	-7.491731e+01
7.200000e-07	-4.407986e-06	-1.167208e-09	-3.126103e+01	-7.468087e+01
7.300000e-07	-4.380492e-06	-1.175797e-09	-3.106605e+01	-7.444728e+01
7.400000e-07	-4.352731e-06	-1.185451e-09	-3.086917e+01	-7.421680e+01
7.500000e-07	-4.324871e-06	-1.166832e-09	-3.067159e+01	-7.398959e+01
7.600000e-07	-4.296920e-06	-1.157390e-09	-3.047336e+01	-7.376577e+01
7.700000e-07	-4.268816e-06	-1.161694e-09	-3.027405e+01	-7.354537e+01
7.800000e-07	-4.240427e-06	-1.166184e-09	-3.007272e+01	-7.332838e+01
7.900000e-07	-4.211629e-06	-1.151914e-09	-2.986849e+01	-7.311471e+01
8.000000e-07	-4.182510e-06	-1.142850e-09	-2.966198e+01	-7.290423e+01
8.100000e-07	-4.153072e-06	-1.143403e-09	-2.945320e+01	-7.269673e+01
8.200000e-07	-4.123287e-06	-1.145368e-09	-2.924197e+01	-7.249196e+01
8.300000e-07	-4.093311e-06	-1.142071e-09	-2.902938e+01	-7.228964e+01
8.400000e-07	-4.063127e-06	-1.130063e-09	-2.881533e+01	-7.208941e+01
8.500000e-07	-4.032629e-06	-1.129506e-09	-2.859903e+01	-7.189091e+01
8.600000e-07	-4.001811e-06	-1.136529e-09	-2.838048e+01	-7.169372e+01
8.700000e-07	-3.970689e-06	-1.141130e-09	-2.815976e+01	-7.149741e+01
8.800000e-07	-3.939379e-06	-1.128980e-09	-2.793771e+01	-7.130153e+01
8.900000e-07	-3.907849e-06	-1.120078e-09	-2.771411e+01	-7.110560e+01
9.000000e-07	-3.876111e-06	-1.113686e-09	-2.748903e+01	-7.090914e+01
9.100000e-07	-3.844282e-06	-1.110456e-09	-2.726330e+01	-7.071169e+01
9.200000e-07	-3.812282e-06	-1.097040e-09	-2.703636e+01	-7.051276e+01
9.300000e-07	-3.780033e-06	-1.094506e-09	-2.680765e+01	-7.031188e+01
9.400000e-07	-3.747491e-06	-1.102486e-09	-2.657686e+01	-7.010862e+01
9.500000e-07	-3.714614e-06	-1.117472e-09	-2.634370e+01	-6.990253e+01
9.600000e-07	-3.681296e-06	-1.115242e-09	-2.610742e+01	-6.969322e+01
9.700000e-07	-3.647461e-06	-1.106428e-09	-2.586746e+01	-6.948031e+01
9.800000e-07	-3.613252e-06	-1.090641e-09	-2.562486e+01	-6.926346e+01
9.900000e-07	-3.578675e-06	-1.082132e-09	-2.537964e+01	-6.904237e+01
1.000000e-06	-3.543653e-06	-1.069413e-09	-2.513127e+01	-6.881676e+01
1.010000e-06	-3.508307e-06	-1.064117e-09	-2.488059e+01	-6.858643e+01
1.020000e-06	-3.472754e-06	-1.064244e-09	-2.462846e+01	-6.835119e+01
1.030000e-06	-3.437035e-06	-1.073866e-09	-2.437514e+01	-6.811091e+01
1.040000e-06	-3.401154e-06	-1.077706e-09	-2.412068e+01	-6.786550e+01
1.050000e-06	-3.365188e-06	-1.074061e-09	-2.386561e+01	-6.761492e+01
1.060000e-06	-3.329130e-06	-1.063152e-09	-2.360989e+01	-6.735917e+01
1.070000e-06	-3.292869e-06	-1.051910e-09	-2.335273e+01	-6.709831e+01
1.080000e-06	-3.256361e-06	-1.038089e-09	-2.309381e+01	-6.683241e+01
1.090000e-06	-3.219576e-06	-1.027415e-09	-2.283294e+01	-6.656160e+01
1.100000e-06	-3.182467e-06	-1.021890e-09	-2.256976e+01	-6.628606e+01
1.110000e-06	-3.145124e-06	-1.022498e-09	-2.230493e+01	-6.600598e+01
1.120000e-06	-3.107611e-06	-1.024721e-09	-2.203889e+01	-6.572158e+01
1.130000e-06	-3.069931e-06	-1.023551e-09	-2.177167e+01	-6.543313e+01
1.140000e-06	-3.031951e-06	-1.022024e-09	-2.150232e+01	-6.514089e+01
1.150000e-06	-2.993749e-06	-1.018270e-09	-2.123140e+01	-6.484517e+01
1.160000e-06	-2.955478e-06	-1.012504e-09	-2.095998e+01	-6.454627e+01
1.170000e-06	-2.917056e-06	-1.002357e-09	-2.068750e+01	-6.424450e+01
1.180000e-06	-2.878459e-06	-9.933820e-10	-2.041377e+01	-6.394018e+01
1.190000e-06	-2.839591e-06	-9.854010e-10	-2.013812e+01	-6.363363e+01
1.200000e-06	-2.800421e-06	-9.851477e-10	-1.986033e+01	-6.332516e+01
1.210000e-06	-2.761031e-06	-9.851636e-10	-1.958098e+01	-6.301507e+01
1.220000e-06	-2.721503e-06	-9.851881e-10	-1.930065e+01	-6.270365e+01
1.230000e-06	-2.681769e-06	-9.819316e-10	-1.901886e+01	-6.239115e+01
1.240000e-06	-2.641943e-06	-9.795243e-10	-1.873642e+01	-6.207782e+01
1.250000e-06	-2.602150e-06	-9.741958e-10	-1.845421e+01	-6.176388e+01
1.260000e-06	-2.562266e-06	-9.694417e-10	-1.817135e+01	-6.144952e+01
1.270000e-06	-2.522269e-06	-9.583792e-10	-1.788770e+01	-6.113488e+01
1.280000e-06	-2.482170e-06	-9.517707e-10	-1.760333e+01	-6.082008e+01
1.290000e-06	-2.441873e-06	-9.489083e-10	-1.731754e+01	-6.050520e+01
1.300000e-06	-2.401360e-06	-9.472186e-10	-1.703022e+01	-6.019029e+01
1.310000e-06	-2.360692e-06	-9.396792e-10	-1.674181e+01	-5.987534e+01
1.320000e-06	-2.319741e-06	-9.363422e-10	-1.645139e+01	-5.956031e+01
1.330000e-06	-2.278560e-06	-9.371401e-10	-1.615934e+01	-5.924513e+01
1.340000e-06	-2.237243e-06	-9.377986e-10	-1.586632e+01	-5.892967e+01
1.350000e-06	-2.195578e-06	-9.334461e-10	-1.557084e+01	-5.861377e+01
1.360000e-06	-2.153447e-06	-9.261545e-10	-1.527205e+01	-5.829723e+01
1.370000e-06	-2.111040e-06	-9.183965e-10	-1.497130e+01	-5.797982e+01
1.380000e-06	-2.068382e-06	-9.110255e-10	-1.466878e+01	-5.766126e+01
1.390000e-06	-2.025418e-06	-9.017812e-10	-1.436408e+01	-5.734124e+01
1.400000e-06	-1.982304e-06	-8.913959e-10	-1.405832e+01	-5.701943e+01
1.410000e-06	-1.939059e-06	-8.840718e-10	-1.375163e+01	-5.669546e+01
1.420000e-06	-1.895670e-06	-8.841784e-10	-1.344392e+01	-5.636894e+01
1.430000e-06	-1.852168e-06	-8.871181e-10	-1.313541e+01	-5.603945e+01
1.440000e-06	-1.808526e-06	-8.858120e-10	-1.282590e+01	-5.570656e+01
1.450000e-06	-1.764773e-06	-8.800740e-10	-1.251561e+01	-5.536982e+01
1.460000e-06	-1.720986e-06	-8.720493e-10	-1.220507e+01	-5.502876e+01
1.470000e-06	-1.677162e-06	-8.646967e-10	-1.189428e+01	-5.468291e+01
1.480000e-06	-1.633269e-06	-8.554585e-10	-1.158300e+01	-5.433179e+01
1.490000e-06	-1.589299e-06	-8.485679e-10	-1.127116e+01	-5.397489e+01
1.500000e-06	-1.545295e-06	-8.432817e-10	-1.095909e+01	-5.361175e+01
1.510000e-06	-1.501176e-06	-8.428472e-10	-1.064620e+01	-5.324185e+01
1.520000e-06	-1.456936e-06	-8.411641e-10	-1.033246e+01	-5.286472e+01
1.530000e-06	-1.412616e-06	-8.342208e-10	-1.001814e+01	-5.247987e+01
1.540000e-06	-1.368304e-06	-8.221396e-10	-9.703886e+00	-5.208682e+01
1.550000e-06	-1.323979e-06	-8.105236e-10	-9.389538e+00	-5.168510e+01
1.560000e-06	-1.279487e-06	-8.005965e-10	-9.074006e+00	-5.127424e+01
1.570000e-06	-1.234814e-06	-7.936172e-10	-8.757191e+00	-5.085378e+01
1.580000e-06	-1.190110e-06	-7.864461e-10	-8.440149e+00	-5.042327e+01
1.590000e-06	-1.145363e-06	-7.819593e-10	-8.122810e+00	-4.998228e+01
1.600000e-06	-1.100440e-06	-7.783631e-10	-7.804218e+00	-4.953036e+01
1.610000e-06	-1.055456e-06	-7.722577e-10	-7.485199e+00	-4.906710e+01
1.620000e-06	-1.010358e-06	-7.603291e-10	-7.165366e+00	-4.859207e+01
1.630000e-06	-9.651318e-07	-7.478309e-10	-6.844627e+00	-4.810485e+01
1.640000e-06	-9.198751e-07	-7.376423e-10	-6.523670e+00	-4.760504e+01
1.650000e-06	-8.745929e-07	-7.293549e-10	-6.202533e+00	-4.709222e+01
1.660000e-06	-8.291669e-07	-7.210070e-10	-5.880376e+00	-4.656597e+01
1.670000e-06	-7.836488e-07	-7.163095e-10	-5.557566e+00	-4.602589e+01
1.680000e-06	-7.381529e-07	-7.132161e-10	-5.234913e+00	-4.547155e+01
1.690000e-06	-6.925561e-07	-7.046195e-10	-4.911545e+00	-4.490253e+01
1.700000e-06	-6.468698e-07	-6.902781e-10	-4.587542e+00	-4.431839e+01
1.710000e-06	-6.011554e-07	-6.768791e-10	-4.263339e+00	-4.371869e+01
1.720000e-06	-5.554640e-07	-6.676116e-10	-3.939300e+00	-4.310297e+01
1.730000e-06	-5.097178e-07	-6.608423e-10	-3.614872e+00	-4.247076e+01
1.740000e-06	-4.638866e-07	-6.513485e-10	-3.289842e+00	-4.182159e+01
1.750000e-06	-4.180463e-07	-6.397284e-10	-2.964746e+00	-4.115493e+01
1.760000e-06	-3.722698e-07	-6.301806e-10	-2.640103e+00	-4.047028e+01
1.770000e-06	-3.265141e-07	-6.191191e-10	-2.315608e+00	-3.976711e+01
1.780000e-06	-2.806100e-07	-6.043038e-10	-1.990061e+00	-3.904486e+01
1.790000e-06	-2.346828e-07	-5.886257e-10	-1.664349e+00	-3.830295e+01
1.800000e-06	-1.887552e-07	-5.770756e-10	-1.338634e+00	-3.754082e+01
1.810000e-06	-1.428339e-07	-5.667794e-10	-1.012965e+00	-3.675786e+01
1.820000e-06	-9.698790e-08	-5.558618e-10	-6.878293e-01	-3.595346e+01
1.830000e-06	-5.112672e-08	-5.434508e-10	-3.625860e-01	-3.512701e+01
1.840000e-06	-5.201118e-09	-5.325557e-10	-3.688585e-02	-3.427787e+01
1.850000e-06	4.064912e-08	-5.219332e-10	2.882799e-01	-3.340541e+01
1.860000e-06	8.650516e-08	-5.092607e-10	6.134867e-01	-3.250902e+01
1.870000e-06	1.325058e-07	-4.945896e-10	9.397193e-01	-3.158806e+01
1.880000e-06	1.784523e-07	-4.826061e-10	1.265568e+00	-3.064193e+01
1.890000e-06	2.243192e-07	-4.709519e-10	1.590851e+00	-2.967002e+01
1.900000e-06	2.701417e-07	-4.548200e-10	1.915820e+00	-2.867176e+01
1.910000e-06	3.158930e-07	-4.331063e-10	2.240285e+00	-2.764659e+01
1.920000e-06	3.616553e-07	-4.129416e-10	2.564826e+00	-2.659401e+01
1.930000e-06	4.073824e-07	-3.946753e-10	2.889119e+00	-2.551351e+01
1.940000e-06	4.530232e-07	-3.748284e-10	3.212799e+00	-2.440468e+01
1.950000e-06	4.987000e-07	-3.537544e-10	3.536735e+00	-2.326714e+01
1.960000e-06	5.443964e-07	-3.369956e-10	3.860809e+00	-2.210055e+01
1.970000e-06	5.900172e-07	-3.226305e-10	4.184348e+00	-2.090465e+01
1.980000e-06	6.355930e-07	-3.034057e-10	4.507567e+00	-1.967927e+01
1.990000e-06	6.812275e-07	-2.798353e-10	4.831203e+00	-1.842429e+01
2.000000e-06	7.268078e-07	-2.571527e-10	5.154454e+00	-1.713967e+01
2.010000e-06	7.722236e-07	-2.362241e-10	5.476539e+00	-1.582550e+01
2.020000e-06	8.175573e-07	-2.157841e-10	5.798042e+00	-1.448191e+01
2.030000e-06	8.628984e-07	-1.946871e-10	6.119597e+00	-1.310917e+01
2.040000e-06	9.082374e-07	-1.732764e-10	6.441136e+00	-1.170763e+01
2.050000e-06	9.534558e-07	-1.526239e-10	6.761822e+00	-1.027775e+01
2.060000e-06	9.985922e-07	-1.311271e-10	7.081924e+00	-8.820114e+00
2.070000e-06	1.043700e-06	-1.052420e-10	7.401823e+00	-7.335392e+00
2.080000e-06	1.088639e-06	-7.530922e-11	7.720527e+00	-5.824383e+00
2.090000e-06	1.133381e-06	-4.914589e-11	8.037836e+00	-4.287994e+00
2.100000e-06	1.178009e-06	-2.916183e-11	8.354335e+00	-2.727247e+00
2.110000e-06	1.222706e-06	-8.068847e-12	8.671319e+00	-1.143272e+00
2.120000e-06	1.267285e-06	1.844187e-11	8.987471e+00	4.626904e-01
2.130000e-06	1.311688e-06	4.412775e-11	9.302373e+00	2.089291e+00
2.140000e-06	1.356098e-06	6.578423e-11	9.617323e+00	3.735080e+00
2.150000e-06	1.400404e-06	8.888972e-11	9.931536e+00	5.398506e+00
2.160000e-06	1.444671e-06	1.174006e-10	1.024547e+01	7.077929e+00
2.170000e-06	1.488913e-06	1.462679e-10	1.055924e+01	8.771616e+00
2.180000e-06	1.533067e-06	1.710715e-10	1.087237e+01	1.047776e+01
2.190000e-06	1.577101e-06	1.939385e-10	1.118465e+01	1.219447e+01
2.200000e-06	1.621080e-06	2.206543e-10	1.149655e+01	1.391980e+01
2.210000e-06	1.665008e-06	2.493044e-10	1.180808e+01	1.565175e+01
2.220000e-06	1.708851e-06	2.759580e-10	1.211901e+01	1.738826e+01
2.230000e-06	1.752589e-06	3.011078e-10	1.242920e+01	1.912724e+01
2.240000e-06	1.796285e-06	3.301643e-10	1.273909e+01	2.086657e+01
2.250000e-06	1.839964e-06	3.604081e-10	1.304886e+01	2.260413e+01
2.260000e-06	1.883516e-06	3.872996e-10	1.335773e+01	2.433776e+01
2.270000e-06	1.926934e-06	4.109975e-10	1.366564e+01	2.606532e+01
2.280000e-06	1.970220e-06	4.353670e-10	1.397262e+01	2.778470e+01
2.290000e-06	2.013377e-06	4.631660e-10	1.427868e+01	2.949379e+01
2.300000e-06	2.056264e-06	4.894161e-10	1.458284e+01	3.119052e+01
2.310000e-06	2.098967e-06	5.108225e-10	1.488568e+01	3.287288e+01
2.320000e-06	2.141576e-06	5.348854e-10	1.518786e+01	3.453890e+01
2.330000e-06	2.183930e-06	5.639123e-10	1.548823e+01	3.618668e+01
2.340000e-06	2.225943e-06	5.923010e-10	1.578618e+01	3.781438e+01
2.350000e-06	2.267625e-06	6.174602e-10	1.608179e+01	3.942026e+01
2.360000e-06	2.309126e-06	6.403962e-10	1.637611e+01	4.100266e+01
2.370000e-06	2.350379e-06	6.646721e-10	1.666867e+01	4.256002e+01
2.380000e-06	2.391260e-06	6.889724e-10	1.695860e+01	4.409088e+01
2.390000e-06	2.431908e-06	7.112337e-10	1.724687e+01	4.559388e+01
2.400000e-06	2.472318e-06	7.309177e-10	1.753345e+01	4.706777e+01
2.410000e-06	2.512485e-06	7.509221e-10	1.781831e+01	4.851144e+01
2.420000e-06	2.552516e-06	7.749904e-10	1.810221e+01	4.992387e+01
2.430000e-06	2.592496e-06	8.009086e-10	1.838574e+01	5.130417e+01
2.440000e-06	2.632416e-06	8.247160e-10	1.866885e+01	5.265158e+01
2.450000e-06	2.672173e-06	8.425688e-10	1.895080e+01	5.396546e+01
2.460000e-06	2.711763e-06	8.586301e-10	1.923157e+01	5.524528e+01
2.470000e-06	2.751235e-06	8.726625e-10	1.951151e+01	5.649063e+01
2.480000e-06	2.790484e-06	8.849813e-10	1.978986e+01	5.770123e+01
2.490000e-06	2.829531e-06	8.979075e-10	2.006678e+01	5.887690e+01
2.500000e-06	2.868507e-06	9.172891e-10	2.034319e+01	6.001758e+01
2.510000e-06	2.907199e-06	9.449636e-10	2.061759e+01	6.112332e+01
2.520000e-06	2.945651e-06	9.733542e-10	2.089029e+01	6.219424e+01
2.530000e-06	2.983953e-06	9.982979e-10	2.116192e+01	6.323060e+01
2.540000e-06	3.022048e-06	1.015797e-09	2.143209e+01	6.423270e+01
2.550000e-06	3.059911e-06	1.024918e-09	2.170061e+01	6.520096e+01
2.560000e-06	3.097518e-06	1.028885e-09	2.196731e+01	6.613586e+01
2.570000e-06	3.135041e-06	1.033677e-09	2.223343e+01	6.703793e+01
2.580000e-06	3.172360e-06	1.043307e-09	2.249809e+01	6.790780e+01
2.590000e-06	3.209348e-06	1.061143e-09	2.276040e+01	6.874610e+01
2.600000e-06	3.246135e-06	1.086242e-09	2.302129e+01	6.955354e+01
2.610000e-06	3.282776e-06	1.109610e-09	2.328115e+01	7.033087e+01
2.620000e-06	3.319211e-06	1.124543e-09	2.353954e+01	7.107884e+01
2.630000e-06	3.355443e-06	1.132264e-09	2.379650e+01	7.179824e+01
2.640000e-06	3.391522e-06	1.134136e-09	2.405236e+01	7.248988e+01
2.650000e-06	3.427408e-06	1.134753e-09	2.430686e+01	7.315457e+01
2.660000e-06	3.463148e-06	1.136923e-09	2.456033e+01	7.379311e+01
2.670000e-06	3.498795e-06	1.143143e-09	2.481314e+01	7.440633e+01
2.680000e-06	3.534193e-06	1.151909e-09	2.506417e+01	7.499501e+01
2.690000e-06	3.569227e-06	1.163208e-09	2.531263e+01	7.555994e+01
2.700000e-06	3.603824e-06	1.176337e-09	2.555799e+01	7.610189e+01
2.710000e-06	3.637923e-06	1.189933e-09	2.579981e+01	7.662160e+01
2.720000e-06	3.671649e-06	1.199224e-09	2.603900e+01	7.711980e+01
2.730000e-06	3.705068e-06	1.204327e-09	2.627601e+01	7.759716e+01
2.740000e-06	3.738131e-06	1.206142e-09	2.651049e+01	7.805437e+01
2.750000e-06	3.770763e-06	1.207773e-09	2.674191e+01	7.849203e+01
2.760000e-06	3.803025e-06	1.210879e-09	2.697071e+01	7.891077e+01
2.770000e-06	3.835128e-06	1.213549e-09	2.719837e+01	7.931114e+01
2.780000e-06	3.867102e-06	1.218634e-09	2.742513e+01	7.969368e+01
2.790000e-06	3.898895e-06	1.226245e-09	2.765061e+01	8.005891e+01
2.800000e-06	3.930545e-06	1.232878e-09	2.787507e+01	8.040729e+01
2.810000e-06	3.961964e-06	1.236400e-09	2.809788e+01	8.073929e+01
2.820000e-06	3.992993e-06	1.239002e-09	2.831794e+01	8.105533e+01
2.830000e-06	4.023724e-06	1.241542e-09	2.853589e+01	8.135582e+01
2.840000e-06	4.054247e-06	1.244753e-09	2.875235e+01	8.164114e+01
2.850000e-06	4.084465e-06	1.249709e-09	2.896665e+01	8.191167e+01
2.860000e-06	4.114361e-06	1.253528e-09	2.917867e+01	8.216777e+01
2.870000e-06	4.144047e-06	1.255537e-09	2.938920e+01	8.240978e+01
2.880000e-06	4.173490e-06	1.256925e-09	2.959801e+01	8.263804e+01
2.890000e-06	4.202559e-06	1.256736e-09	2.980416e+01	8.285291e+01
2.900000e-06	4.231316e-06	1.258226e-09	3.000811e+01	8.305471e+01
2.910000e-06	4.259868e-06	1.261920e-09	3.021060e+01	8.324379e+01
2.920000e-06	4.288179e-06	1.265521e-09	3.041138e+01	8.342049e+01
2.930000e-06	4.316239e-06	1.267250e-09	3.061037e+01	8.358518e+01
2.940000e-06	4.344107e-06	1.268639e-09	3.080801e+01	8.373822e+01
2.950000e-06	4.371819e-06	1.270676e-09	3.100454e+01	8.387998e+01
2.960000e-06	4.399335e-06	1.274759e-09	3.119968e+01	8.401086e+01
2.970000e-06	4.426492e-06	1.276349e-09	3.139228e+01	8.413126e+01
2.980000e-06	4.453257e-06	1.274560e-09	3.158209e+01	8.424160e+01
2.990000e-06	4.479621e-06	1.274794e-09	3.176906e+01	8.434232e+01
3.000000e-06	4.505390e-06	1.276737e-09	3.195182e+01	8.443387e+01
3.010000e-06	4.530613e-06	1.279200e-09	3.213069e+01	8.451671e+01
3.020000e-06	4.555393e-06	1.282745e-09	3.230643e+01	8.459132e+01
3.030000e-06	4.579691e-06	1.286749e-09	3.247875e+01	8.465819e+01
3.040000e-06	4.603721e-06	1.291280e-09	3.264917e+01	8.471780e+01
3.050000e-06	4.627600e-06	1.294210e-09	3.281852e+01	8.477068e+01
3.060000e-06	4.651210e-06	1.292800e-09	3.298595e+01	8.481731e+01
3.070000e-06	4.674486e-06	1.289378e-09	3.315103e+01	8.485822e+01
3.080000e-06	4.697476e-06	1.287982e-09	3.331407e+01	8.489390e+01
3.090000e-06	4.720137e-06	1.289416e-09	3.347478e+01	8.492486e+01
3.100000e-06	4.742443e-06	1.290756e-09	3.363297e+01	8.495158e+01
3.110000e-06	4.764461e-06	1.291352e-09	3.378912e+01	8.497454e+01
3.120000e-06	4.786216e-06	1.293194e-09	3.394341e+01	8.499419e+01
3.130000e-06	4.807657e-06	1.296803e-09	3.409546e+01	8.501098e+01
3.140000e-06	4.828784e-06	1.298582e-09	3.424529e+01	8.502530e+01
3.150000e-06	4.849605e-06	1.296673e-09	3.439295e+01	8.503755e+01
3.160000e-06	4.870122e-06	1.293559e-09	3.453846e+01	8.504806e+01
3.170000e-06	4.890330e-06	1.293170e-09	3.468177e+01	8.505716e+01
3.180000e-06	4.910257e-06	1.294274e-09	3.482310e+01	8.506511e+01
3.190000e-06	4.930052e-06	1.292758e-09	3.496348e+01	8.507215e+01
3.200000e-06	4.949657e-06	1.291383e-09	3.510251e+01	8.507845e+01
3.210000e-06	4.968926e-06	1.292775e-09	3.523917e+01	8.508417e+01
3.220000e-06	4.987720e-06	1.295186e-09	3.537245e+01	8.508940e+01
3.230000e-06	5.005976e-06	1.297288e-09	3.550192e+01	8.509418e+01
3.240000e-06	5.023783e-06	1.296631e-09	3.562821e+01	8.509852e+01
3.250000e-06	5.041355e-06	1.295783e-09	3.575283e+01	8.510236e+01
3.260000e-06	5.058610e-06	1.295703e-09	3.587520e+01	8.510560e+01
3.270000e-06	5.075578e-06	1.292175e-09	3.599554e+01	8.510811e+01
3.280000e-06	5.092337e-06	1.288034e-09	3.611439e+01	8.510969e+01
3.290000e-06	5.108636e-06	1.287429e-09	3.622998e+01	8.511013e+01
3.300000e-06	5.124566e-06	1.289275e-09	3.634296e+01	8.510916e+01
3.310000e-06	5.139961e-06	1.289813e-09	3.645213e+01	8.510647e+01
3.320000e-06	5.154782e-06	1.288625e-09	3.655724e+01	8.510174e+01
3.330000e-06	5.169215e-06	1.288933e-09	3.665960e+01	8.509461e+01
3.340000e-06	5.183219e-06	1.291402e-09	3.675892e+01	8.508471e+01
3.350000e-06	5.196874e-06	1.290516e-09	3.685576e+01	8.507165e+01
3.360000e-06	5.210093e-06	1.284821e-09	3.694950e+01	8.505502e+01
3.370000e-06	5.222952e-06	1.279196e-09	3.704070e+01	8.503442e+01
3.380000e-06	5.235528e-06	1.279196e-09	3.712989e+01	8.500944e+01
3.390000e-06	5.247745e-06	1.283839e-09	3.721653e+01	8.497969e+01
3.400000e-06	5.259630e-06	1.285577e-09	3.730082e+01	8.494479e+01
3.410000e-06	5.271114e-06	1.282351e-09	3.738226e+01	8.490438e+01
3.420000e-06	5.282083e-06	1.278833e-09	3.746005e+01	8.485812e+01
3.430000e-06	5.292395e-06	1.276855e-09	3.753318e+01	8.480570e+01
3.440000e-06	5.302105e-06	1.273105e-09	3.760205e+01	8.474687e+01
3.450000e-06	5.311337e-06	1.268388e-09	3.766752e+01	8.468139e+01
3.460000e-06	5.320051e-06	1.266970e-09	3.772932e+01	8.460910e+01
3.470000e-06	5.328330e-06	1.270369e-09	3.778803e+01	8.452987e+01
3.480000e-06	5.336343e-06	1.275589e-09	3.784486e+01	8.444362e+01
3.490000e-06	5.344114e-06	1.278139e-09	3.789996e+01	8.435036e+01
3.500000e-06	5.351616e-06	1.278172e-09	3.795317e+01	8.425012e+01
3.510000e-06	5.358726e-06	1.276818e-09	3.800360e+01	8.414303e+01
3.520000e-06	5.365450e-06	1.275260e-09	3.805128e+01	8.402926e+01
3.530000e-06	5.371821e-06	1.271010e-09	3.809647e+01	8.390906e+01
3.540000e-06	5.377739e-06	1.267532e-09	3.813843e+01	8.378274e+01
3.550000e-06	5.383322e-06	1.265408e-09	3.817803e+01	8.365066e+01
3.560000e-06	5.388581e-06	1.265113e-09	3.821532e+01	8.351327e+01
3.570000e-06	5.393381e-06	1.267556e-09	3.824937e+01	8.337105e+01
3.580000e-06	5.397852e-06	1.266650e-09	3.828107e+01	8.322456e+01
3.590000e-06	5.402119e-06	1.266103e-09	3.831133e+01	8.307441e+01
3.600000e-06	5.406159e-06	1.265233e-09	3.833998e+01	8.292123e+01
3.610000e-06	5.409990e-06	1.264056e-09	3.836715e+01	8.276574e+01
3.620000e-06	5.413449e-06	1.260327e-09	3.839169e+01	8.260865e+01
3.630000e-06	5.416393e-06	1.256640e-09	3.841256e+01	8.245073e+01
3.640000e-06	5.418837e-06	1.258253e-09	3.842990e+01	8.229277e+01
3.650000e-06	5.420723e-06	1.263610e-09	3.844327e+01	8.213556e+01
3.660000e-06	5.422013e-06	1.267430e-09	3.845242e+01	8.197993e+01
3.670000e-06	5.422736e-06	1.268306e-09	3.845755e+01	8.182669e+01
3.680000e-06	5.423045e-06	1.269237e-09	3.845974e+01	8.167664e+01
3.690000e-06	5.423082e-06	1.268146e-09	3.846000e+01	8.153058e+01
3.700000e-06	5.422932e-06	1.263213e-09	3.845894e+01	8.138927e+01
3.710000e-06	5.422551e-06	1.258132e-09	3.845623e+01	8.125347e+01
3.720000e-06	5.421760e-06	1.253226e-09	3.845062e+01	8.112387e+01
3.730000e-06	5.420534e-06	1.249975e-09	3.844193e+01	8.100113e+01
3.740000e-06	5.418899e-06	1.248399e-09	3.843034e+01	8.088586e+01
3.750000e-06	5.416947e-06	1.245148e-09	3.841650e+01	8.077860e+01
3.760000e-06	5.414750e-06	1.227741e-09	3.840091e+01	8.067985e+01
3.770000e-06	5.412226e-06	1.207213e-09	3.838301e+01	8.058999e+01
3.780000e-06	5.409281e-06	1.239267e-09	3.836213e+01	8.050939e+01
3.790000e-06	5.405901e-06	1.248985e-09	3.833816e+01	8.043828e+01
3.800000e-06	5.402105e-06	1.149964e-09	3.831124e+01	8.037684e+01
3.810000e-06	5.397991e-06	1.113228e-09	3.828206e+01	8.032515e+01
3.820000e-06	5.393758e-06	1.245031e-09	3.825204e+01	8.028322e+01
3.830000e-06	5.389358e-06	1.258567e-09	3.822083e+01	8.025094e+01
3.840000e-06	5.384438e-06	1.149672e-09	3.818594e+01	8.022815e+01
3.850000e-06	5.378902e-06	1.079336e-09	3.814668e+01	8.021456e+01
3.860000e-06	5.372859e-06	1.261726e-09	3.810382e+01	8.020981e+01
3.870000e-06	5.366302e-06	1.326045e-09	3.805732e+01	8.021348e+01
3.880000e-06	5.359229e-06	1.106472e-09	3.800717e+01	8.022502e+01
3.890000e-06	5.351721e-06	1.063805e-09	3.795391e+01	8.024384e+01
3.900000e-06	5.343814e-06	1.250332e-09	3.789784e+01	8.026927e+01
3.910000e-06	5.335579e-06	1.307333e-09	3.783944e+01	8.030055e+01
3.920000e-06	5.327083e-06	1.041352e-09	3.777919e+01	8.033689e+01
3.930000e-06	5.318294e-06	1.075980e-09	3.771686e+01	8.037742e+01
3.940000e-06	5.309096e-06	1.295139e-09	3.765162e+01	8.042125e+01
3.950000e-06	5.299578e-06	1.278168e-09	3.758412e+01	8.046743e+01
3.960000e-06	5.289752e-06	1.034982e-09	3.751444e+01	8.051498e+01
3.970000e-06	5.279501e-06	1.146723e-09	3.744174e+01	8.056291e+01
3.980000e-06	5.268820e-06	1.337356e-09	3.736599e+01	8.061021e+01
3.990000e-06	5.257799e-06	1.219857e-09	3.728783e+01	8.065586e+01
4.000000e-06	5.246414e-06	1.088661e-09	3.720709e+01	8.069885e+01
4.010000e-06	5.234596e-06	1.266531e-09	3.712328e+01	8.073819e+01
4.020000e-06	5.222420e-06	1.353129e-09	3.703693e+01	8.077290e+01
4.030000e-06	5.209897e-06	1.158759e-09	3.694812e+01	8.080204e+01
4.040000e-06	5.196935e-06	1.152417e-09	3.685618e+01	8.082471e+01
4.050000e-06	5.183436e-06	1.303562e-09	3.676045e+01	8.084003e+01
4.060000e-06	5.169308e-06	1.256316e-09	3.666026e+01	8.084723e+01
4.070000e-06	5.154439e-06	1.146779e-09	3.655481e+01	8.084554e+01
4.080000e-06	5.138993e-06	1.259246e-09	3.644527e+01	8.083429e+01
4.090000e-06	5.123182e-06	1.283609e-09	3.633314e+01	8.081288e+01
4.100000e-06	5.107112e-06	1.185752e-09	3.621917e+01	8.078078e+01
4.110000e-06	5.090853e-06	1.203463e-09	3.610386e+01	8.073754e+01
4.120000e-06	5.074363e-06	1.265410e-09	3.598692e+01	8.068281e+01
4.130000e-06	5.057529e-06	1.156659e-09	3.586753e+01	8.061630e+01
4.140000e-06	5.040270e-06	1.154459e-09	3.574513e+01	8.053783e+01
4.150000e-06	5.022611e-06	1.233343e-09	3.561990e+01	8.044730e+01
4.160000e-06	5.004708e-06	1.222662e-09	3.549293e+01	8.034470e+01
4.170000e-06	4.986510e-06	1.159072e-09	3.536388e+01	8.023011e+01
4.180000e-06	4.967913e-06	1.222275e-09	3.523198e+01	8.010368e+01
4.190000e-06	4.948890e-06	1.225146e-09	3.509708e+01	7.996565e+01
4.200000e-06	4.929463e-06	1.182412e-09	3.495930e+01	7.981635e+01
4.210000e-06	4.909735e-06	1.167313e-09	3.481939e+01	7.965618e+01
4.220000e-06	4.889806e-06	1.168629e-09	3.467806e+01	7.948558e+01
4.230000e-06	4.869752e-06	1.155465e-09	3.453584e+01	7.930509e+01
4.240000e-06	4.849511e-06	1.184207e-09	3.439229e+01	7.911530e+01
4.250000e-06	4.828995e-06	1.178890e-09	3.424679e+01	7.891683e+01
4.260000e-06	4.808119e-06	1.163155e-09	3.409874e+01	7.871037e+01
4.270000e-06	4.786752e-06	1.187448e-09	3.394721e+01	7.849662e+01
4.280000e-06	4.764678e-06	1.187679e-09	3.379066e+01	7.827632e+01
4.290000e-06	4.741950e-06	1.154074e-09	3.362947e+01	7.805023e+01
4.300000e-06	4.718761e-06	1.148376e-09	3.346502e+01	7.781912e+01
4.310000e-06	4.695130e-06	1.149532e-09	3.329743e+01	7.758378e+01
4.320000e-06	4.671256e-06	1.138274e-09	3.312812e+01	7.734496e+01
4.330000e-06	4.647249e-06	1.149454e-09	3.295786e+01	7.710344e+01
4.340000e-06	4.623011e-06	1.134206e-09	3.278597e+01	7.685994e+01
4.350000e-06	4.598543e-06	1.117465e-09	3.261245e+01	7.661520e+01
4.360000e-06	4.573819e-06	1.135013e-09	3.243711e+01	7.636988e+01
4.370000e-06	4.548708e-06	1.145766e-09	3.225902e+01	7.612463e+01
4.380000e-06	4.523241e-06	1.108918e-09	3.207841e+01	7.588005e+01
4.390000e-06	4.497438e-06	1.108169e-09	3.189542e+01	7.563668e+01
4.400000e-06	4.471283e-06	1.118145e-09	3.170993e+01	7.539503e+01
4.410000e-06	4.444846e-06	1.114243e-09	3.152244e+01	7.515553e+01
4.420000e-06	4.418186e-06	1.100294e-09	3.133337e+01	7.491856e+01
4.430000e-06	4.391143e-06	1.098763e-09	3.114159e+01	7.468441e+01
4.440000e-06	4.363682e-06	1.096398e-09	3.094683e+01	7.445335e+01
4.450000e-06	4.336002e-06	1.107187e-09	3.075053e+01	7.422555e+01
4.460000e-06	4.308160e-06	1.095584e-09	3.055308e+01	7.400113e+01
4.470000e-06	4.280158e-06	1.083948e-09	3.035449e+01	7.378014e+01
4.480000e-06	4.252002e-06	1.084616e-09	3.015481e+01	7.356255e+01
4.490000e-06	4.223662e-06	1.097094e-09	2.995382e+01	7.334830e+01
4.500000e-06	4.195019e-06	1.090876e-09	2.975069e+01	7.313725e+01
4.510000e-06	4.165979e-06	1.087314e-09	2.954474e+01	7.292920e+01
4.520000e-06	4.136402e-06	1.080116e-09	2.933499e+01	7.272390e+01
4.530000e-06	4.106239e-06	1.078310e-09	2.912107e+01	7.252108e+01
4.540000e-06	4.075499e-06	1.077216e-09	2.890306e+01	7.232038e+01
4.550000e-06	4.044279e-06	1.070228e-09	2.868166e+01	7.212144e+01
4.560000e-06	4.012791e-06	1.059728e-09	2.845835e+01	7.192385e+01
4.570000e-06	3.981094e-06	1.064111e-09	2.823355e+01	7.172717e+01
4.580000e-06	3.949155e-06	1.073498e-09	2.800705e+01	7.153095e+01
4.590000e-06	3.917050e-06	1.072063e-09	2.777936e+01	7.133473e+01
4.600000e-06	3.884816e-06	1.063389e-09	2.755076e+01	7.113803e+01
4.610000e-06	3.852383e-06	1.056532e-09	2.732075e+01	7.094036e+01
4.620000e-06	3.819675e-06	1.056203e-09	2.708878e+01	7.074126e+01
4.630000e-06	3.786725e-06	1.047389e-09	2.685511e+01	7.054025e+01
4.640000e-06	3.753499e-06	1.035595e-09	2.661947e+01	7.033689e+01
4.650000e-06	3.720023e-06	1.031223e-09	2.638206e+01	7.013075e+01
4.660000e-06	3.686306e-06	1.037044e-09	2.614294e+01	6.992141e+01
4.670000e-06	3.652344e-06	1.035649e-09	2.590209e+01	6.970850e+01
4.680000e-06	3.618205e-06	1.031859e-09	2.565998e+01	6.949168e+01
4.690000e-06	3.583815e-06	1.027223e-09	2.541609e+01	6.927064e+01
4.700000e-06	3.549207e-06	1.029112e-09	2.517065e+01	6.904511e+01
4.710000e-06	3.514286e-06	1.023962e-09	2.492299e+01	6.881486e+01
4.720000e-06	3.478910e-06	1.017010e-09	2.467211e+01	6.857973e+01
4.730000e-06	3.443340e-06	1.007395e-09	2.441985e+01	6.833956e+01
4.740000e-06	3.407701e-06	1.004820e-09	2.416711e+01	6.809427e+01
4.750000e-06	3.371870e-06	1.001722e-09	2.391299e+01	6.784381e+01
4.760000e-06	3.335878e-06	1.000076e-09	2.365774e+01	6.758818e+01
4.770000e-06	3.299810e-06	9.937368e-10	2.340195e+01	6.732742e+01
4.780000e-06	3.263657e-06	9.909559e-10	2.314556e+01	6.706163e+01
4.790000e-06	3.227305e-06	9.886057e-10	2.288775e+01	6.679091e+01
4.800000e-06	3.190751e-06	9.866256e-10	2.262852e+01	6.651545e+01
4.810000e-06	3.153971e-06	9.795263e-10	2.236768e+01	6.623542e+01
4.820000e-06	3.116788e-06	9.734635e-10	2.210397e+01	6.595106e+01
4.830000e-06	3.079096e-06	9.682358e-10	2.183666e+01	6.566263e+01
4.840000e-06	3.041050e-06	9.649936e-10	2.156685e+01	6.537038e+01
4.850000e-06	3.002694e-06	9.608572e-10	2.129483e+01	6.507463e+01
4.860000e-06	2.963993e-06	9.570710e-10	2.102037e+01	6.477567e+01
4.870000e-06	2.924863e-06	9.554762e-10	2.074286e+01	6.447381e+01
4.880000e-06	2.885404e-06	9.536170e-10	2.046302e+01	6.416938e+01
4.890000e-06	2.845843e-06	9.472555e-10	2.018246e+01	6.386270e+01
4.900000e-06	2.806099e-06	9.379698e-10	1.990060e+01	6.355406e+01
4.910000e-06	2.766159e-06	9.327184e-10	1.961735e+01	6.324379e+01
4.920000e-06	2.726132e-06	9.304392e-10	1.933348e+01	6.293215e+01
4.930000e-06	2.685978e-06	9.283479e-10	1.904871e+01	6.261942e+01
4.940000e-06	2.645691e-06	9.259204e-10	1.876300e+01	6.230584e+01
4.950000e-06	2.605320e-06	9.263291e-10	1.847669e+01	6.199164e+01
4.960000e-06	2.564801e-06	9.233427e-10	1.818933e+01	6.167699e+01
4.970000e-06	2.524126e-06	9.199634e-10	1.790087e+01	6.136205e+01
4.980000e-06	2.483234e-06	9.148227e-10	1.761087e+01	6.104695e+01
4.990000e-06	2.442199e-06	9.113806e-10	1.731985e+01	6.073177e+01
5.000000e-06	2.401065e-06	9.065914e-10	1.702814e+01	6.041654e+01
5.010000e-06	2.359730e-06	9.020684e-10	1.673499e+01	6.010129e+01
5.020000e-06	2.318151e-06	8.931016e-10	1.644012e+01	5.978596e+01
5.030000e-06	2.276352e-06	8.853104e-10	1.614368e+01	5.947048e+01
5.040000e-06	2.234448e-06	8.803643e-10	1.584650e+01	5.915474e+01
5.050000e-06	2.192411e-06	8.789759e-10	1.554838e+01	5.883857e+01
5.060000e-06	2.150211e-06	8.773342e-10	1.524910e+01	5.852178e+01
5.070000e-06	2.107889e-06	8.765346e-10	1.494896e+01	5.820414e+01
5.080000e-06	2.065432e-06	8.726690e-10	1.464785e+01	5.788538e+01
5.090000e-06	2.022851e-06	8.679603e-10	1.434588e+01	5.756518e+01
5.100000e-06	1.980126e-06	8.632023e-10	1.404288e+01	5.724322e+01
5.110000e-06	1.937198e-06	8.558539e-10	1.373843e+01	5.691913e+01
5.120000e-06	1.894106e-06	8.467431e-10	1.343283e+01	5.659253e+01
5.130000e-06	1.850925e-06	8.408247e-10	1.312659e+01	5.626299e+01
5.140000e-06	1.807656e-06	8.384134e-10	1.281973e+01	5.593009e+01
5.150000e-06	1.764235e-06	8.382272e-10	1.251179e+01	5.559338e+01
5.160000e-06	1.720658e-06	8.360154e-10	1.220275e+01	5.525239e+01
5.170000e-06	1.676912e-06	8.319308e-10	1.189250e+01	5.490664e+01
5.180000e-06	1.633050e-06	8.297601e-10	1.158144e+01	5.455566e+01
5.190000e-06	1.589177e-06	8.245399e-10	1.127030e+01	5.419896e+01
5.200000e-06	1.545250e-06	8.195190e-10	1.095877e+01	5.383604e+01
5.210000e-06	1.501233e-06	8.106517e-10	1.064661e+01	5.346641e+01
5.220000e-06	1.457134e-06	8.002456e-10	1.033386e+01	5.308959e+01
5.230000e-06	1.413028e-06	7.939714e-10	1.002106e+01	5.270509e+01
5.240000e-06	1.368933e-06	7.875944e-10	9.708346e+00	5.231243e+01
5.250000e-06	1.324755e-06	7.831170e-10	9.395039e+00	5.191114e+01
5.260000e-06	1.280524e-06	7.796907e-10	9.081357e+00	5.150074e+01
5.270000e-06	1.236273e-06	7.763222e-10	8.767536e+00	5.108079e+01
5.280000e-06	1.191936e-06	7.711709e-10	8.453103e+00	5.065082e+01
5.290000e-06	1.147598e-06	7.603175e-10	8.138657e+00	5.021041e+01
5.300000e-06	1.103246e-06	7.494026e-10	7.824116e+00	4.975911e+01
5.310000e-06	1.058788e-06	7.385569e-10	7.508824e+00	4.929650e+01
5.320000e-06	1.014222e-06	7.285236e-10	7.192769e+00	4.882215e+01
5.330000e-06	9.694798e-07	7.206295e-10	6.875462e+00	4.833566e+01
5.340000e-06	9.246659e-07	7.177050e-10	6.557646e+00	4.783660e+01
5.350000e-06	8.798107e-07	7.161199e-10	6.239537e+00	4.732456e+01
5.360000e-06	8.349277e-07	7.103286e-10	5.921231e+00	4.679914e+01
5.370000e-06	7.900670e-07	7.019011e-10	5.603083e+00	4.625991e+01
5.380000e-06	7.450754e-07	6.934115e-10	5.284006e+00	4.570647e+01
5.390000e-06	7.000565e-07	6.828037e-10	4.964736e+00	4.513837e+01
5.400000e-06	6.550774e-07	6.715178e-10	4.645749e+00	4.455520e+01
5.410000e-06	6.100293e-07	6.601840e-10	4.326272e+00	4.395650e+01
5.420000e-06	5.648912e-07	6.505146e-10	4.006157e+00	4.334183e+01
5.430000e-06	5.196894e-07	6.441549e-10	3.685589e+00	4.271070e+01
5.440000e-06	4.745289e-07	6.376736e-10	3.365316e+00	4.206264e+01
5.450000e-06	4.293133e-07	6.277844e-10	3.044651e+00	4.139715e+01
5.460000e-06	3.840553e-07	6.156573e-10	2.723685e+00	4.071371e+01
5.470000e-06	3.388276e-07	6.044450e-10	2.402934e+00	4.001179e+01
5.480000e-06	2.934914e-07	5.938565e-10	2.081414e+00	3.929084e+01
5.490000e-06	2.480885e-07	5.803808e-10	1.759421e+00	3.855028e+01
5.500000e-06	2.026399e-07	5.653008e-10	1.437104e+00	3.778955e+01
5.510000e-06	1.571949e-07	5.515109e-10	1.114812e+00	3.700803e+01
5.520000e-06	1.118124e-07	5.415702e-10	7.929632e-01	3.620513e+01
5.530000e-06	6.628673e-08	5.327031e-10	4.700995e-01	3.538023e+01
5.540000e-06	2.068996e-08	5.226450e-10	1.467313e-01	3.453269e+01
5.550000e-06	-2.481706e-08	5.126661e-10	-1.760003e-01	3.366189e+01
5.560000e-06	-7.034246e-08	5.015204e-10	-4.988623e-01	3.276721e+01
5.570000e-06	-1.157854e-07	4.866435e-10	-8.211392e-01	3.184801e+01
5.580000e-06	-1.611431e-07	4.688719e-10	-1.142812e+00	3.090369e+01
5.590000e-06	-2.065757e-07	4.508798e-10	-1.465016e+00	2.993364e+01
5.600000e-06	-2.520900e-07	4.346015e-10	-1.787800e+00	2.893728e+01
5.610000e-06	-2.975909e-07	4.214854e-10	-2.110487e+00	2.791406e+01
5.620000e-06	-3.429906e-07	4.080687e-10	-2.432458e+00	2.686347e+01
5.630000e-06	-3.883563e-07	3.932789e-10	-2.754187e+00	2.578501e+01
5.640000e-06	-4.336891e-07	3.793347e-10	-3.075684e+00	2.467824e+01
5.650000e-06	-4.789563e-07	3.677606e-10	-3.396714e+00	2.354279e+01
5.660000e-06	-5.241192e-07	3.529652e-10	-3.717005e+00	2.237832e+01
5.670000e-06	-5.692594e-07	3.352586e-10	-4.037136e+00	2.118456e+01
5.680000e-06	-6.144753e-07	3.143011e-10	-4.357803e+00	1.996133e+01
5.690000e-06	-6.596057e-07	2.939432e-10	-4.677863e+00	1.870850e+01
5.700000e-06	-7.045592e-07	2.706535e-10	-4.996669e+00	1.742605e+01
5.710000e-06	-7.493976e-07	2.451618e-10	-5.314659e+00	1.611402e+01
5.720000e-06	-7.941888e-07	2.261680e-10	-5.632314e+00	1.477257e+01
5.730000e-06	-8.389165e-07	2.141356e-10	-5.949519e+00	1.340193e+01
5.740000e-06	-8.835242e-07	2.056434e-10	-6.265873e+00	1.200246e+01
5.750000e-06	-9.281847e-07	1.920730e-10	-6.582601e+00	1.057461e+01
5.760000e-06	-9.728129e-07	1.703605e-10	-6.899100e+00	9.118952e+00
5.770000e-06	-1.017257e-06	1.429560e-10	-7.214292e+00	7.636146e+00
5.780000e-06	-1.061728e-06	1.130465e-10	-7.529681e+00	6.126982e+00
5.790000e-06	-1.106216e-06	7.741559e-11	-7.845180e+00	4.592360e+00
5.800000e-06	-1.150636e-06	4.454195e-11	-8.160203e+00	3.033289e+00
5.810000e-06	-1.194924e-06	2.648521e-11	-8.474289e+00	1.450891e+00
5.820000e-06	-1.239104e-06	1.736124e-11	-8.787611e+00	-1.536000e-01
5.830000e-06	-1.283274e-06	3.727332e-12	-9.100863e+00	-1.778846e+00
5.840000e-06	-1.327396e-06	-1.713767e-11	-9.413769e+00	-3.423406e+00
5.850000e-06	-1.371452e-06	-4.123613e-11	-9.726209e+00	-5.085736e+00
5.860000e-06	-1.415484e-06	-6.676320e-11	-1.003848e+01	-6.764202e+00
5.870000e-06	-1.459472e-06	-9.860208e-11	-1.035044e+01	-8.457080e+00
5.880000e-06	-1.503361e-06	-1.354602e-10	-1.066170e+01	-1.016257e+01
5.890000e-06	-1.547227e-06	-1.657567e-10	-1.097280e+01	-1.187878e+01
5.900000e-06	-1.591076e-06	-1.851764e-10	-1.128377e+01	-1.360378e+01
5.910000e-06	-1.634754e-06	-2.045229e-10	-1.159353e+01	-1.533557e+01
5.920000e-06	-1.678301e-06	-2.278938e-10	-1.190235e+01	-1.707209e+01
5.930000e-06	-1.721765e-06	-2.510757e-10	-1.221060e+01	-1.881126e+01
5.940000e-06	-1.765164e-06	-2.741310e-10	-1.251838e+01	-2.055096e+01
5.950000e-06	-1.808494e-06	-3.021604e-10	-1.282567e+01	-2.228905e+01
5.960000e-06	-1.851672e-06	-3.344175e-10	-1.313189e+01	-2.402340e+01
5.970000e-06	-1.894647e-06	-3.637634e-10	-1.343666e+01	-2.575187e+01
5.980000e-06	-1.937507e-06	-3.875501e-10	-1.374062e+01	-2.747232e+01
5.990000e-06	-1.980239e-06	-4.098031e-10	-1.404367e+01	-2.918266e+01
6.000000e-06	-2.022788e-06	-4.373208e-10	-1.434543e+01	-3.088081e+01
6.010000e-06	-2.065200e-06	-4.674256e-10	-1.464621e+01	-3.256475e+01
6.020000e-06	-2.107479e-06	-4.920457e-10	-1.494605e+01	-3.423252e+01
6.030000e-06	-2.149654e-06	-5.141500e-10	-1.524515e+01	-3.588220e+01
6.040000e-06	-2.191646e-06	-5.410831e-10	-1.554295e+01	-3.751195e+01
6.050000e-06	-2.233450e-06	-5.700012e-10	-1.583943e+01	-3.912003e+01
6.060000e-06	-2.275101e-06	-5.944359e-10	-1.613481e+01	-4.070476e+01
6.070000e-06	-2.316628e-06	-6.134792e-10	-1.642931e+01	-4.226458e+01
6.080000e-06	-2.358009e-06	-6.335072e-10	-1.672278e+01	-4.379801e+01
6.090000e-06	-2.399168e-06	-6.564457e-10	-1.701468e+01	-4.530369e+01
6.100000e-06	-2.440127e-06	-6.812728e-10	-1.730516e+01	-4.678036e+01
6.110000e-06	-2.480922e-06	-7.060413e-10	-1.759447e+01	-4.822690e+01
6.120000e-06	-2.521512e-06	-7.289939e-10	-1.788233e+01	-4.964228e+01
6.130000e-06	-2.561968e-06	-7.498680e-10	-1.816924e+01	-5.102560e+01
6.140000e-06	-2.602336e-06	-7.661941e-10	-1.845553e+01	-5.237609e+01
6.150000e-06	-2.642554e-06	-7.807147e-10	-1.874075e+01	-5.369310e+01
6.160000e-06	-2.682683e-06	-7.967401e-10	-1.902535e+01	-5.497608e+01
6.170000e-06	-2.722716e-06	-8.171216e-10	-1.930925e+01	-5.622463e+01
6.180000e-06	-2.762655e-06	-8.391199e-10	-1.959250e+01	-5.743844e+01
6.190000e-06	-2.802483e-06	-8.591928e-10	-1.987495e+01	-5.861734e+01
6.200000e-06	-2.842048e-06	-8.763477e-10	-2.015555e+01	-5.976125e+01
6.210000e-06	-2.881422e-06	-8.894289e-10	-2.043478e+01	-6.087021e+01
6.220000e-06	-2.920566e-06	-9.005323e-10	-2.071239e+01	-6.194434e+01
6.230000e-06	-2.959392e-06	-9.115541e-10	-2.098774e+01	-6.298387e+01
6.240000e-06	-2.997989e-06	-9.259050e-10	-2.126146e+01	-6.398913e+01
6.250000e-06	-3.036257e-06	-9.440817e-10	-2.153286e+01	-6.496051e+01
6.260000e-06	-3.074117e-06	-9.643029e-10	-2.180136e+01	-6.589847e+01
6.270000e-06	-3.111632e-06	-9.823221e-10	-2.206741e+01	-6.680357e+01
6.280000e-06	-3.148853e-06	-9.961341e-10	-2.233138e+01	-6.767641e+01
6.290000e-06	-3.185738e-06	-1.006842e-09	-2.259296e+01	-6.851763e+01
6.300000e-06	-3.222310e-06	-1.016926e-09	-2.285233e+01	-6.932793e+01
6.310000e-06	-3.258677e-06	-1.026078e-09	-2.311024e+01	-7.010804e+01
6.320000e-06	-3.294855e-06	-1.035851e-09	-2.336681e+01	-7.085874e+01
6.330000e-06	-3.330910e-06	-1.049823e-09	-2.362251e+01	-7.158081e+01
6.340000e-06	-3.366852e-06	-1.068846e-09	-2.387740e+01	-7.227504e+01
6.350000e-06	-3.402598e-06	-1.084782e-09	-2.413091e+01	-7.294226e+01
6.360000e-06	-3.438118e-06	-1.091944e-09	-2.438282e+01	-7.358326e+01
6.370000e-06	-3.473437e-06	-1.093439e-09	-2.463329e+01	-7.419887e+01
6.380000e-06	-3.508570e-06	-1.095724e-09	-2.488245e+01	-7.478987e+01
6.390000e-06	-3.543421e-06	-1.100635e-09	-2.512962e+01	-7.535707e+01
6.400000e-06	-3.577956e-06	-1.109400e-09	-2.537454e+01	-7.590122e+01
6.410000e-06	-3.612272e-06	-1.120816e-09	-2.561790e+01	-7.642306e+01
6.420000e-06	-3.646359e-06	-1.135262e-09	-2.585964e+01	-7.692334e+01
6.430000e-06	-3.680183e-06	-1.149475e-09	-2.609952e+01	-7.740272e+01
6.440000e-06	-3.713757e-06	-1.155146e-09	-2.633763e+01	-7.786189e+01
6.450000e-06	-3.747115e-06	-1.154667e-09	-2.657420e+01	-7.830148e+01
6.460000e-06	-3.780113e-06	-1.154075e-09	-2.680822e+01	-7.872208e+01
6.470000e-06	-3.812785e-06	-1.156362e-09	-2.703992e+01	-7.912427e+01
6.480000e-06	-3.845312e-06	-1.161937e-09	-2.727060e+01	-7.950859e+01
6.490000e-06	-3.877592e-06	-1.170871e-09	-2.749952e+01	-7.987555e+01
6.500000e-06	-3.909657e-06	-1.183010e-09	-2.772693e+01	-8.022564e+01
6.510000e-06	-3.941583e-06	-1.196077e-09	-2.795334e+01	-8.055930e+01
6.520000e-06	-3.973293e-06	-1.203424e-09	-2.817823e+01	-8.087696e+01
6.530000e-06	-4.004676e-06	-1.204573e-09	-2.840080e+01	-8.117904e+01
6.540000e-06	-4.035716e-06	-1.202780e-09	-2.862093e+01	-8.146592e+01
6.550000e-06	-4.066382e-06	-1.201446e-09	-2.883841e+01	-8.173798e+01
6.560000e-06	-4.096586e-06	-1.201961e-09	-2.905261e+01	-8.199558e+01
6.570000e-06	-4.126358e-06	-1.204677e-09	-2.926375e+01	-8.223906e+01
6.580000e-06	-4.155645e-06	-1.210138e-09	-2.947146e+01	-8.246878e+01
6.590000e-06	-4.184432e-06	-1.217921e-09	-2.967561e+01	-8.268506e+01
6.600000e-06	-4.212923e-06	-1.224961e-09	-2.987767e+01	-8.288824e+01
6.610000e-06	-4.241227e-06	-1.229434e-09	-3.007840e+01	-8.307868e+01
6.620000e-06	-4.269376e-06	-1.232285e-09	-3.027802e+01	-8.325672e+01
6.630000e-06	-4.297303e-06	-1.234297e-09	-3.047608e+01	-8.342271e+01
6.640000e-06	-4.325002e-06	-1.233892e-09	-3.067252e+01	-8.357701e+01
6.650000e-06	-4.352508e-06	-1.232420e-09	-3.086759e+01	-8.372001e+01
6.660000e-06	-4.379712e-06	-1.232274e-09	-3.106052e+01	-8.385209e+01
6.670000e-06	-4.406497e-06	-1.236257e-09	-3.125047e+01	-8.397366e+01
6.680000e-06	-4.432946e-06	-1.240968e-09	-3.143804e+01	-8.408514e+01
6.690000e-06	-4.459111e-06	-1.243178e-09	-3.162361e+01	-8.418695e+01
6.700000e-06	-4.484950e-06	-1.245793e-09	-3.180685e+01	-8.427956e+01
6.710000e-06	-4.510422e-06	-1.248213e-09	-3.198750e+01	-8.436342e+01
6.720000e-06	-4.535472e-06	-1.249312e-09	-3.216515e+01	-8.443901e+01
6.730000e-06	-4.560267e-06	-1.247571e-09	-3.234100e+01	-8.450681e+01
6.740000e-06	-4.584842e-06	-1.244543e-09	-3.251528e+01	-8.456732e+01
6.750000e-06	-4.609157e-06	-1.246079e-09	-3.268772e+01	-8.462105e+01
6.760000e-06	-4.633271e-06	-1.250331e-09	-3.285873e+01	-8.466850e+01
6.770000e-06	-4.657172e-06	-1.252799e-09	-3.302824e+01	-8.471018e+01
6.780000e-06	-4.680838e-06	-1.255796e-09	-3.319608e+01	-8.474659e+01
6.790000e-06	-4.704107e-06	-1.259647e-09	-3.336109e+01	-8.477823e+01
6.800000e-06	-4.727011e-06	-1.262028e-09	-3.352353e+01	-8.480560e+01
6.810000e-06	-4.749461e-06	-1.259897e-09	-3.368274e+01	-8.482916e+01
6.820000e-06	-4.771270e-06	-1.255598e-09	-3.383741e+01	-8.484939e+01
6.830000e-06	-4.792499e-06	-1.255138e-09	-3.398796e+01	-8.486671e+01
6.840000e-06	-4.813286e-06	-1.257845e-09	-3.413538e+01	-8.488153e+01
6.850000e-06	-4.833790e-06	-1.259642e-09	-3.428079e+01	-8.489425e+01
6.860000e-06	-4.854000e-06	-1.260942e-09	-3.442413e+01	-8.490521e+01
6.870000e-06	-4.873982e-06	-1.261906e-09	-3.456584e+01	-8.491473e+01
6.880000e-06	-4.893744e-06	-1.262369e-09	-3.470598e+01	-8.492308e+01
6.890000e-06	-4.913281e-06	-1.260922e-09	-3.484454e+01	-8.493049e+01
6.900000e-06	-4.932430e-06	-1.257656e-09	-3.498034e+01	-8.493716e+01
6.910000e-06	-4.951142e-06	-1.257927e-09	-3.511305e+01	-8.494324e+01
6.920000e-06	-4.969550e-06	-1.262980e-09	-3.524359e+01	-8.494882e+01
6.930000e-06	-4.987669e-06	-1.267156e-09	-3.537209e+01	-8.495395e+01
6.940000e-06	-5.005583e-06	-1.267726e-09	-3.549914e+01	-8.495863e+01
6.950000e-06	-5.023166e-06	-1.266617e-09	-3.562384e+01	-8.496283e+01
6.960000e-06	-5.040316e-06	-1.265779e-09	-3.574546e+01	-8.496644e+01
6.970000e-06	-5.057153e-06	-1.263387e-09	-3.586486e+01	-8.496933e+01
6.980000e-06	-5.073671e-06	-1.258986e-09	-3.598201e+01	-8.497131e+01
6.990000e-06	-5.089897e-06	-1.255747e-09	-3.609708e+01	-8.497216e+01
7.000000e-06	-5.105879e-06	-1.256804e-09	-3.621043e+01	-8.497163e+01
7.010000e-06	-5.121581e-06	-1.260323e-09	-3.632179e+01	-8.496941e+01
7.020000e-06	-5.136919e-06	-1.261225e-09	-3.643056e+01	-8.496517e+01
7.030000e-06	-5.151697e-06	-1.260115e-09	-3.653536e+01	-8.495857e+01
7.040000e-06	-5.165779e-06	-1.258478e-09	-3.663523e+01	-8.494923e+01
7.050000e-06	-5.179201e-06	-1.254762e-09	-3.673042e+01	-8.493676e+01
7.060000e-06	-5.192175e-06	-1.250275e-09	-3.682243e+01	-8.492075e+01
7.070000e-06	-5.204769e-06	-1.246337e-09	-3.691174e+01	-8.490081e+01
7.080000e-06	-5.216948e-06	-1.245206e-09	-3.699812e+01	-8.487652e+01
7.090000e-06	-5.228794e-06	-1.247655e-09	-3.708213e+01	-8.484750e+01
7.100000e-06	-5.240281e-06	-1.251433e-09	-3.716359e+01	-8.481335e+01
7.110000e-06	-5.251395e-06	-1.252655e-09	-3.724242e+01	-8.477372e+01
7.120000e-06	-5.262083e-06	-1.250678e-09	-3.731821e+01	-8.472827e+01
7.130000e-06	-5.272401e-06	-1.248289e-09	-3.739139e+01	-8.467669e+01
7.140000e-06	-5.282473e-06	-1.245819e-09	-3.746282e+01	-8.461871e+01
7.150000e-06	-5.292210e-06	-1.241892e-09	-3.753187e+01	-8.455411e+01
7.160000e-06	-5.301513e-06	-1.235374e-09	-3.759784e+01	-8.448271e+01
7.170000e-06	-5.310410e-06	-1.227838e-09	-3.766094e+01	-8.440437e+01
7.180000e-06	-5.318939e-06	-1.225804e-09	-3.772143e+01	-8.431902e+01
7.190000e-06	-5.327152e-06	-1.229330e-09	-3.777967e+01	-8.422665e+01
7.200000e-06	-5.335178e-06	-1.231840e-09	-3.783659e+01	-8.412730e+01
7.210000e-06	-5.343014e-06	-1.234780e-09	-3.789217e+01	-8.402109e+01
7.220000e-06	-5.350606e-06	-1.237083e-09	-3.794601e+01	-8.390818e+01
7.230000e-06	-5.357780e-06	-1.234383e-09	-3.799688e+01	-8.378882e+01
7.240000e-06	-5.364367e-06	-1.226156e-09	-3.804360e+01	-8.366330e+01
7.250000e-06	-5.370234e-06	-1.218585e-09	-3.808521e+01	-8.353200e+01
7.260000e-06	-5.375437e-06	-1.213447e-09	-3.812211e+01	-8.339534e+01
7.270000e-06	-5.380209e-06	-1.211729e-09	-3.815595e+01	-8.325382e+01
7.280000e-06	-5.384612e-06	-1.211708e-09	-3.818718e+01	-8.310798e+01
7.290000e-06	-5.388732e-06	-1.212416e-09	-3.821640e+01	-8.295841e+01
7.300000e-06	-5.392623e-06	-1.212615e-09	-3.824399e+01	-8.280578e+01
7.310000e-06	-5.396198e-06	-1.211542e-09	-3.826934e+01	-8.265076e+01
7.320000e-06	-5.399401e-06	-1.209003e-09	-3.829206e+01	-8.249409e+01
7.330000e-06	-5.402209e-06	-1.206626e-09	-3.831197e+01	-8.233652e+01
7.340000e-06	-5.404645e-06	-1.205616e-09	-3.832925e+01	-8.217884e+01
7.350000e-06	-5.406846e-06	-1.204315e-09	-3.834486e+01	-8.202186e+01
7.360000e-06	-5.408813e-06	-1.200978e-09	-3.835881e+01	-8.186638e+01
7.370000e-06	-5.410376e-06	-1.196526e-09	-3.836989e+01	-8.171321e+01
7.380000e-06	-5.411401e-06	-1.193190e-09	-3.837716e+01	-8.156318e+01
7.390000e-06	-5.411999e-06	-1.192382e-09	-3.838140e+01	-8.141706e+01
7.400000e-06	-5.412394e-06	-1.192529e-09	-3.838420e+01	-8.127565e+01
