# Temperatura_=_-1.7
# Concentracion g/m^3_=_4090.0
# C_Vs_to_Am_M_A/Vsm_=_65563218390.804596
# pendiente_HvsI_1/m_=_3716.3
# ordenada_HvsI_A/m_=_1297.0
# frecuencia_Hz_=_135071.9823121929

Tiempo_(s)	Campo_(V.s)	Magnetizacion_(V.s)	Campo_(kA/m)	Magnetizacion_(A/m)
0.000000e+00	-5.409069e-06	-2.167316e-09	-3.838710e+01	-1.402741e+02
1.000000e-08	-5.409242e-06	-2.160619e-09	-3.838833e+01	-1.401740e+02
2.000000e-08	-5.409204e-06	-2.152544e-09	-3.838806e+01	-1.400747e+02
3.000000e-08	-5.408875e-06	-2.142769e-09	-3.838572e+01	-1.399766e+02
4.000000e-08	-5.408087e-06	-2.138227e-09	-3.838013e+01	-1.398801e+02
5.000000e-08	-5.406776e-06	-2.142685e-09	-3.837083e+01	-1.397854e+02
6.000000e-08	-5.404897e-06	-2.157279e-09	-3.835750e+01	-1.396928e+02
7.000000e-08	-5.402453e-06	-2.169222e-09	-3.834015e+01	-1.396027e+02
8.000000e-08	-5.399382e-06	-2.147060e-09	-3.831835e+01	-1.395151e+02
9.000000e-08	-5.395764e-06	-2.123341e-09	-3.829268e+01	-1.394304e+02
1.000000e-07	-5.391769e-06	-2.147314e-09	-3.826433e+01	-1.393485e+02
1.100000e-07	-5.387458e-06	-2.141186e-09	-3.823373e+01	-1.392697e+02
1.200000e-07	-5.382989e-06	-2.103554e-09	-3.820202e+01	-1.391940e+02
1.300000e-07	-5.378343e-06	-2.107702e-09	-3.816905e+01	-1.391213e+02
1.400000e-07	-5.373307e-06	-2.147177e-09	-3.813331e+01	-1.390516e+02
1.500000e-07	-5.367861e-06	-2.171807e-09	-3.809466e+01	-1.389849e+02
1.600000e-07	-5.362075e-06	-2.117997e-09	-3.805359e+01	-1.389210e+02
1.700000e-07	-5.355934e-06	-2.123373e-09	-3.801001e+01	-1.388597e+02
1.800000e-07	-5.349284e-06	-2.131842e-09	-3.796282e+01	-1.388008e+02
1.900000e-07	-5.342257e-06	-2.119234e-09	-3.791295e+01	-1.387440e+02
2.000000e-07	-5.334965e-06	-2.086159e-09	-3.786120e+01	-1.386891e+02
2.100000e-07	-5.327439e-06	-2.118835e-09	-3.780779e+01	-1.386356e+02
2.200000e-07	-5.319674e-06	-2.134989e-09	-3.775268e+01	-1.385831e+02
2.300000e-07	-5.311589e-06	-2.101551e-09	-3.769531e+01	-1.385313e+02
2.400000e-07	-5.303184e-06	-2.093838e-09	-3.763566e+01	-1.384797e+02
2.500000e-07	-5.294290e-06	-2.132141e-09	-3.757254e+01	-1.384278e+02
2.600000e-07	-5.284597e-06	-2.131988e-09	-3.750375e+01	-1.383752e+02
2.700000e-07	-5.274138e-06	-2.080125e-09	-3.742953e+01	-1.383213e+02
2.800000e-07	-5.263248e-06	-2.088213e-09	-3.735224e+01	-1.382655e+02
2.900000e-07	-5.252001e-06	-2.108804e-09	-3.727242e+01	-1.382074e+02
3.000000e-07	-5.240365e-06	-2.073198e-09	-3.718984e+01	-1.381464e+02
3.100000e-07	-5.228383e-06	-2.041200e-09	-3.710481e+01	-1.380820e+02
3.200000e-07	-5.216059e-06	-2.092265e-09	-3.701734e+01	-1.380136e+02
3.300000e-07	-5.203266e-06	-2.094356e-09	-3.692656e+01	-1.379407e+02
3.400000e-07	-5.190053e-06	-2.062376e-09	-3.683279e+01	-1.378628e+02
3.500000e-07	-5.176502e-06	-2.081011e-09	-3.673662e+01	-1.377794e+02
3.600000e-07	-5.162636e-06	-2.126892e-09	-3.663822e+01	-1.376901e+02
3.700000e-07	-5.148382e-06	-2.078400e-09	-3.653706e+01	-1.375943e+02
3.800000e-07	-5.133575e-06	-2.050105e-09	-3.643197e+01	-1.374918e+02
3.900000e-07	-5.118063e-06	-2.066001e-09	-3.632189e+01	-1.373821e+02
4.000000e-07	-5.101910e-06	-2.065004e-09	-3.620726e+01	-1.372648e+02
4.100000e-07	-5.085460e-06	-2.037766e-09	-3.609051e+01	-1.371398e+02
4.200000e-07	-5.068748e-06	-2.068586e-09	-3.597191e+01	-1.370067e+02
4.300000e-07	-5.051651e-06	-2.082363e-09	-3.585057e+01	-1.368654e+02
4.400000e-07	-5.034263e-06	-2.067053e-09	-3.572718e+01	-1.367156e+02
4.500000e-07	-5.016632e-06	-2.068118e-09	-3.560206e+01	-1.365573e+02
4.600000e-07	-4.998637e-06	-2.072435e-09	-3.547434e+01	-1.363903e+02
4.700000e-07	-4.980253e-06	-2.036359e-09	-3.534388e+01	-1.362148e+02
4.800000e-07	-4.961474e-06	-2.020763e-09	-3.521061e+01	-1.360306e+02
4.900000e-07	-4.942272e-06	-2.034061e-09	-3.507433e+01	-1.358379e+02
5.000000e-07	-4.922707e-06	-2.027224e-09	-3.493549e+01	-1.356368e+02
5.100000e-07	-4.902909e-06	-2.017834e-09	-3.479498e+01	-1.354274e+02
5.200000e-07	-4.882969e-06	-2.030873e-09	-3.465348e+01	-1.352099e+02
5.300000e-07	-4.862785e-06	-2.037856e-09	-3.451023e+01	-1.349847e+02
5.400000e-07	-4.842324e-06	-2.029416e-09	-3.436503e+01	-1.347518e+02
5.500000e-07	-4.821497e-06	-2.029681e-09	-3.421722e+01	-1.345117e+02
5.600000e-07	-4.800204e-06	-2.019971e-09	-3.406611e+01	-1.342647e+02
5.700000e-07	-4.778597e-06	-2.009396e-09	-3.391277e+01	-1.340110e+02
5.800000e-07	-4.756781e-06	-2.000602e-09	-3.375794e+01	-1.337512e+02
5.900000e-07	-4.734708e-06	-1.991172e-09	-3.360129e+01	-1.334855e+02
6.000000e-07	-4.712261e-06	-1.978595e-09	-3.344199e+01	-1.332144e+02
6.100000e-07	-4.689414e-06	-1.986838e-09	-3.327985e+01	-1.329383e+02
6.200000e-07	-4.666192e-06	-1.990923e-09	-3.311505e+01	-1.326575e+02
6.300000e-07	-4.642662e-06	-1.991956e-09	-3.294806e+01	-1.323725e+02
6.400000e-07	-4.618940e-06	-1.991043e-09	-3.277971e+01	-1.320837e+02
6.500000e-07	-4.595052e-06	-1.990927e-09	-3.261018e+01	-1.317915e+02
6.600000e-07	-4.570932e-06	-1.979793e-09	-3.243901e+01	-1.314962e+02
6.700000e-07	-4.546526e-06	-1.971321e-09	-3.226580e+01	-1.311982e+02
6.800000e-07	-4.521695e-06	-1.957147e-09	-3.208958e+01	-1.308979e+02
6.900000e-07	-4.496245e-06	-1.950526e-09	-3.190897e+01	-1.305955e+02
7.000000e-07	-4.470275e-06	-1.948446e-09	-3.172467e+01	-1.302913e+02
7.100000e-07	-4.443901e-06	-1.951610e-09	-3.153750e+01	-1.299857e+02
7.200000e-07	-4.417065e-06	-1.950310e-09	-3.134704e+01	-1.296788e+02
7.300000e-07	-4.389790e-06	-1.951480e-09	-3.115348e+01	-1.293708e+02
7.400000e-07	-4.362193e-06	-1.946482e-09	-3.095763e+01	-1.290619e+02
7.500000e-07	-4.334404e-06	-1.937965e-09	-3.076041e+01	-1.287522e+02
7.600000e-07	-4.306538e-06	-1.926380e-09	-3.056266e+01	-1.284419e+02
7.700000e-07	-4.278449e-06	-1.916366e-09	-3.036331e+01	-1.281309e+02
7.800000e-07	-4.250063e-06	-1.910165e-09	-3.016186e+01	-1.278193e+02
7.900000e-07	-4.221435e-06	-1.910144e-09	-2.995870e+01	-1.275071e+02
8.000000e-07	-4.192486e-06	-1.910644e-09	-2.975325e+01	-1.271943e+02
8.100000e-07	-4.163246e-06	-1.908754e-09	-2.954574e+01	-1.268808e+02
8.200000e-07	-4.133674e-06	-1.905817e-09	-2.933587e+01	-1.265664e+02
8.300000e-07	-4.103710e-06	-1.899400e-09	-2.912323e+01	-1.262511e+02
8.400000e-07	-4.073512e-06	-1.890984e-09	-2.890891e+01	-1.259348e+02
8.500000e-07	-4.043127e-06	-1.881463e-09	-2.869328e+01	-1.256172e+02
8.600000e-07	-4.012511e-06	-1.874754e-09	-2.847600e+01	-1.252982e+02
8.700000e-07	-3.981619e-06	-1.869580e-09	-2.825677e+01	-1.249775e+02
8.800000e-07	-3.950396e-06	-1.868232e-09	-2.803519e+01	-1.246550e+02
8.900000e-07	-3.918926e-06	-1.864097e-09	-2.781185e+01	-1.243305e+02
9.000000e-07	-3.887301e-06	-1.857971e-09	-2.758741e+01	-1.240037e+02
9.100000e-07	-3.855542e-06	-1.848365e-09	-2.736203e+01	-1.236743e+02
9.200000e-07	-3.823578e-06	-1.843243e-09	-2.713518e+01	-1.233423e+02
9.300000e-07	-3.791342e-06	-1.838355e-09	-2.690641e+01	-1.230073e+02
9.400000e-07	-3.758979e-06	-1.836546e-09	-2.667674e+01	-1.226691e+02
9.500000e-07	-3.726395e-06	-1.833860e-09	-2.644549e+01	-1.223275e+02
9.600000e-07	-3.693288e-06	-1.832962e-09	-2.621054e+01	-1.219824e+02
9.700000e-07	-3.659671e-06	-1.827177e-09	-2.597197e+01	-1.216336e+02
9.800000e-07	-3.625663e-06	-1.817806e-09	-2.573062e+01	-1.212809e+02
9.900000e-07	-3.591258e-06	-1.804726e-09	-2.548646e+01	-1.209241e+02
1.000000e-06	-3.556424e-06	-1.795502e-09	-2.523924e+01	-1.205632e+02
1.010000e-06	-3.521197e-06	-1.790490e-09	-2.498924e+01	-1.201981e+02
1.020000e-06	-3.485678e-06	-1.791263e-09	-2.473718e+01	-1.198286e+02
1.030000e-06	-3.450023e-06	-1.791001e-09	-2.448414e+01	-1.194547e+02
1.040000e-06	-3.414295e-06	-1.789393e-09	-2.423058e+01	-1.190765e+02
1.050000e-06	-3.378439e-06	-1.785111e-09	-2.397612e+01	-1.186938e+02
1.060000e-06	-3.342425e-06	-1.777321e-09	-2.372053e+01	-1.183067e+02
1.070000e-06	-3.306202e-06	-1.763533e-09	-2.346347e+01	-1.179152e+02
1.080000e-06	-3.269770e-06	-1.749128e-09	-2.320492e+01	-1.175194e+02
1.090000e-06	-3.233071e-06	-1.741128e-09	-2.294447e+01	-1.171193e+02
1.100000e-06	-3.196098e-06	-1.740762e-09	-2.268208e+01	-1.167151e+02
1.110000e-06	-3.158856e-06	-1.740665e-09	-2.241778e+01	-1.163068e+02
1.120000e-06	-3.121382e-06	-1.736897e-09	-2.215183e+01	-1.158945e+02
1.130000e-06	-3.083760e-06	-1.730879e-09	-2.188484e+01	-1.154783e+02
1.140000e-06	-3.045867e-06	-1.722162e-09	-2.161592e+01	-1.150583e+02
1.150000e-06	-3.007778e-06	-1.710428e-09	-2.134561e+01	-1.146348e+02
1.160000e-06	-2.969658e-06	-1.695446e-09	-2.107508e+01	-1.142077e+02
1.170000e-06	-2.931403e-06	-1.686406e-09	-2.080359e+01	-1.137772e+02
1.180000e-06	-2.892847e-06	-1.682218e-09	-2.052996e+01	-1.133435e+02
1.190000e-06	-2.854005e-06	-1.682527e-09	-2.025432e+01	-1.129065e+02
1.200000e-06	-2.814944e-06	-1.682158e-09	-1.997711e+01	-1.124665e+02
1.210000e-06	-2.775715e-06	-1.680922e-09	-1.969870e+01	-1.120234e+02
1.220000e-06	-2.736323e-06	-1.676978e-09	-1.941915e+01	-1.115774e+02
1.230000e-06	-2.696686e-06	-1.670954e-09	-1.913785e+01	-1.111284e+02
1.240000e-06	-2.656891e-06	-1.659062e-09	-1.885543e+01	-1.106765e+02
1.250000e-06	-2.617059e-06	-1.646081e-09	-1.857275e+01	-1.102217e+02
1.260000e-06	-2.577172e-06	-1.636937e-09	-1.828968e+01	-1.097639e+02
1.270000e-06	-2.537188e-06	-1.630786e-09	-1.800593e+01	-1.093031e+02
1.280000e-06	-2.497034e-06	-1.624975e-09	-1.772096e+01	-1.088392e+02
1.290000e-06	-2.456726e-06	-1.618164e-09	-1.743490e+01	-1.083720e+02
1.300000e-06	-2.416290e-06	-1.609633e-09	-1.714794e+01	-1.079015e+02
1.310000e-06	-2.375687e-06	-1.599926e-09	-1.685978e+01	-1.074275e+02
1.320000e-06	-2.334832e-06	-1.587985e-09	-1.656984e+01	-1.069497e+02
1.330000e-06	-2.293674e-06	-1.578706e-09	-1.627776e+01	-1.064679e+02
1.340000e-06	-2.252316e-06	-1.572430e-09	-1.598424e+01	-1.059820e+02
1.350000e-06	-2.210653e-06	-1.569083e-09	-1.568857e+01	-1.054916e+02
1.360000e-06	-2.168631e-06	-1.564130e-09	-1.539035e+01	-1.049964e+02
1.370000e-06	-2.126354e-06	-1.553651e-09	-1.509032e+01	-1.044961e+02
1.380000e-06	-2.083817e-06	-1.540298e-09	-1.478844e+01	-1.039903e+02
1.390000e-06	-2.041035e-06	-1.529057e-09	-1.448482e+01	-1.034788e+02
1.400000e-06	-1.998012e-06	-1.522504e-09	-1.417950e+01	-1.029612e+02
1.410000e-06	-1.954825e-06	-1.515728e-09	-1.387301e+01	-1.024371e+02
1.420000e-06	-1.911511e-06	-1.507955e-09	-1.356562e+01	-1.019061e+02
1.430000e-06	-1.868021e-06	-1.502943e-09	-1.325698e+01	-1.013677e+02
1.440000e-06	-1.824379e-06	-1.497841e-09	-1.294726e+01	-1.008218e+02
1.450000e-06	-1.780670e-06	-1.486235e-09	-1.263706e+01	-1.002677e+02
1.460000e-06	-1.736919e-06	-1.469401e-09	-1.232657e+01	-9.970523e+01
1.470000e-06	-1.693106e-06	-1.452841e-09	-1.201564e+01	-9.913391e+01
1.480000e-06	-1.649229e-06	-1.441759e-09	-1.170426e+01	-9.855337e+01
1.490000e-06	-1.605337e-06	-1.436849e-09	-1.139276e+01	-9.796325e+01
1.500000e-06	-1.561360e-06	-1.433568e-09	-1.108066e+01	-9.736318e+01
1.510000e-06	-1.517217e-06	-1.429006e-09	-1.076739e+01	-9.675283e+01
1.520000e-06	-1.472983e-06	-1.422732e-09	-1.045347e+01	-9.613186e+01
1.530000e-06	-1.428695e-06	-1.412421e-09	-1.013917e+01	-9.549994e+01
1.540000e-06	-1.384351e-06	-1.397362e-09	-9.824469e+00	-9.485676e+01
1.550000e-06	-1.339971e-06	-1.379147e-09	-9.509513e+00	-9.420204e+01
1.560000e-06	-1.295508e-06	-1.364227e-09	-9.193964e+00	-9.353550e+01
1.570000e-06	-1.250895e-06	-1.355658e-09	-8.877356e+00	-9.285685e+01
1.580000e-06	-1.206256e-06	-1.351364e-09	-8.560564e+00	-9.216586e+01
1.590000e-06	-1.161564e-06	-1.345534e-09	-8.243394e+00	-9.146226e+01
1.600000e-06	-1.116729e-06	-1.338867e-09	-7.925204e+00	-9.074583e+01
1.610000e-06	-1.071801e-06	-1.330173e-09	-7.606364e+00	-9.001632e+01
1.620000e-06	-1.026720e-06	-1.316564e-09	-7.286430e+00	-8.927350e+01
1.630000e-06	-9.815599e-07	-1.299520e-09	-6.965938e+00	-8.851715e+01
1.640000e-06	-9.363517e-07	-1.280883e-09	-6.645105e+00	-8.774702e+01
1.650000e-06	-8.910445e-07	-1.265478e-09	-6.323568e+00	-8.696288e+01
1.660000e-06	-8.456938e-07	-1.255802e-09	-6.001723e+00	-8.616446e+01
1.670000e-06	-8.002841e-07	-1.248450e-09	-5.679459e+00	-8.535151e+01
1.680000e-06	-7.547478e-07	-1.242482e-09	-5.356297e+00	-8.452373e+01
1.690000e-06	-7.091130e-07	-1.235297e-09	-5.032436e+00	-8.368082e+01
1.700000e-06	-6.634285e-07	-1.225359e-09	-4.708222e+00	-8.282244e+01
1.710000e-06	-6.176965e-07	-1.211679e-09	-4.383671e+00	-8.194822e+01
1.720000e-06	-5.720174e-07	-1.195702e-09	-4.059495e+00	-8.105776e+01
1.730000e-06	-5.263959e-07	-1.178190e-09	-3.735729e+00	-8.015064e+01
1.740000e-06	-4.807276e-07	-1.161348e-09	-3.411630e+00	-7.922636e+01
1.750000e-06	-4.350016e-07	-1.147308e-09	-3.087121e+00	-7.828441e+01
1.760000e-06	-3.891979e-07	-1.135286e-09	-2.762061e+00	-7.732421e+01
1.770000e-06	-3.433662e-07	-1.122084e-09	-2.436803e+00	-7.634516e+01
1.780000e-06	-2.975631e-07	-1.107764e-09	-2.111747e+00	-7.534659e+01
1.790000e-06	-2.517687e-07	-1.093757e-09	-1.786753e+00	-7.432777e+01
1.800000e-06	-2.059785e-07	-1.079250e-09	-1.461789e+00	-7.328795e+01
1.810000e-06	-1.602162e-07	-1.061155e-09	-1.137023e+00	-7.222629e+01
1.820000e-06	-1.144536e-07	-1.040740e-09	-8.122547e-01	-7.114192e+01
1.830000e-06	-6.864474e-08	-1.021363e-09	-4.871582e-01	-7.003393e+01
1.840000e-06	-2.283965e-08	-1.003176e-09	-1.620885e-01	-6.890134e+01
1.850000e-06	2.301035e-08	-9.849924e-10	1.632999e-01	-6.774314e+01
1.860000e-06	6.888993e-08	-9.654431e-10	4.888983e-01	-6.655827e+01
1.870000e-06	1.147452e-07	-9.477119e-10	8.143242e-01	-6.534564e+01
1.880000e-06	1.606535e-07	-9.330473e-10	1.140127e+00	-6.410413e+01
1.890000e-06	2.065805e-07	-9.172596e-10	1.466061e+00	-6.283257e+01
1.900000e-06	2.524495e-07	-8.950516e-10	1.791585e+00	-6.152981e+01
1.910000e-06	2.982824e-07	-8.701811e-10	2.116852e+00	-6.019464e+01
1.920000e-06	3.440943e-07	-8.450374e-10	2.441970e+00	-5.882587e+01
1.930000e-06	3.898379e-07	-8.192894e-10	2.766603e+00	-5.742232e+01
1.940000e-06	4.355577e-07	-7.924661e-10	3.091068e+00	-5.598279e+01
1.950000e-06	4.812476e-07	-7.670105e-10	3.415320e+00	-5.450613e+01
1.960000e-06	5.269153e-07	-7.456030e-10	3.739414e+00	-5.299120e+01
1.970000e-06	5.725348e-07	-7.267492e-10	4.063167e+00	-5.143689e+01
1.980000e-06	6.181251e-07	-7.037957e-10	4.386713e+00	-4.984215e+01
1.990000e-06	6.637056e-07	-6.758513e-10	4.710188e+00	-4.820599e+01
2.000000e-06	7.091917e-07	-6.478074e-10	5.032994e+00	-4.652748e+01
2.010000e-06	7.546836e-07	-6.207275e-10	5.355841e+00	-4.480575e+01
2.020000e-06	8.001683e-07	-5.918646e-10	5.678637e+00	-4.304005e+01
2.030000e-06	8.455223e-07	-5.613190e-10	6.000506e+00	-4.122971e+01
2.040000e-06	8.908046e-07	-5.325606e-10	6.321866e+00	-3.937414e+01
2.050000e-06	9.360662e-07	-5.062661e-10	6.643078e+00	-3.747290e+01
2.060000e-06	9.812140e-07	-4.794410e-10	6.963483e+00	-3.552566e+01
2.070000e-06	1.026235e-06	-4.487998e-10	7.282989e+00	-3.353221e+01
2.080000e-06	1.071181e-06	-4.146831e-10	7.601964e+00	-3.149249e+01
2.090000e-06	1.116102e-06	-3.825630e-10	7.920755e+00	-2.940657e+01
2.100000e-06	1.160921e-06	-3.517102e-10	8.238827e+00	-2.727469e+01
2.110000e-06	1.205606e-06	-3.174030e-10	8.555950e+00	-2.509721e+01
2.120000e-06	1.250154e-06	-2.809074e-10	8.872097e+00	-2.287469e+01
2.130000e-06	1.294518e-06	-2.472965e-10	9.186940e+00	-2.060781e+01
2.140000e-06	1.338762e-06	-2.163921e-10	9.500934e+00	-1.829745e+01
2.150000e-06	1.382961e-06	-1.842368e-10	9.814604e+00	-1.594463e+01
2.160000e-06	1.427126e-06	-1.499769e-10	1.012803e+01	-1.355055e+01
2.170000e-06	1.471254e-06	-1.138621e-10	1.044120e+01	-1.111655e+01
2.180000e-06	1.515357e-06	-7.843347e-11	1.075419e+01	-8.644169e+00
2.190000e-06	1.559373e-06	-4.278649e-11	1.106657e+01	-6.135068e+00
2.200000e-06	1.603318e-06	-4.727140e-12	1.137844e+01	-3.591084e+00
2.210000e-06	1.647227e-06	3.388296e-11	1.169005e+01	-1.014198e+00
2.220000e-06	1.691068e-06	7.209677e-11	1.200118e+01	1.593467e+00
2.230000e-06	1.734826e-06	1.113350e-10	1.231172e+01	4.229649e+00
2.240000e-06	1.778487e-06	1.525566e-10	1.262157e+01	6.891960e+00
2.250000e-06	1.822057e-06	1.944010e-10	1.293078e+01	9.577891e+00
2.260000e-06	1.865584e-06	2.348527e-10	1.323969e+01	1.228482e+01
2.270000e-06	1.908993e-06	2.735318e-10	1.354775e+01	1.501004e+01
2.280000e-06	1.952245e-06	3.115128e-10	1.385470e+01	1.775073e+01
2.290000e-06	1.995383e-06	3.513762e-10	1.416084e+01	2.050402e+01
2.300000e-06	2.038453e-06	3.915027e-10	1.446650e+01	2.326695e+01
2.310000e-06	2.081374e-06	4.310356e-10	1.477111e+01	2.603652e+01
2.320000e-06	2.123945e-06	4.721375e-10	1.507322e+01	2.880970e+01
2.330000e-06	2.166229e-06	5.152044e-10	1.537330e+01	3.158341e+01
2.340000e-06	2.208288e-06	5.570530e-10	1.567179e+01	3.435458e+01
2.350000e-06	2.249964e-06	5.951934e-10	1.596755e+01	3.712013e+01
2.360000e-06	2.291283e-06	6.310331e-10	1.626079e+01	3.987699e+01
2.370000e-06	2.332349e-06	6.697923e-10	1.655222e+01	4.262211e+01
2.380000e-06	2.373092e-06	7.117699e-10	1.684137e+01	4.535251e+01
2.390000e-06	2.413639e-06	7.532387e-10	1.712913e+01	4.806522e+01
2.400000e-06	2.454110e-06	7.930892e-10	1.741634e+01	5.075737e+01
2.410000e-06	2.494381e-06	8.325594e-10	1.770214e+01	5.342614e+01
2.420000e-06	2.534451e-06	8.734574e-10	1.798650e+01	5.606880e+01
2.430000e-06	2.574394e-06	9.149403e-10	1.826997e+01	5.868273e+01
2.440000e-06	2.614270e-06	9.546362e-10	1.855296e+01	6.126540e+01
2.450000e-06	2.654070e-06	9.915642e-10	1.883542e+01	6.381440e+01
2.460000e-06	2.693757e-06	1.029085e-09	1.911706e+01	6.632746e+01
2.470000e-06	2.733307e-06	1.065683e-09	1.939774e+01	6.880241e+01
2.480000e-06	2.772685e-06	1.099114e-09	1.967720e+01	7.123723e+01
2.490000e-06	2.811860e-06	1.131029e-09	1.995522e+01	7.363006e+01
2.500000e-06	2.850861e-06	1.163981e-09	2.023200e+01	7.597916e+01
2.510000e-06	2.889628e-06	1.200225e-09	2.050712e+01	7.828294e+01
2.520000e-06	2.928089e-06	1.238537e-09	2.078008e+01	8.053998e+01
2.530000e-06	2.966347e-06	1.276544e-09	2.105158e+01	8.274901e+01
2.540000e-06	3.004403e-06	1.312275e-09	2.132166e+01	8.490891e+01
2.550000e-06	3.042276e-06	1.343909e-09	2.159044e+01	8.701870e+01
2.560000e-06	3.079979e-06	1.371082e-09	2.185800e+01	8.907759e+01
2.570000e-06	3.117568e-06	1.396238e-09	2.212477e+01	9.108490e+01
2.580000e-06	3.155045e-06	1.422586e-09	2.239073e+01	9.304013e+01
2.590000e-06	3.192194e-06	1.452517e-09	2.265438e+01	9.494290e+01
2.600000e-06	3.229017e-06	1.486328e-09	2.291570e+01	9.679300e+01
2.610000e-06	3.265591e-06	1.521651e-09	2.317526e+01	9.859034e+01
2.620000e-06	3.301964e-06	1.552399e-09	2.343339e+01	1.003349e+02
2.630000e-06	3.338182e-06	1.577856e-09	2.369042e+01	1.020270e+02
2.640000e-06	3.374205e-06	1.601150e-09	2.394607e+01	1.036668e+02
2.650000e-06	3.410082e-06	1.621859e-09	2.420069e+01	1.052546e+02
2.660000e-06	3.445846e-06	1.639077e-09	2.445449e+01	1.067912e+02
2.670000e-06	3.481492e-06	1.655457e-09	2.470746e+01	1.082769e+02
2.680000e-06	3.516982e-06	1.675170e-09	2.495933e+01	1.097125e+02
2.690000e-06	3.552199e-06	1.698772e-09	2.520926e+01	1.110988e+02
2.700000e-06	3.587029e-06	1.723674e-09	2.545644e+01	1.124366e+02
2.710000e-06	3.621367e-06	1.748426e-09	2.570013e+01	1.137268e+02
2.720000e-06	3.655320e-06	1.770764e-09	2.594109e+01	1.149703e+02
2.730000e-06	3.688904e-06	1.789786e-09	2.617943e+01	1.161683e+02
2.740000e-06	3.722077e-06	1.806483e-09	2.641485e+01	1.173218e+02
2.750000e-06	3.754916e-06	1.820407e-09	2.664790e+01	1.184318e+02
2.760000e-06	3.787339e-06	1.832542e-09	2.687800e+01	1.194994e+02
2.770000e-06	3.819456e-06	1.844676e-09	2.710593e+01	1.205259e+02
2.780000e-06	3.851451e-06	1.860011e-09	2.733299e+01	1.215124e+02
2.790000e-06	3.883323e-06	1.878032e-09	2.755918e+01	1.224601e+02
2.800000e-06	3.915046e-06	1.893667e-09	2.778431e+01	1.233701e+02
2.810000e-06	3.946543e-06	1.904858e-09	2.800784e+01	1.242436e+02
2.820000e-06	3.977784e-06	1.914184e-09	2.822955e+01	1.250819e+02
2.830000e-06	4.008729e-06	1.925102e-09	2.844916e+01	1.258860e+02
2.840000e-06	4.039327e-06	1.936773e-09	2.866631e+01	1.266572e+02
2.850000e-06	4.069681e-06	1.946295e-09	2.888173e+01	1.273966e+02
2.860000e-06	4.099783e-06	1.955546e-09	2.909536e+01	1.281054e+02
2.870000e-06	4.129573e-06	1.965570e-09	2.930677e+01	1.287845e+02
2.880000e-06	4.159095e-06	1.973693e-09	2.951628e+01	1.294351e+02
2.890000e-06	4.188360e-06	1.978415e-09	2.972397e+01	1.300584e+02
2.900000e-06	4.217334e-06	1.983981e-09	2.992959e+01	1.306552e+02
2.910000e-06	4.245987e-06	1.993792e-09	3.013294e+01	1.312266e+02
2.920000e-06	4.274370e-06	2.005442e-09	3.033437e+01	1.317736e+02
2.930000e-06	4.302521e-06	2.013725e-09	3.053414e+01	1.322972e+02
2.940000e-06	4.330494e-06	2.018984e-09	3.073267e+01	1.327982e+02
2.950000e-06	4.358333e-06	2.025665e-09	3.093023e+01	1.332776e+02
2.960000e-06	4.386017e-06	2.033172e-09	3.112670e+01	1.337362e+02
2.970000e-06	4.413418e-06	2.039750e-09	3.132116e+01	1.341749e+02
2.980000e-06	4.440404e-06	2.043760e-09	3.151267e+01	1.345945e+02
2.990000e-06	4.466958e-06	2.046188e-09	3.170112e+01	1.349958e+02
3.000000e-06	4.492944e-06	2.049905e-09	3.188554e+01	1.353795e+02
3.010000e-06	4.518362e-06	2.055046e-09	3.206593e+01	1.357465e+02
3.020000e-06	4.543275e-06	2.060472e-09	3.224273e+01	1.360973e+02
3.030000e-06	4.567759e-06	2.067406e-09	3.241649e+01	1.364326e+02
3.040000e-06	4.591978e-06	2.075182e-09	3.258837e+01	1.367533e+02
3.050000e-06	4.615945e-06	2.080844e-09	3.275846e+01	1.370598e+02
3.060000e-06	4.639707e-06	2.084850e-09	3.292709e+01	1.373528e+02
3.070000e-06	4.663207e-06	2.088213e-09	3.309387e+01	1.376329e+02
3.080000e-06	4.686302e-06	2.091851e-09	3.325777e+01	1.379007e+02
3.090000e-06	4.708982e-06	2.095489e-09	3.341872e+01	1.381566e+02
3.100000e-06	4.731314e-06	2.097248e-09	3.357721e+01	1.384014e+02
3.110000e-06	4.753401e-06	2.097629e-09	3.373396e+01	1.386353e+02
3.120000e-06	4.775223e-06	2.100759e-09	3.388882e+01	1.388590e+02
3.130000e-06	4.796712e-06	2.107409e-09	3.404132e+01	1.390729e+02
3.140000e-06	4.817898e-06	2.111981e-09	3.419167e+01	1.392774e+02
3.150000e-06	4.838736e-06	2.113688e-09	3.433956e+01	1.394729e+02
3.160000e-06	4.859201e-06	2.116097e-09	3.448479e+01	1.396598e+02
3.170000e-06	4.879347e-06	2.120416e-09	3.462777e+01	1.398385e+02
3.180000e-06	4.899299e-06	2.123232e-09	3.476937e+01	1.400093e+02
3.190000e-06	4.919132e-06	2.122161e-09	3.491011e+01	1.401725e+02
3.200000e-06	4.938680e-06	2.121211e-09	3.504884e+01	1.403284e+02
3.210000e-06	4.957835e-06	2.124118e-09	3.518478e+01	1.404773e+02
3.220000e-06	4.976642e-06	2.129771e-09	3.531825e+01	1.406194e+02
3.230000e-06	4.995066e-06	2.134811e-09	3.544900e+01	1.407549e+02
3.240000e-06	5.013044e-06	2.136379e-09	3.557659e+01	1.408840e+02
3.250000e-06	5.030677e-06	2.137334e-09	3.570172e+01	1.410068e+02
3.260000e-06	5.048065e-06	2.140511e-09	3.582513e+01	1.411236e+02
3.270000e-06	5.065192e-06	2.140780e-09	3.594667e+01	1.412343e+02
3.280000e-06	5.081991e-06	2.137886e-09	3.606590e+01	1.413391e+02
3.290000e-06	5.098449e-06	2.137048e-09	3.618269e+01	1.414381e+02
3.300000e-06	5.114483e-06	2.139957e-09	3.629649e+01	1.415312e+02
3.310000e-06	5.129989e-06	2.145409e-09	3.640653e+01	1.416186e+02
3.320000e-06	5.145023e-06	2.151218e-09	3.651322e+01	1.417002e+02
3.330000e-06	5.159594e-06	2.155883e-09	3.661663e+01	1.417760e+02
3.340000e-06	5.173744e-06	2.157843e-09	3.671704e+01	1.418460e+02
3.350000e-06	5.187546e-06	2.155926e-09	3.681500e+01	1.419101e+02
3.360000e-06	5.200987e-06	2.151619e-09	3.691039e+01	1.419683e+02
3.370000e-06	5.214032e-06	2.148288e-09	3.700296e+01	1.420206e+02
3.380000e-06	5.226665e-06	2.147014e-09	3.709262e+01	1.420668e+02
3.390000e-06	5.238928e-06	2.147891e-09	3.717964e+01	1.421070e+02
3.400000e-06	5.250847e-06	2.151805e-09	3.726423e+01	1.421410e+02
3.410000e-06	5.262469e-06	2.155868e-09	3.734671e+01	1.421688e+02
3.420000e-06	5.273681e-06	2.158469e-09	3.742628e+01	1.421903e+02
3.430000e-06	5.284295e-06	2.157547e-09	3.750161e+01	1.422056e+02
3.440000e-06	5.294326e-06	2.153861e-09	3.757279e+01	1.422144e+02
3.450000e-06	5.303780e-06	2.149275e-09	3.763988e+01	1.422169e+02
3.460000e-06	5.312649e-06	2.144200e-09	3.770283e+01	1.422130e+02
3.470000e-06	5.321131e-06	2.142620e-09	3.776302e+01	1.422027e+02
3.480000e-06	5.329311e-06	2.144419e-09	3.782107e+01	1.421860e+02
3.490000e-06	5.337145e-06	2.148070e-09	3.787667e+01	1.421631e+02
3.500000e-06	5.344645e-06	2.152775e-09	3.792989e+01	1.421339e+02
3.510000e-06	5.351840e-06	2.157931e-09	3.798096e+01	1.420985e+02
3.520000e-06	5.358663e-06	2.159668e-09	3.802938e+01	1.420572e+02
3.530000e-06	5.365134e-06	2.154071e-09	3.807530e+01	1.420100e+02
3.540000e-06	5.371282e-06	2.145826e-09	3.811893e+01	1.419571e+02
3.550000e-06	5.377055e-06	2.139267e-09	3.815991e+01	1.418987e+02
3.560000e-06	5.382543e-06	2.136301e-09	3.819885e+01	1.418350e+02
3.570000e-06	5.387653e-06	2.138250e-09	3.823511e+01	1.417664e+02
3.580000e-06	5.392327e-06	2.142198e-09	3.826829e+01	1.416931e+02
3.590000e-06	5.396661e-06	2.147234e-09	3.829905e+01	1.416153e+02
3.600000e-06	5.400752e-06	2.152528e-09	3.832808e+01	1.415336e+02
3.610000e-06	5.404630e-06	2.153259e-09	3.835560e+01	1.414480e+02
3.620000e-06	5.408198e-06	2.145745e-09	3.838092e+01	1.413592e+02
3.630000e-06	5.411375e-06	2.136741e-09	3.840346e+01	1.412674e+02
3.640000e-06	5.414140e-06	2.131678e-09	3.842309e+01	1.411731e+02
3.650000e-06	5.416344e-06	2.131049e-09	3.843873e+01	1.410766e+02
3.660000e-06	5.417839e-06	2.132708e-09	3.844934e+01	1.409784e+02
3.670000e-06	5.418738e-06	2.136866e-09	3.845572e+01	1.408790e+02
3.680000e-06	5.419210e-06	2.143445e-09	3.845907e+01	1.407787e+02
3.690000e-06	5.419341e-06	2.146062e-09	3.846000e+01	1.406779e+02
3.700000e-06	5.419240e-06	2.142664e-09	3.845929e+01	1.405771e+02
3.710000e-06	5.418891e-06	2.137081e-09	3.845680e+01	1.404767e+02
3.720000e-06	5.418235e-06	2.132207e-09	3.845215e+01	1.403771e+02
3.730000e-06	5.417196e-06	2.128170e-09	3.844477e+01	1.402786e+02
3.740000e-06	5.415782e-06	2.121959e-09	3.843474e+01	1.401816e+02
3.750000e-06	5.414029e-06	2.110400e-09	3.842230e+01	1.400864e+02
3.760000e-06	5.411950e-06	2.091232e-09	3.840755e+01	1.399932e+02
3.770000e-06	5.409568e-06	2.091712e-09	3.839064e+01	1.399025e+02
3.780000e-06	5.406814e-06	2.122698e-09	3.837110e+01	1.398143e+02
3.790000e-06	5.403706e-06	2.100085e-09	3.834904e+01	1.397289e+02
3.800000e-06	5.400128e-06	2.077993e-09	3.832365e+01	1.396464e+02
3.810000e-06	5.396059e-06	2.118642e-09	3.829477e+01	1.395669e+02
3.820000e-06	5.391791e-06	2.113856e-09	3.826448e+01	1.394904e+02
3.830000e-06	5.387408e-06	2.079647e-09	3.823338e+01	1.394171e+02
3.840000e-06	5.382615e-06	2.025278e-09	3.819936e+01	1.393467e+02
3.850000e-06	5.377196e-06	2.068961e-09	3.816091e+01	1.392794e+02
3.860000e-06	5.371307e-06	2.118242e-09	3.811911e+01	1.392148e+02
3.870000e-06	5.365145e-06	2.070086e-09	3.807538e+01	1.391529e+02
3.880000e-06	5.358506e-06	2.050862e-09	3.802827e+01	1.390935e+02
3.890000e-06	5.351123e-06	2.090567e-09	3.797587e+01	1.390362e+02
3.900000e-06	5.343263e-06	2.117814e-09	3.792009e+01	1.389807e+02
3.910000e-06	5.335188e-06	2.031493e-09	3.786278e+01	1.389268e+02
3.920000e-06	5.326775e-06	2.023041e-09	3.780308e+01	1.388740e+02
3.930000e-06	5.317997e-06	2.083244e-09	3.774078e+01	1.388220e+02
3.940000e-06	5.308985e-06	2.089456e-09	3.767683e+01	1.387702e+02
3.950000e-06	5.299678e-06	2.025351e-09	3.761077e+01	1.387182e+02
3.960000e-06	5.289963e-06	2.065182e-09	3.754183e+01	1.386656e+02
3.970000e-06	5.279862e-06	2.131975e-09	3.747015e+01	1.386117e+02
3.980000e-06	5.269424e-06	2.095399e-09	3.739607e+01	1.385561e+02
3.990000e-06	5.258553e-06	2.066177e-09	3.731892e+01	1.384983e+02
4.000000e-06	5.247227e-06	2.143469e-09	3.723854e+01	1.384376e+02
4.010000e-06	5.235587e-06	2.167781e-09	3.715594e+01	1.383736e+02
4.020000e-06	5.223579e-06	2.088467e-09	3.707071e+01	1.383057e+02
4.030000e-06	5.211175e-06	2.084768e-09	3.698269e+01	1.382334e+02
4.040000e-06	5.198295e-06	2.134588e-09	3.689128e+01	1.381562e+02
4.050000e-06	5.184926e-06	2.084813e-09	3.679640e+01	1.380736e+02
4.060000e-06	5.171161e-06	2.027423e-09	3.669872e+01	1.379851e+02
4.070000e-06	5.156718e-06	2.106372e-09	3.659622e+01	1.378903e+02
4.080000e-06	5.141540e-06	2.133371e-09	3.648850e+01	1.377887e+02
4.090000e-06	5.125906e-06	2.070827e-09	3.637755e+01	1.376800e+02
4.100000e-06	5.109983e-06	2.073035e-09	3.626455e+01	1.375639e+02
4.110000e-06	5.093828e-06	2.116774e-09	3.614990e+01	1.374400e+02
4.120000e-06	5.077412e-06	2.058831e-09	3.603340e+01	1.373081e+02
4.130000e-06	5.060683e-06	2.023966e-09	3.591468e+01	1.371679e+02
4.140000e-06	5.043595e-06	2.054459e-09	3.579340e+01	1.370194e+02
4.150000e-06	5.026168e-06	2.056700e-09	3.566973e+01	1.368623e+02
4.160000e-06	5.008334e-06	2.033582e-09	3.554316e+01	1.366967e+02
4.170000e-06	4.990150e-06	2.071470e-09	3.541411e+01	1.365223e+02
4.180000e-06	4.971669e-06	2.071472e-09	3.528296e+01	1.363394e+02
4.190000e-06	4.952834e-06	2.032340e-09	3.514929e+01	1.361480e+02
4.200000e-06	4.933648e-06	2.026282e-09	3.501313e+01	1.359481e+02
4.210000e-06	4.914147e-06	2.029382e-09	3.487474e+01	1.357399e+02
4.220000e-06	4.894408e-06	2.003087e-09	3.473466e+01	1.355236e+02
4.230000e-06	4.874433e-06	2.004325e-09	3.459289e+01	1.352994e+02
4.240000e-06	4.854207e-06	2.022120e-09	3.444935e+01	1.350676e+02
4.250000e-06	4.833788e-06	2.021859e-09	3.430444e+01	1.348285e+02
4.260000e-06	4.813045e-06	2.021536e-09	3.415724e+01	1.345824e+02
4.270000e-06	4.791810e-06	2.015738e-09	3.400654e+01	1.343297e+02
4.280000e-06	4.769984e-06	2.002365e-09	3.385164e+01	1.340706e+02
4.290000e-06	4.747547e-06	1.998725e-09	3.369241e+01	1.338057e+02
4.300000e-06	4.724631e-06	1.991839e-09	3.352978e+01	1.335353e+02
4.310000e-06	4.701364e-06	1.976545e-09	3.336466e+01	1.332598e+02
4.320000e-06	4.677739e-06	1.981175e-09	3.319700e+01	1.329796e+02
4.330000e-06	4.653784e-06	1.979136e-09	3.302699e+01	1.326951e+02
4.340000e-06	4.629609e-06	1.965341e-09	3.285542e+01	1.324067e+02
4.350000e-06	4.605239e-06	1.959018e-09	3.268248e+01	1.321149e+02
4.360000e-06	4.580611e-06	1.956836e-09	3.250770e+01	1.318199e+02
4.370000e-06	4.555666e-06	1.945083e-09	3.233067e+01	1.315222e+02
4.380000e-06	4.530370e-06	1.949759e-09	3.215115e+01	1.312220e+02
4.390000e-06	4.504726e-06	1.951577e-09	3.196916e+01	1.309197e+02
4.400000e-06	4.478781e-06	1.944218e-09	3.178503e+01	1.306157e+02
4.410000e-06	4.452527e-06	1.936220e-09	3.159871e+01	1.303101e+02
4.420000e-06	4.425959e-06	1.930488e-09	3.141016e+01	1.300032e+02
4.430000e-06	4.399108e-06	1.917085e-09	3.121961e+01	1.296952e+02
4.440000e-06	4.371972e-06	1.913921e-09	3.102703e+01	1.293863e+02
4.450000e-06	4.344492e-06	1.914333e-09	3.083201e+01	1.290765e+02
4.460000e-06	4.316765e-06	1.918212e-09	3.063523e+01	1.287661e+02
4.470000e-06	4.288873e-06	1.923113e-09	3.043729e+01	1.284550e+02
4.480000e-06	4.260765e-06	1.924912e-09	3.023781e+01	1.281434e+02
4.490000e-06	4.232401e-06	1.919028e-09	3.003652e+01	1.278311e+02
4.500000e-06	4.203738e-06	1.915875e-09	2.983310e+01	1.275182e+02
4.510000e-06	4.174756e-06	1.907318e-09	2.962743e+01	1.272046e+02
4.520000e-06	4.145414e-06	1.897198e-09	2.941919e+01	1.268902e+02
4.530000e-06	4.115557e-06	1.894338e-09	2.920730e+01	1.265749e+02
4.540000e-06	4.085172e-06	1.897126e-09	2.899167e+01	1.262586e+02
4.550000e-06	4.054386e-06	1.898947e-09	2.877318e+01	1.259411e+02
4.560000e-06	4.023211e-06	1.897846e-09	2.855194e+01	1.256221e+02
4.570000e-06	3.991735e-06	1.892461e-09	2.832856e+01	1.253016e+02
4.580000e-06	3.960011e-06	1.883914e-09	2.810342e+01	1.249792e+02
4.590000e-06	3.927996e-06	1.875675e-09	2.787622e+01	1.246549e+02
4.600000e-06	3.895796e-06	1.867709e-09	2.764770e+01	1.243282e+02
4.610000e-06	3.863443e-06	1.863602e-09	2.741810e+01	1.239992e+02
4.620000e-06	3.830868e-06	1.859488e-09	2.718692e+01	1.236674e+02
4.630000e-06	3.798045e-06	1.857958e-09	2.695398e+01	1.233327e+02
4.640000e-06	3.764970e-06	1.855271e-09	2.671925e+01	1.229949e+02
4.650000e-06	3.731624e-06	1.851454e-09	2.648261e+01	1.226537e+02
4.660000e-06	3.698001e-06	1.842973e-09	2.624399e+01	1.223091e+02
4.670000e-06	3.664152e-06	1.834865e-09	2.600377e+01	1.219607e+02
4.680000e-06	3.630074e-06	1.826847e-09	2.576192e+01	1.216084e+02
4.690000e-06	3.595804e-06	1.821501e-09	2.551871e+01	1.212522e+02
4.700000e-06	3.561305e-06	1.816077e-09	2.527388e+01	1.208918e+02
4.710000e-06	3.526493e-06	1.811988e-09	2.502683e+01	1.205272e+02
4.720000e-06	3.491363e-06	1.808037e-09	2.477752e+01	1.201582e+02
4.730000e-06	3.455999e-06	1.806124e-09	2.452655e+01	1.197849e+02
4.740000e-06	3.420443e-06	1.802889e-09	2.427422e+01	1.194072e+02
4.750000e-06	3.384704e-06	1.798380e-09	2.402058e+01	1.190251e+02
4.760000e-06	3.348818e-06	1.790051e-09	2.376590e+01	1.186385e+02
4.770000e-06	3.312774e-06	1.783250e-09	2.351011e+01	1.182476e+02
4.780000e-06	3.276569e-06	1.777446e-09	2.325316e+01	1.178524e+02
4.790000e-06	3.240139e-06	1.769807e-09	2.299463e+01	1.174528e+02
4.800000e-06	3.203515e-06	1.760365e-09	2.273472e+01	1.170491e+02
4.810000e-06	3.166713e-06	1.753948e-09	2.247354e+01	1.166412e+02
4.820000e-06	3.129680e-06	1.749811e-09	2.221072e+01	1.162294e+02
4.830000e-06	3.092315e-06	1.745266e-09	2.194555e+01	1.158137e+02
4.840000e-06	3.054578e-06	1.739271e-09	2.167774e+01	1.153942e+02
4.850000e-06	3.016483e-06	1.732721e-09	2.140739e+01	1.149710e+02
4.860000e-06	2.977953e-06	1.725840e-09	2.113395e+01	1.145444e+02
4.870000e-06	2.939040e-06	1.717791e-09	2.085779e+01	1.141143e+02
4.880000e-06	2.899874e-06	1.709655e-09	2.057984e+01	1.136809e+02
4.890000e-06	2.860472e-06	1.701294e-09	2.030021e+01	1.132443e+02
4.900000e-06	2.820826e-06	1.692961e-09	2.001885e+01	1.128046e+02
4.910000e-06	2.780965e-06	1.684653e-09	1.973596e+01	1.123618e+02
4.920000e-06	2.740950e-06	1.679219e-09	1.945198e+01	1.119161e+02
4.930000e-06	2.700803e-06	1.674622e-09	1.916707e+01	1.114674e+02
4.940000e-06	2.660528e-06	1.670847e-09	1.888124e+01	1.110158e+02
4.950000e-06	2.620157e-06	1.666513e-09	1.859474e+01	1.105613e+02
4.960000e-06	2.579721e-06	1.659425e-09	1.830778e+01	1.101038e+02
4.970000e-06	2.539116e-06	1.648921e-09	1.801961e+01	1.096434e+02
4.980000e-06	2.498324e-06	1.641001e-09	1.773012e+01	1.091798e+02
4.990000e-06	2.457390e-06	1.635089e-09	1.743962e+01	1.087130e+02
5.000000e-06	2.416240e-06	1.628552e-09	1.714758e+01	1.082429e+02
5.010000e-06	2.374965e-06	1.620885e-09	1.685466e+01	1.077693e+02
5.020000e-06	2.333560e-06	1.613527e-09	1.656082e+01	1.072919e+02
5.030000e-06	2.291964e-06	1.605829e-09	1.626562e+01	1.068107e+02
5.040000e-06	2.250196e-06	1.598969e-09	1.596920e+01	1.063253e+02
5.050000e-06	2.208272e-06	1.590822e-09	1.567167e+01	1.058354e+02
5.060000e-06	2.166229e-06	1.583416e-09	1.537330e+01	1.053408e+02
5.070000e-06	2.124020e-06	1.576912e-09	1.507375e+01	1.048412e+02
5.080000e-06	2.081620e-06	1.569627e-09	1.477285e+01	1.043363e+02
5.090000e-06	2.039074e-06	1.560717e-09	1.447091e+01	1.038256e+02
5.100000e-06	1.996353e-06	1.552523e-09	1.416773e+01	1.033088e+02
5.110000e-06	1.953478e-06	1.546618e-09	1.386345e+01	1.027856e+02
5.120000e-06	1.910535e-06	1.542188e-09	1.355869e+01	1.022556e+02
5.130000e-06	1.867463e-06	1.535962e-09	1.325302e+01	1.017183e+02
5.140000e-06	1.824222e-06	1.528862e-09	1.294614e+01	1.011735e+02
5.150000e-06	1.780841e-06	1.522988e-09	1.263828e+01	1.006206e+02
5.160000e-06	1.737322e-06	1.515555e-09	1.232944e+01	1.000594e+02
5.170000e-06	1.693661e-06	1.505042e-09	1.201958e+01	9.948937e+01
5.180000e-06	1.649959e-06	1.491149e-09	1.170943e+01	9.891021e+01
5.190000e-06	1.606247e-06	1.481355e-09	1.139922e+01	9.832153e+01
5.200000e-06	1.562427e-06	1.476898e-09	1.108824e+01	9.772297e+01
5.210000e-06	1.518485e-06	1.472272e-09	1.077639e+01	9.711418e+01
5.220000e-06	1.474439e-06	1.464073e-09	1.046380e+01	9.649482e+01
5.230000e-06	1.430329e-06	1.455907e-09	1.015077e+01	9.586456e+01
5.240000e-06	1.386163e-06	1.450023e-09	9.837324e+00	9.522310e+01
5.250000e-06	1.341961e-06	1.442475e-09	9.523634e+00	9.457015e+01
5.260000e-06	1.297741e-06	1.432296e-09	9.209813e+00	9.390541e+01
5.270000e-06	1.253466e-06	1.420309e-09	8.895603e+00	9.322862e+01
5.280000e-06	1.209166e-06	1.408299e-09	8.581212e+00	9.253952e+01
5.290000e-06	1.164851e-06	1.398158e-09	8.266720e+00	9.183786e+01
5.300000e-06	1.120475e-06	1.387978e-09	7.951789e+00	9.112340e+01
5.310000e-06	1.076014e-06	1.376839e-09	7.636263e+00	9.039590e+01
5.320000e-06	1.031492e-06	1.366240e-09	7.320294e+00	8.965514e+01
5.330000e-06	9.868753e-07	1.359106e-09	7.003661e+00	8.890088e+01
5.340000e-06	9.421395e-07	1.352782e-09	6.686179e+00	8.813288e+01
5.350000e-06	8.973300e-07	1.343782e-09	6.368175e+00	8.735091e+01
5.360000e-06	8.524939e-07	1.332516e-09	6.049982e+00	8.655471e+01
5.370000e-06	8.076306e-07	1.318428e-09	5.731596e+00	8.574402e+01
5.380000e-06	7.627000e-07	1.302466e-09	5.412732e+00	8.491855e+01
5.390000e-06	7.177745e-07	1.288115e-09	5.093905e+00	8.407800e+01
5.400000e-06	6.728561e-07	1.276136e-09	4.775128e+00	8.322204e+01
5.410000e-06	6.278350e-07	1.265152e-09	4.455622e+00	8.235031e+01
5.420000e-06	5.827374e-07	1.253882e-09	4.135573e+00	8.146241e+01
5.430000e-06	5.376187e-07	1.241454e-09	3.815375e+00	8.055791e+01
5.440000e-06	4.923891e-07	1.227474e-09	3.494389e+00	7.963635e+01
5.450000e-06	4.469796e-07	1.210786e-09	3.172127e+00	7.869720e+01
5.460000e-06	4.015630e-07	1.191804e-09	2.849813e+00	7.773991e+01
5.470000e-06	3.562332e-07	1.174452e-09	2.528117e+00	7.676386e+01
5.480000e-06	3.108503e-07	1.161042e-09	2.206044e+00	7.576841e+01
5.490000e-06	2.652906e-07	1.149779e-09	1.882715e+00	7.475284e+01
5.500000e-06	2.197340e-07	1.135864e-09	1.559409e+00	7.371639e+01
5.510000e-06	1.742167e-07	1.117197e-09	1.236382e+00	7.265825e+01
5.520000e-06	1.287186e-07	1.098600e-09	9.134903e-01	7.157755e+01
5.530000e-06	8.334058e-08	1.082890e-09	5.914517e-01	7.047338e+01
5.540000e-06	3.801977e-08	1.066872e-09	2.698189e-01	6.934478e+01
5.550000e-06	-7.340029e-09	1.049142e-09	-5.209074e-02	6.819074e+01
5.560000e-06	-5.279893e-08	1.031024e-09	-3.747037e-01	6.701021e+01
5.570000e-06	-9.827837e-08	1.012886e-09	-6.974623e-01	6.580210e+01
5.580000e-06	-1.436819e-07	9.932996e-10	-1.019682e+00	6.456530e+01
5.590000e-06	-1.890768e-07	9.700824e-10	-1.341841e+00	6.329865e+01
5.600000e-06	-2.345383e-07	9.461067e-10	-1.664472e+00	6.200098e+01
5.610000e-06	-2.799648e-07	9.255323e-10	-1.986855e+00	6.067112e+01
5.620000e-06	-3.253673e-07	9.063292e-10	-2.309068e+00	5.930785e+01
5.630000e-06	-3.707257e-07	8.858398e-10	-2.630968e+00	5.791000e+01
5.640000e-06	-4.160127e-07	8.648462e-10	-2.952361e+00	5.647637e+01
5.650000e-06	-4.612170e-07	8.441184e-10	-3.273167e+00	5.500580e+01
5.660000e-06	-5.063558e-07	8.209040e-10	-3.593508e+00	5.349714e+01
5.670000e-06	-5.514967e-07	7.943952e-10	-3.913864e+00	5.194928e+01
5.680000e-06	-5.966192e-07	7.658551e-10	-4.234089e+00	5.036118e+01
5.690000e-06	-6.416016e-07	7.381632e-10	-4.553321e+00	4.873181e+01
5.700000e-06	-6.865279e-07	7.123939e-10	-4.872154e+00	4.706023e+01
5.710000e-06	-7.314301e-07	6.874082e-10	-5.190816e+00	4.534558e+01
5.720000e-06	-7.762634e-07	6.649934e-10	-5.508989e+00	4.358708e+01
5.730000e-06	-8.210684e-07	6.448843e-10	-5.826962e+00	4.178404e+01
5.740000e-06	-8.657411e-07	6.222542e-10	-6.143995e+00	3.993586e+01
5.750000e-06	-9.103835e-07	5.936738e-10	-6.460813e+00	3.804208e+01
5.760000e-06	-9.550082e-07	5.600484e-10	-6.777506e+00	3.610234e+01
5.770000e-06	-9.995212e-07	5.242003e-10	-7.093406e+00	3.411642e+01
5.780000e-06	-1.043975e-06	4.890939e-10	-7.408886e+00	3.208423e+01
5.790000e-06	-1.088365e-06	4.548921e-10	-7.723915e+00	3.000582e+01
5.800000e-06	-1.132683e-06	4.211570e-10	-8.038432e+00	2.788139e+01
5.810000e-06	-1.176920e-06	3.914421e-10	-8.352373e+00	2.571130e+01
5.820000e-06	-1.221079e-06	3.653798e-10	-8.665758e+00	2.349606e+01
5.830000e-06	-1.265226e-06	3.352244e-10	-8.979060e+00	2.123634e+01
5.840000e-06	-1.309343e-06	2.989367e-10	-9.292149e+00	1.893298e+01
5.850000e-06	-1.353409e-06	2.615030e-10	-9.604878e+00	1.658698e+01
5.860000e-06	-1.397436e-06	2.261932e-10	-9.917328e+00	1.419950e+01
5.870000e-06	-1.441465e-06	1.898938e-10	-1.022980e+01	1.177187e+01
5.880000e-06	-1.485446e-06	1.500788e-10	-1.054192e+01	9.305594e+00
5.890000e-06	-1.529376e-06	1.096814e-10	-1.085368e+01	6.802308e+00
5.900000e-06	-1.573253e-06	7.362493e-11	-1.116507e+01	4.263824e+00
5.910000e-06	-1.617021e-06	3.907569e-11	-1.147568e+01	1.692096e+00
5.920000e-06	-1.660712e-06	7.620036e-13	-1.178575e+01	-9.107733e-01
5.930000e-06	-1.704250e-06	-4.017250e-11	-1.209473e+01	-3.542546e+00
5.940000e-06	-1.747618e-06	-8.021853e-11	-1.240250e+01	-6.200855e+00
5.950000e-06	-1.790927e-06	-1.201555e-10	-1.270986e+01	-8.883209e+00
5.960000e-06	-1.834104e-06	-1.625714e-10	-1.301628e+01	-1.158701e+01
5.970000e-06	-1.877080e-06	-2.079739e-10	-1.332127e+01	-1.430955e+01
5.980000e-06	-1.919890e-06	-2.510365e-10	-1.362508e+01	-1.704804e+01
5.990000e-06	-1.962545e-06	-2.919205e-10	-1.392780e+01	-1.979961e+01
6.000000e-06	-2.005053e-06	-3.361352e-10	-1.422947e+01	-2.256132e+01
6.010000e-06	-2.047415e-06	-3.838136e-10	-1.453010e+01	-2.533018e+01
6.020000e-06	-2.089696e-06	-4.296075e-10	-1.483017e+01	-2.810315e+01
6.030000e-06	-2.131924e-06	-4.731301e-10	-1.512985e+01	-3.087717e+01
6.040000e-06	-2.174017e-06	-5.187567e-10	-1.542858e+01	-3.364916e+01
6.050000e-06	-2.215961e-06	-5.640491e-10	-1.572624e+01	-3.641604e+01
6.060000e-06	-2.257743e-06	-6.064463e-10	-1.602276e+01	-3.917474e+01
6.070000e-06	-2.299281e-06	-6.470882e-10	-1.631755e+01	-4.192221e+01
6.080000e-06	-2.340680e-06	-6.879414e-10	-1.661134e+01	-4.465545e+01
6.090000e-06	-2.381970e-06	-7.296390e-10	-1.690438e+01	-4.737149e+01
6.100000e-06	-2.423081e-06	-7.729400e-10	-1.719613e+01	-5.006745e+01
6.110000e-06	-2.463937e-06	-8.158236e-10	-1.748607e+01	-5.274048e+01
6.120000e-06	-2.504542e-06	-8.609053e-10	-1.777425e+01	-5.538786e+01
6.130000e-06	-2.545012e-06	-9.071060e-10	-1.806145e+01	-5.800694e+01
6.140000e-06	-2.585337e-06	-9.494166e-10	-1.834763e+01	-6.059517e+01
6.150000e-06	-2.625542e-06	-9.877981e-10	-1.863295e+01	-6.315013e+01
6.160000e-06	-2.665664e-06	-1.025450e-09	-1.891769e+01	-6.566951e+01
6.170000e-06	-2.705711e-06	-1.062794e-09	-1.920190e+01	-6.815114e+01
6.180000e-06	-2.745654e-06	-1.100026e-09	-1.948537e+01	-7.059297e+01
6.190000e-06	-2.785437e-06	-1.138423e-09	-1.976770e+01	-7.299310e+01
6.200000e-06	-2.825038e-06	-1.178965e-09	-2.004874e+01	-7.534977e+01
6.210000e-06	-2.864452e-06	-1.217947e-09	-2.032846e+01	-7.766139e+01
6.220000e-06	-2.903590e-06	-1.252120e-09	-2.060621e+01	-7.992650e+01
6.230000e-06	-2.942430e-06	-1.282002e-09	-2.088185e+01	-8.214380e+01
6.240000e-06	-2.981017e-06	-1.313346e-09	-2.115570e+01	-8.431213e+01
6.250000e-06	-3.019235e-06	-1.347486e-09	-2.142692e+01	-8.643052e+01
6.260000e-06	-3.056983e-06	-1.380367e-09	-2.169481e+01	-8.849812e+01
6.270000e-06	-3.094363e-06	-1.410867e-09	-2.196009e+01	-9.051425e+01
6.280000e-06	-3.131511e-06	-1.442232e-09	-2.222372e+01	-9.247837e+01
6.290000e-06	-3.168367e-06	-1.477083e-09	-2.248528e+01	-9.439009e+01
6.300000e-06	-3.204904e-06	-1.508329e-09	-2.274458e+01	-9.624916e+01
6.310000e-06	-3.241199e-06	-1.529972e-09	-2.300215e+01	-9.805547e+01
6.320000e-06	-3.277311e-06	-1.547307e-09	-2.325844e+01	-9.980903e+01
6.330000e-06	-3.313349e-06	-1.572624e-09	-2.351419e+01	-1.015100e+02
6.340000e-06	-3.349351e-06	-1.603918e-09	-2.376968e+01	-1.031586e+02
6.350000e-06	-3.385246e-06	-1.632182e-09	-2.402443e+01	-1.047553e+02
6.360000e-06	-3.420927e-06	-1.656720e-09	-2.427764e+01	-1.063005e+02
6.370000e-06	-3.456289e-06	-1.681871e-09	-2.452861e+01	-1.077949e+02
6.380000e-06	-3.491386e-06	-1.705363e-09	-2.477768e+01	-1.092390e+02
6.390000e-06	-3.526336e-06	-1.720959e-09	-2.502571e+01	-1.106336e+02
6.400000e-06	-3.561064e-06	-1.732035e-09	-2.527217e+01	-1.119796e+02
6.410000e-06	-3.595483e-06	-1.747857e-09	-2.551644e+01	-1.132778e+02
6.420000e-06	-3.629575e-06	-1.770490e-09	-2.575838e+01	-1.145293e+02
6.430000e-06	-3.663377e-06	-1.794826e-09	-2.599827e+01	-1.157350e+02
6.440000e-06	-3.697036e-06	-1.814141e-09	-2.623714e+01	-1.168959e+02
6.450000e-06	-3.730448e-06	-1.831032e-09	-2.647426e+01	-1.180133e+02
6.460000e-06	-3.763453e-06	-1.847704e-09	-2.670849e+01	-1.190881e+02
6.470000e-06	-3.796169e-06	-1.862657e-09	-2.694067e+01	-1.201216e+02
6.480000e-06	-3.828671e-06	-1.876448e-09	-2.717133e+01	-1.211148e+02
6.490000e-06	-3.860965e-06	-1.890864e-09	-2.740051e+01	-1.220690e+02
6.500000e-06	-3.893101e-06	-1.906224e-09	-2.762858e+01	-1.229854e+02
6.510000e-06	-3.925093e-06	-1.921433e-09	-2.785562e+01	-1.238652e+02
6.520000e-06	-3.956909e-06	-1.934940e-09	-2.808141e+01	-1.247094e+02
6.530000e-06	-3.988473e-06	-1.946113e-09	-2.830541e+01	-1.255193e+02
6.540000e-06	-4.019725e-06	-1.954575e-09	-2.852720e+01	-1.262961e+02
6.550000e-06	-4.050611e-06	-1.961649e-09	-2.874640e+01	-1.270409e+02
6.560000e-06	-4.081044e-06	-1.971053e-09	-2.896237e+01	-1.277549e+02
6.570000e-06	-4.110985e-06	-1.983171e-09	-2.917486e+01	-1.284390e+02
6.580000e-06	-4.140429e-06	-1.996212e-09	-2.938381e+01	-1.290945e+02
6.590000e-06	-4.169390e-06	-2.006353e-09	-2.958934e+01	-1.297224e+02
6.600000e-06	-4.197938e-06	-2.013127e-09	-2.979194e+01	-1.303238e+02
6.610000e-06	-4.226230e-06	-2.017313e-09	-2.999273e+01	-1.308995e+02
6.620000e-06	-4.254364e-06	-2.021609e-09	-3.019239e+01	-1.314507e+02
6.630000e-06	-4.282338e-06	-2.027973e-09	-3.039091e+01	-1.319783e+02
6.640000e-06	-4.310157e-06	-2.035611e-09	-3.058834e+01	-1.324832e+02
6.650000e-06	-4.337744e-06	-2.043775e-09	-3.078412e+01	-1.329663e+02
6.660000e-06	-4.364979e-06	-2.053397e-09	-3.097740e+01	-1.334285e+02
6.670000e-06	-4.391868e-06	-2.063014e-09	-3.116822e+01	-1.338707e+02
6.680000e-06	-4.418425e-06	-2.069047e-09	-3.135670e+01	-1.342936e+02
6.690000e-06	-4.444695e-06	-2.070096e-09	-3.154313e+01	-1.346981e+02
6.700000e-06	-4.470756e-06	-2.070817e-09	-3.172808e+01	-1.350849e+02
6.710000e-06	-4.496476e-06	-2.074155e-09	-3.191061e+01	-1.354547e+02
6.720000e-06	-4.521766e-06	-2.079332e-09	-3.209009e+01	-1.358083e+02
6.730000e-06	-4.546669e-06	-2.086590e-09	-3.226682e+01	-1.361464e+02
6.740000e-06	-4.571277e-06	-2.094989e-09	-3.244146e+01	-1.364696e+02
6.750000e-06	-4.595651e-06	-2.103987e-09	-3.261443e+01	-1.367786e+02
6.760000e-06	-4.619861e-06	-2.111893e-09	-3.278625e+01	-1.370740e+02
6.770000e-06	-4.643886e-06	-2.116507e-09	-3.295675e+01	-1.373564e+02
6.780000e-06	-4.667676e-06	-2.119473e-09	-3.312558e+01	-1.376264e+02
6.790000e-06	-4.691251e-06	-2.125654e-09	-3.329289e+01	-1.378845e+02
6.800000e-06	-4.714430e-06	-2.133553e-09	-3.345739e+01	-1.381312e+02
6.810000e-06	-4.737045e-06	-2.138449e-09	-3.361788e+01	-1.383671e+02
6.820000e-06	-4.759102e-06	-2.140702e-09	-3.377442e+01	-1.385927e+02
6.830000e-06	-4.780604e-06	-2.143071e-09	-3.392701e+01	-1.388084e+02
6.840000e-06	-4.801541e-06	-2.147395e-09	-3.407559e+01	-1.390146e+02
6.850000e-06	-4.822110e-06	-2.152196e-09	-3.422157e+01	-1.392117e+02
6.860000e-06	-4.842467e-06	-2.156305e-09	-3.436604e+01	-1.394002e+02
6.870000e-06	-4.862606e-06	-2.160219e-09	-3.450896e+01	-1.395804e+02
6.880000e-06	-4.882525e-06	-2.165122e-09	-3.465033e+01	-1.397527e+02
6.890000e-06	-4.902153e-06	-2.171232e-09	-3.478962e+01	-1.399173e+02
6.900000e-06	-4.921412e-06	-2.174570e-09	-3.492629e+01	-1.400746e+02
6.910000e-06	-4.940298e-06	-2.175750e-09	-3.506032e+01	-1.402249e+02
6.920000e-06	-4.958808e-06	-2.177368e-09	-3.519169e+01	-1.403683e+02
6.930000e-06	-4.976982e-06	-2.180293e-09	-3.532067e+01	-1.405050e+02
6.940000e-06	-4.994902e-06	-2.183884e-09	-3.544784e+01	-1.406353e+02
6.950000e-06	-5.012589e-06	-2.186396e-09	-3.557336e+01	-1.407594e+02
6.960000e-06	-5.029935e-06	-2.187746e-09	-3.569646e+01	-1.408773e+02
6.970000e-06	-5.046887e-06	-2.189632e-09	-3.581677e+01	-1.409892e+02
6.980000e-06	-5.063490e-06	-2.192691e-09	-3.593459e+01	-1.410952e+02
6.990000e-06	-5.079796e-06	-2.195227e-09	-3.605032e+01	-1.411953e+02
7.000000e-06	-5.095864e-06	-2.195872e-09	-3.616435e+01	-1.412896e+02
7.010000e-06	-5.111687e-06	-2.196028e-09	-3.627664e+01	-1.413781e+02
7.020000e-06	-5.127265e-06	-2.197974e-09	-3.638719e+01	-1.414609e+02
7.030000e-06	-5.142301e-06	-2.200754e-09	-3.649390e+01	-1.415378e+02
7.040000e-06	-5.156580e-06	-2.202395e-09	-3.659523e+01	-1.416089e+02
7.050000e-06	-5.170293e-06	-2.202366e-09	-3.669256e+01	-1.416742e+02
7.060000e-06	-5.183480e-06	-2.201593e-09	-3.678614e+01	-1.417336e+02
7.070000e-06	-5.196186e-06	-2.201360e-09	-3.687631e+01	-1.417871e+02
7.080000e-06	-5.208593e-06	-2.201122e-09	-3.696437e+01	-1.418345e+02
7.090000e-06	-5.220639e-06	-2.201193e-09	-3.704985e+01	-1.418759e+02
7.100000e-06	-5.232302e-06	-2.202238e-09	-3.713262e+01	-1.419111e+02
7.110000e-06	-5.243601e-06	-2.202655e-09	-3.721281e+01	-1.419401e+02
7.120000e-06	-5.254420e-06	-2.202662e-09	-3.728958e+01	-1.419629e+02
7.130000e-06	-5.264841e-06	-2.202291e-09	-3.736354e+01	-1.419793e+02
7.140000e-06	-5.274973e-06	-2.201814e-09	-3.743545e+01	-1.419894e+02
7.150000e-06	-5.284845e-06	-2.202277e-09	-3.750551e+01	-1.419932e+02
7.160000e-06	-5.294397e-06	-2.202083e-09	-3.757330e+01	-1.419905e+02
7.170000e-06	-5.303489e-06	-2.200021e-09	-3.763782e+01	-1.419814e+02
7.180000e-06	-5.312153e-06	-2.197232e-09	-3.769931e+01	-1.419660e+02
7.190000e-06	-5.320543e-06	-2.196134e-09	-3.775885e+01	-1.419443e+02
7.200000e-06	-5.328719e-06	-2.196919e-09	-3.781687e+01	-1.419163e+02
7.210000e-06	-5.336693e-06	-2.196960e-09	-3.787346e+01	-1.418822e+02
7.220000e-06	-5.344311e-06	-2.196009e-09	-3.792753e+01	-1.418420e+02
7.230000e-06	-5.351432e-06	-2.194600e-09	-3.797806e+01	-1.417959e+02
7.240000e-06	-5.358019e-06	-2.192845e-09	-3.802481e+01	-1.417441e+02
7.250000e-06	-5.364071e-06	-2.190917e-09	-3.806776e+01	-1.416868e+02
7.260000e-06	-5.369471e-06	-2.188570e-09	-3.810608e+01	-1.416242e+02
7.270000e-06	-5.374354e-06	-2.186447e-09	-3.814074e+01	-1.415566e+02
7.280000e-06	-5.378910e-06	-2.185523e-09	-3.817307e+01	-1.414842e+02
7.290000e-06	-5.383116e-06	-2.186440e-09	-3.820292e+01	-1.414074e+02
7.300000e-06	-5.387183e-06	-2.185157e-09	-3.823178e+01	-1.413264e+02
7.310000e-06	-5.390995e-06	-2.182027e-09	-3.825884e+01	-1.412417e+02
7.320000e-06	-5.394325e-06	-2.179843e-09	-3.828246e+01	-1.411535e+02
7.330000e-06	-5.397271e-06	-2.177312e-09	-3.830337e+01	-1.410624e+02
7.340000e-06	-5.399896e-06	-2.175293e-09	-3.832200e+01	-1.409686e+02
7.350000e-06	-5.402149e-06	-2.173098e-09	-3.833799e+01	-1.408727e+02
7.360000e-06	-5.404119e-06	-2.173217e-09	-3.835198e+01	-1.407749e+02
7.370000e-06	-5.405898e-06	-2.174350e-09	-3.836460e+01	-1.406758e+02
7.380000e-06	-5.407240e-06	-2.175626e-09	-3.837412e+01	-1.405758e+02
7.390000e-06	-5.408106e-06	-2.174496e-09	-3.838027e+01	-1.404753e+02
7.400000e-06	-5.408689e-06	-2.170977e-09	-3.838440e+01	-1.403746e+02
