# Temperatura_=_-1.1
# Concentracion g/m^3_=_4090.0
# C_Vs_to_Am_M_A/Vsm_=_65563218390.804596
# pendiente_HvsI_1/m_=_3716.3
# ordenada_HvsI_A/m_=_1297.0
# frecuencia_Hz_=_135075.92895907263

Tiempo_(s)	Campo_(V.s)	Magnetizacion_(V.s)	Campo_(kA/m)	Magnetizacion_(A/m)
0.000000e+00	-5.433172e-06	-2.111215e-09	-3.839243e+01	-1.408319e+02
1.000000e-08	-5.433240e-06	-2.107424e-09	-3.839291e+01	-1.407381e+02
2.000000e-08	-5.433096e-06	-2.102754e-09	-3.839189e+01	-1.406500e+02
3.000000e-08	-5.432676e-06	-2.096029e-09	-3.838892e+01	-1.405680e+02
4.000000e-08	-5.431784e-06	-2.090219e-09	-3.838262e+01	-1.404928e+02
5.000000e-08	-5.430359e-06	-2.091202e-09	-3.837255e+01	-1.404249e+02
6.000000e-08	-5.428457e-06	-2.097545e-09	-3.835911e+01	-1.403647e+02
7.000000e-08	-5.425902e-06	-2.096996e-09	-3.834106e+01	-1.403127e+02
8.000000e-08	-5.422595e-06	-2.091768e-09	-3.831769e+01	-1.402691e+02
9.000000e-08	-5.418737e-06	-2.113262e-09	-3.829043e+01	-1.402341e+02
1.000000e-07	-5.414454e-06	-2.157048e-09	-3.826016e+01	-1.402079e+02
1.100000e-07	-5.409957e-06	-2.120522e-09	-3.822838e+01	-1.401906e+02
1.200000e-07	-5.405385e-06	-2.060853e-09	-3.819608e+01	-1.401821e+02
1.300000e-07	-5.400563e-06	-2.056603e-09	-3.816200e+01	-1.401822e+02
1.400000e-07	-5.395289e-06	-2.142923e-09	-3.812474e+01	-1.401908e+02
1.500000e-07	-5.389580e-06	-2.130011e-09	-3.808440e+01	-1.402076e+02
1.600000e-07	-5.383635e-06	-2.056062e-09	-3.804239e+01	-1.402321e+02
1.700000e-07	-5.377367e-06	-2.055524e-09	-3.799809e+01	-1.402638e+02
1.800000e-07	-5.370616e-06	-2.142882e-09	-3.795039e+01	-1.403022e+02
1.900000e-07	-5.363424e-06	-2.150367e-09	-3.789957e+01	-1.403467e+02
2.000000e-07	-5.356032e-06	-2.091216e-09	-3.784733e+01	-1.403964e+02
2.100000e-07	-5.348502e-06	-2.089290e-09	-3.779412e+01	-1.404505e+02
2.200000e-07	-5.340594e-06	-2.140227e-09	-3.773824e+01	-1.405083e+02
2.300000e-07	-5.332438e-06	-2.158242e-09	-3.768061e+01	-1.405687e+02
2.400000e-07	-5.324080e-06	-2.154795e-09	-3.762155e+01	-1.406308e+02
2.500000e-07	-5.315022e-06	-2.200337e-09	-3.755754e+01	-1.406936e+02
2.600000e-07	-5.305054e-06	-2.218152e-09	-3.748711e+01	-1.407559e+02
2.700000e-07	-5.294525e-06	-2.213807e-09	-3.741271e+01	-1.408167e+02
2.800000e-07	-5.283517e-06	-2.207881e-09	-3.733492e+01	-1.408749e+02
2.900000e-07	-5.272021e-06	-2.220374e-09	-3.725369e+01	-1.409294e+02
3.000000e-07	-5.260131e-06	-2.182723e-09	-3.716967e+01	-1.409791e+02
3.100000e-07	-5.247833e-06	-2.179019e-09	-3.708277e+01	-1.410229e+02
3.200000e-07	-5.235111e-06	-2.220640e-09	-3.699287e+01	-1.410597e+02
3.300000e-07	-5.222101e-06	-2.242863e-09	-3.690094e+01	-1.410885e+02
3.400000e-07	-5.208755e-06	-2.198436e-09	-3.680663e+01	-1.411083e+02
3.500000e-07	-5.194960e-06	-2.206949e-09	-3.670916e+01	-1.411182e+02
3.600000e-07	-5.180793e-06	-2.222678e-09	-3.660904e+01	-1.411174e+02
3.700000e-07	-5.166318e-06	-2.199036e-09	-3.650676e+01	-1.411049e+02
3.800000e-07	-5.151309e-06	-2.154401e-09	-3.640070e+01	-1.410801e+02
3.900000e-07	-5.135508e-06	-2.170917e-09	-3.628904e+01	-1.410423e+02
4.000000e-07	-5.119190e-06	-2.179103e-09	-3.617374e+01	-1.409910e+02
4.100000e-07	-5.102539e-06	-2.181746e-09	-3.605608e+01	-1.409256e+02
4.200000e-07	-5.085470e-06	-2.187189e-09	-3.593547e+01	-1.408459e+02
4.300000e-07	-5.068079e-06	-2.185637e-09	-3.581257e+01	-1.407516e+02
4.400000e-07	-5.050432e-06	-2.171432e-09	-3.568787e+01	-1.406424e+02
4.500000e-07	-5.032524e-06	-2.167577e-09	-3.556133e+01	-1.405184e+02
4.600000e-07	-5.014269e-06	-2.163847e-09	-3.543234e+01	-1.403794e+02
4.700000e-07	-4.995559e-06	-2.144317e-09	-3.530013e+01	-1.402258e+02
4.800000e-07	-4.976492e-06	-2.140299e-09	-3.516539e+01	-1.400577e+02
4.900000e-07	-4.957078e-06	-2.143700e-09	-3.502821e+01	-1.398755e+02
5.000000e-07	-4.937310e-06	-2.142174e-09	-3.488852e+01	-1.396795e+02
5.100000e-07	-4.917327e-06	-2.133064e-09	-3.474732e+01	-1.394703e+02
5.200000e-07	-4.897216e-06	-2.134021e-09	-3.460520e+01	-1.392485e+02
5.300000e-07	-4.876947e-06	-2.125731e-09	-3.446197e+01	-1.390147e+02
5.400000e-07	-4.856386e-06	-2.131910e-09	-3.431669e+01	-1.387697e+02
5.500000e-07	-4.835354e-06	-2.131952e-09	-3.416807e+01	-1.385142e+02
5.600000e-07	-4.813903e-06	-2.122224e-09	-3.401649e+01	-1.382491e+02
5.700000e-07	-4.792158e-06	-2.108439e-09	-3.386283e+01	-1.379753e+02
5.800000e-07	-4.770110e-06	-2.111163e-09	-3.370703e+01	-1.376937e+02
5.900000e-07	-4.747816e-06	-2.100969e-09	-3.354950e+01	-1.374052e+02
6.000000e-07	-4.725312e-06	-2.096017e-09	-3.339048e+01	-1.371108e+02
6.100000e-07	-4.702335e-06	-2.095510e-09	-3.322812e+01	-1.368114e+02
6.200000e-07	-4.678852e-06	-2.099894e-09	-3.306218e+01	-1.365080e+02
6.300000e-07	-4.655091e-06	-2.098559e-09	-3.289427e+01	-1.362015e+02
6.400000e-07	-4.631129e-06	-2.105810e-09	-3.272495e+01	-1.358927e+02
6.500000e-07	-4.606994e-06	-2.099211e-09	-3.255441e+01	-1.355826e+02
6.600000e-07	-4.582648e-06	-2.086858e-09	-3.238237e+01	-1.352720e+02
6.700000e-07	-4.558042e-06	-2.078991e-09	-3.220850e+01	-1.349616e+02
6.800000e-07	-4.532997e-06	-2.078222e-09	-3.203152e+01	-1.346522e+02
6.900000e-07	-4.507293e-06	-2.069354e-09	-3.184989e+01	-1.343444e+02
7.000000e-07	-4.480972e-06	-2.064110e-09	-3.166390e+01	-1.340387e+02
7.100000e-07	-4.454184e-06	-2.065468e-09	-3.147461e+01	-1.337358e+02
7.200000e-07	-4.426968e-06	-2.071253e-09	-3.128229e+01	-1.334359e+02
7.300000e-07	-4.399390e-06	-2.072014e-09	-3.108741e+01	-1.331395e+02
7.400000e-07	-4.371562e-06	-2.064418e-09	-3.089077e+01	-1.328467e+02
7.500000e-07	-4.343572e-06	-2.053873e-09	-3.069299e+01	-1.325578e+02
7.600000e-07	-4.315459e-06	-2.047729e-09	-3.049433e+01	-1.322728e+02
7.700000e-07	-4.287148e-06	-2.046694e-09	-3.029428e+01	-1.319918e+02
7.800000e-07	-4.258579e-06	-2.040938e-09	-3.009240e+01	-1.317146e+02
7.900000e-07	-4.229723e-06	-2.034764e-09	-2.988849e+01	-1.314411e+02
8.000000e-07	-4.200531e-06	-2.031938e-09	-2.968222e+01	-1.311710e+02
8.100000e-07	-4.170964e-06	-2.032706e-09	-2.947328e+01	-1.309040e+02
8.200000e-07	-4.141146e-06	-2.027480e-09	-2.926258e+01	-1.306397e+02
8.300000e-07	-4.111112e-06	-2.021246e-09	-2.905035e+01	-1.303777e+02
8.400000e-07	-4.080796e-06	-2.014750e-09	-2.883613e+01	-1.301175e+02
8.500000e-07	-4.050129e-06	-2.015299e-09	-2.861943e+01	-1.298584e+02
8.600000e-07	-4.019173e-06	-2.010530e-09	-2.840068e+01	-1.296000e+02
8.700000e-07	-3.988101e-06	-2.002682e-09	-2.818112e+01	-1.293416e+02
8.800000e-07	-3.956816e-06	-1.993793e-09	-2.796006e+01	-1.290826e+02
8.900000e-07	-3.925184e-06	-1.991437e-09	-2.773653e+01	-1.288222e+02
9.000000e-07	-3.893306e-06	-1.984206e-09	-2.751127e+01	-1.285598e+02
9.100000e-07	-3.861350e-06	-1.977515e-09	-2.728546e+01	-1.282948e+02
9.200000e-07	-3.829211e-06	-1.972500e-09	-2.705836e+01	-1.280265e+02
9.300000e-07	-3.796856e-06	-1.974151e-09	-2.682973e+01	-1.277541e+02
9.400000e-07	-3.764348e-06	-1.973922e-09	-2.660002e+01	-1.274772e+02
9.500000e-07	-3.731453e-06	-1.970131e-09	-2.636757e+01	-1.271952e+02
9.600000e-07	-3.698128e-06	-1.961947e-09	-2.613209e+01	-1.269073e+02
9.700000e-07	-3.664357e-06	-1.953155e-09	-2.589345e+01	-1.266133e+02
9.800000e-07	-3.629991e-06	-1.941107e-09	-2.565061e+01	-1.263126e+02
9.900000e-07	-3.595202e-06	-1.927753e-09	-2.540478e+01	-1.260047e+02
1.000000e-06	-3.560047e-06	-1.919268e-09	-2.515637e+01	-1.256895e+02
1.010000e-06	-3.524567e-06	-1.921368e-09	-2.490565e+01	-1.253666e+02
1.020000e-06	-3.488866e-06	-1.924946e-09	-2.465338e+01	-1.250357e+02
1.030000e-06	-3.452994e-06	-1.922662e-09	-2.439990e+01	-1.246968e+02
1.040000e-06	-3.417022e-06	-1.914813e-09	-2.414570e+01	-1.243497e+02
1.050000e-06	-3.380931e-06	-1.906583e-09	-2.389068e+01	-1.239946e+02
1.060000e-06	-3.344655e-06	-1.897420e-09	-2.363434e+01	-1.236313e+02
1.070000e-06	-3.308189e-06	-1.884002e-09	-2.337666e+01	-1.232601e+02
1.080000e-06	-3.271527e-06	-1.871475e-09	-2.311759e+01	-1.228810e+02
1.090000e-06	-3.234597e-06	-1.865045e-09	-2.285663e+01	-1.224945e+02
1.100000e-06	-3.197326e-06	-1.867530e-09	-2.259327e+01	-1.221007e+02
1.110000e-06	-3.159814e-06	-1.868513e-09	-2.232820e+01	-1.217000e+02
1.120000e-06	-3.122132e-06	-1.864769e-09	-2.206193e+01	-1.212927e+02
1.130000e-06	-3.084242e-06	-1.855295e-09	-2.179418e+01	-1.208794e+02
1.140000e-06	-3.046182e-06	-1.846024e-09	-2.152524e+01	-1.204605e+02
1.150000e-06	-3.007962e-06	-1.836307e-09	-2.125516e+01	-1.200363e+02
1.160000e-06	-2.969521e-06	-1.827407e-09	-2.098353e+01	-1.196075e+02
1.170000e-06	-2.930806e-06	-1.819050e-09	-2.070996e+01	-1.191746e+02
1.180000e-06	-2.891858e-06	-1.812804e-09	-2.043474e+01	-1.187379e+02
1.190000e-06	-2.852705e-06	-1.805074e-09	-2.015807e+01	-1.182981e+02
1.200000e-06	-2.813397e-06	-1.799715e-09	-1.988031e+01	-1.178556e+02
1.210000e-06	-2.773976e-06	-1.796208e-09	-1.960175e+01	-1.174108e+02
1.220000e-06	-2.734316e-06	-1.795005e-09	-1.932150e+01	-1.169643e+02
1.230000e-06	-2.694472e-06	-1.790190e-09	-1.903995e+01	-1.165163e+02
1.240000e-06	-2.654581e-06	-1.781630e-09	-1.875807e+01	-1.160673e+02
1.250000e-06	-2.614608e-06	-1.773059e-09	-1.847560e+01	-1.156176e+02
1.260000e-06	-2.574561e-06	-1.766186e-09	-1.819262e+01	-1.151673e+02
1.270000e-06	-2.534396e-06	-1.759501e-09	-1.790881e+01	-1.147168e+02
1.280000e-06	-2.494146e-06	-1.754330e-09	-1.762439e+01	-1.142662e+02
1.290000e-06	-2.453734e-06	-1.747825e-09	-1.733883e+01	-1.138154e+02
1.300000e-06	-2.412990e-06	-1.740452e-09	-1.705091e+01	-1.133646e+02
1.310000e-06	-2.372011e-06	-1.732427e-09	-1.676134e+01	-1.129137e+02
1.320000e-06	-2.330900e-06	-1.724573e-09	-1.647084e+01	-1.124626e+02
1.330000e-06	-2.289514e-06	-1.716867e-09	-1.617839e+01	-1.120110e+02
1.340000e-06	-2.247816e-06	-1.710950e-09	-1.588374e+01	-1.115587e+02
1.350000e-06	-2.205769e-06	-1.707253e-09	-1.558663e+01	-1.111054e+02
1.360000e-06	-2.163257e-06	-1.702690e-09	-1.528623e+01	-1.106507e+02
1.370000e-06	-2.120542e-06	-1.695580e-09	-1.498439e+01	-1.101941e+02
1.380000e-06	-2.077718e-06	-1.685671e-09	-1.468178e+01	-1.097351e+02
1.390000e-06	-2.034640e-06	-1.675610e-09	-1.437738e+01	-1.092732e+02
1.400000e-06	-1.991274e-06	-1.665539e-09	-1.407094e+01	-1.088078e+02
1.410000e-06	-1.947747e-06	-1.658186e-09	-1.376337e+01	-1.083381e+02
1.420000e-06	-1.904155e-06	-1.653310e-09	-1.345533e+01	-1.078636e+02
1.430000e-06	-1.860427e-06	-1.649687e-09	-1.314634e+01	-1.073835e+02
1.440000e-06	-1.816606e-06	-1.644617e-09	-1.283669e+01	-1.068970e+02
1.450000e-06	-1.772767e-06	-1.637074e-09	-1.252690e+01	-1.064034e+02
1.460000e-06	-1.728890e-06	-1.627630e-09	-1.221686e+01	-1.059020e+02
1.470000e-06	-1.684917e-06	-1.618416e-09	-1.190613e+01	-1.053920e+02
1.480000e-06	-1.640842e-06	-1.606354e-09	-1.159468e+01	-1.048725e+02
1.490000e-06	-1.596675e-06	-1.596912e-09	-1.128258e+01	-1.043429e+02
1.500000e-06	-1.552425e-06	-1.593162e-09	-1.096990e+01	-1.038024e+02
1.510000e-06	-1.508066e-06	-1.592485e-09	-1.065645e+01	-1.032502e+02
1.520000e-06	-1.463627e-06	-1.584998e-09	-1.034243e+01	-1.026856e+02
1.530000e-06	-1.419169e-06	-1.568170e-09	-1.002827e+01	-1.021081e+02
1.540000e-06	-1.374649e-06	-1.551226e-09	-9.713681e+00	-1.015169e+02
1.550000e-06	-1.330000e-06	-1.537105e-09	-9.398180e+00	-1.009114e+02
1.560000e-06	-1.285228e-06	-1.523689e-09	-9.081805e+00	-1.002910e+02
1.570000e-06	-1.240402e-06	-1.513818e-09	-8.765057e+00	-9.965531e+01
1.580000e-06	-1.195519e-06	-1.511262e-09	-8.447900e+00	-9.900372e+01
1.590000e-06	-1.150523e-06	-1.513673e-09	-8.129942e+00	-9.833582e+01
1.600000e-06	-1.105435e-06	-1.508747e-09	-7.811333e+00	-9.765120e+01
1.610000e-06	-1.060271e-06	-1.494387e-09	-7.492196e+00	-9.694948e+01
1.620000e-06	-1.014959e-06	-1.472325e-09	-7.172007e+00	-9.623035e+01
1.630000e-06	-9.695165e-07	-1.447954e-09	-6.850895e+00	-9.549349e+01
1.640000e-06	-9.240147e-07	-1.427729e-09	-6.529366e+00	-9.473864e+01
1.650000e-06	-8.785021e-07	-1.413031e-09	-6.207760e+00	-9.396556e+01
1.660000e-06	-8.329394e-07	-1.406678e-09	-5.885800e+00	-9.317403e+01
1.670000e-06	-7.872723e-07	-1.409996e-09	-5.563103e+00	-9.236384e+01
1.680000e-06	-7.415878e-07	-1.415228e-09	-5.240283e+00	-9.153480e+01
1.690000e-06	-6.958718e-07	-1.406766e-09	-4.917240e+00	-9.068672e+01
1.700000e-06	-6.500588e-07	-1.382889e-09	-4.593511e+00	-8.981939e+01
1.710000e-06	-6.042028e-07	-1.353066e-09	-4.269479e+00	-8.893262e+01
1.720000e-06	-5.583744e-07	-1.325177e-09	-3.945641e+00	-8.802618e+01
1.730000e-06	-5.125808e-07	-1.303065e-09	-3.622050e+00	-8.709984e+01
1.740000e-06	-4.667747e-07	-1.290348e-09	-3.298371e+00	-8.615331e+01
1.750000e-06	-4.208457e-07	-1.291111e-09	-2.973822e+00	-8.518628e+01
1.760000e-06	-3.747651e-07	-1.295943e-09	-2.648203e+00	-8.419840e+01
1.770000e-06	-3.287425e-07	-1.288411e-09	-2.322993e+00	-8.318926e+01
1.780000e-06	-2.827827e-07	-1.266192e-09	-1.998228e+00	-8.215841e+01
1.790000e-06	-2.367590e-07	-1.235952e-09	-1.673010e+00	-8.110534e+01
1.800000e-06	-1.907615e-07	-1.205077e-09	-1.347978e+00	-8.002945e+01
1.810000e-06	-1.447566e-07	-1.176212e-09	-1.022894e+00	-7.893012e+01
1.820000e-06	-9.873367e-08	-1.154518e-09	-6.976819e-01	-7.780662e+01
1.830000e-06	-5.270539e-08	-1.146833e-09	-3.724322e-01	-7.665817e+01
1.840000e-06	-6.673185e-09	-1.149033e-09	-4.715474e-02	-7.548391e+01
1.850000e-06	3.931487e-08	-1.147282e-09	2.778107e-01	-7.428294e+01
1.860000e-06	8.532800e-08	-1.129289e-09	6.029534e-01	-7.305425e+01
1.870000e-06	1.313847e-07	-1.100474e-09	9.284040e-01	-7.179679e+01
1.880000e-06	1.774214e-07	-1.071924e-09	1.253713e+00	-7.050944e+01
1.890000e-06	2.233838e-07	-1.042857e-09	1.578497e+00	-6.919103e+01
1.900000e-06	2.693257e-07	-1.013057e-09	1.903136e+00	-6.784033e+01
1.910000e-06	3.153288e-07	-9.893827e-10	2.228208e+00	-6.645608e+01
1.920000e-06	3.613122e-07	-9.759854e-10	2.553141e+00	-6.503697e+01
1.930000e-06	4.072983e-07	-9.657385e-10	2.878092e+00	-6.358167e+01
1.940000e-06	4.532633e-07	-9.474315e-10	3.202895e+00	-6.208883e+01
1.950000e-06	4.991723e-07	-9.198635e-10	3.527302e+00	-6.055710e+01
1.960000e-06	5.450373e-07	-8.905725e-10	3.851398e+00	-5.898512e+01
1.970000e-06	5.908097e-07	-8.610905e-10	4.174839e+00	-5.737157e+01
1.980000e-06	6.365546e-07	-8.304012e-10	4.498086e+00	-5.571514e+01
1.990000e-06	6.822941e-07	-8.005403e-10	4.821296e+00	-5.401457e+01
2.000000e-06	7.279929e-07	-7.759332e-10	5.144217e+00	-5.226865e+01
2.010000e-06	7.736881e-07	-7.565764e-10	5.467113e+00	-5.047625e+01
2.020000e-06	8.192796e-07	-7.350252e-10	5.789276e+00	-4.863632e+01
2.030000e-06	8.647018e-07	-7.046151e-10	6.110243e+00	-4.674788e+01
2.040000e-06	9.100291e-07	-6.698756e-10	6.430540e+00	-4.481011e+01
2.050000e-06	9.553709e-07	-6.372147e-10	6.750938e+00	-4.282226e+01
2.060000e-06	1.000691e-06	-6.057742e-10	7.071185e+00	-4.078374e+01
2.070000e-06	1.045885e-06	-5.722871e-10	7.390536e+00	-3.869410e+01
2.080000e-06	1.090960e-06	-5.395128e-10	7.709052e+00	-3.655305e+01
2.090000e-06	1.135951e-06	-5.103127e-10	8.026970e+00	-3.436046e+01
2.100000e-06	1.180906e-06	-4.803943e-10	8.344636e+00	-3.211638e+01
2.110000e-06	1.225814e-06	-4.444651e-10	8.661972e+00	-2.982104e+01
2.120000e-06	1.270645e-06	-4.052930e-10	8.978758e+00	-2.747488e+01
2.130000e-06	1.315414e-06	-3.700359e-10	9.295110e+00	-2.507849e+01
2.140000e-06	1.360070e-06	-3.365580e-10	9.610664e+00	-2.263271e+01
2.150000e-06	1.404574e-06	-3.001366e-10	9.925140e+00	-2.013856e+01
2.160000e-06	1.448981e-06	-2.621829e-10	1.023893e+01	-1.759726e+01
2.170000e-06	1.493297e-06	-2.231393e-10	1.055209e+01	-1.501025e+01
2.180000e-06	1.537523e-06	-1.853420e-10	1.086460e+01	-1.237916e+01
2.190000e-06	1.581647e-06	-1.471012e-10	1.117639e+01	-9.705837e+00
2.200000e-06	1.625753e-06	-1.058850e-10	1.148806e+01	-6.992307e+00
2.210000e-06	1.669843e-06	-6.567816e-11	1.179961e+01	-4.240795e+00
2.220000e-06	1.713865e-06	-2.760254e-11	1.211069e+01	-1.453711e+00
2.230000e-06	1.757807e-06	1.330334e-11	1.242119e+01	1.366365e+00
2.240000e-06	1.801627e-06	6.101208e-11	1.273084e+01	4.216685e+00
2.250000e-06	1.845369e-06	1.072803e-10	1.303993e+01	7.094348e+00
2.260000e-06	1.889076e-06	1.484223e-10	1.334878e+01	9.996311e+00
2.270000e-06	1.932734e-06	1.909860e-10	1.365728e+01	1.291940e+01
2.280000e-06	1.976241e-06	2.380132e-10	1.396471e+01	1.586034e+01
2.290000e-06	2.019609e-06	2.849843e-10	1.427117e+01	1.881575e+01
2.300000e-06	2.062831e-06	3.248759e-10	1.457658e+01	2.178215e+01
2.310000e-06	2.105779e-06	3.623158e-10	1.488007e+01	2.475602e+01
2.320000e-06	2.148529e-06	4.079131e-10	1.518215e+01	2.773377e+01
2.330000e-06	2.191045e-06	4.580134e-10	1.548259e+01	3.071180e+01
2.340000e-06	2.233185e-06	5.024521e-10	1.578036e+01	3.368647e+01
2.350000e-06	2.275011e-06	5.419248e-10	1.607591e+01	3.665416e+01
2.360000e-06	2.316542e-06	5.849110e-10	1.636938e+01	3.961126e+01
2.370000e-06	2.357723e-06	6.330608e-10	1.666038e+01	4.255420e+01
2.380000e-06	2.398696e-06	6.780818e-10	1.694991e+01	4.547948e+01
2.390000e-06	2.439489e-06	7.172946e-10	1.723816e+01	4.838364e+01
2.400000e-06	2.480067e-06	7.573907e-10	1.752490e+01	5.126333e+01
2.410000e-06	2.520450e-06	8.020715e-10	1.781026e+01	5.411528e+01
2.420000e-06	2.560629e-06	8.488559e-10	1.809417e+01	5.693636e+01
2.430000e-06	2.600714e-06	8.947576e-10	1.837743e+01	5.972354e+01
2.440000e-06	2.640742e-06	9.374288e-10	1.866028e+01	6.247395e+01
2.450000e-06	2.680670e-06	9.770710e-10	1.894242e+01	6.518486e+01
2.460000e-06	2.720506e-06	1.017203e-09	1.922392e+01	6.785371e+01
2.470000e-06	2.760189e-06	1.053696e-09	1.950432e+01	7.047809e+01
2.480000e-06	2.799667e-06	1.086779e-09	1.978329e+01	7.305579e+01
2.490000e-06	2.839011e-06	1.122718e-09	2.006131e+01	7.558476e+01
2.500000e-06	2.878198e-06	1.163405e-09	2.033822e+01	7.806315e+01
2.510000e-06	2.917065e-06	1.204810e-09	2.061286e+01	8.048929e+01
2.520000e-06	2.955665e-06	1.243976e-09	2.088562e+01	8.286170e+01
2.530000e-06	2.994124e-06	1.281459e-09	2.115738e+01	8.517911e+01
2.540000e-06	3.032376e-06	1.316991e-09	2.142769e+01	8.744043e+01
2.550000e-06	3.070388e-06	1.347264e-09	2.169628e+01	8.964474e+01
2.560000e-06	3.108239e-06	1.373350e-09	2.196375e+01	9.179134e+01
2.570000e-06	3.145914e-06	1.401046e-09	2.222998e+01	9.387969e+01
2.580000e-06	3.183362e-06	1.430924e-09	2.249459e+01	9.590943e+01
2.590000e-06	3.220530e-06	1.462513e-09	2.275724e+01	9.788038e+01
2.600000e-06	3.257464e-06	1.495895e-09	2.301822e+01	9.979251e+01
2.610000e-06	3.294190e-06	1.529322e-09	2.327774e+01	1.016459e+02
2.620000e-06	3.330655e-06	1.560734e-09	2.353541e+01	1.034410e+02
2.630000e-06	3.366920e-06	1.586202e-09	2.379167e+01	1.051780e+02
2.640000e-06	3.403046e-06	1.603828e-09	2.404695e+01	1.068576e+02
2.650000e-06	3.439086e-06	1.620685e-09	2.430162e+01	1.084804e+02
2.660000e-06	3.475019e-06	1.639284e-09	2.455553e+01	1.100472e+02
2.670000e-06	3.510800e-06	1.658986e-09	2.480837e+01	1.115589e+02
2.680000e-06	3.546346e-06	1.678476e-09	2.505955e+01	1.130163e+02
2.690000e-06	3.581580e-06	1.700433e-09	2.530852e+01	1.144206e+02
2.700000e-06	3.616452e-06	1.727170e-09	2.555494e+01	1.157729e+02
2.710000e-06	3.650879e-06	1.754220e-09	2.579821e+01	1.170742e+02
2.720000e-06	3.684901e-06	1.774683e-09	2.603862e+01	1.183259e+02
2.730000e-06	3.718521e-06	1.790248e-09	2.627619e+01	1.195291e+02
2.740000e-06	3.751699e-06	1.805104e-09	2.651064e+01	1.206851e+02
2.750000e-06	3.784486e-06	1.819665e-09	2.674232e+01	1.217952e+02
2.760000e-06	3.816946e-06	1.833433e-09	2.697169e+01	1.228607e+02
2.770000e-06	3.849163e-06	1.845674e-09	2.719934e+01	1.238829e+02
2.780000e-06	3.881191e-06	1.861814e-09	2.742567e+01	1.248631e+02
2.790000e-06	3.913072e-06	1.882709e-09	2.765095e+01	1.258027e+02
2.800000e-06	3.944813e-06	1.900302e-09	2.787523e+01	1.267028e+02
2.810000e-06	3.976347e-06	1.911677e-09	2.809806e+01	1.275648e+02
2.820000e-06	4.007722e-06	1.922240e-09	2.831977e+01	1.283900e+02
2.830000e-06	4.038819e-06	1.934018e-09	2.853951e+01	1.291794e+02
2.840000e-06	4.069432e-06	1.944647e-09	2.875583e+01	1.299345e+02
2.850000e-06	4.099698e-06	1.954585e-09	2.896970e+01	1.306562e+02
2.860000e-06	4.129742e-06	1.964917e-09	2.918200e+01	1.313458e+02
2.870000e-06	4.159549e-06	1.976289e-09	2.939263e+01	1.320044e+02
2.880000e-06	4.189156e-06	1.987572e-09	2.960184e+01	1.326330e+02
2.890000e-06	4.218510e-06	1.993090e-09	2.980926e+01	1.332327e+02
2.900000e-06	4.247524e-06	1.997945e-09	3.001428e+01	1.338046e+02
2.910000e-06	4.276149e-06	2.008574e-09	3.021656e+01	1.343495e+02
2.920000e-06	4.304460e-06	2.021663e-09	3.041661e+01	1.348686e+02
2.930000e-06	4.332634e-06	2.031707e-09	3.061569e+01	1.353626e+02
2.940000e-06	4.360675e-06	2.038197e-09	3.081384e+01	1.358326e+02
2.950000e-06	4.388569e-06	2.045575e-09	3.101095e+01	1.362794e+02
2.960000e-06	4.416247e-06	2.055166e-09	3.120653e+01	1.367039e+02
2.970000e-06	4.443626e-06	2.061522e-09	3.140000e+01	1.371069e+02
2.980000e-06	4.470550e-06	2.059647e-09	3.159025e+01	1.374894e+02
2.990000e-06	4.496924e-06	2.059477e-09	3.177662e+01	1.378520e+02
3.000000e-06	4.522800e-06	2.068828e-09	3.195947e+01	1.381956e+02
3.010000e-06	4.548073e-06	2.083066e-09	3.213805e+01	1.385210e+02
3.020000e-06	4.572787e-06	2.095670e-09	3.231269e+01	1.388290e+02
3.030000e-06	4.597211e-06	2.103268e-09	3.248528e+01	1.391203e+02
3.040000e-06	4.621440e-06	2.107598e-09	3.265649e+01	1.393957e+02
3.050000e-06	4.645368e-06	2.109718e-09	3.282557e+01	1.396559e+02
3.060000e-06	4.669057e-06	2.108811e-09	3.299296e+01	1.399016e+02
3.070000e-06	4.692519e-06	2.107027e-09	3.315875e+01	1.401336e+02
3.080000e-06	4.715547e-06	2.110998e-09	3.332147e+01	1.403526e+02
3.090000e-06	4.738240e-06	2.122678e-09	3.348183e+01	1.405592e+02
3.100000e-06	4.760691e-06	2.131719e-09	3.364048e+01	1.407541e+02
3.110000e-06	4.782806e-06	2.133837e-09	3.379675e+01	1.409381e+02
3.120000e-06	4.804619e-06	2.134303e-09	3.395088e+01	1.411116e+02
3.130000e-06	4.826090e-06	2.137746e-09	3.410260e+01	1.412754e+02
3.140000e-06	4.847204e-06	2.141171e-09	3.425180e+01	1.414299e+02
3.150000e-06	4.868033e-06	2.141330e-09	3.439899e+01	1.415759e+02
3.160000e-06	4.888561e-06	2.139460e-09	3.454404e+01	1.417138e+02
3.170000e-06	4.908803e-06	2.141857e-09	3.468708e+01	1.418441e+02
3.180000e-06	4.928801e-06	2.147343e-09	3.482839e+01	1.419673e+02
3.190000e-06	4.948570e-06	2.148044e-09	3.496809e+01	1.420839e+02
3.200000e-06	4.968037e-06	2.147867e-09	3.510565e+01	1.421942e+02
3.210000e-06	4.987164e-06	2.151861e-09	3.524080e+01	1.422986e+02
3.220000e-06	5.005948e-06	2.156868e-09	3.537354e+01	1.423975e+02
3.230000e-06	5.024209e-06	2.160007e-09	3.550258e+01	1.424911e+02
3.240000e-06	5.042033e-06	2.159386e-09	3.562852e+01	1.425796e+02
3.250000e-06	5.059627e-06	2.156189e-09	3.575285e+01	1.426634e+02
3.260000e-06	5.076958e-06	2.156739e-09	3.587532e+01	1.427424e+02
3.270000e-06	5.093973e-06	2.157634e-09	3.599555e+01	1.428169e+02
3.280000e-06	5.110732e-06	2.156724e-09	3.611397e+01	1.428869e+02
3.290000e-06	5.127130e-06	2.157062e-09	3.622984e+01	1.429525e+02
3.300000e-06	5.142955e-06	2.161571e-09	3.634167e+01	1.430136e+02
3.310000e-06	5.158243e-06	2.167090e-09	3.644970e+01	1.430703e+02
3.320000e-06	5.173008e-06	2.170164e-09	3.655404e+01	1.431224e+02
3.330000e-06	5.187391e-06	2.170164e-09	3.665567e+01	1.431698e+02
3.340000e-06	5.201449e-06	2.167432e-09	3.675501e+01	1.432124e+02
3.350000e-06	5.215132e-06	2.164771e-09	3.685169e+01	1.432501e+02
3.360000e-06	5.228474e-06	2.161271e-09	3.694597e+01	1.432827e+02
3.370000e-06	5.241400e-06	2.157533e-09	3.703731e+01	1.433100e+02
3.380000e-06	5.253925e-06	2.155709e-09	3.712582e+01	1.433318e+02
3.390000e-06	5.266128e-06	2.158053e-09	3.721204e+01	1.433479e+02
3.400000e-06	5.278089e-06	2.163110e-09	3.729656e+01	1.433581e+02
3.410000e-06	5.289708e-06	2.163912e-09	3.737867e+01	1.433622e+02
3.420000e-06	5.300773e-06	2.159617e-09	3.745686e+01	1.433601e+02
3.430000e-06	5.311176e-06	2.154719e-09	3.753037e+01	1.433515e+02
3.440000e-06	5.320951e-06	2.152196e-09	3.759944e+01	1.433363e+02
3.450000e-06	5.330098e-06	2.151703e-09	3.766408e+01	1.433144e+02
3.460000e-06	5.338674e-06	2.154024e-09	3.772468e+01	1.432857e+02
3.470000e-06	5.346916e-06	2.158544e-09	3.778292e+01	1.432502e+02
3.480000e-06	5.354932e-06	2.164666e-09	3.783956e+01	1.432078e+02
3.490000e-06	5.362754e-06	2.169274e-09	3.789484e+01	1.431586e+02
3.500000e-06	5.370270e-06	2.167160e-09	3.794794e+01	1.431027e+02
3.510000e-06	5.377464e-06	2.160756e-09	3.799878e+01	1.430401e+02
3.520000e-06	5.384343e-06	2.155426e-09	3.804739e+01	1.429711e+02
3.530000e-06	5.390829e-06	2.152375e-09	3.809322e+01	1.428959e+02
3.540000e-06	5.396906e-06	2.153075e-09	3.813616e+01	1.428148e+02
3.550000e-06	5.402601e-06	2.155958e-09	3.817640e+01	1.427282e+02
3.560000e-06	5.407883e-06	2.159932e-09	3.821373e+01	1.426363e+02
3.570000e-06	5.412677e-06	2.163123e-09	3.824761e+01	1.425398e+02
3.580000e-06	5.417162e-06	2.162983e-09	3.827930e+01	1.424390e+02
3.590000e-06	5.421393e-06	2.159683e-09	3.830919e+01	1.423345e+02
3.600000e-06	5.425362e-06	2.155191e-09	3.833724e+01	1.422270e+02
3.610000e-06	5.429138e-06	2.152519e-09	3.836392e+01	1.421170e+02
3.620000e-06	5.432644e-06	2.152230e-09	3.838870e+01	1.420052e+02
3.630000e-06	5.435834e-06	2.154182e-09	3.841124e+01	1.418923e+02
3.640000e-06	5.438544e-06	2.158758e-09	3.843039e+01	1.417791e+02
3.650000e-06	5.440467e-06	2.163429e-09	3.844398e+01	1.416663e+02
3.660000e-06	5.441667e-06	2.165125e-09	3.845246e+01	1.415546e+02
3.670000e-06	5.442392e-06	2.164936e-09	3.845758e+01	1.414448e+02
3.680000e-06	5.442710e-06	2.162949e-09	3.845983e+01	1.413376e+02
3.690000e-06	5.442734e-06	2.158813e-09	3.846000e+01	1.412338e+02
3.700000e-06	5.442542e-06	2.155790e-09	3.845864e+01	1.411342e+02
3.710000e-06	5.442104e-06	2.155975e-09	3.845555e+01	1.410394e+02
3.720000e-06	5.441274e-06	2.158367e-09	3.844968e+01	1.409500e+02
3.730000e-06	5.440019e-06	2.160136e-09	3.844081e+01	1.408668e+02
3.740000e-06	5.438389e-06	2.156348e-09	3.842929e+01	1.407903e+02
3.750000e-06	5.436455e-06	2.148820e-09	3.841563e+01	1.407209e+02
3.760000e-06	5.434259e-06	2.143917e-09	3.840011e+01	1.406593e+02
3.770000e-06	5.431769e-06	2.151732e-09	3.838252e+01	1.406057e+02
3.780000e-06	5.428925e-06	2.139456e-09	3.836242e+01	1.405605e+02
3.790000e-06	5.425600e-06	2.075009e-09	3.833892e+01	1.405239e+02
3.800000e-06	5.421838e-06	2.064355e-09	3.831234e+01	1.404961e+02
3.810000e-06	5.417785e-06	2.131021e-09	3.828370e+01	1.404771e+02
3.820000e-06	5.413589e-06	2.178375e-09	3.825405e+01	1.404669e+02
3.830000e-06	5.409236e-06	2.104888e-09	3.822329e+01	1.404655e+02
3.840000e-06	5.404363e-06	2.053982e-09	3.818885e+01	1.404725e+02
3.850000e-06	5.398653e-06	2.133508e-09	3.814851e+01	1.404877e+02
3.860000e-06	5.392456e-06	2.176068e-09	3.810472e+01	1.405108e+02
3.870000e-06	5.386122e-06	2.083456e-09	3.805996e+01	1.405412e+02
3.880000e-06	5.379295e-06	2.008018e-09	3.801172e+01	1.405784e+02
3.890000e-06	5.371784e-06	2.113021e-09	3.795864e+01	1.406217e+02
3.900000e-06	5.363874e-06	2.170986e-09	3.790275e+01	1.406704e+02
3.910000e-06	5.355772e-06	2.090728e-09	3.784550e+01	1.407237e+02
3.920000e-06	5.347341e-06	2.033796e-09	3.778592e+01	1.407807e+02
3.930000e-06	5.338524e-06	2.116516e-09	3.772362e+01	1.408406e+02
3.940000e-06	5.329449e-06	2.129141e-09	3.765949e+01	1.409023e+02
3.950000e-06	5.320030e-06	2.054717e-09	3.759293e+01	1.409649e+02
3.960000e-06	5.310083e-06	2.059655e-09	3.752264e+01	1.410271e+02
3.970000e-06	5.299695e-06	2.139091e-09	3.744924e+01	1.410881e+02
3.980000e-06	5.289034e-06	2.135756e-09	3.737390e+01	1.411467e+02
3.990000e-06	5.277979e-06	2.109966e-09	3.729579e+01	1.412017e+02
4.000000e-06	5.266495e-06	2.163245e-09	3.721464e+01	1.412521e+02
4.010000e-06	5.254664e-06	2.188712e-09	3.713104e+01	1.412967e+02
4.020000e-06	5.242484e-06	2.137139e-09	3.704497e+01	1.413346e+02
4.030000e-06	5.229775e-06	2.124379e-09	3.695516e+01	1.413646e+02
4.040000e-06	5.216574e-06	2.181669e-09	3.686188e+01	1.413859e+02
4.050000e-06	5.202938e-06	2.153326e-09	3.676553e+01	1.413973e+02
4.060000e-06	5.188671e-06	2.113551e-09	3.666471e+01	1.413981e+02
4.070000e-06	5.173706e-06	2.149853e-09	3.655896e+01	1.413875e+02
4.080000e-06	5.158243e-06	2.183839e-09	3.644970e+01	1.413646e+02
4.090000e-06	5.142535e-06	2.127225e-09	3.633870e+01	1.413288e+02
4.100000e-06	5.126585e-06	2.113087e-09	3.622600e+01	1.412796e+02
4.110000e-06	5.110334e-06	2.136108e-09	3.611116e+01	1.412165e+02
4.120000e-06	5.093888e-06	2.126678e-09	3.599495e+01	1.411390e+02
4.130000e-06	5.077043e-06	2.102275e-09	3.587592e+01	1.410469e+02
4.140000e-06	5.059667e-06	2.115347e-09	3.575313e+01	1.409401e+02
4.150000e-06	5.041949e-06	2.110368e-09	3.562793e+01	1.408183e+02
4.160000e-06	5.023892e-06	2.107645e-09	3.550034e+01	1.406817e+02
4.170000e-06	5.005532e-06	2.117787e-09	3.537060e+01	1.405303e+02
4.180000e-06	4.986971e-06	2.116074e-09	3.523944e+01	1.403645e+02
4.190000e-06	4.968034e-06	2.098909e-09	3.510563e+01	1.401844e+02
4.200000e-06	4.948613e-06	2.101896e-09	3.496839e+01	1.399905e+02
4.210000e-06	4.928896e-06	2.102174e-09	3.482906e+01	1.397833e+02
4.220000e-06	4.909006e-06	2.090198e-09	3.468852e+01	1.395633e+02
4.230000e-06	4.888950e-06	2.086488e-09	3.454679e+01	1.393313e+02
4.240000e-06	4.868684e-06	2.083767e-09	3.440358e+01	1.390879e+02
4.250000e-06	4.848157e-06	2.085071e-09	3.425854e+01	1.388340e+02
4.260000e-06	4.827179e-06	2.092285e-09	3.411030e+01	1.385703e+02
4.270000e-06	4.805687e-06	2.088900e-09	3.395843e+01	1.382977e+02
4.280000e-06	4.783493e-06	2.074835e-09	3.380160e+01	1.380171e+02
4.290000e-06	4.760586e-06	2.081498e-09	3.363974e+01	1.377296e+02
4.300000e-06	4.737271e-06	2.076359e-09	3.347499e+01	1.374359e+02
4.310000e-06	4.713639e-06	2.060377e-09	3.330799e+01	1.371371e+02
4.320000e-06	4.689758e-06	2.054449e-09	3.313924e+01	1.368341e+02
4.330000e-06	4.665713e-06	2.057385e-09	3.296933e+01	1.365279e+02
4.340000e-06	4.641525e-06	2.045496e-09	3.279841e+01	1.362192e+02
4.350000e-06	4.617022e-06	2.044008e-09	3.262527e+01	1.359091e+02
4.360000e-06	4.592087e-06	2.043950e-09	3.244907e+01	1.355984e+02
4.370000e-06	4.566757e-06	2.041707e-09	3.227008e+01	1.352877e+02
4.380000e-06	4.541183e-06	2.036456e-09	3.208937e+01	1.349779e+02
4.390000e-06	4.515370e-06	2.038874e-09	3.190697e+01	1.346696e+02
4.400000e-06	4.489228e-06	2.030159e-09	3.172224e+01	1.343634e+02
4.410000e-06	4.462809e-06	2.021792e-09	3.153555e+01	1.340598e+02
4.420000e-06	4.436093e-06	2.016007e-09	3.134677e+01	1.337592e+02
4.430000e-06	4.409028e-06	2.013048e-09	3.115552e+01	1.334620e+02
4.440000e-06	4.381547e-06	2.007211e-09	3.096133e+01	1.331684e+02
4.450000e-06	4.353811e-06	2.005648e-09	3.076534e+01	1.328787e+02
4.460000e-06	4.325955e-06	2.002724e-09	3.056850e+01	1.325929e+02
4.470000e-06	4.297925e-06	2.000437e-09	3.037043e+01	1.323110e+02
4.480000e-06	4.269749e-06	1.997586e-09	3.017133e+01	1.320330e+02
4.490000e-06	4.241311e-06	1.998162e-09	2.997038e+01	1.317587e+02
4.500000e-06	4.212523e-06	1.999076e-09	2.976696e+01	1.314879e+02
4.510000e-06	4.183300e-06	1.996020e-09	2.956045e+01	1.312202e+02
4.520000e-06	4.153432e-06	1.990706e-09	2.934940e+01	1.309554e+02
4.530000e-06	4.122929e-06	1.989790e-09	2.913386e+01	1.306928e+02
4.540000e-06	4.091922e-06	1.994310e-09	2.891475e+01	1.304322e+02
4.550000e-06	4.060573e-06	1.990784e-09	2.869323e+01	1.301728e+02
4.560000e-06	4.028989e-06	1.981896e-09	2.847005e+01	1.299142e+02
4.570000e-06	3.997228e-06	1.975597e-09	2.824561e+01	1.296556e+02
4.580000e-06	3.965354e-06	1.973943e-09	2.802038e+01	1.293965e+02
4.590000e-06	3.933336e-06	1.967465e-09	2.779413e+01	1.291363e+02
4.600000e-06	3.901073e-06	1.962375e-09	2.756615e+01	1.288741e+02
4.610000e-06	3.868559e-06	1.960421e-09	2.733641e+01	1.286094e+02
4.620000e-06	3.835822e-06	1.962563e-09	2.710508e+01	1.283415e+02
4.630000e-06	3.802866e-06	1.957238e-09	2.687220e+01	1.280697e+02
4.640000e-06	3.769681e-06	1.945935e-09	2.663770e+01	1.277934e+02
4.650000e-06	3.736181e-06	1.933455e-09	2.640098e+01	1.275121e+02
4.660000e-06	3.702368e-06	1.924826e-09	2.616205e+01	1.272251e+02
4.670000e-06	3.668267e-06	1.916370e-09	2.592108e+01	1.269319e+02
4.680000e-06	3.633972e-06	1.910968e-09	2.567874e+01	1.266321e+02
4.690000e-06	3.599402e-06	1.906655e-09	2.543446e+01	1.263254e+02
4.700000e-06	3.564498e-06	1.909370e-09	2.518781e+01	1.260112e+02
4.710000e-06	3.529365e-06	1.910629e-09	2.493955e+01	1.256894e+02
4.720000e-06	3.494002e-06	1.907901e-09	2.468967e+01	1.253597e+02
4.730000e-06	3.458400e-06	1.899826e-09	2.443809e+01	1.250219e+02
4.740000e-06	3.422661e-06	1.891843e-09	2.418555e+01	1.246761e+02
4.750000e-06	3.386831e-06	1.885601e-09	2.393237e+01	1.243221e+02
4.760000e-06	3.350854e-06	1.879296e-09	2.367814e+01	1.239600e+02
4.770000e-06	3.314700e-06	1.872341e-09	2.342267e+01	1.235899e+02
4.780000e-06	3.278303e-06	1.869961e-09	2.316548e+01	1.232120e+02
4.790000e-06	3.241668e-06	1.868864e-09	2.290660e+01	1.228265e+02
4.800000e-06	3.204828e-06	1.865511e-09	2.264628e+01	1.224337e+02
4.810000e-06	3.167705e-06	1.861609e-09	2.238396e+01	1.220339e+02
4.820000e-06	3.130144e-06	1.857848e-09	2.211854e+01	1.216276e+02
4.830000e-06	3.092186e-06	1.852545e-09	2.185031e+01	1.212151e+02
4.840000e-06	3.053818e-06	1.843765e-09	2.157920e+01	1.207968e+02
4.850000e-06	3.015046e-06	1.834119e-09	2.130522e+01	1.203734e+02
4.860000e-06	2.975997e-06	1.825792e-09	2.102929e+01	1.199451e+02
4.870000e-06	2.936631e-06	1.823867e-09	2.075112e+01	1.195126e+02
4.880000e-06	2.897037e-06	1.822889e-09	2.047133e+01	1.190764e+02
4.890000e-06	2.857318e-06	1.818708e-09	2.019067e+01	1.186369e+02
4.900000e-06	2.817482e-06	1.812486e-09	1.990918e+01	1.181946e+02
4.910000e-06	2.777543e-06	1.807686e-09	1.962696e+01	1.177500e+02
4.920000e-06	2.737487e-06	1.801886e-09	1.934391e+01	1.173036e+02
4.930000e-06	2.697318e-06	1.793449e-09	1.906006e+01	1.168556e+02
4.940000e-06	2.656993e-06	1.784769e-09	1.877512e+01	1.164066e+02
4.950000e-06	2.616487e-06	1.780863e-09	1.848888e+01	1.159568e+02
4.960000e-06	2.575847e-06	1.775674e-09	1.820171e+01	1.155065e+02
4.970000e-06	2.535114e-06	1.769112e-09	1.791388e+01	1.150558e+02
4.980000e-06	2.494198e-06	1.763948e-09	1.762476e+01	1.146050e+02
4.990000e-06	2.453012e-06	1.761135e-09	1.733372e+01	1.141541e+02
5.000000e-06	2.411659e-06	1.755661e-09	1.704151e+01	1.137032e+02
5.010000e-06	2.370177e-06	1.746894e-09	1.674838e+01	1.132521e+02
5.020000e-06	2.328557e-06	1.735562e-09	1.645429e+01	1.128008e+02
5.030000e-06	2.286795e-06	1.728874e-09	1.615918e+01	1.123492e+02
5.040000e-06	2.244809e-06	1.725817e-09	1.586250e+01	1.118968e+02
5.050000e-06	2.202632e-06	1.722772e-09	1.556446e+01	1.114436e+02
5.060000e-06	2.160355e-06	1.720440e-09	1.526572e+01	1.109889e+02
5.070000e-06	2.117944e-06	1.718811e-09	1.496603e+01	1.105325e+02
5.080000e-06	2.075308e-06	1.712868e-09	1.466475e+01	1.100738e+02
5.090000e-06	2.032460e-06	1.702247e-09	1.436198e+01	1.096122e+02
5.100000e-06	1.989426e-06	1.692048e-09	1.405788e+01	1.091472e+02
5.110000e-06	1.946270e-06	1.684087e-09	1.375293e+01	1.086782e+02
5.120000e-06	1.903044e-06	1.679955e-09	1.344748e+01	1.082043e+02
5.130000e-06	1.859685e-06	1.676215e-09	1.314109e+01	1.077250e+02
5.140000e-06	1.816154e-06	1.670597e-09	1.283349e+01	1.072395e+02
5.150000e-06	1.772564e-06	1.661717e-09	1.252547e+01	1.067470e+02
5.160000e-06	1.728943e-06	1.648809e-09	1.221723e+01	1.062467e+02
5.170000e-06	1.685222e-06	1.634852e-09	1.190829e+01	1.057380e+02
5.180000e-06	1.641425e-06	1.622861e-09	1.159880e+01	1.052200e+02
5.190000e-06	1.597542e-06	1.614634e-09	1.128871e+01	1.046919e+02
5.200000e-06	1.553587e-06	1.611224e-09	1.097811e+01	1.041531e+02
5.210000e-06	1.509622e-06	1.607987e-09	1.066744e+01	1.036027e+02
5.220000e-06	1.465630e-06	1.602972e-09	1.035658e+01	1.030401e+02
5.230000e-06	1.421538e-06	1.594597e-09	1.004501e+01	1.024646e+02
5.240000e-06	1.377331e-06	1.582020e-09	9.732635e+00	1.018756e+02
5.250000e-06	1.333054e-06	1.568102e-09	9.419763e+00	1.012723e+02
5.260000e-06	1.288750e-06	1.555516e-09	9.106699e+00	1.006543e+02
5.270000e-06	1.244410e-06	1.544480e-09	8.793378e+00	1.000210e+02
5.280000e-06	1.199944e-06	1.535100e-09	8.479163e+00	9.937191e+01
5.290000e-06	1.155425e-06	1.528889e-09	8.164580e+00	9.870658e+01
5.300000e-06	1.110920e-06	1.523813e-09	7.850092e+00	9.802459e+01
5.310000e-06	1.066273e-06	1.514310e-09	7.534604e+00	9.732558e+01
5.320000e-06	1.021468e-06	1.498034e-09	7.218003e+00	9.660919e+01
5.330000e-06	9.765733e-07	1.481222e-09	6.900761e+00	9.587513e+01
5.340000e-06	9.316645e-07	1.469284e-09	6.583422e+00	9.512312e+01
5.350000e-06	8.866504e-07	1.457259e-09	6.265339e+00	9.435293e+01
5.360000e-06	8.414019e-07	1.443873e-09	5.945599e+00	9.356431e+01
5.370000e-06	7.961355e-07	1.433506e-09	5.625733e+00	9.275707e+01
5.380000e-06	7.508935e-07	1.424947e-09	5.306040e+00	9.193101e+01
5.390000e-06	7.056406e-07	1.413913e-09	4.986269e+00	9.108593e+01
5.400000e-06	6.602733e-07	1.399785e-09	4.665690e+00	9.022165e+01
5.410000e-06	6.147049e-07	1.382880e-09	4.343690e+00	8.933796e+01
5.420000e-06	5.690647e-07	1.367012e-09	4.021182e+00	8.843465e+01
5.430000e-06	5.234122e-07	1.353536e-09	3.698589e+00	8.751146e+01
5.440000e-06	4.778577e-07	1.337953e-09	3.376686e+00	8.656814e+01
5.450000e-06	4.323479e-07	1.319170e-09	3.055101e+00	8.560438e+01
5.460000e-06	3.867770e-07	1.302602e-09	2.733083e+00	8.461982e+01
5.470000e-06	3.410527e-07	1.290993e-09	2.409981e+00	8.361409e+01
5.480000e-06	2.952827e-07	1.281333e-09	2.086556e+00	8.258672e+01
5.490000e-06	2.495254e-07	1.268542e-09	1.763222e+00	8.153721e+01
5.500000e-06	2.036610e-07	1.251864e-09	1.439130e+00	8.046499e+01
5.510000e-06	1.578461e-07	1.233335e-09	1.115388e+00	7.936944e+01
5.520000e-06	1.121077e-07	1.213560e-09	7.921869e-01	7.824984e+01
5.530000e-06	6.644330e-08	1.191524e-09	4.695083e-01	7.710543e+01
5.540000e-06	2.082728e-08	1.169688e-09	1.471718e-01	7.593537e+01
5.550000e-06	-2.489035e-08	1.153369e-09	-1.758827e-01	7.473874e+01
5.560000e-06	-7.068158e-08	1.143509e-09	-4.994573e-01	7.351456e+01
5.570000e-06	-1.163900e-07	1.129786e-09	-8.224467e-01	7.226180e+01
5.580000e-06	-1.620168e-07	1.109475e-09	-1.144859e+00	7.097934e+01
5.590000e-06	-2.077197e-07	1.085641e-09	-1.467810e+00	6.966601e+01
5.600000e-06	-2.533944e-07	1.060844e-09	-1.790561e+00	6.832061e+01
5.610000e-06	-2.989641e-07	1.037645e-09	-2.112570e+00	6.694186e+01
5.620000e-06	-3.444760e-07	1.013313e-09	-2.434171e+00	6.552848e+01
5.630000e-06	-3.899496e-07	9.896255e-10	-2.755502e+00	6.407913e+01
5.640000e-06	-4.354498e-07	9.689205e-10	-3.077019e+00	6.259246e+01
5.650000e-06	-4.809612e-07	9.527211e-10	-3.398617e+00	6.106713e+01
5.660000e-06	-5.264069e-07	9.325791e-10	-3.719750e+00	5.950178e+01
5.670000e-06	-5.717931e-07	9.077241e-10	-4.040462e+00	5.789507e+01
5.680000e-06	-6.171140e-07	8.816087e-10	-4.360713e+00	5.624570e+01
5.690000e-06	-6.623118e-07	8.569650e-10	-4.680094e+00	5.455240e+01
5.700000e-06	-7.073868e-07	8.307055e-10	-4.998608e+00	5.281395e+01
5.710000e-06	-7.524614e-07	7.996189e-10	-5.317119e+00	5.102920e+01
5.720000e-06	-7.975518e-07	7.697510e-10	-5.635741e+00	4.919708e+01
5.730000e-06	-8.425135e-07	7.469751e-10	-5.953454e+00	4.731661e+01
5.740000e-06	-8.873326e-07	7.275124e-10	-6.270160e+00	4.538694e+01
5.750000e-06	-9.321096e-07	7.031976e-10	-6.586567e+00	4.340731e+01
5.760000e-06	-9.768755e-07	6.734429e-10	-6.902897e+00	4.137709e+01
5.770000e-06	-1.021527e-06	6.398208e-10	-7.218415e+00	3.929582e+01
5.780000e-06	-1.066141e-06	6.043143e-10	-7.533672e+00	3.716318e+01
5.790000e-06	-1.110709e-06	5.631233e-10	-7.848603e+00	3.497900e+01
5.800000e-06	-1.155159e-06	5.186112e-10	-8.162703e+00	3.274332e+01
5.810000e-06	-1.199518e-06	4.825646e-10	-8.476156e+00	3.045633e+01
5.820000e-06	-1.243763e-06	4.551440e-10	-8.788801e+00	2.811842e+01
5.830000e-06	-1.287938e-06	4.269372e-10	-9.100959e+00	2.573018e+01
5.840000e-06	-1.332036e-06	3.939985e-10	-9.412569e+00	2.329239e+01
5.850000e-06	-1.376064e-06	3.589362e-10	-9.723686e+00	2.080604e+01
5.860000e-06	-1.420069e-06	3.225852e-10	-1.003464e+01	1.827233e+01
5.870000e-06	-1.464043e-06	2.807987e-10	-1.034537e+01	1.569266e+01
5.880000e-06	-1.507941e-06	2.326048e-10	-1.065557e+01	1.306862e+01
5.890000e-06	-1.551806e-06	1.853949e-10	-1.096553e+01	1.040202e+01
5.900000e-06	-1.595645e-06	1.478663e-10	-1.127531e+01	7.694871e+00
5.910000e-06	-1.639399e-06	1.116192e-10	-1.158449e+01	4.949352e+00
5.920000e-06	-1.683084e-06	7.057854e-11	-1.189318e+01	2.167846e+00
5.930000e-06	-1.726628e-06	2.822038e-11	-1.220087e+01	-6.470928e-01
5.940000e-06	-1.770049e-06	-1.367373e-11	-1.250770e+01	-3.492744e+00
5.950000e-06	-1.813484e-06	-5.898449e-11	-1.281462e+01	-6.366233e+00
5.960000e-06	-1.856817e-06	-1.081500e-10	-1.312083e+01	-9.264538e+00
5.970000e-06	-1.899960e-06	-1.575274e-10	-1.342569e+01	-1.218451e+01
5.980000e-06	-1.942977e-06	-2.041260e-10	-1.372966e+01	-1.512288e+01
5.990000e-06	-1.985874e-06	-2.507860e-10	-1.403278e+01	-1.807629e+01
6.000000e-06	-2.028574e-06	-3.000813e-10	-1.433452e+01	-2.104128e+01
6.010000e-06	-2.071060e-06	-3.495981e-10	-1.463474e+01	-2.401432e+01
6.020000e-06	-2.113432e-06	-3.952656e-10	-1.493415e+01	-2.699186e+01
6.030000e-06	-2.155691e-06	-4.378733e-10	-1.523276e+01	-2.997026e+01
6.040000e-06	-2.197834e-06	-4.835083e-10	-1.553056e+01	-3.294592e+01
6.050000e-06	-2.239857e-06	-5.317934e-10	-1.582751e+01	-3.591520e+01
6.060000e-06	-2.281689e-06	-5.782985e-10	-1.612310e+01	-3.887449e+01
6.070000e-06	-2.323344e-06	-6.258364e-10	-1.641745e+01	-4.182021e+01
6.080000e-06	-2.364807e-06	-6.762707e-10	-1.671044e+01	-4.474885e+01
6.090000e-06	-2.406062e-06	-7.256721e-10	-1.700196e+01	-4.765694e+01
6.100000e-06	-2.447192e-06	-7.708062e-10	-1.729259e+01	-5.054111e+01
6.110000e-06	-2.488253e-06	-8.131262e-10	-1.758274e+01	-5.339808e+01
6.120000e-06	-2.529163e-06	-8.547979e-10	-1.787183e+01	-5.622469e+01
6.130000e-06	-2.569903e-06	-8.950384e-10	-1.815971e+01	-5.901790e+01
6.140000e-06	-2.610449e-06	-9.329610e-10	-1.844622e+01	-6.177481e+01
6.150000e-06	-2.650722e-06	-9.726828e-10	-1.873080e+01	-6.449267e+01
6.160000e-06	-2.690892e-06	-1.019094e-09	-1.901465e+01	-6.716887e+01
6.170000e-06	-2.730963e-06	-1.067451e-09	-1.929781e+01	-6.980100e+01
6.180000e-06	-2.770865e-06	-1.110295e-09	-1.957976e+01	-7.238680e+01
6.190000e-06	-2.810592e-06	-1.146691e-09	-1.986049e+01	-7.492420e+01
6.200000e-06	-2.850200e-06	-1.181450e-09	-2.014037e+01	-7.741131e+01
6.210000e-06	-2.889791e-06	-1.214438e-09	-2.042013e+01	-7.984644e+01
6.220000e-06	-2.929244e-06	-1.244004e-09	-2.069892e+01	-8.222808e+01
6.230000e-06	-2.968417e-06	-1.272805e-09	-2.097572e+01	-8.455492e+01
6.240000e-06	-3.007254e-06	-1.308181e-09	-2.125016e+01	-8.682582e+01
6.250000e-06	-3.045775e-06	-1.349220e-09	-2.152236e+01	-8.903987e+01
6.260000e-06	-3.083921e-06	-1.386945e-09	-2.179192e+01	-9.119630e+01
6.270000e-06	-3.121669e-06	-1.414974e-09	-2.205866e+01	-9.329456e+01
6.280000e-06	-3.158949e-06	-1.440088e-09	-2.232208e+01	-9.533427e+01
6.290000e-06	-3.195828e-06	-1.469625e-09	-2.258268e+01	-9.731520e+01
6.300000e-06	-3.232512e-06	-1.499096e-09	-2.284191e+01	-9.923730e+01
6.310000e-06	-3.268989e-06	-1.524365e-09	-2.309966e+01	-1.011007e+02
6.320000e-06	-3.305230e-06	-1.549104e-09	-2.335575e+01	-1.029056e+02
6.330000e-06	-3.341260e-06	-1.579165e-09	-2.361035e+01	-1.046524e+02
6.340000e-06	-3.377098e-06	-1.611501e-09	-2.386359e+01	-1.063417e+02
6.350000e-06	-3.412845e-06	-1.638267e-09	-2.411619e+01	-1.079741e+02
6.360000e-06	-3.448542e-06	-1.656802e-09	-2.436844e+01	-1.095504e+02
6.370000e-06	-3.484052e-06	-1.672837e-09	-2.461936e+01	-1.110713e+02
6.380000e-06	-3.519289e-06	-1.692276e-09	-2.486836e+01	-1.125379e+02
6.390000e-06	-3.554215e-06	-1.711228e-09	-2.511515e+01	-1.139512e+02
6.400000e-06	-3.588817e-06	-1.728753e-09	-2.535966e+01	-1.153122e+02
6.410000e-06	-3.623198e-06	-1.749546e-09	-2.560261e+01	-1.166222e+02
6.420000e-06	-3.657384e-06	-1.774411e-09	-2.584418e+01	-1.178822e+02
6.430000e-06	-3.691368e-06	-1.794184e-09	-2.608432e+01	-1.190935e+02
6.440000e-06	-3.725092e-06	-1.805975e-09	-2.632262e+01	-1.202575e+02
6.450000e-06	-3.758481e-06	-1.816829e-09	-2.655856e+01	-1.213753e+02
6.460000e-06	-3.791543e-06	-1.830336e-09	-2.679218e+01	-1.224483e+02
6.470000e-06	-3.824358e-06	-1.847717e-09	-2.702407e+01	-1.234779e+02
6.480000e-06	-3.856863e-06	-1.866655e-09	-2.725376e+01	-1.244652e+02
6.490000e-06	-3.889098e-06	-1.884336e-09	-2.748154e+01	-1.254116e+02
6.500000e-06	-3.921249e-06	-1.901351e-09	-2.770873e+01	-1.263184e+02
6.510000e-06	-3.953216e-06	-1.916471e-09	-2.793462e+01	-1.271868e+02
6.520000e-06	-3.984964e-06	-1.925853e-09	-2.815896e+01	-1.280182e+02
6.530000e-06	-4.016552e-06	-1.932318e-09	-2.838216e+01	-1.288137e+02
6.540000e-06	-4.047835e-06	-1.940860e-09	-2.860322e+01	-1.295746e+02
6.550000e-06	-4.078675e-06	-1.952451e-09	-2.882115e+01	-1.303020e+02
6.560000e-06	-4.109092e-06	-1.963725e-09	-2.903608e+01	-1.309970e+02
6.570000e-06	-4.139151e-06	-1.974828e-09	-2.924849e+01	-1.316609e+02
6.580000e-06	-4.168759e-06	-1.986338e-09	-2.945770e+01	-1.322946e+02
6.590000e-06	-4.197834e-06	-1.995466e-09	-2.966316e+01	-1.328992e+02
6.600000e-06	-4.226548e-06	-2.002129e-09	-2.986606e+01	-1.334758e+02
6.610000e-06	-4.254942e-06	-2.007699e-09	-3.006670e+01	-1.340254e+02
6.620000e-06	-4.283039e-06	-2.013543e-09	-3.026524e+01	-1.345488e+02
6.630000e-06	-4.310954e-06	-2.022581e-09	-3.046250e+01	-1.350471e+02
6.640000e-06	-4.338681e-06	-2.031509e-09	-3.065843e+01	-1.355212e+02
6.650000e-06	-4.366135e-06	-2.037061e-09	-3.085242e+01	-1.359720e+02
6.660000e-06	-4.393352e-06	-2.043329e-09	-3.104475e+01	-1.364004e+02
6.670000e-06	-4.420266e-06	-2.051850e-09	-3.123493e+01	-1.368071e+02
6.680000e-06	-4.446756e-06	-2.058219e-09	-3.142211e+01	-1.371931e+02
6.690000e-06	-4.473030e-06	-2.061172e-09	-3.160778e+01	-1.375591e+02
6.700000e-06	-4.499107e-06	-2.064695e-09	-3.179204e+01	-1.379060e+02
6.710000e-06	-4.524914e-06	-2.070805e-09	-3.197440e+01	-1.382346e+02
6.720000e-06	-4.550338e-06	-2.078254e-09	-3.215406e+01	-1.385456e+02
6.730000e-06	-4.575282e-06	-2.082268e-09	-3.233032e+01	-1.388398e+02
6.740000e-06	-4.599856e-06	-2.083671e-09	-3.250397e+01	-1.391179e+02
6.750000e-06	-4.624110e-06	-2.088395e-09	-3.267536e+01	-1.393808e+02
6.760000e-06	-4.648206e-06	-2.094784e-09	-3.284562e+01	-1.396291e+02
6.770000e-06	-4.672146e-06	-2.098419e-09	-3.301479e+01	-1.398635e+02
6.780000e-06	-4.695832e-06	-2.101283e-09	-3.318216e+01	-1.400848e+02
6.790000e-06	-4.719286e-06	-2.106675e-09	-3.334790e+01	-1.402936e+02
6.800000e-06	-4.742440e-06	-2.110297e-09	-3.351151e+01	-1.404906e+02
6.810000e-06	-4.765144e-06	-2.109944e-09	-3.367195e+01	-1.406765e+02
6.820000e-06	-4.787305e-06	-2.109619e-09	-3.382854e+01	-1.408519e+02
6.830000e-06	-4.808866e-06	-2.113289e-09	-3.398090e+01	-1.410174e+02
6.840000e-06	-4.829872e-06	-2.117445e-09	-3.412933e+01	-1.411736e+02
6.850000e-06	-4.850419e-06	-2.116740e-09	-3.427452e+01	-1.413212e+02
6.860000e-06	-4.870628e-06	-2.115099e-09	-3.441732e+01	-1.414606e+02
6.870000e-06	-4.890664e-06	-2.117519e-09	-3.455890e+01	-1.415923e+02
6.880000e-06	-4.910537e-06	-2.123040e-09	-3.469933e+01	-1.417168e+02
6.890000e-06	-4.930124e-06	-2.124834e-09	-3.483774e+01	-1.418347e+02
6.900000e-06	-4.949334e-06	-2.124728e-09	-3.497349e+01	-1.419462e+02
6.910000e-06	-4.968213e-06	-2.127777e-09	-3.510689e+01	-1.420517e+02
6.920000e-06	-4.986729e-06	-2.133722e-09	-3.523773e+01	-1.421516e+02
6.930000e-06	-5.004873e-06	-2.135059e-09	-3.536594e+01	-1.422463e+02
6.940000e-06	-5.022748e-06	-2.130600e-09	-3.549225e+01	-1.423358e+02
6.950000e-06	-5.040381e-06	-2.128660e-09	-3.561685e+01	-1.424205e+02
6.960000e-06	-5.057687e-06	-2.132106e-09	-3.573914e+01	-1.425005e+02
6.970000e-06	-5.074641e-06	-2.135333e-09	-3.585894e+01	-1.425759e+02
6.980000e-06	-5.091246e-06	-2.133993e-09	-3.597628e+01	-1.426469e+02
6.990000e-06	-5.107513e-06	-2.132728e-09	-3.609122e+01	-1.427134e+02
7.000000e-06	-5.123521e-06	-2.135699e-09	-3.620434e+01	-1.427754e+02
7.010000e-06	-5.139304e-06	-2.138176e-09	-3.631587e+01	-1.428330e+02
7.020000e-06	-5.154788e-06	-2.136209e-09	-3.642528e+01	-1.428860e+02
7.030000e-06	-5.169779e-06	-2.133590e-09	-3.653122e+01	-1.429344e+02
7.040000e-06	-5.184133e-06	-2.132670e-09	-3.663264e+01	-1.429780e+02
7.050000e-06	-5.197798e-06	-2.132194e-09	-3.672920e+01	-1.430167e+02
7.060000e-06	-5.210919e-06	-2.130794e-09	-3.682192e+01	-1.430504e+02
7.070000e-06	-5.223539e-06	-2.131516e-09	-3.691110e+01	-1.430787e+02
7.080000e-06	-5.235798e-06	-2.137023e-09	-3.699772e+01	-1.431016e+02
7.090000e-06	-5.247795e-06	-2.142465e-09	-3.708250e+01	-1.431189e+02
7.100000e-06	-5.259393e-06	-2.141452e-09	-3.716445e+01	-1.431302e+02
7.110000e-06	-5.270600e-06	-2.135577e-09	-3.724365e+01	-1.431355e+02
7.120000e-06	-5.281395e-06	-2.132910e-09	-3.731993e+01	-1.431346e+02
7.130000e-06	-5.291753e-06	-2.134546e-09	-3.739312e+01	-1.431273e+02
7.140000e-06	-5.301751e-06	-2.134313e-09	-3.746377e+01	-1.431134e+02
7.150000e-06	-5.311440e-06	-2.132593e-09	-3.753223e+01	-1.430928e+02
7.160000e-06	-5.320780e-06	-2.133853e-09	-3.759824e+01	-1.430654e+02
7.170000e-06	-5.329731e-06	-2.137109e-09	-3.766148e+01	-1.430312e+02
7.180000e-06	-5.338266e-06	-2.136350e-09	-3.772180e+01	-1.429901e+02
7.190000e-06	-5.346429e-06	-2.131979e-09	-3.777948e+01	-1.429423e+02
7.200000e-06	-5.354343e-06	-2.132146e-09	-3.783540e+01	-1.428876e+02
7.210000e-06	-5.362122e-06	-2.137589e-09	-3.789037e+01	-1.428263e+02
7.220000e-06	-5.369726e-06	-2.139868e-09	-3.794410e+01	-1.427586e+02
7.230000e-06	-5.376965e-06	-2.136090e-09	-3.799525e+01	-1.426846e+02
7.240000e-06	-5.383705e-06	-2.132559e-09	-3.804288e+01	-1.426046e+02
7.250000e-06	-5.389831e-06	-2.134769e-09	-3.808617e+01	-1.425190e+02
7.260000e-06	-5.395270e-06	-2.136826e-09	-3.812460e+01	-1.424282e+02
7.270000e-06	-5.400002e-06	-2.134714e-09	-3.815804e+01	-1.423325e+02
7.280000e-06	-5.404269e-06	-2.131987e-09	-3.818819e+01	-1.422326e+02
7.290000e-06	-5.408369e-06	-2.133327e-09	-3.821716e+01	-1.421289e+02
7.300000e-06	-5.412288e-06	-2.133530e-09	-3.824486e+01	-1.420220e+02
7.310000e-06	-5.415886e-06	-2.126880e-09	-3.827028e+01	-1.419125e+02
7.320000e-06	-5.419203e-06	-2.120222e-09	-3.829372e+01	-1.418012e+02
7.330000e-06	-5.422213e-06	-2.119266e-09	-3.831499e+01	-1.416886e+02
7.340000e-06	-5.424757e-06	-2.122677e-09	-3.833296e+01	-1.415756e+02
7.350000e-06	-5.426928e-06	-2.123834e-09	-3.834831e+01	-1.414628e+02
7.360000e-06	-5.428823e-06	-2.121137e-09	-3.836170e+01	-1.413510e+02
7.370000e-06	-5.430478e-06	-2.116344e-09	-3.837340e+01	-1.412410e+02
7.380000e-06	-5.431750e-06	-2.113961e-09	-3.838238e+01	-1.411336e+02
7.390000e-06	-5.432503e-06	-2.113937e-09	-3.838770e+01	-1.410294e+02
7.400000e-06	-5.432915e-06	-2.112676e-09	-3.839061e+01	-1.409291e+02
