# Temperatura_=_1.09
# Concentracion g/m^3_=_4090.0
# C_Vs_to_Am_M_A/Vsm_=_65563218390.804596
# pendiente_HvsI_1/m_=_3716.3
# ordenada_HvsI_A/m_=_1297.0
# frecuencia_Hz_=_135082.55532925224

Tiempo_(s)	Campo_(V.s)	Magnetizacion_(V.s)	Campo_(kA/m)	Magnetizacion_(A/m)
0.000000e+00	-5.409596e-06	-1.643005e-09	-3.839416e+01	-1.090638e+02
1.000000e-08	-5.409681e-06	-1.638416e-09	-3.839476e+01	-1.089577e+02
2.000000e-08	-5.409559e-06	-1.634071e-09	-3.839390e+01	-1.088575e+02
3.000000e-08	-5.409122e-06	-1.633790e-09	-3.839080e+01	-1.087634e+02
4.000000e-08	-5.408228e-06	-1.636236e-09	-3.838445e+01	-1.086762e+02
5.000000e-08	-5.406800e-06	-1.632990e-09	-3.837432e+01	-1.085962e+02
6.000000e-08	-5.404686e-06	-1.619341e-09	-3.835931e+01	-1.085239e+02
7.000000e-08	-5.401895e-06	-1.618067e-09	-3.833950e+01	-1.084595e+02
8.000000e-08	-5.398559e-06	-1.636874e-09	-3.831583e+01	-1.084034e+02
9.000000e-08	-5.394681e-06	-1.662958e-09	-3.828831e+01	-1.083557e+02
1.000000e-07	-5.390302e-06	-1.649643e-09	-3.825723e+01	-1.083166e+02
1.100000e-07	-5.385818e-06	-1.623448e-09	-3.822539e+01	-1.082862e+02
1.200000e-07	-5.381414e-06	-1.603866e-09	-3.819414e+01	-1.082643e+02
1.300000e-07	-5.376653e-06	-1.638554e-09	-3.816035e+01	-1.082509e+02
1.400000e-07	-5.371261e-06	-1.644246e-09	-3.812208e+01	-1.082458e+02
1.500000e-07	-5.365452e-06	-1.621251e-09	-3.808085e+01	-1.082487e+02
1.600000e-07	-5.359393e-06	-1.585670e-09	-3.803785e+01	-1.082593e+02
1.700000e-07	-5.352977e-06	-1.622978e-09	-3.799231e+01	-1.082772e+02
1.800000e-07	-5.345997e-06	-1.653298e-09	-3.794278e+01	-1.083018e+02
1.900000e-07	-5.338632e-06	-1.645749e-09	-3.789050e+01	-1.083325e+02
2.000000e-07	-5.331143e-06	-1.614109e-09	-3.783735e+01	-1.083688e+02
2.100000e-07	-5.323437e-06	-1.619992e-09	-3.778265e+01	-1.084099e+02
2.200000e-07	-5.315404e-06	-1.647591e-09	-3.772564e+01	-1.084550e+02
2.300000e-07	-5.307056e-06	-1.658172e-09	-3.766639e+01	-1.085033e+02
2.400000e-07	-5.298365e-06	-1.673980e-09	-3.760471e+01	-1.085540e+02
2.500000e-07	-5.289155e-06	-1.687281e-09	-3.753934e+01	-1.086062e+02
2.600000e-07	-5.279155e-06	-1.710994e-09	-3.746836e+01	-1.086588e+02
2.700000e-07	-5.268475e-06	-1.703351e-09	-3.739257e+01	-1.087110e+02
2.800000e-07	-5.257354e-06	-1.684882e-09	-3.731364e+01	-1.087618e+02
2.900000e-07	-5.245731e-06	-1.657120e-09	-3.723114e+01	-1.088101e+02
3.000000e-07	-5.233701e-06	-1.660933e-09	-3.714576e+01	-1.088550e+02
3.100000e-07	-5.221310e-06	-1.669308e-09	-3.705781e+01	-1.088956e+02
3.200000e-07	-5.208523e-06	-1.706454e-09	-3.696706e+01	-1.089307e+02
3.300000e-07	-5.195414e-06	-1.701451e-09	-3.687402e+01	-1.089596e+02
3.400000e-07	-5.181980e-06	-1.687869e-09	-3.677867e+01	-1.089813e+02
3.500000e-07	-5.168147e-06	-1.675555e-09	-3.668049e+01	-1.089950e+02
3.600000e-07	-5.153975e-06	-1.693310e-09	-3.657991e+01	-1.089998e+02
3.700000e-07	-5.139279e-06	-1.663056e-09	-3.647561e+01	-1.089949e+02
3.800000e-07	-5.123910e-06	-1.638049e-09	-3.636653e+01	-1.089798e+02
3.900000e-07	-5.107877e-06	-1.649159e-09	-3.625274e+01	-1.089538e+02
4.000000e-07	-5.091364e-06	-1.677389e-09	-3.613554e+01	-1.089163e+02
4.100000e-07	-5.074567e-06	-1.670823e-09	-3.601632e+01	-1.088668e+02
4.200000e-07	-5.057494e-06	-1.663932e-09	-3.589514e+01	-1.088050e+02
4.300000e-07	-5.040219e-06	-1.661713e-09	-3.577254e+01	-1.087305e+02
4.400000e-07	-5.022605e-06	-1.654506e-09	-3.564752e+01	-1.086432e+02
4.500000e-07	-5.004610e-06	-1.649491e-09	-3.551980e+01	-1.085430e+02
4.600000e-07	-4.986351e-06	-1.645298e-09	-3.539021e+01	-1.084296e+02
4.700000e-07	-4.967764e-06	-1.630544e-09	-3.525830e+01	-1.083034e+02
4.800000e-07	-4.948701e-06	-1.623049e-09	-3.512300e+01	-1.081642e+02
4.900000e-07	-4.929151e-06	-1.636920e-09	-3.498424e+01	-1.080125e+02
5.000000e-07	-4.909332e-06	-1.630064e-09	-3.484358e+01	-1.078485e+02
5.100000e-07	-4.889389e-06	-1.613322e-09	-3.470204e+01	-1.076725e+02
5.200000e-07	-4.869322e-06	-1.612449e-09	-3.455961e+01	-1.074851e+02
5.300000e-07	-4.849073e-06	-1.626052e-09	-3.441589e+01	-1.072867e+02
5.400000e-07	-4.828459e-06	-1.624893e-09	-3.426959e+01	-1.070780e+02
5.500000e-07	-4.807404e-06	-1.621477e-09	-3.412015e+01	-1.068596e+02
5.600000e-07	-4.785946e-06	-1.609315e-09	-3.396786e+01	-1.066322e+02
5.700000e-07	-4.764159e-06	-1.601551e-09	-3.381322e+01	-1.063966e+02
5.800000e-07	-4.742099e-06	-1.593838e-09	-3.365665e+01	-1.061534e+02
5.900000e-07	-4.719696e-06	-1.588996e-09	-3.349765e+01	-1.059037e+02
6.000000e-07	-4.696861e-06	-1.576569e-09	-3.333558e+01	-1.056481e+02
6.100000e-07	-4.673632e-06	-1.582190e-09	-3.317072e+01	-1.053875e+02
6.200000e-07	-4.650186e-06	-1.592168e-09	-3.300431e+01	-1.051228e+02
6.300000e-07	-4.626560e-06	-1.598939e-09	-3.283663e+01	-1.048547e+02
6.400000e-07	-4.602706e-06	-1.592199e-09	-3.266733e+01	-1.045842e+02
6.500000e-07	-4.578634e-06	-1.585995e-09	-3.249648e+01	-1.043120e+02
6.600000e-07	-4.554290e-06	-1.574860e-09	-3.232370e+01	-1.040389e+02
6.700000e-07	-4.529642e-06	-1.569641e-09	-3.214876e+01	-1.037656e+02
6.800000e-07	-4.504537e-06	-1.560971e-09	-3.197058e+01	-1.034929e+02
6.900000e-07	-4.478892e-06	-1.553710e-09	-3.178857e+01	-1.032214e+02
7.000000e-07	-4.452682e-06	-1.554222e-09	-3.160254e+01	-1.029517e+02
7.100000e-07	-4.425932e-06	-1.563120e-09	-3.141269e+01	-1.026843e+02
7.200000e-07	-4.398833e-06	-1.563408e-09	-3.122036e+01	-1.024197e+02
7.300000e-07	-4.371418e-06	-1.557660e-09	-3.102578e+01	-1.021584e+02
7.400000e-07	-4.343704e-06	-1.552753e-09	-3.082908e+01	-1.019007e+02
7.500000e-07	-4.315835e-06	-1.549148e-09	-3.063128e+01	-1.016468e+02
7.600000e-07	-4.287822e-06	-1.542348e-09	-3.043246e+01	-1.013970e+02
7.700000e-07	-4.259633e-06	-1.532068e-09	-3.023240e+01	-1.011514e+02
7.800000e-07	-4.231160e-06	-1.526202e-09	-3.003031e+01	-1.009101e+02
7.900000e-07	-4.202331e-06	-1.528078e-09	-2.982570e+01	-1.006730e+02
8.000000e-07	-4.173175e-06	-1.532886e-09	-2.961877e+01	-1.004400e+02
8.100000e-07	-4.143761e-06	-1.528078e-09	-2.941000e+01	-1.002111e+02
8.200000e-07	-4.114111e-06	-1.521342e-09	-2.919957e+01	-9.998605e+01
8.300000e-07	-4.084123e-06	-1.518527e-09	-2.898673e+01	-9.976452e+01
8.400000e-07	-4.053788e-06	-1.516655e-09	-2.877142e+01	-9.954622e+01
8.500000e-07	-4.023089e-06	-1.508322e-09	-2.855354e+01	-9.933079e+01
8.600000e-07	-3.992108e-06	-1.502966e-09	-2.833366e+01	-9.911781e+01
8.700000e-07	-3.960985e-06	-1.500042e-09	-2.811276e+01	-9.890684e+01
8.800000e-07	-3.929691e-06	-1.500863e-09	-2.789066e+01	-9.869738e+01
8.900000e-07	-3.898225e-06	-1.493818e-09	-2.766733e+01	-9.848893e+01
9.000000e-07	-3.866541e-06	-1.483104e-09	-2.744245e+01	-9.828097e+01
9.100000e-07	-3.834635e-06	-1.476426e-09	-2.721601e+01	-9.807295e+01
9.200000e-07	-3.802628e-06	-1.480202e-09	-2.698883e+01	-9.786433e+01
9.300000e-07	-3.770408e-06	-1.482723e-09	-2.676016e+01	-9.765456e+01
9.400000e-07	-3.737839e-06	-1.483392e-09	-2.652900e+01	-9.744310e+01
9.500000e-07	-3.704858e-06	-1.479402e-09	-2.629492e+01	-9.722942e+01
9.600000e-07	-3.671434e-06	-1.475304e-09	-2.605770e+01	-9.701303e+01
9.700000e-07	-3.637518e-06	-1.464958e-09	-2.581698e+01	-9.679343e+01
9.800000e-07	-3.603180e-06	-1.452828e-09	-2.557327e+01	-9.657017e+01
9.900000e-07	-3.568504e-06	-1.441304e-09	-2.532716e+01	-9.634283e+01
1.000000e-06	-3.533440e-06	-1.438485e-09	-2.507830e+01	-9.611104e+01
1.010000e-06	-3.498081e-06	-1.444415e-09	-2.482734e+01	-9.587445e+01
1.020000e-06	-3.462513e-06	-1.451109e-09	-2.457490e+01	-9.563276e+01
1.030000e-06	-3.426817e-06	-1.451212e-09	-2.432155e+01	-9.538572e+01
1.040000e-06	-3.391000e-06	-1.445496e-09	-2.406734e+01	-9.513314e+01
1.050000e-06	-3.354994e-06	-1.436689e-09	-2.381179e+01	-9.487485e+01
1.060000e-06	-3.318822e-06	-1.425313e-09	-2.355506e+01	-9.461077e+01
1.070000e-06	-3.282488e-06	-1.414544e-09	-2.329719e+01	-9.434082e+01
1.080000e-06	-3.245904e-06	-1.407231e-09	-2.303753e+01	-9.406501e+01
1.090000e-06	-3.209047e-06	-1.407096e-09	-2.277595e+01	-9.378339e+01
1.100000e-06	-3.171896e-06	-1.410485e-09	-2.251227e+01	-9.349602e+01
1.110000e-06	-3.134519e-06	-1.410595e-09	-2.224699e+01	-9.320304e+01
1.120000e-06	-3.097016e-06	-1.403947e-09	-2.198081e+01	-9.290462e+01
1.130000e-06	-3.059271e-06	-1.395654e-09	-2.171292e+01	-9.260095e+01
1.140000e-06	-3.021308e-06	-1.387138e-09	-2.144349e+01	-9.229227e+01
1.150000e-06	-2.983208e-06	-1.380330e-09	-2.117307e+01	-9.197882e+01
1.160000e-06	-2.944932e-06	-1.373544e-09	-2.090141e+01	-9.166089e+01
1.170000e-06	-2.906437e-06	-1.369681e-09	-2.062820e+01	-9.133877e+01
1.180000e-06	-2.867745e-06	-1.365766e-09	-2.035358e+01	-9.101277e+01
1.190000e-06	-2.828866e-06	-1.361687e-09	-2.007765e+01	-9.068319e+01
1.200000e-06	-2.789736e-06	-1.357268e-09	-1.979992e+01	-9.035035e+01
1.210000e-06	-2.750295e-06	-1.354597e-09	-1.951999e+01	-9.001455e+01
1.220000e-06	-2.710708e-06	-1.350975e-09	-1.923903e+01	-8.967609e+01
1.230000e-06	-2.671033e-06	-1.347430e-09	-1.895744e+01	-8.933525e+01
1.240000e-06	-2.631226e-06	-1.342782e-09	-1.867491e+01	-8.899228e+01
1.250000e-06	-2.591314e-06	-1.339333e-09	-1.839164e+01	-8.864744e+01
1.260000e-06	-2.551305e-06	-1.333277e-09	-1.810768e+01	-8.830092e+01
1.270000e-06	-2.511183e-06	-1.326262e-09	-1.782291e+01	-8.795291e+01
1.280000e-06	-2.470904e-06	-1.320446e-09	-1.753703e+01	-8.760354e+01
1.290000e-06	-2.430484e-06	-1.314122e-09	-1.725016e+01	-8.725292e+01
1.300000e-06	-2.389926e-06	-1.307035e-09	-1.696231e+01	-8.690110e+01
1.310000e-06	-2.349212e-06	-1.297890e-09	-1.667334e+01	-8.654812e+01
1.320000e-06	-2.308237e-06	-1.291171e-09	-1.638252e+01	-8.619394e+01
1.330000e-06	-2.266920e-06	-1.290237e-09	-1.608928e+01	-8.583850e+01
1.340000e-06	-2.225247e-06	-1.292183e-09	-1.579350e+01	-8.548168e+01
1.350000e-06	-2.183336e-06	-1.292366e-09	-1.549605e+01	-8.512332e+01
1.360000e-06	-2.141139e-06	-1.287629e-09	-1.519656e+01	-8.476322e+01
1.370000e-06	-2.098683e-06	-1.278351e-09	-1.489523e+01	-8.440114e+01
1.380000e-06	-2.056140e-06	-1.266305e-09	-1.459328e+01	-8.403678e+01
1.390000e-06	-2.013326e-06	-1.252247e-09	-1.428941e+01	-8.366983e+01
1.400000e-06	-1.970264e-06	-1.238727e-09	-1.398378e+01	-8.329992e+01
1.410000e-06	-1.927010e-06	-1.230720e-09	-1.367680e+01	-8.292666e+01
1.420000e-06	-1.883528e-06	-1.229829e-09	-1.336819e+01	-8.254962e+01
1.430000e-06	-1.839953e-06	-1.233798e-09	-1.305891e+01	-8.216836e+01
1.440000e-06	-1.796292e-06	-1.235926e-09	-1.274903e+01	-8.178240e+01
1.450000e-06	-1.752518e-06	-1.230953e-09	-1.243835e+01	-8.139124e+01
1.460000e-06	-1.708687e-06	-1.220843e-09	-1.212726e+01	-8.099439e+01
1.470000e-06	-1.664804e-06	-1.205359e-09	-1.181581e+01	-8.059132e+01
1.480000e-06	-1.620843e-06	-1.186752e-09	-1.150380e+01	-8.018151e+01
1.490000e-06	-1.576786e-06	-1.172838e-09	-1.119111e+01	-7.976443e+01
1.500000e-06	-1.532692e-06	-1.168118e-09	-1.087815e+01	-7.933955e+01
1.510000e-06	-1.488576e-06	-1.171058e-09	-1.056504e+01	-7.890635e+01
1.520000e-06	-1.444374e-06	-1.174710e-09	-1.025132e+01	-7.846432e+01
1.530000e-06	-1.400069e-06	-1.173557e-09	-9.936877e+00	-7.801294e+01
1.540000e-06	-1.355696e-06	-1.166616e-09	-9.621943e+00	-7.755172e+01
1.550000e-06	-1.311259e-06	-1.153030e-09	-9.306552e+00	-7.708018e+01
1.560000e-06	-1.266741e-06	-1.135804e-09	-8.990593e+00	-7.659785e+01
1.570000e-06	-1.222204e-06	-1.121574e-09	-8.674494e+00	-7.610430e+01
1.580000e-06	-1.177585e-06	-1.114645e-09	-8.357815e+00	-7.559908e+01
1.590000e-06	-1.132882e-06	-1.111729e-09	-8.040535e+00	-7.508178e+01
1.600000e-06	-1.088049e-06	-1.109935e-09	-7.722335e+00	-7.455202e+01
1.610000e-06	-1.043099e-06	-1.108685e-09	-7.403311e+00	-7.400941e+01
1.620000e-06	-9.980570e-07	-1.104304e-09	-7.083627e+00	-7.345359e+01
1.630000e-06	-9.528942e-07	-1.092163e-09	-6.763088e+00	-7.288422e+01
1.640000e-06	-9.076610e-07	-1.074304e-09	-6.442049e+00	-7.230096e+01
1.650000e-06	-8.622896e-07	-1.057145e-09	-6.120029e+00	-7.170347e+01
1.660000e-06	-8.168179e-07	-1.045776e-09	-5.797297e+00	-7.109145e+01
1.670000e-06	-7.713303e-07	-1.039942e-09	-5.474453e+00	-7.046457e+01
1.680000e-06	-7.258495e-07	-1.035828e-09	-5.151657e+00	-6.982251e+01
1.690000e-06	-6.803210e-07	-1.031889e-09	-4.828522e+00	-6.916494e+01
1.700000e-06	-6.347844e-07	-1.028570e-09	-4.505330e+00	-6.849155e+01
1.710000e-06	-5.892320e-07	-1.021713e-09	-4.182025e+00	-6.780197e+01
1.720000e-06	-5.435503e-07	-1.009653e-09	-3.857803e+00	-6.709585e+01
1.730000e-06	-4.977877e-07	-9.936091e-10	-3.533007e+00	-6.637282e+01
1.740000e-06	-4.520528e-07	-9.781895e-10	-3.208407e+00	-6.563245e+01
1.750000e-06	-4.062963e-07	-9.654667e-10	-2.883655e+00	-6.487432e+01
1.760000e-06	-3.604825e-07	-9.526169e-10	-2.558495e+00	-6.409795e+01
1.770000e-06	-3.147292e-07	-9.407996e-10	-2.233764e+00	-6.330286e+01
1.780000e-06	-2.689515e-07	-9.338001e-10	-1.908861e+00	-6.248849e+01
1.790000e-06	-2.231316e-07	-9.283896e-10	-1.583658e+00	-6.165427e+01
1.800000e-06	-1.772717e-07	-9.179079e-10	-1.258171e+00	-6.079958e+01
1.810000e-06	-1.314223e-07	-9.009939e-10	-9.327588e-01	-5.992376e+01
1.820000e-06	-8.563024e-08	-8.820549e-10	-6.077536e-01	-5.902609e+01
1.830000e-06	-3.979637e-08	-8.642283e-10	-2.824514e-01	-5.810583e+01
1.840000e-06	6.074684e-09	-8.467964e-10	4.311457e-02	-5.716218e+01
1.850000e-06	5.191980e-08	-8.308629e-10	3.684965e-01	-5.619431e+01
1.860000e-06	9.776262e-08	-8.199886e-10	6.938621e-01	-5.520135e+01
1.870000e-06	1.436677e-07	-8.152987e-10	1.019670e+00	-5.418237e+01
1.880000e-06	1.895154e-07	-8.094593e-10	1.345070e+00	-5.313645e+01
1.890000e-06	2.353038e-07	-7.920355e-10	1.670049e+00	-5.206261e+01
1.900000e-06	2.810981e-07	-7.647123e-10	1.995071e+00	-5.095986e+01
1.910000e-06	3.268546e-07	-7.379641e-10	2.319823e+00	-4.982718e+01
1.920000e-06	3.725642e-07	-7.128400e-10	2.644244e+00	-4.866356e+01
1.930000e-06	4.183184e-07	-6.871168e-10	2.968980e+00	-4.746798e+01
1.940000e-06	4.641650e-07	-6.659084e-10	3.294373e+00	-4.623941e+01
1.950000e-06	5.100442e-07	-6.544353e-10	3.619997e+00	-4.497685e+01
1.960000e-06	5.558671e-07	-6.460214e-10	3.945221e+00	-4.367932e+01
1.970000e-06	6.014712e-07	-6.290757e-10	4.268892e+00	-4.234587e+01
1.980000e-06	6.469722e-07	-6.032684e-10	4.591831e+00	-4.097558e+01
1.990000e-06	6.925429e-07	-5.748668e-10	4.915266e+00	-3.956758e+01
2.000000e-06	7.381493e-07	-5.464396e-10	5.238954e+00	-3.812109e+01
2.010000e-06	7.836939e-07	-5.201379e-10	5.562203e+00	-3.663536e+01
2.020000e-06	8.291092e-07	-4.957320e-10	5.884534e+00	-3.510974e+01
2.030000e-06	8.744298e-07	-4.733890e-10	6.206193e+00	-3.354367e+01
2.040000e-06	9.196875e-07	-4.548500e-10	6.527406e+00	-3.193668e+01
2.050000e-06	9.648505e-07	-4.326633e-10	6.847947e+00	-3.028841e+01
2.060000e-06	1.009931e-06	-4.051977e-10	7.167901e+00	-2.859863e+01
2.070000e-06	1.054828e-06	-3.764793e-10	7.486552e+00	-2.686722e+01
2.080000e-06	1.099621e-06	-3.496653e-10	7.804471e+00	-2.509418e+01
2.090000e-06	1.144339e-06	-3.239025e-10	8.121851e+00	-2.327967e+01
2.100000e-06	1.188932e-06	-2.955314e-10	8.438350e+00	-2.142399e+01
2.110000e-06	1.233504e-06	-2.659044e-10	8.754690e+00	-1.952759e+01
2.120000e-06	1.277966e-06	-2.363447e-10	9.070255e+00	-1.759106e+01
2.130000e-06	1.322361e-06	-2.078335e-10	9.385345e+00	-1.561516e+01
2.140000e-06	1.366704e-06	-1.769614e-10	9.700069e+00	-1.360081e+01
2.150000e-06	1.410976e-06	-1.446370e-10	1.001429e+01	-1.154908e+01
2.160000e-06	1.455211e-06	-1.155212e-10	1.032824e+01	-9.461206e+00
2.170000e-06	1.499395e-06	-8.913241e-11	1.064183e+01	-7.338587e+00
2.180000e-06	1.543487e-06	-6.265124e-11	1.095477e+01	-5.182772e+00
2.190000e-06	1.587513e-06	-3.198653e-11	1.126724e+01	-2.995467e+00
2.200000e-06	1.631465e-06	3.255149e-12	1.157919e+01	-7.785261e-01
2.210000e-06	1.675345e-06	3.871940e-11	1.189062e+01	1.466053e+00
2.220000e-06	1.719175e-06	7.562185e-11	1.220170e+01	3.736137e+00
2.230000e-06	1.762942e-06	1.158461e-10	1.251233e+01	6.029461e+00
2.240000e-06	1.806675e-06	1.548599e-10	1.282272e+01	8.343641e+00
2.250000e-06	1.850366e-06	1.870158e-10	1.313282e+01	1.067618e+01
2.260000e-06	1.893863e-06	2.164914e-10	1.344154e+01	1.302449e+01
2.270000e-06	1.937129e-06	2.480441e-10	1.374861e+01	1.538588e+01
2.280000e-06	1.980273e-06	2.835277e-10	1.405483e+01	1.775758e+01
2.290000e-06	2.023271e-06	3.220654e-10	1.436000e+01	2.013678e+01
2.300000e-06	2.066109e-06	3.627835e-10	1.466404e+01	2.252058e+01
2.310000e-06	2.108710e-06	4.062605e-10	1.496640e+01	2.490607e+01
2.320000e-06	2.151005e-06	4.492656e-10	1.526658e+01	2.729030e+01
2.330000e-06	2.193001e-06	4.849273e-10	1.556464e+01	2.967032e+01
2.340000e-06	2.234689e-06	5.127764e-10	1.586052e+01	3.204316e+01
2.350000e-06	2.276104e-06	5.383147e-10	1.615446e+01	3.440590e+01
2.360000e-06	2.317202e-06	5.675824e-10	1.644615e+01	3.675561e+01
2.370000e-06	2.358012e-06	6.045300e-10	1.673580e+01	3.908943e+01
2.380000e-06	2.398560e-06	6.448326e-10	1.702358e+01	4.140454e+01
2.390000e-06	2.438870e-06	6.854133e-10	1.730968e+01	4.369821e+01
2.400000e-06	2.479008e-06	7.259569e-10	1.759455e+01	4.596777e+01
2.410000e-06	2.519058e-06	7.631529e-10	1.787881e+01	4.821065e+01
2.420000e-06	2.559096e-06	7.964672e-10	1.816297e+01	5.042438e+01
2.430000e-06	2.599011e-06	8.279953e-10	1.844627e+01	5.260659e+01
2.440000e-06	2.638816e-06	8.569276e-10	1.872878e+01	5.475507e+01
2.450000e-06	2.678570e-06	8.860166e-10	1.901093e+01	5.686770e+01
2.460000e-06	2.718230e-06	9.177726e-10	1.929241e+01	5.894252e+01
2.470000e-06	2.757740e-06	9.513215e-10	1.957283e+01	6.097770e+01
2.480000e-06	2.797040e-06	9.833618e-10	1.985176e+01	6.297157e+01
2.490000e-06	2.836047e-06	1.012041e-09	2.012861e+01	6.492260e+01
2.500000e-06	2.874711e-06	1.040555e-09	2.040302e+01	6.682943e+01
2.510000e-06	2.913189e-06	1.069397e-09	2.067612e+01	6.869085e+01
2.520000e-06	2.951546e-06	1.098229e-09	2.094836e+01	7.050581e+01
2.530000e-06	2.989722e-06	1.126458e-09	2.121930e+01	7.227342e+01
2.540000e-06	3.027731e-06	1.150604e-09	2.148907e+01	7.399295e+01
2.550000e-06	3.065602e-06	1.171652e-09	2.175786e+01	7.566383e+01
2.560000e-06	3.103318e-06	1.191244e-09	2.202555e+01	7.728562e+01
2.570000e-06	3.140789e-06	1.212264e-09	2.229149e+01	7.885806e+01
2.580000e-06	3.178015e-06	1.235026e-09	2.255570e+01	8.038102e+01
2.590000e-06	3.215031e-06	1.259347e-09	2.281842e+01	8.185451e+01
2.600000e-06	3.251756e-06	1.285302e-09	2.307907e+01	8.327867e+01
2.610000e-06	3.288218e-06	1.309330e-09	2.333785e+01	8.465377e+01
2.620000e-06	3.324539e-06	1.330459e-09	2.359564e+01	8.598021e+01
2.630000e-06	3.360668e-06	1.349600e-09	2.385206e+01	8.725849e+01
2.640000e-06	3.396626e-06	1.365692e-09	2.410727e+01	8.848921e+01
2.650000e-06	3.432493e-06	1.379067e-09	2.436184e+01	8.967308e+01
2.660000e-06	3.468258e-06	1.391542e-09	2.461567e+01	9.081089e+01
2.670000e-06	3.503909e-06	1.406172e-09	2.486871e+01	9.190350e+01
2.680000e-06	3.539329e-06	1.422803e-09	2.512009e+01	9.295185e+01
2.690000e-06	3.574316e-06	1.438081e-09	2.536841e+01	9.395694e+01
2.700000e-06	3.608830e-06	1.452764e-09	2.561337e+01	9.491982e+01
2.710000e-06	3.642902e-06	1.469292e-09	2.585519e+01	9.584159e+01
2.720000e-06	3.676505e-06	1.487243e-09	2.609369e+01	9.672338e+01
2.730000e-06	3.709655e-06	1.503624e-09	2.632897e+01	9.756635e+01
2.740000e-06	3.742446e-06	1.512732e-09	2.656170e+01	9.837169e+01
2.750000e-06	3.774922e-06	1.516741e-09	2.679220e+01	9.914059e+01
2.760000e-06	3.807115e-06	1.523186e-09	2.702068e+01	9.987425e+01
2.770000e-06	3.839120e-06	1.533475e-09	2.724784e+01	1.005739e+02
2.780000e-06	3.871024e-06	1.545915e-09	2.747427e+01	1.012407e+02
2.790000e-06	3.902821e-06	1.557310e-09	2.769995e+01	1.018759e+02
2.800000e-06	3.934404e-06	1.567432e-09	2.792410e+01	1.024806e+02
2.810000e-06	3.965755e-06	1.576253e-09	2.814662e+01	1.030560e+02
2.820000e-06	3.996750e-06	1.581343e-09	2.836661e+01	1.036032e+02
2.830000e-06	4.027334e-06	1.584864e-09	2.858367e+01	1.041234e+02
2.840000e-06	4.057665e-06	1.591279e-09	2.879894e+01	1.046176e+02
2.850000e-06	4.087765e-06	1.598747e-09	2.901257e+01	1.050869e+02
2.860000e-06	4.117636e-06	1.605922e-09	2.922458e+01	1.055324e+02
2.870000e-06	4.147291e-06	1.613698e-09	2.943505e+01	1.059550e+02
2.880000e-06	4.176713e-06	1.622687e-09	2.964387e+01	1.063556e+02
2.890000e-06	4.205904e-06	1.629891e-09	2.985105e+01	1.067353e+02
2.900000e-06	4.234726e-06	1.633540e-09	3.005562e+01	1.070950e+02
2.910000e-06	4.263175e-06	1.635585e-09	3.025753e+01	1.074354e+02
2.920000e-06	4.291380e-06	1.637226e-09	3.045772e+01	1.077575e+02
2.930000e-06	4.319445e-06	1.637495e-09	3.065690e+01	1.080620e+02
2.940000e-06	4.347395e-06	1.639923e-09	3.085528e+01	1.083498e+02
2.950000e-06	4.375184e-06	1.645347e-09	3.105250e+01	1.086216e+02
2.960000e-06	4.402780e-06	1.651489e-09	3.124837e+01	1.088781e+02
2.970000e-06	4.430016e-06	1.657685e-09	3.144167e+01	1.091201e+02
2.980000e-06	4.456718e-06	1.659810e-09	3.163119e+01	1.093482e+02
2.990000e-06	4.482772e-06	1.657246e-09	3.181611e+01	1.095631e+02
3.000000e-06	4.508228e-06	1.654160e-09	3.199678e+01	1.097654e+02
3.010000e-06	4.533150e-06	1.654750e-09	3.217366e+01	1.099557e+02
3.020000e-06	4.557630e-06	1.659211e-09	3.234740e+01	1.101347e+02
3.030000e-06	4.581844e-06	1.664272e-09	3.251926e+01	1.103029e+02
3.040000e-06	4.605892e-06	1.668996e-09	3.268994e+01	1.104609e+02
3.050000e-06	4.629781e-06	1.674744e-09	3.285949e+01	1.106092e+02
3.060000e-06	4.653437e-06	1.678603e-09	3.302739e+01	1.107484e+02
3.070000e-06	4.676781e-06	1.678115e-09	3.319307e+01	1.108789e+02
3.080000e-06	4.699726e-06	1.674701e-09	3.335592e+01	1.110013e+02
3.090000e-06	4.722308e-06	1.672497e-09	3.351619e+01	1.111160e+02
3.100000e-06	4.744590e-06	1.672869e-09	3.367434e+01	1.112235e+02
3.110000e-06	4.766573e-06	1.672677e-09	3.383036e+01	1.113242e+02
3.120000e-06	4.788316e-06	1.672555e-09	3.398468e+01	1.114185e+02
3.130000e-06	4.809754e-06	1.676764e-09	3.413683e+01	1.115069e+02
3.140000e-06	4.830754e-06	1.686019e-09	3.428588e+01	1.115895e+02
3.150000e-06	4.851403e-06	1.692330e-09	3.443243e+01	1.116669e+02
3.160000e-06	4.871688e-06	1.690451e-09	3.457640e+01	1.117393e+02
3.170000e-06	4.891692e-06	1.687456e-09	3.471838e+01	1.118071e+02
3.180000e-06	4.911587e-06	1.686056e-09	3.485959e+01	1.118703e+02
3.190000e-06	4.931268e-06	1.684483e-09	3.499927e+01	1.119294e+02
3.200000e-06	4.950681e-06	1.684654e-09	3.513705e+01	1.119845e+02
3.210000e-06	4.969862e-06	1.687840e-09	3.527318e+01	1.120357e+02
3.220000e-06	4.988637e-06	1.693630e-09	3.540644e+01	1.120833e+02
3.230000e-06	5.006937e-06	1.698703e-09	3.553632e+01	1.121272e+02
3.240000e-06	5.024775e-06	1.698575e-09	3.566292e+01	1.121677e+02
3.250000e-06	5.042174e-06	1.695415e-09	3.578642e+01	1.122047e+02
3.260000e-06	5.059322e-06	1.694179e-09	3.590812e+01	1.122382e+02
3.270000e-06	5.076197e-06	1.692513e-09	3.602789e+01	1.122683e+02
3.280000e-06	5.092806e-06	1.690982e-09	3.614577e+01	1.122948e+02
3.290000e-06	5.109102e-06	1.691703e-09	3.626143e+01	1.123178e+02
3.300000e-06	5.124859e-06	1.695291e-09	3.637326e+01	1.123372e+02
3.310000e-06	5.140009e-06	1.700132e-09	3.648079e+01	1.123527e+02
3.320000e-06	5.154603e-06	1.701651e-09	3.658437e+01	1.123643e+02
3.330000e-06	5.168851e-06	1.700201e-09	3.668550e+01	1.123718e+02
3.340000e-06	5.182785e-06	1.699169e-09	3.678439e+01	1.123751e+02
3.350000e-06	5.196333e-06	1.698314e-09	3.688054e+01	1.123739e+02
3.360000e-06	5.209552e-06	1.695688e-09	3.697436e+01	1.123681e+02
3.370000e-06	5.222369e-06	1.692328e-09	3.706533e+01	1.123575e+02
3.380000e-06	5.234747e-06	1.690741e-09	3.715318e+01	1.123419e+02
3.390000e-06	5.246790e-06	1.690883e-09	3.723866e+01	1.123211e+02
3.400000e-06	5.258598e-06	1.689026e-09	3.732246e+01	1.122949e+02
3.410000e-06	5.270029e-06	1.684099e-09	3.740359e+01	1.122632e+02
3.420000e-06	5.280895e-06	1.681141e-09	3.748071e+01	1.122258e+02
3.430000e-06	5.291152e-06	1.682999e-09	3.755352e+01	1.121826e+02
3.440000e-06	5.300722e-06	1.685502e-09	3.762144e+01	1.121335e+02
3.450000e-06	5.309733e-06	1.685762e-09	3.768539e+01	1.120784e+02
3.460000e-06	5.318270e-06	1.685417e-09	3.774598e+01	1.120172e+02
3.470000e-06	5.326375e-06	1.686500e-09	3.780351e+01	1.119500e+02
3.480000e-06	5.334242e-06	1.686416e-09	3.785934e+01	1.118768e+02
3.490000e-06	5.341913e-06	1.683705e-09	3.791378e+01	1.117977e+02
3.500000e-06	5.349346e-06	1.681440e-09	3.796654e+01	1.117128e+02
3.510000e-06	5.356338e-06	1.683069e-09	3.801617e+01	1.116222e+02
3.520000e-06	5.362966e-06	1.685669e-09	3.806321e+01	1.115262e+02
3.530000e-06	5.369292e-06	1.685642e-09	3.810811e+01	1.114250e+02
3.540000e-06	5.375206e-06	1.684806e-09	3.815008e+01	1.113189e+02
3.550000e-06	5.380746e-06	1.686248e-09	3.818940e+01	1.112083e+02
3.560000e-06	5.385893e-06	1.688373e-09	3.822593e+01	1.110936e+02
3.570000e-06	5.390633e-06	1.685581e-09	3.825957e+01	1.109752e+02
3.580000e-06	5.394985e-06	1.678830e-09	3.829046e+01	1.108536e+02
3.590000e-06	5.399082e-06	1.676455e-09	3.831954e+01	1.107293e+02
3.600000e-06	5.403020e-06	1.680828e-09	3.834749e+01	1.106030e+02
3.610000e-06	5.406718e-06	1.684886e-09	3.837373e+01	1.104751e+02
3.620000e-06	5.410097e-06	1.686505e-09	3.839771e+01	1.103463e+02
3.630000e-06	5.413048e-06	1.688294e-09	3.841866e+01	1.102173e+02
3.640000e-06	5.415395e-06	1.689162e-09	3.843532e+01	1.100887e+02
3.650000e-06	5.417046e-06	1.687156e-09	3.844704e+01	1.099612e+02
3.660000e-06	5.418082e-06	1.682709e-09	3.845439e+01	1.098355e+02
3.670000e-06	5.418644e-06	1.680323e-09	3.845838e+01	1.097122e+02
3.680000e-06	5.418867e-06	1.682847e-09	3.845996e+01	1.095921e+02
3.690000e-06	5.418873e-06	1.686124e-09	3.846000e+01	1.094759e+02
3.700000e-06	5.418653e-06	1.685780e-09	3.845844e+01	1.093640e+02
3.710000e-06	5.418176e-06	1.682440e-09	3.845505e+01	1.092573e+02
3.720000e-06	5.417405e-06	1.680825e-09	3.844958e+01	1.091563e+02
3.730000e-06	5.416309e-06	1.680014e-09	3.844181e+01	1.090615e+02
3.740000e-06	5.414764e-06	1.673701e-09	3.843084e+01	1.089734e+02
3.750000e-06	5.412752e-06	1.671538e-09	3.841656e+01	1.088926e+02
3.760000e-06	5.410481e-06	1.679778e-09	3.840044e+01	1.088193e+02
3.770000e-06	5.407990e-06	1.664008e-09	3.838277e+01	1.087541e+02
3.780000e-06	5.405118e-06	1.621319e-09	3.836238e+01	1.086970e+02
3.790000e-06	5.401656e-06	1.608371e-09	3.833780e+01	1.086484e+02
3.800000e-06	5.397722e-06	1.618714e-09	3.830989e+01	1.086083e+02
3.810000e-06	5.393604e-06	1.665034e-09	3.828066e+01	1.085769e+02
3.820000e-06	5.389392e-06	1.648261e-09	3.825076e+01	1.085540e+02
3.830000e-06	5.384861e-06	1.618464e-09	3.821860e+01	1.085397e+02
3.840000e-06	5.379690e-06	1.632699e-09	3.818190e+01	1.085337e+02
3.850000e-06	5.373933e-06	1.658152e-09	3.814104e+01	1.085357e+02
3.860000e-06	5.367817e-06	1.648146e-09	3.809764e+01	1.085454e+02
3.870000e-06	5.361331e-06	1.575764e-09	3.805160e+01	1.085624e+02
3.880000e-06	5.354274e-06	1.579320e-09	3.800151e+01	1.085862e+02
3.890000e-06	5.346662e-06	1.617905e-09	3.794749e+01	1.086163e+02
3.900000e-06	5.338742e-06	1.652410e-09	3.789128e+01	1.086518e+02
3.910000e-06	5.330566e-06	1.613298e-09	3.783325e+01	1.086923e+02
3.920000e-06	5.322062e-06	1.604786e-09	3.777289e+01	1.087369e+02
3.930000e-06	5.313184e-06	1.611471e-09	3.770988e+01	1.087848e+02
3.940000e-06	5.303976e-06	1.610060e-09	3.764453e+01	1.088350e+02
3.950000e-06	5.294415e-06	1.585658e-09	3.757668e+01	1.088869e+02
3.960000e-06	5.284382e-06	1.602822e-09	3.750546e+01	1.089393e+02
3.970000e-06	5.273984e-06	1.635604e-09	3.743167e+01	1.089913e+02
3.980000e-06	5.263304e-06	1.655516e-09	3.735586e+01	1.090419e+02
3.990000e-06	5.252182e-06	1.671506e-09	3.727693e+01	1.090903e+02
4.000000e-06	5.240672e-06	1.683809e-09	3.719524e+01	1.091353e+02
4.010000e-06	5.228921e-06	1.688383e-09	3.711183e+01	1.091759e+02
4.020000e-06	5.216817e-06	1.664455e-09	3.702592e+01	1.092114e+02
4.030000e-06	5.204239e-06	1.666770e-09	3.693666e+01	1.092406e+02
4.040000e-06	5.191190e-06	1.672403e-09	3.684404e+01	1.092626e+02
4.050000e-06	5.177612e-06	1.662681e-09	3.674767e+01	1.092768e+02
4.060000e-06	5.163342e-06	1.646852e-09	3.664639e+01	1.092821e+02
4.070000e-06	5.148292e-06	1.684087e-09	3.653958e+01	1.092778e+02
4.080000e-06	5.132776e-06	1.693464e-09	3.642946e+01	1.092634e+02
4.090000e-06	5.117054e-06	1.653371e-09	3.631787e+01	1.092380e+02
4.100000e-06	5.101105e-06	1.630319e-09	3.620467e+01	1.092012e+02
4.110000e-06	5.084951e-06	1.657807e-09	3.609002e+01	1.091525e+02
4.120000e-06	5.068430e-06	1.641263e-09	3.597277e+01	1.090915e+02
4.130000e-06	5.051436e-06	1.621987e-09	3.585215e+01	1.090179e+02
4.140000e-06	5.034003e-06	1.628543e-09	3.572842e+01	1.089314e+02
4.150000e-06	5.016283e-06	1.644937e-09	3.560265e+01	1.088319e+02
4.160000e-06	4.998334e-06	1.637903e-09	3.547526e+01	1.087195e+02
4.170000e-06	4.980060e-06	1.649627e-09	3.534556e+01	1.085940e+02
4.180000e-06	4.961401e-06	1.643975e-09	3.521314e+01	1.084557e+02
4.190000e-06	4.942313e-06	1.618242e-09	3.507766e+01	1.083048e+02
4.200000e-06	4.922844e-06	1.615937e-09	3.493948e+01	1.081415e+02
4.210000e-06	4.903117e-06	1.623464e-09	3.479947e+01	1.079663e+02
4.220000e-06	4.883200e-06	1.600806e-09	3.465811e+01	1.077795e+02
4.230000e-06	4.863112e-06	1.594985e-09	3.451554e+01	1.075818e+02
4.240000e-06	4.842772e-06	1.615965e-09	3.437117e+01	1.073737e+02
4.250000e-06	4.822115e-06	1.616909e-09	3.422456e+01	1.071558e+02
4.260000e-06	4.801097e-06	1.610864e-09	3.407539e+01	1.069289e+02
4.270000e-06	4.779499e-06	1.612751e-09	3.392210e+01	1.066937e+02
4.280000e-06	4.757296e-06	1.607375e-09	3.376451e+01	1.064509e+02
4.290000e-06	4.734595e-06	1.596244e-09	3.360340e+01	1.062014e+02
4.300000e-06	4.711297e-06	1.592705e-09	3.343804e+01	1.059460e+02
4.310000e-06	4.687568e-06	1.577133e-09	3.326962e+01	1.056856e+02
4.320000e-06	4.663682e-06	1.568821e-09	3.310010e+01	1.054209e+02
4.330000e-06	4.639672e-06	1.574137e-09	3.292969e+01	1.051529e+02
4.340000e-06	4.615473e-06	1.576411e-09	3.275794e+01	1.048823e+02
4.350000e-06	4.590960e-06	1.565297e-09	3.258396e+01	1.046099e+02
4.360000e-06	4.566083e-06	1.565412e-09	3.240740e+01	1.043366e+02
4.370000e-06	4.540909e-06	1.564162e-09	3.222872e+01	1.040631e+02
4.380000e-06	4.515363e-06	1.563078e-09	3.204742e+01	1.037901e+02
4.390000e-06	4.489452e-06	1.554574e-09	3.186352e+01	1.035182e+02
4.400000e-06	4.463286e-06	1.543149e-09	3.167780e+01	1.032481e+02
4.410000e-06	4.436815e-06	1.532534e-09	3.148993e+01	1.029802e+02
4.420000e-06	4.410117e-06	1.532706e-09	3.130044e+01	1.027152e+02
4.430000e-06	4.383096e-06	1.526740e-09	3.110866e+01	1.024533e+02
4.440000e-06	4.355749e-06	1.523567e-09	3.091457e+01	1.021950e+02
4.450000e-06	4.328178e-06	1.527695e-09	3.071889e+01	1.019406e+02
4.460000e-06	4.300327e-06	1.533241e-09	3.052122e+01	1.016902e+02
4.470000e-06	4.272321e-06	1.529893e-09	3.032245e+01	1.014440e+02
4.480000e-06	4.244195e-06	1.524402e-09	3.012282e+01	1.012020e+02
4.490000e-06	4.215814e-06	1.519567e-09	2.992139e+01	1.009643e+02
4.500000e-06	4.187021e-06	1.519398e-09	2.971703e+01	1.007308e+02
4.510000e-06	4.157834e-06	1.515575e-09	2.950988e+01	1.005013e+02
4.520000e-06	4.128108e-06	1.506882e-09	2.929891e+01	1.002757e+02
4.530000e-06	4.097828e-06	1.503457e-09	2.908400e+01	1.000536e+02
4.540000e-06	4.067060e-06	1.506438e-09	2.886562e+01	9.983485e+01
4.550000e-06	4.035762e-06	1.504788e-09	2.864349e+01	9.961894e+01
4.560000e-06	4.004204e-06	1.496383e-09	2.841951e+01	9.940553e+01
4.570000e-06	3.972522e-06	1.490485e-09	2.819465e+01	9.919416e+01
4.580000e-06	3.940634e-06	1.488079e-09	2.796832e+01	9.898435e+01
4.590000e-06	3.908557e-06	1.486419e-09	2.774066e+01	9.877560e+01
4.600000e-06	3.876297e-06	1.478065e-09	2.751170e+01	9.856737e+01
4.610000e-06	3.843881e-06	1.468955e-09	2.728162e+01	9.835913e+01
4.620000e-06	3.811295e-06	1.462275e-09	2.705035e+01	9.815033e+01
4.630000e-06	3.778379e-06	1.461107e-09	2.681673e+01	9.794043e+01
4.640000e-06	3.745180e-06	1.457857e-09	2.658111e+01	9.772888e+01
4.650000e-06	3.711671e-06	1.454676e-09	2.634327e+01	9.751517e+01
4.660000e-06	3.677885e-06	1.452812e-09	2.610348e+01	9.729877e+01
4.670000e-06	3.643947e-06	1.455042e-09	2.586261e+01	9.707921e+01
4.680000e-06	3.609767e-06	1.453127e-09	2.562002e+01	9.685603e+01
4.690000e-06	3.575307e-06	1.444794e-09	2.537545e+01	9.662880e+01
4.700000e-06	3.540561e-06	1.434619e-09	2.512884e+01	9.639715e+01
4.710000e-06	3.505517e-06	1.428519e-09	2.488012e+01	9.616072e+01
4.720000e-06	3.470163e-06	1.424898e-09	2.462919e+01	9.591922e+01
4.730000e-06	3.434515e-06	1.422172e-09	2.437618e+01	9.567239e+01
4.740000e-06	3.398715e-06	1.419915e-09	2.412210e+01	9.542003e+01
4.750000e-06	3.362808e-06	1.422504e-09	2.386725e+01	9.516198e+01
4.760000e-06	3.326776e-06	1.423330e-09	2.361152e+01	9.489813e+01
4.770000e-06	3.290626e-06	1.418045e-09	2.335494e+01	9.462843e+01
4.780000e-06	3.254342e-06	1.407283e-09	2.309743e+01	9.435287e+01
4.790000e-06	3.217938e-06	1.397441e-09	2.283905e+01	9.407148e+01
4.800000e-06	3.181386e-06	1.391722e-09	2.257962e+01	9.378434e+01
4.810000e-06	3.144514e-06	1.387822e-09	2.231793e+01	9.349158e+01
4.820000e-06	3.107190e-06	1.382813e-09	2.205302e+01	9.319336e+01
4.830000e-06	3.069452e-06	1.379354e-09	2.178518e+01	9.288987e+01
4.840000e-06	3.031316e-06	1.379141e-09	2.151451e+01	9.258135e+01
4.850000e-06	2.992822e-06	1.378925e-09	2.124131e+01	9.226804e+01
4.860000e-06	2.953969e-06	1.373364e-09	2.096555e+01	9.195023e+01
4.870000e-06	2.914723e-06	1.365918e-09	2.068701e+01	9.162820e+01
4.880000e-06	2.875160e-06	1.361198e-09	2.040621e+01	9.130227e+01
4.890000e-06	2.835488e-06	1.357291e-09	2.012464e+01	9.097273e+01
4.900000e-06	2.795692e-06	1.354211e-09	1.984219e+01	9.063990e+01
4.910000e-06	2.755738e-06	1.350775e-09	1.955862e+01	9.030409e+01
4.920000e-06	2.715713e-06	1.348279e-09	1.927455e+01	8.996559e+01
4.930000e-06	2.675582e-06	1.345913e-09	1.898972e+01	8.962469e+01
4.940000e-06	2.635294e-06	1.342826e-09	1.870378e+01	8.928165e+01
4.950000e-06	2.594916e-06	1.338057e-09	1.841720e+01	8.893671e+01
4.960000e-06	2.554390e-06	1.332623e-09	1.812957e+01	8.859008e+01
4.970000e-06	2.513671e-06	1.328147e-09	1.784057e+01	8.824194e+01
4.980000e-06	2.472758e-06	1.325788e-09	1.755019e+01	8.789243e+01
4.990000e-06	2.431719e-06	1.322602e-09	1.725893e+01	8.754166e+01
5.000000e-06	2.390579e-06	1.319308e-09	1.696694e+01	8.718970e+01
5.010000e-06	2.349151e-06	1.313558e-09	1.667291e+01	8.683657e+01
5.020000e-06	2.307491e-06	1.306305e-09	1.637723e+01	8.648225e+01
5.030000e-06	2.265684e-06	1.298093e-09	1.608050e+01	8.612667e+01
5.040000e-06	2.223775e-06	1.291376e-09	1.578306e+01	8.576972e+01
5.050000e-06	2.181854e-06	1.285565e-09	1.548553e+01	8.541125e+01
5.060000e-06	2.139756e-06	1.281664e-09	1.518674e+01	8.505106e+01
5.070000e-06	2.097384e-06	1.277910e-09	1.488601e+01	8.468891e+01
5.080000e-06	2.054920e-06	1.275200e-09	1.458462e+01	8.432451e+01
5.090000e-06	2.012316e-06	1.273443e-09	1.428225e+01	8.395754e+01
5.100000e-06	1.969623e-06	1.269797e-09	1.397924e+01	8.358765e+01
5.110000e-06	1.926794e-06	1.263209e-09	1.367526e+01	8.321444e+01
5.120000e-06	1.883649e-06	1.254311e-09	1.336905e+01	8.283749e+01
5.130000e-06	1.840356e-06	1.247316e-09	1.306177e+01	8.245635e+01
5.140000e-06	1.796994e-06	1.243913e-09	1.275401e+01	8.207055e+01
5.150000e-06	1.753526e-06	1.240468e-09	1.244551e+01	8.167960e+01
5.160000e-06	1.709933e-06	1.233219e-09	1.213611e+01	8.128299e+01
5.170000e-06	1.666244e-06	1.227331e-09	1.182603e+01	8.088022e+01
5.180000e-06	1.622457e-06	1.221362e-09	1.151525e+01	8.047074e+01
5.190000e-06	1.578524e-06	1.212369e-09	1.120344e+01	8.005404e+01
5.200000e-06	1.534572e-06	1.201890e-09	1.089150e+01	7.962959e+01
5.210000e-06	1.490614e-06	1.194351e-09	1.057951e+01	7.919686e+01
5.220000e-06	1.446635e-06	1.191624e-09	1.026737e+01	7.875533e+01
5.230000e-06	1.402606e-06	1.188075e-09	9.954879e+00	7.830451e+01
5.240000e-06	1.358465e-06	1.181869e-09	9.641594e+00	7.784388e+01
5.250000e-06	1.314269e-06	1.175633e-09	9.327918e+00	7.737297e+01
5.260000e-06	1.270020e-06	1.168719e-09	9.013861e+00	7.689132e+01
5.270000e-06	1.225752e-06	1.158362e-09	8.699674e+00	7.639847e+01
5.280000e-06	1.181495e-06	1.144819e-09	8.385562e+00	7.589399e+01
5.290000e-06	1.137168e-06	1.134305e-09	8.070959e+00	7.537747e+01
5.300000e-06	1.092745e-06	1.129906e-09	7.755669e+00	7.484851e+01
5.310000e-06	1.048251e-06	1.127349e-09	7.439878e+00	7.430674e+01
5.320000e-06	1.003664e-06	1.120396e-09	7.123420e+00	7.375180e+01
5.330000e-06	9.589981e-07	1.111702e-09	6.806410e+00	7.318332e+01
5.340000e-06	9.142908e-07	1.105519e-09	6.489103e+00	7.260098e+01
5.350000e-06	8.694376e-07	1.097829e-09	6.170761e+00	7.200445e+01
5.360000e-06	8.245987e-07	1.084623e-09	5.852521e+00	7.139340e+01
5.370000e-06	7.797891e-07	1.069526e-09	5.534489e+00	7.076752e+01
5.380000e-06	7.347801e-07	1.059151e-09	5.215041e+00	7.012649e+01
5.390000e-06	6.897660e-07	1.054189e-09	4.895557e+00	6.946999e+01
5.400000e-06	6.447367e-07	1.048369e-09	4.575966e+00	6.879768e+01
5.410000e-06	5.994892e-07	1.038765e-09	4.254825e+00	6.810922e+01
5.420000e-06	5.541308e-07	1.027713e-09	3.932897e+00	6.740425e+01
5.430000e-06	5.087520e-07	1.016374e-09	3.610825e+00	6.668239e+01
5.440000e-06	4.633885e-07	1.001487e-09	3.288862e+00	6.594324e+01
5.450000e-06	4.180577e-07	9.831248e-10	2.967130e+00	6.518636e+01
5.460000e-06	3.726349e-07	9.674986e-10	2.644745e+00	6.441129e+01
5.470000e-06	3.271285e-07	9.585159e-10	2.321768e+00	6.361753e+01
5.480000e-06	2.816148e-07	9.518743e-10	1.998738e+00	6.280454e+01
5.490000e-06	2.360963e-07	9.424165e-10	1.675674e+00	6.197176e+01
5.500000e-06	1.906096e-07	9.302400e-10	1.352836e+00	6.111855e+01
5.510000e-06	1.451099e-07	9.163308e-10	1.029906e+00	6.024427e+01
5.520000e-06	9.957819e-08	8.990155e-10	7.067480e-01	5.934820e+01
5.530000e-06	5.407893e-08	8.800085e-10	3.838208e-01	5.842961e+01
5.540000e-06	8.499708e-09	8.638137e-10	6.032597e-02	5.748770e+01
5.550000e-06	-3.702717e-08	8.520272e-10	-2.627972e-01	5.652163e+01
5.560000e-06	-8.234639e-08	8.428479e-10	-5.844467e-01	5.553054e+01
5.570000e-06	-1.276282e-07	8.294896e-10	-9.058306e-01	5.451353e+01
5.580000e-06	-1.730263e-07	8.122987e-10	-1.228040e+00	5.346964e+01
5.590000e-06	-2.184942e-07	7.953312e-10	-1.550745e+00	5.239792e+01
5.600000e-06	-2.639133e-07	7.768516e-10	-1.873103e+00	5.129737e+01
5.610000e-06	-3.094387e-07	7.558666e-10	-2.196216e+00	5.016698e+01
5.620000e-06	-3.549566e-07	7.344560e-10	-2.519275e+00	4.900573e+01
5.630000e-06	-4.002424e-07	7.169759e-10	-2.840687e+00	4.781261e+01
5.640000e-06	-4.454273e-07	7.027971e-10	-3.161384e+00	4.658658e+01
5.650000e-06	-4.906183e-07	6.857783e-10	-3.482123e+00	4.532665e+01
5.660000e-06	-5.357951e-07	6.658615e-10	-3.802761e+00	4.403182e+01
5.670000e-06	-5.808179e-07	6.458693e-10	-4.122307e+00	4.270115e+01
5.680000e-06	-6.257063e-07	6.245485e-10	-4.440898e+00	4.133372e+01
5.690000e-06	-6.706703e-07	5.986479e-10	-4.760027e+00	3.992865e+01
5.700000e-06	-7.156896e-07	5.707220e-10	-5.079548e+00	3.848515e+01
5.710000e-06	-7.605954e-07	5.482400e-10	-5.398263e+00	3.700247e+01
5.720000e-06	-8.054094e-07	5.319456e-10	-5.716327e+00	3.547995e+01
5.730000e-06	-8.501836e-07	5.149110e-10	-6.034108e+00	3.391702e+01
5.740000e-06	-8.947934e-07	4.927873e-10	-6.350722e+00	3.231321e+01
5.750000e-06	-9.393261e-07	4.682371e-10	-6.666790e+00	3.066815e+01
5.760000e-06	-9.838663e-07	4.431634e-10	-6.982910e+00	2.898159e+01
5.770000e-06	-1.028374e-06	4.118534e-10	-7.298799e+00	2.725340e+01
5.780000e-06	-1.072810e-06	3.761393e-10	-7.614183e+00	2.548358e+01
5.790000e-06	-1.117130e-06	3.440980e-10	-7.928736e+00	2.367227e+01
5.800000e-06	-1.161392e-06	3.197846e-10	-8.242884e+00	2.181977e+01
5.810000e-06	-1.205628e-06	3.001738e-10	-8.556847e+00	1.992649e+01
5.820000e-06	-1.249823e-06	2.785999e-10	-8.870517e+00	1.799303e+01
5.830000e-06	-1.293920e-06	2.511975e-10	-9.183491e+00	1.602014e+01
5.840000e-06	-1.337921e-06	2.200396e-10	-9.495783e+00	1.400870e+01
5.850000e-06	-1.381915e-06	1.889690e-10	-9.808025e+00	1.195980e+01
5.860000e-06	-1.425873e-06	1.553012e-10	-1.012002e+01	9.874638e+00
5.870000e-06	-1.469791e-06	1.177594e-10	-1.043172e+01	7.754612e+00
5.880000e-06	-1.513705e-06	8.242579e-11	-1.074340e+01	5.601254e+00
5.890000e-06	-1.557512e-06	5.405743e-11	-1.105431e+01	3.416259e+00
5.900000e-06	-1.601193e-06	2.667312e-11	-1.136433e+01	1.201467e+00
5.910000e-06	-1.644846e-06	-5.803567e-12	-1.167416e+01	-1.041134e+00
5.920000e-06	-1.688384e-06	-4.049770e-11	-1.198317e+01	-3.309423e+00
5.930000e-06	-1.731834e-06	-7.390031e-11	-1.229155e+01	-5.601145e+00
5.940000e-06	-1.775212e-06	-1.087734e-10	-1.259942e+01	-7.913928e+00
5.950000e-06	-1.818383e-06	-1.475798e-10	-1.290582e+01	-1.024528e+01
5.960000e-06	-1.861389e-06	-1.871290e-10	-1.321105e+01	-1.259262e+01
5.970000e-06	-1.904316e-06	-2.231935e-10	-1.351573e+01	-1.495327e+01
5.980000e-06	-1.947084e-06	-2.563319e-10	-1.381927e+01	-1.732447e+01
5.990000e-06	-1.989691e-06	-2.908785e-10	-1.412167e+01	-1.970340e+01
6.000000e-06	-2.032187e-06	-3.291069e-10	-1.442328e+01	-2.208717e+01
6.010000e-06	-2.074473e-06	-3.685581e-10	-1.472340e+01	-2.447288e+01
6.020000e-06	-2.116596e-06	-4.071528e-10	-1.502236e+01	-2.685757e+01
6.030000e-06	-2.158673e-06	-4.452323e-10	-1.532101e+01	-2.923830e+01
6.040000e-06	-2.200683e-06	-4.836466e-10	-1.561917e+01	-3.161210e+01
6.050000e-06	-2.242586e-06	-5.200978e-10	-1.591657e+01	-3.397603e+01
6.060000e-06	-2.284313e-06	-5.545185e-10	-1.621272e+01	-3.632719e+01
6.070000e-06	-2.325831e-06	-5.894700e-10	-1.650740e+01	-3.866268e+01
6.080000e-06	-2.367148e-06	-6.244244e-10	-1.680064e+01	-4.097971e+01
6.090000e-06	-2.408230e-06	-6.586172e-10	-1.709221e+01	-4.327552e+01
6.100000e-06	-2.449046e-06	-6.952128e-10	-1.738190e+01	-4.554743e+01
6.110000e-06	-2.489631e-06	-7.349142e-10	-1.766995e+01	-4.779287e+01
6.120000e-06	-2.530112e-06	-7.719667e-10	-1.795726e+01	-5.000937e+01
6.130000e-06	-2.570479e-06	-8.018094e-10	-1.824376e+01	-5.219454e+01
6.140000e-06	-2.610692e-06	-8.275760e-10	-1.852917e+01	-5.434616e+01
6.150000e-06	-2.650813e-06	-8.564677e-10	-1.881393e+01	-5.646210e+01
6.160000e-06	-2.690913e-06	-8.889895e-10	-1.909853e+01	-5.854039e+01
6.170000e-06	-2.730977e-06	-9.207950e-10	-1.938288e+01	-6.057918e+01
6.180000e-06	-2.770930e-06	-9.510746e-10	-1.966645e+01	-6.257680e+01
6.190000e-06	-2.810765e-06	-9.842655e-10	-1.994917e+01	-6.453170e+01
6.200000e-06	-2.850376e-06	-1.016767e-09	-2.023031e+01	-6.644251e+01
6.210000e-06	-2.889762e-06	-1.043115e-09	-2.050985e+01	-6.830800e+01
6.220000e-06	-2.928958e-06	-1.065598e-09	-2.078804e+01	-7.012711e+01
6.230000e-06	-2.967733e-06	-1.091626e-09	-2.106324e+01	-7.189895e+01
6.240000e-06	-3.006077e-06	-1.122316e-09	-2.133539e+01	-7.362276e+01
6.250000e-06	-3.044072e-06	-1.149731e-09	-2.160505e+01	-7.529795e+01
6.260000e-06	-3.081749e-06	-1.171885e-09	-2.187246e+01	-7.692409e+01
6.270000e-06	-3.119072e-06	-1.194045e-09	-2.213735e+01	-7.850090e+01
6.280000e-06	-3.156024e-06	-1.220072e-09	-2.239962e+01	-8.002823e+01
6.290000e-06	-3.192674e-06	-1.245159e-09	-2.265974e+01	-8.150608e+01
6.300000e-06	-3.229048e-06	-1.264325e-09	-2.291790e+01	-8.293459e+01
6.310000e-06	-3.265256e-06	-1.282147e-09	-2.317488e+01	-8.431401e+01
6.320000e-06	-3.301364e-06	-1.306098e-09	-2.343116e+01	-8.564474e+01
6.330000e-06	-3.337332e-06	-1.332621e-09	-2.368644e+01	-8.692725e+01
6.340000e-06	-3.373172e-06	-1.353260e-09	-2.394081e+01	-8.816216e+01
6.350000e-06	-3.408898e-06	-1.367433e-09	-2.419437e+01	-8.935015e+01
6.360000e-06	-3.444424e-06	-1.380978e-09	-2.444652e+01	-9.049201e+01
6.370000e-06	-3.479667e-06	-1.394771e-09	-2.469665e+01	-9.158859e+01
6.380000e-06	-3.514592e-06	-1.404545e-09	-2.494452e+01	-9.264084e+01
6.390000e-06	-3.549319e-06	-1.414374e-09	-2.519100e+01	-9.364974e+01
6.400000e-06	-3.583894e-06	-1.430824e-09	-2.543639e+01	-9.461634e+01
6.410000e-06	-3.618203e-06	-1.451960e-09	-2.567990e+01	-9.554174e+01
6.420000e-06	-3.652230e-06	-1.471029e-09	-2.592140e+01	-9.642707e+01
6.430000e-06	-3.685992e-06	-1.483019e-09	-2.616103e+01	-9.727348e+01
6.440000e-06	-3.719490e-06	-1.492333e-09	-2.639877e+01	-9.808215e+01
6.450000e-06	-3.752718e-06	-1.503468e-09	-2.663460e+01	-9.885429e+01
6.460000e-06	-3.785603e-06	-1.512115e-09	-2.686801e+01	-9.959109e+01
6.470000e-06	-3.818173e-06	-1.516861e-09	-2.709917e+01	-1.002938e+02
6.480000e-06	-3.850506e-06	-1.525819e-09	-2.732865e+01	-1.009635e+02
6.490000e-06	-3.882638e-06	-1.543269e-09	-2.755670e+01	-1.016015e+02
6.500000e-06	-3.914641e-06	-1.562206e-09	-2.778384e+01	-1.022089e+02
6.510000e-06	-3.946518e-06	-1.576382e-09	-2.801009e+01	-1.027870e+02
6.520000e-06	-3.978185e-06	-1.585861e-09	-2.823484e+01	-1.033368e+02
6.530000e-06	-4.009602e-06	-1.592399e-09	-2.845782e+01	-1.038594e+02
6.540000e-06	-4.040700e-06	-1.595493e-09	-2.867853e+01	-1.043560e+02
6.550000e-06	-4.071327e-06	-1.595347e-09	-2.889591e+01	-1.048276e+02
6.560000e-06	-4.101460e-06	-1.596801e-09	-2.910977e+01	-1.052753e+02
6.570000e-06	-4.131065e-06	-1.605529e-09	-2.931989e+01	-1.057000e+02
6.580000e-06	-4.160203e-06	-1.617492e-09	-2.952670e+01	-1.061027e+02
6.590000e-06	-4.188914e-06	-1.626443e-09	-2.973047e+01	-1.064843e+02
6.600000e-06	-4.217260e-06	-1.632617e-09	-2.993166e+01	-1.068458e+02
6.610000e-06	-4.245416e-06	-1.637039e-09	-3.013149e+01	-1.071881e+02
6.620000e-06	-4.273377e-06	-1.639858e-09	-3.032994e+01	-1.075119e+02
6.630000e-06	-4.301226e-06	-1.641699e-09	-3.052760e+01	-1.078181e+02
6.640000e-06	-4.328910e-06	-1.641524e-09	-3.072408e+01	-1.081075e+02
6.650000e-06	-4.356248e-06	-1.644027e-09	-3.091811e+01	-1.083809e+02
6.660000e-06	-4.383175e-06	-1.652320e-09	-3.110923e+01	-1.086389e+02
6.670000e-06	-4.409786e-06	-1.662621e-09	-3.129809e+01	-1.088823e+02
6.680000e-06	-4.436088e-06	-1.670611e-09	-3.148477e+01	-1.091118e+02
6.690000e-06	-4.462074e-06	-1.677273e-09	-3.166920e+01	-1.093280e+02
6.700000e-06	-4.487737e-06	-1.680848e-09	-3.185134e+01	-1.095315e+02
6.710000e-06	-4.513059e-06	-1.679344e-09	-3.203106e+01	-1.097231e+02
6.720000e-06	-4.538074e-06	-1.677603e-09	-3.220860e+01	-1.099033e+02
6.730000e-06	-4.562778e-06	-1.678502e-09	-3.238394e+01	-1.100726e+02
6.740000e-06	-4.587186e-06	-1.683507e-09	-3.255717e+01	-1.102317e+02
6.750000e-06	-4.611364e-06	-1.692181e-09	-3.272877e+01	-1.103810e+02
6.760000e-06	-4.635388e-06	-1.700864e-09	-3.289928e+01	-1.105212e+02
6.770000e-06	-4.659245e-06	-1.706769e-09	-3.306860e+01	-1.106527e+02
6.780000e-06	-4.682864e-06	-1.710362e-09	-3.323624e+01	-1.107760e+02
6.790000e-06	-4.706082e-06	-1.710007e-09	-3.340103e+01	-1.108915e+02
6.800000e-06	-4.728988e-06	-1.705935e-09	-3.356360e+01	-1.109999e+02
6.810000e-06	-4.751429e-06	-1.701802e-09	-3.372287e+01	-1.111014e+02
6.820000e-06	-4.773091e-06	-1.702088e-09	-3.387662e+01	-1.111964e+02
6.830000e-06	-4.794248e-06	-1.705759e-09	-3.402678e+01	-1.112855e+02
6.840000e-06	-4.815068e-06	-1.709999e-09	-3.417455e+01	-1.113689e+02
6.850000e-06	-4.835485e-06	-1.713745e-09	-3.431946e+01	-1.114469e+02
6.860000e-06	-4.855617e-06	-1.716351e-09	-3.446234e+01	-1.115200e+02
6.870000e-06	-4.875595e-06	-1.716017e-09	-3.460413e+01	-1.115883e+02
6.880000e-06	-4.895356e-06	-1.713471e-09	-3.474438e+01	-1.116522e+02
6.890000e-06	-4.914802e-06	-1.710447e-09	-3.488240e+01	-1.117119e+02
6.900000e-06	-4.933944e-06	-1.710076e-09	-3.501826e+01	-1.117675e+02
6.910000e-06	-4.952729e-06	-1.714571e-09	-3.515159e+01	-1.118193e+02
6.920000e-06	-4.971088e-06	-1.721024e-09	-3.528189e+01	-1.118674e+02
6.930000e-06	-4.989135e-06	-1.724232e-09	-3.540997e+01	-1.119119e+02
6.940000e-06	-5.006927e-06	-1.723491e-09	-3.553625e+01	-1.119529e+02
6.950000e-06	-5.024350e-06	-1.721705e-09	-3.565991e+01	-1.119904e+02
6.960000e-06	-5.041374e-06	-1.720736e-09	-3.578074e+01	-1.120245e+02
6.970000e-06	-5.058066e-06	-1.720482e-09	-3.589921e+01	-1.120551e+02
6.980000e-06	-5.074488e-06	-1.719931e-09	-3.601576e+01	-1.120822e+02
6.990000e-06	-5.090654e-06	-1.719553e-09	-3.613049e+01	-1.121057e+02
7.000000e-06	-5.106640e-06	-1.720463e-09	-3.624396e+01	-1.121256e+02
7.010000e-06	-5.122340e-06	-1.721059e-09	-3.635538e+01	-1.121417e+02
7.020000e-06	-5.137599e-06	-1.719386e-09	-3.646368e+01	-1.121539e+02
7.030000e-06	-5.152195e-06	-1.717046e-09	-3.656728e+01	-1.121620e+02
7.040000e-06	-5.166110e-06	-1.715715e-09	-3.666604e+01	-1.121659e+02
7.050000e-06	-5.179502e-06	-1.714623e-09	-3.676108e+01	-1.121653e+02
7.060000e-06	-5.192404e-06	-1.712311e-09	-3.685266e+01	-1.121602e+02
7.070000e-06	-5.204840e-06	-1.710405e-09	-3.694092e+01	-1.121502e+02
7.080000e-06	-5.216919e-06	-1.708531e-09	-3.702665e+01	-1.121353e+02
7.090000e-06	-5.228796e-06	-1.707879e-09	-3.711095e+01	-1.121152e+02
7.100000e-06	-5.240310e-06	-1.708339e-09	-3.719267e+01	-1.120897e+02
7.110000e-06	-5.251305e-06	-1.707876e-09	-3.727070e+01	-1.120587e+02
7.120000e-06	-5.261896e-06	-1.705497e-09	-3.734587e+01	-1.120220e+02
7.130000e-06	-5.272137e-06	-1.702084e-09	-3.741855e+01	-1.119796e+02
7.140000e-06	-5.282101e-06	-1.699592e-09	-3.748928e+01	-1.119312e+02
7.150000e-06	-5.291703e-06	-1.699385e-09	-3.755742e+01	-1.118768e+02
7.160000e-06	-5.300766e-06	-1.697575e-09	-3.762175e+01	-1.118164e+02
7.170000e-06	-5.309478e-06	-1.692368e-09	-3.768358e+01	-1.117500e+02
7.180000e-06	-5.317890e-06	-1.687854e-09	-3.774329e+01	-1.116775e+02
7.190000e-06	-5.326017e-06	-1.686335e-09	-3.780096e+01	-1.115991e+02
7.200000e-06	-5.334009e-06	-1.687079e-09	-3.785769e+01	-1.115149e+02
7.210000e-06	-5.341793e-06	-1.687185e-09	-3.791294e+01	-1.114250e+02
7.220000e-06	-5.349200e-06	-1.685814e-09	-3.796550e+01	-1.113297e+02
7.230000e-06	-5.356268e-06	-1.683925e-09	-3.801567e+01	-1.112292e+02
7.240000e-06	-5.362778e-06	-1.680511e-09	-3.806187e+01	-1.111237e+02
7.250000e-06	-5.368552e-06	-1.677262e-09	-3.810285e+01	-1.110138e+02
7.260000e-06	-5.373703e-06	-1.674824e-09	-3.813942e+01	-1.108996e+02
7.270000e-06	-5.378323e-06	-1.673559e-09	-3.817220e+01	-1.107818e+02
7.280000e-06	-5.382633e-06	-1.672491e-09	-3.820279e+01	-1.106607e+02
7.290000e-06	-5.386755e-06	-1.669173e-09	-3.823205e+01	-1.105368e+02
7.300000e-06	-5.390646e-06	-1.664088e-09	-3.825966e+01	-1.104109e+02
7.310000e-06	-5.394201e-06	-1.660046e-09	-3.828490e+01	-1.102833e+02
7.320000e-06	-5.397308e-06	-1.658852e-09	-3.830695e+01	-1.101549e+02
7.330000e-06	-5.399985e-06	-1.659205e-09	-3.832595e+01	-1.100261e+02
7.340000e-06	-5.402339e-06	-1.660350e-09	-3.834266e+01	-1.098977e+02
7.350000e-06	-5.404458e-06	-1.661375e-09	-3.835770e+01	-1.097703e+02
7.360000e-06	-5.406354e-06	-1.659788e-09	-3.837115e+01	-1.096447e+02
7.370000e-06	-5.407732e-06	-1.654245e-09	-3.838093e+01	-1.095214e+02
7.380000e-06	-5.408517e-06	-1.647806e-09	-3.838650e+01	-1.094013e+02
7.390000e-06	-5.409067e-06	-1.644576e-09	-3.839041e+01	-1.092849e+02
7.400000e-06	-5.409411e-06	-1.644691e-09	-3.839285e+01	-1.091729e+02
