# Temperatura_=_-2.11
# Concentracion g/m^3_=_4090.0
# C_Vs_to_Am_M_A/Vsm_=_65563218390.804596
# pendiente_HvsI_1/m_=_3716.3
# ordenada_HvsI_A/m_=_1297.0
# frecuencia_Hz_=_135069.237519079

Tiempo_(s)	Campo_(V.s)	Magnetizacion_(V.s)	Campo_(kA/m)	Magnetizacion_(A/m)
0.000000e+00	-5.415476e-06	-1.966325e-09	-3.840058e+01	-1.302343e+02
1.000000e-08	-5.415567e-06	-1.966326e-09	-3.840123e+01	-1.301332e+02
2.000000e-08	-5.415375e-06	-1.968056e-09	-3.839986e+01	-1.300345e+02
3.000000e-08	-5.414976e-06	-1.968004e-09	-3.839704e+01	-1.299385e+02
4.000000e-08	-5.414284e-06	-1.966825e-09	-3.839213e+01	-1.298458e+02
5.000000e-08	-5.413138e-06	-1.964917e-09	-3.838400e+01	-1.297567e+02
6.000000e-08	-5.411398e-06	-1.969960e-09	-3.837167e+01	-1.296716e+02
7.000000e-08	-5.409117e-06	-1.985555e-09	-3.835549e+01	-1.295909e+02
8.000000e-08	-5.406268e-06	-1.963355e-09	-3.833529e+01	-1.295148e+02
9.000000e-08	-5.402797e-06	-1.907844e-09	-3.831067e+01	-1.294435e+02
1.000000e-07	-5.398875e-06	-1.918403e-09	-3.828286e+01	-1.293772e+02
1.100000e-07	-5.394645e-06	-1.981316e-09	-3.825287e+01	-1.293161e+02
1.200000e-07	-5.390181e-06	-1.988031e-09	-3.822122e+01	-1.292602e+02
1.300000e-07	-5.385507e-06	-1.955818e-09	-3.818808e+01	-1.292095e+02
1.400000e-07	-5.380485e-06	-1.908808e-09	-3.815247e+01	-1.291640e+02
1.500000e-07	-5.375022e-06	-2.005730e-09	-3.811373e+01	-1.291235e+02
1.600000e-07	-5.369116e-06	-1.988552e-09	-3.807185e+01	-1.290879e+02
1.700000e-07	-5.362795e-06	-1.945846e-09	-3.802703e+01	-1.290569e+02
1.800000e-07	-5.356111e-06	-1.876016e-09	-3.797963e+01	-1.290303e+02
1.900000e-07	-5.349131e-06	-1.926695e-09	-3.793014e+01	-1.290078e+02
2.000000e-07	-5.341895e-06	-1.968954e-09	-3.787883e+01	-1.289888e+02
2.100000e-07	-5.334411e-06	-1.965539e-09	-3.782576e+01	-1.289729e+02
2.200000e-07	-5.326612e-06	-1.963875e-09	-3.777045e+01	-1.289598e+02
2.300000e-07	-5.318482e-06	-1.970727e-09	-3.771281e+01	-1.289487e+02
2.400000e-07	-5.309998e-06	-2.000092e-09	-3.765265e+01	-1.289391e+02
2.500000e-07	-5.301110e-06	-1.983534e-09	-3.758962e+01	-1.289305e+02
2.600000e-07	-5.291556e-06	-2.014595e-09	-3.752188e+01	-1.289221e+02
2.700000e-07	-5.281260e-06	-2.010453e-09	-3.744887e+01	-1.289132e+02
2.800000e-07	-5.270446e-06	-2.029834e-09	-3.737219e+01	-1.289032e+02
2.900000e-07	-5.259199e-06	-2.015189e-09	-3.729244e+01	-1.288914e+02
3.000000e-07	-5.247615e-06	-2.032497e-09	-3.721029e+01	-1.288769e+02
3.100000e-07	-5.235589e-06	-2.006560e-09	-3.712502e+01	-1.288592e+02
3.200000e-07	-5.223057e-06	-2.018886e-09	-3.703616e+01	-1.288374e+02
3.300000e-07	-5.210131e-06	-1.999290e-09	-3.694450e+01	-1.288109e+02
3.400000e-07	-5.196939e-06	-2.015393e-09	-3.685095e+01	-1.287789e+02
3.500000e-07	-5.183379e-06	-2.023953e-09	-3.675480e+01	-1.287408e+02
3.600000e-07	-5.169378e-06	-2.051297e-09	-3.665552e+01	-1.286959e+02
3.700000e-07	-5.154956e-06	-2.008416e-09	-3.655326e+01	-1.286435e+02
3.800000e-07	-5.140164e-06	-2.002185e-09	-3.644838e+01	-1.285832e+02
3.900000e-07	-5.124731e-06	-2.002833e-09	-3.633894e+01	-1.285143e+02
4.000000e-07	-5.108572e-06	-2.005779e-09	-3.622436e+01	-1.284363e+02
4.100000e-07	-5.091961e-06	-1.977169e-09	-3.610657e+01	-1.283489e+02
4.200000e-07	-5.075031e-06	-1.996278e-09	-3.598652e+01	-1.282515e+02
4.300000e-07	-5.057886e-06	-2.008978e-09	-3.586495e+01	-1.281438e+02
4.400000e-07	-5.040525e-06	-2.009023e-09	-3.574184e+01	-1.280256e+02
4.500000e-07	-5.022895e-06	-2.008849e-09	-3.561683e+01	-1.278967e+02
4.600000e-07	-5.004920e-06	-1.992798e-09	-3.548937e+01	-1.277568e+02
4.700000e-07	-4.986560e-06	-1.968711e-09	-3.535919e+01	-1.276059e+02
4.800000e-07	-4.967835e-06	-1.963159e-09	-3.522641e+01	-1.274438e+02
4.900000e-07	-4.948707e-06	-1.977189e-09	-3.509077e+01	-1.272708e+02
5.000000e-07	-4.929192e-06	-1.953381e-09	-3.495239e+01	-1.270867e+02
5.100000e-07	-4.909445e-06	-1.954106e-09	-3.481237e+01	-1.268918e+02
5.200000e-07	-4.889520e-06	-1.968170e-09	-3.467108e+01	-1.266863e+02
5.300000e-07	-4.869372e-06	-1.982824e-09	-3.452821e+01	-1.264704e+02
5.400000e-07	-4.848918e-06	-1.958856e-09	-3.438318e+01	-1.262444e+02
5.500000e-07	-4.828138e-06	-1.956653e-09	-3.423583e+01	-1.260086e+02
5.600000e-07	-4.807025e-06	-1.945442e-09	-3.408612e+01	-1.257636e+02
5.700000e-07	-4.785578e-06	-1.952686e-09	-3.393404e+01	-1.255096e+02
5.800000e-07	-4.763780e-06	-1.939790e-09	-3.377947e+01	-1.252472e+02
5.900000e-07	-4.741707e-06	-1.930933e-09	-3.362296e+01	-1.249769e+02
6.000000e-07	-4.719293e-06	-1.916441e-09	-3.346402e+01	-1.246992e+02
6.100000e-07	-4.696441e-06	-1.933191e-09	-3.330198e+01	-1.244146e+02
6.200000e-07	-4.673235e-06	-1.926603e-09	-3.313743e+01	-1.241238e+02
6.300000e-07	-4.649780e-06	-1.920517e-09	-3.297111e+01	-1.238272e+02
6.400000e-07	-4.626091e-06	-1.913756e-09	-3.280313e+01	-1.235255e+02
6.500000e-07	-4.602215e-06	-1.926035e-09	-3.263383e+01	-1.232193e+02
6.600000e-07	-4.578128e-06	-1.921077e-09	-3.246303e+01	-1.229090e+02
6.700000e-07	-4.553756e-06	-1.911084e-09	-3.229021e+01	-1.225953e+02
6.800000e-07	-4.528942e-06	-1.890430e-09	-3.211426e+01	-1.222787e+02
6.900000e-07	-4.503584e-06	-1.887657e-09	-3.193445e+01	-1.219597e+02
7.000000e-07	-4.477758e-06	-1.885934e-09	-3.175132e+01	-1.216388e+02
7.100000e-07	-4.451391e-06	-1.879258e-09	-3.156435e+01	-1.213165e+02
7.200000e-07	-4.424522e-06	-1.868352e-09	-3.137383e+01	-1.209931e+02
7.300000e-07	-4.397239e-06	-1.872144e-09	-3.118037e+01	-1.206691e+02
7.400000e-07	-4.369650e-06	-1.878618e-09	-3.098474e+01	-1.203449e+02
7.500000e-07	-4.341876e-06	-1.872202e-09	-3.078780e+01	-1.200206e+02
7.600000e-07	-4.313932e-06	-1.858715e-09	-3.058964e+01	-1.196967e+02
7.700000e-07	-4.285802e-06	-1.846353e-09	-3.039018e+01	-1.193732e+02
7.800000e-07	-4.257442e-06	-1.845199e-09	-3.018908e+01	-1.190505e+02
7.900000e-07	-4.228786e-06	-1.839475e-09	-2.998589e+01	-1.187285e+02
8.000000e-07	-4.199821e-06	-1.832723e-09	-2.978050e+01	-1.184075e+02
8.100000e-07	-4.170560e-06	-1.825693e-09	-2.957301e+01	-1.180873e+02
8.200000e-07	-4.141000e-06	-1.832524e-09	-2.936340e+01	-1.177681e+02
8.300000e-07	-4.111155e-06	-1.830572e-09	-2.915178e+01	-1.174497e+02
8.400000e-07	-4.080991e-06	-1.823979e-09	-2.893788e+01	-1.171321e+02
8.500000e-07	-4.050527e-06	-1.808671e-09	-2.872187e+01	-1.168152e+02
8.600000e-07	-4.019837e-06	-1.805828e-09	-2.850425e+01	-1.164987e+02
8.700000e-07	-3.988891e-06	-1.799430e-09	-2.828481e+01	-1.161825e+02
8.800000e-07	-3.957714e-06	-1.796397e-09	-2.806374e+01	-1.158663e+02
8.900000e-07	-3.926381e-06	-1.783945e-09	-2.784156e+01	-1.155499e+02
9.000000e-07	-3.894827e-06	-1.779724e-09	-2.761781e+01	-1.152330e+02
9.100000e-07	-3.863040e-06	-1.773568e-09	-2.739242e+01	-1.149154e+02
9.200000e-07	-3.831090e-06	-1.771751e-09	-2.716586e+01	-1.145966e+02
9.300000e-07	-3.798958e-06	-1.762791e-09	-2.693802e+01	-1.142764e+02
9.400000e-07	-3.766557e-06	-1.762702e-09	-2.670827e+01	-1.139545e+02
9.500000e-07	-3.733835e-06	-1.764239e-09	-2.647624e+01	-1.136305e+02
9.600000e-07	-3.700764e-06	-1.765981e-09	-2.624174e+01	-1.133041e+02
9.700000e-07	-3.667165e-06	-1.755603e-09	-2.600349e+01	-1.129750e+02
9.800000e-07	-3.633083e-06	-1.742162e-09	-2.576181e+01	-1.126428e+02
9.900000e-07	-3.598632e-06	-1.730394e-09	-2.551753e+01	-1.123073e+02
1.000000e-06	-3.563784e-06	-1.724859e-09	-2.527042e+01	-1.119681e+02
1.010000e-06	-3.528620e-06	-1.717843e-09	-2.502108e+01	-1.116250e+02
1.020000e-06	-3.493207e-06	-1.714693e-09	-2.476997e+01	-1.112778e+02
1.030000e-06	-3.457554e-06	-1.717160e-09	-2.451716e+01	-1.109262e+02
1.040000e-06	-3.421735e-06	-1.719224e-09	-2.426317e+01	-1.105699e+02
1.050000e-06	-3.385800e-06	-1.712910e-09	-2.400836e+01	-1.102089e+02
1.060000e-06	-3.349731e-06	-1.700156e-09	-2.375259e+01	-1.098430e+02
1.070000e-06	-3.313528e-06	-1.689390e-09	-2.349589e+01	-1.094719e+02
1.080000e-06	-3.277096e-06	-1.677142e-09	-2.323755e+01	-1.090957e+02
1.090000e-06	-3.240385e-06	-1.664325e-09	-2.297723e+01	-1.087142e+02
1.100000e-06	-3.203441e-06	-1.651863e-09	-2.271527e+01	-1.083274e+02
1.110000e-06	-3.166263e-06	-1.650195e-09	-2.245165e+01	-1.079352e+02
1.120000e-06	-3.128836e-06	-1.651504e-09	-2.218625e+01	-1.075377e+02
1.130000e-06	-3.091148e-06	-1.653201e-09	-2.191901e+01	-1.071348e+02
1.140000e-06	-3.053221e-06	-1.646367e-09	-2.165007e+01	-1.067267e+02
1.150000e-06	-3.015118e-06	-1.638999e-09	-2.137989e+01	-1.063132e+02
1.160000e-06	-2.976832e-06	-1.628062e-09	-2.110841e+01	-1.058946e+02
1.170000e-06	-2.938359e-06	-1.617704e-09	-2.083560e+01	-1.054709e+02
1.180000e-06	-2.899647e-06	-1.603138e-09	-2.056110e+01	-1.050422e+02
1.190000e-06	-2.860720e-06	-1.593313e-09	-2.028507e+01	-1.046085e+02
1.200000e-06	-2.821635e-06	-1.587543e-09	-2.000792e+01	-1.041700e+02
1.210000e-06	-2.782327e-06	-1.589387e-09	-1.972919e+01	-1.037268e+02
1.220000e-06	-2.742843e-06	-1.587215e-09	-1.944922e+01	-1.032790e+02
1.230000e-06	-2.703218e-06	-1.582101e-09	-1.916824e+01	-1.028267e+02
1.240000e-06	-2.663415e-06	-1.570338e-09	-1.888600e+01	-1.023700e+02
1.250000e-06	-2.623461e-06	-1.558266e-09	-1.860269e+01	-1.019089e+02
1.260000e-06	-2.583472e-06	-1.545913e-09	-1.831913e+01	-1.014435e+02
1.270000e-06	-2.543452e-06	-1.535199e-09	-1.803536e+01	-1.009739e+02
1.280000e-06	-2.503332e-06	-1.528656e-09	-1.775087e+01	-1.005001e+02
1.290000e-06	-2.463100e-06	-1.527276e-09	-1.746559e+01	-1.000222e+02
1.300000e-06	-2.422717e-06	-1.524396e-09	-1.717924e+01	-9.954009e+01
1.310000e-06	-2.382146e-06	-1.516232e-09	-1.689155e+01	-9.905379e+01
1.320000e-06	-2.341270e-06	-1.505986e-09	-1.660171e+01	-9.856327e+01
1.330000e-06	-2.300119e-06	-1.495937e-09	-1.630991e+01	-9.806845e+01
1.340000e-06	-2.258739e-06	-1.487351e-09	-1.601648e+01	-9.756923e+01
1.350000e-06	-2.216943e-06	-1.481566e-09	-1.572012e+01	-9.706551e+01
1.360000e-06	-2.174769e-06	-1.477339e-09	-1.542106e+01	-9.655715e+01
1.370000e-06	-2.132409e-06	-1.470587e-09	-1.512069e+01	-9.604398e+01
1.380000e-06	-2.089905e-06	-1.461314e-09	-1.481930e+01	-9.552581e+01
1.390000e-06	-2.047286e-06	-1.451440e-09	-1.451709e+01	-9.500245e+01
1.400000e-06	-2.004522e-06	-1.443458e-09	-1.421386e+01	-9.447366e+01
1.410000e-06	-1.961535e-06	-1.434417e-09	-1.390905e+01	-9.393921e+01
1.420000e-06	-1.918354e-06	-1.427107e-09	-1.360285e+01	-9.339881e+01
1.430000e-06	-1.875000e-06	-1.422215e-09	-1.329543e+01	-9.285220e+01
1.440000e-06	-1.831464e-06	-1.420434e-09	-1.298672e+01	-9.229909e+01
1.450000e-06	-1.787793e-06	-1.415269e-09	-1.267705e+01	-9.173916e+01
1.460000e-06	-1.744000e-06	-1.405812e-09	-1.236652e+01	-9.117210e+01
1.470000e-06	-1.700078e-06	-1.393283e-09	-1.205508e+01	-9.059758e+01
1.480000e-06	-1.656069e-06	-1.382470e-09	-1.174302e+01	-9.001529e+01
1.490000e-06	-1.612013e-06	-1.372514e-09	-1.143062e+01	-8.942488e+01
1.500000e-06	-1.567932e-06	-1.364838e-09	-1.111805e+01	-8.882602e+01
1.510000e-06	-1.523804e-06	-1.358005e-09	-1.080513e+01	-8.821837e+01
1.520000e-06	-1.479621e-06	-1.353396e-09	-1.049184e+01	-8.760160e+01
1.530000e-06	-1.435335e-06	-1.346479e-09	-1.017781e+01	-8.697538e+01
1.540000e-06	-1.390918e-06	-1.336437e-09	-9.862855e+00	-8.633938e+01
1.550000e-06	-1.346483e-06	-1.323670e-09	-9.547771e+00	-8.569327e+01
1.560000e-06	-1.302045e-06	-1.312215e-09	-9.232664e+00	-8.503674e+01
1.570000e-06	-1.257523e-06	-1.301770e-09	-8.916962e+00	-8.436947e+01
1.580000e-06	-1.212898e-06	-1.293143e-09	-8.600533e+00	-8.369117e+01
1.590000e-06	-1.168137e-06	-1.284734e-09	-8.283140e+00	-8.300153e+01
1.600000e-06	-1.123248e-06	-1.276797e-09	-7.964837e+00	-8.230025e+01
1.610000e-06	-1.078241e-06	-1.266604e-09	-7.645699e+00	-8.158706e+01
1.620000e-06	-1.033068e-06	-1.252379e-09	-7.325381e+00	-8.086166e+01
1.630000e-06	-9.878399e-07	-1.235501e-09	-7.004671e+00	-8.012378e+01
1.640000e-06	-9.426678e-07	-1.220570e-09	-6.684360e+00	-7.937313e+01
1.650000e-06	-8.974841e-07	-1.206423e-09	-6.363967e+00	-7.860944e+01
1.660000e-06	-8.522117e-07	-1.192045e-09	-6.042946e+00	-7.783242e+01
1.670000e-06	-8.069320e-07	-1.181313e-09	-5.721871e+00	-7.704179e+01
1.680000e-06	-7.615792e-07	-1.174889e-09	-5.400279e+00	-7.623725e+01
1.690000e-06	-7.160280e-07	-1.167375e-09	-5.077281e+00	-7.541851e+01
1.700000e-06	-6.703767e-07	-1.152805e-09	-4.753572e+00	-7.458524e+01
1.710000e-06	-6.247469e-07	-1.135108e-09	-4.430016e+00	-7.373712e+01
1.720000e-06	-5.791208e-07	-1.120079e-09	-4.106486e+00	-7.287381e+01
1.730000e-06	-5.334576e-07	-1.107178e-09	-3.782693e+00	-7.199494e+01
1.740000e-06	-4.877805e-07	-1.091797e-09	-3.458801e+00	-7.110012e+01
1.750000e-06	-4.420490e-07	-1.076284e-09	-3.134524e+00	-7.018895e+01
1.760000e-06	-3.962888e-07	-1.062845e-09	-2.810043e+00	-6.926099e+01
1.770000e-06	-3.505211e-07	-1.050339e-09	-2.485509e+00	-6.831577e+01
1.780000e-06	-3.047120e-07	-1.033545e-09	-2.160682e+00	-6.735281e+01
1.790000e-06	-2.588375e-07	-1.016120e-09	-1.835390e+00	-6.637158e+01
1.800000e-06	-2.129270e-07	-1.000087e-09	-1.509843e+00	-6.537153e+01
1.810000e-06	-1.670314e-07	-9.861107e-10	-1.184403e+00	-6.435207e+01
1.820000e-06	-1.211312e-07	-9.685011e-10	-8.589291e-01	-6.331257e+01
1.830000e-06	-7.518558e-08	-9.484712e-10	-5.331332e-01	-6.225239e+01
1.840000e-06	-2.930866e-08	-9.309687e-10	-2.078247e-01	-6.117084e+01
1.850000e-06	1.657450e-08	-9.167455e-10	1.175281e-01	-6.006721e+01
1.860000e-06	6.253588e-08	-9.002124e-10	4.434355e-01	-5.894076e+01
1.870000e-06	1.084384e-07	-8.808084e-10	7.689254e-01	-5.779072e+01
1.880000e-06	1.542733e-07	-8.633627e-10	1.093936e+00	-5.661630e+01
1.890000e-06	2.001176e-07	-8.490230e-10	1.419013e+00	-5.541669e+01
1.900000e-06	2.459844e-07	-8.314933e-10	1.744250e+00	-5.419107e+01
1.910000e-06	2.918155e-07	-8.069754e-10	2.069234e+00	-5.293859e+01
1.920000e-06	3.376375e-07	-7.798651e-10	2.394152e+00	-5.165841e+01
1.930000e-06	3.834132e-07	-7.573187e-10	2.718744e+00	-5.034969e+01
1.940000e-06	4.291344e-07	-7.388348e-10	3.042948e+00	-4.901158e+01
1.950000e-06	4.748376e-07	-7.180970e-10	3.367024e+00	-4.764326e+01
1.960000e-06	5.205483e-07	-6.966644e-10	3.691154e+00	-4.624391e+01
1.970000e-06	5.662866e-07	-6.788795e-10	4.015480e+00	-4.481273e+01
1.980000e-06	6.119879e-07	-6.595495e-10	4.339543e+00	-4.334897e+01
1.990000e-06	6.576614e-07	-6.325150e-10	4.663409e+00	-4.185191e+01
2.000000e-06	7.033112e-07	-6.011557e-10	4.987107e+00	-4.032087e+01
2.010000e-06	7.487737e-07	-5.728266e-10	5.309477e+00	-3.875522e+01
2.020000e-06	7.940998e-07	-5.506997e-10	5.630880e+00	-3.715439e+01
2.030000e-06	8.394896e-07	-5.286237e-10	5.952734e+00	-3.551789e+01
2.040000e-06	8.848731e-07	-5.038559e-10	6.274544e+00	-3.384529e+01
2.050000e-06	9.301265e-07	-4.805189e-10	6.595431e+00	-3.213625e+01
2.060000e-06	9.753004e-07	-4.577540e-10	6.915755e+00	-3.039051e+01
2.070000e-06	1.020415e-06	-4.297138e-10	7.235658e+00	-2.860790e+01
2.080000e-06	1.065363e-06	-3.968384e-10	7.554380e+00	-2.678836e+01
2.090000e-06	1.110191e-06	-3.647858e-10	7.872252e+00	-2.493194e+01
2.100000e-06	1.155010e-06	-3.357023e-10	8.190055e+00	-2.303878e+01
2.110000e-06	1.199747e-06	-3.058836e-10	8.507282e+00	-2.110915e+01
2.120000e-06	1.244351e-06	-2.745552e-10	8.823566e+00	-1.914344e+01
2.130000e-06	1.288880e-06	-2.447569e-10	9.139317e+00	-1.714215e+01
2.140000e-06	1.333311e-06	-2.192137e-10	9.454370e+00	-1.510590e+01
2.150000e-06	1.377678e-06	-1.945377e-10	9.768976e+00	-1.303546e+01
2.160000e-06	1.422018e-06	-1.664078e-10	1.008338e+01	-1.093171e+01
2.170000e-06	1.466280e-06	-1.337084e-10	1.039724e+01	-8.795653e+00
2.180000e-06	1.510522e-06	-9.940397e-11	1.071096e+01	-6.628421e+00
2.190000e-06	1.554736e-06	-6.487749e-11	1.102447e+01	-4.431273e+00
2.200000e-06	1.598863e-06	-2.873535e-11	1.133737e+01	-2.205590e+00
2.210000e-06	1.642886e-06	8.174598e-12	1.164954e+01	4.713152e-02
2.220000e-06	1.686796e-06	4.193722e-11	1.196090e+01	2.325277e+00
2.230000e-06	1.730668e-06	7.166463e-11	1.227199e+01	4.627124e+00
2.240000e-06	1.774501e-06	1.016676e-10	1.258280e+01	6.950843e+00
2.250000e-06	1.818253e-06	1.349752e-10	1.289304e+01	9.294509e+00
2.260000e-06	1.861921e-06	1.712934e-10	1.320269e+01	1.165610e+01
2.270000e-06	1.905479e-06	2.088030e-10	1.351155e+01	1.403352e+01
2.280000e-06	1.948852e-06	2.473513e-10	1.381911e+01	1.642458e+01
2.290000e-06	1.992031e-06	2.895819e-10	1.412529e+01	1.882704e+01
2.300000e-06	2.034993e-06	3.317692e-10	1.442993e+01	2.123859e+01
2.310000e-06	2.077692e-06	3.671277e-10	1.473270e+01	2.365688e+01
2.320000e-06	2.120125e-06	3.990021e-10	1.503359e+01	2.607951e+01
2.330000e-06	2.162341e-06	4.329318e-10	1.533294e+01	2.850405e+01
2.340000e-06	2.204396e-06	4.684233e-10	1.563114e+01	3.092806e+01
2.350000e-06	2.246164e-06	5.023960e-10	1.592731e+01	3.334908e+01
2.360000e-06	2.287590e-06	5.367930e-10	1.622107e+01	3.576467e+01
2.370000e-06	2.328686e-06	5.763579e-10	1.651248e+01	3.817236e+01
2.380000e-06	2.369572e-06	6.195283e-10	1.680239e+01	4.056976e+01
2.390000e-06	2.410298e-06	6.588080e-10	1.709117e+01	4.295445e+01
2.400000e-06	2.450814e-06	6.918695e-10	1.737847e+01	4.532409e+01
2.410000e-06	2.491191e-06	7.230062e-10	1.766478e+01	4.767638e+01
2.420000e-06	2.531454e-06	7.571190e-10	1.795028e+01	5.000907e+01
2.430000e-06	2.571546e-06	7.952016e-10	1.823457e+01	5.232000e+01
2.440000e-06	2.611512e-06	8.324030e-10	1.851796e+01	5.460705e+01
2.450000e-06	2.651412e-06	8.690398e-10	1.880089e+01	5.686821e+01
2.460000e-06	2.691204e-06	9.061431e-10	1.908305e+01	5.910156e+01
2.470000e-06	2.730814e-06	9.394886e-10	1.936392e+01	6.130526e+01
2.480000e-06	2.770244e-06	9.676350e-10	1.964351e+01	6.347757e+01
2.490000e-06	2.809484e-06	9.948878e-10	1.992176e+01	6.561688e+01
2.500000e-06	2.848427e-06	1.026748e-09	2.019790e+01	6.772168e+01
2.510000e-06	2.887151e-06	1.062406e-09	2.047249e+01	6.979055e+01
2.520000e-06	2.925711e-06	1.098566e-09	2.074592e+01	7.182221e+01
2.530000e-06	2.964049e-06	1.134682e-09	2.101777e+01	7.381551e+01
2.540000e-06	3.002212e-06	1.169619e-09	2.128838e+01	7.576939e+01
2.550000e-06	3.040230e-06	1.199072e-09	2.155796e+01	7.768293e+01
2.560000e-06	3.078093e-06	1.220564e-09	2.182644e+01	7.955532e+01
2.570000e-06	3.115697e-06	1.239177e-09	2.209308e+01	8.138588e+01
2.580000e-06	3.153017e-06	1.262852e-09	2.235772e+01	8.317403e+01
2.590000e-06	3.190162e-06	1.294771e-09	2.262111e+01	8.491933e+01
2.600000e-06	3.227092e-06	1.330808e-09	2.288298e+01	8.662144e+01
2.610000e-06	3.263735e-06	1.364465e-09	2.314281e+01	8.828013e+01
2.620000e-06	3.300145e-06	1.394556e-09	2.340099e+01	8.989526e+01
2.630000e-06	3.336405e-06	1.418122e-09	2.365810e+01	9.146683e+01
2.640000e-06	3.372549e-06	1.434057e-09	2.391440e+01	9.299491e+01
2.650000e-06	3.408591e-06	1.446587e-09	2.416997e+01	9.447966e+01
2.660000e-06	3.444542e-06	1.460713e-09	2.442489e+01	9.592135e+01
2.670000e-06	3.480328e-06	1.479365e-09	2.467864e+01	9.732031e+01
2.680000e-06	3.515899e-06	1.502319e-09	2.493087e+01	9.867696e+01
2.690000e-06	3.551176e-06	1.527283e-09	2.518103e+01	9.999178e+01
2.700000e-06	3.586065e-06	1.552544e-09	2.542841e+01	1.012653e+02
2.710000e-06	3.620549e-06	1.577331e-09	2.567294e+01	1.024982e+02
2.720000e-06	3.654607e-06	1.595879e-09	2.591444e+01	1.036911e+02
2.730000e-06	3.688197e-06	1.607686e-09	2.615263e+01	1.048447e+02
2.740000e-06	3.721316e-06	1.619417e-09	2.638747e+01	1.059598e+02
2.750000e-06	3.754136e-06	1.634270e-09	2.662019e+01	1.070371e+02
2.760000e-06	3.786758e-06	1.650363e-09	2.685151e+01	1.080775e+02
2.770000e-06	3.819135e-06	1.665726e-09	2.708109e+01	1.090818e+02
2.780000e-06	3.851210e-06	1.682514e-09	2.730853e+01	1.100509e+02
2.790000e-06	3.883068e-06	1.701560e-09	2.753444e+01	1.109858e+02
2.800000e-06	3.914760e-06	1.717468e-09	2.775916e+01	1.118872e+02
2.810000e-06	3.946240e-06	1.726065e-09	2.798238e+01	1.127561e+02
2.820000e-06	3.977457e-06	1.730398e-09	2.820374e+01	1.135934e+02
2.830000e-06	4.008373e-06	1.738634e-09	2.842296e+01	1.144000e+02
2.840000e-06	4.039018e-06	1.751808e-09	2.864026e+01	1.151769e+02
2.850000e-06	4.069414e-06	1.764109e-09	2.885579e+01	1.159250e+02
2.860000e-06	4.099511e-06	1.773219e-09	2.906921e+01	1.166451e+02
2.870000e-06	4.129346e-06	1.782974e-09	2.928077e+01	1.173381e+02
2.880000e-06	4.158954e-06	1.795521e-09	2.949072e+01	1.180049e+02
2.890000e-06	4.188257e-06	1.803758e-09	2.969850e+01	1.186465e+02
2.900000e-06	4.217283e-06	1.805911e-09	2.990432e+01	1.192636e+02
2.910000e-06	4.245966e-06	1.811452e-09	3.010771e+01	1.198571e+02
2.920000e-06	4.274381e-06	1.824489e-09	3.030920e+01	1.204278e+02
2.930000e-06	4.302648e-06	1.836548e-09	3.050964e+01	1.209765e+02
2.940000e-06	4.330763e-06	1.842936e-09	3.070900e+01	1.215040e+02
2.950000e-06	4.358709e-06	1.846958e-09	3.090715e+01	1.220111e+02
2.960000e-06	4.386440e-06	1.852845e-09	3.110379e+01	1.224986e+02
2.970000e-06	4.413915e-06	1.859771e-09	3.129862e+01	1.229671e+02
2.980000e-06	4.441011e-06	1.861248e-09	3.149075e+01	1.234174e+02
2.990000e-06	4.467586e-06	1.863451e-09	3.167919e+01	1.238501e+02
3.000000e-06	4.493562e-06	1.875220e-09	3.186338e+01	1.242660e+02
3.010000e-06	4.518984e-06	1.891774e-09	3.204365e+01	1.246658e+02
3.020000e-06	4.543883e-06	1.903937e-09	3.222020e+01	1.250499e+02
3.030000e-06	4.568333e-06	1.908419e-09	3.239358e+01	1.254192e+02
3.040000e-06	4.592526e-06	1.910977e-09	3.256513e+01	1.257740e+02
3.050000e-06	4.616494e-06	1.912739e-09	3.273508e+01	1.261151e+02
3.060000e-06	4.640213e-06	1.912321e-09	3.290327e+01	1.264430e+02
3.070000e-06	4.663734e-06	1.910528e-09	3.307006e+01	1.267583e+02
3.080000e-06	4.686962e-06	1.916816e-09	3.323476e+01	1.270614e+02
3.090000e-06	4.709858e-06	1.933699e-09	3.339712e+01	1.273528e+02
3.100000e-06	4.732428e-06	1.949150e-09	3.355716e+01	1.276330e+02
3.110000e-06	4.754718e-06	1.954803e-09	3.371522e+01	1.279024e+02
3.120000e-06	4.776730e-06	1.953861e-09	3.387130e+01	1.281616e+02
3.130000e-06	4.798268e-06	1.953700e-09	3.402403e+01	1.284108e+02
3.140000e-06	4.819405e-06	1.953145e-09	3.417391e+01	1.286505e+02
3.150000e-06	4.840216e-06	1.950456e-09	3.432147e+01	1.288810e+02
3.160000e-06	4.860694e-06	1.951879e-09	3.446668e+01	1.291026e+02
3.170000e-06	4.880996e-06	1.961481e-09	3.461064e+01	1.293157e+02
3.180000e-06	4.901141e-06	1.974969e-09	3.475348e+01	1.295205e+02
3.190000e-06	4.921059e-06	1.982891e-09	3.489472e+01	1.297173e+02
3.200000e-06	4.940715e-06	1.982944e-09	3.503410e+01	1.299063e+02
3.210000e-06	4.960057e-06	1.981871e-09	3.517125e+01	1.300877e+02
3.220000e-06	4.979002e-06	1.981395e-09	3.530559e+01	1.302617e+02
3.230000e-06	4.997480e-06	1.980792e-09	3.543661e+01	1.304283e+02
3.240000e-06	5.015592e-06	1.980818e-09	3.556505e+01	1.305878e+02
3.250000e-06	5.033320e-06	1.985320e-09	3.569075e+01	1.307403e+02
3.260000e-06	5.050669e-06	1.993438e-09	3.581378e+01	1.308857e+02
3.270000e-06	5.067822e-06	2.000566e-09	3.593540e+01	1.310242e+02
3.280000e-06	5.084781e-06	2.002545e-09	3.605566e+01	1.311558e+02
3.290000e-06	5.101351e-06	2.002727e-09	3.617315e+01	1.312805e+02
3.300000e-06	5.117386e-06	2.003001e-09	3.628686e+01	1.313982e+02
3.310000e-06	5.132977e-06	1.999763e-09	3.639741e+01	1.315090e+02
3.320000e-06	5.148095e-06	1.997335e-09	3.650461e+01	1.316128e+02
3.330000e-06	5.162718e-06	2.002033e-09	3.660830e+01	1.317096e+02
3.340000e-06	5.176931e-06	2.007898e-09	3.670909e+01	1.317992e+02
3.350000e-06	5.190770e-06	2.009389e-09	3.680721e+01	1.318816e+02
3.360000e-06	5.204293e-06	2.007540e-09	3.690310e+01	1.319567e+02
3.370000e-06	5.217377e-06	2.003912e-09	3.699588e+01	1.320244e+02
3.380000e-06	5.230064e-06	1.999338e-09	3.708584e+01	1.320847e+02
3.390000e-06	5.242458e-06	1.996370e-09	3.717373e+01	1.321374e+02
3.400000e-06	5.254434e-06	1.996092e-09	3.725865e+01	1.321826e+02
3.410000e-06	5.265990e-06	1.998991e-09	3.734059e+01	1.322200e+02
3.420000e-06	5.277152e-06	2.004304e-09	3.741974e+01	1.322498e+02
3.430000e-06	5.287804e-06	2.007330e-09	3.749527e+01	1.322717e+02
3.440000e-06	5.297881e-06	2.005996e-09	3.756673e+01	1.322859e+02
3.450000e-06	5.307330e-06	2.002260e-09	3.763373e+01	1.322923e+02
3.460000e-06	5.316223e-06	1.999534e-09	3.769679e+01	1.322909e+02
3.470000e-06	5.324750e-06	1.998087e-09	3.775725e+01	1.322818e+02
3.480000e-06	5.332955e-06	1.996521e-09	3.781543e+01	1.322651e+02
3.490000e-06	5.340859e-06	1.996002e-09	3.787148e+01	1.322409e+02
3.500000e-06	5.348535e-06	1.997788e-09	3.792591e+01	1.322092e+02
3.510000e-06	5.355866e-06	2.000568e-09	3.797789e+01	1.321704e+02
3.520000e-06	5.362768e-06	2.002462e-09	3.802683e+01	1.321245e+02
3.530000e-06	5.369298e-06	2.001219e-09	3.807314e+01	1.320719e+02
3.540000e-06	5.375485e-06	1.999471e-09	3.811701e+01	1.320128e+02
3.550000e-06	5.381337e-06	1.999851e-09	3.815851e+01	1.319474e+02
3.560000e-06	5.386804e-06	1.999041e-09	3.819727e+01	1.318763e+02
3.570000e-06	5.391873e-06	1.994412e-09	3.823321e+01	1.317996e+02
3.580000e-06	5.396608e-06	1.990118e-09	3.826679e+01	1.317179e+02
3.590000e-06	5.401028e-06	1.988160e-09	3.829813e+01	1.316315e+02
3.600000e-06	5.405165e-06	1.987158e-09	3.832747e+01	1.315409e+02
3.610000e-06	5.409101e-06	1.986405e-09	3.835537e+01	1.314467e+02
3.620000e-06	5.412718e-06	1.987949e-09	3.838103e+01	1.313493e+02
3.630000e-06	5.415804e-06	1.990939e-09	3.840291e+01	1.312492e+02
3.640000e-06	5.418331e-06	1.992233e-09	3.842083e+01	1.311469e+02
3.650000e-06	5.420374e-06	1.991773e-09	3.843531e+01	1.310431e+02
3.660000e-06	5.421949e-06	1.990972e-09	3.844648e+01	1.309383e+02
3.670000e-06	5.423006e-06	1.990767e-09	3.845397e+01	1.308331e+02
3.680000e-06	5.423580e-06	1.989767e-09	3.845804e+01	1.307279e+02
3.690000e-06	5.423856e-06	1.985801e-09	3.846000e+01	1.306234e+02
3.700000e-06	5.423848e-06	1.984090e-09	3.845995e+01	1.305201e+02
3.710000e-06	5.423549e-06	1.987846e-09	3.845783e+01	1.304185e+02
3.720000e-06	5.422928e-06	1.990858e-09	3.845343e+01	1.303192e+02
3.730000e-06	5.421902e-06	1.991205e-09	3.844615e+01	1.302225e+02
3.740000e-06	5.420481e-06	1.989331e-09	3.843607e+01	1.301291e+02
3.750000e-06	5.418748e-06	1.983775e-09	3.842378e+01	1.300392e+02
3.760000e-06	5.416744e-06	1.957821e-09	3.840957e+01	1.299532e+02
3.770000e-06	5.414418e-06	1.934790e-09	3.839308e+01	1.298715e+02
3.780000e-06	5.411710e-06	1.984141e-09	3.837387e+01	1.297944e+02
3.790000e-06	5.408544e-06	2.022148e-09	3.835143e+01	1.297221e+02
3.800000e-06	5.404954e-06	1.978521e-09	3.832597e+01	1.296548e+02
3.810000e-06	5.401074e-06	1.954061e-09	3.829846e+01	1.295927e+02
3.820000e-06	5.396935e-06	1.934565e-09	3.826911e+01	1.295357e+02
3.830000e-06	5.392492e-06	1.993514e-09	3.823760e+01	1.294840e+02
3.840000e-06	5.387600e-06	1.929051e-09	3.820291e+01	1.294374e+02
3.850000e-06	5.382189e-06	1.864197e-09	3.816455e+01	1.293959e+02
3.860000e-06	5.376305e-06	1.935450e-09	3.812282e+01	1.293593e+02
3.870000e-06	5.370018e-06	1.989043e-09	3.807825e+01	1.293274e+02
3.880000e-06	5.363283e-06	1.991789e-09	3.803049e+01	1.292999e+02
3.890000e-06	5.355969e-06	1.897579e-09	3.797862e+01	1.292765e+02
3.900000e-06	5.348287e-06	1.950094e-09	3.792415e+01	1.292568e+02
3.910000e-06	5.340351e-06	1.956449e-09	3.786788e+01	1.292403e+02
3.920000e-06	5.332174e-06	1.916842e-09	3.780990e+01	1.292265e+02
3.930000e-06	5.323539e-06	1.863526e-09	3.774867e+01	1.292150e+02
3.940000e-06	5.314528e-06	1.922824e-09	3.768477e+01	1.292050e+02
3.950000e-06	5.305233e-06	1.961910e-09	3.761886e+01	1.291961e+02
3.960000e-06	5.295484e-06	1.929926e-09	3.754973e+01	1.291875e+02
3.970000e-06	5.285355e-06	1.918856e-09	3.747790e+01	1.291785e+02
3.980000e-06	5.274834e-06	1.945984e-09	3.740330e+01	1.291686e+02
3.990000e-06	5.263976e-06	1.965096e-09	3.732631e+01	1.291569e+02
4.000000e-06	5.252763e-06	1.953411e-09	3.724680e+01	1.291428e+02
4.010000e-06	5.241145e-06	1.979457e-09	3.716442e+01	1.291255e+02
4.020000e-06	5.229184e-06	1.999806e-09	3.707961e+01	1.291042e+02
4.030000e-06	5.216831e-06	2.008278e-09	3.699201e+01	1.290784e+02
4.040000e-06	5.203990e-06	1.986352e-09	3.690095e+01	1.290471e+02
4.050000e-06	5.190744e-06	1.972670e-09	3.680703e+01	1.290099e+02
4.060000e-06	5.176877e-06	1.954694e-09	3.670870e+01	1.289660e+02
4.070000e-06	5.162347e-06	1.994750e-09	3.660567e+01	1.289147e+02
4.080000e-06	5.147387e-06	1.980822e-09	3.649959e+01	1.288556e+02
4.090000e-06	5.132010e-06	1.963616e-09	3.639056e+01	1.287880e+02
4.100000e-06	5.116219e-06	1.971177e-09	3.627858e+01	1.287114e+02
4.110000e-06	5.100131e-06	2.004390e-09	3.616450e+01	1.286253e+02
4.120000e-06	5.083784e-06	1.953715e-09	3.604859e+01	1.285294e+02
4.130000e-06	5.067125e-06	1.930108e-09	3.593046e+01	1.284233e+02
4.140000e-06	5.050094e-06	1.939134e-09	3.580970e+01	1.283067e+02
4.150000e-06	5.032736e-06	1.948181e-09	3.568661e+01	1.281794e+02
4.160000e-06	5.015047e-06	1.939868e-09	3.556118e+01	1.280412e+02
4.170000e-06	4.996972e-06	1.963909e-09	3.543301e+01	1.278919e+02
4.180000e-06	4.978600e-06	1.951958e-09	3.530274e+01	1.277315e+02
4.190000e-06	4.959895e-06	1.931723e-09	3.517011e+01	1.275601e+02
4.200000e-06	4.940792e-06	1.942301e-09	3.503464e+01	1.273777e+02
4.210000e-06	4.921343e-06	1.933292e-09	3.489673e+01	1.271844e+02
4.220000e-06	4.901645e-06	1.900119e-09	3.475706e+01	1.269805e+02
4.230000e-06	4.881745e-06	1.900675e-09	3.461595e+01	1.267661e+02
4.240000e-06	4.861642e-06	1.927187e-09	3.447340e+01	1.265415e+02
4.250000e-06	4.841306e-06	1.923157e-09	3.432920e+01	1.263072e+02
4.260000e-06	4.820611e-06	1.918508e-09	3.418245e+01	1.260635e+02
4.270000e-06	4.799452e-06	1.909586e-09	3.403242e+01	1.258108e+02
4.280000e-06	4.777714e-06	1.911408e-09	3.387828e+01	1.255496e+02
4.290000e-06	4.755291e-06	1.907569e-09	3.371928e+01	1.252804e+02
4.300000e-06	4.732272e-06	1.898352e-09	3.355605e+01	1.250037e+02
4.310000e-06	4.708914e-06	1.876826e-09	3.339042e+01	1.247200e+02
4.320000e-06	4.685304e-06	1.889458e-09	3.322301e+01	1.244300e+02
4.330000e-06	4.661457e-06	1.886718e-09	3.305391e+01	1.241342e+02
4.340000e-06	4.637412e-06	1.876106e-09	3.288341e+01	1.238331e+02
4.350000e-06	4.613077e-06	1.861631e-09	3.271085e+01	1.235274e+02
4.360000e-06	4.588439e-06	1.864568e-09	3.253615e+01	1.232176e+02
4.370000e-06	4.563523e-06	1.860969e-09	3.235947e+01	1.229043e+02
4.380000e-06	4.538223e-06	1.867692e-09	3.218007e+01	1.225879e+02
4.390000e-06	4.512576e-06	1.852752e-09	3.199821e+01	1.222691e+02
4.400000e-06	4.486689e-06	1.846722e-09	3.181465e+01	1.219483e+02
4.410000e-06	4.460454e-06	1.851541e-09	3.162862e+01	1.216260e+02
4.420000e-06	4.433854e-06	1.853591e-09	3.144000e+01	1.213026e+02
4.430000e-06	4.406996e-06	1.831294e-09	3.124955e+01	1.209785e+02
4.440000e-06	4.379895e-06	1.824336e-09	3.105738e+01	1.206540e+02
4.450000e-06	4.352431e-06	1.826468e-09	3.086264e+01	1.203296e+02
4.460000e-06	4.324669e-06	1.831276e-09	3.066578e+01	1.200054e+02
4.470000e-06	4.296761e-06	1.828317e-09	3.046789e+01	1.196817e+02
4.480000e-06	4.268681e-06	1.820886e-09	3.026878e+01	1.193586e+02
4.490000e-06	4.240342e-06	1.819193e-09	3.006783e+01	1.190363e+02
4.500000e-06	4.211668e-06	1.824711e-09	2.986450e+01	1.187149e+02
4.510000e-06	4.182613e-06	1.817833e-09	2.965847e+01	1.183944e+02
4.520000e-06	4.153214e-06	1.800919e-09	2.945001e+01	1.180749e+02
4.530000e-06	4.123377e-06	1.797205e-09	2.923844e+01	1.177562e+02
4.540000e-06	4.092989e-06	1.801939e-09	2.902296e+01	1.174383e+02
4.550000e-06	4.062097e-06	1.805845e-09	2.880391e+01	1.171211e+02
4.560000e-06	4.030843e-06	1.796808e-09	2.858229e+01	1.168043e+02
4.570000e-06	3.999286e-06	1.788822e-09	2.835852e+01	1.164879e+02
4.580000e-06	3.967514e-06	1.784925e-09	2.813323e+01	1.161715e+02
4.590000e-06	3.935634e-06	1.786616e-09	2.790717e+01	1.158550e+02
4.600000e-06	3.903586e-06	1.775192e-09	2.767992e+01	1.155381e+02
4.610000e-06	3.871300e-06	1.766869e-09	2.745099e+01	1.152204e+02
4.620000e-06	3.838749e-06	1.762120e-09	2.722017e+01	1.149016e+02
4.630000e-06	3.805902e-06	1.764739e-09	2.698726e+01	1.145815e+02
4.640000e-06	3.772820e-06	1.756310e-09	2.675268e+01	1.142597e+02
4.650000e-06	3.739513e-06	1.744855e-09	2.651650e+01	1.139359e+02
4.660000e-06	3.705835e-06	1.735221e-09	2.627769e+01	1.136097e+02
4.670000e-06	3.671848e-06	1.736863e-09	2.603669e+01	1.132809e+02
4.680000e-06	3.637676e-06	1.730828e-09	2.579438e+01	1.129491e+02
4.690000e-06	3.603328e-06	1.722174e-09	2.555083e+01	1.126140e+02
4.700000e-06	3.568759e-06	1.714013e-09	2.530570e+01	1.122752e+02
4.710000e-06	3.533873e-06	1.714812e-09	2.505833e+01	1.119327e+02
4.720000e-06	3.498700e-06	1.712351e-09	2.480892e+01	1.115859e+02
4.730000e-06	3.463291e-06	1.703754e-09	2.455784e+01	1.112349e+02
4.740000e-06	3.427669e-06	1.691357e-09	2.430525e+01	1.108792e+02
4.750000e-06	3.391969e-06	1.688037e-09	2.405210e+01	1.105188e+02
4.760000e-06	3.356142e-06	1.687093e-09	2.379806e+01	1.101535e+02
4.770000e-06	3.320133e-06	1.681119e-09	2.354272e+01	1.097832e+02
4.780000e-06	3.283977e-06	1.671478e-09	2.328634e+01	1.094076e+02
4.790000e-06	3.247674e-06	1.665802e-09	2.302892e+01	1.090268e+02
4.800000e-06	3.211121e-06	1.662418e-09	2.276973e+01	1.086407e+02
4.810000e-06	3.174247e-06	1.654421e-09	2.250826e+01	1.082493e+02
4.820000e-06	3.137013e-06	1.643693e-09	2.224423e+01	1.078524e+02
4.830000e-06	3.099478e-06	1.635110e-09	2.197808e+01	1.074503e+02
4.840000e-06	3.061550e-06	1.631550e-09	2.170913e+01	1.070428e+02
4.850000e-06	3.023238e-06	1.623805e-09	2.143747e+01	1.066301e+02
4.860000e-06	2.984667e-06	1.614673e-09	2.116396e+01	1.062121e+02
4.870000e-06	2.945735e-06	1.608096e-09	2.088790e+01	1.057891e+02
4.880000e-06	2.906508e-06	1.609383e-09	2.060975e+01	1.053610e+02
4.890000e-06	2.867091e-06	1.605901e-09	2.033025e+01	1.049280e+02
4.900000e-06	2.827509e-06	1.594978e-09	2.004958e+01	1.044901e+02
4.910000e-06	2.787723e-06	1.582239e-09	1.976745e+01	1.040475e+02
4.920000e-06	2.747794e-06	1.578539e-09	1.948432e+01	1.036003e+02
4.930000e-06	2.707804e-06	1.575170e-09	1.920076e+01	1.031485e+02
4.940000e-06	2.667769e-06	1.571946e-09	1.891687e+01	1.026923e+02
4.950000e-06	2.627551e-06	1.569776e-09	1.863170e+01	1.022317e+02
4.960000e-06	2.587188e-06	1.570849e-09	1.834548e+01	1.017669e+02
4.970000e-06	2.546755e-06	1.566587e-09	1.805878e+01	1.012978e+02
4.980000e-06	2.506058e-06	1.556061e-09	1.777020e+01	1.008246e+02
4.990000e-06	2.465098e-06	1.541631e-09	1.747976e+01	1.003471e+02
5.000000e-06	2.423987e-06	1.531171e-09	1.718824e+01	9.986553e+01
5.010000e-06	2.382727e-06	1.522258e-09	1.689567e+01	9.937975e+01
5.020000e-06	2.341323e-06	1.514623e-09	1.660208e+01	9.888975e+01
5.030000e-06	2.299747e-06	1.509725e-09	1.630727e+01	9.839547e+01
5.040000e-06	2.258026e-06	1.510682e-09	1.601143e+01	9.789681e+01
5.050000e-06	2.216157e-06	1.510162e-09	1.571454e+01	9.739366e+01
5.060000e-06	2.174127e-06	1.501434e-09	1.541651e+01	9.688590e+01
5.070000e-06	2.131996e-06	1.487825e-09	1.511776e+01	9.637336e+01
5.080000e-06	2.089679e-06	1.472992e-09	1.481770e+01	9.585585e+01
5.090000e-06	2.047127e-06	1.459465e-09	1.451597e+01	9.533319e+01
5.100000e-06	2.004435e-06	1.448719e-09	1.421324e+01	9.480514e+01
5.110000e-06	1.961576e-06	1.442307e-09	1.390933e+01	9.427146e+01
5.120000e-06	1.918570e-06	1.440921e-09	1.360438e+01	9.373189e+01
5.130000e-06	1.875434e-06	1.443428e-09	1.329851e+01	9.318615e+01
5.140000e-06	1.832076e-06	1.441037e-09	1.299106e+01	9.263396e+01
5.150000e-06	1.788600e-06	1.433691e-09	1.268278e+01	9.207500e+01
5.160000e-06	1.745053e-06	1.422431e-09	1.237399e+01	9.150896e+01
5.170000e-06	1.701419e-06	1.409863e-09	1.206459e+01	9.093553e+01
5.180000e-06	1.657695e-06	1.394312e-09	1.175455e+01	9.035437e+01
5.190000e-06	1.613895e-06	1.379368e-09	1.144396e+01	8.976516e+01
5.200000e-06	1.570082e-06	1.370242e-09	1.113329e+01	8.916754e+01
5.210000e-06	1.526197e-06	1.365056e-09	1.082211e+01	8.856120e+01
5.220000e-06	1.482260e-06	1.360539e-09	1.051055e+01	8.794579e+01
5.230000e-06	1.438316e-06	1.353834e-09	1.019895e+01	8.732098e+01
5.240000e-06	1.394337e-06	1.346955e-09	9.887097e+00	8.668645e+01
5.250000e-06	1.350276e-06	1.339449e-09	9.574668e+00	8.604186e+01
5.260000e-06	1.306168e-06	1.329946e-09	9.261904e+00	8.538690e+01
5.270000e-06	1.262014e-06	1.317806e-09	8.948813e+00	8.472127e+01
5.280000e-06	1.217762e-06	1.301213e-09	8.635026e+00	8.404464e+01
5.290000e-06	1.173452e-06	1.285746e-09	8.320829e+00	8.335672e+01
5.300000e-06	1.129093e-06	1.273058e-09	8.006280e+00	8.265722e+01
5.310000e-06	1.084635e-06	1.263679e-09	7.691036e+00	8.194585e+01
5.320000e-06	1.040001e-06	1.255943e-09	7.374540e+00	8.122232e+01
5.330000e-06	9.952768e-07	1.251621e-09	7.057405e+00	8.048635e+01
5.340000e-06	9.505118e-07	1.247493e-09	6.739981e+00	7.973767e+01
5.350000e-06	9.057422e-07	1.238962e-09	6.422524e+00	7.897599e+01
5.360000e-06	8.608861e-07	1.222911e-09	6.104455e+00	7.820102e+01
5.370000e-06	8.158959e-07	1.202896e-09	5.785433e+00	7.741250e+01
5.380000e-06	7.709421e-07	1.183832e-09	5.466671e+00	7.661011e+01
5.390000e-06	7.259739e-07	1.167059e-09	5.147806e+00	7.579357e+01
5.400000e-06	6.809306e-07	1.154510e-09	4.828409e+00	7.496256e+01
5.410000e-06	6.358774e-07	1.145778e-09	4.508941e+00	7.411676e+01
5.420000e-06	5.907803e-07	1.139605e-09	4.189162e+00	7.325582e+01
5.430000e-06	5.455416e-07	1.132619e-09	3.868379e+00	7.237938e+01
5.440000e-06	5.002658e-07	1.119749e-09	3.547333e+00	7.148707e+01
5.450000e-06	4.549884e-07	1.099428e-09	3.226276e+00	7.057847e+01
5.460000e-06	4.096356e-07	1.074718e-09	2.904684e+00	6.965315e+01
5.470000e-06	3.641893e-07	1.052852e-09	2.582429e+00	6.871066e+01
5.480000e-06	3.185990e-07	1.037538e-09	2.259152e+00	6.775051e+01
5.490000e-06	2.730246e-07	1.026168e-09	1.935989e+00	6.677218e+01
5.500000e-06	2.275445e-07	1.014651e-09	1.613494e+00	6.577512e+01
5.510000e-06	1.819921e-07	1.002128e-09	1.290487e+00	6.475875e+01
5.520000e-06	1.364258e-07	9.874668e-10	9.673815e-01	6.372245e+01
5.530000e-06	9.091613e-08	9.703759e-10	6.446769e-01	6.266558e+01
5.540000e-06	4.539933e-08	9.536184e-10	3.219220e-01	6.158746e+01
5.550000e-06	-1.361384e-10	9.372850e-10	-9.653436e-04	6.048737e+01
5.560000e-06	-4.570343e-08	9.225192e-10	-3.240783e-01	5.936460e+01
5.570000e-06	-9.127087e-08	9.091566e-10	-6.471923e-01	5.821836e+01
5.580000e-06	-1.367777e-07	8.937680e-10	-9.698764e-01	5.704787e+01
5.590000e-06	-1.822376e-07	8.748293e-10	-1.292228e+00	5.585233e+01
5.600000e-06	-2.277113e-07	8.533334e-10	-1.614677e+00	5.463092e+01
5.610000e-06	-2.731712e-07	8.317641e-10	-1.937029e+00	5.338279e+01
5.620000e-06	-3.186256e-07	8.146830e-10	-2.259341e+00	5.210710e+01
5.630000e-06	-3.640654e-07	7.977085e-10	-2.581550e+00	5.080301e+01
5.640000e-06	-4.094167e-07	7.783408e-10	-2.903131e+00	4.946968e+01
5.650000e-06	-4.547060e-07	7.597615e-10	-3.224273e+00	4.810626e+01
5.660000e-06	-5.000269e-07	7.432430e-10	-3.545639e+00	4.671195e+01
5.670000e-06	-5.452921e-07	7.249535e-10	-3.866610e+00	4.528595e+01
5.680000e-06	-5.904742e-07	7.003849e-10	-4.186991e+00	4.382749e+01
5.690000e-06	-6.357042e-07	6.710658e-10	-4.507713e+00	4.233584e+01
5.700000e-06	-6.808713e-07	6.429634e-10	-4.827988e+00	4.081032e+01
5.710000e-06	-7.257935e-07	6.182818e-10	-5.146527e+00	3.925029e+01
5.720000e-06	-7.706391e-07	5.977395e-10	-5.464522e+00	3.765518e+01
5.730000e-06	-8.154984e-07	5.810176e-10	-5.782615e+00	3.602448e+01
5.740000e-06	-8.601797e-07	5.661698e-10	-6.099446e+00	3.435774e+01
5.750000e-06	-9.047666e-07	5.494141e-10	-6.415607e+00	3.265460e+01
5.760000e-06	-9.493870e-07	5.244940e-10	-6.732005e+00	3.091481e+01
5.770000e-06	-9.939807e-07	4.893015e-10	-7.048215e+00	2.913817e+01
5.780000e-06	-1.038516e-06	4.477263e-10	-7.364012e+00	2.732460e+01
5.790000e-06	-1.082972e-06	4.078632e-10	-7.679244e+00	2.547413e+01
5.800000e-06	-1.127322e-06	3.744171e-10	-7.993724e+00	2.358690e+01
5.810000e-06	-1.171645e-06	3.469307e-10	-8.308013e+00	2.166314e+01
5.820000e-06	-1.215927e-06	3.262601e-10	-8.622012e+00	1.970322e+01
5.830000e-06	-1.260115e-06	3.089111e-10	-8.935346e+00	1.770764e+01
5.840000e-06	-1.304236e-06	2.882826e-10	-9.248203e+00	1.567698e+01
5.850000e-06	-1.348292e-06	2.587981e-10	-9.560597e+00	1.361200e+01
5.860000e-06	-1.392270e-06	2.207568e-10	-9.872442e+00	1.151355e+01
5.870000e-06	-1.436188e-06	1.794866e-10	-1.018386e+01	9.382616e+00
5.880000e-06	-1.480064e-06	1.375795e-10	-1.049498e+01	7.220311e+00
5.890000e-06	-1.523900e-06	9.841802e-11	-1.080582e+01	5.027873e+00
5.900000e-06	-1.567664e-06	6.593412e-11	-1.111615e+01	2.806660e+00
5.910000e-06	-1.611356e-06	4.132750e-11	-1.142596e+01	5.581519e-01
5.920000e-06	-1.655021e-06	1.825535e-11	-1.173558e+01	-1.716057e+00
5.930000e-06	-1.698656e-06	-1.130506e-11	-1.204500e+01	-4.014262e+00
5.940000e-06	-1.742212e-06	-4.765628e-11	-1.235385e+01	-6.334652e+00
5.950000e-06	-1.785607e-06	-8.926326e-11	-1.266155e+01	-8.675315e+00
5.960000e-06	-1.828849e-06	-1.335048e-10	-1.296818e+01	-1.103425e+01
5.970000e-06	-1.871907e-06	-1.767491e-10	-1.327350e+01	-1.340936e+01
5.980000e-06	-1.914803e-06	-2.169013e-10	-1.357767e+01	-1.579849e+01
5.990000e-06	-1.957660e-06	-2.528241e-10	-1.388157e+01	-1.819939e+01
6.000000e-06	-2.000346e-06	-2.863179e-10	-1.418425e+01	-2.060978e+01
6.010000e-06	-2.042876e-06	-3.204054e-10	-1.448583e+01	-2.302729e+01
6.020000e-06	-2.085305e-06	-3.561818e-10	-1.478668e+01	-2.544955e+01
6.030000e-06	-2.127519e-06	-3.926371e-10	-1.508601e+01	-2.787412e+01
6.040000e-06	-2.169575e-06	-4.313206e-10	-1.538423e+01	-3.029858e+01
6.050000e-06	-2.211569e-06	-4.740537e-10	-1.568201e+01	-3.272045e+01
6.060000e-06	-2.253422e-06	-5.164579e-10	-1.597878e+01	-3.513730e+01
6.070000e-06	-2.295084e-06	-5.524943e-10	-1.627420e+01	-3.754666e+01
6.080000e-06	-2.336571e-06	-5.876551e-10	-1.656839e+01	-3.994612e+01
6.090000e-06	-2.377847e-06	-6.246194e-10	-1.686107e+01	-4.233328e+01
6.100000e-06	-2.418916e-06	-6.604016e-10	-1.715228e+01	-4.470578e+01
6.110000e-06	-2.459880e-06	-6.947988e-10	-1.744276e+01	-4.706130e+01
6.120000e-06	-2.500665e-06	-7.311542e-10	-1.773195e+01	-4.939760e+01
6.130000e-06	-2.541201e-06	-7.705391e-10	-1.801940e+01	-5.171248e+01
6.140000e-06	-2.581588e-06	-8.088448e-10	-1.830577e+01	-5.400384e+01
6.150000e-06	-2.621871e-06	-8.434136e-10	-1.859141e+01	-5.626964e+01
6.160000e-06	-2.662016e-06	-8.744113e-10	-1.887608e+01	-5.850794e+01
6.170000e-06	-2.702026e-06	-9.062562e-10	-1.915979e+01	-6.071688e+01
6.180000e-06	-2.741969e-06	-9.405754e-10	-1.944302e+01	-6.289473e+01
6.190000e-06	-2.781811e-06	-9.741933e-10	-1.972553e+01	-6.503983e+01
6.200000e-06	-2.821547e-06	-1.006614e-09	-2.000730e+01	-6.715066e+01
6.210000e-06	-2.861108e-06	-1.039209e-09	-2.028782e+01	-6.922580e+01
6.220000e-06	-2.900439e-06	-1.070491e-09	-2.056672e+01	-7.126393e+01
6.230000e-06	-2.939558e-06	-1.098407e-09	-2.084410e+01	-7.326389e+01
6.240000e-06	-2.978364e-06	-1.124313e-09	-2.111928e+01	-7.522459e+01
6.250000e-06	-3.016885e-06	-1.151200e-09	-2.139242e+01	-7.714509e+01
6.260000e-06	-3.055048e-06	-1.181212e-09	-2.166303e+01	-7.902458e+01
6.270000e-06	-3.092680e-06	-1.211862e-09	-2.192987e+01	-8.086233e+01
6.280000e-06	-3.129929e-06	-1.239305e-09	-2.219401e+01	-8.265778e+01
6.290000e-06	-3.166894e-06	-1.266766e-09	-2.245612e+01	-8.441043e+01
6.300000e-06	-3.203550e-06	-1.297429e-09	-2.271605e+01	-8.611994e+01
6.310000e-06	-3.239877e-06	-1.325392e-09	-2.297363e+01	-8.778606e+01
6.320000e-06	-3.276009e-06	-1.344910e-09	-2.322984e+01	-8.940864e+01
6.330000e-06	-3.312064e-06	-1.363259e-09	-2.348551e+01	-9.098765e+01
6.340000e-06	-3.347987e-06	-1.387729e-09	-2.374023e+01	-9.252315e+01
6.350000e-06	-3.383783e-06	-1.414767e-09	-2.399405e+01	-9.401530e+01
6.360000e-06	-3.419451e-06	-1.437749e-09	-2.424698e+01	-9.546433e+01
6.370000e-06	-3.454926e-06	-1.457647e-09	-2.449852e+01	-9.687056e+01
6.380000e-06	-3.490115e-06	-1.478478e-09	-2.474805e+01	-9.823442e+01
6.390000e-06	-3.525006e-06	-1.499389e-09	-2.499545e+01	-9.955636e+01
6.400000e-06	-3.559639e-06	-1.517866e-09	-2.524103e+01	-1.008369e+02
6.410000e-06	-3.594101e-06	-1.535096e-09	-2.548540e+01	-1.020767e+02
6.420000e-06	-3.628373e-06	-1.554164e-09	-2.572842e+01	-1.032764e+02
6.430000e-06	-3.662281e-06	-1.574861e-09	-2.596886e+01	-1.044367e+02
6.440000e-06	-3.695943e-06	-1.592641e-09	-2.620755e+01	-1.055583e+02
6.450000e-06	-3.729478e-06	-1.604259e-09	-2.644535e+01	-1.066420e+02
6.460000e-06	-3.762709e-06	-1.614118e-09	-2.668098e+01	-1.076887e+02
6.470000e-06	-3.795588e-06	-1.628198e-09	-2.691412e+01	-1.086992e+02
6.480000e-06	-3.828196e-06	-1.645859e-09	-2.714534e+01	-1.096743e+02
6.490000e-06	-3.860574e-06	-1.662037e-09	-2.737493e+01	-1.106150e+02
6.500000e-06	-3.892705e-06	-1.676510e-09	-2.760277e+01	-1.115221e+02
6.510000e-06	-3.924634e-06	-1.693208e-09	-2.782917e+01	-1.123965e+02
6.520000e-06	-3.956411e-06	-1.710929e-09	-2.805450e+01	-1.132392e+02
6.530000e-06	-3.988086e-06	-1.723934e-09	-2.827911e+01	-1.140511e+02
6.540000e-06	-4.019497e-06	-1.731081e-09	-2.850184e+01	-1.148331e+02
6.550000e-06	-4.050480e-06	-1.737013e-09	-2.872153e+01	-1.155860e+02
6.560000e-06	-4.081047e-06	-1.746492e-09	-2.893829e+01	-1.163109e+02
6.570000e-06	-4.111122e-06	-1.757558e-09	-2.915154e+01	-1.170086e+02
6.580000e-06	-4.140706e-06	-1.767130e-09	-2.936132e+01	-1.176799e+02
6.590000e-06	-4.169736e-06	-1.778045e-09	-2.956717e+01	-1.183258e+02
6.600000e-06	-4.198326e-06	-1.791862e-09	-2.976989e+01	-1.189471e+02
6.610000e-06	-4.226706e-06	-1.804907e-09	-2.997114e+01	-1.195446e+02
6.620000e-06	-4.254902e-06	-1.813530e-09	-3.017107e+01	-1.201193e+02
6.630000e-06	-4.282914e-06	-1.820281e-09	-3.036970e+01	-1.206718e+02
6.640000e-06	-4.310699e-06	-1.827991e-09	-3.056672e+01	-1.212030e+02
6.650000e-06	-4.338237e-06	-1.835579e-09	-3.076199e+01	-1.217136e+02
6.660000e-06	-4.365514e-06	-1.842278e-09	-3.095541e+01	-1.222045e+02
6.670000e-06	-4.392511e-06	-1.849078e-09	-3.114684e+01	-1.226763e+02
6.680000e-06	-4.419228e-06	-1.858606e-09	-3.133629e+01	-1.231297e+02
6.690000e-06	-4.445598e-06	-1.869728e-09	-3.152328e+01	-1.235656e+02
6.700000e-06	-4.471627e-06	-1.879490e-09	-3.170785e+01	-1.239844e+02
6.710000e-06	-4.497385e-06	-1.887055e-09	-3.189049e+01	-1.243870e+02
6.720000e-06	-4.522802e-06	-1.894384e-09	-3.207072e+01	-1.247739e+02
6.730000e-06	-4.547848e-06	-1.901246e-09	-3.224832e+01	-1.251457e+02
6.740000e-06	-4.572550e-06	-1.906038e-09	-3.242348e+01	-1.255031e+02
6.750000e-06	-4.596944e-06	-1.909989e-09	-3.259646e+01	-1.258467e+02
6.760000e-06	-4.621130e-06	-1.917715e-09	-3.276795e+01	-1.261769e+02
6.770000e-06	-4.645124e-06	-1.929026e-09	-3.293809e+01	-1.264944e+02
6.780000e-06	-4.668943e-06	-1.939047e-09	-3.310699e+01	-1.267997e+02
6.790000e-06	-4.692601e-06	-1.948218e-09	-3.327475e+01	-1.270932e+02
6.800000e-06	-4.715899e-06	-1.953190e-09	-3.343995e+01	-1.273754e+02
6.810000e-06	-4.738678e-06	-1.954736e-09	-3.360148e+01	-1.276468e+02
6.820000e-06	-4.760869e-06	-1.955001e-09	-3.375883e+01	-1.279078e+02
6.830000e-06	-4.782500e-06	-1.953412e-09	-3.391222e+01	-1.281589e+02
6.840000e-06	-4.803712e-06	-1.953970e-09	-3.406262e+01	-1.284003e+02
6.850000e-06	-4.824506e-06	-1.959497e-09	-3.421007e+01	-1.286325e+02
6.860000e-06	-4.844873e-06	-1.968825e-09	-3.435449e+01	-1.288558e+02
6.870000e-06	-4.864945e-06	-1.977317e-09	-3.449682e+01	-1.290705e+02
6.880000e-06	-4.884863e-06	-1.982558e-09	-3.463806e+01	-1.292768e+02
6.890000e-06	-4.904587e-06	-1.985139e-09	-3.477792e+01	-1.294751e+02
6.900000e-06	-4.924009e-06	-1.985382e-09	-3.491564e+01	-1.296656e+02
6.910000e-06	-4.943061e-06	-1.985077e-09	-3.505073e+01	-1.298484e+02
6.920000e-06	-4.961749e-06	-1.984504e-09	-3.518325e+01	-1.300238e+02
6.930000e-06	-4.980114e-06	-1.986012e-09	-3.531348e+01	-1.301918e+02
6.940000e-06	-4.998170e-06	-1.991822e-09	-3.544151e+01	-1.303527e+02
6.950000e-06	-5.015851e-06	-2.002153e-09	-3.556688e+01	-1.305065e+02
6.960000e-06	-5.033110e-06	-2.010568e-09	-3.568926e+01	-1.306533e+02
6.970000e-06	-5.050074e-06	-2.011786e-09	-3.580955e+01	-1.307932e+02
6.980000e-06	-5.066755e-06	-2.008958e-09	-3.592783e+01	-1.309261e+02
6.990000e-06	-5.083115e-06	-2.004142e-09	-3.604384e+01	-1.310521e+02
7.000000e-06	-5.099217e-06	-1.998485e-09	-3.615802e+01	-1.311712e+02
7.010000e-06	-5.115060e-06	-1.994239e-09	-3.627036e+01	-1.312833e+02
7.020000e-06	-5.130643e-06	-1.995043e-09	-3.638086e+01	-1.313885e+02
7.030000e-06	-5.145754e-06	-2.001627e-09	-3.648801e+01	-1.314866e+02
7.040000e-06	-5.160229e-06	-2.010059e-09	-3.659065e+01	-1.315775e+02
7.050000e-06	-5.174156e-06	-2.014789e-09	-3.668941e+01	-1.316613e+02
7.060000e-06	-5.187509e-06	-2.014363e-09	-3.678409e+01	-1.317378e+02
7.070000e-06	-5.200349e-06	-2.010567e-09	-3.687514e+01	-1.318070e+02
7.080000e-06	-5.212826e-06	-2.006685e-09	-3.696361e+01	-1.318687e+02
7.090000e-06	-5.224934e-06	-2.003756e-09	-3.704947e+01	-1.319229e+02
7.100000e-06	-5.236656e-06	-2.003395e-09	-3.713259e+01	-1.319695e+02
7.110000e-06	-5.247943e-06	-2.005792e-09	-3.721262e+01	-1.320084e+02
7.120000e-06	-5.258854e-06	-2.009382e-09	-3.728999e+01	-1.320396e+02
7.130000e-06	-5.269421e-06	-2.012896e-09	-3.736492e+01	-1.320631e+02
7.140000e-06	-5.279625e-06	-2.012660e-09	-3.743727e+01	-1.320787e+02
7.150000e-06	-5.289485e-06	-2.008042e-09	-3.750720e+01	-1.320866e+02
7.160000e-06	-5.298988e-06	-2.002314e-09	-3.757458e+01	-1.320867e+02
7.170000e-06	-5.308135e-06	-1.999276e-09	-3.763944e+01	-1.320791e+02
7.180000e-06	-5.316920e-06	-1.999806e-09	-3.770173e+01	-1.320638e+02
7.190000e-06	-5.325388e-06	-1.999663e-09	-3.776178e+01	-1.320410e+02
7.200000e-06	-5.333583e-06	-1.999331e-09	-3.781989e+01	-1.320108e+02
7.210000e-06	-5.341532e-06	-2.001122e-09	-3.787625e+01	-1.319733e+02
7.220000e-06	-5.349208e-06	-2.002965e-09	-3.793068e+01	-1.319288e+02
7.230000e-06	-5.356520e-06	-2.002680e-09	-3.798253e+01	-1.318775e+02
7.240000e-06	-5.363348e-06	-1.999540e-09	-3.803094e+01	-1.318196e+02
7.250000e-06	-5.369679e-06	-1.997450e-09	-3.807584e+01	-1.317554e+02
7.260000e-06	-5.375411e-06	-1.998532e-09	-3.811648e+01	-1.316854e+02
7.270000e-06	-5.380545e-06	-2.000137e-09	-3.815289e+01	-1.316098e+02
7.280000e-06	-5.385250e-06	-1.998772e-09	-3.818625e+01	-1.315291e+02
7.290000e-06	-5.389507e-06	-1.993137e-09	-3.821644e+01	-1.314436e+02
7.300000e-06	-5.393417e-06	-1.986825e-09	-3.824417e+01	-1.313539e+02
7.310000e-06	-5.397108e-06	-1.983020e-09	-3.827034e+01	-1.312604e+02
7.320000e-06	-5.400471e-06	-1.981839e-09	-3.829418e+01	-1.311637e+02
7.330000e-06	-5.403466e-06	-1.983510e-09	-3.831542e+01	-1.310642e+02
7.340000e-06	-5.406176e-06	-1.987359e-09	-3.833464e+01	-1.309624e+02
7.350000e-06	-5.408587e-06	-1.990653e-09	-3.835173e+01	-1.308591e+02
7.360000e-06	-5.410658e-06	-1.989780e-09	-3.836642e+01	-1.307546e+02
7.370000e-06	-5.412427e-06	-1.985134e-09	-3.837896e+01	-1.306495e+02
7.380000e-06	-5.413772e-06	-1.978582e-09	-3.838850e+01	-1.305445e+02
7.390000e-06	-5.414603e-06	-1.973547e-09	-3.839439e+01	-1.304400e+02
7.400000e-06	-5.415120e-06	-1.970225e-09	-3.839806e+01	-1.303367e+02
