# Temperatura_=_12.82
# Concentracion g/m^3_=_4090.0
# C_Vs_to_Am_M_A/Vsm_=_65563218390.804596
# pendiente_HvsI_1/m_=_3716.3
# ordenada_HvsI_A/m_=_1297.0
# frecuencia_Hz_=_135085.9875835348

Tiempo_(s)	Campo_(V.s)	Magnetizacion_(V.s)	Campo_(kA/m)	Magnetizacion_(A/m)
0.000000e+00	-5.395754e-06	-1.296975e-09	-3.838483e+01	-8.410043e+01
1.000000e-08	-5.395825e-06	-1.288512e-09	-3.838533e+01	-8.401095e+01
2.000000e-08	-5.395717e-06	-1.278413e-09	-3.838457e+01	-8.393011e+01
3.000000e-08	-5.395272e-06	-1.269532e-09	-3.838140e+01	-8.385851e+01
4.000000e-08	-5.394407e-06	-1.268823e-09	-3.837525e+01	-8.379665e+01
5.000000e-08	-5.392966e-06	-1.271627e-09	-3.836500e+01	-8.374494e+01
6.000000e-08	-5.390922e-06	-1.271382e-09	-3.835045e+01	-8.370373e+01
7.000000e-08	-5.388264e-06	-1.268352e-09	-3.833155e+01	-8.367326e+01
8.000000e-08	-5.384975e-06	-1.293327e-09	-3.830815e+01	-8.365366e+01
9.000000e-08	-5.381173e-06	-1.320098e-09	-3.828110e+01	-8.364498e+01
1.000000e-07	-5.376936e-06	-1.288581e-09	-3.825096e+01	-8.364716e+01
1.100000e-07	-5.372559e-06	-1.246975e-09	-3.821982e+01	-8.366003e+01
1.200000e-07	-5.368183e-06	-1.245292e-09	-3.818869e+01	-8.368331e+01
1.300000e-07	-5.363408e-06	-1.287926e-09	-3.815472e+01	-8.371665e+01
1.400000e-07	-5.358085e-06	-1.280580e-09	-3.811686e+01	-8.375956e+01
1.500000e-07	-5.352374e-06	-1.224831e-09	-3.807623e+01	-8.381147e+01
1.600000e-07	-5.346380e-06	-1.257603e-09	-3.803359e+01	-8.387172e+01
1.700000e-07	-5.339952e-06	-1.266846e-09	-3.798786e+01	-8.393956e+01
1.800000e-07	-5.333008e-06	-1.270195e-09	-3.793846e+01	-8.401414e+01
1.900000e-07	-5.325812e-06	-1.238244e-09	-3.788727e+01	-8.409456e+01
2.000000e-07	-5.318476e-06	-1.279646e-09	-3.783508e+01	-8.417983e+01
2.100000e-07	-5.310874e-06	-1.272124e-09	-3.778100e+01	-8.426892e+01
2.200000e-07	-5.302954e-06	-1.271706e-09	-3.772466e+01	-8.436073e+01
2.300000e-07	-5.294740e-06	-1.300565e-09	-3.766622e+01	-8.445413e+01
2.400000e-07	-5.286137e-06	-1.340296e-09	-3.760503e+01	-8.454796e+01
2.500000e-07	-5.276811e-06	-1.327533e-09	-3.753868e+01	-8.464102e+01
2.600000e-07	-5.266767e-06	-1.307277e-09	-3.746723e+01	-8.473213e+01
2.700000e-07	-5.256246e-06	-1.325769e-09	-3.739238e+01	-8.482007e+01
2.800000e-07	-5.245227e-06	-1.317130e-09	-3.731400e+01	-8.490367e+01
2.900000e-07	-5.233730e-06	-1.264823e-09	-3.723221e+01	-8.498175e+01
3.000000e-07	-5.221829e-06	-1.242685e-09	-3.714755e+01	-8.505318e+01
3.100000e-07	-5.209529e-06	-1.304826e-09	-3.706005e+01	-8.511686e+01
3.200000e-07	-5.196881e-06	-1.312464e-09	-3.697007e+01	-8.517175e+01
3.300000e-07	-5.183914e-06	-1.287576e-09	-3.687782e+01	-8.521687e+01
3.400000e-07	-5.170607e-06	-1.272920e-09	-3.678316e+01	-8.525128e+01
3.500000e-07	-5.156826e-06	-1.300067e-09	-3.668512e+01	-8.527416e+01
3.600000e-07	-5.142554e-06	-1.280159e-09	-3.658359e+01	-8.528475e+01
3.700000e-07	-5.127822e-06	-1.266815e-09	-3.647879e+01	-8.528237e+01
3.800000e-07	-5.112525e-06	-1.247887e-09	-3.636997e+01	-8.526645e+01
3.900000e-07	-5.096644e-06	-1.255410e-09	-3.625699e+01	-8.523653e+01
4.000000e-07	-5.080317e-06	-1.267959e-09	-3.614085e+01	-8.519222e+01
4.100000e-07	-5.063662e-06	-1.293110e-09	-3.602236e+01	-8.513327e+01
4.200000e-07	-5.046729e-06	-1.259251e-09	-3.590190e+01	-8.505951e+01
4.300000e-07	-5.029525e-06	-1.240794e-09	-3.577951e+01	-8.497089e+01
4.400000e-07	-5.012015e-06	-1.251906e-09	-3.565495e+01	-8.486746e+01
4.500000e-07	-4.994194e-06	-1.264656e-09	-3.552818e+01	-8.474938e+01
4.600000e-07	-4.975996e-06	-1.231572e-09	-3.539872e+01	-8.461692e+01
4.700000e-07	-4.957456e-06	-1.229389e-09	-3.526682e+01	-8.447043e+01
4.800000e-07	-4.938494e-06	-1.242555e-09	-3.513193e+01	-8.431037e+01
4.900000e-07	-4.919132e-06	-1.250082e-09	-3.499419e+01	-8.413726e+01
5.000000e-07	-4.899503e-06	-1.233810e-09	-3.485455e+01	-8.395174e+01
5.100000e-07	-4.879637e-06	-1.218485e-09	-3.471322e+01	-8.375451e+01
5.200000e-07	-4.859577e-06	-1.208330e-09	-3.457052e+01	-8.354631e+01
5.300000e-07	-4.839336e-06	-1.221611e-09	-3.442653e+01	-8.332799e+01
5.400000e-07	-4.818816e-06	-1.229899e-09	-3.428056e+01	-8.310040e+01
5.500000e-07	-4.797937e-06	-1.214644e-09	-3.413202e+01	-8.286447e+01
5.600000e-07	-4.776507e-06	-1.207477e-09	-3.397957e+01	-8.262113e+01
5.700000e-07	-4.754664e-06	-1.217810e-09	-3.382418e+01	-8.237136e+01
5.800000e-07	-4.732687e-06	-1.211363e-09	-3.366784e+01	-8.211612e+01
5.900000e-07	-4.710476e-06	-1.185325e-09	-3.350983e+01	-8.185641e+01
6.000000e-07	-4.687888e-06	-1.180217e-09	-3.334914e+01	-8.159320e+01
6.100000e-07	-4.664874e-06	-1.188149e-09	-3.318542e+01	-8.132744e+01
6.200000e-07	-4.641509e-06	-1.200449e-09	-3.301921e+01	-8.106007e+01
6.300000e-07	-4.617874e-06	-1.198719e-09	-3.285108e+01	-8.079199e+01
6.400000e-07	-4.594025e-06	-1.195991e-09	-3.268142e+01	-8.052406e+01
6.500000e-07	-4.569980e-06	-1.187862e-09	-3.251036e+01	-8.025708e+01
6.600000e-07	-4.545770e-06	-1.191568e-09	-3.233813e+01	-7.999180e+01
6.700000e-07	-4.521345e-06	-1.180191e-09	-3.216438e+01	-7.972892e+01
6.800000e-07	-4.496327e-06	-1.165780e-09	-3.198640e+01	-7.946907e+01
6.900000e-07	-4.470765e-06	-1.155155e-09	-3.180455e+01	-7.921278e+01
7.000000e-07	-4.444810e-06	-1.165374e-09	-3.161991e+01	-7.896055e+01
7.100000e-07	-4.418277e-06	-1.167016e-09	-3.143116e+01	-7.871276e+01
7.200000e-07	-4.391260e-06	-1.165951e-09	-3.123896e+01	-7.846973e+01
7.300000e-07	-4.363869e-06	-1.156908e-09	-3.104411e+01	-7.823171e+01
7.400000e-07	-4.336202e-06	-1.157091e-09	-3.084729e+01	-7.799884e+01
7.500000e-07	-4.308356e-06	-1.151258e-09	-3.064919e+01	-7.777120e+01
7.600000e-07	-4.280395e-06	-1.146648e-09	-3.045028e+01	-7.754879e+01
7.700000e-07	-4.252267e-06	-1.138821e-09	-3.025018e+01	-7.733153e+01
7.800000e-07	-4.223862e-06	-1.140138e-09	-3.004811e+01	-7.711927e+01
7.900000e-07	-4.195081e-06	-1.140651e-09	-2.984337e+01	-7.691178e+01
8.000000e-07	-4.165881e-06	-1.140552e-09	-2.963564e+01	-7.670879e+01
8.100000e-07	-4.136394e-06	-1.134847e-09	-2.942587e+01	-7.650995e+01
8.200000e-07	-4.106728e-06	-1.130774e-09	-2.921483e+01	-7.631486e+01
8.300000e-07	-4.076807e-06	-1.128001e-09	-2.900198e+01	-7.612307e+01
8.400000e-07	-4.046568e-06	-1.128123e-09	-2.878686e+01	-7.593412e+01
8.500000e-07	-4.016059e-06	-1.126742e-09	-2.856983e+01	-7.574748e+01
8.600000e-07	-3.985358e-06	-1.123319e-09	-2.835142e+01	-7.556261e+01
8.700000e-07	-3.954408e-06	-1.122398e-09	-2.813125e+01	-7.537895e+01
8.800000e-07	-3.923144e-06	-1.119131e-09	-2.790884e+01	-7.519593e+01
8.900000e-07	-3.891690e-06	-1.110935e-09	-2.768508e+01	-7.501297e+01
9.000000e-07	-3.860055e-06	-1.098547e-09	-2.746003e+01	-7.482951e+01
9.100000e-07	-3.828197e-06	-1.093299e-09	-2.723340e+01	-7.464499e+01
9.200000e-07	-3.796224e-06	-1.093398e-09	-2.700594e+01	-7.445885e+01
9.300000e-07	-3.764068e-06	-1.099783e-09	-2.677719e+01	-7.427058e+01
9.400000e-07	-3.731635e-06	-1.101028e-09	-2.654646e+01	-7.407968e+01
9.500000e-07	-3.698832e-06	-1.101296e-09	-2.631310e+01	-7.388569e+01
9.600000e-07	-3.665581e-06	-1.095163e-09	-2.607656e+01	-7.368820e+01
9.700000e-07	-3.631831e-06	-1.086873e-09	-2.583646e+01	-7.348682e+01
9.800000e-07	-3.597530e-06	-1.072715e-09	-2.559245e+01	-7.328122e+01
9.900000e-07	-3.562842e-06	-1.062991e-09	-2.534569e+01	-7.307112e+01
1.000000e-06	-3.527894e-06	-1.058658e-09	-2.509707e+01	-7.285628e+01
1.010000e-06	-3.492626e-06	-1.065717e-09	-2.484617e+01	-7.263652e+01
1.020000e-06	-3.457061e-06	-1.071231e-09	-2.459317e+01	-7.241172e+01
1.030000e-06	-3.421404e-06	-1.073088e-09	-2.433951e+01	-7.218178e+01
1.040000e-06	-3.385641e-06	-1.067411e-09	-2.408510e+01	-7.194670e+01
1.050000e-06	-3.349708e-06	-1.061973e-09	-2.382947e+01	-7.170649e+01
1.060000e-06	-3.313649e-06	-1.051649e-09	-2.357295e+01	-7.146123e+01
1.070000e-06	-3.277425e-06	-1.039292e-09	-2.331526e+01	-7.121103e+01
1.080000e-06	-3.241029e-06	-1.028683e-09	-2.305634e+01	-7.095605e+01
1.090000e-06	-3.204326e-06	-1.029875e-09	-2.279524e+01	-7.069648e+01
1.100000e-06	-3.167304e-06	-1.035271e-09	-2.253187e+01	-7.043257e+01
1.110000e-06	-3.129963e-06	-1.038563e-09	-2.226623e+01	-7.016457e+01
1.120000e-06	-3.092384e-06	-1.035187e-09	-2.199889e+01	-6.989275e+01
1.130000e-06	-3.054702e-06	-1.028429e-09	-2.173083e+01	-6.961743e+01
1.140000e-06	-3.016862e-06	-1.021885e-09	-2.146164e+01	-6.933892e+01
1.150000e-06	-2.978837e-06	-1.014026e-09	-2.119114e+01	-6.905754e+01
1.160000e-06	-2.940616e-06	-1.006482e-09	-2.091924e+01	-6.877361e+01
1.170000e-06	-2.902148e-06	-1.002500e-09	-2.064558e+01	-6.848747e+01
1.180000e-06	-2.863365e-06	-1.002678e-09	-2.036968e+01	-6.819941e+01
1.190000e-06	-2.824416e-06	-1.002155e-09	-2.009260e+01	-6.790975e+01
1.200000e-06	-2.785336e-06	-1.001434e-09	-1.981459e+01	-6.761876e+01
1.210000e-06	-2.746062e-06	-9.989022e-10	-1.953520e+01	-6.732670e+01
1.220000e-06	-2.706634e-06	-9.968326e-10	-1.925471e+01	-6.703379e+01
1.230000e-06	-2.667012e-06	-9.913172e-10	-1.897285e+01	-6.674024e+01
1.240000e-06	-2.627238e-06	-9.845655e-10	-1.868989e+01	-6.644620e+01
1.250000e-06	-2.587377e-06	-9.766511e-10	-1.840633e+01	-6.615181e+01
1.260000e-06	-2.547419e-06	-9.728533e-10	-1.812207e+01	-6.585713e+01
1.270000e-06	-2.507377e-06	-9.720818e-10	-1.783722e+01	-6.556222e+01
1.280000e-06	-2.467211e-06	-9.716435e-10	-1.755148e+01	-6.526707e+01
1.290000e-06	-2.426877e-06	-9.661250e-10	-1.726455e+01	-6.497164e+01
1.300000e-06	-2.386410e-06	-9.609555e-10	-1.697667e+01	-6.467582e+01
1.310000e-06	-2.345732e-06	-9.552934e-10	-1.668730e+01	-6.437949e+01
1.320000e-06	-2.304834e-06	-9.510725e-10	-1.639635e+01	-6.408245e+01
1.330000e-06	-2.263781e-06	-9.469836e-10	-1.610430e+01	-6.378451e+01
1.340000e-06	-2.222447e-06	-9.466284e-10	-1.581025e+01	-6.348538e+01
1.350000e-06	-2.180766e-06	-9.480458e-10	-1.551374e+01	-6.318477e+01
1.360000e-06	-2.138832e-06	-9.467527e-10	-1.521543e+01	-6.288234e+01
1.370000e-06	-2.096537e-06	-9.389020e-10	-1.491455e+01	-6.257774e+01
1.380000e-06	-2.053919e-06	-9.305638e-10	-1.461136e+01	-6.227057e+01
1.390000e-06	-2.011116e-06	-9.215526e-10	-1.430687e+01	-6.196040e+01
1.400000e-06	-1.968114e-06	-9.124734e-10	-1.400096e+01	-6.164681e+01
1.410000e-06	-1.924915e-06	-9.022083e-10	-1.369365e+01	-6.132934e+01
1.420000e-06	-1.881591e-06	-8.983364e-10	-1.338544e+01	-6.100752e+01
1.430000e-06	-1.838135e-06	-9.015394e-10	-1.307630e+01	-6.068088e+01
1.440000e-06	-1.794487e-06	-9.030257e-10	-1.276579e+01	-6.034894e+01
1.450000e-06	-1.750738e-06	-8.996656e-10	-1.245457e+01	-6.001122e+01
1.460000e-06	-1.706911e-06	-8.930688e-10	-1.214278e+01	-5.966726e+01
1.470000e-06	-1.662997e-06	-8.858847e-10	-1.183039e+01	-5.931658e+01
1.480000e-06	-1.619046e-06	-8.758254e-10	-1.151773e+01	-5.895873e+01
1.490000e-06	-1.575054e-06	-8.650477e-10	-1.120477e+01	-5.859327e+01
1.500000e-06	-1.530967e-06	-8.561703e-10	-1.089114e+01	-5.821977e+01
1.510000e-06	-1.486824e-06	-8.554941e-10	-1.057711e+01	-5.783783e+01
1.520000e-06	-1.442680e-06	-8.554106e-10	-1.026308e+01	-5.744706e+01
1.530000e-06	-1.398463e-06	-8.502559e-10	-9.948517e+00	-5.704709e+01
1.540000e-06	-1.354118e-06	-8.412294e-10	-9.633054e+00	-5.663759e+01
1.550000e-06	-1.309751e-06	-8.321791e-10	-9.317432e+00	-5.621822e+01
1.560000e-06	-1.265300e-06	-8.245812e-10	-9.001211e+00	-5.578870e+01
1.570000e-06	-1.220721e-06	-8.185261e-10	-8.684082e+00	-5.534873e+01
1.580000e-06	-1.176096e-06	-8.111783e-10	-8.366623e+00	-5.489806e+01
1.590000e-06	-1.131343e-06	-8.041707e-10	-8.048254e+00	-5.443644e+01
1.600000e-06	-1.086554e-06	-7.990380e-10	-7.729630e+00	-5.396365e+01
1.610000e-06	-1.041697e-06	-7.916942e-10	-7.410523e+00	-5.347948e+01
1.620000e-06	-9.967002e-07	-7.770182e-10	-7.090421e+00	-5.298371e+01
1.630000e-06	-9.516679e-07	-7.616804e-10	-6.770066e+00	-5.247614e+01
1.640000e-06	-9.065633e-07	-7.515232e-10	-6.449196e+00	-5.195658e+01
1.650000e-06	-8.613581e-07	-7.499444e-10	-6.127611e+00	-5.142484e+01
1.660000e-06	-8.160858e-07	-7.488768e-10	-5.805549e+00	-5.088069e+01
1.670000e-06	-7.708416e-07	-7.456741e-10	-5.483687e+00	-5.032394e+01
1.680000e-06	-7.255527e-07	-7.397096e-10	-5.161506e+00	-4.975435e+01
1.690000e-06	-6.801019e-07	-7.292248e-10	-4.838174e+00	-4.917169e+01
1.700000e-06	-6.346169e-07	-7.128102e-10	-4.514598e+00	-4.857567e+01
1.710000e-06	-5.890878e-07	-6.954322e-10	-4.190709e+00	-4.796602e+01
1.720000e-06	-5.434654e-07	-6.837898e-10	-3.866156e+00	-4.734241e+01
1.730000e-06	-4.978417e-07	-6.794833e-10	-3.541594e+00	-4.670450e+01
1.740000e-06	-4.522538e-07	-6.787893e-10	-3.217286e+00	-4.605189e+01
1.750000e-06	-4.066423e-07	-6.749785e-10	-2.892811e+00	-4.538416e+01
1.760000e-06	-3.609825e-07	-6.663048e-10	-2.567991e+00	-4.470086e+01
1.770000e-06	-3.152976e-07	-6.530144e-10	-2.242994e+00	-4.400149e+01
1.780000e-06	-2.695316e-07	-6.370952e-10	-1.917420e+00	-4.328551e+01
1.790000e-06	-2.237105e-07	-6.205002e-10	-1.591453e+00	-4.255234e+01
1.800000e-06	-1.779535e-07	-6.031240e-10	-1.265942e+00	-4.180136e+01
1.810000e-06	-1.322540e-07	-5.887785e-10	-9.408408e-01	-4.103193e+01
1.820000e-06	-8.650413e-08	-5.832769e-10	-6.153813e-01	-4.024336e+01
1.830000e-06	-4.070765e-08	-5.796197e-10	-2.895900e-01	-3.943492e+01
1.840000e-06	5.141972e-09	-5.728327e-10	3.657945e-02	-3.860587e+01
1.850000e-06	5.099897e-08	-5.634737e-10	3.628013e-01	-3.775543e+01
1.860000e-06	9.676714e-08	-5.502702e-10	6.883913e-01	-3.688281e+01
1.870000e-06	1.425610e-07	-5.329434e-10	1.014164e+00	-3.598722e+01
1.880000e-06	1.883843e-07	-5.141390e-10	1.340146e+00	-3.506783e+01
1.890000e-06	2.341760e-07	-4.942866e-10	1.665903e+00	-3.412384e+01
1.900000e-06	2.799564e-07	-4.774080e-10	1.991580e+00	-3.315444e+01
1.910000e-06	3.256884e-07	-4.627519e-10	2.316913e+00	-3.215884e+01
1.920000e-06	3.714020e-07	-4.482721e-10	2.642115e+00	-3.113627e+01
1.930000e-06	4.171291e-07	-4.326916e-10	2.967413e+00	-3.008599e+01
1.940000e-06	4.628255e-07	-4.152179e-10	3.292492e+00	-2.900731e+01
1.950000e-06	5.084600e-07	-3.971144e-10	3.617131e+00	-2.789957e+01
1.960000e-06	5.540010e-07	-3.796188e-10	3.941105e+00	-2.676218e+01
1.970000e-06	5.995022e-07	-3.606424e-10	4.264796e+00	-2.559460e+01
1.980000e-06	6.450120e-07	-3.411568e-10	4.588548e+00	-2.439639e+01
1.990000e-06	6.904853e-07	-3.182253e-10	4.912040e+00	-2.316716e+01
2.000000e-06	7.359209e-07	-2.948637e-10	5.235264e+00	-2.190663e+01
2.010000e-06	7.813023e-07	-2.761430e-10	5.558103e+00	-2.061461e+01
2.020000e-06	8.265354e-07	-2.582102e-10	5.879887e+00	-1.929100e+01
2.030000e-06	8.715905e-07	-2.372062e-10	6.200404e+00	-1.793584e+01
2.040000e-06	9.165793e-07	-2.155440e-10	6.520449e+00	-1.654926e+01
2.050000e-06	9.614982e-07	-1.951972e-10	6.839998e+00	-1.513151e+01
2.060000e-06	1.006433e-06	-1.749697e-10	7.159658e+00	-1.368298e+01
2.070000e-06	1.051373e-06	-1.512434e-10	7.479354e+00	-1.220416e+01
2.080000e-06	1.096136e-06	-1.229756e-10	7.797795e+00	-1.069570e+01
2.090000e-06	1.140833e-06	-9.554000e-11	8.115765e+00	-9.158351e+00
2.100000e-06	1.185521e-06	-7.165693e-11	8.433674e+00	-7.593020e+00
2.110000e-06	1.230057e-06	-4.859690e-11	8.750499e+00	-6.000726e+00
2.120000e-06	1.274407e-06	-2.285674e-11	9.065996e+00	-4.382623e+00
2.130000e-06	1.318658e-06	1.328819e-13	9.380795e+00	-2.739988e+00
2.140000e-06	1.362910e-06	1.818256e-11	9.695600e+00	-1.074219e+00
2.150000e-06	1.407114e-06	3.632721e-11	1.001006e+01	6.131689e-01
2.160000e-06	1.451222e-06	6.092448e-11	1.032384e+01	2.320549e+00
2.170000e-06	1.495274e-06	9.295964e-11	1.063723e+01	4.046192e+00
2.180000e-06	1.539287e-06	1.242726e-10	1.095033e+01	5.788269e+00
2.190000e-06	1.583281e-06	1.488609e-10	1.126330e+01	7.544866e+00
2.200000e-06	1.627247e-06	1.731539e-10	1.157607e+01	9.313987e+00
2.210000e-06	1.671140e-06	2.000294e-10	1.188831e+01	1.109357e+01
2.220000e-06	1.714913e-06	2.264360e-10	1.219971e+01	1.288148e+01
2.230000e-06	1.758620e-06	2.518191e-10	1.251064e+01	1.467555e+01
2.240000e-06	1.802286e-06	2.796917e-10	1.282128e+01	1.647357e+01
2.250000e-06	1.845855e-06	3.113030e-10	1.313122e+01	1.827329e+01
2.260000e-06	1.889330e-06	3.432443e-10	1.344050e+01	2.007246e+01
2.270000e-06	1.932575e-06	3.706185e-10	1.374814e+01	2.186883e+01
2.280000e-06	1.975603e-06	3.956983e-10	1.405423e+01	2.366014e+01
2.290000e-06	2.018388e-06	4.207038e-10	1.435860e+01	2.544417e+01
2.300000e-06	2.060857e-06	4.453601e-10	1.466072e+01	2.721871e+01
2.310000e-06	2.103181e-06	4.707102e-10	1.496181e+01	2.898160e+01
2.320000e-06	2.145283e-06	4.983744e-10	1.526132e+01	3.073075e+01
2.330000e-06	2.187130e-06	5.284017e-10	1.555901e+01	3.246411e+01
2.340000e-06	2.228743e-06	5.575248e-10	1.585505e+01	3.417970e+01
2.350000e-06	2.269980e-06	5.826810e-10	1.614840e+01	3.587565e+01
2.360000e-06	2.310841e-06	6.056564e-10	1.643908e+01	3.755015e+01
2.370000e-06	2.351537e-06	6.307190e-10	1.672859e+01	3.920150e+01
2.380000e-06	2.392078e-06	6.589394e-10	1.701699e+01	4.082811e+01
2.390000e-06	2.432368e-06	6.860478e-10	1.730361e+01	4.242848e+01
2.400000e-06	2.472510e-06	7.087028e-10	1.758917e+01	4.400124e+01
2.410000e-06	2.512591e-06	7.317600e-10	1.787431e+01	4.554513e+01
2.420000e-06	2.552607e-06	7.579455e-10	1.815898e+01	4.705901e+01
2.430000e-06	2.592497e-06	7.846822e-10	1.844275e+01	4.854188e+01
2.440000e-06	2.632323e-06	8.069553e-10	1.872607e+01	4.999284e+01
2.450000e-06	2.672094e-06	8.257544e-10	1.900900e+01	5.141112e+01
2.460000e-06	2.711709e-06	8.489367e-10	1.929081e+01	5.279608e+01
2.470000e-06	2.751039e-06	8.713453e-10	1.957060e+01	5.414720e+01
2.480000e-06	2.790116e-06	8.865839e-10	1.984859e+01	5.546407e+01
2.490000e-06	2.829081e-06	8.994718e-10	2.012579e+01	5.674639e+01
2.500000e-06	2.867790e-06	9.176230e-10	2.040116e+01	5.799400e+01
2.510000e-06	2.906166e-06	9.426625e-10	2.067416e+01	5.920681e+01
2.520000e-06	2.944415e-06	9.664415e-10	2.094626e+01	6.038485e+01
2.530000e-06	2.982497e-06	9.850925e-10	2.121717e+01	6.152823e+01
2.540000e-06	3.020360e-06	1.003419e-09	2.148653e+01	6.263717e+01
2.550000e-06	3.058148e-06	1.020652e-09	2.175535e+01	6.371194e+01
2.560000e-06	3.095797e-06	1.032733e-09	2.202318e+01	6.475291e+01
2.570000e-06	3.133209e-06	1.039580e-09	2.228932e+01	6.576050e+01
2.580000e-06	3.170352e-06	1.047170e-09	2.255355e+01	6.673519e+01
2.590000e-06	3.207304e-06	1.063893e-09	2.281643e+01	6.767752e+01
2.600000e-06	3.244021e-06	1.085368e-09	2.307762e+01	6.858805e+01
2.610000e-06	3.280450e-06	1.104622e-09	2.333678e+01	6.946741e+01
2.620000e-06	3.316669e-06	1.119774e-09	2.359443e+01	7.031623e+01
2.630000e-06	3.352696e-06	1.132889e-09	2.385073e+01	7.113518e+01
2.640000e-06	3.388602e-06	1.144128e-09	2.410616e+01	7.192492e+01
2.650000e-06	3.424421e-06	1.151721e-09	2.436097e+01	7.268615e+01
2.660000e-06	3.460126e-06	1.154072e-09	2.461497e+01	7.341955e+01
2.670000e-06	3.495652e-06	1.158299e-09	2.486770e+01	7.412580e+01
2.680000e-06	3.530868e-06	1.169016e-09	2.511823e+01	7.480560e+01
2.690000e-06	3.565750e-06	1.181803e-09	2.536637e+01	7.545960e+01
2.700000e-06	3.600166e-06	1.194782e-09	2.561121e+01	7.608846e+01
2.710000e-06	3.634016e-06	1.209718e-09	2.585201e+01	7.669281e+01
2.720000e-06	3.667452e-06	1.224212e-09	2.608987e+01	7.727328e+01
2.730000e-06	3.700534e-06	1.233572e-09	2.632521e+01	7.783046e+01
2.740000e-06	3.733252e-06	1.238846e-09	2.655797e+01	7.836493e+01
2.750000e-06	3.765678e-06	1.241486e-09	2.678864e+01	7.887724e+01
2.760000e-06	3.797885e-06	1.242395e-09	2.701776e+01	7.936793e+01
2.770000e-06	3.829909e-06	1.245331e-09	2.724557e+01	7.983749e+01
2.780000e-06	3.861807e-06	1.252284e-09	2.747249e+01	8.028643e+01
2.790000e-06	3.893576e-06	1.261687e-09	2.769849e+01	8.071521e+01
2.800000e-06	3.925141e-06	1.270037e-09	2.792304e+01	8.112428e+01
2.810000e-06	3.956365e-06	1.274336e-09	2.814517e+01	8.151410e+01
2.820000e-06	3.987327e-06	1.277451e-09	2.836543e+01	8.188509e+01
2.830000e-06	4.017976e-06	1.281869e-09	2.858346e+01	8.223767e+01
2.840000e-06	4.048233e-06	1.285693e-09	2.879871e+01	8.257227e+01
2.850000e-06	4.078246e-06	1.286324e-09	2.901221e+01	8.288928e+01
2.860000e-06	4.108071e-06	1.288240e-09	2.922439e+01	8.318913e+01
2.870000e-06	4.137638e-06	1.295169e-09	2.943473e+01	8.347224e+01
2.880000e-06	4.166857e-06	1.302686e-09	2.964258e+01	8.373903e+01
2.890000e-06	4.195787e-06	1.305747e-09	2.984839e+01	8.398993e+01
2.900000e-06	4.224388e-06	1.308357e-09	3.005186e+01	8.422540e+01
2.910000e-06	4.252669e-06	1.312925e-09	3.025304e+01	8.444588e+01
2.920000e-06	4.280766e-06	1.317180e-09	3.045292e+01	8.465187e+01
2.930000e-06	4.308806e-06	1.316884e-09	3.065240e+01	8.484385e+01
2.940000e-06	4.336761e-06	1.314479e-09	3.085126e+01	8.502233e+01
2.950000e-06	4.364489e-06	1.317116e-09	3.104852e+01	8.518786e+01
2.960000e-06	4.391926e-06	1.321507e-09	3.124370e+01	8.534097e+01
2.970000e-06	4.418996e-06	1.322214e-09	3.143627e+01	8.548223e+01
2.980000e-06	4.445606e-06	1.319475e-09	3.162557e+01	8.561225e+01
2.990000e-06	4.471550e-06	1.318279e-09	3.181014e+01	8.573161e+01
3.000000e-06	4.496849e-06	1.322019e-09	3.199011e+01	8.584094e+01
3.010000e-06	4.521683e-06	1.326742e-09	3.216678e+01	8.594088e+01
3.020000e-06	4.546100e-06	1.328689e-09	3.234048e+01	8.603206e+01
3.030000e-06	4.570275e-06	1.330999e-09	3.251246e+01	8.611514e+01
3.040000e-06	4.594266e-06	1.336794e-09	3.268313e+01	8.619076e+01
3.050000e-06	4.618085e-06	1.342421e-09	3.285258e+01	8.625958e+01
3.060000e-06	4.641602e-06	1.340426e-09	3.301987e+01	8.632225e+01
3.070000e-06	4.664756e-06	1.331591e-09	3.318459e+01	8.637940e+01
3.080000e-06	4.687619e-06	1.327321e-09	3.334723e+01	8.643166e+01
3.090000e-06	4.710078e-06	1.330344e-09	3.350701e+01	8.647964e+01
3.100000e-06	4.732243e-06	1.331624e-09	3.366468e+01	8.652392e+01
3.110000e-06	4.754207e-06	1.330749e-09	3.382093e+01	8.656505e+01
3.120000e-06	4.775873e-06	1.333345e-09	3.397506e+01	8.660357e+01
3.130000e-06	4.797246e-06	1.341336e-09	3.412711e+01	8.663996e+01
3.140000e-06	4.818243e-06	1.345298e-09	3.427647e+01	8.667466e+01
3.150000e-06	4.838848e-06	1.338603e-09	3.442306e+01	8.670809e+01
3.160000e-06	4.859130e-06	1.329456e-09	3.456734e+01	8.674060e+01
3.170000e-06	4.879177e-06	1.327981e-09	3.470996e+01	8.677249e+01
3.180000e-06	4.899073e-06	1.330591e-09	3.485149e+01	8.680402e+01
3.190000e-06	4.918848e-06	1.329520e-09	3.499217e+01	8.683537e+01
3.200000e-06	4.938401e-06	1.329664e-09	3.513127e+01	8.686670e+01
3.210000e-06	4.957525e-06	1.336413e-09	3.526732e+01	8.689807e+01
3.220000e-06	4.976217e-06	1.342739e-09	3.540029e+01	8.692952e+01
3.230000e-06	4.994358e-06	1.340493e-09	3.552934e+01	8.696102e+01
3.240000e-06	5.011938e-06	1.333869e-09	3.565440e+01	8.699245e+01
3.250000e-06	5.029272e-06	1.331571e-09	3.577771e+01	8.702369e+01
3.260000e-06	5.046415e-06	1.333886e-09	3.589967e+01	8.705453e+01
3.270000e-06	5.063189e-06	1.332514e-09	3.601899e+01	8.708473e+01
3.280000e-06	5.079622e-06	1.329751e-09	3.613590e+01	8.711398e+01
3.290000e-06	5.095677e-06	1.333636e-09	3.625011e+01	8.714195e+01
3.300000e-06	5.111295e-06	1.340610e-09	3.636122e+01	8.716826e+01
3.310000e-06	5.126522e-06	1.342085e-09	3.646954e+01	8.719252e+01
3.320000e-06	5.141246e-06	1.338240e-09	3.657428e+01	8.721429e+01
3.330000e-06	5.155506e-06	1.334975e-09	3.667573e+01	8.723311e+01
3.340000e-06	5.169415e-06	1.333645e-09	3.677468e+01	8.724853e+01
3.350000e-06	5.182957e-06	1.332605e-09	3.687101e+01	8.726007e+01
3.360000e-06	5.196061e-06	1.328510e-09	3.696424e+01	8.726727e+01
3.370000e-06	5.208777e-06	1.324964e-09	3.705470e+01	8.726966e+01
3.380000e-06	5.221225e-06	1.324609e-09	3.714325e+01	8.726679e+01
3.390000e-06	5.233310e-06	1.327023e-09	3.722922e+01	8.725825e+01
3.400000e-06	5.245028e-06	1.326515e-09	3.731258e+01	8.724363e+01
3.410000e-06	5.256397e-06	1.322003e-09	3.739346e+01	8.722257e+01
3.420000e-06	5.267303e-06	1.321939e-09	3.747104e+01	8.719477e+01
3.430000e-06	5.277577e-06	1.323034e-09	3.754413e+01	8.715994e+01
3.440000e-06	5.287095e-06	1.320866e-09	3.761184e+01	8.711787e+01
3.450000e-06	5.296001e-06	1.315708e-09	3.767520e+01	8.706841e+01
3.460000e-06	5.304479e-06	1.313692e-09	3.773551e+01	8.701147e+01
3.470000e-06	5.312619e-06	1.315564e-09	3.779342e+01	8.694701e+01
3.480000e-06	5.320556e-06	1.317273e-09	3.784988e+01	8.687509e+01
3.490000e-06	5.328301e-06	1.317391e-09	3.790498e+01	8.679581e+01
3.500000e-06	5.335798e-06	1.316826e-09	3.795831e+01	8.670937e+01
3.510000e-06	5.342977e-06	1.316581e-09	3.800938e+01	8.661604e+01
3.520000e-06	5.349724e-06	1.315430e-09	3.805738e+01	8.651615e+01
3.530000e-06	5.356007e-06	1.311304e-09	3.810207e+01	8.641011e+01
3.540000e-06	5.361978e-06	1.307600e-09	3.814455e+01	8.629841e+01
3.550000e-06	5.367686e-06	1.307745e-09	3.818515e+01	8.618160e+01
3.560000e-06	5.372943e-06	1.312049e-09	3.822255e+01	8.606029e+01
3.570000e-06	5.377685e-06	1.317002e-09	3.825629e+01	8.593517e+01
3.580000e-06	5.382033e-06	1.316608e-09	3.828722e+01	8.580696e+01
3.590000e-06	5.386153e-06	1.312761e-09	3.831653e+01	8.567644e+01
3.600000e-06	5.390094e-06	1.308766e-09	3.834456e+01	8.554443e+01
3.610000e-06	5.393831e-06	1.305008e-09	3.837115e+01	8.541179e+01
3.620000e-06	5.397284e-06	1.302058e-09	3.839572e+01	8.527940e+01
3.630000e-06	5.400298e-06	1.302919e-09	3.841716e+01	8.514815e+01
3.640000e-06	5.402715e-06	1.307796e-09	3.843435e+01	8.501897e+01
3.650000e-06	5.404479e-06	1.314077e-09	3.844690e+01	8.489276e+01
3.660000e-06	5.405570e-06	1.319833e-09	3.845466e+01	8.477042e+01
3.670000e-06	5.406125e-06	1.322148e-09	3.845861e+01	8.465284e+01
3.680000e-06	5.406321e-06	1.320166e-09	3.846000e+01	8.454088e+01
3.690000e-06	5.406311e-06	1.317664e-09	3.845993e+01	8.443535e+01
3.700000e-06	5.406127e-06	1.315666e-09	3.845862e+01	8.433703e+01
3.710000e-06	5.405674e-06	1.314116e-09	3.845540e+01	8.424665e+01
3.720000e-06	5.404847e-06	1.313864e-09	3.844951e+01	8.416486e+01
3.730000e-06	5.403596e-06	1.312803e-09	3.844062e+01	8.409225e+01
3.740000e-06	5.402001e-06	1.310200e-09	3.842927e+01	8.402935e+01
3.750000e-06	5.400082e-06	1.310985e-09	3.841562e+01	8.397657e+01
3.760000e-06	5.397953e-06	1.319357e-09	3.840047e+01	8.393426e+01
3.770000e-06	5.395527e-06	1.304076e-09	3.838322e+01	8.390267e+01
3.780000e-06	5.392562e-06	1.246889e-09	3.836212e+01	8.388196e+01
3.790000e-06	5.388991e-06	1.229905e-09	3.833672e+01	8.387216e+01
3.800000e-06	5.384970e-06	1.279331e-09	3.830811e+01	8.387322e+01
3.810000e-06	5.380824e-06	1.302516e-09	3.827862e+01	8.388499e+01
3.820000e-06	5.376640e-06	1.280250e-09	3.824886e+01	8.390721e+01
3.830000e-06	5.372189e-06	1.233893e-09	3.821719e+01	8.393952e+01
3.840000e-06	5.367043e-06	1.287687e-09	3.818058e+01	8.398144e+01
3.850000e-06	5.361202e-06	1.300136e-09	3.813903e+01	8.403241e+01
3.860000e-06	5.355077e-06	1.238113e-09	3.809545e+01	8.409178e+01
3.870000e-06	5.348565e-06	1.212242e-09	3.804913e+01	8.415880e+01
3.880000e-06	5.341424e-06	1.246501e-09	3.799833e+01	8.423264e+01
3.890000e-06	5.333752e-06	1.276394e-09	3.794375e+01	8.431240e+01
3.900000e-06	5.325773e-06	1.227532e-09	3.788699e+01	8.439710e+01
3.910000e-06	5.317514e-06	1.256710e-09	3.782824e+01	8.448570e+01
3.920000e-06	5.308904e-06	1.272284e-09	3.776698e+01	8.457711e+01
3.930000e-06	5.300016e-06	1.250127e-09	3.770376e+01	8.467021e+01
3.940000e-06	5.290857e-06	1.201220e-09	3.763860e+01	8.476383e+01
3.950000e-06	5.281311e-06	1.263814e-09	3.757069e+01	8.485679e+01
3.960000e-06	5.271243e-06	1.291492e-09	3.749907e+01	8.494789e+01
3.970000e-06	5.260886e-06	1.265399e-09	3.742539e+01	8.503594e+01
3.980000e-06	5.250290e-06	1.286204e-09	3.735002e+01	8.511973e+01
3.990000e-06	5.239199e-06	1.365592e-09	3.727111e+01	8.519810e+01
4.000000e-06	5.227686e-06	1.359008e-09	3.718921e+01	8.526992e+01
4.010000e-06	5.215848e-06	1.288922e-09	3.710500e+01	8.533407e+01
4.020000e-06	5.203593e-06	1.304275e-09	3.701782e+01	8.538952e+01
4.030000e-06	5.190960e-06	1.343289e-09	3.692795e+01	8.543527e+01
4.040000e-06	5.178017e-06	1.294344e-09	3.683587e+01	8.547040e+01
4.050000e-06	5.164412e-06	1.251901e-09	3.673909e+01	8.549406e+01
4.060000e-06	5.149951e-06	1.298975e-09	3.663621e+01	8.550548e+01
4.070000e-06	5.134791e-06	1.321231e-09	3.652837e+01	8.550400e+01
4.080000e-06	5.119288e-06	1.289815e-09	3.641808e+01	8.548902e+01
4.090000e-06	5.103573e-06	1.275654e-09	3.630629e+01	8.546006e+01
4.100000e-06	5.087586e-06	1.286759e-09	3.619256e+01	8.541675e+01
4.110000e-06	5.071400e-06	1.264878e-09	3.607741e+01	8.535882e+01
4.120000e-06	5.054901e-06	1.272845e-09	3.596004e+01	8.528608e+01
4.130000e-06	5.038082e-06	1.270301e-09	3.584038e+01	8.519848e+01
4.140000e-06	5.020878e-06	1.258191e-09	3.571800e+01	8.509607e+01
4.150000e-06	5.003252e-06	1.256120e-09	3.559261e+01	8.497900e+01
4.160000e-06	4.985350e-06	1.293513e-09	3.546526e+01	8.484751e+01
4.170000e-06	4.967191e-06	1.282807e-09	3.533607e+01	8.470196e+01
4.180000e-06	4.948726e-06	1.261310e-09	3.520472e+01	8.454279e+01
4.190000e-06	4.929830e-06	1.255583e-09	3.507029e+01	8.437054e+01
4.200000e-06	4.910474e-06	1.268789e-09	3.493260e+01	8.418582e+01
4.210000e-06	4.890854e-06	1.258977e-09	3.479302e+01	8.398932e+01
4.220000e-06	4.871031e-06	1.252962e-09	3.465201e+01	8.378180e+01
4.230000e-06	4.850979e-06	1.242755e-09	3.450936e+01	8.356407e+01
4.240000e-06	4.830730e-06	1.252308e-09	3.436530e+01	8.333701e+01
4.250000e-06	4.810193e-06	1.259424e-09	3.421921e+01	8.310152e+01
4.260000e-06	4.789107e-06	1.248868e-09	3.406920e+01	8.285855e+01
4.270000e-06	4.767390e-06	1.234239e-09	3.391471e+01	8.260907e+01
4.280000e-06	4.745184e-06	1.244500e-09	3.375674e+01	8.235404e+01
4.290000e-06	4.722541e-06	1.246929e-09	3.359566e+01	8.209445e+01
4.300000e-06	4.699452e-06	1.231568e-09	3.343141e+01	8.183128e+01
4.310000e-06	4.675971e-06	1.218198e-09	3.326437e+01	8.156549e+01
4.320000e-06	4.652225e-06	1.212091e-09	3.309544e+01	8.129801e+01
4.330000e-06	4.628246e-06	1.208946e-09	3.292486e+01	8.102974e+01
4.340000e-06	4.604040e-06	1.204615e-09	3.275266e+01	8.076155e+01
4.350000e-06	4.579598e-06	1.194247e-09	3.257878e+01	8.049424e+01
4.360000e-06	4.554857e-06	1.185691e-09	3.240278e+01	8.022859e+01
4.370000e-06	4.529753e-06	1.193923e-09	3.222419e+01	7.996527e+01
4.380000e-06	4.504290e-06	1.194585e-09	3.204305e+01	7.970493e+01
4.390000e-06	4.478500e-06	1.182124e-09	3.185958e+01	7.944812e+01
4.400000e-06	4.452446e-06	1.166207e-09	3.167423e+01	7.919531e+01
4.410000e-06	4.426147e-06	1.165625e-09	3.148715e+01	7.894693e+01
4.420000e-06	4.399582e-06	1.163532e-09	3.129816e+01	7.870328e+01
4.430000e-06	4.372655e-06	1.158932e-09	3.110661e+01	7.846462e+01
4.440000e-06	4.345368e-06	1.150357e-09	3.091249e+01	7.823111e+01
4.450000e-06	4.317763e-06	1.156360e-09	3.071612e+01	7.800282e+01
4.460000e-06	4.289896e-06	1.160219e-09	3.051787e+01	7.777976e+01
4.470000e-06	4.261936e-06	1.156120e-09	3.031896e+01	7.756187e+01
4.480000e-06	4.233825e-06	1.143052e-09	3.011899e+01	7.734899e+01
4.490000e-06	4.205511e-06	1.144759e-09	2.991757e+01	7.714090e+01
4.500000e-06	4.176910e-06	1.147230e-09	2.971410e+01	7.693733e+01
4.510000e-06	4.147839e-06	1.144090e-09	2.950729e+01	7.673794e+01
4.520000e-06	4.118215e-06	1.131473e-09	2.929655e+01	7.654234e+01
4.530000e-06	4.087991e-06	1.130690e-09	2.908154e+01	7.635009e+01
4.540000e-06	4.057305e-06	1.136080e-09	2.886324e+01	7.616071e+01
4.550000e-06	4.026228e-06	1.136484e-09	2.864217e+01	7.597368e+01
4.560000e-06	3.994804e-06	1.126855e-09	2.841861e+01	7.578847e+01
4.570000e-06	3.963158e-06	1.120530e-09	2.819349e+01	7.560452e+01
4.580000e-06	3.931260e-06	1.118606e-09	2.796657e+01	7.542126e+01
4.590000e-06	3.899171e-06	1.117533e-09	2.773829e+01	7.523811e+01
4.600000e-06	3.866955e-06	1.110119e-09	2.750912e+01	7.505450e+01
4.610000e-06	3.834557e-06	1.101819e-09	2.727864e+01	7.486987e+01
4.620000e-06	3.801984e-06	1.099487e-09	2.704691e+01	7.468367e+01
4.630000e-06	3.769083e-06	1.100563e-09	2.681286e+01	7.449539e+01
4.640000e-06	3.735770e-06	1.097440e-09	2.657587e+01	7.430451e+01
4.650000e-06	3.702278e-06	1.089491e-09	2.633762e+01	7.411059e+01
4.660000e-06	3.668551e-06	1.085272e-09	2.609769e+01	7.391319e+01
4.670000e-06	3.634500e-06	1.083837e-09	2.585545e+01	7.371194e+01
4.680000e-06	3.600326e-06	1.082518e-09	2.561234e+01	7.350649e+01
4.690000e-06	3.566011e-06	1.075360e-09	2.536823e+01	7.329656e+01
4.700000e-06	3.531435e-06	1.070967e-09	2.512226e+01	7.308191e+01
4.710000e-06	3.496524e-06	1.068529e-09	2.487391e+01	7.286235e+01
4.720000e-06	3.461304e-06	1.066415e-09	2.462335e+01	7.263776e+01
4.730000e-06	3.425833e-06	1.058386e-09	2.437102e+01	7.240804e+01
4.740000e-06	3.390150e-06	1.052786e-09	2.411717e+01	7.217318e+01
4.750000e-06	3.354332e-06	1.049066e-09	2.386237e+01	7.193318e+01
4.760000e-06	3.318393e-06	1.048240e-09	2.360670e+01	7.168812e+01
4.770000e-06	3.282357e-06	1.043269e-09	2.335035e+01	7.143811e+01
4.780000e-06	3.246191e-06	1.036926e-09	2.309306e+01	7.118331e+01
4.790000e-06	3.209892e-06	1.032198e-09	2.283484e+01	7.092391e+01
4.800000e-06	3.173444e-06	1.032852e-09	2.257555e+01	7.066014e+01
4.810000e-06	3.136789e-06	1.028247e-09	2.231479e+01	7.039225e+01
4.820000e-06	3.099944e-06	1.019890e-09	2.205268e+01	7.012053e+01
4.830000e-06	3.062648e-06	1.012158e-09	2.178736e+01	6.984528e+01
4.840000e-06	3.024870e-06	1.010809e-09	2.151861e+01	6.956681e+01
4.850000e-06	2.986602e-06	1.008478e-09	2.124637e+01	6.928544e+01
4.860000e-06	2.947858e-06	1.003353e-09	2.097076e+01	6.900151e+01
4.870000e-06	2.908876e-06	9.982680e-10	2.069344e+01	6.871532e+01
4.880000e-06	2.869557e-06	9.958974e-10	2.041373e+01	6.842720e+01
4.890000e-06	2.829952e-06	9.915404e-10	2.013198e+01	6.813745e+01
4.900000e-06	2.790185e-06	9.853783e-10	1.984908e+01	6.784635e+01
4.910000e-06	2.750307e-06	9.812061e-10	1.956540e+01	6.755415e+01
4.920000e-06	2.710352e-06	9.794870e-10	1.928116e+01	6.726110e+01
4.930000e-06	2.670271e-06	9.802014e-10	1.899603e+01	6.696738e+01
4.940000e-06	2.630118e-06	9.802462e-10	1.871039e+01	6.667317e+01
4.950000e-06	2.589875e-06	9.778380e-10	1.842410e+01	6.637858e+01
4.960000e-06	2.549452e-06	9.736367e-10	1.813653e+01	6.608372e+01
4.970000e-06	2.508863e-06	9.706494e-10	1.784779e+01	6.578862e+01
4.980000e-06	2.468131e-06	9.670641e-10	1.755802e+01	6.549327e+01
4.990000e-06	2.427141e-06	9.631475e-10	1.726642e+01	6.519765e+01
5.000000e-06	2.385934e-06	9.578839e-10	1.697329e+01	6.490166e+01
5.010000e-06	2.344575e-06	9.506804e-10	1.667906e+01	6.460516e+01
5.020000e-06	2.303111e-06	9.430874e-10	1.638409e+01	6.430798e+01
5.030000e-06	2.261556e-06	9.411097e-10	1.608847e+01	6.400991e+01
5.040000e-06	2.219746e-06	9.389932e-10	1.579104e+01	6.371067e+01
5.050000e-06	2.177801e-06	9.371088e-10	1.549265e+01	6.340999e+01
5.060000e-06	2.135752e-06	9.338984e-10	1.519351e+01	6.310752e+01
5.070000e-06	2.093571e-06	9.302532e-10	1.489344e+01	6.280290e+01
5.080000e-06	2.051325e-06	9.240409e-10	1.459291e+01	6.249574e+01
5.090000e-06	2.008884e-06	9.153275e-10	1.429099e+01	6.218563e+01
5.100000e-06	1.966191e-06	9.079140e-10	1.398728e+01	6.187213e+01
5.110000e-06	1.923344e-06	9.033367e-10	1.368247e+01	6.155479e+01
5.120000e-06	1.880364e-06	9.006145e-10	1.337671e+01	6.123313e+01
5.130000e-06	1.837223e-06	8.979643e-10	1.306981e+01	6.090670e+01
5.140000e-06	1.793985e-06	8.935250e-10	1.276222e+01	6.057501e+01
5.150000e-06	1.750719e-06	8.888089e-10	1.245443e+01	6.023758e+01
5.160000e-06	1.707272e-06	8.834105e-10	1.214536e+01	5.989394e+01
5.170000e-06	1.663590e-06	8.757649e-10	1.183460e+01	5.954363e+01
5.180000e-06	1.619861e-06	8.673085e-10	1.152352e+01	5.918618e+01
5.190000e-06	1.576083e-06	8.577465e-10	1.121209e+01	5.882116e+01
5.200000e-06	1.532254e-06	8.472484e-10	1.090030e+01	5.844813e+01
5.210000e-06	1.488394e-06	8.390158e-10	1.058828e+01	5.806670e+01
5.220000e-06	1.444457e-06	8.327621e-10	1.027572e+01	5.767647e+01
5.230000e-06	1.400500e-06	8.276821e-10	9.963014e+00	5.727707e+01
5.240000e-06	1.356522e-06	8.226633e-10	9.650159e+00	5.686816e+01
5.250000e-06	1.312429e-06	8.198392e-10	9.336483e+00	5.644941e+01
5.260000e-06	1.268242e-06	8.164292e-10	9.022142e+00	5.602053e+01
5.270000e-06	1.224033e-06	8.087262e-10	8.707640e+00	5.558123e+01
5.280000e-06	1.179836e-06	7.987735e-10	8.393232e+00	5.513125e+01
5.290000e-06	1.135605e-06	7.889875e-10	8.078575e+00	5.467034e+01
5.300000e-06	1.091345e-06	7.794434e-10	7.763715e+00	5.419828e+01
5.310000e-06	1.047092e-06	7.709429e-10	7.448906e+00	5.371485e+01
5.320000e-06	1.002641e-06	7.634884e-10	7.132686e+00	5.321984e+01
5.330000e-06	9.580353e-07	7.584338e-10	6.815363e+00	5.271305e+01
5.340000e-06	9.133979e-07	7.560823e-10	6.497817e+00	5.219429e+01
5.350000e-06	8.687472e-07	7.503455e-10	6.180177e+00	5.166335e+01
5.360000e-06	8.239846e-07	7.392096e-10	5.861741e+00	5.112004e+01
5.370000e-06	7.791240e-07	7.262829e-10	5.542606e+00	5.056413e+01
5.380000e-06	7.342837e-07	7.140634e-10	5.223618e+00	4.999541e+01
5.390000e-06	6.894687e-07	7.042268e-10	4.904808e+00	4.941363e+01
5.400000e-06	6.446472e-07	6.956275e-10	4.585953e+00	4.881853e+01
5.410000e-06	5.997134e-07	6.866125e-10	4.266298e+00	4.820981e+01
5.420000e-06	5.546813e-07	6.778104e-10	3.945944e+00	4.758717e+01
5.430000e-06	5.096063e-07	6.700226e-10	3.625286e+00	4.695025e+01
5.440000e-06	4.644853e-07	6.614705e-10	3.304300e+00	4.629866e+01
5.450000e-06	4.194339e-07	6.490349e-10	2.983809e+00	4.563200e+01
5.460000e-06	3.743812e-07	6.368196e-10	2.663308e+00	4.494981e+01
5.470000e-06	3.291837e-07	6.271630e-10	2.341778e+00	4.425158e+01
5.480000e-06	2.837965e-07	6.194477e-10	2.018899e+00	4.353680e+01
5.490000e-06	2.383566e-07	6.096834e-10	1.695644e+00	4.280487e+01
5.500000e-06	1.929832e-07	5.984717e-10	1.372863e+00	4.205519e+01
5.510000e-06	1.475548e-07	5.874283e-10	1.049689e+00	4.128711e+01
5.520000e-06	1.022055e-07	5.774569e-10	7.270792e-01	4.049995e+01
5.530000e-06	5.685985e-08	5.670226e-10	4.044950e-01	3.969298e+01
5.540000e-06	1.158678e-08	5.559066e-10	8.242713e-02	3.886546e+01
5.550000e-06	-3.366171e-08	5.452764e-10	-2.394659e-01	3.801662e+01
5.560000e-06	-7.897105e-08	5.341748e-10	-5.617918e-01	3.714567e+01
5.570000e-06	-1.243670e-07	5.198441e-10	-8.847342e-01	3.625181e+01
5.580000e-06	-1.698391e-07	5.027171e-10	-1.208218e+00	3.533423e+01
5.590000e-06	-2.152709e-07	4.860378e-10	-1.531414e+00	3.439211e+01
5.600000e-06	-2.605785e-07	4.714634e-10	-1.853728e+00	3.342464e+01
5.610000e-06	-3.057028e-07	4.581809e-10	-2.174738e+00	3.243104e+01
5.620000e-06	-3.508770e-07	4.437691e-10	-2.496102e+00	3.141053e+01
5.630000e-06	-3.960484e-07	4.292527e-10	-2.817447e+00	3.036238e+01
5.640000e-06	-4.411963e-07	4.167852e-10	-3.138625e+00	2.928588e+01
5.650000e-06	-4.863796e-07	4.022438e-10	-3.460054e+00	2.818037e+01
5.660000e-06	-5.314099e-07	3.828726e-10	-3.780395e+00	2.704526e+01
5.670000e-06	-5.762934e-07	3.626232e-10	-4.099691e+00	2.588000e+01
5.680000e-06	-6.211629e-07	3.442176e-10	-4.418888e+00	2.468414e+01
5.690000e-06	-6.660221e-07	3.239121e-10	-4.738012e+00	2.345730e+01
5.700000e-06	-7.108278e-07	2.999262e-10	-5.056755e+00	2.219918e+01
5.710000e-06	-7.555434e-07	2.796899e-10	-5.374857e+00	2.090957e+01
5.720000e-06	-8.002024e-07	2.667133e-10	-5.692556e+00	1.958839e+01
5.730000e-06	-8.448259e-07	2.555929e-10	-6.010003e+00	1.823564e+01
5.740000e-06	-8.894149e-07	2.393032e-10	-6.327205e+00	1.685146e+01
5.750000e-06	-9.339483e-07	2.179016e-10	-6.644011e+00	1.543608e+01
5.760000e-06	-9.784238e-07	1.948047e-10	-6.960405e+00	1.398988e+01
5.770000e-06	-1.022828e-06	1.683309e-10	-7.276292e+00	1.251335e+01
5.780000e-06	-1.067152e-06	1.363633e-10	-7.591611e+00	1.100712e+01
5.790000e-06	-1.111395e-06	1.036826e-10	-7.906346e+00	9.471935e+00
5.800000e-06	-1.155594e-06	7.831321e-11	-8.220774e+00	7.908686e+00
5.810000e-06	-1.199777e-06	6.230973e-11	-8.535090e+00	6.318385e+00
5.820000e-06	-1.243869e-06	4.758325e-11	-8.848753e+00	4.702174e+00
5.830000e-06	-1.287891e-06	2.741328e-11	-9.161921e+00	3.061319e+00
5.840000e-06	-1.331910e-06	4.654996e-12	-9.475067e+00	1.397209e+00
5.850000e-06	-1.375917e-06	-1.722975e-11	-9.788133e+00	-2.886506e-01
5.860000e-06	-1.419885e-06	-4.329393e-11	-1.010091e+01	-1.994642e+00
5.870000e-06	-1.463816e-06	-7.627612e-11	-1.041343e+01	-3.719044e+00
5.880000e-06	-1.507656e-06	-1.124188e-10	-1.072531e+01	-5.460036e+00
5.890000e-06	-1.551332e-06	-1.415568e-10	-1.103601e+01	-7.215711e+00
5.900000e-06	-1.594919e-06	-1.639362e-10	-1.134609e+01	-8.984078e+00
5.910000e-06	-1.638530e-06	-1.866872e-10	-1.165633e+01	-1.076308e+01
5.920000e-06	-1.682081e-06	-2.113246e-10	-1.196615e+01	-1.255059e+01
5.930000e-06	-1.725519e-06	-2.344506e-10	-1.227516e+01	-1.434445e+01
5.940000e-06	-1.768853e-06	-2.581819e-10	-1.258344e+01	-1.614243e+01
5.950000e-06	-1.811964e-06	-2.867698e-10	-1.289013e+01	-1.794231e+01
5.960000e-06	-1.854893e-06	-3.202051e-10	-1.319551e+01	-1.974183e+01
5.970000e-06	-1.897620e-06	-3.548735e-10	-1.349947e+01	-2.153873e+01
5.980000e-06	-1.940258e-06	-3.870360e-10	-1.380280e+01	-2.333076e+01
5.990000e-06	-1.982800e-06	-4.169822e-10	-1.410543e+01	-2.511569e+01
6.000000e-06	-2.025164e-06	-4.456528e-10	-1.440681e+01	-2.689131e+01
6.010000e-06	-2.067440e-06	-4.705305e-10	-1.470755e+01	-2.865547e+01
6.020000e-06	-2.109541e-06	-4.924653e-10	-1.500706e+01	-3.040606e+01
6.030000e-06	-2.151510e-06	-5.177605e-10	-1.530562e+01	-3.214102e+01
6.040000e-06	-2.193390e-06	-5.454432e-10	-1.560355e+01	-3.385838e+01
6.050000e-06	-2.235098e-06	-5.746667e-10	-1.590026e+01	-3.555625e+01
6.060000e-06	-2.276647e-06	-6.053878e-10	-1.619583e+01	-3.723281e+01
6.070000e-06	-2.318022e-06	-6.348281e-10	-1.649017e+01	-3.888637e+01
6.080000e-06	-2.359176e-06	-6.576343e-10	-1.678293e+01	-4.051531e+01
6.090000e-06	-2.400130e-06	-6.756999e-10	-1.707428e+01	-4.211813e+01
6.100000e-06	-2.440940e-06	-6.960438e-10	-1.736460e+01	-4.369345e+01
6.110000e-06	-2.481583e-06	-7.222345e-10	-1.765372e+01	-4.524001e+01
6.120000e-06	-2.521991e-06	-7.490078e-10	-1.794118e+01	-4.675665e+01
6.130000e-06	-2.562241e-06	-7.712042e-10	-1.822752e+01	-4.824234e+01
6.140000e-06	-2.602400e-06	-7.893422e-10	-1.851320e+01	-4.969621e+01
6.150000e-06	-2.642536e-06	-8.106640e-10	-1.879873e+01	-5.111745e+01
6.160000e-06	-2.682587e-06	-8.343492e-10	-1.908364e+01	-5.250542e+01
6.170000e-06	-2.722568e-06	-8.542430e-10	-1.936807e+01	-5.385959e+01
6.180000e-06	-2.762417e-06	-8.687200e-10	-1.965155e+01	-5.517954e+01
6.190000e-06	-2.802116e-06	-8.832353e-10	-1.993396e+01	-5.646496e+01
6.200000e-06	-2.841668e-06	-9.013988e-10	-2.021533e+01	-5.771568e+01
6.210000e-06	-2.880986e-06	-9.183256e-10	-2.049503e+01	-5.893160e+01
6.220000e-06	-2.920113e-06	-9.327898e-10	-2.077338e+01	-6.011275e+01
6.230000e-06	-2.958879e-06	-9.476454e-10	-2.104915e+01	-6.125922e+01
6.240000e-06	-2.997254e-06	-9.647370e-10	-2.132215e+01	-6.237123e+01
6.250000e-06	-3.035209e-06	-9.836883e-10	-2.159216e+01	-6.344905e+01
6.260000e-06	-3.072753e-06	-9.999437e-10	-2.185924e+01	-6.449304e+01
6.270000e-06	-3.109963e-06	-1.012612e-09	-2.212395e+01	-6.550360e+01
6.280000e-06	-3.146782e-06	-1.027420e-09	-2.238588e+01	-6.648123e+01
6.290000e-06	-3.183317e-06	-1.043243e-09	-2.264578e+01	-6.742644e+01
6.300000e-06	-3.219690e-06	-1.056806e-09	-2.290454e+01	-6.833982e+01
6.310000e-06	-3.255907e-06	-1.067440e-09	-2.316218e+01	-6.922196e+01
6.320000e-06	-3.291957e-06	-1.078887e-09	-2.341864e+01	-7.007351e+01
6.330000e-06	-3.327885e-06	-1.093039e-09	-2.367423e+01	-7.089513e+01
6.340000e-06	-3.363697e-06	-1.108512e-09	-2.392899e+01	-7.168750e+01
6.350000e-06	-3.399340e-06	-1.122669e-09	-2.418255e+01	-7.245129e+01
6.360000e-06	-3.434726e-06	-1.135155e-09	-2.443428e+01	-7.318719e+01
6.370000e-06	-3.469883e-06	-1.144362e-09	-2.468438e+01	-7.389590e+01
6.380000e-06	-3.504789e-06	-1.148541e-09	-2.493270e+01	-7.457808e+01
6.390000e-06	-3.539368e-06	-1.151808e-09	-2.517869e+01	-7.523442e+01
6.400000e-06	-3.573691e-06	-1.158874e-09	-2.542286e+01	-7.586556e+01
6.410000e-06	-3.607760e-06	-1.171485e-09	-2.566523e+01	-7.647215e+01
6.420000e-06	-3.641629e-06	-1.186994e-09	-2.590617e+01	-7.705480e+01
6.430000e-06	-3.675352e-06	-1.198488e-09	-2.614607e+01	-7.761411e+01
6.440000e-06	-3.708809e-06	-1.204403e-09	-2.638408e+01	-7.815066e+01
6.450000e-06	-3.741925e-06	-1.208168e-09	-2.661966e+01	-7.866501e+01
6.460000e-06	-3.774731e-06	-1.211390e-09	-2.685304e+01	-7.915769e+01
6.470000e-06	-3.807286e-06	-1.215283e-09	-2.708463e+01	-7.962921e+01
6.480000e-06	-3.839625e-06	-1.222600e-09	-2.731469e+01	-8.008006e+01
6.490000e-06	-3.871815e-06	-1.234055e-09	-2.754369e+01	-8.051071e+01
6.500000e-06	-3.903842e-06	-1.247316e-09	-2.777152e+01	-8.092162e+01
6.510000e-06	-3.935613e-06	-1.258785e-09	-2.799754e+01	-8.131324e+01
6.520000e-06	-3.967164e-06	-1.266535e-09	-2.822199e+01	-8.168600e+01
6.530000e-06	-3.998454e-06	-1.271156e-09	-2.844458e+01	-8.204031e+01
6.540000e-06	-4.029462e-06	-1.273341e-09	-2.866517e+01	-8.237660e+01
6.550000e-06	-4.060053e-06	-1.275514e-09	-2.888279e+01	-8.269527e+01
6.560000e-06	-4.090112e-06	-1.278768e-09	-2.909663e+01	-8.299675e+01
6.570000e-06	-4.119555e-06	-1.284463e-09	-2.930608e+01	-8.328145e+01
6.580000e-06	-4.148427e-06	-1.292308e-09	-2.951147e+01	-8.354979e+01
6.590000e-06	-4.177026e-06	-1.297848e-09	-2.971492e+01	-8.380222e+01
6.600000e-06	-4.205388e-06	-1.301183e-09	-2.991669e+01	-8.403916e+01
6.610000e-06	-4.233508e-06	-1.304417e-09	-3.011673e+01	-8.426109e+01
6.620000e-06	-4.261509e-06	-1.306537e-09	-3.031593e+01	-8.446848e+01
6.630000e-06	-4.289402e-06	-1.308449e-09	-3.051436e+01	-8.466182e+01
6.640000e-06	-4.317046e-06	-1.309360e-09	-3.071102e+01	-8.484163e+01
6.650000e-06	-4.344354e-06	-1.310063e-09	-3.090528e+01	-8.500842e+01
6.660000e-06	-4.371337e-06	-1.313515e-09	-3.109723e+01	-8.516275e+01
6.670000e-06	-4.397986e-06	-1.318861e-09	-3.128681e+01	-8.530520e+01
6.680000e-06	-4.424303e-06	-1.322474e-09	-3.147403e+01	-8.543634e+01
6.690000e-06	-4.450361e-06	-1.324002e-09	-3.165940e+01	-8.555678e+01
6.700000e-06	-4.476117e-06	-1.326357e-09	-3.184262e+01	-8.566714e+01
6.710000e-06	-4.501442e-06	-1.329010e-09	-3.202279e+01	-8.576805e+01
6.720000e-06	-4.526348e-06	-1.330827e-09	-3.219997e+01	-8.586014e+01
6.730000e-06	-4.550939e-06	-1.331717e-09	-3.237490e+01	-8.594408e+01
6.740000e-06	-4.575266e-06	-1.332761e-09	-3.254796e+01	-8.602051e+01
6.750000e-06	-4.599413e-06	-1.335185e-09	-3.271974e+01	-8.609009e+01
6.760000e-06	-4.623484e-06	-1.337459e-09	-3.289098e+01	-8.615346e+01
6.770000e-06	-4.647402e-06	-1.340085e-09	-3.306113e+01	-8.621126e+01
6.780000e-06	-4.670996e-06	-1.342865e-09	-3.322897e+01	-8.626411e+01
6.790000e-06	-4.694201e-06	-1.344003e-09	-3.339406e+01	-8.631264e+01
6.800000e-06	-4.716849e-06	-1.343095e-09	-3.355517e+01	-8.635742e+01
6.810000e-06	-4.738997e-06	-1.341835e-09	-3.371273e+01	-8.639900e+01
6.820000e-06	-4.760711e-06	-1.341509e-09	-3.386720e+01	-8.643793e+01
6.830000e-06	-4.781715e-06	-1.342452e-09	-3.401662e+01	-8.647469e+01
6.840000e-06	-4.802229e-06	-1.343812e-09	-3.416256e+01	-8.650974e+01
6.850000e-06	-4.822593e-06	-1.345002e-09	-3.430742e+01	-8.654347e+01
6.860000e-06	-4.842749e-06	-1.346297e-09	-3.445081e+01	-8.657625e+01
6.870000e-06	-4.862696e-06	-1.346017e-09	-3.459271e+01	-8.660840e+01
6.880000e-06	-4.882397e-06	-1.345450e-09	-3.473286e+01	-8.664016e+01
6.890000e-06	-4.901686e-06	-1.345698e-09	-3.487008e+01	-8.667173e+01
6.900000e-06	-4.920634e-06	-1.347086e-09	-3.500487e+01	-8.670327e+01
6.910000e-06	-4.939275e-06	-1.349735e-09	-3.513748e+01	-8.673485e+01
6.920000e-06	-4.957588e-06	-1.353431e-09	-3.526776e+01	-8.676651e+01
6.930000e-06	-4.975637e-06	-1.355042e-09	-3.539616e+01	-8.679821e+01
6.940000e-06	-4.993397e-06	-1.354626e-09	-3.552250e+01	-8.682987e+01
6.950000e-06	-5.010890e-06	-1.355343e-09	-3.564694e+01	-8.686135e+01
6.960000e-06	-5.028076e-06	-1.354275e-09	-3.576921e+01	-8.689244e+01
6.970000e-06	-5.044799e-06	-1.350955e-09	-3.588817e+01	-8.692291e+01
6.980000e-06	-5.061134e-06	-1.346607e-09	-3.600438e+01	-8.695247e+01
6.990000e-06	-5.077231e-06	-1.345168e-09	-3.611889e+01	-8.698077e+01
7.000000e-06	-5.093125e-06	-1.349173e-09	-3.623196e+01	-8.700745e+01
7.010000e-06	-5.108832e-06	-1.351278e-09	-3.634369e+01	-8.703211e+01
7.020000e-06	-5.124054e-06	-1.348441e-09	-3.645198e+01	-8.705431e+01
7.030000e-06	-5.138581e-06	-1.345136e-09	-3.655532e+01	-8.707361e+01
7.040000e-06	-5.152527e-06	-1.343216e-09	-3.665454e+01	-8.708955e+01
7.050000e-06	-5.165936e-06	-1.340315e-09	-3.674993e+01	-8.710164e+01
7.060000e-06	-5.178771e-06	-1.336458e-09	-3.684124e+01	-8.710943e+01
7.070000e-06	-5.191274e-06	-1.334463e-09	-3.693018e+01	-8.711245e+01
7.080000e-06	-5.203496e-06	-1.336006e-09	-3.701713e+01	-8.711025e+01
7.090000e-06	-5.215325e-06	-1.339741e-09	-3.710127e+01	-8.710241e+01
7.100000e-06	-5.226794e-06	-1.340794e-09	-3.718287e+01	-8.708852e+01
7.110000e-06	-5.237790e-06	-1.339436e-09	-3.726109e+01	-8.706823e+01
7.120000e-06	-5.248373e-06	-1.338271e-09	-3.733637e+01	-8.704121e+01
7.130000e-06	-5.258614e-06	-1.338498e-09	-3.740923e+01	-8.700718e+01
7.140000e-06	-5.268555e-06	-1.339556e-09	-3.747995e+01	-8.696594e+01
7.150000e-06	-5.278160e-06	-1.338692e-09	-3.754828e+01	-8.691732e+01
7.160000e-06	-5.287240e-06	-1.334058e-09	-3.761287e+01	-8.686121e+01
7.170000e-06	-5.295889e-06	-1.327415e-09	-3.767440e+01	-8.679759e+01
7.180000e-06	-5.304284e-06	-1.321187e-09	-3.773412e+01	-8.672650e+01
7.190000e-06	-5.312475e-06	-1.317855e-09	-3.779239e+01	-8.664804e+01
7.200000e-06	-5.320499e-06	-1.319292e-09	-3.784948e+01	-8.656240e+01
7.210000e-06	-5.328269e-06	-1.324475e-09	-3.790475e+01	-8.646984e+01
7.220000e-06	-5.335637e-06	-1.329185e-09	-3.795716e+01	-8.637069e+01
7.230000e-06	-5.342524e-06	-1.331217e-09	-3.800616e+01	-8.626536e+01
7.240000e-06	-5.348913e-06	-1.328422e-09	-3.805161e+01	-8.615433e+01
7.250000e-06	-5.354713e-06	-1.319833e-09	-3.809287e+01	-8.603813e+01
7.260000e-06	-5.359818e-06	-1.309323e-09	-3.812919e+01	-8.591739e+01
7.270000e-06	-5.364351e-06	-1.302951e-09	-3.816143e+01	-8.579277e+01
7.280000e-06	-5.368582e-06	-1.303428e-09	-3.819153e+01	-8.566500e+01
7.290000e-06	-5.372624e-06	-1.308105e-09	-3.822029e+01	-8.553485e+01
7.300000e-06	-5.376465e-06	-1.312070e-09	-3.824761e+01	-8.540315e+01
7.310000e-06	-5.380017e-06	-1.314270e-09	-3.827288e+01	-8.527074e+01
7.320000e-06	-5.383201e-06	-1.314409e-09	-3.829553e+01	-8.513850e+01
7.330000e-06	-5.385994e-06	-1.311639e-09	-3.831540e+01	-8.500734e+01
7.340000e-06	-5.388418e-06	-1.306026e-09	-3.833264e+01	-8.487817e+01
7.350000e-06	-5.390533e-06	-1.299315e-09	-3.834769e+01	-8.475189e+01
7.360000e-06	-5.392370e-06	-1.296059e-09	-3.836076e+01	-8.462940e+01
7.370000e-06	-5.393795e-06	-1.294699e-09	-3.837089e+01	-8.451161e+01
7.380000e-06	-5.394750e-06	-1.296032e-09	-3.837768e+01	-8.439935e+01
7.390000e-06	-5.395326e-06	-1.300294e-09	-3.838179e+01	-8.429347e+01
7.400000e-06	-5.395614e-06	-1.301997e-09	-3.838383e+01	-8.419474e+01
