# Temperatura_=_-1.3
# Concentracion g/m^3_=_4090.0
# C_Vs_to_Am_M_A/Vsm_=_65563218390.804596
# pendiente_HvsI_1/m_=_3716.3
# ordenada_HvsI_A/m_=_1297.0
# frecuencia_Hz_=_135072.06943080356

Tiempo_(s)	Campo_(V.s)	Magnetizacion_(V.s)	Campo_(kA/m)	Magnetizacion_(A/m)
0.000000e+00	-5.393159e-06	-2.157243e-09	-3.839072e+01	-1.423956e+02
1.000000e-08	-5.393335e-06	-2.154011e-09	-3.839197e+01	-1.423009e+02
2.000000e-08	-5.393305e-06	-2.154583e-09	-3.839176e+01	-1.422119e+02
3.000000e-08	-5.393018e-06	-2.152279e-09	-3.838972e+01	-1.421294e+02
4.000000e-08	-5.392336e-06	-2.146986e-09	-3.838486e+01	-1.420539e+02
5.000000e-08	-5.391105e-06	-2.143733e-09	-3.837610e+01	-1.419859e+02
6.000000e-08	-5.389303e-06	-2.144614e-09	-3.836327e+01	-1.419261e+02
7.000000e-08	-5.386966e-06	-2.144772e-09	-3.834663e+01	-1.418748e+02
8.000000e-08	-5.384004e-06	-2.135019e-09	-3.832555e+01	-1.418325e+02
9.000000e-08	-5.380450e-06	-2.147381e-09	-3.830025e+01	-1.417993e+02
1.000000e-07	-5.376470e-06	-2.177840e-09	-3.827192e+01	-1.417754e+02
1.100000e-07	-5.372160e-06	-2.131624e-09	-3.824124e+01	-1.417611e+02
1.200000e-07	-5.367746e-06	-2.080846e-09	-3.820982e+01	-1.417563e+02
1.300000e-07	-5.363179e-06	-2.124010e-09	-3.817731e+01	-1.417609e+02
1.400000e-07	-5.358089e-06	-2.196996e-09	-3.814107e+01	-1.417749e+02
1.500000e-07	-5.352506e-06	-2.160815e-09	-3.810133e+01	-1.417978e+02
1.600000e-07	-5.346665e-06	-2.055278e-09	-3.805976e+01	-1.418294e+02
1.700000e-07	-5.340521e-06	-2.135051e-09	-3.801602e+01	-1.418692e+02
1.800000e-07	-5.333895e-06	-2.214112e-09	-3.796886e+01	-1.419167e+02
1.900000e-07	-5.326812e-06	-2.168267e-09	-3.791844e+01	-1.419713e+02
2.000000e-07	-5.319514e-06	-2.068148e-09	-3.786648e+01	-1.420322e+02
2.100000e-07	-5.312065e-06	-2.154896e-09	-3.781346e+01	-1.420987e+02
2.200000e-07	-5.304293e-06	-2.220932e-09	-3.775813e+01	-1.421698e+02
2.300000e-07	-5.296198e-06	-2.178201e-09	-3.770051e+01	-1.422448e+02
2.400000e-07	-5.287786e-06	-2.165632e-09	-3.764063e+01	-1.423225e+02
2.500000e-07	-5.278972e-06	-2.262777e-09	-3.757789e+01	-1.424019e+02
2.600000e-07	-5.269447e-06	-2.273853e-09	-3.751009e+01	-1.424820e+02
2.700000e-07	-5.259312e-06	-2.190450e-09	-3.743794e+01	-1.425616e+02
2.800000e-07	-5.248742e-06	-2.213491e-09	-3.736270e+01	-1.426397e+02
2.900000e-07	-5.237594e-06	-2.258005e-09	-3.728334e+01	-1.427149e+02
3.000000e-07	-5.225974e-06	-2.194338e-09	-3.720062e+01	-1.427862e+02
3.100000e-07	-5.213957e-06	-2.139737e-09	-3.711508e+01	-1.428524e+02
3.200000e-07	-5.201570e-06	-2.242333e-09	-3.702691e+01	-1.429123e+02
3.300000e-07	-5.188751e-06	-2.261109e-09	-3.693566e+01	-1.429649e+02
3.400000e-07	-5.175548e-06	-2.171050e-09	-3.684168e+01	-1.430089e+02
3.500000e-07	-5.162027e-06	-2.154884e-09	-3.674543e+01	-1.430435e+02
3.600000e-07	-5.148179e-06	-2.242088e-09	-3.664685e+01	-1.430674e+02
3.700000e-07	-5.134025e-06	-2.209900e-09	-3.654610e+01	-1.430800e+02
3.800000e-07	-5.119338e-06	-2.160425e-09	-3.644155e+01	-1.430801e+02
3.900000e-07	-5.103811e-06	-2.170496e-09	-3.633102e+01	-1.430671e+02
4.000000e-07	-5.087552e-06	-2.192160e-09	-3.621528e+01	-1.430403e+02
4.100000e-07	-5.070979e-06	-2.168292e-09	-3.609731e+01	-1.429990e+02
4.200000e-07	-5.054185e-06	-2.196187e-09	-3.597776e+01	-1.429426e+02
4.300000e-07	-5.037011e-06	-2.186564e-09	-3.585551e+01	-1.428709e+02
4.400000e-07	-5.019567e-06	-2.155317e-09	-3.573134e+01	-1.427833e+02
4.500000e-07	-5.001949e-06	-2.167860e-09	-3.560593e+01	-1.426797e+02
4.600000e-07	-4.984025e-06	-2.203731e-09	-3.547834e+01	-1.425600e+02
4.700000e-07	-4.965710e-06	-2.159468e-09	-3.534796e+01	-1.424242e+02
4.800000e-07	-4.946967e-06	-2.129274e-09	-3.521454e+01	-1.422722e+02
4.900000e-07	-4.927801e-06	-2.156193e-09	-3.507811e+01	-1.421044e+02
5.000000e-07	-4.908253e-06	-2.167931e-09	-3.493896e+01	-1.419210e+02
5.100000e-07	-4.888462e-06	-2.137886e-09	-3.479808e+01	-1.417224e+02
5.200000e-07	-4.868526e-06	-2.125136e-09	-3.465616e+01	-1.415091e+02
5.300000e-07	-4.848403e-06	-2.134821e-09	-3.451292e+01	-1.412816e+02
5.400000e-07	-4.828070e-06	-2.148664e-09	-3.436818e+01	-1.410405e+02
5.500000e-07	-4.807351e-06	-2.154847e-09	-3.422070e+01	-1.407867e+02
5.600000e-07	-4.786148e-06	-2.130140e-09	-3.406976e+01	-1.405208e+02
5.700000e-07	-4.764603e-06	-2.112524e-09	-3.391640e+01	-1.402437e+02
5.800000e-07	-4.742860e-06	-2.118791e-09	-3.376163e+01	-1.399564e+02
5.900000e-07	-4.720810e-06	-2.121298e-09	-3.360466e+01	-1.396596e+02
6.000000e-07	-4.698380e-06	-2.097317e-09	-3.344500e+01	-1.393544e+02
6.100000e-07	-4.675604e-06	-2.092253e-09	-3.328287e+01	-1.390417e+02
6.200000e-07	-4.652450e-06	-2.101708e-09	-3.311805e+01	-1.387226e+02
6.300000e-07	-4.628975e-06	-2.118803e-09	-3.295094e+01	-1.383980e+02
6.400000e-07	-4.605283e-06	-2.115652e-09	-3.278229e+01	-1.380688e+02
6.500000e-07	-4.581419e-06	-2.103440e-09	-3.261242e+01	-1.377361e+02
6.600000e-07	-4.557345e-06	-2.088699e-09	-3.244105e+01	-1.374007e+02
6.700000e-07	-4.533024e-06	-2.096544e-09	-3.226793e+01	-1.370636e+02
6.800000e-07	-4.508355e-06	-2.088926e-09	-3.209232e+01	-1.367257e+02
6.900000e-07	-4.483220e-06	-2.070160e-09	-3.191340e+01	-1.363876e+02
7.000000e-07	-4.457602e-06	-2.056636e-09	-3.173104e+01	-1.360501e+02
7.100000e-07	-4.431510e-06	-2.069045e-09	-3.154531e+01	-1.357139e+02
7.200000e-07	-4.404848e-06	-2.073002e-09	-3.135552e+01	-1.353796e+02
7.300000e-07	-4.377735e-06	-2.067948e-09	-3.116252e+01	-1.350478e+02
7.400000e-07	-4.350320e-06	-2.054530e-09	-3.096736e+01	-1.347188e+02
7.500000e-07	-4.322623e-06	-2.053744e-09	-3.077021e+01	-1.343930e+02
7.600000e-07	-4.294707e-06	-2.051760e-09	-3.057148e+01	-1.340707e+02
7.700000e-07	-4.266582e-06	-2.042123e-09	-3.037128e+01	-1.337520e+02
7.800000e-07	-4.238295e-06	-2.025021e-09	-3.016992e+01	-1.334372e+02
7.900000e-07	-4.209806e-06	-2.019589e-09	-2.996712e+01	-1.331261e+02
8.000000e-07	-4.180995e-06	-2.022540e-09	-2.976204e+01	-1.328188e+02
8.100000e-07	-4.151852e-06	-2.021862e-09	-2.955458e+01	-1.325151e+02
8.200000e-07	-4.122447e-06	-2.012985e-09	-2.934527e+01	-1.322148e+02
8.300000e-07	-4.092723e-06	-2.006352e-09	-2.913368e+01	-1.319175e+02
8.400000e-07	-4.062667e-06	-2.007460e-09	-2.891973e+01	-1.316229e+02
8.500000e-07	-4.032377e-06	-2.007300e-09	-2.870412e+01	-1.313307e+02
8.600000e-07	-4.001817e-06	-1.999401e-09	-2.848658e+01	-1.310403e+02
8.700000e-07	-3.970995e-06	-1.985670e-09	-2.826718e+01	-1.307512e+02
8.800000e-07	-3.939925e-06	-1.982549e-09	-2.804600e+01	-1.304628e+02
8.900000e-07	-3.908557e-06	-1.983338e-09	-2.782271e+01	-1.301746e+02
9.000000e-07	-3.876945e-06	-1.977518e-09	-2.759769e+01	-1.298860e+02
9.100000e-07	-3.845182e-06	-1.962089e-09	-2.737159e+01	-1.295962e+02
9.200000e-07	-3.813267e-06	-1.958115e-09	-2.714440e+01	-1.293047e+02
9.300000e-07	-3.781139e-06	-1.962134e-09	-2.691570e+01	-1.290108e+02
9.400000e-07	-3.748850e-06	-1.964531e-09	-2.668585e+01	-1.287139e+02
9.500000e-07	-3.716357e-06	-1.953915e-09	-2.645456e+01	-1.284133e+02
9.600000e-07	-3.683578e-06	-1.946727e-09	-2.622122e+01	-1.281085e+02
9.700000e-07	-3.650416e-06	-1.942561e-09	-2.598516e+01	-1.277988e+02
9.800000e-07	-3.616748e-06	-1.937916e-09	-2.574550e+01	-1.274838e+02
9.900000e-07	-3.582623e-06	-1.923293e-09	-2.550258e+01	-1.271630e+02
1.000000e-06	-3.548169e-06	-1.912482e-09	-2.525732e+01	-1.268359e+02
1.010000e-06	-3.513293e-06	-1.908528e-09	-2.500906e+01	-1.265021e+02
1.020000e-06	-3.477949e-06	-1.911176e-09	-2.475747e+01	-1.261613e+02
1.030000e-06	-3.442380e-06	-1.906597e-09	-2.450427e+01	-1.258132e+02
1.040000e-06	-3.406698e-06	-1.899520e-09	-2.425027e+01	-1.254576e+02
1.050000e-06	-3.370869e-06	-1.894080e-09	-2.399523e+01	-1.250944e+02
1.060000e-06	-3.334862e-06	-1.890874e-09	-2.373891e+01	-1.247234e+02
1.070000e-06	-3.298736e-06	-1.880587e-09	-2.348175e+01	-1.243446e+02
1.080000e-06	-3.262472e-06	-1.866575e-09	-2.322362e+01	-1.239581e+02
1.090000e-06	-3.226018e-06	-1.856046e-09	-2.296412e+01	-1.235640e+02
1.100000e-06	-3.189265e-06	-1.854625e-09	-2.270250e+01	-1.231624e+02
1.110000e-06	-3.152142e-06	-1.854466e-09	-2.243824e+01	-1.227535e+02
1.120000e-06	-3.114810e-06	-1.848302e-09	-2.217249e+01	-1.223375e+02
1.130000e-06	-3.077285e-06	-1.840182e-09	-2.190537e+01	-1.219149e+02
1.140000e-06	-3.039563e-06	-1.835178e-09	-2.163686e+01	-1.214859e+02
1.150000e-06	-3.001656e-06	-1.831140e-09	-2.136702e+01	-1.210509e+02
1.160000e-06	-2.963550e-06	-1.820978e-09	-2.109576e+01	-1.206104e+02
1.170000e-06	-2.925335e-06	-1.810703e-09	-2.082373e+01	-1.201647e+02
1.180000e-06	-2.886959e-06	-1.804891e-09	-2.055056e+01	-1.197143e+02
1.190000e-06	-2.848299e-06	-1.802335e-09	-2.027536e+01	-1.192596e+02
1.200000e-06	-2.809318e-06	-1.797986e-09	-1.999788e+01	-1.188012e+02
1.210000e-06	-2.770105e-06	-1.794303e-09	-1.971874e+01	-1.183394e+02
1.220000e-06	-2.730719e-06	-1.791804e-09	-1.943838e+01	-1.178747e+02
1.230000e-06	-2.691152e-06	-1.790077e-09	-1.915673e+01	-1.174076e+02
1.240000e-06	-2.651457e-06	-1.781182e-09	-1.887416e+01	-1.169383e+02
1.250000e-06	-2.611633e-06	-1.770527e-09	-1.859068e+01	-1.164674e+02
1.260000e-06	-2.571697e-06	-1.760238e-09	-1.830639e+01	-1.159950e+02
1.270000e-06	-2.531653e-06	-1.753938e-09	-1.802135e+01	-1.155215e+02
1.280000e-06	-2.491537e-06	-1.747292e-09	-1.773579e+01	-1.150471e+02
1.290000e-06	-2.451301e-06	-1.740543e-09	-1.744937e+01	-1.145720e+02
1.300000e-06	-2.410934e-06	-1.735199e-09	-1.716201e+01	-1.140962e+02
1.310000e-06	-2.370503e-06	-1.731238e-09	-1.687421e+01	-1.136200e+02
1.320000e-06	-2.329885e-06	-1.725213e-09	-1.658508e+01	-1.131432e+02
1.330000e-06	-2.288992e-06	-1.718257e-09	-1.629399e+01	-1.126657e+02
1.340000e-06	-2.247863e-06	-1.711917e-09	-1.600121e+01	-1.121876e+02
1.350000e-06	-2.206522e-06	-1.707986e-09	-1.570693e+01	-1.117085e+02
1.360000e-06	-2.164857e-06	-1.701437e-09	-1.541034e+01	-1.112283e+02
1.370000e-06	-2.122960e-06	-1.691769e-09	-1.511210e+01	-1.107466e+02
1.380000e-06	-2.080783e-06	-1.680945e-09	-1.481186e+01	-1.102630e+02
1.390000e-06	-2.038262e-06	-1.672462e-09	-1.450919e+01	-1.097771e+02
1.400000e-06	-1.995714e-06	-1.665034e-09	-1.420631e+01	-1.092885e+02
1.410000e-06	-1.953017e-06	-1.657346e-09	-1.390237e+01	-1.087965e+02
1.420000e-06	-1.909927e-06	-1.649326e-09	-1.359564e+01	-1.083006e+02
1.430000e-06	-1.866569e-06	-1.641945e-09	-1.328700e+01	-1.078003e+02
1.440000e-06	-1.823134e-06	-1.635410e-09	-1.297781e+01	-1.072947e+02
1.450000e-06	-1.779557e-06	-1.626164e-09	-1.266761e+01	-1.067833e+02
1.460000e-06	-1.735806e-06	-1.614387e-09	-1.235618e+01	-1.062653e+02
1.470000e-06	-1.692010e-06	-1.602161e-09	-1.204442e+01	-1.057401e+02
1.480000e-06	-1.648147e-06	-1.592962e-09	-1.173219e+01	-1.052068e+02
1.490000e-06	-1.604206e-06	-1.588575e-09	-1.141939e+01	-1.046648e+02
1.500000e-06	-1.560193e-06	-1.586438e-09	-1.110609e+01	-1.041132e+02
1.510000e-06	-1.516077e-06	-1.580758e-09	-1.079206e+01	-1.035514e+02
1.520000e-06	-1.471933e-06	-1.572296e-09	-1.047782e+01	-1.029786e+02
1.530000e-06	-1.427736e-06	-1.559433e-09	-1.016321e+01	-1.023940e+02
1.540000e-06	-1.383465e-06	-1.540260e-09	-9.848074e+00	-1.017971e+02
1.550000e-06	-1.339187e-06	-1.518916e-09	-9.532883e+00	-1.011871e+02
1.560000e-06	-1.294911e-06	-1.502183e-09	-9.217710e+00	-1.005633e+02
1.570000e-06	-1.250594e-06	-1.492628e-09	-8.902243e+00	-9.992527e+01
1.580000e-06	-1.206208e-06	-1.489757e-09	-8.586283e+00	-9.927226e+01
1.590000e-06	-1.161674e-06	-1.486798e-09	-8.269271e+00	-9.860378e+01
1.600000e-06	-1.117011e-06	-1.481686e-09	-7.951343e+00	-9.791929e+01
1.610000e-06	-1.072270e-06	-1.470601e-09	-7.632855e+00	-9.721832e+01
1.620000e-06	-1.027403e-06	-1.452321e-09	-7.313473e+00	-9.650042e+01
1.630000e-06	-9.824711e-07	-1.431987e-09	-6.993632e+00	-9.576517e+01
1.640000e-06	-9.374633e-07	-1.414601e-09	-6.673248e+00	-9.501219e+01
1.650000e-06	-8.923649e-07	-1.400697e-09	-6.352219e+00	-9.424111e+01
1.660000e-06	-8.471562e-07	-1.391053e-09	-6.030406e+00	-9.345161e+01
1.670000e-06	-8.018890e-07	-1.384468e-09	-5.708175e+00	-9.264337e+01
1.680000e-06	-7.565805e-07	-1.377502e-09	-5.385650e+00	-9.181610e+01
1.690000e-06	-7.112099e-07	-1.367419e-09	-5.062684e+00	-9.096952e+01
1.700000e-06	-6.657919e-07	-1.352335e-09	-4.739380e+00	-9.010335e+01
1.710000e-06	-6.203550e-07	-1.333759e-09	-4.415942e+00	-8.921732e+01
1.720000e-06	-5.749527e-07	-1.316790e-09	-4.092749e+00	-8.831116e+01
1.730000e-06	-5.295033e-07	-1.303736e-09	-3.769222e+00	-8.738457e+01
1.740000e-06	-4.840009e-07	-1.292368e-09	-3.445317e+00	-8.643726e+01
1.750000e-06	-4.384356e-07	-1.278997e-09	-3.120964e+00	-8.546891e+01
1.760000e-06	-3.927470e-07	-1.264944e-09	-2.795734e+00	-8.447917e+01
1.770000e-06	-3.470390e-07	-1.250876e-09	-2.470366e+00	-8.346765e+01
1.780000e-06	-3.013790e-07	-1.235373e-09	-2.145339e+00	-8.243393e+01
1.790000e-06	-2.556594e-07	-1.217723e-09	-1.819889e+00	-8.137757e+01
1.800000e-06	-2.098756e-07	-1.197341e-09	-1.493981e+00	-8.029803e+01
1.810000e-06	-1.641184e-07	-1.176207e-09	-1.168262e+00	-7.919478e+01
1.820000e-06	-1.184099e-07	-1.157385e-09	-8.428904e-01	-7.806720e+01
1.830000e-06	-7.268964e-08	-1.142089e-09	-5.174347e-01	-7.691461e+01
1.840000e-06	-2.695983e-08	-1.127182e-09	-1.919111e-01	-7.573630e+01
1.850000e-06	1.873879e-08	-1.111201e-09	1.333904e-01	-7.453149e+01
1.860000e-06	6.443798e-08	-1.094621e-09	4.586960e-01	-7.329932e+01
1.870000e-06	1.101699e-07	-1.076879e-09	7.842343e-01	-7.203892e+01
1.880000e-06	1.559596e-07	-1.057104e-09	1.110185e+00	-7.074932e+01
1.890000e-06	2.017775e-07	-1.035640e-09	1.436335e+00	-6.942953e+01
1.900000e-06	2.475715e-07	-1.010908e-09	1.762316e+00	-6.807849e+01
1.910000e-06	2.933406e-07	-9.848106e-10	2.088119e+00	-6.669511e+01
1.920000e-06	3.390401e-07	-9.590190e-10	2.413427e+00	-6.527826e+01
1.930000e-06	3.846029e-07	-9.356941e-10	2.737761e+00	-6.382678e+01
1.940000e-06	4.300972e-07	-9.144426e-10	3.061608e+00	-6.233949e+01
1.950000e-06	4.756386e-07	-8.928374e-10	3.385790e+00	-6.081520e+01
1.960000e-06	5.212290e-07	-8.719014e-10	3.710322e+00	-5.925270e+01
1.970000e-06	5.667845e-07	-8.524453e-10	4.034604e+00	-5.765080e+01
1.980000e-06	6.122286e-07	-8.282019e-10	4.358094e+00	-5.600832e+01
1.990000e-06	6.575379e-07	-7.968563e-10	4.680625e+00	-5.432411e+01
2.000000e-06	7.028572e-07	-7.637090e-10	5.003226e+00	-5.259706e+01
2.010000e-06	7.481759e-07	-7.340242e-10	5.325823e+00	-5.082611e+01
2.020000e-06	7.934658e-07	-7.067835e-10	5.648215e+00	-4.901025e+01
2.030000e-06	8.386307e-07	-6.783598e-10	5.969718e+00	-4.714857e+01
2.040000e-06	8.836533e-07	-6.487639e-10	6.290207e+00	-4.524022e+01
2.050000e-06	9.286667e-07	-6.209879e-10	6.610631e+00	-4.328446e+01
2.060000e-06	9.736390e-07	-5.949724e-10	6.930762e+00	-4.128067e+01
2.070000e-06	1.018537e-06	-5.645394e-10	7.250366e+00	-3.922835e+01
2.080000e-06	1.063279e-06	-5.288429e-10	7.568860e+00	-3.712710e+01
2.090000e-06	1.107876e-06	-4.918624e-10	7.886316e+00	-3.497672e+01
2.100000e-06	1.152418e-06	-4.565223e-10	8.203383e+00	-3.277711e+01
2.110000e-06	1.196894e-06	-4.208428e-10	8.519982e+00	-3.052836e+01
2.120000e-06	1.241260e-06	-3.812838e-10	8.835800e+00	-2.823071e+01
2.130000e-06	1.285605e-06	-3.412010e-10	9.151465e+00	-2.588461e+01
2.140000e-06	1.329945e-06	-3.093310e-10	9.467091e+00	-2.349064e+01
2.150000e-06	1.374213e-06	-2.811484e-10	9.782214e+00	-2.104961e+01
2.160000e-06	1.418415e-06	-2.491875e-10	1.009686e+01	-1.856250e+01
2.170000e-06	1.462558e-06	-2.123696e-10	1.041109e+01	-1.603048e+01
2.180000e-06	1.506643e-06	-1.744669e-10	1.072491e+01	-1.345492e+01
2.190000e-06	1.550710e-06	-1.342713e-10	1.103859e+01	-1.083736e+01
2.200000e-06	1.594737e-06	-8.825295e-11	1.135199e+01	-8.179546e+00
2.210000e-06	1.638654e-06	-4.158670e-11	1.166461e+01	-5.483414e+00
2.220000e-06	1.682525e-06	-8.504796e-13	1.197691e+01	-2.751069e+00
2.230000e-06	1.726388e-06	3.450486e-11	1.228914e+01	1.520916e-02
2.240000e-06	1.770129e-06	6.948594e-11	1.260051e+01	2.812970e+00
2.250000e-06	1.813746e-06	1.075587e-10	1.291098e+01	5.639609e+00
2.260000e-06	1.857276e-06	1.498970e-10	1.322085e+01	8.492369e+00
2.270000e-06	1.900691e-06	1.971098e-10	1.352990e+01	1.136836e+01
2.280000e-06	1.943860e-06	2.485010e-10	1.383719e+01	1.426456e+01
2.290000e-06	1.986824e-06	3.007385e-10	1.414303e+01	1.717785e+01
2.300000e-06	2.029716e-06	3.479257e-10	1.444835e+01	2.010499e+01
2.310000e-06	2.072297e-06	3.867459e-10	1.475146e+01	2.304268e+01
2.320000e-06	2.114452e-06	4.226354e-10	1.505154e+01	2.598753e+01
2.330000e-06	2.156313e-06	4.599246e-10	1.534952e+01	2.893611e+01
2.340000e-06	2.197922e-06	4.986752e-10	1.564571e+01	3.188494e+01
2.350000e-06	2.239262e-06	5.384408e-10	1.593999e+01	3.483054e+01
2.360000e-06	2.280224e-06	5.832083e-10	1.623157e+01	3.776941e+01
2.370000e-06	2.320841e-06	6.332491e-10	1.652070e+01	4.069805e+01
2.380000e-06	2.361303e-06	6.840674e-10	1.680872e+01	4.361302e+01
2.390000e-06	2.401633e-06	7.293889e-10	1.709581e+01	4.651090e+01
2.400000e-06	2.441861e-06	7.697410e-10	1.738217e+01	4.938833e+01
2.410000e-06	2.482028e-06	8.086942e-10	1.766810e+01	5.224204e+01
2.420000e-06	2.522127e-06	8.488623e-10	1.795353e+01	5.506883e+01
2.430000e-06	2.562159e-06	8.907482e-10	1.823850e+01	5.786561e+01
2.440000e-06	2.602092e-06	9.342512e-10	1.852276e+01	6.062941e+01
2.450000e-06	2.641971e-06	9.786616e-10	1.880663e+01	6.335738e+01
2.460000e-06	2.681780e-06	1.022860e-09	1.909001e+01	6.604681e+01
2.470000e-06	2.721412e-06	1.063182e-09	1.937212e+01	6.869516e+01
2.480000e-06	2.760729e-06	1.095659e-09	1.965200e+01	7.130001e+01
2.490000e-06	2.799827e-06	1.126552e-09	1.993031e+01	7.385912e+01
2.500000e-06	2.838789e-06	1.163541e-09	2.020766e+01	7.637044e+01
2.510000e-06	2.877489e-06	1.205255e-09	2.048315e+01	7.883208e+01
2.520000e-06	2.915858e-06	1.246121e-09	2.075628e+01	8.124232e+01
2.530000e-06	2.953987e-06	1.284860e-09	2.102769e+01	8.359965e+01
2.540000e-06	2.991966e-06	1.321719e-09	2.129804e+01	8.590273e+01
2.550000e-06	3.029812e-06	1.355107e-09	2.156744e+01	8.815041e+01
2.560000e-06	3.067570e-06	1.383708e-09	2.183622e+01	9.034171e+01
2.570000e-06	3.105154e-06	1.409089e-09	2.210376e+01	9.247586e+01
2.580000e-06	3.142501e-06	1.435071e-09	2.236961e+01	9.455224e+01
2.590000e-06	3.179556e-06	1.464355e-09	2.263338e+01	9.657044e+01
2.600000e-06	3.216242e-06	1.496899e-09	2.289453e+01	9.853020e+01
2.610000e-06	3.252621e-06	1.530039e-09	2.315349e+01	1.004314e+02
2.620000e-06	3.288870e-06	1.560587e-09	2.341153e+01	1.022742e+02
2.630000e-06	3.325034e-06	1.587760e-09	2.366896e+01	1.040586e+02
2.640000e-06	3.361089e-06	1.611018e-09	2.392561e+01	1.057852e+02
2.650000e-06	3.397066e-06	1.630890e-09	2.418171e+01	1.074544e+02
2.660000e-06	3.432932e-06	1.648172e-09	2.443702e+01	1.090668e+02
2.670000e-06	3.468613e-06	1.666231e-09	2.469101e+01	1.106232e+02
2.680000e-06	3.504012e-06	1.686938e-09	2.494300e+01	1.121243e+02
2.690000e-06	3.539053e-06	1.710283e-09	2.519243e+01	1.135711e+02
2.700000e-06	3.573646e-06	1.733915e-09	2.543868e+01	1.149647e+02
2.710000e-06	3.607687e-06	1.757413e-09	2.568099e+01	1.163062e+02
2.720000e-06	3.641255e-06	1.779136e-09	2.591995e+01	1.175966e+02
2.730000e-06	3.674451e-06	1.797545e-09	2.615625e+01	1.188372e+02
2.740000e-06	3.707236e-06	1.814474e-09	2.638963e+01	1.200294e+02
2.750000e-06	3.739744e-06	1.830382e-09	2.662103e+01	1.211743e+02
2.760000e-06	3.772083e-06	1.845599e-09	2.685124e+01	1.222733e+02
2.770000e-06	3.804222e-06	1.860876e-09	2.708001e+01	1.233279e+02
2.780000e-06	3.836209e-06	1.876296e-09	2.730771e+01	1.243393e+02
2.790000e-06	3.868078e-06	1.891573e-09	2.753457e+01	1.253089e+02
2.800000e-06	3.899764e-06	1.904797e-09	2.776012e+01	1.262381e+02
2.810000e-06	3.931197e-06	1.915273e-09	2.798387e+01	1.271283e+02
2.820000e-06	3.962364e-06	1.926337e-09	2.820574e+01	1.279808e+02
2.830000e-06	3.993131e-06	1.940206e-09	2.842475e+01	1.287970e+02
2.840000e-06	4.023518e-06	1.955545e-09	2.864105e+01	1.295782e+02
2.850000e-06	4.053691e-06	1.969190e-09	2.885583e+01	1.303257e+02
2.860000e-06	4.083675e-06	1.979358e-09	2.906928e+01	1.310408e+02
2.870000e-06	4.113451e-06	1.988098e-09	2.928123e+01	1.317247e+02
2.880000e-06	4.142942e-06	1.994767e-09	2.949116e+01	1.323786e+02
2.890000e-06	4.172158e-06	1.997306e-09	2.969913e+01	1.330037e+02
2.900000e-06	4.201121e-06	2.001840e-09	2.990530e+01	1.336011e+02
2.910000e-06	4.229725e-06	2.014220e-09	3.010892e+01	1.341720e+02
2.920000e-06	4.257996e-06	2.031549e-09	3.031016e+01	1.347174e+02
2.930000e-06	4.286102e-06	2.044909e-09	3.051023e+01	1.352384e+02
2.940000e-06	4.314136e-06	2.053215e-09	3.070979e+01	1.357360e+02
2.950000e-06	4.342070e-06	2.058801e-09	3.090864e+01	1.362111e+02
2.960000e-06	4.369817e-06	2.062130e-09	3.110615e+01	1.366647e+02
2.970000e-06	4.397201e-06	2.062540e-09	3.130108e+01	1.370977e+02
2.980000e-06	4.424069e-06	2.062379e-09	3.149234e+01	1.375110e+02
2.990000e-06	4.450437e-06	2.066840e-09	3.168004e+01	1.379055e+02
3.000000e-06	4.476216e-06	2.074828e-09	3.186354e+01	1.382819e+02
3.010000e-06	4.501346e-06	2.084030e-09	3.204242e+01	1.386410e+02
3.020000e-06	4.526020e-06	2.092116e-09	3.221807e+01	1.389837e+02
3.030000e-06	4.550396e-06	2.099786e-09	3.239159e+01	1.393107e+02
3.040000e-06	4.574566e-06	2.106846e-09	3.256364e+01	1.396227e+02
3.050000e-06	4.598573e-06	2.108999e-09	3.273453e+01	1.399203e+02
3.060000e-06	4.622281e-06	2.104829e-09	3.290329e+01	1.402044e+02
3.070000e-06	4.645637e-06	2.100333e-09	3.306955e+01	1.404754e+02
3.080000e-06	4.668726e-06	2.102314e-09	3.323391e+01	1.407342e+02
3.090000e-06	4.691472e-06	2.108230e-09	3.339582e+01	1.409811e+02
3.100000e-06	4.713918e-06	2.114909e-09	3.355560e+01	1.412170e+02
3.110000e-06	4.736105e-06	2.122889e-09	3.371354e+01	1.414422e+02
3.120000e-06	4.757937e-06	2.131036e-09	3.386895e+01	1.416573e+02
3.130000e-06	4.779487e-06	2.136125e-09	3.402235e+01	1.418629e+02
3.140000e-06	4.800705e-06	2.133876e-09	3.417339e+01	1.420594e+02
3.150000e-06	4.821479e-06	2.126997e-09	3.432127e+01	1.422473e+02
3.160000e-06	4.841919e-06	2.121637e-09	3.446676e+01	1.424270e+02
3.170000e-06	4.862153e-06	2.123040e-09	3.461080e+01	1.425989e+02
3.180000e-06	4.882214e-06	2.128944e-09	3.475361e+01	1.427633e+02
3.190000e-06	4.902105e-06	2.134089e-09	3.489519e+01	1.429205e+02
3.200000e-06	4.921803e-06	2.142537e-09	3.503542e+01	1.430710e+02
3.210000e-06	4.941138e-06	2.153083e-09	3.517305e+01	1.432149e+02
3.220000e-06	4.959950e-06	2.156370e-09	3.530696e+01	1.433524e+02
3.230000e-06	4.978310e-06	2.149968e-09	3.543765e+01	1.434838e+02
3.240000e-06	4.996233e-06	2.142436e-09	3.556523e+01	1.436092e+02
3.250000e-06	5.013825e-06	2.138321e-09	3.569047e+01	1.437288e+02
3.260000e-06	5.031239e-06	2.138211e-09	3.581442e+01	1.438425e+02
3.270000e-06	5.048362e-06	2.139954e-09	3.593632e+01	1.439506e+02
3.280000e-06	5.065105e-06	2.143362e-09	3.605550e+01	1.440529e+02
3.290000e-06	5.081526e-06	2.151136e-09	3.617239e+01	1.441495e+02
3.300000e-06	5.097543e-06	2.159350e-09	3.628640e+01	1.442403e+02
3.310000e-06	5.112940e-06	2.162804e-09	3.639600e+01	1.443253e+02
3.320000e-06	5.127808e-06	2.160792e-09	3.650184e+01	1.444044e+02
3.330000e-06	5.142334e-06	2.158254e-09	3.660524e+01	1.444775e+02
3.340000e-06	5.156553e-06	2.157252e-09	3.670646e+01	1.445444e+02
3.350000e-06	5.170457e-06	2.155950e-09	3.680543e+01	1.446049e+02
3.360000e-06	5.183987e-06	2.154304e-09	3.690175e+01	1.446590e+02
3.370000e-06	5.197096e-06	2.153934e-09	3.699506e+01	1.447064e+02
3.380000e-06	5.209762e-06	2.156363e-09	3.708523e+01	1.447469e+02
3.390000e-06	5.222042e-06	2.161141e-09	3.717264e+01	1.447805e+02
3.400000e-06	5.234000e-06	2.166303e-09	3.725776e+01	1.448069e+02
3.410000e-06	5.245631e-06	2.168307e-09	3.734056e+01	1.448259e+02
3.420000e-06	5.256799e-06	2.166016e-09	3.742005e+01	1.448375e+02
3.430000e-06	5.267433e-06	2.162738e-09	3.749575e+01	1.448415e+02
3.440000e-06	5.277412e-06	2.160810e-09	3.756678e+01	1.448378e+02
3.450000e-06	5.286729e-06	2.159745e-09	3.763311e+01	1.448263e+02
3.460000e-06	5.295542e-06	2.160195e-09	3.769584e+01	1.448070e+02
3.470000e-06	5.303950e-06	2.161382e-09	3.775569e+01	1.447799e+02
3.480000e-06	5.312107e-06	2.164182e-09	3.781376e+01	1.447450e+02
3.490000e-06	5.320077e-06	2.170116e-09	3.787049e+01	1.447025e+02
3.500000e-06	5.327819e-06	2.174753e-09	3.792560e+01	1.446524e+02
3.510000e-06	5.335168e-06	2.172374e-09	3.797791e+01	1.445950e+02
3.520000e-06	5.342012e-06	2.167673e-09	3.802663e+01	1.445304e+02
3.530000e-06	5.348484e-06	2.166841e-09	3.807270e+01	1.444589e+02
3.540000e-06	5.354654e-06	2.168182e-09	3.811662e+01	1.443809e+02
3.550000e-06	5.360513e-06	2.168691e-09	3.815833e+01	1.442968e+02
3.560000e-06	5.365982e-06	2.168660e-09	3.819726e+01	1.442070e+02
3.570000e-06	5.371037e-06	2.170779e-09	3.823325e+01	1.441120e+02
3.580000e-06	5.375742e-06	2.173599e-09	3.826673e+01	1.440123e+02
3.590000e-06	5.380134e-06	2.172416e-09	3.829800e+01	1.439086e+02
3.600000e-06	5.384331e-06	2.167633e-09	3.832788e+01	1.438014e+02
3.610000e-06	5.388341e-06	2.165201e-09	3.835642e+01	1.436914e+02
3.620000e-06	5.392004e-06	2.166229e-09	3.838249e+01	1.435794e+02
3.630000e-06	5.395185e-06	2.166373e-09	3.840514e+01	1.434661e+02
3.640000e-06	5.397808e-06	2.165495e-09	3.842381e+01	1.433522e+02
3.650000e-06	5.399783e-06	2.167835e-09	3.843787e+01	1.432385e+02
3.660000e-06	5.401147e-06	2.172408e-09	3.844758e+01	1.431258e+02
3.670000e-06	5.402062e-06	2.176918e-09	3.845409e+01	1.430150e+02
3.680000e-06	5.402628e-06	2.176300e-09	3.845812e+01	1.429067e+02
3.690000e-06	5.402884e-06	2.171507e-09	3.845995e+01	1.428019e+02
3.700000e-06	5.402892e-06	2.170091e-09	3.846000e+01	1.427012e+02
3.710000e-06	5.402613e-06	2.170584e-09	3.845802e+01	1.426054e+02
3.720000e-06	5.402016e-06	2.169606e-09	3.845377e+01	1.425153e+02
3.730000e-06	5.401034e-06	2.167504e-09	3.844678e+01	1.424314e+02
3.740000e-06	5.399642e-06	2.164923e-09	3.843687e+01	1.423545e+02
3.750000e-06	5.397935e-06	2.162702e-09	3.842472e+01	1.422851e+02
3.760000e-06	5.395923e-06	2.154622e-09	3.841040e+01	1.422237e+02
3.770000e-06	5.393629e-06	2.152212e-09	3.839406e+01	1.421708e+02
3.780000e-06	5.390915e-06	2.145359e-09	3.837474e+01	1.421268e+02
3.790000e-06	5.387642e-06	2.094977e-09	3.835144e+01	1.420918e+02
3.800000e-06	5.383956e-06	2.097967e-09	3.832521e+01	1.420663e+02
3.810000e-06	5.379963e-06	2.180592e-09	3.829678e+01	1.420502e+02
3.820000e-06	5.375816e-06	2.173854e-09	3.826726e+01	1.420436e+02
3.830000e-06	5.371635e-06	2.089314e-09	3.823750e+01	1.420465e+02
3.840000e-06	5.367076e-06	2.034493e-09	3.820505e+01	1.420587e+02
3.850000e-06	5.361677e-06	2.139213e-09	3.816662e+01	1.420800e+02
3.860000e-06	5.355608e-06	2.158371e-09	3.812341e+01	1.421100e+02
3.870000e-06	5.349353e-06	2.031184e-09	3.807889e+01	1.421483e+02
3.880000e-06	5.342734e-06	2.020528e-09	3.803177e+01	1.421944e+02
3.890000e-06	5.335409e-06	2.159712e-09	3.797963e+01	1.422477e+02
3.900000e-06	5.327631e-06	2.202688e-09	3.792427e+01	1.423074e+02
3.910000e-06	5.319662e-06	2.038101e-09	3.786754e+01	1.423728e+02
3.920000e-06	5.311491e-06	2.040189e-09	3.780937e+01	1.424431e+02
3.930000e-06	5.302892e-06	2.143793e-09	3.774816e+01	1.425173e+02
3.940000e-06	5.293862e-06	2.111067e-09	3.768388e+01	1.425944e+02
3.950000e-06	5.284563e-06	1.983132e-09	3.761769e+01	1.426735e+02
3.960000e-06	5.274936e-06	2.104513e-09	3.754916e+01	1.427534e+02
3.970000e-06	5.264946e-06	2.247119e-09	3.747805e+01	1.428330e+02
3.980000e-06	5.254604e-06	2.158596e-09	3.740443e+01	1.429112e+02
3.990000e-06	5.243846e-06	2.088818e-09	3.732784e+01	1.429868e+02
4.000000e-06	5.232597e-06	2.244341e-09	3.724777e+01	1.430586e+02
4.010000e-06	5.220933e-06	2.295758e-09	3.716475e+01	1.431256e+02
4.020000e-06	5.208978e-06	2.141974e-09	3.707964e+01	1.431864e+02
4.030000e-06	5.196632e-06	2.145012e-09	3.699176e+01	1.432401e+02
4.040000e-06	5.183820e-06	2.290171e-09	3.690056e+01	1.432855e+02
4.050000e-06	5.170576e-06	2.232918e-09	3.680628e+01	1.433215e+02
4.060000e-06	5.156771e-06	2.098901e-09	3.670801e+01	1.433471e+02
4.070000e-06	5.142158e-06	2.188343e-09	3.660399e+01	1.433615e+02
4.080000e-06	5.126829e-06	2.265890e-09	3.649487e+01	1.433636e+02
4.090000e-06	5.111267e-06	2.174790e-09	3.638410e+01	1.433526e+02
4.100000e-06	5.095588e-06	2.132743e-09	3.627248e+01	1.433280e+02
4.110000e-06	5.079561e-06	2.206226e-09	3.615840e+01	1.432889e+02
4.120000e-06	5.063240e-06	2.180381e-09	3.604222e+01	1.432350e+02
4.130000e-06	5.046672e-06	2.152546e-09	3.592428e+01	1.431656e+02
4.140000e-06	5.029700e-06	2.177069e-09	3.580347e+01	1.430805e+02
4.150000e-06	5.012289e-06	2.161280e-09	3.567953e+01	1.429794e+02
4.160000e-06	4.994530e-06	2.116528e-09	3.555311e+01	1.428622e+02
4.170000e-06	4.976485e-06	2.176803e-09	3.542466e+01	1.427289e+02
4.180000e-06	4.958168e-06	2.194765e-09	3.529427e+01	1.425795e+02
4.190000e-06	4.939576e-06	2.146601e-09	3.516193e+01	1.424141e+02
4.200000e-06	4.920578e-06	2.139971e-09	3.502669e+01	1.422331e+02
4.210000e-06	4.901219e-06	2.178820e-09	3.488889e+01	1.420368e+02
4.220000e-06	4.881587e-06	2.156887e-09	3.474914e+01	1.418257e+02
4.230000e-06	4.861714e-06	2.128413e-09	3.460768e+01	1.416004e+02
4.240000e-06	4.841656e-06	2.127585e-09	3.446489e+01	1.413614e+02
4.250000e-06	4.821358e-06	2.139901e-09	3.432041e+01	1.411094e+02
4.260000e-06	4.800715e-06	2.155520e-09	3.417346e+01	1.408453e+02
4.270000e-06	4.779687e-06	2.153167e-09	3.402377e+01	1.405699e+02
4.280000e-06	4.758094e-06	2.132093e-09	3.387006e+01	1.402840e+02
4.290000e-06	4.735872e-06	2.130233e-09	3.371188e+01	1.399885e+02
4.300000e-06	4.713116e-06	2.130578e-09	3.354989e+01	1.396845e+02
4.310000e-06	4.689840e-06	2.106418e-09	3.338421e+01	1.393728e+02
4.320000e-06	4.666204e-06	2.094536e-09	3.321595e+01	1.390545e+02
4.330000e-06	4.642351e-06	2.102233e-09	3.304616e+01	1.387305e+02
4.340000e-06	4.618332e-06	2.111582e-09	3.287518e+01	1.384019e+02
4.350000e-06	4.594107e-06	2.113851e-09	3.270274e+01	1.380695e+02
4.360000e-06	4.569570e-06	2.103659e-09	3.252808e+01	1.377344e+02
4.370000e-06	4.544640e-06	2.080678e-09	3.235061e+01	1.373973e+02
4.380000e-06	4.519410e-06	2.081248e-09	3.217101e+01	1.370593e+02
4.390000e-06	4.493949e-06	2.078367e-09	3.198978e+01	1.367210e+02
4.400000e-06	4.468168e-06	2.057971e-09	3.180625e+01	1.363832e+02
4.410000e-06	4.442048e-06	2.042095e-09	3.162032e+01	1.360466e+02
4.420000e-06	4.415664e-06	2.055668e-09	3.143251e+01	1.357117e+02
4.430000e-06	4.388970e-06	2.062096e-09	3.124249e+01	1.353793e+02
4.440000e-06	4.361875e-06	2.056934e-09	3.104961e+01	1.350496e+02
4.450000e-06	4.334476e-06	2.045105e-09	3.085458e+01	1.347231e+02
4.460000e-06	4.306855e-06	2.043963e-09	3.065796e+01	1.344000e+02
4.470000e-06	4.279069e-06	2.042488e-09	3.046017e+01	1.340805e+02
4.480000e-06	4.251104e-06	2.033836e-09	3.026110e+01	1.337649e+02
4.490000e-06	4.222906e-06	2.017238e-09	3.006038e+01	1.334530e+02
4.500000e-06	4.194443e-06	2.018267e-09	2.985777e+01	1.331449e+02
4.510000e-06	4.165680e-06	2.026385e-09	2.965302e+01	1.328404e+02
4.520000e-06	4.136554e-06	2.026602e-09	2.944569e+01	1.325394e+02
4.530000e-06	4.106845e-06	2.017599e-09	2.923421e+01	1.322414e+02
4.540000e-06	4.076613e-06	2.015757e-09	2.901900e+01	1.319463e+02
4.550000e-06	4.045912e-06	2.014385e-09	2.880047e+01	1.316535e+02
4.560000e-06	4.014776e-06	2.006006e-09	2.857883e+01	1.313627e+02
4.570000e-06	3.983339e-06	1.991285e-09	2.835504e+01	1.310732e+02
4.580000e-06	3.951677e-06	1.983587e-09	2.812966e+01	1.307846e+02
4.590000e-06	3.919837e-06	1.986082e-09	2.790301e+01	1.304962e+02
4.600000e-06	3.887778e-06	1.988837e-09	2.767480e+01	1.302075e+02
4.610000e-06	3.855569e-06	1.983769e-09	2.744552e+01	1.299178e+02
4.620000e-06	3.823175e-06	1.972378e-09	2.721493e+01	1.296264e+02
4.630000e-06	3.790512e-06	1.967158e-09	2.698242e+01	1.293328e+02
4.640000e-06	3.757582e-06	1.964933e-09	2.674801e+01	1.290362e+02
4.650000e-06	3.724352e-06	1.958419e-09	2.651147e+01	1.287361e+02
4.660000e-06	3.690807e-06	1.946330e-09	2.627268e+01	1.284319e+02
4.670000e-06	3.657001e-06	1.942505e-09	2.603203e+01	1.281229e+02
4.680000e-06	3.623011e-06	1.943506e-09	2.579008e+01	1.278087e+02
4.690000e-06	3.588840e-06	1.940794e-09	2.554684e+01	1.274887e+02
4.700000e-06	3.554448e-06	1.930267e-09	2.530202e+01	1.271625e+02
4.710000e-06	3.519803e-06	1.924486e-09	2.505540e+01	1.268296e+02
4.720000e-06	3.484849e-06	1.922166e-09	2.480659e+01	1.264899e+02
4.730000e-06	3.449605e-06	1.919662e-09	2.455570e+01	1.261428e+02
4.740000e-06	3.414186e-06	1.910320e-09	2.430357e+01	1.257883e+02
4.750000e-06	3.378620e-06	1.903359e-09	2.405040e+01	1.254262e+02
4.760000e-06	3.342861e-06	1.899753e-09	2.379585e+01	1.250563e+02
4.770000e-06	3.306923e-06	1.897109e-09	2.354004e+01	1.246787e+02
4.780000e-06	3.270820e-06	1.887698e-09	2.328304e+01	1.242933e+02
4.790000e-06	3.234568e-06	1.878349e-09	2.302498e+01	1.239002e+02
4.800000e-06	3.198175e-06	1.871689e-09	2.276593e+01	1.234996e+02
4.810000e-06	3.161481e-06	1.866946e-09	2.250472e+01	1.230918e+02
4.820000e-06	3.124424e-06	1.858490e-09	2.224093e+01	1.226768e+02
4.830000e-06	3.087063e-06	1.850101e-09	2.197498e+01	1.222551e+02
4.840000e-06	3.049374e-06	1.845024e-09	2.170670e+01	1.218270e+02
4.850000e-06	3.011339e-06	1.842006e-09	2.143595e+01	1.213928e+02
4.860000e-06	2.972872e-06	1.836660e-09	2.116212e+01	1.209529e+02
4.870000e-06	2.934009e-06	1.829595e-09	2.088548e+01	1.205079e+02
4.880000e-06	2.894891e-06	1.822595e-09	2.060702e+01	1.200581e+02
4.890000e-06	2.855566e-06	1.817127e-09	2.032709e+01	1.196039e+02
4.900000e-06	2.816004e-06	1.813001e-09	2.004547e+01	1.191459e+02
4.910000e-06	2.776271e-06	1.806555e-09	1.976263e+01	1.186845e+02
4.920000e-06	2.736446e-06	1.800772e-09	1.947915e+01	1.182201e+02
4.930000e-06	2.696503e-06	1.796292e-09	1.919482e+01	1.177531e+02
4.940000e-06	2.656488e-06	1.791227e-09	1.890997e+01	1.172840e+02
4.950000e-06	2.616329e-06	1.783589e-09	1.862411e+01	1.168131e+02
4.960000e-06	2.575988e-06	1.775032e-09	1.833694e+01	1.163408e+02
4.970000e-06	2.535543e-06	1.766313e-09	1.804903e+01	1.158673e+02
4.980000e-06	2.494922e-06	1.761417e-09	1.775988e+01	1.153929e+02
4.990000e-06	2.454094e-06	1.757258e-09	1.746925e+01	1.149177e+02
5.000000e-06	2.413104e-06	1.751831e-09	1.717747e+01	1.144418e+02
5.010000e-06	2.371896e-06	1.742953e-09	1.688413e+01	1.139655e+02
5.020000e-06	2.330499e-06	1.733703e-09	1.658945e+01	1.134886e+02
5.030000e-06	2.288968e-06	1.725321e-09	1.629382e+01	1.130111e+02
5.040000e-06	2.247301e-06	1.718913e-09	1.599721e+01	1.125329e+02
5.050000e-06	2.205518e-06	1.712402e-09	1.569978e+01	1.120539e+02
5.060000e-06	2.163562e-06	1.707674e-09	1.540113e+01	1.115737e+02
5.070000e-06	2.121395e-06	1.703370e-09	1.510096e+01	1.110920e+02
5.080000e-06	2.079117e-06	1.696218e-09	1.480001e+01	1.106086e+02
5.090000e-06	2.036783e-06	1.685624e-09	1.449865e+01	1.101230e+02
5.100000e-06	1.994275e-06	1.676326e-09	1.419607e+01	1.096346e+02
5.110000e-06	1.951546e-06	1.667885e-09	1.389190e+01	1.091431e+02
5.120000e-06	1.908622e-06	1.661100e-09	1.358635e+01	1.086477e+02
5.130000e-06	1.865629e-06	1.656642e-09	1.328031e+01	1.081480e+02
5.140000e-06	1.822577e-06	1.651200e-09	1.297385e+01	1.076432e+02
5.150000e-06	1.779363e-06	1.644987e-09	1.266623e+01	1.071326e+02
5.160000e-06	1.736028e-06	1.638185e-09	1.235776e+01	1.066156e+02
5.170000e-06	1.692560e-06	1.630050e-09	1.204834e+01	1.060915e+02
5.180000e-06	1.648976e-06	1.617582e-09	1.173809e+01	1.055594e+02
5.190000e-06	1.605297e-06	1.602925e-09	1.142716e+01	1.050187e+02
5.200000e-06	1.561519e-06	1.591066e-09	1.111553e+01	1.044686e+02
5.210000e-06	1.517657e-06	1.582300e-09	1.080331e+01	1.039083e+02
5.220000e-06	1.473729e-06	1.576800e-09	1.049061e+01	1.033372e+02
5.230000e-06	1.429813e-06	1.568372e-09	1.017799e+01	1.027545e+02
5.240000e-06	1.385849e-06	1.560161e-09	9.865039e+00	1.021595e+02
5.250000e-06	1.341799e-06	1.552546e-09	9.551479e+00	1.015516e+02
5.260000e-06	1.297741e-06	1.543693e-09	9.237855e+00	1.009300e+02
5.270000e-06	1.253613e-06	1.531898e-09	8.923728e+00	1.002941e+02
5.280000e-06	1.209367e-06	1.517728e-09	8.608767e+00	9.964349e+01
5.290000e-06	1.165078e-06	1.506396e-09	8.293501e+00	9.897744e+01
5.300000e-06	1.120812e-06	1.497972e-09	7.978402e+00	9.829548e+01
5.310000e-06	1.076526e-06	1.489286e-09	7.663156e+00	9.759712e+01
5.320000e-06	1.032117e-06	1.478136e-09	7.347030e+00	9.688189e+01
5.330000e-06	9.875414e-07	1.467993e-09	7.029725e+00	9.614938e+01
5.340000e-06	9.429111e-07	1.458618e-09	6.712028e+00	9.539920e+01
5.350000e-06	8.982871e-07	1.447804e-09	6.394376e+00	9.463099e+01
5.360000e-06	8.535493e-07	1.433647e-09	6.075914e+00	9.384440e+01
5.370000e-06	8.086943e-07	1.419197e-09	5.756618e+00	9.303913e+01
5.380000e-06	7.638443e-07	1.405784e-09	5.437357e+00	9.221487e+01
5.390000e-06	7.190344e-07	1.394585e-09	5.118382e+00	9.137135e+01
5.400000e-06	6.741175e-07	1.383473e-09	4.798645e+00	9.050829e+01
5.410000e-06	6.290652e-07	1.369784e-09	4.477944e+00	8.962541e+01
5.420000e-06	5.839574e-07	1.353020e-09	4.156848e+00	8.872245e+01
5.430000e-06	5.387880e-07	1.339056e-09	3.835314e+00	8.779911e+01
5.440000e-06	4.936249e-07	1.327313e-09	3.513825e+00	8.685510e+01
5.450000e-06	4.484197e-07	1.312806e-09	3.192035e+00	8.589011e+01
5.460000e-06	4.031843e-07	1.295427e-09	2.870032e+00	8.490378e+01
5.470000e-06	3.580199e-07	1.282060e-09	2.548533e+00	8.389574e+01
5.480000e-06	3.128503e-07	1.271390e-09	2.226997e+00	8.286558e+01
5.490000e-06	2.675616e-07	1.260349e-09	1.904613e+00	8.181284e+01
5.500000e-06	2.222283e-07	1.245344e-09	1.581912e+00	8.073703e+01
5.510000e-06	1.769925e-07	1.228806e-09	1.259905e+00	7.963759e+01
5.520000e-06	1.317372e-07	1.212509e-09	9.377597e-01	7.851393e+01
5.530000e-06	8.639475e-08	1.196440e-09	6.149933e-01	7.736538e+01
5.540000e-06	4.105331e-08	1.179348e-09	2.922343e-01	7.619124e+01
5.550000e-06	-4.235735e-09	1.159559e-09	-3.015170e-02	7.499072e+01
5.560000e-06	-4.949643e-08	1.141399e-09	-3.523359e-01	7.376300e+01
5.570000e-06	-9.472552e-08	1.125488e-09	-6.742952e-01	7.250719e+01
5.580000e-06	-1.399661e-07	1.111458e-09	-9.963362e-01	7.122235e+01
5.590000e-06	-1.852423e-07	1.096553e-09	-1.318631e+00	6.990748e+01
5.600000e-06	-2.305025e-07	1.079001e-09	-1.640811e+00	6.856155e+01
5.610000e-06	-2.757628e-07	1.058035e-09	-1.962992e+00	6.718346e+01
5.620000e-06	-3.210055e-07	1.034284e-09	-2.285049e+00	6.577209e+01
5.630000e-06	-3.661645e-07	1.006516e-09	-2.606509e+00	6.432629e+01
5.640000e-06	-4.112795e-07	9.783683e-10	-2.927656e+00	6.284488e+01
5.650000e-06	-4.563453e-07	9.536472e-10	-3.248453e+00	6.132666e+01
5.660000e-06	-5.013692e-07	9.333017e-10	-3.568952e+00	5.977043e+01
5.670000e-06	-5.463438e-07	9.137261e-10	-3.889099e+00	5.817500e+01
5.680000e-06	-5.912208e-07	8.931842e-10	-4.208552e+00	5.653919e+01
5.690000e-06	-6.360221e-07	8.705500e-10	-4.527466e+00	5.486184e+01
5.700000e-06	-6.807378e-07	8.417984e-10	-4.845771e+00	5.314183e+01
5.710000e-06	-7.253828e-07	8.078437e-10	-5.163573e+00	5.137809e+01
5.720000e-06	-7.700410e-07	7.767068e-10	-5.481467e+00	4.956960e+01
5.730000e-06	-8.147181e-07	7.504596e-10	-5.799498e+00	4.771544e+01
5.740000e-06	-8.592849e-07	7.272775e-10	-6.116743e+00	4.581474e+01
5.750000e-06	-9.037346e-07	7.045474e-10	-6.433154e+00	4.386676e+01
5.760000e-06	-9.481030e-07	6.800439e-10	-6.748987e+00	4.187084e+01
5.770000e-06	-9.924227e-07	6.515455e-10	-7.064472e+00	3.982645e+01
5.780000e-06	-1.036737e-06	6.175167e-10	-7.379918e+00	3.773321e+01
5.790000e-06	-1.081025e-06	5.770853e-10	-7.695178e+00	3.559084e+01
5.800000e-06	-1.125215e-06	5.342011e-10	-8.009741e+00	3.339926e+01
5.810000e-06	-1.169361e-06	4.980423e-10	-8.323989e+00	3.115851e+01
5.820000e-06	-1.213439e-06	4.686490e-10	-8.637754e+00	2.886881e+01
5.830000e-06	-1.257457e-06	4.396227e-10	-8.951095e+00	2.653057e+01
5.840000e-06	-1.301534e-06	4.084734e-10	-9.264854e+00	2.414435e+01
5.850000e-06	-1.345592e-06	3.760119e-10	-9.578475e+00	2.171093e+01
5.860000e-06	-1.389547e-06	3.394709e-10	-9.891367e+00	1.923125e+01
5.870000e-06	-1.433403e-06	2.979419e-10	-1.020355e+01	1.670644e+01
5.880000e-06	-1.477198e-06	2.539082e-10	-1.051530e+01	1.413785e+01
5.890000e-06	-1.520938e-06	2.108461e-10	-1.082666e+01	1.152700e+01
5.900000e-06	-1.564628e-06	1.711253e-10	-1.113766e+01	8.875592e+00
5.910000e-06	-1.608238e-06	1.342184e-10	-1.144810e+01	6.185529e+00
5.920000e-06	-1.651747e-06	9.722064e-11	-1.175781e+01	3.458888e+00
5.930000e-06	-1.695172e-06	5.768468e-11	-1.206693e+01	6.979233e-01
5.940000e-06	-1.738492e-06	1.564267e-11	-1.237530e+01	-2.094945e+00
5.950000e-06	-1.781588e-06	-2.775070e-11	-1.268207e+01	-4.917134e+00
5.960000e-06	-1.824522e-06	-7.308038e-11	-1.298770e+01	-7.765915e+00
5.970000e-06	-1.867390e-06	-1.196487e-10	-1.329285e+01	-1.063842e+01
5.980000e-06	-1.910124e-06	-1.650600e-10	-1.359705e+01	-1.353164e+01
5.990000e-06	-1.952707e-06	-2.100253e-10	-1.390017e+01	-1.644248e+01
6.000000e-06	-1.995132e-06	-2.566358e-10	-1.420217e+01	-1.936772e+01
6.010000e-06	-2.037427e-06	-3.048262e-10	-1.450324e+01	-2.230406e+01
6.020000e-06	-2.079610e-06	-3.532604e-10	-1.480352e+01	-2.524813e+01
6.030000e-06	-2.121731e-06	-3.980026e-10	-1.510335e+01	-2.819650e+01
6.040000e-06	-2.163747e-06	-4.418937e-10	-1.540244e+01	-3.114571e+01
6.050000e-06	-2.205539e-06	-4.896935e-10	-1.569993e+01	-3.409227e+01
6.060000e-06	-2.247190e-06	-5.393220e-10	-1.599642e+01	-3.703268e+01
6.070000e-06	-2.288693e-06	-5.868792e-10	-1.629185e+01	-3.996345e+01
6.080000e-06	-2.330005e-06	-6.328087e-10	-1.658593e+01	-4.288111e+01
6.090000e-06	-2.371097e-06	-6.785703e-10	-1.687844e+01	-4.578225e+01
6.100000e-06	-2.411948e-06	-7.230957e-10	-1.716924e+01	-4.866350e+01
6.110000e-06	-2.452592e-06	-7.681221e-10	-1.745856e+01	-5.152156e+01
6.120000e-06	-2.493027e-06	-8.147355e-10	-1.774639e+01	-5.435323e+01
6.130000e-06	-2.533350e-06	-8.608368e-10	-1.803342e+01	-5.715540e+01
6.140000e-06	-2.573596e-06	-9.028762e-10	-1.831991e+01	-5.992507e+01
6.150000e-06	-2.613750e-06	-9.430014e-10	-1.860575e+01	-6.265938e+01
6.160000e-06	-2.653800e-06	-9.843125e-10	-1.889084e+01	-6.535560e+01
6.170000e-06	-2.693755e-06	-1.026522e-09	-1.917525e+01	-6.801114e+01
6.180000e-06	-2.733634e-06	-1.068074e-09	-1.945913e+01	-7.062357e+01
6.190000e-06	-2.773397e-06	-1.107163e-09	-1.974218e+01	-7.319064e+01
6.200000e-06	-2.812972e-06	-1.146864e-09	-2.002389e+01	-7.571024e+01
6.210000e-06	-2.852355e-06	-1.184851e-09	-2.030424e+01	-7.818045e+01
6.220000e-06	-2.891552e-06	-1.217272e-09	-2.058325e+01	-8.059955e+01
6.230000e-06	-2.930569e-06	-1.247435e-09	-2.086100e+01	-8.296598e+01
6.240000e-06	-2.969216e-06	-1.282900e-09	-2.113610e+01	-8.527836e+01
6.250000e-06	-3.007416e-06	-1.324051e-09	-2.140802e+01	-8.753551e+01
6.260000e-06	-3.045282e-06	-1.363097e-09	-2.167757e+01	-8.973645e+01
6.270000e-06	-3.082702e-06	-1.397996e-09	-2.194394e+01	-9.188035e+01
6.280000e-06	-3.119723e-06	-1.430187e-09	-2.220747e+01	-9.396657e+01
6.290000e-06	-3.156467e-06	-1.462000e-09	-2.246903e+01	-9.599467e+01
6.300000e-06	-3.192891e-06	-1.491323e-09	-2.272831e+01	-9.796435e+01
6.310000e-06	-3.229102e-06	-1.516568e-09	-2.298607e+01	-9.987550e+01
6.320000e-06	-3.265180e-06	-1.543103e-09	-2.324289e+01	-1.017282e+02
6.330000e-06	-3.301168e-06	-1.576002e-09	-2.349907e+01	-1.035225e+02
6.340000e-06	-3.337090e-06	-1.609758e-09	-2.375478e+01	-1.052589e+02
6.350000e-06	-3.372891e-06	-1.638154e-09	-2.400963e+01	-1.069378e+02
6.360000e-06	-3.408482e-06	-1.660815e-09	-2.426298e+01	-1.085598e+02
6.370000e-06	-3.443812e-06	-1.679504e-09	-2.451446e+01	-1.101256e+02
6.380000e-06	-3.478906e-06	-1.696873e-09	-2.476428e+01	-1.116360e+02
6.390000e-06	-3.513708e-06	-1.713666e-09	-2.501201e+01	-1.130920e+02
6.400000e-06	-3.548198e-06	-1.731118e-09	-2.525753e+01	-1.144946e+02
6.410000e-06	-3.582446e-06	-1.754374e-09	-2.550132e+01	-1.158448e+02
6.420000e-06	-3.616491e-06	-1.781712e-09	-2.574366e+01	-1.171438e+02
6.430000e-06	-3.650315e-06	-1.807086e-09	-2.598444e+01	-1.183929e+02
6.440000e-06	-3.683914e-06	-1.827380e-09	-2.622361e+01	-1.195932e+02
6.450000e-06	-3.717290e-06	-1.843849e-09	-2.646120e+01	-1.207461e+02
6.460000e-06	-3.750330e-06	-1.858647e-09	-2.669639e+01	-1.218528e+02
6.470000e-06	-3.783031e-06	-1.871116e-09	-2.692916e+01	-1.229149e+02
6.480000e-06	-3.815427e-06	-1.883345e-09	-2.715978e+01	-1.239335e+02
6.490000e-06	-3.847579e-06	-1.899286e-09	-2.738865e+01	-1.249102e+02
6.500000e-06	-3.879618e-06	-1.918670e-09	-2.761672e+01	-1.258462e+02
6.510000e-06	-3.911539e-06	-1.936626e-09	-2.784394e+01	-1.267430e+02
6.520000e-06	-3.943269e-06	-1.951524e-09	-2.806981e+01	-1.276019e+02
6.530000e-06	-3.974757e-06	-1.964409e-09	-2.829395e+01	-1.284242e+02
6.540000e-06	-4.005869e-06	-1.977168e-09	-2.851542e+01	-1.292114e+02
6.550000e-06	-4.036607e-06	-1.988679e-09	-2.873422e+01	-1.299646e+02
6.560000e-06	-4.067032e-06	-1.998589e-09	-2.895080e+01	-1.306851e+02
6.570000e-06	-4.096915e-06	-2.007894e-09	-2.916352e+01	-1.313743e+02
6.580000e-06	-4.126241e-06	-2.018473e-09	-2.937228e+01	-1.320333e+02
6.590000e-06	-4.155150e-06	-2.029568e-09	-2.957806e+01	-1.326633e+02
6.600000e-06	-4.183671e-06	-2.038935e-09	-2.978109e+01	-1.332654e+02
6.610000e-06	-4.211895e-06	-2.046467e-09	-2.998200e+01	-1.338409e+02
6.620000e-06	-4.239959e-06	-2.055625e-09	-3.018177e+01	-1.343906e+02
6.630000e-06	-4.267892e-06	-2.066509e-09	-3.038061e+01	-1.349158e+02
6.640000e-06	-4.295613e-06	-2.076742e-09	-3.057794e+01	-1.354174e+02
6.650000e-06	-4.323031e-06	-2.084719e-09	-3.077311e+01	-1.358964e+02
6.660000e-06	-4.350120e-06	-2.090982e-09	-3.096594e+01	-1.363537e+02
6.670000e-06	-4.376958e-06	-2.097474e-09	-3.115698e+01	-1.367902e+02
6.680000e-06	-4.403537e-06	-2.102764e-09	-3.134619e+01	-1.372069e+02
6.690000e-06	-4.429750e-06	-2.106542e-09	-3.153278e+01	-1.376046e+02
6.700000e-06	-4.455657e-06	-2.110915e-09	-3.171719e+01	-1.379842e+02
6.710000e-06	-4.481312e-06	-2.117915e-09	-3.189982e+01	-1.383463e+02
6.720000e-06	-4.506631e-06	-2.126960e-09	-3.208005e+01	-1.386919e+02
6.730000e-06	-4.531503e-06	-2.136506e-09	-3.225710e+01	-1.390216e+02
6.740000e-06	-4.555945e-06	-2.145689e-09	-3.243109e+01	-1.393362e+02
6.750000e-06	-4.580198e-06	-2.152695e-09	-3.260373e+01	-1.396364e+02
6.760000e-06	-4.604317e-06	-2.156209e-09	-3.277542e+01	-1.399228e+02
6.770000e-06	-4.628259e-06	-2.157025e-09	-3.294584e+01	-1.401962e+02
6.780000e-06	-4.652068e-06	-2.158852e-09	-3.311533e+01	-1.404571e+02
6.790000e-06	-4.675586e-06	-2.163582e-09	-3.328274e+01	-1.407061e+02
6.800000e-06	-4.698718e-06	-2.167845e-09	-3.344741e+01	-1.409440e+02
6.810000e-06	-4.721434e-06	-2.170430e-09	-3.360911e+01	-1.411711e+02
6.820000e-06	-4.743555e-06	-2.171883e-09	-3.376657e+01	-1.413881e+02
6.830000e-06	-4.765024e-06	-2.173664e-09	-3.391939e+01	-1.415954e+02
6.840000e-06	-4.785931e-06	-2.177925e-09	-3.406822e+01	-1.417936e+02
6.850000e-06	-4.806437e-06	-2.184087e-09	-3.421419e+01	-1.419830e+02
6.860000e-06	-4.826696e-06	-2.190122e-09	-3.435840e+01	-1.421642e+02
6.870000e-06	-4.846745e-06	-2.195508e-09	-3.450112e+01	-1.423375e+02
6.880000e-06	-4.866623e-06	-2.198045e-09	-3.464262e+01	-1.425033e+02
6.890000e-06	-4.886247e-06	-2.195828e-09	-3.478231e+01	-1.426620e+02
6.900000e-06	-4.905518e-06	-2.191651e-09	-3.491949e+01	-1.428137e+02
6.910000e-06	-4.924386e-06	-2.191804e-09	-3.505380e+01	-1.429589e+02
6.920000e-06	-4.942847e-06	-2.196267e-09	-3.518521e+01	-1.430976e+02
6.930000e-06	-4.961005e-06	-2.201959e-09	-3.531447e+01	-1.432302e+02
6.940000e-06	-4.978942e-06	-2.208985e-09	-3.544215e+01	-1.433568e+02
6.950000e-06	-4.996629e-06	-2.216854e-09	-3.556805e+01	-1.434775e+02
6.960000e-06	-5.013880e-06	-2.223240e-09	-3.569085e+01	-1.435924e+02
6.970000e-06	-5.030732e-06	-2.223929e-09	-3.581081e+01	-1.437015e+02
6.980000e-06	-5.047243e-06	-2.217720e-09	-3.592835e+01	-1.438050e+02
6.990000e-06	-5.063471e-06	-2.208769e-09	-3.604386e+01	-1.439027e+02
7.000000e-06	-5.079503e-06	-2.202860e-09	-3.615799e+01	-1.439947e+02
7.010000e-06	-5.095310e-06	-2.202863e-09	-3.627051e+01	-1.440809e+02
7.020000e-06	-5.110772e-06	-2.207773e-09	-3.638058e+01	-1.441611e+02
7.030000e-06	-5.125817e-06	-2.214827e-09	-3.648767e+01	-1.442354e+02
7.040000e-06	-5.140332e-06	-2.221415e-09	-3.659099e+01	-1.443035e+02
7.050000e-06	-5.154198e-06	-2.223374e-09	-3.668970e+01	-1.443652e+02
7.060000e-06	-5.167453e-06	-2.218349e-09	-3.678405e+01	-1.444206e+02
7.070000e-06	-5.180126e-06	-2.208307e-09	-3.687426e+01	-1.444693e+02
7.080000e-06	-5.192360e-06	-2.199368e-09	-3.696135e+01	-1.445112e+02
7.090000e-06	-5.204286e-06	-2.196654e-09	-3.704624e+01	-1.445461e+02
7.100000e-06	-5.215893e-06	-2.200014e-09	-3.712887e+01	-1.445739e+02
7.110000e-06	-5.227106e-06	-2.205767e-09	-3.720869e+01	-1.445943e+02
7.120000e-06	-5.237898e-06	-2.211005e-09	-3.728551e+01	-1.446073e+02
7.130000e-06	-5.248329e-06	-2.214086e-09	-3.735976e+01	-1.446128e+02
7.140000e-06	-5.258439e-06	-2.212994e-09	-3.743172e+01	-1.446105e+02
7.150000e-06	-5.268223e-06	-2.208389e-09	-3.750137e+01	-1.446005e+02
7.160000e-06	-5.277683e-06	-2.202510e-09	-3.756871e+01	-1.445827e+02
7.170000e-06	-5.286790e-06	-2.196993e-09	-3.763354e+01	-1.445571e+02
7.180000e-06	-5.295465e-06	-2.193258e-09	-3.769530e+01	-1.445237e+02
7.190000e-06	-5.303805e-06	-2.192186e-09	-3.775466e+01	-1.444826e+02
7.200000e-06	-5.311959e-06	-2.193901e-09	-3.781271e+01	-1.444339e+02
7.210000e-06	-5.319907e-06	-2.196899e-09	-3.786928e+01	-1.443779e+02
7.220000e-06	-5.327607e-06	-2.198116e-09	-3.792409e+01	-1.443146e+02
7.230000e-06	-5.334990e-06	-2.196564e-09	-3.797665e+01	-1.442444e+02
7.240000e-06	-5.341827e-06	-2.194496e-09	-3.802531e+01	-1.441677e+02
7.250000e-06	-5.347970e-06	-2.192322e-09	-3.806904e+01	-1.440848e+02
7.260000e-06	-5.353444e-06	-2.188114e-09	-3.810801e+01	-1.439960e+02
7.270000e-06	-5.358333e-06	-2.184251e-09	-3.814281e+01	-1.439020e+02
7.280000e-06	-5.362819e-06	-2.183417e-09	-3.817475e+01	-1.438033e+02
7.290000e-06	-5.367019e-06	-2.184218e-09	-3.820464e+01	-1.437004e+02
7.300000e-06	-5.370995e-06	-2.182592e-09	-3.823295e+01	-1.435939e+02
7.310000e-06	-5.374738e-06	-2.178648e-09	-3.825959e+01	-1.434845e+02
7.320000e-06	-5.378157e-06	-2.176702e-09	-3.828393e+01	-1.433730e+02
7.330000e-06	-5.381216e-06	-2.176479e-09	-3.830570e+01	-1.432600e+02
7.340000e-06	-5.383917e-06	-2.175545e-09	-3.832493e+01	-1.431463e+02
7.350000e-06	-5.386271e-06	-2.173739e-09	-3.834169e+01	-1.430327e+02
7.360000e-06	-5.388359e-06	-2.172041e-09	-3.835655e+01	-1.429200e+02
7.370000e-06	-5.390199e-06	-2.168864e-09	-3.836965e+01	-1.428090e+02
7.380000e-06	-5.391545e-06	-2.164678e-09	-3.837923e+01	-1.427004e+02
7.390000e-06	-5.392381e-06	-2.161727e-09	-3.838518e+01	-1.425951e+02
7.400000e-06	-5.392868e-06	-2.159827e-09	-3.838865e+01	-1.424938e+02
