# Temperatura_=_-9.49
# Concentracion g/m^3_=_4090.0
# C_Vs_to_Am_M_A/Vsm_=_65563218390.804596
# pendiente_HvsI_1/m_=_3716.3
# ordenada_HvsI_A/m_=_1297.0
# frecuencia_Hz_=_135074.58921196053

Tiempo_(s)	Campo_(V.s)	Magnetizacion_(V.s)	Campo_(kA/m)	Magnetizacion_(A/m)
0.000000e+00	-5.420521e-06	-1.430665e-09	-3.838702e+01	-9.458745e+01
1.000000e-08	-5.420653e-06	-1.428598e-09	-3.838796e+01	-9.455415e+01
2.000000e-08	-5.420612e-06	-1.426265e-09	-3.838767e+01	-9.451863e+01
3.000000e-08	-5.420174e-06	-1.421871e-09	-3.838457e+01	-9.448116e+01
4.000000e-08	-5.419189e-06	-1.418602e-09	-3.837759e+01	-9.444199e+01
5.000000e-08	-5.417544e-06	-1.417436e-09	-3.836594e+01	-9.440134e+01
6.000000e-08	-5.415236e-06	-1.419439e-09	-3.834960e+01	-9.435941e+01
7.000000e-08	-5.412351e-06	-1.431287e-09	-3.832917e+01	-9.431641e+01
8.000000e-08	-5.408949e-06	-1.429225e-09	-3.830508e+01	-9.427250e+01
9.000000e-08	-5.405071e-06	-1.411215e-09	-3.827761e+01	-9.422783e+01
1.000000e-07	-5.400862e-06	-1.426109e-09	-3.824780e+01	-9.418253e+01
1.100000e-07	-5.396504e-06	-1.463108e-09	-3.821694e+01	-9.413670e+01
1.200000e-07	-5.392005e-06	-1.414289e-09	-3.818508e+01	-9.409044e+01
1.300000e-07	-5.387220e-06	-1.402450e-09	-3.815119e+01	-9.404381e+01
1.400000e-07	-5.381910e-06	-1.421846e-09	-3.811359e+01	-9.399684e+01
1.500000e-07	-5.376103e-06	-1.486117e-09	-3.807247e+01	-9.394955e+01
1.600000e-07	-5.369980e-06	-1.409650e-09	-3.802910e+01	-9.390195e+01
1.700000e-07	-5.363573e-06	-1.351143e-09	-3.798373e+01	-9.385400e+01
1.800000e-07	-5.356680e-06	-1.396976e-09	-3.793492e+01	-9.380566e+01
1.900000e-07	-5.349378e-06	-1.442355e-09	-3.788320e+01	-9.375686e+01
2.000000e-07	-5.341942e-06	-1.398605e-09	-3.783055e+01	-9.370753e+01
2.100000e-07	-5.334374e-06	-1.345637e-09	-3.777695e+01	-9.365756e+01
2.200000e-07	-5.326532e-06	-1.407373e-09	-3.772142e+01	-9.360683e+01
2.300000e-07	-5.318428e-06	-1.424462e-09	-3.766402e+01	-9.355522e+01
2.400000e-07	-5.309791e-06	-1.398134e-09	-3.760286e+01	-9.350257e+01
2.500000e-07	-5.300350e-06	-1.394739e-09	-3.753600e+01	-9.344872e+01
2.600000e-07	-5.290181e-06	-1.461637e-09	-3.746399e+01	-9.339352e+01
2.700000e-07	-5.279363e-06	-1.428619e-09	-3.738737e+01	-9.333677e+01
2.800000e-07	-5.268109e-06	-1.378820e-09	-3.730767e+01	-9.327830e+01
2.900000e-07	-5.256535e-06	-1.390539e-09	-3.722571e+01	-9.321791e+01
3.000000e-07	-5.244745e-06	-1.425662e-09	-3.714221e+01	-9.315541e+01
3.100000e-07	-5.232550e-06	-1.363851e-09	-3.705585e+01	-9.309060e+01
3.200000e-07	-5.219836e-06	-1.373177e-09	-3.696581e+01	-9.302329e+01
3.300000e-07	-5.206673e-06	-1.429692e-09	-3.687260e+01	-9.295326e+01
3.400000e-07	-5.193251e-06	-1.433342e-09	-3.677755e+01	-9.288034e+01
3.500000e-07	-5.179463e-06	-1.381527e-09	-3.667990e+01	-9.280432e+01
3.600000e-07	-5.165288e-06	-1.407539e-09	-3.657952e+01	-9.272502e+01
3.700000e-07	-5.150712e-06	-1.407637e-09	-3.647630e+01	-9.264226e+01
3.800000e-07	-5.135377e-06	-1.371474e-09	-3.636770e+01	-9.255587e+01
3.900000e-07	-5.119480e-06	-1.370791e-09	-3.625511e+01	-9.246567e+01
4.000000e-07	-5.103166e-06	-1.401938e-09	-3.613958e+01	-9.237152e+01
4.100000e-07	-5.086429e-06	-1.387769e-09	-3.602105e+01	-9.227328e+01
4.200000e-07	-5.069431e-06	-1.388281e-09	-3.590068e+01	-9.217080e+01
4.300000e-07	-5.052113e-06	-1.423266e-09	-3.577804e+01	-9.206398e+01
4.400000e-07	-5.034444e-06	-1.409916e-09	-3.565291e+01	-9.195269e+01
4.500000e-07	-5.016400e-06	-1.380016e-09	-3.552512e+01	-9.183686e+01
4.600000e-07	-4.997942e-06	-1.380978e-09	-3.539441e+01	-9.171639e+01
4.700000e-07	-4.979124e-06	-1.392509e-09	-3.526114e+01	-9.159122e+01
4.800000e-07	-4.959983e-06	-1.369296e-09	-3.512559e+01	-9.146129e+01
4.900000e-07	-4.940588e-06	-1.370796e-09	-3.498824e+01	-9.132657e+01
5.000000e-07	-4.920978e-06	-1.371678e-09	-3.484936e+01	-9.118704e+01
5.100000e-07	-4.901161e-06	-1.377823e-09	-3.470902e+01	-9.104266e+01
5.200000e-07	-4.881152e-06	-1.373484e-09	-3.456733e+01	-9.089346e+01
5.300000e-07	-4.860927e-06	-1.374108e-09	-3.442409e+01	-9.073943e+01
5.400000e-07	-4.840316e-06	-1.359599e-09	-3.427813e+01	-9.058061e+01
5.500000e-07	-4.819203e-06	-1.372447e-09	-3.412861e+01	-9.041703e+01
5.600000e-07	-4.797742e-06	-1.369511e-09	-3.397663e+01	-9.024874e+01
5.700000e-07	-4.776017e-06	-1.357332e-09	-3.382278e+01	-9.007579e+01
5.800000e-07	-4.753920e-06	-1.341515e-09	-3.366629e+01	-8.989825e+01
5.900000e-07	-4.731485e-06	-1.346070e-09	-3.350741e+01	-8.971621e+01
6.000000e-07	-4.708756e-06	-1.340818e-09	-3.334645e+01	-8.952973e+01
6.100000e-07	-4.685654e-06	-1.346924e-09	-3.318285e+01	-8.933892e+01
6.200000e-07	-4.662254e-06	-1.343159e-09	-3.301713e+01	-8.914387e+01
6.300000e-07	-4.638682e-06	-1.343608e-09	-3.285020e+01	-8.894467e+01
6.400000e-07	-4.614931e-06	-1.350511e-09	-3.268200e+01	-8.874144e+01
6.500000e-07	-4.590983e-06	-1.353911e-09	-3.251241e+01	-8.853428e+01
6.600000e-07	-4.566754e-06	-1.333144e-09	-3.234082e+01	-8.832331e+01
6.700000e-07	-4.542053e-06	-1.322284e-09	-3.216589e+01	-8.810864e+01
6.800000e-07	-4.516727e-06	-1.323584e-09	-3.198654e+01	-8.789039e+01
6.900000e-07	-4.490841e-06	-1.318035e-09	-3.180322e+01	-8.766866e+01
7.000000e-07	-4.464474e-06	-1.307450e-09	-3.161649e+01	-8.744357e+01
7.100000e-07	-4.437625e-06	-1.307691e-09	-3.142636e+01	-8.721523e+01
7.200000e-07	-4.410378e-06	-1.317015e-09	-3.123340e+01	-8.698376e+01
7.300000e-07	-4.382864e-06	-1.322473e-09	-3.103855e+01	-8.674925e+01
7.400000e-07	-4.355204e-06	-1.319277e-09	-3.084267e+01	-8.651182e+01
7.500000e-07	-4.327432e-06	-1.304613e-09	-3.064599e+01	-8.627155e+01
7.600000e-07	-4.299444e-06	-1.300823e-09	-3.044779e+01	-8.602855e+01
7.700000e-07	-4.271128e-06	-1.300317e-09	-3.024726e+01	-8.578291e+01
7.800000e-07	-4.242504e-06	-1.294127e-09	-3.004455e+01	-8.553470e+01
7.900000e-07	-4.213648e-06	-1.280016e-09	-2.984019e+01	-8.528401e+01
8.000000e-07	-4.184551e-06	-1.281709e-09	-2.963414e+01	-8.503090e+01
8.100000e-07	-4.155109e-06	-1.282264e-09	-2.942564e+01	-8.477545e+01
8.200000e-07	-4.125316e-06	-1.282497e-09	-2.921465e+01	-8.451771e+01
8.300000e-07	-4.095308e-06	-1.273487e-09	-2.900214e+01	-8.425773e+01
8.400000e-07	-4.065102e-06	-1.270976e-09	-2.878822e+01	-8.399555e+01
8.500000e-07	-4.034508e-06	-1.272794e-09	-2.857157e+01	-8.373122e+01
8.600000e-07	-4.003618e-06	-1.279170e-09	-2.835281e+01	-8.346476e+01
8.700000e-07	-3.972573e-06	-1.272329e-09	-2.813295e+01	-8.319619e+01
8.800000e-07	-3.941277e-06	-1.265039e-09	-2.791132e+01	-8.292553e+01
8.900000e-07	-3.909802e-06	-1.259286e-09	-2.768842e+01	-8.265279e+01
9.000000e-07	-3.878174e-06	-1.256716e-09	-2.746444e+01	-8.237796e+01
9.100000e-07	-3.846273e-06	-1.246090e-09	-2.723852e+01	-8.210103e+01
9.200000e-07	-3.814114e-06	-1.239661e-09	-2.701078e+01	-8.182200e+01
9.300000e-07	-3.781716e-06	-1.242616e-09	-2.678134e+01	-8.154084e+01
9.400000e-07	-3.748949e-06	-1.255504e-09	-2.654929e+01	-8.125751e+01
9.500000e-07	-3.715814e-06	-1.259846e-09	-2.631463e+01	-8.097199e+01
9.600000e-07	-3.682292e-06	-1.254530e-09	-2.607724e+01	-8.068423e+01
9.700000e-07	-3.648291e-06	-1.242815e-09	-2.583645e+01	-8.039417e+01
9.800000e-07	-3.613841e-06	-1.232031e-09	-2.559249e+01	-8.010177e+01
9.900000e-07	-3.578996e-06	-1.220359e-09	-2.534572e+01	-7.980695e+01
1.000000e-06	-3.543845e-06	-1.209272e-09	-2.509679e+01	-7.950966e+01
1.010000e-06	-3.508444e-06	-1.206336e-09	-2.484609e+01	-7.920981e+01
1.020000e-06	-3.472866e-06	-1.211723e-09	-2.459413e+01	-7.890732e+01
1.030000e-06	-3.437189e-06	-1.218688e-09	-2.434147e+01	-7.860212e+01
1.040000e-06	-3.401420e-06	-1.216461e-09	-2.408817e+01	-7.829410e+01
1.050000e-06	-3.365482e-06	-1.209052e-09	-2.383366e+01	-7.798318e+01
1.060000e-06	-3.329274e-06	-1.197840e-09	-2.357724e+01	-7.766925e+01
1.070000e-06	-3.292789e-06	-1.187453e-09	-2.331886e+01	-7.735220e+01
1.080000e-06	-3.256139e-06	-1.174471e-09	-2.305931e+01	-7.703194e+01
1.090000e-06	-3.219275e-06	-1.167066e-09	-2.279825e+01	-7.670836e+01
1.100000e-06	-3.182166e-06	-1.165021e-09	-2.253545e+01	-7.638133e+01
1.110000e-06	-3.144786e-06	-1.166592e-09	-2.227073e+01	-7.605074e+01
1.120000e-06	-3.107167e-06	-1.163083e-09	-2.200433e+01	-7.571647e+01
1.130000e-06	-3.069386e-06	-1.160185e-09	-2.173676e+01	-7.537841e+01
1.140000e-06	-3.031416e-06	-1.156994e-09	-2.146787e+01	-7.503643e+01
1.150000e-06	-2.993232e-06	-1.153477e-09	-2.119746e+01	-7.469041e+01
1.160000e-06	-2.954735e-06	-1.141319e-09	-2.092483e+01	-7.434022e+01
1.170000e-06	-2.916126e-06	-1.129781e-09	-2.065141e+01	-7.398575e+01
1.180000e-06	-2.877417e-06	-1.119887e-09	-2.037728e+01	-7.362687e+01
1.190000e-06	-2.838398e-06	-1.112735e-09	-2.010095e+01	-7.326347e+01
1.200000e-06	-2.799120e-06	-1.106829e-09	-1.982280e+01	-7.289541e+01
1.210000e-06	-2.759692e-06	-1.106141e-09	-1.954358e+01	-7.252259e+01
1.220000e-06	-2.720152e-06	-1.108946e-09	-1.926356e+01	-7.214489e+01
1.230000e-06	-2.680509e-06	-1.110751e-09	-1.898282e+01	-7.176220e+01
1.240000e-06	-2.640796e-06	-1.102769e-09	-1.870158e+01	-7.137440e+01
1.250000e-06	-2.600983e-06	-1.091496e-09	-1.841963e+01	-7.098140e+01
1.260000e-06	-2.560958e-06	-1.080276e-09	-1.813619e+01	-7.058310e+01
1.270000e-06	-2.520784e-06	-1.068379e-09	-1.785168e+01	-7.017938e+01
1.280000e-06	-2.480458e-06	-1.059130e-09	-1.756610e+01	-6.977018e+01
1.290000e-06	-2.439973e-06	-1.052731e-09	-1.727939e+01	-6.935539e+01
1.300000e-06	-2.399346e-06	-1.050036e-09	-1.699168e+01	-6.893493e+01
1.310000e-06	-2.358528e-06	-1.047954e-09	-1.670262e+01	-6.850874e+01
1.320000e-06	-2.317432e-06	-1.046850e-09	-1.641158e+01	-6.807674e+01
1.330000e-06	-2.275973e-06	-1.043168e-09	-1.611798e+01	-6.763886e+01
1.340000e-06	-2.234159e-06	-1.036860e-09	-1.582186e+01	-6.719506e+01
1.350000e-06	-2.192038e-06	-1.028722e-09	-1.552357e+01	-6.674526e+01
1.360000e-06	-2.149701e-06	-1.018256e-09	-1.522375e+01	-6.628944e+01
1.370000e-06	-2.107057e-06	-1.005747e-09	-1.492175e+01	-6.582754e+01
1.380000e-06	-2.064134e-06	-9.966254e-10	-1.461777e+01	-6.535954e+01
1.390000e-06	-2.021040e-06	-9.898521e-10	-1.431259e+01	-6.488539e+01
1.400000e-06	-1.977851e-06	-9.845123e-10	-1.400673e+01	-6.440509e+01
1.410000e-06	-1.934533e-06	-9.782687e-10	-1.369997e+01	-6.391860e+01
1.420000e-06	-1.891072e-06	-9.751032e-10	-1.339219e+01	-6.342590e+01
1.430000e-06	-1.847481e-06	-9.726552e-10	-1.308348e+01	-6.292700e+01
1.440000e-06	-1.803827e-06	-9.679881e-10	-1.277434e+01	-6.242187e+01
1.450000e-06	-1.760199e-06	-9.573080e-10	-1.246537e+01	-6.191051e+01
1.460000e-06	-1.716459e-06	-9.455818e-10	-1.215562e+01	-6.139292e+01
1.470000e-06	-1.672596e-06	-9.376939e-10	-1.184498e+01	-6.086909e+01
1.480000e-06	-1.628635e-06	-9.314914e-10	-1.153366e+01	-6.033901e+01
1.490000e-06	-1.584556e-06	-9.260826e-10	-1.122150e+01	-5.980269e+01
1.500000e-06	-1.540410e-06	-9.211385e-10	-1.090887e+01	-5.926013e+01
1.510000e-06	-1.496263e-06	-9.168980e-10	-1.059623e+01	-5.871131e+01
1.520000e-06	-1.452001e-06	-9.095663e-10	-1.028278e+01	-5.815623e+01
1.530000e-06	-1.407635e-06	-8.951257e-10	-9.968581e+00	-5.759487e+01
1.540000e-06	-1.363176e-06	-8.801062e-10	-9.653736e+00	-5.702723e+01
1.550000e-06	-1.318641e-06	-8.672993e-10	-9.338347e+00	-5.645328e+01
1.560000e-06	-1.273952e-06	-8.574120e-10	-9.021872e+00	-5.587299e+01
1.570000e-06	-1.229132e-06	-8.500592e-10	-8.704465e+00	-5.528635e+01
1.580000e-06	-1.184306e-06	-8.431019e-10	-8.387017e+00	-5.469330e+01
1.590000e-06	-1.139378e-06	-8.363171e-10	-8.068841e+00	-5.409380e+01
1.600000e-06	-1.094345e-06	-8.289068e-10	-7.749926e+00	-5.348780e+01
1.610000e-06	-1.049162e-06	-8.196572e-10	-7.429950e+00	-5.287523e+01
1.620000e-06	-1.003897e-06	-8.072635e-10	-7.109392e+00	-5.225604e+01
1.630000e-06	-9.585943e-07	-7.935797e-10	-6.788569e+00	-5.163013e+01
1.640000e-06	-9.132594e-07	-7.818837e-10	-6.467517e+00	-5.099741e+01
1.650000e-06	-8.679278e-07	-7.729348e-10	-6.146488e+00	-5.035780e+01
1.660000e-06	-8.225058e-07	-7.650944e-10	-5.824819e+00	-4.971117e+01
1.670000e-06	-7.769796e-07	-7.591206e-10	-5.502411e+00	-4.905742e+01
1.680000e-06	-7.314037e-07	-7.531874e-10	-5.179652e+00	-4.839641e+01
1.690000e-06	-6.857251e-07	-7.435448e-10	-4.856165e+00	-4.772801e+01
1.700000e-06	-6.399431e-07	-7.317479e-10	-4.531947e+00	-4.705207e+01
1.710000e-06	-5.941554e-07	-7.207595e-10	-4.207687e+00	-4.636844e+01
1.720000e-06	-5.484048e-07	-7.097819e-10	-3.883691e+00	-4.567696e+01
1.730000e-06	-5.026258e-07	-6.987600e-10	-3.559493e+00	-4.497745e+01
1.740000e-06	-4.567690e-07	-6.867929e-10	-3.234745e+00	-4.426974e+01
1.750000e-06	-4.109108e-07	-6.750673e-10	-2.909986e+00	-4.355366e+01
1.760000e-06	-3.650725e-07	-6.627780e-10	-2.585369e+00	-4.282900e+01
1.770000e-06	-3.192252e-07	-6.498974e-10	-2.260688e+00	-4.209559e+01
1.780000e-06	-2.733014e-07	-6.389874e-10	-1.935465e+00	-4.135323e+01
1.790000e-06	-2.272889e-07	-6.311588e-10	-1.609614e+00	-4.060173e+01
1.800000e-06	-1.813219e-07	-6.209942e-10	-1.284085e+00	-3.984089e+01
1.810000e-06	-1.353960e-07	-6.076731e-10	-9.588469e-01	-3.907052e+01
1.820000e-06	-8.943058e-08	-5.953308e-10	-6.333292e-01	-3.829042e+01
1.830000e-06	-4.345623e-08	-5.836576e-10	-3.077481e-01	-3.750042e+01
1.840000e-06	2.449705e-09	-5.707619e-10	1.734831e-02	-3.670032e+01
1.850000e-06	4.831885e-08	-5.578063e-10	3.421843e-01	-3.588995e+01
1.860000e-06	9.422453e-08	-5.458907e-10	6.672789e-01	-3.506914e+01
1.870000e-06	1.401791e-07	-5.361460e-10	9.927199e-01	-3.423773e+01
1.880000e-06	1.861148e-07	-5.286252e-10	1.318027e+00	-3.339558e+01
1.890000e-06	2.320122e-07	-5.186328e-10	1.643063e+00	-3.254253e+01
1.900000e-06	2.778623e-07	-5.042585e-10	1.967764e+00	-3.167847e+01
1.910000e-06	3.236277e-07	-4.887120e-10	2.291865e+00	-3.080328e+01
1.920000e-06	3.694031e-07	-4.724224e-10	2.616037e+00	-2.991686e+01
1.930000e-06	4.151757e-07	-4.526049e-10	2.940190e+00	-2.901914e+01
1.940000e-06	4.609000e-07	-4.306052e-10	3.264000e+00	-2.811004e+01
1.950000e-06	5.066704e-07	-4.116934e-10	3.588136e+00	-2.718953e+01
1.960000e-06	5.524451e-07	-3.986488e-10	3.912303e+00	-2.625757e+01
1.970000e-06	5.981219e-07	-3.872183e-10	4.235777e+00	-2.531415e+01
1.980000e-06	6.436938e-07	-3.746920e-10	4.558508e+00	-2.435928e+01
1.990000e-06	6.891964e-07	-3.622570e-10	4.880748e+00	-2.339299e+01
2.000000e-06	7.347148e-07	-3.493592e-10	5.203100e+00	-2.241533e+01
2.010000e-06	7.802113e-07	-3.349431e-10	5.525297e+00	-2.142637e+01
2.020000e-06	8.256624e-07	-3.173688e-10	5.847173e+00	-2.042620e+01
2.030000e-06	8.710100e-07	-2.955754e-10	6.168315e+00	-1.941493e+01
2.040000e-06	9.162925e-07	-2.753893e-10	6.488997e+00	-1.839269e+01
2.050000e-06	9.615207e-07	-2.597745e-10	6.809294e+00	-1.735962e+01
2.060000e-06	1.006671e-06	-2.466680e-10	7.129041e+00	-1.631591e+01
2.070000e-06	1.051787e-06	-2.343914e-10	7.448541e+00	-1.526173e+01
2.080000e-06	1.096861e-06	-2.220540e-10	7.767744e+00	-1.419729e+01
2.090000e-06	1.141832e-06	-2.081093e-10	8.086224e+00	-1.312282e+01
2.100000e-06	1.186649e-06	-1.904760e-10	8.403604e+00	-1.203856e+01
2.110000e-06	1.231409e-06	-1.690916e-10	8.720587e+00	-1.094476e+01
2.120000e-06	1.276109e-06	-1.478058e-10	9.037147e+00	-9.841698e+00
2.130000e-06	1.320677e-06	-1.295516e-10	9.352769e+00	-8.729657e+00
2.140000e-06	1.365142e-06	-1.130783e-10	9.667657e+00	-7.608937e+00
2.150000e-06	1.409539e-06	-9.703152e-11	9.982067e+00	-6.479848e+00
2.160000e-06	1.453816e-06	-8.359155e-11	1.029563e+01	-5.342713e+00
2.170000e-06	1.497996e-06	-7.098751e-11	1.060850e+01	-4.197864e+00
2.180000e-06	1.542117e-06	-5.650628e-11	1.092096e+01	-3.045643e+00
2.190000e-06	1.586179e-06	-3.780863e-11	1.123299e+01	-1.886398e+00
2.200000e-06	1.630163e-06	-1.483713e-11	1.154448e+01	-7.204872e-01
2.210000e-06	1.674019e-06	6.081240e-12	1.185506e+01	4.517277e-01
2.220000e-06	1.717774e-06	2.265983e-11	1.216493e+01	1.629879e+00
2.230000e-06	1.761463e-06	3.898523e-11	1.247432e+01	2.813593e+00
2.240000e-06	1.805089e-06	5.838956e-11	1.278327e+01	4.002496e+00
2.250000e-06	1.848663e-06	7.780665e-11	1.309186e+01	5.196207e+00
2.260000e-06	1.892194e-06	9.609310e-11	1.340013e+01	6.394347e+00
2.270000e-06	1.935627e-06	1.131876e-10	1.370772e+01	7.596532e+00
2.280000e-06	1.978912e-06	1.314989e-10	1.401425e+01	8.802378e+00
2.290000e-06	2.022023e-06	1.523776e-10	1.431955e+01	1.001150e+01
2.300000e-06	2.065019e-06	1.718086e-10	1.462404e+01	1.122351e+01
2.310000e-06	2.107878e-06	1.907325e-10	1.492757e+01	1.243803e+01
2.320000e-06	2.150478e-06	2.097605e-10	1.522925e+01	1.365467e+01
2.330000e-06	2.192833e-06	2.279432e-10	1.552920e+01	1.487304e+01
2.340000e-06	2.234942e-06	2.451264e-10	1.582740e+01	1.609277e+01
2.350000e-06	2.276728e-06	2.628562e-10	1.612333e+01	1.731345e+01
2.360000e-06	2.318101e-06	2.834613e-10	1.641632e+01	1.853471e+01
2.370000e-06	2.359151e-06	3.071137e-10	1.670703e+01	1.975615e+01
2.380000e-06	2.400075e-06	3.311114e-10	1.699684e+01	2.097740e+01
2.390000e-06	2.440865e-06	3.513977e-10	1.728570e+01	2.219806e+01
2.400000e-06	2.481339e-06	3.684680e-10	1.757233e+01	2.341774e+01
2.410000e-06	2.521482e-06	3.851279e-10	1.785662e+01	2.463605e+01
2.420000e-06	2.561496e-06	4.047357e-10	1.813999e+01	2.585260e+01
2.430000e-06	2.601426e-06	4.263737e-10	1.842277e+01	2.706699e+01
2.440000e-06	2.641234e-06	4.462747e-10	1.870468e+01	2.827881e+01
2.450000e-06	2.680958e-06	4.652674e-10	1.898600e+01	2.948767e+01
2.460000e-06	2.720545e-06	4.876520e-10	1.926634e+01	3.069316e+01
2.470000e-06	2.759976e-06	5.090917e-10	1.954559e+01	3.189487e+01
2.480000e-06	2.799292e-06	5.253105e-10	1.982401e+01	3.309239e+01
2.490000e-06	2.838428e-06	5.390608e-10	2.010117e+01	3.428529e+01
2.500000e-06	2.877389e-06	5.557365e-10	2.037708e+01	3.547316e+01
2.510000e-06	2.916224e-06	5.777263e-10	2.065211e+01	3.665557e+01
2.520000e-06	2.954822e-06	6.018014e-10	2.092545e+01	3.783208e+01
2.530000e-06	2.993163e-06	6.247561e-10	2.119697e+01	3.900227e+01
2.540000e-06	3.031267e-06	6.457905e-10	2.146682e+01	4.016569e+01
2.550000e-06	3.069112e-06	6.644330e-10	2.173482e+01	4.132191e+01
2.560000e-06	3.106781e-06	6.791586e-10	2.200159e+01	4.247048e+01
2.570000e-06	3.144233e-06	6.904912e-10	2.226682e+01	4.361096e+01
2.580000e-06	3.181479e-06	7.015150e-10	2.253059e+01	4.474289e+01
2.590000e-06	3.218609e-06	7.173440e-10	2.279353e+01	4.586584e+01
2.600000e-06	3.255551e-06	7.399276e-10	2.305515e+01	4.697935e+01
2.610000e-06	3.292186e-06	7.662682e-10	2.331459e+01	4.808298e+01
2.620000e-06	3.328492e-06	7.914698e-10	2.357170e+01	4.917629e+01
2.630000e-06	3.364579e-06	8.117759e-10	2.382726e+01	5.025885e+01
2.640000e-06	3.400513e-06	8.253609e-10	2.408174e+01	5.133020e+01
2.650000e-06	3.436310e-06	8.333245e-10	2.433525e+01	5.238995e+01
2.660000e-06	3.471975e-06	8.393730e-10	2.458782e+01	5.343765e+01
2.670000e-06	3.507491e-06	8.475233e-10	2.483934e+01	5.447292e+01
2.680000e-06	3.542831e-06	8.622543e-10	2.508961e+01	5.549535e+01
2.690000e-06	3.577964e-06	8.845547e-10	2.533841e+01	5.650455e+01
2.700000e-06	3.612793e-06	9.083500e-10	2.558507e+01	5.750017e+01
2.710000e-06	3.647287e-06	9.299899e-10	2.582934e+01	5.848184e+01
2.720000e-06	3.681414e-06	9.471518e-10	2.607102e+01	5.944924e+01
2.730000e-06	3.715079e-06	9.629897e-10	2.630943e+01	6.040204e+01
2.740000e-06	3.748337e-06	9.757063e-10	2.654496e+01	6.133996e+01
2.750000e-06	3.781087e-06	9.821507e-10	2.677689e+01	6.226272e+01
2.760000e-06	3.813384e-06	9.879243e-10	2.700561e+01	6.317007e+01
2.770000e-06	3.845435e-06	9.999076e-10	2.723259e+01	6.406179e+01
2.780000e-06	3.877362e-06	1.017099e-09	2.745868e+01	6.493768e+01
2.790000e-06	3.909143e-06	1.032132e-09	2.768376e+01	6.579757e+01
2.800000e-06	3.940691e-06	1.043425e-09	2.790717e+01	6.664130e+01
2.810000e-06	3.972022e-06	1.054483e-09	2.812905e+01	6.746877e+01
2.820000e-06	4.003132e-06	1.067471e-09	2.834937e+01	6.827990e+01
2.830000e-06	4.033931e-06	1.080502e-09	2.856747e+01	6.907461e+01
2.840000e-06	4.064413e-06	1.090393e-09	2.878335e+01	6.985289e+01
2.850000e-06	4.094672e-06	1.099716e-09	2.899764e+01	7.061473e+01
2.860000e-06	4.124696e-06	1.111829e-09	2.921026e+01	7.136016e+01
2.870000e-06	4.154466e-06	1.124870e-09	2.942108e+01	7.208925e+01
2.880000e-06	4.183968e-06	1.136380e-09	2.963001e+01	7.280207e+01
2.890000e-06	4.213123e-06	1.144850e-09	2.983648e+01	7.349876e+01
2.900000e-06	4.241927e-06	1.153593e-09	3.004046e+01	7.417944e+01
2.910000e-06	4.270434e-06	1.163622e-09	3.024234e+01	7.484428e+01
2.920000e-06	4.298618e-06	1.173038e-09	3.044194e+01	7.549348e+01
2.930000e-06	4.326611e-06	1.181144e-09	3.064018e+01	7.612725e+01
2.940000e-06	4.354457e-06	1.192438e-09	3.083738e+01	7.674583e+01
2.950000e-06	4.382084e-06	1.204851e-09	3.103303e+01	7.734947e+01
2.960000e-06	4.409532e-06	1.215155e-09	3.122741e+01	7.793845e+01
2.970000e-06	4.436781e-06	1.222603e-09	3.142038e+01	7.851306e+01
2.980000e-06	4.463711e-06	1.226860e-09	3.161109e+01	7.907359e+01
2.990000e-06	4.490102e-06	1.232060e-09	3.179799e+01	7.962036e+01
3.000000e-06	4.515804e-06	1.238587e-09	3.198000e+01	8.015370e+01
3.010000e-06	4.540977e-06	1.244722e-09	3.215828e+01	8.067394e+01
3.020000e-06	4.565733e-06	1.252880e-09	3.233359e+01	8.118141e+01
3.030000e-06	4.590096e-06	1.265079e-09	3.250613e+01	8.167645e+01
3.040000e-06	4.614158e-06	1.277133e-09	3.267653e+01	8.215940e+01
3.050000e-06	4.637938e-06	1.286455e-09	3.284493e+01	8.263060e+01
3.060000e-06	4.661455e-06	1.292901e-09	3.301147e+01	8.309038e+01
3.070000e-06	4.684769e-06	1.295966e-09	3.317658e+01	8.353907e+01
3.080000e-06	4.707805e-06	1.300002e-09	3.333971e+01	8.397698e+01
3.090000e-06	4.730473e-06	1.307386e-09	3.350024e+01	8.440442e+01
3.100000e-06	4.752767e-06	1.314034e-09	3.365813e+01	8.482168e+01
3.110000e-06	4.774688e-06	1.320766e-09	3.381337e+01	8.522906e+01
3.120000e-06	4.796314e-06	1.329290e-09	3.396652e+01	8.562681e+01
3.130000e-06	4.817620e-06	1.338309e-09	3.411740e+01	8.601518e+01
3.140000e-06	4.838609e-06	1.345604e-09	3.426605e+01	8.639442e+01
3.150000e-06	4.859195e-06	1.351721e-09	3.441183e+01	8.676472e+01
3.160000e-06	4.879454e-06	1.358043e-09	3.455530e+01	8.712630e+01
3.170000e-06	4.899534e-06	1.365671e-09	3.469750e+01	8.747931e+01
3.180000e-06	4.919373e-06	1.369253e-09	3.483800e+01	8.782392e+01
3.190000e-06	4.939015e-06	1.368019e-09	3.497710e+01	8.816025e+01
3.200000e-06	4.958455e-06	1.370350e-09	3.511477e+01	8.848843e+01
3.210000e-06	4.977575e-06	1.378055e-09	3.525017e+01	8.880855e+01
3.220000e-06	4.996282e-06	1.385643e-09	3.538265e+01	8.912067e+01
3.230000e-06	5.014592e-06	1.393895e-09	3.551232e+01	8.942486e+01
3.240000e-06	5.032553e-06	1.402135e-09	3.563952e+01	8.972114e+01
3.250000e-06	5.050143e-06	1.409032e-09	3.576408e+01	9.000955e+01
3.260000e-06	5.067377e-06	1.413131e-09	3.588613e+01	9.029007e+01
3.270000e-06	5.084319e-06	1.411953e-09	3.600611e+01	9.056271e+01
3.280000e-06	5.100898e-06	1.410452e-09	3.612352e+01	9.082743e+01
3.290000e-06	5.117087e-06	1.411058e-09	3.623817e+01	9.108420e+01
3.300000e-06	5.132965e-06	1.416304e-09	3.635061e+01	9.133297e+01
3.310000e-06	5.148419e-06	1.424474e-09	3.646006e+01	9.157370e+01
3.320000e-06	5.163296e-06	1.435474e-09	3.656541e+01	9.180632e+01
3.330000e-06	5.177680e-06	1.445514e-09	3.666728e+01	9.203077e+01
3.340000e-06	5.191684e-06	1.451000e-09	3.676645e+01	9.224698e+01
3.350000e-06	5.205322e-06	1.451347e-09	3.686303e+01	9.245489e+01
3.360000e-06	5.218602e-06	1.446624e-09	3.695708e+01	9.265443e+01
3.370000e-06	5.231566e-06	1.438588e-09	3.704889e+01	9.284555e+01
3.380000e-06	5.244093e-06	1.432204e-09	3.713760e+01	9.302819e+01
3.390000e-06	5.256156e-06	1.432638e-09	3.722303e+01	9.320231e+01
3.400000e-06	5.267921e-06	1.440111e-09	3.730634e+01	9.336787e+01
3.410000e-06	5.279331e-06	1.450118e-09	3.738715e+01	9.352484e+01
3.420000e-06	5.290375e-06	1.457255e-09	3.746536e+01	9.367322e+01
3.430000e-06	5.300951e-06	1.461295e-09	3.754025e+01	9.381301e+01
3.440000e-06	5.310866e-06	1.462334e-09	3.761047e+01	9.394421e+01
3.450000e-06	5.320054e-06	1.457682e-09	3.767554e+01	9.406688e+01
3.460000e-06	5.328634e-06	1.449073e-09	3.773630e+01	9.418105e+01
3.470000e-06	5.336792e-06	1.443061e-09	3.779408e+01	9.428680e+01
3.480000e-06	5.344686e-06	1.444271e-09	3.784998e+01	9.438422e+01
3.490000e-06	5.352430e-06	1.450528e-09	3.790482e+01	9.447341e+01
3.500000e-06	5.359947e-06	1.456747e-09	3.795806e+01	9.455450e+01
3.510000e-06	5.367086e-06	1.461501e-09	3.800861e+01	9.462764e+01
3.520000e-06	5.373831e-06	1.465852e-09	3.805638e+01	9.469299e+01
3.530000e-06	5.380149e-06	1.468129e-09	3.810112e+01	9.475074e+01
3.540000e-06	5.386043e-06	1.465723e-09	3.814286e+01	9.480108e+01
3.550000e-06	5.391651e-06	1.460172e-09	3.818258e+01	9.484424e+01
3.560000e-06	5.396908e-06	1.454422e-09	3.821980e+01	9.488045e+01
3.570000e-06	5.401740e-06	1.453122e-09	3.825403e+01	9.490997e+01
3.580000e-06	5.406142e-06	1.455012e-09	3.828519e+01	9.493305e+01
3.590000e-06	5.410235e-06	1.456903e-09	3.831418e+01	9.494998e+01
3.600000e-06	5.414102e-06	1.459180e-09	3.834157e+01	9.496104e+01
3.610000e-06	5.417772e-06	1.462999e-09	3.836756e+01	9.496652e+01
3.620000e-06	5.421188e-06	1.465734e-09	3.839175e+01	9.496674e+01
3.630000e-06	5.424136e-06	1.465302e-09	3.841263e+01	9.496201e+01
3.640000e-06	5.426668e-06	1.464083e-09	3.843056e+01	9.495263e+01
3.650000e-06	5.428723e-06	1.463608e-09	3.844511e+01	9.493893e+01
3.660000e-06	5.430019e-06	1.464001e-09	3.845429e+01	9.492122e+01
3.670000e-06	5.430648e-06	1.464202e-09	3.845874e+01	9.489981e+01
3.680000e-06	5.430826e-06	1.464090e-09	3.846000e+01	9.487501e+01
3.690000e-06	5.430682e-06	1.464734e-09	3.845898e+01	9.484712e+01
3.700000e-06	5.430374e-06	1.468110e-09	3.845680e+01	9.481645e+01
3.710000e-06	5.429867e-06	1.472013e-09	3.845321e+01	9.478327e+01
3.720000e-06	5.428999e-06	1.472992e-09	3.844706e+01	9.474785e+01
3.730000e-06	5.427739e-06	1.470541e-09	3.843814e+01	9.471047e+01
3.740000e-06	5.426117e-06	1.464562e-09	3.842666e+01	9.467135e+01
3.750000e-06	5.424161e-06	1.461651e-09	3.841280e+01	9.463074e+01
3.760000e-06	5.421913e-06	1.456556e-09	3.839688e+01	9.458885e+01
3.770000e-06	5.419330e-06	1.443345e-09	3.837859e+01	9.454585e+01
3.780000e-06	5.416336e-06	1.462259e-09	3.835739e+01	9.450194e+01
3.790000e-06	5.412840e-06	1.467562e-09	3.833263e+01	9.445725e+01
3.800000e-06	5.408855e-06	1.404272e-09	3.830441e+01	9.441193e+01
3.810000e-06	5.404605e-06	1.434257e-09	3.827431e+01	9.436608e+01
3.820000e-06	5.400298e-06	1.472694e-09	3.824381e+01	9.431978e+01
3.830000e-06	5.395828e-06	1.465817e-09	3.821215e+01	9.427310e+01
3.840000e-06	5.390853e-06	1.405747e-09	3.817692e+01	9.422609e+01
3.850000e-06	5.385305e-06	1.390947e-09	3.813763e+01	9.417876e+01
3.860000e-06	5.379280e-06	1.488789e-09	3.809496e+01	9.413111e+01
3.870000e-06	5.372813e-06	1.449862e-09	3.804917e+01	9.408311e+01
3.880000e-06	5.365793e-06	1.373861e-09	3.799945e+01	9.403474e+01
3.890000e-06	5.358152e-06	1.383172e-09	3.794534e+01	9.398591e+01
3.900000e-06	5.350161e-06	1.501298e-09	3.788875e+01	9.393655e+01
3.910000e-06	5.341950e-06	1.458193e-09	3.783060e+01	9.388657e+01
3.920000e-06	5.333424e-06	1.358542e-09	3.777022e+01	9.383584e+01
3.930000e-06	5.324582e-06	1.407081e-09	3.770760e+01	9.378423e+01
3.940000e-06	5.315465e-06	1.489927e-09	3.764304e+01	9.373160e+01
3.950000e-06	5.305951e-06	1.419844e-09	3.757566e+01	9.367779e+01
3.960000e-06	5.296039e-06	1.343238e-09	3.750547e+01	9.362263e+01
3.970000e-06	5.285775e-06	1.444517e-09	3.743278e+01	9.356595e+01
3.980000e-06	5.275168e-06	1.502956e-09	3.735766e+01	9.350756e+01
3.990000e-06	5.264146e-06	1.418521e-09	3.727961e+01	9.344726e+01
4.000000e-06	5.252671e-06	1.390926e-09	3.719835e+01	9.338488e+01
4.010000e-06	5.240797e-06	1.490204e-09	3.711426e+01	9.332020e+01
4.020000e-06	5.228569e-06	1.459859e-09	3.702766e+01	9.325302e+01
4.030000e-06	5.216010e-06	1.363327e-09	3.693872e+01	9.318316e+01
4.040000e-06	5.203002e-06	1.396993e-09	3.684660e+01	9.311042e+01
4.050000e-06	5.189441e-06	1.471114e-09	3.675056e+01	9.303459e+01
4.060000e-06	5.175147e-06	1.396453e-09	3.664934e+01	9.295550e+01
4.070000e-06	5.160246e-06	1.384504e-09	3.654381e+01	9.287296e+01
4.080000e-06	5.144922e-06	1.453751e-09	3.643529e+01	9.278680e+01
4.090000e-06	5.129192e-06	1.442383e-09	3.632389e+01	9.269686e+01
4.100000e-06	5.113172e-06	1.375297e-09	3.621044e+01	9.260297e+01
4.110000e-06	5.096860e-06	1.409795e-09	3.609492e+01	9.250500e+01
4.120000e-06	5.080252e-06	1.414096e-09	3.597731e+01	9.240281e+01
4.130000e-06	5.063279e-06	1.367612e-09	3.585711e+01	9.229628e+01
4.140000e-06	5.045921e-06	1.384596e-09	3.573418e+01	9.218530e+01
4.150000e-06	5.028237e-06	1.427042e-09	3.560895e+01	9.206978e+01
4.160000e-06	5.010214e-06	1.394600e-09	3.548132e+01	9.194963e+01
4.170000e-06	4.991933e-06	1.386679e-09	3.535185e+01	9.182478e+01
4.180000e-06	4.973280e-06	1.418280e-09	3.521975e+01	9.169518e+01
4.190000e-06	4.954207e-06	1.395878e-09	3.508468e+01	9.156079e+01
4.200000e-06	4.934745e-06	1.370469e-09	3.494686e+01	9.142158e+01
4.210000e-06	4.915001e-06	1.376010e-09	3.480704e+01	9.127754e+01
4.220000e-06	4.895046e-06	1.374356e-09	3.466572e+01	9.112866e+01
4.230000e-06	4.874879e-06	1.365253e-09	3.452290e+01	9.097497e+01
4.240000e-06	4.854592e-06	1.376715e-09	3.437923e+01	9.081647e+01
4.250000e-06	4.834122e-06	1.363611e-09	3.423426e+01	9.065321e+01
4.260000e-06	4.813220e-06	1.364407e-09	3.408624e+01	9.048524e+01
4.270000e-06	4.791840e-06	1.374254e-09	3.393483e+01	9.031261e+01
4.280000e-06	4.769846e-06	1.362300e-09	3.377908e+01	9.013538e+01
4.290000e-06	4.747078e-06	1.341376e-09	3.361784e+01	8.995363e+01
4.300000e-06	4.723743e-06	1.352430e-09	3.345258e+01	8.976745e+01
4.310000e-06	4.700053e-06	1.341147e-09	3.328482e+01	8.957693e+01
4.320000e-06	4.676100e-06	1.330897e-09	3.311519e+01	8.938215e+01
4.330000e-06	4.651941e-06	1.329028e-09	3.294409e+01	8.918322e+01
4.340000e-06	4.627615e-06	1.321172e-09	3.277183e+01	8.898025e+01
4.350000e-06	4.603070e-06	1.308272e-09	3.259801e+01	8.877335e+01
4.360000e-06	4.578212e-06	1.320820e-09	3.242196e+01	8.856262e+01
4.370000e-06	4.553009e-06	1.311653e-09	3.224348e+01	8.834818e+01
4.380000e-06	4.527422e-06	1.300627e-09	3.206228e+01	8.813015e+01
4.390000e-06	4.501440e-06	1.307564e-09	3.187828e+01	8.790863e+01
4.400000e-06	4.475225e-06	1.311682e-09	3.169263e+01	8.768375e+01
4.410000e-06	4.448769e-06	1.296049e-09	3.150528e+01	8.745560e+01
4.420000e-06	4.421942e-06	1.290949e-09	3.131530e+01	8.722431e+01
4.430000e-06	4.394803e-06	1.286871e-09	3.112310e+01	8.698998e+01
4.440000e-06	4.367388e-06	1.282987e-09	3.092895e+01	8.675272e+01
4.450000e-06	4.339627e-06	1.280564e-09	3.073236e+01	8.651261e+01
4.460000e-06	4.311613e-06	1.273516e-09	3.053396e+01	8.626977e+01
4.470000e-06	4.283475e-06	1.270789e-09	3.033469e+01	8.602427e+01
4.480000e-06	4.255252e-06	1.278437e-09	3.013482e+01	8.577620e+01
4.490000e-06	4.226868e-06	1.281825e-09	2.993381e+01	8.552564e+01
4.500000e-06	4.198124e-06	1.274384e-09	2.973026e+01	8.527266e+01
4.510000e-06	4.168925e-06	1.270280e-09	2.952348e+01	8.501733e+01
4.520000e-06	4.139265e-06	1.263036e-09	2.931343e+01	8.475970e+01
4.530000e-06	4.109139e-06	1.257684e-09	2.910008e+01	8.449983e+01
4.540000e-06	4.078518e-06	1.253257e-09	2.888323e+01	8.423777e+01
4.550000e-06	4.047346e-06	1.251169e-09	2.866248e+01	8.397354e+01
4.560000e-06	4.015789e-06	1.247858e-09	2.843900e+01	8.370719e+01
4.570000e-06	3.983965e-06	1.251717e-09	2.821363e+01	8.343872e+01
4.580000e-06	3.951916e-06	1.250527e-09	2.798666e+01	8.316817e+01
4.590000e-06	3.919737e-06	1.247266e-09	2.775878e+01	8.289552e+01
4.600000e-06	3.887374e-06	1.239520e-09	2.752959e+01	8.262080e+01
4.610000e-06	3.854850e-06	1.233613e-09	2.729926e+01	8.234398e+01
4.620000e-06	3.822148e-06	1.221171e-09	2.706767e+01	8.206505e+01
4.630000e-06	3.789184e-06	1.210261e-09	2.683423e+01	8.178399e+01
4.640000e-06	3.755902e-06	1.200837e-09	2.659853e+01	8.150078e+01
4.650000e-06	3.722428e-06	1.202781e-09	2.636147e+01	8.121537e+01
4.660000e-06	3.688767e-06	1.204963e-09	2.612310e+01	8.092772e+01
4.670000e-06	3.654791e-06	1.205150e-09	2.588249e+01	8.063779e+01
4.680000e-06	3.620550e-06	1.199959e-09	2.564000e+01	8.034551e+01
4.690000e-06	3.586062e-06	1.192303e-09	2.539576e+01	8.005083e+01
4.700000e-06	3.551324e-06	1.181435e-09	2.514975e+01	7.975367e+01
4.710000e-06	3.516206e-06	1.169142e-09	2.490106e+01	7.945396e+01
4.720000e-06	3.480682e-06	1.160444e-09	2.464948e+01	7.915163e+01
4.730000e-06	3.444962e-06	1.160102e-09	2.439652e+01	7.884658e+01
4.740000e-06	3.409168e-06	1.165029e-09	2.414303e+01	7.853873e+01
4.750000e-06	3.373221e-06	1.169184e-09	2.388846e+01	7.822798e+01
4.760000e-06	3.337123e-06	1.166560e-09	2.363283e+01	7.791423e+01
4.770000e-06	3.300918e-06	1.157263e-09	2.337643e+01	7.759738e+01
4.780000e-06	3.264572e-06	1.145008e-09	2.311904e+01	7.727732e+01
4.790000e-06	3.228065e-06	1.133076e-09	2.286050e+01	7.695394e+01
4.800000e-06	3.191436e-06	1.125065e-09	2.260110e+01	7.662713e+01
4.810000e-06	3.154544e-06	1.119346e-09	2.233984e+01	7.629677e+01
4.820000e-06	3.117221e-06	1.118481e-09	2.207552e+01	7.596275e+01
4.830000e-06	3.079532e-06	1.117549e-09	2.180862e+01	7.562493e+01
4.840000e-06	3.041500e-06	1.114533e-09	2.153928e+01	7.528321e+01
4.850000e-06	3.003099e-06	1.105519e-09	2.126733e+01	7.493746e+01
4.860000e-06	2.964320e-06	1.094535e-09	2.099271e+01	7.458755e+01
4.870000e-06	2.925181e-06	1.083310e-09	2.071553e+01	7.423337e+01
4.880000e-06	2.885646e-06	1.076688e-09	2.043556e+01	7.387479e+01
4.890000e-06	2.845827e-06	1.070661e-09	2.015357e+01	7.351170e+01
4.900000e-06	2.805863e-06	1.068389e-09	1.987055e+01	7.314396e+01
4.910000e-06	2.765797e-06	1.069082e-09	1.958681e+01	7.277147e+01
4.920000e-06	2.725673e-06	1.068641e-09	1.930266e+01	7.239411e+01
4.930000e-06	2.685452e-06	1.060461e-09	1.901782e+01	7.201177e+01
4.940000e-06	2.645132e-06	1.050001e-09	1.873229e+01	7.162433e+01
4.950000e-06	2.604662e-06	1.039112e-09	1.844568e+01	7.123169e+01
4.960000e-06	2.564012e-06	1.029886e-09	1.815781e+01	7.083376e+01
4.970000e-06	2.523266e-06	1.023957e-09	1.786926e+01	7.043043e+01
4.980000e-06	2.482354e-06	1.024824e-09	1.757952e+01	7.002161e+01
4.990000e-06	2.441196e-06	1.026883e-09	1.728805e+01	6.960722e+01
5.000000e-06	2.399864e-06	1.025774e-09	1.699535e+01	6.918717e+01
5.010000e-06	2.358391e-06	1.017666e-09	1.670164e+01	6.876139e+01
5.020000e-06	2.316764e-06	1.003908e-09	1.640685e+01	6.832980e+01
5.030000e-06	2.274960e-06	9.916332e-10	1.611081e+01	6.789234e+01
5.040000e-06	2.232979e-06	9.823636e-10	1.581350e+01	6.744896e+01
5.050000e-06	2.190827e-06	9.759414e-10	1.551499e+01	6.699960e+01
5.060000e-06	2.148548e-06	9.751017e-10	1.521558e+01	6.654421e+01
5.070000e-06	2.106172e-06	9.756946e-10	1.491548e+01	6.608274e+01
5.080000e-06	2.063584e-06	9.701115e-10	1.461388e+01	6.561518e+01
5.090000e-06	2.020856e-06	9.597156e-10	1.431129e+01	6.514147e+01
5.100000e-06	1.978076e-06	9.476418e-10	1.400833e+01	6.466161e+01
5.110000e-06	1.935131e-06	9.401737e-10	1.370420e+01	6.417556e+01
5.120000e-06	1.892049e-06	9.344007e-10	1.339911e+01	6.368332e+01
5.130000e-06	1.848853e-06	9.296363e-10	1.309320e+01	6.318486e+01
5.140000e-06	1.805486e-06	9.260621e-10	1.278609e+01	6.268018e+01
5.150000e-06	1.761906e-06	9.232328e-10	1.247746e+01	6.216926e+01
5.160000e-06	1.718168e-06	9.181678e-10	1.216772e+01	6.165212e+01
5.170000e-06	1.674347e-06	9.088380e-10	1.185738e+01	6.112873e+01
5.180000e-06	1.630457e-06	8.941606e-10	1.154656e+01	6.059911e+01
5.190000e-06	1.586468e-06	8.802337e-10	1.123504e+01	6.006324e+01
5.200000e-06	1.542414e-06	8.718573e-10	1.092307e+01	5.952112e+01
5.210000e-06	1.498316e-06	8.673746e-10	1.061077e+01	5.897275e+01
5.220000e-06	1.454159e-06	8.639005e-10	1.029805e+01	5.841812e+01
5.230000e-06	1.409957e-06	8.584724e-10	9.985025e+00	5.785722e+01
5.240000e-06	1.365764e-06	8.525833e-10	9.672065e+00	5.729003e+01
5.250000e-06	1.321554e-06	8.454756e-10	9.358973e+00	5.671653e+01
5.260000e-06	1.277198e-06	8.361031e-10	9.044853e+00	5.613670e+01
5.270000e-06	1.232779e-06	8.234712e-10	8.730292e+00	5.555052e+01
5.280000e-06	1.188353e-06	8.081025e-10	8.415672e+00	5.495793e+01
5.290000e-06	1.143908e-06	7.991331e-10	8.100926e+00	5.435890e+01
5.300000e-06	1.099402e-06	7.946711e-10	7.785740e+00	5.375337e+01
5.310000e-06	1.054732e-06	7.884833e-10	7.469398e+00	5.314129e+01
5.320000e-06	1.009911e-06	7.777999e-10	7.151987e+00	5.252257e+01
5.330000e-06	9.650704e-07	7.678894e-10	6.834432e+00	5.189715e+01
5.340000e-06	9.202448e-07	7.606723e-10	6.516986e+00	5.126494e+01
5.350000e-06	8.754668e-07	7.474885e-10	6.199878e+00	5.062583e+01
5.360000e-06	8.306623e-07	7.300987e-10	5.882581e+00	4.997972e+01
5.370000e-06	7.857070e-07	7.178501e-10	5.564217e+00	4.932650e+01
5.380000e-06	7.406645e-07	7.111350e-10	5.245235e+00	4.866603e+01
5.390000e-06	6.955542e-07	7.064304e-10	4.925773e+00	4.799817e+01
5.400000e-06	6.503388e-07	6.988182e-10	4.605567e+00	4.732280e+01
5.410000e-06	6.050960e-07	6.869183e-10	4.285167e+00	4.663974e+01
5.420000e-06	5.598322e-07	6.746825e-10	3.964618e+00	4.594885e+01
5.430000e-06	5.145021e-07	6.615978e-10	3.643599e+00	4.524994e+01
5.440000e-06	4.691674e-07	6.457946e-10	3.322548e+00	4.454285e+01
5.450000e-06	4.237490e-07	6.319829e-10	3.000904e+00	4.382740e+01
5.460000e-06	3.783131e-07	6.243232e-10	2.679136e+00	4.310339e+01
5.470000e-06	3.329770e-07	6.199157e-10	2.358076e+00	4.237065e+01
5.480000e-06	2.875304e-07	6.132004e-10	2.036232e+00	4.162897e+01
5.490000e-06	2.418792e-07	6.020373e-10	1.712939e+00	4.087817e+01
5.500000e-06	1.962165e-07	5.864586e-10	1.389566e+00	4.011804e+01
5.510000e-06	1.506721e-07	5.673192e-10	1.067029e+00	3.934840e+01
5.520000e-06	1.051470e-07	5.490762e-10	7.446298e-01	3.856905e+01
5.530000e-06	5.958319e-08	5.340210e-10	4.219560e-01	3.777980e+01
5.540000e-06	1.402133e-08	5.243114e-10	9.929619e-02	3.698048e+01
5.550000e-06	-3.159772e-08	5.170575e-10	-2.237686e-01	3.617090e+01
5.560000e-06	-7.715205e-08	5.090355e-10	-5.463751e-01	3.535090e+01
5.570000e-06	-1.226412e-07	4.970715e-10	-8.685201e-01	3.452031e+01
5.580000e-06	-1.681562e-07	4.802945e-10	-1.190848e+00	3.367898e+01
5.590000e-06	-2.136608e-07	4.631083e-10	-1.513102e+00	3.282677e+01
5.600000e-06	-2.591807e-07	4.461945e-10	-1.835465e+00	3.196356e+01
5.610000e-06	-3.046892e-07	4.308609e-10	-2.157747e+00	3.108923e+01
5.620000e-06	-3.501529e-07	4.183227e-10	-2.479712e+00	3.020368e+01
5.630000e-06	-3.955771e-07	4.074378e-10	-2.801396e+00	2.930683e+01
5.640000e-06	-4.409999e-07	3.987247e-10	-3.123072e+00	2.839862e+01
5.650000e-06	-4.863814e-07	3.896523e-10	-3.444454e+00	2.747899e+01
5.660000e-06	-5.316528e-07	3.763633e-10	-3.765057e+00	2.654791e+01
5.670000e-06	-5.769006e-07	3.600096e-10	-4.085492e+00	2.560537e+01
5.680000e-06	-6.220637e-07	3.414686e-10	-4.405328e+00	2.465138e+01
5.690000e-06	-6.671220e-07	3.211903e-10	-4.724422e+00	2.368597e+01
5.700000e-06	-7.121608e-07	3.010852e-10	-5.043377e+00	2.270919e+01
5.710000e-06	-7.571195e-07	2.858537e-10	-5.361766e+00	2.172109e+01
5.720000e-06	-8.020484e-07	2.775416e-10	-5.679943e+00	2.072178e+01
5.730000e-06	-8.469854e-07	2.690539e-10	-5.998178e+00	1.971135e+01
5.740000e-06	-8.918452e-07	2.576462e-10	-6.315866e+00	1.868995e+01
5.750000e-06	-9.366140e-07	2.448981e-10	-6.632909e+00	1.765771e+01
5.760000e-06	-9.813018e-07	2.293604e-10	-6.949379e+00	1.661480e+01
5.770000e-06	-1.025891e-06	2.105430e-10	-7.265153e+00	1.556141e+01
5.780000e-06	-1.070434e-06	1.884146e-10	-7.580596e+00	1.449775e+01
5.790000e-06	-1.114981e-06	1.660924e-10	-7.896066e+00	1.342404e+01
5.800000e-06	-1.159494e-06	1.503521e-10	-8.211298e+00	1.234051e+01
5.810000e-06	-1.203926e-06	1.382316e-10	-8.525957e+00	1.124742e+01
5.820000e-06	-1.248308e-06	1.261354e-10	-8.840265e+00	1.014505e+01
5.830000e-06	-1.292613e-06	1.100970e-10	-9.154024e+00	9.033676e+00
5.840000e-06	-1.336816e-06	9.272918e-11	-9.467060e+00	7.913595e+00
5.850000e-06	-1.380981e-06	7.654895e-11	-9.779826e+00	6.785120e+00
5.860000e-06	-1.425119e-06	6.102936e-11	-1.009240e+01	5.648571e+00
5.870000e-06	-1.469235e-06	4.503809e-11	-1.040483e+01	4.504280e+00
5.880000e-06	-1.513291e-06	2.874881e-11	-1.071682e+01	3.352587e+00
5.890000e-06	-1.557297e-06	1.435002e-11	-1.102846e+01	2.193843e+00
5.900000e-06	-1.601284e-06	-4.508206e-13	-1.133997e+01	1.028402e+00
5.910000e-06	-1.645156e-06	-2.036142e-11	-1.165066e+01	-1.433738e-01
5.920000e-06	-1.688901e-06	-4.256449e-11	-1.196046e+01	-1.321116e+00
5.930000e-06	-1.732534e-06	-5.994844e-11	-1.226946e+01	-2.504453e+00
5.940000e-06	-1.776063e-06	-7.388997e-11	-1.257771e+01	-3.693010e+00
5.950000e-06	-1.819440e-06	-8.751011e-11	-1.288491e+01	-4.886407e+00
5.960000e-06	-1.862601e-06	-1.024020e-10	-1.319056e+01	-6.084264e+00
5.970000e-06	-1.905558e-06	-1.185999e-10	-1.349478e+01	-7.286198e+00
5.980000e-06	-1.948373e-06	-1.375526e-10	-1.379798e+01	-8.491826e+00
5.990000e-06	-1.991111e-06	-1.593610e-10	-1.410064e+01	-9.700762e+00
6.000000e-06	-2.033695e-06	-1.851380e-10	-1.440221e+01	-1.091262e+01
6.010000e-06	-2.076104e-06	-2.115427e-10	-1.470255e+01	-1.212702e+01
6.020000e-06	-2.118304e-06	-2.342263e-10	-1.500140e+01	-1.334357e+01
6.030000e-06	-2.160374e-06	-2.506194e-10	-1.529933e+01	-1.456188e+01
6.040000e-06	-2.202394e-06	-2.631845e-10	-1.559690e+01	-1.578158e+01
6.050000e-06	-2.244244e-06	-2.745626e-10	-1.589328e+01	-1.700227e+01
6.060000e-06	-2.285993e-06	-2.879746e-10	-1.618894e+01	-1.822356e+01
6.070000e-06	-2.327631e-06	-3.046265e-10	-1.648381e+01	-1.944508e+01
6.080000e-06	-2.369043e-06	-3.238769e-10	-1.677708e+01	-2.066643e+01
6.090000e-06	-2.410269e-06	-3.457215e-10	-1.706903e+01	-2.188723e+01
6.100000e-06	-2.451354e-06	-3.685760e-10	-1.735999e+01	-2.310708e+01
6.110000e-06	-2.492257e-06	-3.905564e-10	-1.764965e+01	-2.432559e+01
6.120000e-06	-2.532980e-06	-4.098228e-10	-1.793805e+01	-2.554237e+01
6.130000e-06	-2.573472e-06	-4.234299e-10	-1.822481e+01	-2.675702e+01
6.140000e-06	-2.613796e-06	-4.335756e-10	-1.851037e+01	-2.796915e+01
6.150000e-06	-2.654061e-06	-4.474645e-10	-1.879552e+01	-2.917834e+01
6.160000e-06	-2.694251e-06	-4.650741e-10	-1.908014e+01	-3.038420e+01
6.170000e-06	-2.734379e-06	-4.820768e-10	-1.936432e+01	-3.158632e+01
6.180000e-06	-2.774386e-06	-5.000241e-10	-1.964763e+01	-3.278427e+01
6.190000e-06	-2.814218e-06	-5.226528e-10	-1.992972e+01	-3.397764e+01
6.200000e-06	-2.853871e-06	-5.467027e-10	-2.021053e+01	-3.516602e+01
6.210000e-06	-2.893277e-06	-5.653311e-10	-2.048960e+01	-3.634897e+01
6.220000e-06	-2.932444e-06	-5.770357e-10	-2.076697e+01	-3.752607e+01
6.230000e-06	-2.971327e-06	-5.874689e-10	-2.104233e+01	-3.869687e+01
6.240000e-06	-3.009883e-06	-6.004787e-10	-2.131538e+01	-3.986095e+01
6.250000e-06	-3.048115e-06	-6.155486e-10	-2.158613e+01	-4.101786e+01
6.260000e-06	-3.085926e-06	-6.332549e-10	-2.185390e+01	-4.216715e+01
6.270000e-06	-3.123295e-06	-6.534826e-10	-2.211854e+01	-4.330839e+01
6.280000e-06	-3.160297e-06	-6.737021e-10	-2.238058e+01	-4.444113e+01
6.290000e-06	-3.197075e-06	-6.928801e-10	-2.264103e+01	-4.556491e+01
6.300000e-06	-3.233688e-06	-7.093610e-10	-2.290032e+01	-4.667930e+01
6.310000e-06	-3.270132e-06	-7.219096e-10	-2.315841e+01	-4.778384e+01
6.320000e-06	-3.306387e-06	-7.334815e-10	-2.341516e+01	-4.887810e+01
6.330000e-06	-3.342489e-06	-7.484326e-10	-2.367083e+01	-4.996164e+01
6.340000e-06	-3.378510e-06	-7.659243e-10	-2.392592e+01	-5.103402e+01
6.350000e-06	-3.414349e-06	-7.840959e-10	-2.417972e+01	-5.209481e+01
6.360000e-06	-3.449939e-06	-8.007352e-10	-2.443176e+01	-5.314361e+01
6.370000e-06	-3.485321e-06	-8.147732e-10	-2.468233e+01	-5.418000e+01
6.380000e-06	-3.520445e-06	-8.276409e-10	-2.493107e+01	-5.520358e+01
6.390000e-06	-3.555225e-06	-8.407935e-10	-2.517738e+01	-5.621398e+01
6.400000e-06	-3.589720e-06	-8.556348e-10	-2.542166e+01	-5.721081e+01
6.410000e-06	-3.623993e-06	-8.714300e-10	-2.566438e+01	-5.819373e+01
6.420000e-06	-3.658052e-06	-8.861445e-10	-2.590558e+01	-5.916240e+01
6.430000e-06	-3.691934e-06	-8.988467e-10	-2.614552e+01	-6.011651e+01
6.440000e-06	-3.725557e-06	-9.110369e-10	-2.638364e+01	-6.105575e+01
6.450000e-06	-3.758880e-06	-9.233039e-10	-2.661962e+01	-6.197986e+01
6.460000e-06	-3.791886e-06	-9.339046e-10	-2.685337e+01	-6.288857e+01
6.470000e-06	-3.824601e-06	-9.439354e-10	-2.708505e+01	-6.378167e+01
6.480000e-06	-3.857020e-06	-9.573552e-10	-2.731463e+01	-6.465896e+01
6.490000e-06	-3.889230e-06	-9.746167e-10	-2.754274e+01	-6.552026e+01
6.500000e-06	-3.921338e-06	-9.929481e-10	-2.777012e+01	-6.636541e+01
6.510000e-06	-3.953215e-06	-1.007676e-09	-2.799586e+01	-6.719432e+01
6.520000e-06	-3.984875e-06	-1.018921e-09	-2.822008e+01	-6.800688e+01
6.530000e-06	-4.016295e-06	-1.029474e-09	-2.844258e+01	-6.880303e+01
6.540000e-06	-4.047375e-06	-1.037674e-09	-2.866269e+01	-6.958275e+01
6.550000e-06	-4.078010e-06	-1.043966e-09	-2.887964e+01	-7.034603e+01
6.560000e-06	-4.108060e-06	-1.053108e-09	-2.909245e+01	-7.109290e+01
6.570000e-06	-4.137625e-06	-1.066024e-09	-2.930182e+01	-7.182342e+01
6.580000e-06	-4.166738e-06	-1.080732e-09	-2.950799e+01	-7.253767e+01
6.590000e-06	-4.195424e-06	-1.092464e-09	-2.971114e+01	-7.323576e+01
6.600000e-06	-4.223830e-06	-1.100896e-09	-2.991230e+01	-7.391784e+01
6.610000e-06	-4.252079e-06	-1.108340e-09	-3.011236e+01	-7.458407e+01
6.620000e-06	-4.280232e-06	-1.115357e-09	-3.031173e+01	-7.523464e+01
6.630000e-06	-4.308189e-06	-1.122758e-09	-3.050972e+01	-7.586976e+01
6.640000e-06	-4.335854e-06	-1.129987e-09	-3.070563e+01	-7.648967e+01
6.650000e-06	-4.363313e-06	-1.138064e-09	-3.090009e+01	-7.709462e+01
6.660000e-06	-4.390502e-06	-1.148101e-09	-3.109264e+01	-7.768488e+01
6.670000e-06	-4.417228e-06	-1.160584e-09	-3.128191e+01	-7.826074e+01
6.680000e-06	-4.443625e-06	-1.171155e-09	-3.146884e+01	-7.882250e+01
6.690000e-06	-4.469746e-06	-1.178778e-09	-3.165383e+01	-7.937048e+01
6.700000e-06	-4.495581e-06	-1.186823e-09	-3.183679e+01	-7.990500e+01
6.710000e-06	-4.521101e-06	-1.195471e-09	-3.201752e+01	-8.042639e+01
6.720000e-06	-4.546240e-06	-1.203830e-09	-3.219554e+01	-8.093499e+01
6.730000e-06	-4.571073e-06	-1.211641e-09	-3.237141e+01	-8.143112e+01
6.740000e-06	-4.595614e-06	-1.217635e-09	-3.254520e+01	-8.191514e+01
6.750000e-06	-4.619912e-06	-1.223496e-09	-3.271727e+01	-8.238738e+01
6.760000e-06	-4.644062e-06	-1.230081e-09	-3.288830e+01	-8.284817e+01
6.770000e-06	-4.668009e-06	-1.238081e-09	-3.305789e+01	-8.329784e+01
6.780000e-06	-4.691684e-06	-1.248588e-09	-3.322555e+01	-8.373671e+01
6.790000e-06	-4.715009e-06	-1.258026e-09	-3.339073e+01	-8.416508e+01
6.800000e-06	-4.737892e-06	-1.264862e-09	-3.355279e+01	-8.458325e+01
6.810000e-06	-4.760091e-06	-1.272011e-09	-3.370999e+01	-8.499151e+01
6.820000e-06	-4.781591e-06	-1.279858e-09	-3.386225e+01	-8.539013e+01
6.830000e-06	-4.802720e-06	-1.285650e-09	-3.401189e+01	-8.577935e+01
6.840000e-06	-4.823491e-06	-1.288606e-09	-3.415898e+01	-8.615941e+01
6.850000e-06	-4.843954e-06	-1.293511e-09	-3.430389e+01	-8.653052e+01
6.860000e-06	-4.864223e-06	-1.302562e-09	-3.444743e+01	-8.689289e+01
6.870000e-06	-4.884281e-06	-1.311168e-09	-3.458948e+01	-8.724668e+01
6.880000e-06	-4.904124e-06	-1.316204e-09	-3.473001e+01	-8.759205e+01
6.890000e-06	-4.923677e-06	-1.321013e-09	-3.486847e+01	-8.792915e+01
6.900000e-06	-4.942906e-06	-1.328527e-09	-3.500465e+01	-8.825807e+01
6.910000e-06	-4.961745e-06	-1.335723e-09	-3.513807e+01	-8.857893e+01
6.920000e-06	-4.980152e-06	-1.341062e-09	-3.526842e+01	-8.889179e+01
6.930000e-06	-4.998261e-06	-1.344846e-09	-3.539666e+01	-8.919671e+01
6.940000e-06	-5.016093e-06	-1.349849e-09	-3.552295e+01	-8.949372e+01
6.950000e-06	-5.033577e-06	-1.357167e-09	-3.564677e+01	-8.978285e+01
6.960000e-06	-5.050689e-06	-1.363323e-09	-3.576795e+01	-9.006411e+01
6.970000e-06	-5.067462e-06	-1.366845e-09	-3.588673e+01	-9.033747e+01
6.980000e-06	-5.083968e-06	-1.370310e-09	-3.600363e+01	-9.060293e+01
6.990000e-06	-5.100263e-06	-1.374428e-09	-3.611902e+01	-9.086043e+01
7.000000e-06	-5.116281e-06	-1.377524e-09	-3.623246e+01	-9.110995e+01
7.010000e-06	-5.131958e-06	-1.379562e-09	-3.634348e+01	-9.135142e+01
7.020000e-06	-5.147096e-06	-1.382160e-09	-3.645068e+01	-9.158479e+01
7.030000e-06	-5.161487e-06	-1.386222e-09	-3.655260e+01	-9.180999e+01
7.040000e-06	-5.175227e-06	-1.390551e-09	-3.664991e+01	-9.202696e+01
7.050000e-06	-5.188439e-06	-1.391758e-09	-3.674347e+01	-9.223564e+01
7.060000e-06	-5.201213e-06	-1.391367e-09	-3.683393e+01	-9.243595e+01
7.070000e-06	-5.213633e-06	-1.393499e-09	-3.692188e+01	-9.262785e+01
7.080000e-06	-5.225756e-06	-1.397334e-09	-3.700774e+01	-9.281127e+01
7.090000e-06	-5.237543e-06	-1.401466e-09	-3.709121e+01	-9.298617e+01
7.100000e-06	-5.248955e-06	-1.405486e-09	-3.717203e+01	-9.315252e+01
7.110000e-06	-5.259894e-06	-1.408629e-09	-3.724950e+01	-9.331028e+01
7.120000e-06	-5.270456e-06	-1.411113e-09	-3.732429e+01	-9.345945e+01
7.130000e-06	-5.280815e-06	-1.412084e-09	-3.739766e+01	-9.360002e+01
7.140000e-06	-5.290831e-06	-1.412515e-09	-3.746859e+01	-9.373201e+01
7.150000e-06	-5.300438e-06	-1.412305e-09	-3.753662e+01	-9.385546e+01
7.160000e-06	-5.309667e-06	-1.411262e-09	-3.760198e+01	-9.397041e+01
7.170000e-06	-5.318559e-06	-1.409274e-09	-3.766495e+01	-9.407693e+01
7.180000e-06	-5.327195e-06	-1.407767e-09	-3.772611e+01	-9.417511e+01
7.190000e-06	-5.335544e-06	-1.408702e-09	-3.778523e+01	-9.426506e+01
7.200000e-06	-5.343609e-06	-1.411632e-09	-3.784235e+01	-9.434689e+01
7.210000e-06	-5.351444e-06	-1.414952e-09	-3.789784e+01	-9.442076e+01
7.220000e-06	-5.358847e-06	-1.414819e-09	-3.795026e+01	-9.448682e+01
7.230000e-06	-5.365715e-06	-1.412975e-09	-3.799890e+01	-9.454526e+01
7.240000e-06	-5.372099e-06	-1.412984e-09	-3.804411e+01	-9.459629e+01
7.250000e-06	-5.377925e-06	-1.415810e-09	-3.808537e+01	-9.464011e+01
7.260000e-06	-5.383253e-06	-1.417080e-09	-3.812310e+01	-9.467696e+01
7.270000e-06	-5.388131e-06	-1.416649e-09	-3.815764e+01	-9.470710e+01
7.280000e-06	-5.392574e-06	-1.418026e-09	-3.818911e+01	-9.473078e+01
7.290000e-06	-5.396736e-06	-1.422040e-09	-3.821858e+01	-9.474828e+01
7.300000e-06	-5.400690e-06	-1.424548e-09	-3.824659e+01	-9.475989e+01
7.310000e-06	-5.404271e-06	-1.425372e-09	-3.827195e+01	-9.476590e+01
7.320000e-06	-5.407413e-06	-1.427340e-09	-3.829420e+01	-9.476662e+01
7.330000e-06	-5.410215e-06	-1.430328e-09	-3.831404e+01	-9.476236e+01
7.340000e-06	-5.412729e-06	-1.433311e-09	-3.833184e+01	-9.475343e+01
7.350000e-06	-5.414949e-06	-1.434773e-09	-3.834757e+01	-9.474015e+01
7.360000e-06	-5.416913e-06	-1.432633e-09	-3.836147e+01	-9.472283e+01
7.370000e-06	-5.418389e-06	-1.429142e-09	-3.837193e+01	-9.470178e+01
7.380000e-06	-5.419347e-06	-1.428230e-09	-3.837871e+01	-9.467733e+01
7.390000e-06	-5.420032e-06	-1.430009e-09	-3.838356e+01	-9.464976e+01
7.400000e-06	-5.420372e-06	-1.432468e-09	-3.838597e+01	-9.461938e+01
