# Temperatura_=_-1.5
# Concentracion g/m^3_=_4090.0
# C_Vs_to_Am_M_A/Vsm_=_65563218390.804596
# pendiente_HvsI_1/m_=_3716.3
# ordenada_HvsI_A/m_=_1297.0
# frecuencia_Hz_=_135073.36649172113

Tiempo_(s)	Campo_(V.s)	Magnetizacion_(V.s)	Campo_(kA/m)	Magnetizacion_(A/m)
0.000000e+00	-5.392876e-06	-2.182192e-09	-3.838822e+01	-1.444223e+02
1.000000e-08	-5.392999e-06	-2.180597e-09	-3.838909e+01	-1.443207e+02
2.000000e-08	-5.392873e-06	-2.177949e-09	-3.838820e+01	-1.442197e+02
3.000000e-08	-5.392466e-06	-2.173804e-09	-3.838530e+01	-1.441198e+02
4.000000e-08	-5.391712e-06	-2.171116e-09	-3.837993e+01	-1.440214e+02
5.000000e-08	-5.390579e-06	-2.167355e-09	-3.837186e+01	-1.439247e+02
6.000000e-08	-5.389029e-06	-2.164385e-09	-3.836083e+01	-1.438302e+02
7.000000e-08	-5.386839e-06	-2.166965e-09	-3.834525e+01	-1.437382e+02
8.000000e-08	-5.383808e-06	-2.164391e-09	-3.832367e+01	-1.436489e+02
9.000000e-08	-5.380097e-06	-2.155562e-09	-3.829725e+01	-1.435625e+02
1.000000e-07	-5.375984e-06	-2.171869e-09	-3.826798e+01	-1.434793e+02
1.100000e-07	-5.371657e-06	-2.176948e-09	-3.823717e+01	-1.433994e+02
1.200000e-07	-5.367244e-06	-2.167653e-09	-3.820576e+01	-1.433228e+02
1.300000e-07	-5.362606e-06	-2.164760e-09	-3.817275e+01	-1.432497e+02
1.400000e-07	-5.357553e-06	-2.173673e-09	-3.813678e+01	-1.431800e+02
1.500000e-07	-5.352123e-06	-2.190585e-09	-3.809813e+01	-1.431136e+02
1.600000e-07	-5.346375e-06	-2.164467e-09	-3.805721e+01	-1.430504e+02
1.700000e-07	-5.340204e-06	-2.143479e-09	-3.801328e+01	-1.429903e+02
1.800000e-07	-5.333542e-06	-2.167427e-09	-3.796586e+01	-1.429331e+02
1.900000e-07	-5.326545e-06	-2.185168e-09	-3.791605e+01	-1.428784e+02
2.000000e-07	-5.319300e-06	-2.199873e-09	-3.786448e+01	-1.428260e+02
2.100000e-07	-5.311746e-06	-2.195751e-09	-3.781071e+01	-1.427756e+02
2.200000e-07	-5.303858e-06	-2.216953e-09	-3.775456e+01	-1.427266e+02
2.300000e-07	-5.295673e-06	-2.210843e-09	-3.769630e+01	-1.426787e+02
2.400000e-07	-5.287154e-06	-2.216011e-09	-3.763566e+01	-1.426313e+02
2.500000e-07	-5.278093e-06	-2.229568e-09	-3.757116e+01	-1.425840e+02
2.600000e-07	-5.268419e-06	-2.244667e-09	-3.750229e+01	-1.425362e+02
2.700000e-07	-5.258190e-06	-2.232307e-09	-3.742948e+01	-1.424874e+02
2.800000e-07	-5.247481e-06	-2.217683e-09	-3.735325e+01	-1.424368e+02
2.900000e-07	-5.236292e-06	-2.205112e-09	-3.727360e+01	-1.423841e+02
3.000000e-07	-5.224634e-06	-2.192570e-09	-3.719061e+01	-1.423285e+02
3.100000e-07	-5.212577e-06	-2.186236e-09	-3.710479e+01	-1.422694e+02
3.200000e-07	-5.200132e-06	-2.191831e-09	-3.701621e+01	-1.422062e+02
3.300000e-07	-5.187373e-06	-2.200725e-09	-3.692538e+01	-1.421383e+02
3.400000e-07	-5.174261e-06	-2.188875e-09	-3.683205e+01	-1.420652e+02
3.500000e-07	-5.160693e-06	-2.196550e-09	-3.673546e+01	-1.419862e+02
3.600000e-07	-5.146756e-06	-2.200449e-09	-3.663626e+01	-1.419009e+02
3.700000e-07	-5.132490e-06	-2.190437e-09	-3.653471e+01	-1.418086e+02
3.800000e-07	-5.117721e-06	-2.163025e-09	-3.642957e+01	-1.417090e+02
3.900000e-07	-5.102309e-06	-2.174918e-09	-3.631987e+01	-1.416015e+02
4.000000e-07	-5.086273e-06	-2.186659e-09	-3.620572e+01	-1.414859e+02
4.100000e-07	-5.069809e-06	-2.184036e-09	-3.608852e+01	-1.413617e+02
4.200000e-07	-5.053044e-06	-2.172849e-09	-3.596919e+01	-1.412286e+02
4.300000e-07	-5.035902e-06	-2.177009e-09	-3.584716e+01	-1.410865e+02
4.400000e-07	-5.018464e-06	-2.170323e-09	-3.572303e+01	-1.409351e+02
4.500000e-07	-5.000755e-06	-2.162913e-09	-3.559697e+01	-1.407742e+02
4.600000e-07	-4.982665e-06	-2.147663e-09	-3.546820e+01	-1.406039e+02
4.700000e-07	-4.964267e-06	-2.145022e-09	-3.533724e+01	-1.404241e+02
4.800000e-07	-4.945524e-06	-2.147781e-09	-3.520382e+01	-1.402347e+02
4.900000e-07	-4.926355e-06	-2.158710e-09	-3.506737e+01	-1.400361e+02
5.000000e-07	-4.906792e-06	-2.149167e-09	-3.492811e+01	-1.398282e+02
5.100000e-07	-4.886930e-06	-2.137833e-09	-3.478673e+01	-1.396113e+02
5.200000e-07	-4.866876e-06	-2.132251e-09	-3.464398e+01	-1.393857e+02
5.300000e-07	-4.846646e-06	-2.130636e-09	-3.449998e+01	-1.391516e+02
5.400000e-07	-4.826122e-06	-2.121019e-09	-3.435388e+01	-1.389095e+02
5.500000e-07	-4.805256e-06	-2.120460e-09	-3.420535e+01	-1.386597e+02
5.600000e-07	-4.784110e-06	-2.123141e-09	-3.405483e+01	-1.384026e+02
5.700000e-07	-4.762612e-06	-2.125788e-09	-3.390180e+01	-1.381387e+02
5.800000e-07	-4.740776e-06	-2.119980e-09	-3.374636e+01	-1.378686e+02
5.900000e-07	-4.718649e-06	-2.105372e-09	-3.358886e+01	-1.375926e+02
6.000000e-07	-4.696208e-06	-2.092404e-09	-3.342911e+01	-1.373114e+02
6.100000e-07	-4.673431e-06	-2.089829e-09	-3.326698e+01	-1.370255e+02
6.200000e-07	-4.650349e-06	-2.088290e-09	-3.310267e+01	-1.367354e+02
6.300000e-07	-4.626908e-06	-2.079510e-09	-3.293581e+01	-1.364416e+02
6.400000e-07	-4.603185e-06	-2.082690e-09	-3.276695e+01	-1.361448e+02
6.500000e-07	-4.579272e-06	-2.088965e-09	-3.259672e+01	-1.358454e+02
6.600000e-07	-4.555141e-06	-2.089674e-09	-3.242495e+01	-1.355439e+02
6.700000e-07	-4.530839e-06	-2.080289e-09	-3.225196e+01	-1.352409e+02
6.800000e-07	-4.506191e-06	-2.070710e-09	-3.207651e+01	-1.349367e+02
6.900000e-07	-4.481062e-06	-2.053252e-09	-3.189763e+01	-1.346318e+02
7.000000e-07	-4.455354e-06	-2.039789e-09	-3.171464e+01	-1.343266e+02
7.100000e-07	-4.429040e-06	-2.030121e-09	-3.152733e+01	-1.340214e+02
7.200000e-07	-4.402183e-06	-2.031707e-09	-3.133615e+01	-1.337165e+02
7.300000e-07	-4.374907e-06	-2.038480e-09	-3.114199e+01	-1.334123e+02
7.400000e-07	-4.347354e-06	-2.049214e-09	-3.094586e+01	-1.331088e+02
7.500000e-07	-4.319537e-06	-2.047211e-09	-3.074785e+01	-1.328063e+02
7.600000e-07	-4.291532e-06	-2.039799e-09	-3.054850e+01	-1.325049e+02
7.700000e-07	-4.263356e-06	-2.027462e-09	-3.034793e+01	-1.322047e+02
7.800000e-07	-4.235031e-06	-2.017395e-09	-3.014630e+01	-1.319055e+02
7.900000e-07	-4.206524e-06	-2.005019e-09	-2.994339e+01	-1.316075e+02
8.000000e-07	-4.177650e-06	-1.999073e-09	-2.973785e+01	-1.313105e+02
8.100000e-07	-4.148421e-06	-1.998286e-09	-2.952979e+01	-1.310143e+02
8.200000e-07	-4.118846e-06	-2.004455e-09	-2.931926e+01	-1.307188e+02
8.300000e-07	-4.088956e-06	-2.007595e-09	-2.910650e+01	-1.304238e+02
8.400000e-07	-4.058919e-06	-2.002614e-09	-2.889268e+01	-1.301290e+02
8.500000e-07	-4.028706e-06	-1.993107e-09	-2.867762e+01	-1.298340e+02
8.600000e-07	-3.998170e-06	-1.984873e-09	-2.846026e+01	-1.295386e+02
8.700000e-07	-3.967325e-06	-1.976976e-09	-2.824069e+01	-1.292424e+02
8.800000e-07	-3.936177e-06	-1.968544e-09	-2.801897e+01	-1.289449e+02
8.900000e-07	-3.904720e-06	-1.961804e-09	-2.779505e+01	-1.286459e+02
9.000000e-07	-3.873027e-06	-1.959104e-09	-2.756945e+01	-1.283448e+02
9.100000e-07	-3.841161e-06	-1.959245e-09	-2.734261e+01	-1.280412e+02
9.200000e-07	-3.809093e-06	-1.957313e-09	-2.711434e+01	-1.277348e+02
9.300000e-07	-3.776802e-06	-1.955256e-09	-2.688448e+01	-1.274250e+02
9.400000e-07	-3.744368e-06	-1.954917e-09	-2.665361e+01	-1.271115e+02
9.500000e-07	-3.711765e-06	-1.956097e-09	-2.642153e+01	-1.267938e+02
9.600000e-07	-3.678888e-06	-1.951330e-09	-2.618751e+01	-1.264716e+02
9.700000e-07	-3.645553e-06	-1.941501e-09	-2.595021e+01	-1.261444e+02
9.800000e-07	-3.611680e-06	-1.927819e-09	-2.570909e+01	-1.258120e+02
9.900000e-07	-3.577341e-06	-1.916266e-09	-2.546466e+01	-1.254739e+02
1.000000e-06	-3.542632e-06	-1.905639e-09	-2.521759e+01	-1.251300e+02
1.010000e-06	-3.507634e-06	-1.902542e-09	-2.496846e+01	-1.247798e+02
1.020000e-06	-3.472321e-06	-1.905152e-09	-2.471709e+01	-1.244233e+02
1.030000e-06	-3.436726e-06	-1.909702e-09	-2.446372e+01	-1.240601e+02
1.040000e-06	-3.400924e-06	-1.907352e-09	-2.420886e+01	-1.236903e+02
1.050000e-06	-3.364963e-06	-1.899933e-09	-2.395288e+01	-1.233135e+02
1.060000e-06	-3.328891e-06	-1.887142e-09	-2.369611e+01	-1.229299e+02
1.070000e-06	-3.292657e-06	-1.871696e-09	-2.343818e+01	-1.225393e+02
1.080000e-06	-3.256256e-06	-1.854752e-09	-2.317908e+01	-1.221417e+02
1.090000e-06	-3.219689e-06	-1.844575e-09	-2.291878e+01	-1.217373e+02
1.100000e-06	-3.182871e-06	-1.843103e-09	-2.265670e+01	-1.213260e+02
1.110000e-06	-3.145801e-06	-1.847959e-09	-2.239282e+01	-1.209080e+02
1.120000e-06	-3.108546e-06	-1.850361e-09	-2.212763e+01	-1.204835e+02
1.130000e-06	-3.071043e-06	-1.845872e-09	-2.186066e+01	-1.200525e+02
1.140000e-06	-3.033280e-06	-1.834285e-09	-2.159185e+01	-1.196154e+02
1.150000e-06	-2.995289e-06	-1.820894e-09	-2.132142e+01	-1.191724e+02
1.160000e-06	-2.957102e-06	-1.807211e-09	-2.104960e+01	-1.187236e+02
1.170000e-06	-2.918780e-06	-1.794185e-09	-2.077681e+01	-1.182693e+02
1.180000e-06	-2.880341e-06	-1.783993e-09	-2.050319e+01	-1.178099e+02
1.190000e-06	-2.841682e-06	-1.779393e-09	-2.022800e+01	-1.173455e+02
1.200000e-06	-2.802679e-06	-1.779905e-09	-1.995037e+01	-1.168764e+02
1.210000e-06	-2.763477e-06	-1.779122e-09	-1.967131e+01	-1.164029e+02
1.220000e-06	-2.724065e-06	-1.774251e-09	-1.939077e+01	-1.159252e+02
1.230000e-06	-2.684447e-06	-1.765226e-09	-1.910876e+01	-1.154437e+02
1.240000e-06	-2.644715e-06	-1.754241e-09	-1.882593e+01	-1.149584e+02
1.250000e-06	-2.604848e-06	-1.742322e-09	-1.854214e+01	-1.144696e+02
1.260000e-06	-2.564857e-06	-1.732040e-09	-1.825747e+01	-1.139776e+02
1.270000e-06	-2.524741e-06	-1.722504e-09	-1.797191e+01	-1.134823e+02
1.280000e-06	-2.484537e-06	-1.717119e-09	-1.768573e+01	-1.129841e+02
1.290000e-06	-2.444272e-06	-1.711817e-09	-1.739911e+01	-1.124829e+02
1.300000e-06	-2.403942e-06	-1.705188e-09	-1.711203e+01	-1.119788e+02
1.310000e-06	-2.363471e-06	-1.696524e-09	-1.682395e+01	-1.114718e+02
1.320000e-06	-2.322779e-06	-1.688885e-09	-1.653428e+01	-1.109619e+02
1.330000e-06	-2.281853e-06	-1.680091e-09	-1.624296e+01	-1.104490e+02
1.340000e-06	-2.240718e-06	-1.670847e-09	-1.595015e+01	-1.099331e+02
1.350000e-06	-2.199414e-06	-1.662679e-09	-1.565613e+01	-1.094139e+02
1.360000e-06	-2.157833e-06	-1.654604e-09	-1.536014e+01	-1.088914e+02
1.370000e-06	-2.115887e-06	-1.644086e-09	-1.506156e+01	-1.083653e+02
1.380000e-06	-2.073672e-06	-1.633128e-09	-1.476106e+01	-1.078353e+02
1.390000e-06	-2.031171e-06	-1.622794e-09	-1.445853e+01	-1.073012e+02
1.400000e-06	-1.988367e-06	-1.613717e-09	-1.415383e+01	-1.067626e+02
1.410000e-06	-1.945306e-06	-1.606020e-09	-1.384731e+01	-1.062191e+02
1.420000e-06	-1.902102e-06	-1.599081e-09	-1.353977e+01	-1.056705e+02
1.430000e-06	-1.858801e-06	-1.590658e-09	-1.323154e+01	-1.051162e+02
1.440000e-06	-1.815343e-06	-1.583026e-09	-1.292219e+01	-1.045559e+02
1.450000e-06	-1.771749e-06	-1.576431e-09	-1.261187e+01	-1.039891e+02
1.460000e-06	-1.728057e-06	-1.568147e-09	-1.230086e+01	-1.034153e+02
1.470000e-06	-1.684240e-06	-1.555795e-09	-1.198896e+01	-1.028342e+02
1.480000e-06	-1.640263e-06	-1.542385e-09	-1.167592e+01	-1.022450e+02
1.490000e-06	-1.596263e-06	-1.532622e-09	-1.136271e+01	-1.016475e+02
1.500000e-06	-1.552274e-06	-1.524658e-09	-1.104958e+01	-1.010411e+02
1.510000e-06	-1.508208e-06	-1.516837e-09	-1.073591e+01	-1.004253e+02
1.520000e-06	-1.464047e-06	-1.507685e-09	-1.042156e+01	-9.979963e+01
1.530000e-06	-1.419865e-06	-1.498292e-09	-1.010705e+01	-9.916359e+01
1.540000e-06	-1.375675e-06	-1.485985e-09	-9.792493e+00	-9.851672e+01
1.550000e-06	-1.331377e-06	-1.471204e-09	-9.477166e+00	-9.785854e+01
1.560000e-06	-1.286951e-06	-1.455953e-09	-9.160926e+00	-9.718862e+01
1.570000e-06	-1.242479e-06	-1.446512e-09	-8.844364e+00	-9.650650e+01
1.580000e-06	-1.197927e-06	-1.442293e-09	-8.527227e+00	-9.581176e+01
1.590000e-06	-1.153299e-06	-1.436981e-09	-8.209553e+00	-9.510399e+01
1.600000e-06	-1.108671e-06	-1.429447e-09	-7.891875e+00	-9.438279e+01
1.610000e-06	-1.063924e-06	-1.419698e-09	-7.573354e+00	-9.364775e+01
1.620000e-06	-1.019064e-06	-1.406376e-09	-7.254023e+00	-9.289852e+01
1.630000e-06	-9.741275e-07	-1.390138e-09	-6.934151e+00	-9.213472e+01
1.640000e-06	-9.290563e-07	-1.373801e-09	-6.613320e+00	-9.135599e+01
1.650000e-06	-8.839035e-07	-1.363307e-09	-6.291908e+00	-9.056197e+01
1.660000e-06	-8.387213e-07	-1.357616e-09	-5.970287e+00	-8.975231e+01
1.670000e-06	-7.934512e-07	-1.352088e-09	-5.648040e+00	-8.892666e+01
1.680000e-06	-7.480826e-07	-1.342391e-09	-5.325091e+00	-8.808467e+01
1.690000e-06	-7.027243e-07	-1.327984e-09	-5.002216e+00	-8.722596e+01
1.700000e-06	-6.573481e-07	-1.311322e-09	-4.679214e+00	-8.635017e+01
1.710000e-06	-6.118582e-07	-1.293745e-09	-4.355403e+00	-8.545690e+01
1.720000e-06	-5.663153e-07	-1.275951e-09	-4.031214e+00	-8.454576e+01
1.730000e-06	-5.207422e-07	-1.261297e-09	-3.706810e+00	-8.361629e+01
1.740000e-06	-4.751661e-07	-1.249371e-09	-3.382384e+00	-8.266806e+01
1.750000e-06	-4.295452e-07	-1.236880e-09	-3.057640e+00	-8.170057e+01
1.760000e-06	-3.838502e-07	-1.221960e-09	-2.732368e+00	-8.071331e+01
1.770000e-06	-3.380828e-07	-1.204408e-09	-2.406582e+00	-7.970571e+01
1.780000e-06	-2.922561e-07	-1.185917e-09	-2.080373e+00	-7.867719e+01
1.790000e-06	-2.464687e-07	-1.167234e-09	-1.754443e+00	-7.762710e+01
1.800000e-06	-2.007256e-07	-1.148530e-09	-1.428829e+00	-7.655476e+01
1.810000e-06	-1.549758e-07	-1.129261e-09	-1.103168e+00	-7.545945e+01
1.820000e-06	-1.092412e-07	-1.110235e-09	-7.776136e-01	-7.434040e+01
1.830000e-06	-6.355054e-08	-1.092807e-09	-4.523731e-01	-7.319679e+01
1.840000e-06	-1.791000e-08	-1.075486e-09	-1.274891e-01	-7.202774e+01
1.850000e-06	2.776803e-08	-1.056400e-09	1.976617e-01	-7.083237e+01
1.860000e-06	7.359087e-08	-1.037099e-09	5.238434e-01	-6.960970e+01
1.870000e-06	1.194188e-07	-1.018567e-09	8.500613e-01	-6.835876e+01
1.880000e-06	1.652019e-07	-1.000262e-09	1.175960e+00	-6.707850e+01
1.890000e-06	2.109667e-07	-9.785575e-10	1.501728e+00	-6.576787e+01
1.900000e-06	2.567310e-07	-9.528642e-10	1.827493e+00	-6.442577e+01
1.910000e-06	3.024767e-07	-9.254199e-10	2.153126e+00	-6.305109e+01
1.920000e-06	3.481964e-07	-9.001472e-10	2.478574e+00	-6.164270e+01
1.930000e-06	3.938401e-07	-8.767407e-10	2.803480e+00	-6.019945e+01
1.940000e-06	4.394302e-07	-8.528163e-10	3.128004e+00	-5.872021e+01
1.950000e-06	4.850613e-07	-8.284662e-10	3.452822e+00	-5.720382e+01
1.960000e-06	5.306495e-07	-8.064989e-10	3.777333e+00	-5.564917e+01
1.970000e-06	5.761532e-07	-7.844236e-10	4.101243e+00	-5.405516e+01
1.980000e-06	6.215624e-07	-7.579657e-10	4.424480e+00	-5.242071e+01
1.990000e-06	6.669748e-07	-7.269403e-10	4.747740e+00	-5.074479e+01
2.000000e-06	7.124133e-07	-6.938096e-10	5.071186e+00	-4.902644e+01
2.010000e-06	7.577463e-07	-6.635114e-10	5.393881e+00	-4.726474e+01
2.020000e-06	8.030492e-07	-6.367031e-10	5.716361e+00	-4.545884e+01
2.030000e-06	8.482800e-07	-6.095137e-10	6.038329e+00	-4.360800e+01
2.040000e-06	8.933006e-07	-5.820127e-10	6.358800e+00	-4.171155e+01
2.050000e-06	9.382657e-07	-5.554895e-10	6.678875e+00	-3.976892e+01
2.060000e-06	9.832335e-07	-5.293613e-10	6.998971e+00	-3.777967e+01
2.070000e-06	1.028140e-06	-5.001696e-10	7.318627e+00	-3.574347e+01
2.080000e-06	1.072951e-06	-4.659204e-10	7.637606e+00	-3.366013e+01
2.090000e-06	1.117658e-06	-4.304496e-10	7.955850e+00	-3.152957e+01
2.100000e-06	1.162299e-06	-3.949830e-10	8.273614e+00	-2.935190e+01
2.110000e-06	1.206861e-06	-3.596668e-10	8.590824e+00	-2.712735e+01
2.120000e-06	1.251303e-06	-3.258382e-10	8.907176e+00	-2.485631e+01
2.130000e-06	1.295641e-06	-2.937806e-10	9.222789e+00	-2.253934e+01
2.140000e-06	1.339884e-06	-2.623306e-10	9.537726e+00	-2.017718e+01
2.150000e-06	1.384071e-06	-2.307576e-10	9.852263e+00	-1.777071e+01
2.160000e-06	1.428294e-06	-1.974340e-10	1.016706e+01	-1.532101e+01
2.170000e-06	1.472481e-06	-1.610174e-10	1.048159e+01	-1.282932e+01
2.180000e-06	1.516566e-06	-1.226766e-10	1.079540e+01	-1.029704e+01
2.190000e-06	1.560609e-06	-8.299850e-11	1.110892e+01	-7.725768e+00
2.200000e-06	1.604625e-06	-4.206618e-11	1.142223e+01	-5.117244e+00
2.210000e-06	1.648625e-06	-2.887880e-12	1.173544e+01	-2.473387e+00
2.220000e-06	1.692592e-06	3.432809e-11	1.204841e+01	2.037296e-01
2.230000e-06	1.736506e-06	7.268396e-11	1.236101e+01	2.911878e+00
2.240000e-06	1.780303e-06	1.145768e-10	1.267277e+01	5.648686e+00
2.250000e-06	1.823878e-06	1.563213e-10	1.298294e+01	8.411641e+00
2.260000e-06	1.867367e-06	1.959439e-10	1.329252e+01	1.119811e+01
2.270000e-06	1.910752e-06	2.354231e-10	1.360135e+01	1.400532e+01
2.280000e-06	1.953848e-06	2.766024e-10	1.390811e+01	1.683042e+01
2.290000e-06	1.996700e-06	3.198312e-10	1.421315e+01	1.967044e+01
2.300000e-06	2.039317e-06	3.616401e-10	1.451651e+01	2.252234e+01
2.310000e-06	2.081657e-06	4.003597e-10	1.481790e+01	2.538300e+01
2.320000e-06	2.123645e-06	4.414691e-10	1.511679e+01	2.824925e+01
2.330000e-06	2.165310e-06	4.861434e-10	1.541337e+01	3.111787e+01
2.340000e-06	2.206881e-06	5.282013e-10	1.570929e+01	3.398562e+01
2.350000e-06	2.248218e-06	5.664186e-10	1.600354e+01	3.684924e+01
2.360000e-06	2.289203e-06	6.058304e-10	1.629528e+01	3.970547e+01
2.370000e-06	2.329976e-06	6.487799e-10	1.658552e+01	4.255106e+01
2.380000e-06	2.370557e-06	6.912262e-10	1.687438e+01	4.538280e+01
2.390000e-06	2.410990e-06	7.314958e-10	1.716220e+01	4.819752e+01
2.400000e-06	2.451270e-06	7.717145e-10	1.744892e+01	5.099210e+01
2.410000e-06	2.491449e-06	8.148727e-10	1.773493e+01	5.376349e+01
2.420000e-06	2.531567e-06	8.613244e-10	1.802051e+01	5.650874e+01
2.430000e-06	2.571573e-06	9.075701e-10	1.830528e+01	5.922497e+01
2.440000e-06	2.611447e-06	9.484677e-10	1.858912e+01	6.190943e+01
2.450000e-06	2.651188e-06	9.848721e-10	1.887200e+01	6.455948e+01
2.460000e-06	2.690841e-06	1.020794e-09	1.915427e+01	6.717260e+01
2.470000e-06	2.730348e-06	1.056269e-09	1.943549e+01	6.974641e+01
2.480000e-06	2.769617e-06	1.090787e-09	1.971502e+01	7.227868e+01
2.490000e-06	2.808671e-06	1.126947e-09	1.999302e+01	7.476734e+01
2.500000e-06	2.847451e-06	1.167658e-09	2.026907e+01	7.721045e+01
2.510000e-06	2.885925e-06	1.212011e-09	2.054294e+01	7.960626e+01
2.520000e-06	2.924244e-06	1.254782e-09	2.081570e+01	8.195317e+01
2.530000e-06	2.962421e-06	1.291724e-09	2.108746e+01	8.424977e+01
2.540000e-06	3.000454e-06	1.323566e-09	2.135819e+01	8.649479e+01
2.550000e-06	3.038356e-06	1.349673e-09	2.162799e+01	8.868716e+01
2.560000e-06	3.076024e-06	1.372859e-09	2.189612e+01	9.082596e+01
2.570000e-06	3.113467e-06	1.397527e-09	2.216266e+01	9.291046e+01
2.580000e-06	3.150721e-06	1.428017e-09	2.242784e+01	9.494008e+01
2.590000e-06	3.187721e-06	1.466606e-09	2.269122e+01	9.691441e+01
2.600000e-06	3.224407e-06	1.509672e-09	2.295236e+01	9.883321e+01
2.610000e-06	3.260896e-06	1.550452e-09	2.321210e+01	1.006964e+02
2.620000e-06	3.297270e-06	1.581492e-09	2.347102e+01	1.025040e+02
2.630000e-06	3.333516e-06	1.604051e-09	2.372903e+01	1.042562e+02
2.640000e-06	3.369606e-06	1.620634e-09	2.398593e+01	1.059533e+02
2.650000e-06	3.405539e-06	1.633855e-09	2.424172e+01	1.075959e+02
2.660000e-06	3.441395e-06	1.648626e-09	2.449695e+01	1.091844e+02
2.670000e-06	3.477098e-06	1.670026e-09	2.475110e+01	1.107197e+02
2.680000e-06	3.512407e-06	1.699498e-09	2.500244e+01	1.122023e+02
2.690000e-06	3.547295e-06	1.730926e-09	2.525078e+01	1.136334e+02
2.700000e-06	3.581839e-06	1.758759e-09	2.549668e+01	1.150137e+02
2.710000e-06	3.616025e-06	1.781434e-09	2.574003e+01	1.163444e+02
2.720000e-06	3.649814e-06	1.798916e-09	2.598055e+01	1.176265e+02
2.730000e-06	3.683118e-06	1.812428e-09	2.621761e+01	1.188613e+02
2.740000e-06	3.715965e-06	1.823043e-09	2.645143e+01	1.200498e+02
2.750000e-06	3.748462e-06	1.835207e-09	2.668275e+01	1.211934e+02
2.760000e-06	3.780731e-06	1.852738e-09	2.691245e+01	1.222934e+02
2.770000e-06	3.812859e-06	1.872957e-09	2.714115e+01	1.233510e+02
2.780000e-06	3.844894e-06	1.893555e-09	2.736919e+01	1.243675e+02
2.790000e-06	3.876751e-06	1.912957e-09	2.759596e+01	1.253443e+02
2.800000e-06	3.908383e-06	1.927772e-09	2.782112e+01	1.262827e+02
2.810000e-06	3.939803e-06	1.938853e-09	2.804478e+01	1.271840e+02
2.820000e-06	3.970907e-06	1.947903e-09	2.826619e+01	1.280495e+02
2.830000e-06	4.001598e-06	1.956010e-09	2.848465e+01	1.288804e+02
2.840000e-06	4.032021e-06	1.965632e-09	2.870122e+01	1.296781e+02
2.850000e-06	4.062221e-06	1.976780e-09	2.891619e+01	1.304438e+02
2.860000e-06	4.092064e-06	1.988043e-09	2.912862e+01	1.311786e+02
2.870000e-06	4.121715e-06	2.000365e-09	2.933969e+01	1.318839e+02
2.880000e-06	4.151234e-06	2.012558e-09	2.954981e+01	1.325606e+02
2.890000e-06	4.180480e-06	2.021179e-09	2.975800e+01	1.332100e+02
2.900000e-06	4.209426e-06	2.028373e-09	2.996404e+01	1.338330e+02
2.910000e-06	4.238033e-06	2.036277e-09	3.016768e+01	1.344308e+02
2.920000e-06	4.266316e-06	2.044660e-09	3.036900e+01	1.350042e+02
2.930000e-06	4.294396e-06	2.051841e-09	3.056888e+01	1.355544e+02
2.940000e-06	4.322375e-06	2.057273e-09	3.076805e+01	1.360821e+02
2.950000e-06	4.350188e-06	2.063071e-09	3.096603e+01	1.365884e+02
2.960000e-06	4.377711e-06	2.068679e-09	3.116195e+01	1.370739e+02
2.970000e-06	4.404965e-06	2.074746e-09	3.135595e+01	1.375396e+02
2.980000e-06	4.431803e-06	2.081885e-09	3.154699e+01	1.379861e+02
2.990000e-06	4.458038e-06	2.089048e-09	3.173374e+01	1.384144e+02
3.000000e-06	4.483605e-06	2.096272e-09	3.191573e+01	1.388250e+02
3.010000e-06	4.508585e-06	2.104777e-09	3.209355e+01	1.392186e+02
3.020000e-06	4.533196e-06	2.112195e-09	3.226874e+01	1.395959e+02
3.030000e-06	4.557517e-06	2.116800e-09	3.244187e+01	1.399576e+02
3.040000e-06	4.581570e-06	2.120419e-09	3.261308e+01	1.403041e+02
3.050000e-06	4.605461e-06	2.124058e-09	3.278315e+01	1.406362e+02
3.060000e-06	4.629187e-06	2.128747e-09	3.295203e+01	1.409543e+02
3.070000e-06	4.652549e-06	2.133928e-09	3.311833e+01	1.412591e+02
3.080000e-06	4.675579e-06	2.139686e-09	3.328227e+01	1.415509e+02
3.090000e-06	4.698245e-06	2.146632e-09	3.344361e+01	1.418303e+02
3.100000e-06	4.720531e-06	2.152410e-09	3.360225e+01	1.420979e+02
3.110000e-06	4.742582e-06	2.153690e-09	3.375922e+01	1.423539e+02
3.120000e-06	4.764295e-06	2.153431e-09	3.391378e+01	1.425990e+02
3.130000e-06	4.785649e-06	2.155372e-09	3.406578e+01	1.428334e+02
3.140000e-06	4.806690e-06	2.159254e-09	3.421556e+01	1.430577e+02
3.150000e-06	4.827470e-06	2.163475e-09	3.436348e+01	1.432722e+02
3.160000e-06	4.847992e-06	2.167721e-09	3.450956e+01	1.434773e+02
3.170000e-06	4.868215e-06	2.174545e-09	3.465351e+01	1.436733e+02
3.180000e-06	4.888203e-06	2.180673e-09	3.479579e+01	1.438605e+02
3.190000e-06	4.908007e-06	2.181837e-09	3.493677e+01	1.440394e+02
3.200000e-06	4.927571e-06	2.180230e-09	3.507603e+01	1.442101e+02
3.210000e-06	4.946742e-06	2.180731e-09	3.521250e+01	1.443730e+02
3.220000e-06	4.965470e-06	2.185461e-09	3.534581e+01	1.445284e+02
3.230000e-06	4.983729e-06	2.191551e-09	3.547578e+01	1.446764e+02
3.240000e-06	5.001573e-06	2.196704e-09	3.560280e+01	1.448173e+02
3.250000e-06	5.019106e-06	2.201370e-09	3.572760e+01	1.449512e+02
3.260000e-06	5.036351e-06	2.208157e-09	3.585036e+01	1.450784e+02
3.270000e-06	5.053376e-06	2.213057e-09	3.597155e+01	1.451991e+02
3.280000e-06	5.070098e-06	2.212653e-09	3.609058e+01	1.453132e+02
3.290000e-06	5.086389e-06	2.212000e-09	3.620655e+01	1.454211e+02
3.300000e-06	5.102135e-06	2.215932e-09	3.631863e+01	1.455226e+02
3.310000e-06	5.117352e-06	2.220535e-09	3.642695e+01	1.456180e+02
3.320000e-06	5.132198e-06	2.223330e-09	3.653263e+01	1.457072e+02
3.330000e-06	5.146641e-06	2.224828e-09	3.663544e+01	1.457904e+02
3.340000e-06	5.160661e-06	2.226955e-09	3.673524e+01	1.458674e+02
3.350000e-06	5.174388e-06	2.229537e-09	3.683295e+01	1.459383e+02
3.360000e-06	5.187763e-06	2.229839e-09	3.692816e+01	1.460032e+02
3.370000e-06	5.200662e-06	2.225123e-09	3.701998e+01	1.460619e+02
3.380000e-06	5.213145e-06	2.218393e-09	3.710883e+01	1.461145e+02
3.390000e-06	5.225299e-06	2.217336e-09	3.719535e+01	1.461608e+02
3.400000e-06	5.237162e-06	2.222218e-09	3.727979e+01	1.462010e+02
3.410000e-06	5.248681e-06	2.227729e-09	3.736179e+01	1.462348e+02
3.420000e-06	5.259678e-06	2.230004e-09	3.744007e+01	1.462623e+02
3.430000e-06	5.270042e-06	2.229686e-09	3.751385e+01	1.462833e+02
3.440000e-06	5.279799e-06	2.226930e-09	3.758330e+01	1.462980e+02
3.450000e-06	5.288923e-06	2.222029e-09	3.764825e+01	1.463062e+02
3.460000e-06	5.297523e-06	2.218093e-09	3.770946e+01	1.463079e+02
3.470000e-06	5.305815e-06	2.218177e-09	3.776849e+01	1.463032e+02
3.480000e-06	5.313911e-06	2.222654e-09	3.782612e+01	1.462920e+02
3.490000e-06	5.321764e-06	2.228385e-09	3.788202e+01	1.462743e+02
3.500000e-06	5.329274e-06	2.232196e-09	3.793548e+01	1.462502e+02
3.510000e-06	5.336446e-06	2.233437e-09	3.798653e+01	1.462199e+02
3.520000e-06	5.343325e-06	2.230197e-09	3.803550e+01	1.461833e+02
3.530000e-06	5.349803e-06	2.224980e-09	3.808161e+01	1.461406e+02
3.540000e-06	5.355903e-06	2.219520e-09	3.812503e+01	1.460920e+02
3.550000e-06	5.361703e-06	2.216783e-09	3.816632e+01	1.460376e+02
3.560000e-06	5.367111e-06	2.216072e-09	3.820481e+01	1.459777e+02
3.570000e-06	5.372069e-06	2.216774e-09	3.824010e+01	1.459124e+02
3.580000e-06	5.376617e-06	2.218226e-09	3.827248e+01	1.458421e+02
3.590000e-06	5.380885e-06	2.220324e-09	3.830286e+01	1.457671e+02
3.600000e-06	5.384981e-06	2.220477e-09	3.833202e+01	1.456876e+02
3.610000e-06	5.388813e-06	2.218054e-09	3.835929e+01	1.456040e+02
3.620000e-06	5.392277e-06	2.215254e-09	3.838395e+01	1.455167e+02
3.630000e-06	5.395354e-06	2.212417e-09	3.840586e+01	1.454260e+02
3.640000e-06	5.397900e-06	2.210251e-09	3.842398e+01	1.453324e+02
3.650000e-06	5.399865e-06	2.209571e-09	3.843797e+01	1.452363e+02
3.660000e-06	5.401297e-06	2.211590e-09	3.844816e+01	1.451381e+02
3.670000e-06	5.402236e-06	2.214823e-09	3.845485e+01	1.450383e+02
3.680000e-06	5.402760e-06	2.217543e-09	3.845857e+01	1.449372e+02
3.690000e-06	5.402960e-06	2.216995e-09	3.846000e+01	1.448355e+02
3.700000e-06	5.402892e-06	2.216528e-09	3.845951e+01	1.447335e+02
3.710000e-06	5.402473e-06	2.216090e-09	3.845653e+01	1.446316e+02
3.720000e-06	5.401695e-06	2.212356e-09	3.845099e+01	1.445303e+02
3.730000e-06	5.400576e-06	2.203707e-09	3.844303e+01	1.444300e+02
3.740000e-06	5.399132e-06	2.192633e-09	3.843275e+01	1.443311e+02
3.750000e-06	5.397369e-06	2.184567e-09	3.842020e+01	1.442339e+02
3.760000e-06	5.395225e-06	2.177918e-09	3.840494e+01	1.441389e+02
3.770000e-06	5.392759e-06	2.175820e-09	3.838739e+01	1.440462e+02
3.780000e-06	5.389941e-06	2.185921e-09	3.836732e+01	1.439563e+02
3.790000e-06	5.386687e-06	2.179583e-09	3.834416e+01	1.438692e+02
3.800000e-06	5.383017e-06	2.164483e-09	3.831804e+01	1.437853e+02
3.810000e-06	5.379059e-06	2.157510e-09	3.828987e+01	1.437046e+02
3.820000e-06	5.374999e-06	2.145127e-09	3.826097e+01	1.436273e+02
3.830000e-06	5.370771e-06	2.119535e-09	3.823087e+01	1.435534e+02
3.840000e-06	5.365991e-06	2.100106e-09	3.819684e+01	1.434829e+02
3.850000e-06	5.360446e-06	2.116553e-09	3.815737e+01	1.434158e+02
3.860000e-06	5.354337e-06	2.163416e-09	3.811388e+01	1.433519e+02
3.870000e-06	5.347927e-06	2.154663e-09	3.806825e+01	1.432912e+02
3.880000e-06	5.341152e-06	2.119638e-09	3.802003e+01	1.432333e+02
3.890000e-06	5.333800e-06	2.121413e-09	3.796770e+01	1.431780e+02
3.900000e-06	5.326043e-06	2.144094e-09	3.791248e+01	1.431251e+02
3.910000e-06	5.318064e-06	2.129213e-09	3.785568e+01	1.430742e+02
3.920000e-06	5.309747e-06	2.091137e-09	3.779648e+01	1.430248e+02
3.930000e-06	5.301038e-06	2.116581e-09	3.773449e+01	1.429765e+02
3.940000e-06	5.291979e-06	2.137530e-09	3.767000e+01	1.429289e+02
3.950000e-06	5.282619e-06	2.134273e-09	3.760337e+01	1.428815e+02
3.960000e-06	5.272872e-06	2.122988e-09	3.753399e+01	1.428336e+02
3.970000e-06	5.262700e-06	2.169421e-09	3.746159e+01	1.427848e+02
3.980000e-06	5.252232e-06	2.189700e-09	3.738707e+01	1.427344e+02
3.990000e-06	5.241447e-06	2.192074e-09	3.731030e+01	1.426819e+02
4.000000e-06	5.230217e-06	2.199411e-09	3.723036e+01	1.426266e+02
4.010000e-06	5.218563e-06	2.215383e-09	3.714740e+01	1.425680e+02
4.020000e-06	5.206510e-06	2.201886e-09	3.706160e+01	1.425053e+02
4.030000e-06	5.194074e-06	2.173436e-09	3.697308e+01	1.424381e+02
4.040000e-06	5.181308e-06	2.165985e-09	3.688221e+01	1.423657e+02
4.050000e-06	5.168014e-06	2.151748e-09	3.678758e+01	1.422876e+02
4.060000e-06	5.153973e-06	2.138933e-09	3.668763e+01	1.422031e+02
4.070000e-06	5.139250e-06	2.158233e-09	3.658283e+01	1.421119e+02
4.080000e-06	5.124041e-06	2.179515e-09	3.647456e+01	1.420133e+02
4.090000e-06	5.108487e-06	2.161136e-09	3.636385e+01	1.419070e+02
4.100000e-06	5.092706e-06	2.145767e-09	3.625151e+01	1.417926e+02
4.110000e-06	5.076700e-06	2.152506e-09	3.613758e+01	1.416696e+02
4.120000e-06	5.060370e-06	2.138413e-09	3.602134e+01	1.415379e+02
4.130000e-06	5.043683e-06	2.102818e-09	3.590255e+01	1.413971e+02
4.140000e-06	5.026582e-06	2.106725e-09	3.578082e+01	1.412470e+02
4.150000e-06	5.009133e-06	2.121369e-09	3.565662e+01	1.410876e+02
4.160000e-06	4.991385e-06	2.131694e-09	3.553027e+01	1.409187e+02
4.170000e-06	4.973333e-06	2.131894e-09	3.540178e+01	1.407402e+02
4.180000e-06	4.954942e-06	2.136112e-09	3.527086e+01	1.405523e+02
4.190000e-06	4.936165e-06	2.121129e-09	3.513720e+01	1.403550e+02
4.200000e-06	4.917015e-06	2.113929e-09	3.500088e+01	1.401485e+02
4.210000e-06	4.897570e-06	2.103573e-09	3.486247e+01	1.399329e+02
4.220000e-06	4.877937e-06	2.094976e-09	3.472271e+01	1.397085e+02
4.230000e-06	4.858116e-06	2.091832e-09	3.458162e+01	1.394756e+02
4.240000e-06	4.838127e-06	2.103676e-09	3.443933e+01	1.392346e+02
4.250000e-06	4.817883e-06	2.102975e-09	3.429523e+01	1.389859e+02
4.260000e-06	4.797194e-06	2.100188e-09	3.414796e+01	1.387298e+02
4.270000e-06	4.775916e-06	2.094238e-09	3.399650e+01	1.384669e+02
4.280000e-06	4.754078e-06	2.086822e-09	3.384105e+01	1.381975e+02
4.290000e-06	4.731598e-06	2.078585e-09	3.368103e+01	1.379223e+02
4.300000e-06	4.708574e-06	2.070577e-09	3.351714e+01	1.376418e+02
4.310000e-06	4.685214e-06	2.056253e-09	3.335086e+01	1.373564e+02
4.320000e-06	4.661542e-06	2.051982e-09	3.318235e+01	1.370668e+02
4.330000e-06	4.637658e-06	2.052443e-09	3.301234e+01	1.367734e+02
4.340000e-06	4.613653e-06	2.040629e-09	3.284146e+01	1.364769e+02
4.350000e-06	4.589433e-06	2.029149e-09	3.266905e+01	1.361777e+02
4.360000e-06	4.564760e-06	2.028340e-09	3.249342e+01	1.358763e+02
4.370000e-06	4.539721e-06	2.025967e-09	3.231519e+01	1.355733e+02
4.380000e-06	4.514450e-06	2.020631e-09	3.213530e+01	1.352691e+02
4.390000e-06	4.488864e-06	2.020616e-09	3.195317e+01	1.349641e+02
4.400000e-06	4.463004e-06	2.016482e-09	3.176909e+01	1.346587e+02
4.410000e-06	4.436860e-06	2.009122e-09	3.158299e+01	1.343533e+02
4.420000e-06	4.410321e-06	2.000487e-09	3.139408e+01	1.340482e+02
4.430000e-06	4.383412e-06	1.992756e-09	3.120253e+01	1.337437e+02
4.440000e-06	4.356244e-06	1.983927e-09	3.100914e+01	1.334399e+02
4.450000e-06	4.328859e-06	1.981887e-09	3.081420e+01	1.331371e+02
4.460000e-06	4.301251e-06	1.979847e-09	3.061768e+01	1.328353e+02
4.470000e-06	4.273454e-06	1.982076e-09	3.041981e+01	1.325347e+02
4.480000e-06	4.245427e-06	1.983414e-09	3.022031e+01	1.322352e+02
4.490000e-06	4.217117e-06	1.984741e-09	3.001879e+01	1.319368e+02
4.500000e-06	4.188508e-06	1.980956e-09	2.981514e+01	1.316394e+02
4.510000e-06	4.159540e-06	1.975934e-09	2.960894e+01	1.313429e+02
4.520000e-06	4.130112e-06	1.966249e-09	2.939946e+01	1.310472e+02
4.530000e-06	4.100195e-06	1.959740e-09	2.918650e+01	1.307519e+02
4.540000e-06	4.069794e-06	1.956613e-09	2.897009e+01	1.304569e+02
4.550000e-06	4.038887e-06	1.957589e-09	2.875009e+01	1.301618e+02
4.560000e-06	4.007573e-06	1.957435e-09	2.852719e+01	1.298663e+02
4.570000e-06	3.975984e-06	1.957530e-09	2.830233e+01	1.295700e+02
4.580000e-06	3.944233e-06	1.954143e-09	2.807631e+01	1.292726e+02
4.590000e-06	3.912391e-06	1.948902e-09	2.784965e+01	1.289737e+02
4.600000e-06	3.880425e-06	1.942091e-09	2.762211e+01	1.286728e+02
4.610000e-06	3.848225e-06	1.934113e-09	2.739290e+01	1.283695e+02
4.620000e-06	3.815735e-06	1.925694e-09	2.716162e+01	1.280633e+02
4.630000e-06	3.782888e-06	1.919952e-09	2.692780e+01	1.277540e+02
4.640000e-06	3.749701e-06	1.918261e-09	2.669157e+01	1.274409e+02
4.650000e-06	3.716348e-06	1.919047e-09	2.645415e+01	1.271238e+02
4.660000e-06	3.682885e-06	1.916390e-09	2.621596e+01	1.268022e+02
4.670000e-06	3.649227e-06	1.910906e-09	2.597637e+01	1.264757e+02
4.680000e-06	3.615308e-06	1.905751e-09	2.573492e+01	1.261440e+02
4.690000e-06	3.581128e-06	1.898344e-09	2.549161e+01	1.258067e+02
4.700000e-06	3.546665e-06	1.889461e-09	2.524630e+01	1.254635e+02
4.710000e-06	3.511946e-06	1.878768e-09	2.499916e+01	1.251142e+02
4.720000e-06	3.476920e-06	1.872792e-09	2.474983e+01	1.247586e+02
4.730000e-06	3.441634e-06	1.869991e-09	2.449865e+01	1.243964e+02
4.740000e-06	3.406178e-06	1.868891e-09	2.424627e+01	1.240274e+02
4.750000e-06	3.370516e-06	1.867293e-09	2.399241e+01	1.236517e+02
4.760000e-06	3.334692e-06	1.866380e-09	2.373741e+01	1.232690e+02
4.770000e-06	3.298788e-06	1.861698e-09	2.348183e+01	1.228794e+02
4.780000e-06	3.262820e-06	1.851865e-09	2.322579e+01	1.224828e+02
4.790000e-06	3.226679e-06	1.835716e-09	2.296854e+01	1.220793e+02
4.800000e-06	3.190238e-06	1.821472e-09	2.270913e+01	1.216690e+02
4.810000e-06	3.153461e-06	1.813531e-09	2.244734e+01	1.212519e+02
4.820000e-06	3.116327e-06	1.810549e-09	2.218301e+01	1.208283e+02
4.830000e-06	3.078827e-06	1.809853e-09	2.191608e+01	1.203982e+02
4.840000e-06	3.041003e-06	1.810306e-09	2.164683e+01	1.199620e+02
4.850000e-06	3.002840e-06	1.809035e-09	2.137518e+01	1.195197e+02
4.860000e-06	2.964394e-06	1.804384e-09	2.110151e+01	1.190716e+02
4.870000e-06	2.925643e-06	1.792951e-09	2.082566e+01	1.186181e+02
4.880000e-06	2.886505e-06	1.778055e-09	2.054707e+01	1.181593e+02
4.890000e-06	2.847090e-06	1.762686e-09	2.026650e+01	1.176955e+02
4.900000e-06	2.807522e-06	1.751216e-09	1.998484e+01	1.172270e+02
4.910000e-06	2.767829e-06	1.744451e-09	1.970230e+01	1.167541e+02
4.920000e-06	2.727980e-06	1.743675e-09	1.941864e+01	1.162769e+02
4.930000e-06	2.688004e-06	1.745978e-09	1.913407e+01	1.157958e+02
4.940000e-06	2.647933e-06	1.746199e-09	1.884884e+01	1.153109e+02
4.950000e-06	2.607728e-06	1.741282e-09	1.856265e+01	1.148226e+02
4.960000e-06	2.567424e-06	1.728679e-09	1.827575e+01	1.143308e+02
4.970000e-06	2.527034e-06	1.713090e-09	1.798824e+01	1.138359e+02
4.980000e-06	2.486457e-06	1.699555e-09	1.769940e+01	1.133380e+02
4.990000e-06	2.445674e-06	1.690140e-09	1.740909e+01	1.128371e+02
5.000000e-06	2.404690e-06	1.684255e-09	1.711736e+01	1.123333e+02
5.010000e-06	2.363555e-06	1.684691e-09	1.682454e+01	1.118266e+02
5.020000e-06	2.322303e-06	1.687464e-09	1.653090e+01	1.113170e+02
5.030000e-06	2.280926e-06	1.686457e-09	1.623636e+01	1.108044e+02
5.040000e-06	2.239348e-06	1.676798e-09	1.594040e+01	1.102889e+02
5.050000e-06	2.197489e-06	1.659560e-09	1.564243e+01	1.097701e+02
5.060000e-06	2.155510e-06	1.642618e-09	1.534361e+01	1.092480e+02
5.070000e-06	2.113441e-06	1.632182e-09	1.504415e+01	1.087223e+02
5.080000e-06	2.071201e-06	1.625087e-09	1.474347e+01	1.081928e+02
5.090000e-06	2.028746e-06	1.621530e-09	1.444126e+01	1.076592e+02
5.100000e-06	1.986075e-06	1.619973e-09	1.413752e+01	1.071211e+02
5.110000e-06	1.943274e-06	1.617548e-09	1.383284e+01	1.065783e+02
5.120000e-06	1.900391e-06	1.611041e-09	1.352759e+01	1.060304e+02
5.130000e-06	1.857394e-06	1.599628e-09	1.322152e+01	1.054769e+02
5.140000e-06	1.814241e-06	1.585809e-09	1.291435e+01	1.049175e+02
5.150000e-06	1.770905e-06	1.575592e-09	1.260587e+01	1.043516e+02
5.160000e-06	1.727468e-06	1.570090e-09	1.229667e+01	1.037788e+02
5.170000e-06	1.683951e-06	1.566468e-09	1.198690e+01	1.031987e+02
5.180000e-06	1.640316e-06	1.562720e-09	1.167629e+01	1.026108e+02
5.190000e-06	1.596655e-06	1.557593e-09	1.136550e+01	1.020145e+02
5.200000e-06	1.552921e-06	1.550716e-09	1.105419e+01	1.014095e+02
5.210000e-06	1.509074e-06	1.539821e-09	1.074207e+01	1.007951e+02
5.220000e-06	1.465177e-06	1.528527e-09	1.042960e+01	1.001709e+02
5.230000e-06	1.421288e-06	1.520633e-09	1.011718e+01	9.953642e+01
5.240000e-06	1.377366e-06	1.514923e-09	9.804533e+00	9.889120e+01
5.250000e-06	1.333347e-06	1.508737e-09	9.491189e+00	9.823476e+01
5.260000e-06	1.289319e-06	1.501742e-09	9.177785e+00	9.756664e+01
5.270000e-06	1.245315e-06	1.494299e-09	8.864554e+00	9.688640e+01
5.280000e-06	1.201236e-06	1.484374e-09	8.550782e+00	9.619361e+01
5.290000e-06	1.157055e-06	1.469203e-09	8.236286e+00	9.548786e+01
5.300000e-06	1.112813e-06	1.453090e-09	7.921363e+00	9.476873e+01
5.310000e-06	1.068539e-06	1.439681e-09	7.606202e+00	9.403585e+01
5.320000e-06	1.024173e-06	1.429795e-09	7.290393e+00	9.328883e+01
5.330000e-06	9.796182e-07	1.423628e-09	6.973236e+00	9.252729e+01
5.340000e-06	9.349728e-07	1.417972e-09	6.655436e+00	9.175089e+01
5.350000e-06	8.903747e-07	1.409669e-09	6.337972e+00	9.095926e+01
5.360000e-06	8.457473e-07	1.396940e-09	6.020300e+00	9.015205e+01
5.370000e-06	8.010052e-07	1.378917e-09	5.701812e+00	8.932891e+01
5.380000e-06	7.562719e-07	1.359358e-09	5.383385e+00	8.848948e+01
5.390000e-06	7.115170e-07	1.342586e-09	5.064806e+00	8.763340e+01
5.400000e-06	6.666176e-07	1.330930e-09	4.745197e+00	8.676030e+01
5.410000e-06	6.216238e-07	1.322578e-09	4.424917e+00	8.586979e+01
5.420000e-06	5.765509e-07	1.314224e-09	4.104074e+00	8.496147e+01
5.430000e-06	5.314349e-07	1.303531e-09	3.782924e+00	8.403491e+01
5.440000e-06	4.862855e-07	1.289065e-09	3.461536e+00	8.308965e+01
5.450000e-06	4.410841e-07	1.270253e-09	3.139778e+00	8.212522e+01
5.460000e-06	3.957900e-07	1.248549e-09	2.817360e+00	8.114111e+01
5.470000e-06	3.503943e-07	1.229209e-09	2.494219e+00	8.013676e+01
5.480000e-06	3.050256e-07	1.215075e-09	2.171270e+00	7.911158e+01
5.490000e-06	2.596762e-07	1.204590e-09	1.848459e+00	7.806495e+01
5.500000e-06	2.143222e-07	1.193356e-09	1.525614e+00	7.699619e+01
5.510000e-06	1.689513e-07	1.177517e-09	1.202649e+00	7.590458e+01
5.520000e-06	1.235339e-07	1.158660e-09	8.793539e-01	7.478935e+01
5.530000e-06	7.807037e-08	1.138747e-09	5.557298e-01	7.364971e+01
5.540000e-06	3.258530e-08	1.118071e-09	2.319526e-01	7.248478e+01
5.550000e-06	-1.275312e-08	1.099063e-09	-9.078076e-02	7.129368e+01
5.560000e-06	-5.806014e-08	1.083194e-09	-4.132907e-01	7.007544e+01
5.570000e-06	-1.034075e-07	1.066783e-09	-7.360876e-01	6.882910e+01
5.580000e-06	-1.487548e-07	1.047981e-09	-1.058885e+00	6.755361e+01
5.590000e-06	-1.940903e-07	1.028281e-09	-1.381597e+00	6.624794e+01
5.600000e-06	-2.393953e-07	1.005720e-09	-1.704092e+00	6.491098e+01
5.610000e-06	-2.846719e-07	9.807816e-10	-2.026385e+00	6.354162e+01
5.620000e-06	-3.298791e-07	9.551899e-10	-2.348185e+00	6.213875e+01
5.630000e-06	-3.750574e-07	9.309078e-10	-2.669779e+00	6.070121e+01
5.640000e-06	-4.201705e-07	9.103520e-10	-2.990908e+00	5.922786e+01
5.650000e-06	-4.652623e-07	8.913260e-10	-3.311886e+00	5.771756e+01
5.660000e-06	-5.103607e-07	8.714319e-10	-3.632911e+00	5.616918e+01
5.670000e-06	-5.553669e-07	8.508400e-10	-3.953279e+00	5.458162e+01
5.680000e-06	-6.002617e-07	8.278390e-10	-4.272855e+00	5.295379e+01
5.690000e-06	-6.451650e-07	8.005527e-10	-4.592491e+00	5.128468e+01
5.700000e-06	-6.900791e-07	7.665764e-10	-4.912204e+00	4.957328e+01
5.710000e-06	-7.349538e-07	7.317105e-10	-5.231637e+00	4.781868e+01
5.720000e-06	-7.797712e-07	7.054596e-10	-5.550661e+00	4.602002e+01
5.730000e-06	-8.243389e-07	6.859418e-10	-5.867908e+00	4.417653e+01
5.740000e-06	-8.687521e-07	6.671324e-10	-6.184055e+00	4.228754e+01
5.750000e-06	-9.131548e-07	6.442460e-10	-6.500128e+00	4.035246e+01
5.760000e-06	-9.574943e-07	6.151840e-10	-6.815751e+00	3.837083e+01
5.770000e-06	-1.001776e-06	5.817027e-10	-7.130966e+00	3.634228e+01
5.780000e-06	-1.046023e-06	5.448796e-10	-7.445926e+00	3.426662e+01
5.790000e-06	-1.090259e-06	5.032617e-10	-7.760811e+00	3.214375e+01
5.800000e-06	-1.134435e-06	4.623256e-10	-8.075271e+00	2.997373e+01
5.810000e-06	-1.178567e-06	4.315744e-10	-8.389415e+00	2.775679e+01
5.820000e-06	-1.222648e-06	4.082159e-10	-8.703199e+00	2.549328e+01
5.830000e-06	-1.266668e-06	3.822490e-10	-9.016550e+00	2.318374e+01
5.840000e-06	-1.310658e-06	3.508675e-10	-9.329686e+00	2.082887e+01
5.850000e-06	-1.354619e-06	3.171631e-10	-9.642611e+00	1.842953e+01
5.860000e-06	-1.398525e-06	2.804948e-10	-9.955148e+00	1.598677e+01
5.870000e-06	-1.442342e-06	2.375437e-10	-1.026705e+01	1.350180e+01
5.880000e-06	-1.486057e-06	1.910150e-10	-1.057823e+01	1.097600e+01
5.890000e-06	-1.529752e-06	1.498979e-10	-1.088926e+01	8.410921e+00
5.900000e-06	-1.573447e-06	1.175451e-10	-1.120030e+01	5.808293e+00
5.910000e-06	-1.617048e-06	8.443986e-11	-1.151067e+01	3.170001e+00
5.920000e-06	-1.660581e-06	4.580996e-11	-1.182055e+01	4.980940e-01
5.930000e-06	-1.703947e-06	5.624318e-12	-1.212924e+01	-2.205227e+00
5.940000e-06	-1.747113e-06	-3.464355e-11	-1.243651e+01	-4.937612e+00
5.950000e-06	-1.790194e-06	-7.858809e-11	-1.274317e+01	-7.696573e+00
5.960000e-06	-1.833194e-06	-1.259159e-10	-1.304926e+01	-1.047949e+01
5.970000e-06	-1.876097e-06	-1.715889e-10	-1.335466e+01	-1.328363e+01
5.980000e-06	-1.918797e-06	-2.141520e-10	-1.365861e+01	-1.610613e+01
5.990000e-06	-1.961308e-06	-2.573503e-10	-1.396122e+01	-1.894406e+01
6.000000e-06	-2.003680e-06	-3.045159e-10	-1.426284e+01	-2.179438e+01
6.010000e-06	-2.045880e-06	-3.536546e-10	-1.456323e+01	-2.465398e+01
6.020000e-06	-2.088012e-06	-3.996523e-10	-1.486314e+01	-2.751970e+01
6.030000e-06	-2.130050e-06	-4.430400e-10	-1.516238e+01	-3.038834e+01
6.040000e-06	-2.171943e-06	-4.879753e-10	-1.546058e+01	-3.325664e+01
6.050000e-06	-2.213659e-06	-5.338118e-10	-1.575753e+01	-3.612136e+01
6.060000e-06	-2.255238e-06	-5.764456e-10	-1.605350e+01	-3.897923e+01
6.070000e-06	-2.296724e-06	-6.191769e-10	-1.634882e+01	-4.182700e+01
6.080000e-06	-2.337979e-06	-6.666887e-10	-1.664248e+01	-4.466146e+01
6.090000e-06	-2.378997e-06	-7.155039e-10	-1.693446e+01	-4.747941e+01
6.100000e-06	-2.419833e-06	-7.622260e-10	-1.722515e+01	-5.027774e+01
6.110000e-06	-2.460479e-06	-8.068464e-10	-1.751447e+01	-5.305339e+01
6.120000e-06	-2.500991e-06	-8.527085e-10	-1.780286e+01	-5.580338e+01
6.130000e-06	-2.541388e-06	-8.983008e-10	-1.809041e+01	-5.852483e+01
6.140000e-06	-2.581615e-06	-9.376937e-10	-1.837676e+01	-6.121496e+01
6.150000e-06	-2.621678e-06	-9.746895e-10	-1.866194e+01	-6.387110e+01
6.160000e-06	-2.661608e-06	-1.015630e-09	-1.894618e+01	-6.649073e+01
6.170000e-06	-2.701435e-06	-1.058577e-09	-1.922968e+01	-6.907144e+01
6.180000e-06	-2.741180e-06	-1.099534e-09	-1.951260e+01	-7.161096e+01
6.190000e-06	-2.780818e-06	-1.137147e-09	-1.979475e+01	-7.410721e+01
6.200000e-06	-2.820338e-06	-1.175566e-09	-2.007607e+01	-7.655822e+01
6.210000e-06	-2.859743e-06	-1.215569e-09	-2.035656e+01	-7.896221e+01
6.220000e-06	-2.898940e-06	-1.251360e-09	-2.063559e+01	-8.131756e+01
6.230000e-06	-2.937843e-06	-1.282194e-09	-2.091251e+01	-8.362282e+01
6.240000e-06	-2.976432e-06	-1.315139e-09	-2.118720e+01	-8.587670e+01
6.250000e-06	-3.014660e-06	-1.352156e-09	-2.145931e+01	-8.807809e+01
6.260000e-06	-3.052482e-06	-1.389024e-09	-2.172854e+01	-9.022606e+01
6.270000e-06	-3.089968e-06	-1.420578e-09	-2.199538e+01	-9.231984e+01
6.280000e-06	-3.127094e-06	-1.449228e-09	-2.225966e+01	-9.435882e+01
6.290000e-06	-3.163828e-06	-1.479239e-09	-2.252114e+01	-9.634258e+01
6.300000e-06	-3.200235e-06	-1.509847e-09	-2.278030e+01	-9.827082e+01
6.310000e-06	-3.236400e-06	-1.535867e-09	-2.303773e+01	-1.001434e+02
6.320000e-06	-3.272473e-06	-1.558806e-09	-2.329451e+01	-1.019605e+02
6.330000e-06	-3.308474e-06	-1.584730e-09	-2.355078e+01	-1.037221e+02
6.340000e-06	-3.344325e-06	-1.614189e-09	-2.380597e+01	-1.054286e+02
6.350000e-06	-3.380044e-06	-1.642852e-09	-2.406023e+01	-1.070804e+02
6.360000e-06	-3.415589e-06	-1.665415e-09	-2.431325e+01	-1.086781e+02
6.370000e-06	-3.450872e-06	-1.687404e-09	-2.456441e+01	-1.102223e+02
6.380000e-06	-3.485939e-06	-1.709685e-09	-2.481403e+01	-1.117139e+02
6.390000e-06	-3.520773e-06	-1.730127e-09	-2.506199e+01	-1.131536e+02
6.400000e-06	-3.555265e-06	-1.747793e-09	-2.530752e+01	-1.145425e+02
6.410000e-06	-3.589413e-06	-1.763426e-09	-2.555059e+01	-1.158816e+02
6.420000e-06	-3.623358e-06	-1.780423e-09	-2.579222e+01	-1.171719e+02
6.430000e-06	-3.657099e-06	-1.798639e-09	-2.603240e+01	-1.184146e+02
6.440000e-06	-3.690578e-06	-1.816176e-09	-2.627072e+01	-1.196110e+02
6.450000e-06	-3.723826e-06	-1.834133e-09	-2.650738e+01	-1.207622e+02
6.460000e-06	-3.756837e-06	-1.851404e-09	-2.674237e+01	-1.218695e+02
6.470000e-06	-3.789451e-06	-1.867033e-09	-2.697453e+01	-1.229343e+02
6.480000e-06	-3.821724e-06	-1.879690e-09	-2.720426e+01	-1.239578e+02
6.490000e-06	-3.853901e-06	-1.890051e-09	-2.743330e+01	-1.249413e+02
6.500000e-06	-3.885924e-06	-1.900584e-09	-2.766125e+01	-1.258862e+02
6.510000e-06	-3.917771e-06	-1.912022e-09	-2.788795e+01	-1.267937e+02
6.520000e-06	-3.949394e-06	-1.925267e-09	-2.811305e+01	-1.276652e+02
6.530000e-06	-3.980755e-06	-1.940887e-09	-2.833629e+01	-1.285020e+02
6.540000e-06	-4.011855e-06	-1.956583e-09	-2.855767e+01	-1.293054e+02
6.550000e-06	-4.042661e-06	-1.969943e-09	-2.877696e+01	-1.300765e+02
6.560000e-06	-4.073001e-06	-1.981265e-09	-2.899292e+01	-1.308166e+02
6.570000e-06	-4.102781e-06	-1.990391e-09	-2.920491e+01	-1.315268e+02
6.580000e-06	-4.132096e-06	-1.997783e-09	-2.941358e+01	-1.322084e+02
6.590000e-06	-4.160957e-06	-2.001823e-09	-2.961902e+01	-1.328625e+02
6.600000e-06	-4.189420e-06	-2.006176e-09	-2.982163e+01	-1.334900e+02
6.610000e-06	-4.217585e-06	-2.014739e-09	-3.002212e+01	-1.340921e+02
6.620000e-06	-4.245547e-06	-2.026466e-09	-3.022116e+01	-1.346697e+02
6.630000e-06	-4.273390e-06	-2.038194e-09	-3.041936e+01	-1.352239e+02
6.640000e-06	-4.301080e-06	-2.049177e-09	-3.061647e+01	-1.357555e+02
6.650000e-06	-4.328449e-06	-2.056641e-09	-3.081128e+01	-1.362654e+02
6.660000e-06	-4.355510e-06	-2.060578e-09	-3.100391e+01	-1.367545e+02
6.670000e-06	-4.382257e-06	-2.063434e-09	-3.119431e+01	-1.372236e+02
6.680000e-06	-4.408684e-06	-2.067703e-09	-3.138242e+01	-1.376735e+02
6.690000e-06	-4.434805e-06	-2.074111e-09	-3.156836e+01	-1.381050e+02
6.700000e-06	-4.460633e-06	-2.080138e-09	-3.175221e+01	-1.385186e+02
6.710000e-06	-4.486236e-06	-2.088955e-09	-3.193447e+01	-1.389152e+02
6.720000e-06	-4.511491e-06	-2.101122e-09	-3.211424e+01	-1.392954e+02
6.730000e-06	-4.536293e-06	-2.113341e-09	-3.229079e+01	-1.396598e+02
6.740000e-06	-4.560720e-06	-2.120925e-09	-3.246467e+01	-1.400090e+02
6.750000e-06	-4.584946e-06	-2.124602e-09	-3.263711e+01	-1.403436e+02
6.760000e-06	-4.608995e-06	-2.126755e-09	-3.280830e+01	-1.406642e+02
6.770000e-06	-4.632840e-06	-2.129772e-09	-3.297804e+01	-1.409714e+02
6.780000e-06	-4.656491e-06	-2.136145e-09	-3.314639e+01	-1.412655e+02
6.790000e-06	-4.679802e-06	-2.143160e-09	-3.331233e+01	-1.415471e+02
6.800000e-06	-4.702667e-06	-2.149031e-09	-3.347509e+01	-1.418168e+02
6.810000e-06	-4.725117e-06	-2.155008e-09	-3.363490e+01	-1.420749e+02
6.820000e-06	-4.747129e-06	-2.160254e-09	-3.379158e+01	-1.423220e+02
6.830000e-06	-4.768566e-06	-2.164026e-09	-3.394418e+01	-1.425584e+02
6.840000e-06	-4.789482e-06	-2.166422e-09	-3.409306e+01	-1.427845e+02
6.850000e-06	-4.810009e-06	-2.168208e-09	-3.423918e+01	-1.430008e+02
6.860000e-06	-4.830235e-06	-2.171570e-09	-3.438316e+01	-1.432075e+02
6.870000e-06	-4.850243e-06	-2.174590e-09	-3.452558e+01	-1.434052e+02
6.880000e-06	-4.870021e-06	-2.176478e-09	-3.466637e+01	-1.435941e+02
6.890000e-06	-4.889571e-06	-2.179434e-09	-3.480553e+01	-1.437745e+02
6.900000e-06	-4.908824e-06	-2.184364e-09	-3.494258e+01	-1.439468e+02
6.910000e-06	-4.927681e-06	-2.190036e-09	-3.507681e+01	-1.441112e+02
6.920000e-06	-4.946220e-06	-2.196274e-09	-3.520877e+01	-1.442679e+02
6.930000e-06	-4.964515e-06	-2.202002e-09	-3.533901e+01	-1.444173e+02
6.940000e-06	-4.982421e-06	-2.204986e-09	-3.546647e+01	-1.445596e+02
6.950000e-06	-4.999949e-06	-2.202855e-09	-3.559124e+01	-1.446948e+02
6.960000e-06	-5.017188e-06	-2.200276e-09	-3.571395e+01	-1.448234e+02
6.970000e-06	-5.034050e-06	-2.201861e-09	-3.583398e+01	-1.449453e+02
6.980000e-06	-5.050551e-06	-2.205825e-09	-3.595144e+01	-1.450607e+02
6.990000e-06	-5.066757e-06	-2.208251e-09	-3.606680e+01	-1.451697e+02
7.000000e-06	-5.082668e-06	-2.207637e-09	-3.618006e+01	-1.452725e+02
7.010000e-06	-5.098348e-06	-2.207927e-09	-3.629168e+01	-1.453691e+02
7.020000e-06	-5.113731e-06	-2.210017e-09	-3.640117e+01	-1.454595e+02
7.030000e-06	-5.128579e-06	-2.210991e-09	-3.650687e+01	-1.455439e+02
7.040000e-06	-5.142851e-06	-2.209720e-09	-3.660846e+01	-1.456221e+02
7.050000e-06	-5.156540e-06	-2.207828e-09	-3.670590e+01	-1.456943e+02
7.060000e-06	-5.169652e-06	-2.208062e-09	-3.679924e+01	-1.457603e+02
7.070000e-06	-5.182297e-06	-2.210568e-09	-3.688925e+01	-1.458202e+02
7.080000e-06	-5.194503e-06	-2.212461e-09	-3.697614e+01	-1.458740e+02
7.090000e-06	-5.206391e-06	-2.212807e-09	-3.706076e+01	-1.459216e+02
7.100000e-06	-5.217935e-06	-2.213827e-09	-3.714293e+01	-1.459629e+02
7.110000e-06	-5.229060e-06	-2.214013e-09	-3.722212e+01	-1.459980e+02
7.120000e-06	-5.239810e-06	-2.213560e-09	-3.729864e+01	-1.460267e+02
7.130000e-06	-5.250154e-06	-2.213440e-09	-3.737227e+01	-1.460491e+02
7.140000e-06	-5.260132e-06	-2.213797e-09	-3.744330e+01	-1.460650e+02
7.150000e-06	-5.269836e-06	-2.214004e-09	-3.751238e+01	-1.460744e+02
7.160000e-06	-5.279286e-06	-2.211437e-09	-3.757965e+01	-1.460774e+02
7.170000e-06	-5.288362e-06	-2.208018e-09	-3.764425e+01	-1.460739e+02
7.180000e-06	-5.296964e-06	-2.206201e-09	-3.770549e+01	-1.460640e+02
7.190000e-06	-5.305215e-06	-2.206913e-09	-3.776422e+01	-1.460476e+02
7.200000e-06	-5.313257e-06	-2.208815e-09	-3.782146e+01	-1.460248e+02
7.210000e-06	-5.321066e-06	-2.210463e-09	-3.787705e+01	-1.459956e+02
7.220000e-06	-5.328582e-06	-2.210483e-09	-3.793055e+01	-1.459603e+02
7.230000e-06	-5.335745e-06	-2.209070e-09	-3.798154e+01	-1.459188e+02
7.240000e-06	-5.342503e-06	-2.206895e-09	-3.802965e+01	-1.458713e+02
7.250000e-06	-5.348666e-06	-2.204534e-09	-3.807352e+01	-1.458181e+02
7.260000e-06	-5.354200e-06	-2.200727e-09	-3.811291e+01	-1.457592e+02
7.270000e-06	-5.359149e-06	-2.197086e-09	-3.814814e+01	-1.456950e+02
7.280000e-06	-5.363559e-06	-2.196632e-09	-3.817953e+01	-1.456257e+02
7.290000e-06	-5.367664e-06	-2.197280e-09	-3.820875e+01	-1.455516e+02
7.300000e-06	-5.371536e-06	-2.195834e-09	-3.823631e+01	-1.454730e+02
7.310000e-06	-5.375192e-06	-2.192721e-09	-3.826234e+01	-1.453903e+02
7.320000e-06	-5.378592e-06	-2.191135e-09	-3.828654e+01	-1.453037e+02
7.330000e-06	-5.381618e-06	-2.191510e-09	-3.830808e+01	-1.452138e+02
7.340000e-06	-5.384248e-06	-2.191623e-09	-3.832680e+01	-1.451208e+02
7.350000e-06	-5.386507e-06	-2.191842e-09	-3.834288e+01	-1.450253e+02
7.360000e-06	-5.388461e-06	-2.190711e-09	-3.835679e+01	-1.449276e+02
7.370000e-06	-5.390175e-06	-2.188177e-09	-3.836899e+01	-1.448282e+02
7.380000e-06	-5.391455e-06	-2.184493e-09	-3.837810e+01	-1.447275e+02
7.390000e-06	-5.392216e-06	-2.180693e-09	-3.838352e+01	-1.446260e+02
7.400000e-06	-5.392630e-06	-2.181366e-09	-3.838647e+01	-1.445242e+02
