# Temperatura_=_-1.4
# Concentracion g/m^3_=_4090.0
# C_Vs_to_Am_M_A/Vsm_=_65563218390.804596
# pendiente_HvsI_1/m_=_3716.3
# ordenada_HvsI_A/m_=_1297.0
# frecuencia_Hz_=_135072.5306201369

Tiempo_(s)	Campo_(V.s)	Magnetizacion_(V.s)	Campo_(kA/m)	Magnetizacion_(A/m)
0.000000e+00	-5.386337e-06	-2.172132e-09	-3.838771e+01	-1.431328e+02
1.000000e-08	-5.386361e-06	-2.172193e-09	-3.838788e+01	-1.430295e+02
2.000000e-08	-5.386157e-06	-2.164046e-09	-3.838643e+01	-1.429318e+02
3.000000e-08	-5.385624e-06	-2.149248e-09	-3.838263e+01	-1.428405e+02
4.000000e-08	-5.384646e-06	-2.141737e-09	-3.837566e+01	-1.427561e+02
5.000000e-08	-5.383160e-06	-2.153358e-09	-3.836507e+01	-1.426792e+02
6.000000e-08	-5.381099e-06	-2.173527e-09	-3.835038e+01	-1.426102e+02
7.000000e-08	-5.378330e-06	-2.156611e-09	-3.833065e+01	-1.425495e+02
8.000000e-08	-5.374915e-06	-2.112763e-09	-3.830631e+01	-1.424974e+02
9.000000e-08	-5.371056e-06	-2.124904e-09	-3.827880e+01	-1.424541e+02
1.000000e-07	-5.366814e-06	-2.176975e-09	-3.824857e+01	-1.424199e+02
1.100000e-07	-5.362386e-06	-2.179676e-09	-3.821702e+01	-1.423946e+02
1.200000e-07	-5.357835e-06	-2.132141e-09	-3.818458e+01	-1.423784e+02
1.300000e-07	-5.352903e-06	-2.094126e-09	-3.814943e+01	-1.423710e+02
1.400000e-07	-5.347485e-06	-2.178766e-09	-3.811082e+01	-1.423722e+02
1.500000e-07	-5.341697e-06	-2.200032e-09	-3.806957e+01	-1.423818e+02
1.600000e-07	-5.335654e-06	-2.157606e-09	-3.802650e+01	-1.423992e+02
1.700000e-07	-5.329268e-06	-2.096694e-09	-3.798099e+01	-1.424240e+02
1.800000e-07	-5.322435e-06	-2.136162e-09	-3.793229e+01	-1.424556e+02
1.900000e-07	-5.315318e-06	-2.179758e-09	-3.788156e+01	-1.424933e+02
2.000000e-07	-5.307993e-06	-2.186583e-09	-3.782936e+01	-1.425364e+02
2.100000e-07	-5.300312e-06	-2.181640e-09	-3.777462e+01	-1.425840e+02
2.200000e-07	-5.292358e-06	-2.208180e-09	-3.771794e+01	-1.426353e+02
2.300000e-07	-5.284180e-06	-2.238899e-09	-3.765965e+01	-1.426894e+02
2.400000e-07	-5.275517e-06	-2.232547e-09	-3.759791e+01	-1.427452e+02
2.500000e-07	-5.266187e-06	-2.239353e-09	-3.753142e+01	-1.428016e+02
2.600000e-07	-5.256275e-06	-2.236399e-09	-3.746077e+01	-1.428577e+02
2.700000e-07	-5.245924e-06	-2.247540e-09	-3.738700e+01	-1.429124e+02
2.800000e-07	-5.235034e-06	-2.221884e-09	-3.730939e+01	-1.429644e+02
2.900000e-07	-5.223568e-06	-2.208375e-09	-3.722768e+01	-1.430128e+02
3.000000e-07	-5.211623e-06	-2.196260e-09	-3.714255e+01	-1.430564e+02
3.100000e-07	-5.199334e-06	-2.210673e-09	-3.705496e+01	-1.430941e+02
3.200000e-07	-5.186724e-06	-2.202176e-09	-3.696510e+01	-1.431249e+02
3.300000e-07	-5.173755e-06	-2.213410e-09	-3.687267e+01	-1.431477e+02
3.400000e-07	-5.160425e-06	-2.219374e-09	-3.677766e+01	-1.431614e+02
3.500000e-07	-5.146642e-06	-2.233351e-09	-3.667944e+01	-1.431652e+02
3.600000e-07	-5.132444e-06	-2.210337e-09	-3.657825e+01	-1.431582e+02
3.700000e-07	-5.117884e-06	-2.203023e-09	-3.647448e+01	-1.431396e+02
3.800000e-07	-5.102794e-06	-2.184138e-09	-3.636693e+01	-1.431085e+02
3.900000e-07	-5.087069e-06	-2.183720e-09	-3.625487e+01	-1.430643e+02
4.000000e-07	-5.070838e-06	-2.175722e-09	-3.613919e+01	-1.430065e+02
4.100000e-07	-5.054325e-06	-2.184913e-09	-3.602150e+01	-1.429345e+02
4.200000e-07	-5.037372e-06	-2.181819e-09	-3.590068e+01	-1.428479e+02
4.300000e-07	-5.020039e-06	-2.192116e-09	-3.577715e+01	-1.427464e+02
4.400000e-07	-5.002528e-06	-2.202538e-09	-3.565235e+01	-1.426299e+02
4.500000e-07	-4.984667e-06	-2.186916e-09	-3.552506e+01	-1.424981e+02
4.600000e-07	-4.966471e-06	-2.161503e-09	-3.539538e+01	-1.423511e+02
4.700000e-07	-4.947966e-06	-2.158075e-09	-3.526350e+01	-1.421890e+02
4.800000e-07	-4.929051e-06	-2.159660e-09	-3.512869e+01	-1.420119e+02
4.900000e-07	-4.909673e-06	-2.137492e-09	-3.499059e+01	-1.418201e+02
5.000000e-07	-4.889965e-06	-2.132289e-09	-3.485013e+01	-1.416140e+02
5.100000e-07	-4.870079e-06	-2.139878e-09	-3.470841e+01	-1.413940e+02
5.200000e-07	-4.849957e-06	-2.148355e-09	-3.456500e+01	-1.411608e+02
5.300000e-07	-4.829553e-06	-2.142743e-09	-3.441958e+01	-1.409147e+02
5.400000e-07	-4.808921e-06	-2.141937e-09	-3.427255e+01	-1.406567e+02
5.500000e-07	-4.787977e-06	-2.123919e-09	-3.412328e+01	-1.403873e+02
5.600000e-07	-4.766682e-06	-2.121132e-09	-3.397151e+01	-1.401074e+02
5.700000e-07	-4.745059e-06	-2.114723e-09	-3.381741e+01	-1.398178e+02
5.800000e-07	-4.723129e-06	-2.100789e-09	-3.366111e+01	-1.395193e+02
5.900000e-07	-4.700955e-06	-2.085007e-09	-3.350309e+01	-1.392129e+02
6.000000e-07	-4.678460e-06	-2.101571e-09	-3.334277e+01	-1.388995e+02
6.100000e-07	-4.655571e-06	-2.106150e-09	-3.317964e+01	-1.385800e+02
6.200000e-07	-4.632338e-06	-2.098921e-09	-3.301406e+01	-1.382553e+02
6.300000e-07	-4.608738e-06	-2.091507e-09	-3.284586e+01	-1.379263e+02
6.400000e-07	-4.584916e-06	-2.098640e-09	-3.267609e+01	-1.375940e+02
6.500000e-07	-4.560995e-06	-2.091684e-09	-3.250561e+01	-1.372591e+02
6.600000e-07	-4.536832e-06	-2.081474e-09	-3.233340e+01	-1.369226e+02
6.700000e-07	-4.512310e-06	-2.064994e-09	-3.215863e+01	-1.365851e+02
6.800000e-07	-4.487380e-06	-2.060590e-09	-3.198096e+01	-1.362475e+02
6.900000e-07	-4.461923e-06	-2.061911e-09	-3.179954e+01	-1.359105e+02
7.000000e-07	-4.435901e-06	-2.061574e-09	-3.161408e+01	-1.355745e+02
7.100000e-07	-4.409369e-06	-2.052722e-09	-3.142499e+01	-1.352403e+02
7.200000e-07	-4.382514e-06	-2.052216e-09	-3.123360e+01	-1.349083e+02
7.300000e-07	-4.355334e-06	-2.053530e-09	-3.103989e+01	-1.345789e+02
7.400000e-07	-4.327722e-06	-2.046969e-09	-3.084310e+01	-1.342525e+02
7.500000e-07	-4.299935e-06	-2.034619e-09	-3.064507e+01	-1.339292e+02
7.600000e-07	-4.272039e-06	-2.027011e-09	-3.044626e+01	-1.336094e+02
7.700000e-07	-4.243902e-06	-2.027635e-09	-3.024573e+01	-1.332930e+02
7.800000e-07	-4.215480e-06	-2.024742e-09	-3.004316e+01	-1.329801e+02
7.900000e-07	-4.186794e-06	-2.017147e-09	-2.983873e+01	-1.326706e+02
8.000000e-07	-4.157799e-06	-2.010716e-09	-2.963208e+01	-1.323645e+02
8.100000e-07	-4.128466e-06	-2.012608e-09	-2.942303e+01	-1.320614e+02
8.200000e-07	-4.098833e-06	-2.009631e-09	-2.921184e+01	-1.317612e+02
8.300000e-07	-4.068908e-06	-2.002544e-09	-2.899857e+01	-1.314636e+02
8.400000e-07	-4.038768e-06	-1.993361e-09	-2.878376e+01	-1.311680e+02
8.500000e-07	-4.008369e-06	-1.994801e-09	-2.856711e+01	-1.308742e+02
8.600000e-07	-3.977637e-06	-1.994601e-09	-2.834809e+01	-1.305815e+02
8.700000e-07	-3.946670e-06	-1.990807e-09	-2.812740e+01	-1.302896e+02
8.800000e-07	-3.915450e-06	-1.980813e-09	-2.790490e+01	-1.299978e+02
8.900000e-07	-3.883937e-06	-1.979160e-09	-2.768030e+01	-1.297056e+02
9.000000e-07	-3.852240e-06	-1.976498e-09	-2.745441e+01	-1.294123e+02
9.100000e-07	-3.820388e-06	-1.971630e-09	-2.722740e+01	-1.291175e+02
9.200000e-07	-3.788342e-06	-1.960781e-09	-2.699901e+01	-1.288204e+02
9.300000e-07	-3.756104e-06	-1.958358e-09	-2.676925e+01	-1.285205e+02
9.400000e-07	-3.723585e-06	-1.960613e-09	-2.653750e+01	-1.282172e+02
9.500000e-07	-3.690757e-06	-1.961233e-09	-2.630354e+01	-1.279099e+02
9.600000e-07	-3.657541e-06	-1.952004e-09	-2.606681e+01	-1.275981e+02
9.700000e-07	-3.623878e-06	-1.942302e-09	-2.582689e+01	-1.272813e+02
9.800000e-07	-3.589875e-06	-1.933332e-09	-2.558456e+01	-1.269591e+02
9.900000e-07	-3.555495e-06	-1.928080e-09	-2.533954e+01	-1.266308e+02
1.000000e-06	-3.520669e-06	-1.922327e-09	-2.509134e+01	-1.262963e+02
1.010000e-06	-3.485489e-06	-1.919331e-09	-2.484062e+01	-1.259552e+02
1.020000e-06	-3.450073e-06	-1.917708e-09	-2.458821e+01	-1.256071e+02
1.030000e-06	-3.414435e-06	-1.915094e-09	-2.433422e+01	-1.252518e+02
1.040000e-06	-3.378622e-06	-1.909037e-09	-2.407899e+01	-1.248891e+02
1.050000e-06	-3.342666e-06	-1.900915e-09	-2.382274e+01	-1.245190e+02
1.060000e-06	-3.306492e-06	-1.891466e-09	-2.356493e+01	-1.241414e+02
1.070000e-06	-3.270186e-06	-1.879913e-09	-2.330618e+01	-1.237561e+02
1.080000e-06	-3.233713e-06	-1.869049e-09	-2.304624e+01	-1.233634e+02
1.090000e-06	-3.196948e-06	-1.862460e-09	-2.278423e+01	-1.229632e+02
1.100000e-06	-3.160038e-06	-1.860000e-09	-2.252117e+01	-1.225556e+02
1.110000e-06	-3.122935e-06	-1.853397e-09	-2.225674e+01	-1.221410e+02
1.120000e-06	-3.085585e-06	-1.845331e-09	-2.199056e+01	-1.217195e+02
1.130000e-06	-3.048040e-06	-1.837049e-09	-2.172298e+01	-1.212913e+02
1.140000e-06	-3.010228e-06	-1.833473e-09	-2.145349e+01	-1.208567e+02
1.150000e-06	-2.972207e-06	-1.826844e-09	-2.118253e+01	-1.204162e+02
1.160000e-06	-2.933971e-06	-1.817675e-09	-2.091002e+01	-1.199699e+02
1.170000e-06	-2.895554e-06	-1.803774e-09	-2.063623e+01	-1.195182e+02
1.180000e-06	-2.856993e-06	-1.791694e-09	-2.036141e+01	-1.190615e+02
1.190000e-06	-2.818255e-06	-1.780940e-09	-2.008533e+01	-1.186002e+02
1.200000e-06	-2.779332e-06	-1.773692e-09	-1.980793e+01	-1.181347e+02
1.210000e-06	-2.740212e-06	-1.771152e-09	-1.952913e+01	-1.176651e+02
1.220000e-06	-2.700818e-06	-1.774437e-09	-1.924837e+01	-1.171920e+02
1.230000e-06	-2.661180e-06	-1.776550e-09	-1.896588e+01	-1.167156e+02
1.240000e-06	-2.621479e-06	-1.773483e-09	-1.868293e+01	-1.162362e+02
1.250000e-06	-2.581662e-06	-1.763617e-09	-1.839916e+01	-1.157541e+02
1.260000e-06	-2.541712e-06	-1.748929e-09	-1.811445e+01	-1.152695e+02
1.270000e-06	-2.501684e-06	-1.731107e-09	-1.782917e+01	-1.147826e+02
1.280000e-06	-2.461484e-06	-1.716604e-09	-1.754267e+01	-1.142935e+02
1.290000e-06	-2.421166e-06	-1.707620e-09	-1.725533e+01	-1.138023e+02
1.300000e-06	-2.380794e-06	-1.705475e-09	-1.696761e+01	-1.133091e+02
1.310000e-06	-2.340253e-06	-1.704849e-09	-1.667867e+01	-1.128139e+02
1.320000e-06	-2.299512e-06	-1.702664e-09	-1.638832e+01	-1.123167e+02
1.330000e-06	-2.258505e-06	-1.698204e-09	-1.609607e+01	-1.118173e+02
1.340000e-06	-2.217176e-06	-1.691750e-09	-1.580152e+01	-1.113156e+02
1.350000e-06	-2.175615e-06	-1.682377e-09	-1.550532e+01	-1.108114e+02
1.360000e-06	-2.133849e-06	-1.667184e-09	-1.520766e+01	-1.103046e+02
1.370000e-06	-2.091797e-06	-1.652880e-09	-1.490796e+01	-1.097947e+02
1.380000e-06	-2.049389e-06	-1.646052e-09	-1.460573e+01	-1.092814e+02
1.390000e-06	-2.006807e-06	-1.643320e-09	-1.430225e+01	-1.087645e+02
1.400000e-06	-1.964001e-06	-1.636676e-09	-1.399717e+01	-1.082434e+02
1.410000e-06	-1.921002e-06	-1.628420e-09	-1.369073e+01	-1.077178e+02
1.420000e-06	-1.877873e-06	-1.622680e-09	-1.338335e+01	-1.071871e+02
1.430000e-06	-1.834589e-06	-1.618856e-09	-1.307487e+01	-1.066509e+02
1.440000e-06	-1.791226e-06	-1.611744e-09	-1.276583e+01	-1.061085e+02
1.450000e-06	-1.747701e-06	-1.601580e-09	-1.245563e+01	-1.055596e+02
1.460000e-06	-1.703987e-06	-1.592572e-09	-1.214409e+01	-1.050035e+02
1.470000e-06	-1.660170e-06	-1.587228e-09	-1.183181e+01	-1.044397e+02
1.480000e-06	-1.616340e-06	-1.578817e-09	-1.151944e+01	-1.038675e+02
1.490000e-06	-1.572375e-06	-1.566698e-09	-1.120611e+01	-1.032865e+02
1.500000e-06	-1.528285e-06	-1.555436e-09	-1.089189e+01	-1.026961e+02
1.510000e-06	-1.484152e-06	-1.549434e-09	-1.057736e+01	-1.020956e+02
1.520000e-06	-1.439938e-06	-1.542947e-09	-1.026225e+01	-1.014847e+02
1.530000e-06	-1.395705e-06	-1.531450e-09	-9.947004e+00	-1.008626e+02
1.540000e-06	-1.351513e-06	-1.518424e-09	-9.632054e+00	-1.002290e+02
1.550000e-06	-1.307262e-06	-1.510452e-09	-9.316682e+00	-9.958333e+01
1.560000e-06	-1.262839e-06	-1.504542e-09	-9.000086e+00	-9.892510e+01
1.570000e-06	-1.218354e-06	-1.493833e-09	-8.683046e+00	-9.825386e+01
1.580000e-06	-1.173887e-06	-1.478971e-09	-8.366140e+00	-9.756920e+01
1.590000e-06	-1.129307e-06	-1.466266e-09	-8.048424e+00	-9.687069e+01
1.600000e-06	-1.084608e-06	-1.455672e-09	-7.729861e+00	-9.615796e+01
1.610000e-06	-1.039847e-06	-1.444435e-09	-7.410849e+00	-9.543063e+01
1.620000e-06	-9.949243e-07	-1.432186e-09	-7.090693e+00	-9.468836e+01
1.630000e-06	-9.498127e-07	-1.423086e-09	-6.769189e+00	-9.393081e+01
1.640000e-06	-9.046340e-07	-1.413805e-09	-6.447207e+00	-9.315765e+01
1.650000e-06	-8.594144e-07	-1.400524e-09	-6.124933e+00	-9.236858e+01
1.660000e-06	-8.142122e-07	-1.383813e-09	-5.802782e+00	-9.156328e+01
1.670000e-06	-7.690155e-07	-1.367858e-09	-5.480671e+00	-9.074146e+01
1.680000e-06	-7.237704e-07	-1.357377e-09	-5.158216e+00	-8.990279e+01
1.690000e-06	-6.785242e-07	-1.347723e-09	-4.835752e+00	-8.904697e+01
1.700000e-06	-6.331571e-07	-1.334294e-09	-4.512427e+00	-8.817366e+01
1.710000e-06	-5.876886e-07	-1.319672e-09	-4.188379e+00	-8.728251e+01
1.720000e-06	-5.422864e-07	-1.307077e-09	-3.864803e+00	-8.637315e+01
1.730000e-06	-4.967986e-07	-1.293873e-09	-3.540618e+00	-8.544519e+01
1.740000e-06	-4.512388e-07	-1.278060e-09	-3.215919e+00	-8.449819e+01
1.750000e-06	-4.056865e-07	-1.261694e-09	-2.891274e+00	-8.353168e+01
1.760000e-06	-3.600341e-07	-1.246048e-09	-2.565915e+00	-8.254515e+01
1.770000e-06	-3.143148e-07	-1.229720e-09	-2.240080e+00	-8.153805e+01
1.780000e-06	-2.686017e-07	-1.214978e-09	-1.914289e+00	-8.050977e+01
1.790000e-06	-2.229068e-07	-1.197694e-09	-1.588627e+00	-7.945966e+01
1.800000e-06	-1.771993e-07	-1.178166e-09	-1.262876e+00	-7.838701e+01
1.810000e-06	-1.315481e-07	-1.158490e-09	-9.375258e-01	-7.729105e+01
1.820000e-06	-8.593186e-08	-1.140939e-09	-6.124250e-01	-7.617096e+01
1.830000e-06	-4.021336e-08	-1.124165e-09	-2.865953e-01	-7.502586e+01
1.840000e-06	5.524489e-09	-1.107649e-09	3.937230e-02	-7.385481e+01
1.850000e-06	5.123490e-08	-1.093439e-09	3.651443e-01	-7.265684e+01
1.860000e-06	9.696696e-08	-1.079221e-09	6.910707e-01	-7.143089e+01
1.870000e-06	1.426412e-07	-1.062184e-09	1.016585e+00	-7.017588e+01
1.880000e-06	1.882959e-07	-1.042058e-09	1.341960e+00	-6.889067e+01
1.890000e-06	2.340107e-07	-1.017402e-09	1.667763e+00	-6.757409e+01
1.900000e-06	2.797023e-07	-9.901856e-10	1.993402e+00	-6.622493e+01
1.910000e-06	3.253417e-07	-9.631997e-10	2.318667e+00	-6.484196e+01
1.920000e-06	3.709702e-07	-9.382432e-10	2.643855e+00	-6.342392e+01
1.930000e-06	4.165435e-07	-9.166175e-10	2.968651e+00	-6.196954e+01
1.940000e-06	4.620705e-07	-8.956993e-10	3.293115e+00	-6.047756e+01
1.950000e-06	5.075690e-07	-8.735998e-10	3.617377e+00	-5.894671e+01
1.960000e-06	5.529786e-07	-8.521416e-10	3.941005e+00	-5.737575e+01
1.970000e-06	5.983028e-07	-8.293268e-10	4.264025e+00	-5.576346e+01
1.980000e-06	6.435876e-07	-8.019179e-10	4.586763e+00	-5.410866e+01
1.990000e-06	6.888367e-07	-7.703151e-10	4.909248e+00	-5.241023e+01
2.000000e-06	7.341250e-07	-7.393165e-10	5.232011e+00	-5.066709e+01
2.010000e-06	7.793474e-07	-7.117955e-10	5.554306e+00	-4.887825e+01
2.020000e-06	8.244203e-07	-6.840348e-10	5.875534e+00	-4.704280e+01
2.030000e-06	8.695171e-07	-6.552605e-10	6.196933e+00	-4.515991e+01
2.040000e-06	9.145460e-07	-6.280171e-10	6.517848e+00	-4.322889e+01
2.050000e-06	9.594942e-07	-6.017315e-10	6.838188e+00	-4.124914e+01
2.060000e-06	1.004401e-06	-5.707787e-10	7.158232e+00	-3.922019e+01
2.070000e-06	1.049118e-06	-5.346980e-10	7.476923e+00	-3.714171e+01
2.080000e-06	1.093790e-06	-4.991747e-10	7.795295e+00	-3.501353e+01
2.090000e-06	1.138477e-06	-4.689810e-10	8.113772e+00	-3.283561e+01
2.100000e-06	1.183035e-06	-4.397059e-10	8.431333e+00	-3.060809e+01
2.110000e-06	1.227480e-06	-4.061052e-10	8.748085e+00	-2.833127e+01
2.120000e-06	1.271799e-06	-3.701502e-10	9.063942e+00	-2.600563e+01
2.130000e-06	1.316018e-06	-3.367448e-10	9.379087e+00	-2.363183e+01
2.140000e-06	1.360183e-06	-3.054168e-10	9.693844e+00	-2.121070e+01
2.150000e-06	1.404293e-06	-2.712905e-10	1.000821e+01	-1.874326e+01
2.160000e-06	1.448375e-06	-2.343194e-10	1.032238e+01	-1.623073e+01
2.170000e-06	1.492444e-06	-1.981883e-10	1.063645e+01	-1.367449e+01
2.180000e-06	1.536508e-06	-1.636795e-10	1.095049e+01	-1.107612e+01
2.190000e-06	1.580513e-06	-1.279820e-10	1.126411e+01	-8.437375e+00
2.200000e-06	1.624467e-06	-8.881646e-11	1.157736e+01	-5.760187e+00
2.210000e-06	1.668364e-06	-4.871925e-11	1.189021e+01	-3.046658e+00
2.220000e-06	1.712152e-06	-9.071348e-12	1.220228e+01	-2.990583e-01
2.230000e-06	1.755850e-06	3.276542e-11	1.251371e+01	2.480188e+00
2.240000e-06	1.799493e-06	7.773537e-11	1.282475e+01	5.288506e+00
2.250000e-06	1.843039e-06	1.208684e-10	1.313509e+01	8.123184e+00
2.260000e-06	1.886471e-06	1.617230e-10	1.344463e+01	1.098138e+01
2.270000e-06	1.929736e-06	2.034668e-10	1.375297e+01	1.386014e+01
2.280000e-06	1.972718e-06	2.474437e-10	1.405930e+01	1.675640e+01
2.290000e-06	2.015512e-06	2.928435e-10	1.436428e+01	1.966701e+01
2.300000e-06	2.058139e-06	3.353008e-10	1.466808e+01	2.258874e+01
2.310000e-06	2.100526e-06	3.767906e-10	1.497017e+01	2.551830e+01
2.320000e-06	2.142609e-06	4.224736e-10	1.527009e+01	2.845235e+01
2.330000e-06	2.184388e-06	4.679413e-10	1.556784e+01	3.138752e+01
2.340000e-06	2.225876e-06	5.087951e-10	1.586352e+01	3.432042e+01
2.350000e-06	2.267042e-06	5.490234e-10	1.615691e+01	3.724765e+01
2.360000e-06	2.307897e-06	5.932622e-10	1.644807e+01	4.016583e+01
2.370000e-06	2.348497e-06	6.419401e-10	1.673743e+01	4.307161e+01
2.380000e-06	2.388938e-06	6.872372e-10	1.702565e+01	4.596168e+01
2.390000e-06	2.429255e-06	7.283250e-10	1.731298e+01	4.883278e+01
2.400000e-06	2.469461e-06	7.715639e-10	1.759952e+01	5.168172e+01
2.410000e-06	2.509555e-06	8.168194e-10	1.788527e+01	5.450541e+01
2.420000e-06	2.549533e-06	8.611215e-10	1.817018e+01	5.730083e+01
2.430000e-06	2.589422e-06	9.045429e-10	1.845447e+01	6.006508e+01
2.440000e-06	2.629237e-06	9.475864e-10	1.873822e+01	6.279540e+01
2.450000e-06	2.668925e-06	9.906494e-10	1.902108e+01	6.548911e+01
2.460000e-06	2.708447e-06	1.032339e-09	1.930274e+01	6.814371e+01
2.470000e-06	2.747812e-06	1.068522e-09	1.958329e+01	7.075682e+01
2.480000e-06	2.787038e-06	1.103717e-09	1.986285e+01	7.332623e+01
2.490000e-06	2.825994e-06	1.143165e-09	2.014048e+01	7.584988e+01
2.500000e-06	2.864608e-06	1.183297e-09	2.041568e+01	7.832586e+01
2.510000e-06	2.903044e-06	1.220951e-09	2.068961e+01	8.075246e+01
2.520000e-06	2.941358e-06	1.259566e-09	2.096267e+01	8.312811e+01
2.530000e-06	2.979423e-06	1.301221e-09	2.123395e+01	8.545142e+01
2.540000e-06	3.017247e-06	1.340262e-09	2.150352e+01	8.772118e+01
2.550000e-06	3.054893e-06	1.371187e-09	2.177182e+01	8.993633e+01
2.560000e-06	3.092311e-06	1.395789e-09	2.203849e+01	9.209601e+01
2.570000e-06	3.129558e-06	1.420502e-09	2.230394e+01	9.419949e+01
2.580000e-06	3.166598e-06	1.449092e-09	2.256792e+01	9.624624e+01
2.590000e-06	3.203348e-06	1.480901e-09	2.282984e+01	9.823587e+01
2.600000e-06	3.239925e-06	1.515075e-09	2.309051e+01	1.001681e+02
2.610000e-06	3.276290e-06	1.552281e-09	2.334969e+01	1.020430e+02
2.620000e-06	3.312445e-06	1.588255e-09	2.360735e+01	1.038604e+02
2.630000e-06	3.348461e-06	1.614179e-09	2.386404e+01	1.056207e+02
2.640000e-06	3.384358e-06	1.629667e-09	2.411987e+01	1.073241e+02
2.650000e-06	3.420159e-06	1.645012e-09	2.437502e+01	1.089711e+02
2.660000e-06	3.455802e-06	1.664249e-09	2.462904e+01	1.105622e+02
2.670000e-06	3.491194e-06	1.685145e-09	2.488128e+01	1.120981e+02
2.680000e-06	3.526273e-06	1.707345e-09	2.513128e+01	1.135796e+02
2.690000e-06	3.561015e-06	1.733935e-09	2.537888e+01	1.150075e+02
2.700000e-06	3.595367e-06	1.764051e-09	2.562370e+01	1.163827e+02
2.710000e-06	3.629351e-06	1.790101e-09	2.586591e+01	1.177063e+02
2.720000e-06	3.662835e-06	1.807551e-09	2.610454e+01	1.189792e+02
2.730000e-06	3.695856e-06	1.820660e-09	2.633988e+01	1.202026e+02
2.740000e-06	3.728539e-06	1.834387e-09	2.657280e+01	1.213777e+02
2.750000e-06	3.760801e-06	1.847631e-09	2.680273e+01	1.225056e+02
2.760000e-06	3.792851e-06	1.858813e-09	2.703115e+01	1.235877e+02
2.770000e-06	3.824841e-06	1.872081e-09	2.725914e+01	1.246250e+02
2.780000e-06	3.856696e-06	1.893536e-09	2.748616e+01	1.256191e+02
2.790000e-06	3.888393e-06	1.915311e-09	2.771206e+01	1.265710e+02
2.800000e-06	3.919852e-06	1.927539e-09	2.793626e+01	1.274822e+02
2.810000e-06	3.951062e-06	1.934395e-09	2.815870e+01	1.283540e+02
2.820000e-06	3.981908e-06	1.944812e-09	2.837853e+01	1.291876e+02
2.830000e-06	4.012409e-06	1.958185e-09	2.859591e+01	1.299843e+02
2.840000e-06	4.042692e-06	1.968697e-09	2.881173e+01	1.307455e+02
2.850000e-06	4.072715e-06	1.978489e-09	2.902570e+01	1.314725e+02
2.860000e-06	4.102489e-06	1.991135e-09	2.923790e+01	1.321664e+02
2.870000e-06	4.131947e-06	2.005927e-09	2.944784e+01	1.328286e+02
2.880000e-06	4.161191e-06	2.017657e-09	2.965626e+01	1.334604e+02
2.890000e-06	4.190228e-06	2.023091e-09	2.986320e+01	1.340628e+02
2.900000e-06	4.218917e-06	2.029067e-09	3.006766e+01	1.346371e+02
2.910000e-06	4.247286e-06	2.039407e-09	3.026985e+01	1.351845e+02
2.920000e-06	4.275434e-06	2.047632e-09	3.047045e+01	1.357062e+02
2.930000e-06	4.303396e-06	2.052269e-09	3.066973e+01	1.362032e+02
2.940000e-06	4.331190e-06	2.057626e-09	3.086782e+01	1.366767e+02
2.950000e-06	4.358810e-06	2.066924e-09	3.106466e+01	1.371277e+02
2.960000e-06	4.386130e-06	2.079501e-09	3.125937e+01	1.375573e+02
2.970000e-06	4.413105e-06	2.087107e-09	3.145161e+01	1.379666e+02
2.980000e-06	4.439686e-06	2.089115e-09	3.164106e+01	1.383564e+02
2.990000e-06	4.465727e-06	2.093968e-09	3.182664e+01	1.387279e+02
3.000000e-06	4.491079e-06	2.100286e-09	3.200733e+01	1.390819e+02
3.010000e-06	4.515765e-06	2.103513e-09	3.218326e+01	1.394195e+02
3.020000e-06	4.540087e-06	2.106540e-09	3.235660e+01	1.397413e+02
3.030000e-06	4.564235e-06	2.113317e-09	3.252870e+01	1.400485e+02
3.040000e-06	4.588218e-06	2.122798e-09	3.269962e+01	1.403417e+02
3.050000e-06	4.611977e-06	2.129675e-09	3.286895e+01	1.406218e+02
3.060000e-06	4.635427e-06	2.132632e-09	3.303607e+01	1.408895e+02
3.070000e-06	4.658615e-06	2.135328e-09	3.320134e+01	1.411457e+02
3.080000e-06	4.681489e-06	2.139860e-09	3.336435e+01	1.413911e+02
3.090000e-06	4.703940e-06	2.143006e-09	3.352436e+01	1.416262e+02
3.100000e-06	4.726066e-06	2.144533e-09	3.368204e+01	1.418518e+02
3.110000e-06	4.747901e-06	2.147469e-09	3.383766e+01	1.420684e+02
3.120000e-06	4.769399e-06	2.153757e-09	3.399088e+01	1.422767e+02
3.130000e-06	4.790562e-06	2.160971e-09	3.414170e+01	1.424771e+02
3.140000e-06	4.811362e-06	2.165975e-09	3.428994e+01	1.426702e+02
3.150000e-06	4.831879e-06	2.170901e-09	3.443616e+01	1.428563e+02
3.160000e-06	4.852153e-06	2.174521e-09	3.458065e+01	1.430360e+02
3.170000e-06	4.872171e-06	2.175872e-09	3.472331e+01	1.432095e+02
3.180000e-06	4.891990e-06	2.174983e-09	3.486457e+01	1.433772e+02
3.190000e-06	4.911624e-06	2.174292e-09	3.500449e+01	1.435393e+02
3.200000e-06	4.930940e-06	2.177119e-09	3.514216e+01	1.436960e+02
3.210000e-06	4.949852e-06	2.182620e-09	3.527694e+01	1.438476e+02
3.220000e-06	4.968277e-06	2.187235e-09	3.540825e+01	1.439942e+02
3.230000e-06	4.986260e-06	2.190490e-09	3.553641e+01	1.441358e+02
3.240000e-06	5.003970e-06	2.194799e-09	3.566263e+01	1.442725e+02
3.250000e-06	5.021410e-06	2.198178e-09	3.578692e+01	1.444043e+02
3.260000e-06	5.038538e-06	2.198737e-09	3.590899e+01	1.445311e+02
3.270000e-06	5.055350e-06	2.197187e-09	3.602881e+01	1.446529e+02
3.280000e-06	5.071803e-06	2.197217e-09	3.614607e+01	1.447695e+02
3.290000e-06	5.087862e-06	2.201313e-09	3.626052e+01	1.448808e+02
3.300000e-06	5.103604e-06	2.205216e-09	3.637271e+01	1.449866e+02
3.310000e-06	5.118783e-06	2.205945e-09	3.648089e+01	1.450867e+02
3.320000e-06	5.133329e-06	2.208902e-09	3.658456e+01	1.451809e+02
3.330000e-06	5.147489e-06	2.213528e-09	3.668547e+01	1.452690e+02
3.340000e-06	5.161329e-06	2.211504e-09	3.678411e+01	1.453505e+02
3.350000e-06	5.174821e-06	2.204358e-09	3.688026e+01	1.454254e+02
3.360000e-06	5.187934e-06	2.200462e-09	3.697372e+01	1.454932e+02
3.370000e-06	5.200688e-06	2.200409e-09	3.706461e+01	1.455538e+02
3.380000e-06	5.213073e-06	2.199484e-09	3.715288e+01	1.456068e+02
3.390000e-06	5.225072e-06	2.197728e-09	3.723839e+01	1.456519e+02
3.400000e-06	5.236753e-06	2.197612e-09	3.732165e+01	1.456891e+02
3.410000e-06	5.248049e-06	2.200154e-09	3.740215e+01	1.457179e+02
3.420000e-06	5.258812e-06	2.200890e-09	3.747885e+01	1.457382e+02
3.430000e-06	5.268966e-06	2.197312e-09	3.755123e+01	1.457499e+02
3.440000e-06	5.278508e-06	2.193935e-09	3.761923e+01	1.457528e+02
3.450000e-06	5.287436e-06	2.194102e-09	3.768286e+01	1.457469e+02
3.460000e-06	5.295850e-06	2.195888e-09	3.774282e+01	1.457320e+02
3.470000e-06	5.304023e-06	2.195548e-09	3.780107e+01	1.457082e+02
3.480000e-06	5.312015e-06	2.195420e-09	3.785803e+01	1.456755e+02
3.490000e-06	5.319706e-06	2.195474e-09	3.791284e+01	1.456341e+02
3.500000e-06	5.327032e-06	2.193860e-09	3.796505e+01	1.455841e+02
3.510000e-06	5.333997e-06	2.191681e-09	3.801469e+01	1.455257e+02
3.520000e-06	5.340552e-06	2.190247e-09	3.806141e+01	1.454593e+02
3.530000e-06	5.346792e-06	2.191658e-09	3.810588e+01	1.453851e+02
3.540000e-06	5.352777e-06	2.192846e-09	3.814853e+01	1.453035e+02
3.550000e-06	5.358384e-06	2.191347e-09	3.818849e+01	1.452150e+02
3.560000e-06	5.363530e-06	2.189954e-09	3.822517e+01	1.451202e+02
3.570000e-06	5.368298e-06	2.189731e-09	3.825915e+01	1.450195e+02
3.580000e-06	5.372757e-06	2.188176e-09	3.829093e+01	1.449136e+02
3.590000e-06	5.376925e-06	2.184517e-09	3.832064e+01	1.448032e+02
3.600000e-06	5.380842e-06	2.182496e-09	3.834855e+01	1.446890e+02
3.610000e-06	5.384504e-06	2.184224e-09	3.837465e+01	1.445716e+02
3.620000e-06	5.387778e-06	2.186184e-09	3.839798e+01	1.444519e+02
3.630000e-06	5.390561e-06	2.184066e-09	3.841781e+01	1.443307e+02
3.640000e-06	5.392845e-06	2.181935e-09	3.843409e+01	1.442088e+02
3.650000e-06	5.394538e-06	2.183242e-09	3.844616e+01	1.440869e+02
3.660000e-06	5.395638e-06	2.186489e-09	3.845400e+01	1.439661e+02
3.670000e-06	5.396240e-06	2.188185e-09	3.845829e+01	1.438470e+02
3.680000e-06	5.396480e-06	2.186255e-09	3.846000e+01	1.437305e+02
3.690000e-06	5.396446e-06	2.185546e-09	3.845976e+01	1.436173e+02
3.700000e-06	5.396205e-06	2.187547e-09	3.845804e+01	1.435084e+02
3.710000e-06	5.395683e-06	2.188163e-09	3.845432e+01	1.434044e+02
3.720000e-06	5.394764e-06	2.186023e-09	3.844777e+01	1.433060e+02
3.730000e-06	5.393480e-06	2.182994e-09	3.843862e+01	1.432139e+02
3.740000e-06	5.391915e-06	2.174263e-09	3.842746e+01	1.431287e+02
3.750000e-06	5.390033e-06	2.148889e-09	3.841405e+01	1.430509e+02
3.760000e-06	5.387794e-06	2.137461e-09	3.839810e+01	1.429809e+02
3.770000e-06	5.385198e-06	2.186366e-09	3.837959e+01	1.429193e+02
3.780000e-06	5.382186e-06	2.216130e-09	3.835812e+01	1.428662e+02
3.790000e-06	5.378768e-06	2.176776e-09	3.833377e+01	1.428220e+02
3.800000e-06	5.374998e-06	2.134369e-09	3.830690e+01	1.427867e+02
3.810000e-06	5.370926e-06	2.126226e-09	3.827788e+01	1.427605e+02
3.820000e-06	5.366623e-06	2.178195e-09	3.824721e+01	1.427433e+02
3.830000e-06	5.362065e-06	2.121727e-09	3.821473e+01	1.427349e+02
3.840000e-06	5.356895e-06	2.057450e-09	3.817788e+01	1.427352e+02
3.850000e-06	5.351024e-06	2.108380e-09	3.813604e+01	1.427438e+02
3.860000e-06	5.344789e-06	2.189304e-09	3.809160e+01	1.427604e+02
3.870000e-06	5.338183e-06	2.185539e-09	3.804452e+01	1.427843e+02
3.880000e-06	5.331014e-06	2.098750e-09	3.799343e+01	1.428152e+02
3.890000e-06	5.323426e-06	2.129627e-09	3.793935e+01	1.428522e+02
3.900000e-06	5.315532e-06	2.158712e-09	3.788309e+01	1.428946e+02
3.910000e-06	5.307333e-06	2.120997e-09	3.782466e+01	1.429416e+02
3.920000e-06	5.298853e-06	2.055676e-09	3.776422e+01	1.429924e+02
3.930000e-06	5.290044e-06	2.105020e-09	3.770144e+01	1.430460e+02
3.940000e-06	5.280902e-06	2.163064e-09	3.763629e+01	1.431015e+02
3.950000e-06	5.271406e-06	2.155373e-09	3.756861e+01	1.431577e+02
3.960000e-06	5.261453e-06	2.132582e-09	3.749768e+01	1.432136e+02
3.970000e-06	5.251135e-06	2.163585e-09	3.742414e+01	1.432682e+02
3.980000e-06	5.240466e-06	2.196716e-09	3.734811e+01	1.433203e+02
3.990000e-06	5.229352e-06	2.192510e-09	3.726890e+01	1.433688e+02
4.000000e-06	5.217826e-06	2.192803e-09	3.718676e+01	1.434126e+02
4.010000e-06	5.205934e-06	2.217711e-09	3.710200e+01	1.434506e+02
4.020000e-06	5.193642e-06	2.234074e-09	3.701439e+01	1.434817e+02
4.030000e-06	5.180924e-06	2.202903e-09	3.692376e+01	1.435049e+02
4.040000e-06	5.167869e-06	2.174658e-09	3.683072e+01	1.435193e+02
4.050000e-06	5.154312e-06	2.163642e-09	3.673410e+01	1.435237e+02
4.060000e-06	5.140017e-06	2.186071e-09	3.663222e+01	1.435174e+02
4.070000e-06	5.125084e-06	2.179720e-09	3.652579e+01	1.434995e+02
4.080000e-06	5.109817e-06	2.183800e-09	3.641699e+01	1.434692e+02
4.090000e-06	5.094222e-06	2.191107e-09	3.630585e+01	1.434259e+02
4.100000e-06	5.078257e-06	2.200627e-09	3.619206e+01	1.433690e+02
4.110000e-06	5.062045e-06	2.175530e-09	3.607653e+01	1.432980e+02
4.120000e-06	5.045571e-06	2.158283e-09	3.595912e+01	1.432124e+02
4.130000e-06	5.028719e-06	2.136082e-09	3.583902e+01	1.431119e+02
4.140000e-06	5.011440e-06	2.130186e-09	3.571587e+01	1.429964e+02
4.150000e-06	4.993780e-06	2.145921e-09	3.559001e+01	1.428656e+02
4.160000e-06	4.975863e-06	2.174039e-09	3.546231e+01	1.427197e+02
4.170000e-06	4.957697e-06	2.158484e-09	3.533285e+01	1.425585e+02
4.180000e-06	4.939208e-06	2.152038e-09	3.520108e+01	1.423824e+02
4.190000e-06	4.920369e-06	2.163923e-09	3.506682e+01	1.421916e+02
4.200000e-06	4.901157e-06	2.147302e-09	3.492990e+01	1.419865e+02
4.210000e-06	4.881639e-06	2.114109e-09	3.479080e+01	1.417674e+02
4.220000e-06	4.861864e-06	2.113582e-09	3.464986e+01	1.415350e+02
4.230000e-06	4.841854e-06	2.125714e-09	3.450725e+01	1.412898e+02
4.240000e-06	4.821571e-06	2.128103e-09	3.436270e+01	1.410324e+02
4.250000e-06	4.800945e-06	2.137915e-09	3.421570e+01	1.407637e+02
4.260000e-06	4.779969e-06	2.132600e-09	3.406621e+01	1.404844e+02
4.270000e-06	4.758565e-06	2.123027e-09	3.391366e+01	1.401953e+02
4.280000e-06	4.736620e-06	2.125259e-09	3.375726e+01	1.398974e+02
4.290000e-06	4.714026e-06	2.118061e-09	3.359624e+01	1.395914e+02
4.300000e-06	4.690914e-06	2.087110e-09	3.343152e+01	1.392783e+02
4.310000e-06	4.667436e-06	2.087427e-09	3.326420e+01	1.389590e+02
4.320000e-06	4.643655e-06	2.096439e-09	3.309471e+01	1.386344e+02
4.330000e-06	4.619691e-06	2.091031e-09	3.292392e+01	1.383056e+02
4.340000e-06	4.595521e-06	2.078240e-09	3.275167e+01	1.379732e+02
4.350000e-06	4.571123e-06	2.077856e-09	3.257779e+01	1.376383e+02
4.360000e-06	4.546446e-06	2.072526e-09	3.240192e+01	1.373016e+02
4.370000e-06	4.521427e-06	2.073841e-09	3.222361e+01	1.369640e+02
4.380000e-06	4.496063e-06	2.064496e-09	3.204285e+01	1.366261e+02
4.390000e-06	4.470365e-06	2.057704e-09	3.185970e+01	1.362887e+02
4.400000e-06	4.444332e-06	2.061683e-09	3.167416e+01	1.359525e+02
4.410000e-06	4.418016e-06	2.068947e-09	3.148662e+01	1.356179e+02
4.420000e-06	4.391381e-06	2.054960e-09	3.129679e+01	1.352854e+02
4.430000e-06	4.364393e-06	2.045867e-09	3.110445e+01	1.349556e+02
4.440000e-06	4.337109e-06	2.043677e-09	3.091000e+01	1.346286e+02
4.450000e-06	4.309562e-06	2.045478e-09	3.071367e+01	1.343048e+02
4.460000e-06	4.281765e-06	2.041344e-09	3.051557e+01	1.339844e+02
4.470000e-06	4.253823e-06	2.035683e-09	3.031643e+01	1.336675e+02
4.480000e-06	4.225661e-06	2.036135e-09	3.011573e+01	1.333541e+02
4.490000e-06	4.197215e-06	2.045179e-09	2.991299e+01	1.330441e+02
4.500000e-06	4.168511e-06	2.042784e-09	2.970843e+01	1.327374e+02
4.510000e-06	4.139404e-06	2.027901e-09	2.950098e+01	1.324339e+02
4.520000e-06	4.109864e-06	2.018638e-09	2.929046e+01	1.321333e+02
4.530000e-06	4.079832e-06	2.018953e-09	2.907642e+01	1.318352e+02
4.540000e-06	4.049317e-06	2.019475e-09	2.885894e+01	1.315392e+02
4.550000e-06	4.018392e-06	2.011945e-09	2.863855e+01	1.312450e+02
4.560000e-06	3.987147e-06	2.007731e-09	2.841587e+01	1.309520e+02
4.570000e-06	3.955612e-06	2.011196e-09	2.819112e+01	1.306598e+02
4.580000e-06	3.923773e-06	2.015111e-09	2.796421e+01	1.303678e+02
4.590000e-06	3.891791e-06	2.005992e-09	2.773628e+01	1.300754e+02
4.600000e-06	3.859670e-06	1.994734e-09	2.750736e+01	1.297820e+02
4.610000e-06	3.827340e-06	1.985524e-09	2.727694e+01	1.294871e+02
4.620000e-06	3.794706e-06	1.981039e-09	2.704437e+01	1.291899e+02
4.630000e-06	3.761778e-06	1.970899e-09	2.680970e+01	1.288901e+02
4.640000e-06	3.728608e-06	1.962038e-09	2.657329e+01	1.285868e+02
4.650000e-06	3.695187e-06	1.957941e-09	2.633511e+01	1.282797e+02
4.660000e-06	3.661518e-06	1.959911e-09	2.609515e+01	1.279680e+02
4.670000e-06	3.627639e-06	1.956185e-09	2.585370e+01	1.276515e+02
4.680000e-06	3.593561e-06	1.948747e-09	2.561083e+01	1.273294e+02
4.690000e-06	3.559194e-06	1.938689e-09	2.536591e+01	1.270015e+02
4.700000e-06	3.524579e-06	1.934090e-09	2.511921e+01	1.266673e+02
4.710000e-06	3.489692e-06	1.927460e-09	2.487057e+01	1.263264e+02
4.720000e-06	3.454543e-06	1.919497e-09	2.462007e+01	1.259787e+02
4.730000e-06	3.419203e-06	1.913186e-09	2.436820e+01	1.256237e+02
4.740000e-06	3.383727e-06	1.912547e-09	2.411537e+01	1.252615e+02
4.750000e-06	3.348107e-06	1.910152e-09	2.386152e+01	1.248918e+02
4.760000e-06	3.312288e-06	1.903847e-09	2.360624e+01	1.245145e+02
4.770000e-06	3.276305e-06	1.893193e-09	2.334979e+01	1.241296e+02
4.780000e-06	3.240166e-06	1.882849e-09	2.309224e+01	1.237373e+02
4.790000e-06	3.203747e-06	1.874380e-09	2.283268e+01	1.233374e+02
4.800000e-06	3.167019e-06	1.867065e-09	2.257093e+01	1.229303e+02
4.810000e-06	3.130112e-06	1.861355e-09	2.230789e+01	1.225160e+02
4.820000e-06	3.092980e-06	1.859259e-09	2.204326e+01	1.220948e+02
4.830000e-06	3.055498e-06	1.856614e-09	2.177613e+01	1.216669e+02
4.840000e-06	3.017688e-06	1.847574e-09	2.150667e+01	1.212326e+02
4.850000e-06	2.979457e-06	1.837700e-09	2.123420e+01	1.207923e+02
4.860000e-06	2.940807e-06	1.830033e-09	2.095874e+01	1.203462e+02
4.870000e-06	2.901840e-06	1.825821e-09	2.068103e+01	1.198948e+02
4.880000e-06	2.862594e-06	1.818182e-09	2.040133e+01	1.194383e+02
4.890000e-06	2.823154e-06	1.809173e-09	2.012024e+01	1.189771e+02
4.900000e-06	2.783531e-06	1.802500e-09	1.983786e+01	1.185116e+02
4.910000e-06	2.743766e-06	1.798547e-09	1.955445e+01	1.180422e+02
4.920000e-06	2.703828e-06	1.791966e-09	1.926983e+01	1.175691e+02
4.930000e-06	2.663768e-06	1.783740e-09	1.898432e+01	1.170927e+02
4.940000e-06	2.623662e-06	1.777738e-09	1.869849e+01	1.166134e+02
4.950000e-06	2.583439e-06	1.773451e-09	1.841183e+01	1.161312e+02
4.960000e-06	2.543131e-06	1.762750e-09	1.812456e+01	1.156466e+02
4.970000e-06	2.502665e-06	1.753079e-09	1.783616e+01	1.151596e+02
4.980000e-06	2.461942e-06	1.748488e-09	1.754593e+01	1.146704e+02
4.990000e-06	2.421053e-06	1.746525e-09	1.725452e+01	1.141792e+02
5.000000e-06	2.380001e-06	1.740483e-09	1.696195e+01	1.136859e+02
5.010000e-06	2.338774e-06	1.730545e-09	1.666813e+01	1.131906e+02
5.020000e-06	2.297443e-06	1.720401e-09	1.637357e+01	1.126933e+02
5.030000e-06	2.255952e-06	1.715905e-09	1.607787e+01	1.121939e+02
5.040000e-06	2.214223e-06	1.711469e-09	1.578048e+01	1.116921e+02
5.050000e-06	2.172339e-06	1.703628e-09	1.548197e+01	1.111880e+02
5.060000e-06	2.130324e-06	1.697034e-09	1.518254e+01	1.106811e+02
5.070000e-06	2.088225e-06	1.692878e-09	1.488250e+01	1.101712e+02
5.080000e-06	2.045971e-06	1.684420e-09	1.458136e+01	1.096580e+02
5.090000e-06	2.003521e-06	1.672019e-09	1.427883e+01	1.091412e+02
5.100000e-06	1.960880e-06	1.661002e-09	1.397493e+01	1.086202e+02
5.110000e-06	1.918094e-06	1.654404e-09	1.367000e+01	1.080947e+02
5.120000e-06	1.875248e-06	1.652484e-09	1.336465e+01	1.075643e+02
5.130000e-06	1.832237e-06	1.649604e-09	1.305811e+01	1.070283e+02
5.140000e-06	1.789027e-06	1.642118e-09	1.275016e+01	1.064862e+02
5.150000e-06	1.745673e-06	1.632114e-09	1.244118e+01	1.059376e+02
5.160000e-06	1.702232e-06	1.621852e-09	1.213158e+01	1.053819e+02
5.170000e-06	1.658723e-06	1.608886e-09	1.182150e+01	1.048185e+02
5.180000e-06	1.615122e-06	1.596470e-09	1.151076e+01	1.042468e+02
5.190000e-06	1.571420e-06	1.588254e-09	1.119930e+01	1.036663e+02
5.200000e-06	1.527657e-06	1.585445e-09	1.088741e+01	1.030765e+02
5.210000e-06	1.483816e-06	1.582533e-09	1.057496e+01	1.024766e+02
5.220000e-06	1.439896e-06	1.574752e-09	1.026195e+01	1.018663e+02
5.230000e-06	1.395906e-06	1.563815e-09	9.948439e+00	1.012450e+02
5.240000e-06	1.351874e-06	1.552322e-09	9.634629e+00	1.006121e+02
5.250000e-06	1.307840e-06	1.539527e-09	9.320802e+00	9.996723e+01
5.260000e-06	1.263767e-06	1.527137e-09	9.006697e+00	9.930982e+01
5.270000e-06	1.219626e-06	1.517527e-09	8.692111e+00	9.863944e+01
5.280000e-06	1.175497e-06	1.508259e-09	8.377615e+00	9.795567e+01
5.290000e-06	1.131328e-06	1.497524e-09	8.062827e+00	9.725810e+01
5.300000e-06	1.087020e-06	1.487180e-09	7.747046e+00	9.654633e+01
5.310000e-06	1.042649e-06	1.474919e-09	7.430823e+00	9.581999e+01
5.320000e-06	9.982183e-07	1.461526e-09	7.114170e+00	9.507874e+01
5.330000e-06	9.537447e-07	1.447228e-09	6.797212e+00	9.432223e+01
5.340000e-06	9.092288e-07	1.435937e-09	6.479953e+00	9.355014e+01
5.350000e-06	8.646195e-07	1.425372e-09	6.162028e+00	9.276217e+01
5.360000e-06	8.200036e-07	1.413514e-09	5.844057e+00	9.195800e+01
5.370000e-06	7.753229e-07	1.401097e-09	5.525624e+00	9.113732e+01
5.380000e-06	7.305773e-07	1.388619e-09	5.206728e+00	9.029983e+01
5.390000e-06	6.858389e-07	1.376457e-09	4.887883e+00	8.944521e+01
5.400000e-06	6.410037e-07	1.364603e-09	4.568348e+00	8.857313e+01
5.410000e-06	5.960733e-07	1.349751e-09	4.248135e+00	8.768324e+01
5.420000e-06	5.510977e-07	1.331870e-09	3.927600e+00	8.677518e+01
5.430000e-06	5.061359e-07	1.315317e-09	3.607163e+00	8.584854e+01
5.440000e-06	4.612017e-07	1.302364e-09	3.286924e+00	8.490290e+01
5.450000e-06	4.162274e-07	1.288544e-09	2.966397e+00	8.393780e+01
5.460000e-06	3.711941e-07	1.270858e-09	2.645451e+00	8.295272e+01
5.470000e-06	3.260832e-07	1.252544e-09	2.323952e+00	8.194712e+01
5.480000e-06	2.809055e-07	1.237149e-09	2.001976e+00	8.092039e+01
5.490000e-06	2.356171e-07	1.221931e-09	1.679212e+00	7.987189e+01
5.500000e-06	1.903102e-07	1.203837e-09	1.356316e+00	7.880090e+01
5.510000e-06	1.450647e-07	1.185225e-09	1.033857e+00	7.770668e+01
5.520000e-06	9.984864e-08	1.168418e-09	7.116081e-01	7.658839e+01
5.530000e-06	5.465708e-08	1.152853e-09	3.895337e-01	7.544517e+01
5.540000e-06	9.498812e-09	1.136474e-09	6.769677e-02	7.427608e+01
5.550000e-06	-3.568549e-08	1.119179e-09	-2.543257e-01	7.308015e+01
5.560000e-06	-8.087172e-08	1.100208e-09	-5.763620e-01	7.185634e+01
5.570000e-06	-1.260513e-07	1.080038e-09	-8.983509e-01	7.060355e+01
5.580000e-06	-1.711732e-07	1.058888e-09	-1.219929e+00	6.932066e+01
5.590000e-06	-2.162581e-07	1.036613e-09	-1.541243e+00	6.800650e+01
5.600000e-06	-2.614942e-07	1.013261e-09	-1.863635e+00	6.665987e+01
5.610000e-06	-3.067505e-07	9.942657e-10	-2.186170e+00	6.527952e+01
5.620000e-06	-3.519225e-07	9.775761e-10	-2.508105e+00	6.386421e+01
5.630000e-06	-3.970623e-07	9.589909e-10	-2.829811e+00	6.241267e+01
5.640000e-06	-4.421481e-07	9.373468e-10	-3.151131e+00	6.092363e+01
5.650000e-06	-4.871648e-07	9.151149e-10	-3.471959e+00	5.939583e+01
5.660000e-06	-5.321799e-07	8.910596e-10	-3.792775e+00	5.782802e+01
5.670000e-06	-5.770991e-07	8.639726e-10	-4.112909e+00	5.621898e+01
5.680000e-06	-6.219001e-07	8.355316e-10	-4.432199e+00	5.456753e+01
5.690000e-06	-6.666439e-07	8.082849e-10	-4.751083e+00	5.287253e+01
5.700000e-06	-7.113245e-07	7.822168e-10	-5.069515e+00	5.113292e+01
5.710000e-06	-7.559720e-07	7.580527e-10	-5.387712e+00	4.934768e+01
5.720000e-06	-8.005528e-07	7.362825e-10	-5.705434e+00	4.751591e+01
5.730000e-06	-8.451272e-07	7.159529e-10	-6.023110e+00	4.563676e+01
5.740000e-06	-8.896459e-07	6.938961e-10	-6.340388e+00	4.370954e+01
5.750000e-06	-9.340446e-07	6.671983e-10	-6.656812e+00	4.173363e+01
5.760000e-06	-9.783812e-07	6.343399e-10	-6.972793e+00	3.970855e+01
5.770000e-06	-1.022643e-06	5.969738e-10	-7.288243e+00	3.763397e+01
5.780000e-06	-1.066874e-06	5.584859e-10	-7.603470e+00	3.550969e+01
5.790000e-06	-1.111039e-06	5.198413e-10	-7.918228e+00	3.333567e+01
5.800000e-06	-1.155128e-06	4.852836e-10	-8.232441e+00	3.111204e+01
5.810000e-06	-1.199191e-06	4.583168e-10	-8.546479e+00	2.883907e+01
5.820000e-06	-1.243240e-06	4.342064e-10	-8.860406e+00	2.651724e+01
5.830000e-06	-1.287210e-06	4.034178e-10	-9.173778e+00	2.414718e+01
5.840000e-06	-1.331132e-06	3.655784e-10	-9.486798e+00	2.172972e+01
5.850000e-06	-1.375061e-06	3.257379e-10	-9.799878e+00	1.926586e+01
5.860000e-06	-1.418957e-06	2.859086e-10	-1.011272e+01	1.675680e+01
5.870000e-06	-1.462823e-06	2.439151e-10	-1.042534e+01	1.420390e+01
5.880000e-06	-1.506624e-06	1.998487e-10	-1.073751e+01	1.160874e+01
5.890000e-06	-1.550292e-06	1.586061e-10	-1.104872e+01	8.973047e+00
5.900000e-06	-1.593906e-06	1.221332e-10	-1.135956e+01	6.298745e+00
5.910000e-06	-1.637418e-06	8.630506e-11	-1.166966e+01	3.587921e+00
5.920000e-06	-1.680766e-06	4.831614e-11	-1.197860e+01	8.428299e-01
5.930000e-06	-1.724030e-06	8.504160e-12	-1.228693e+01	-1.934115e+00
5.940000e-06	-1.767178e-06	-3.376387e-11	-1.259445e+01	-4.740352e+00
5.950000e-06	-1.810213e-06	-8.111965e-11	-1.290114e+01	-7.573180e+00
5.960000e-06	-1.853136e-06	-1.318432e-10	-1.320705e+01	-1.042977e+01
5.970000e-06	-1.895841e-06	-1.825176e-10	-1.351141e+01	-1.330717e+01
5.980000e-06	-1.938306e-06	-2.295394e-10	-1.381405e+01	-1.620233e+01
5.990000e-06	-1.980702e-06	-2.748847e-10	-1.411620e+01	-1.911211e+01
6.000000e-06	-2.023048e-06	-3.213774e-10	-1.441800e+01	-2.203328e+01
6.010000e-06	-2.065239e-06	-3.696378e-10	-1.471869e+01	-2.496255e+01
6.020000e-06	-2.107283e-06	-4.167989e-10	-1.501833e+01	-2.789660e+01
6.030000e-06	-2.149198e-06	-4.629127e-10	-1.531705e+01	-3.083204e+01
6.040000e-06	-2.190970e-06	-5.118846e-10	-1.561475e+01	-3.376549e+01
6.050000e-06	-2.232597e-06	-5.628318e-10	-1.591142e+01	-3.669356e+01
6.060000e-06	-2.274069e-06	-6.117107e-10	-1.620699e+01	-3.961287e+01
6.070000e-06	-2.315397e-06	-6.593211e-10	-1.650153e+01	-4.252005e+01
6.080000e-06	-2.356555e-06	-7.077229e-10	-1.679486e+01	-4.541179e+01
6.090000e-06	-2.397514e-06	-7.543139e-10	-1.708677e+01	-4.828483e+01
6.100000e-06	-2.438209e-06	-7.981002e-10	-1.737679e+01	-5.113598e+01
6.110000e-06	-2.478663e-06	-8.401757e-10	-1.766510e+01	-5.396213e+01
6.120000e-06	-2.519006e-06	-8.834862e-10	-1.795262e+01	-5.676026e+01
6.130000e-06	-2.559195e-06	-9.280485e-10	-1.823905e+01	-5.952746e+01
6.140000e-06	-2.599255e-06	-9.710686e-10	-1.852455e+01	-6.226094e+01
6.150000e-06	-2.639263e-06	-1.012804e-09	-1.880968e+01	-6.495804e+01
6.160000e-06	-2.679217e-06	-1.055872e-09	-1.909442e+01	-6.761623e+01
6.170000e-06	-2.719051e-06	-1.101373e-09	-1.937831e+01	-7.023313e+01
6.180000e-06	-2.758734e-06	-1.143973e-09	-1.966113e+01	-7.280650e+01
6.190000e-06	-2.798265e-06	-1.178858e-09	-1.994287e+01	-7.533428e+01
6.200000e-06	-2.837629e-06	-1.209849e-09	-2.022341e+01	-7.781454e+01
6.210000e-06	-2.876873e-06	-1.242526e-09	-2.050309e+01	-8.024556e+01
6.220000e-06	-2.915898e-06	-1.277735e-09	-2.078122e+01	-8.262575e+01
6.230000e-06	-2.954496e-06	-1.312312e-09	-2.105630e+01	-8.495371e+01
6.240000e-06	-2.992675e-06	-1.347445e-09	-2.132840e+01	-8.722821e+01
6.250000e-06	-3.030494e-06	-1.385254e-09	-2.159793e+01	-8.944819e+01
6.260000e-06	-3.067802e-06	-1.422815e-09	-2.186382e+01	-9.161276e+01
6.270000e-06	-3.104737e-06	-1.453017e-09	-2.212705e+01	-9.372119e+01
6.280000e-06	-3.141467e-06	-1.477832e-09	-2.238882e+01	-9.577292e+01
6.290000e-06	-3.177990e-06	-1.503543e-09	-2.264911e+01	-9.776756e+01
6.300000e-06	-3.214336e-06	-1.530981e-09	-2.290815e+01	-9.970486e+01
6.310000e-06	-3.250539e-06	-1.558190e-09	-2.316616e+01	-1.015847e+02
6.320000e-06	-3.286591e-06	-1.586475e-09	-2.342310e+01	-1.034072e+02
6.330000e-06	-3.322443e-06	-1.618095e-09	-2.367861e+01	-1.051724e+02
6.340000e-06	-3.358150e-06	-1.648564e-09	-2.393309e+01	-1.068808e+02
6.350000e-06	-3.393658e-06	-1.672734e-09	-2.418615e+01	-1.085327e+02
6.360000e-06	-3.428904e-06	-1.691545e-09	-2.443735e+01	-1.101287e+02
6.370000e-06	-3.463910e-06	-1.708392e-09	-2.468683e+01	-1.116695e+02
6.380000e-06	-3.498717e-06	-1.723769e-09	-2.493489e+01	-1.131557e+02
6.390000e-06	-3.533279e-06	-1.740409e-09	-2.518121e+01	-1.145882e+02
6.400000e-06	-3.567589e-06	-1.759137e-09	-2.542574e+01	-1.159681e+02
6.410000e-06	-3.601654e-06	-1.780545e-09	-2.566851e+01	-1.172961e+02
6.420000e-06	-3.635499e-06	-1.805238e-09	-2.590972e+01	-1.185734e+02
6.430000e-06	-3.669194e-06	-1.827820e-09	-2.614986e+01	-1.198012e+02
6.440000e-06	-3.702644e-06	-1.843911e-09	-2.638826e+01	-1.209805e+02
6.450000e-06	-3.735706e-06	-1.857734e-09	-2.662388e+01	-1.221125e+02
6.460000e-06	-3.768467e-06	-1.872077e-09	-2.685736e+01	-1.231986e+02
6.470000e-06	-3.801011e-06	-1.884359e-09	-2.708930e+01	-1.242399e+02
6.480000e-06	-3.833284e-06	-1.895619e-09	-2.731931e+01	-1.252377e+02
6.490000e-06	-3.865354e-06	-1.909025e-09	-2.754787e+01	-1.261934e+02
6.500000e-06	-3.897311e-06	-1.925183e-09	-2.777562e+01	-1.271082e+02
6.510000e-06	-3.929129e-06	-1.942245e-09	-2.800238e+01	-1.279834e+02
6.520000e-06	-3.960609e-06	-1.958178e-09	-2.822674e+01	-1.288204e+02
6.530000e-06	-3.991778e-06	-1.971560e-09	-2.844887e+01	-1.296204e+02
6.540000e-06	-4.022632e-06	-1.982005e-09	-2.866877e+01	-1.303847e+02
6.550000e-06	-4.053067e-06	-1.991592e-09	-2.888567e+01	-1.311147e+02
6.560000e-06	-4.083018e-06	-2.001090e-09	-2.909912e+01	-1.318116e+02
6.570000e-06	-4.112370e-06	-2.008347e-09	-2.930832e+01	-1.324767e+02
6.580000e-06	-4.141226e-06	-2.015392e-09	-2.951397e+01	-1.331111e+02
6.590000e-06	-4.169793e-06	-2.023685e-09	-2.971756e+01	-1.337162e+02
6.600000e-06	-4.198108e-06	-2.034105e-09	-2.991936e+01	-1.342930e+02
6.610000e-06	-4.226173e-06	-2.044690e-09	-3.011938e+01	-1.348429e+02
6.620000e-06	-4.254064e-06	-2.055121e-09	-3.031815e+01	-1.353669e+02
6.630000e-06	-4.281798e-06	-2.064547e-09	-3.051581e+01	-1.358661e+02
6.640000e-06	-4.309372e-06	-2.071700e-09	-3.071232e+01	-1.363418e+02
6.650000e-06	-4.336652e-06	-2.077840e-09	-3.090675e+01	-1.367949e+02
6.660000e-06	-4.363533e-06	-2.082722e-09	-3.109832e+01	-1.372265e+02
6.670000e-06	-4.390150e-06	-2.087762e-09	-3.128801e+01	-1.376376e+02
6.680000e-06	-4.416530e-06	-2.093612e-09	-3.147602e+01	-1.380293e+02
6.690000e-06	-4.442492e-06	-2.100860e-09	-3.166105e+01	-1.384025e+02
6.700000e-06	-4.468149e-06	-2.108519e-09	-3.184391e+01	-1.387582e+02
6.710000e-06	-4.493545e-06	-2.114661e-09	-3.202490e+01	-1.390973e+02
6.720000e-06	-4.518624e-06	-2.121269e-09	-3.220363e+01	-1.394207e+02
6.730000e-06	-4.543399e-06	-2.127093e-09	-3.238020e+01	-1.397293e+02
6.740000e-06	-4.567806e-06	-2.131002e-09	-3.255415e+01	-1.400238e+02
6.750000e-06	-4.591942e-06	-2.135683e-09	-3.272616e+01	-1.403052e+02
6.760000e-06	-4.615933e-06	-2.140860e-09	-3.289715e+01	-1.405743e+02
6.770000e-06	-4.639720e-06	-2.144917e-09	-3.306667e+01	-1.408316e+02
6.780000e-06	-4.663211e-06	-2.149359e-09	-3.323409e+01	-1.410781e+02
6.790000e-06	-4.686372e-06	-2.154702e-09	-3.339915e+01	-1.413142e+02
6.800000e-06	-4.709087e-06	-2.158906e-09	-3.356104e+01	-1.415408e+02
6.810000e-06	-4.731189e-06	-2.163856e-09	-3.371855e+01	-1.417584e+02
6.820000e-06	-4.752645e-06	-2.168903e-09	-3.387147e+01	-1.419676e+02
6.830000e-06	-4.773627e-06	-2.175421e-09	-3.402100e+01	-1.421689e+02
6.840000e-06	-4.794243e-06	-2.181309e-09	-3.416793e+01	-1.423628e+02
6.850000e-06	-4.814536e-06	-2.184152e-09	-3.431256e+01	-1.425498e+02
6.860000e-06	-4.834598e-06	-2.184827e-09	-3.445554e+01	-1.427302e+02
6.870000e-06	-4.854447e-06	-2.184548e-09	-3.459700e+01	-1.429045e+02
6.880000e-06	-4.874006e-06	-2.184324e-09	-3.473639e+01	-1.430728e+02
6.890000e-06	-4.893315e-06	-2.185255e-09	-3.487401e+01	-1.432357e+02
6.900000e-06	-4.912358e-06	-2.188515e-09	-3.500972e+01	-1.433931e+02
6.910000e-06	-4.930987e-06	-2.194027e-09	-3.514249e+01	-1.435454e+02
6.920000e-06	-4.949213e-06	-2.201424e-09	-3.527239e+01	-1.436926e+02
6.930000e-06	-4.967180e-06	-2.206907e-09	-3.540043e+01	-1.438348e+02
6.940000e-06	-4.984932e-06	-2.207519e-09	-3.552695e+01	-1.439722e+02
6.950000e-06	-5.002389e-06	-2.204026e-09	-3.565136e+01	-1.441046e+02
6.960000e-06	-5.019436e-06	-2.200792e-09	-3.577286e+01	-1.442321e+02
6.970000e-06	-5.036107e-06	-2.199618e-09	-3.589167e+01	-1.443545e+02
6.980000e-06	-5.052541e-06	-2.198468e-09	-3.600879e+01	-1.444718e+02
6.990000e-06	-5.068660e-06	-2.200402e-09	-3.612367e+01	-1.445838e+02
7.000000e-06	-5.084451e-06	-2.204719e-09	-3.623621e+01	-1.446903e+02
7.010000e-06	-5.099944e-06	-2.207267e-09	-3.634663e+01	-1.447912e+02
7.020000e-06	-5.115039e-06	-2.207195e-09	-3.645421e+01	-1.448861e+02
7.030000e-06	-5.129499e-06	-2.205110e-09	-3.655726e+01	-1.449749e+02
7.040000e-06	-5.143314e-06	-2.203180e-09	-3.665572e+01	-1.450573e+02
7.050000e-06	-5.156662e-06	-2.199698e-09	-3.675084e+01	-1.451329e+02
7.060000e-06	-5.169560e-06	-2.197333e-09	-3.684277e+01	-1.452016e+02
7.070000e-06	-5.182012e-06	-2.196963e-09	-3.693152e+01	-1.452630e+02
7.080000e-06	-5.194086e-06	-2.199247e-09	-3.701756e+01	-1.453169e+02
7.090000e-06	-5.205888e-06	-2.202225e-09	-3.710168e+01	-1.453630e+02
7.100000e-06	-5.217388e-06	-2.202852e-09	-3.718363e+01	-1.454010e+02
7.110000e-06	-5.228443e-06	-2.200460e-09	-3.726242e+01	-1.454308e+02
7.120000e-06	-5.238988e-06	-2.198970e-09	-3.733757e+01	-1.454521e+02
7.130000e-06	-5.249109e-06	-2.199847e-09	-3.740971e+01	-1.454647e+02
7.140000e-06	-5.258934e-06	-2.200398e-09	-3.747973e+01	-1.454686e+02
7.150000e-06	-5.268390e-06	-2.200197e-09	-3.754712e+01	-1.454636e+02
7.160000e-06	-5.277480e-06	-2.199152e-09	-3.761190e+01	-1.454497e+02
7.170000e-06	-5.286224e-06	-2.195638e-09	-3.767422e+01	-1.454269e+02
7.180000e-06	-5.294590e-06	-2.191471e-09	-3.773384e+01	-1.453952e+02
7.190000e-06	-5.302691e-06	-2.189408e-09	-3.779157e+01	-1.453548e+02
7.200000e-06	-5.310586e-06	-2.189952e-09	-3.784784e+01	-1.453057e+02
7.210000e-06	-5.318304e-06	-2.192313e-09	-3.790285e+01	-1.452483e+02
7.220000e-06	-5.325620e-06	-2.193402e-09	-3.795499e+01	-1.451827e+02
7.230000e-06	-5.332399e-06	-2.192496e-09	-3.800330e+01	-1.451094e+02
7.240000e-06	-5.338743e-06	-2.190470e-09	-3.804852e+01	-1.450286e+02
7.250000e-06	-5.344548e-06	-2.187180e-09	-3.808989e+01	-1.449410e+02
7.260000e-06	-5.349765e-06	-2.181983e-09	-3.812707e+01	-1.448469e+02
7.270000e-06	-5.354527e-06	-2.178183e-09	-3.816100e+01	-1.447469e+02
7.280000e-06	-5.358909e-06	-2.178063e-09	-3.819223e+01	-1.446417e+02
7.290000e-06	-5.362973e-06	-2.180195e-09	-3.822120e+01	-1.445319e+02
7.300000e-06	-5.366816e-06	-2.180053e-09	-3.824859e+01	-1.444181e+02
7.310000e-06	-5.370410e-06	-2.178666e-09	-3.827420e+01	-1.443012e+02
7.320000e-06	-5.373579e-06	-2.179031e-09	-3.829679e+01	-1.441820e+02
7.330000e-06	-5.376339e-06	-2.179914e-09	-3.831646e+01	-1.440611e+02
7.340000e-06	-5.378813e-06	-2.178225e-09	-3.833409e+01	-1.439394e+02
7.350000e-06	-5.380964e-06	-2.174823e-09	-3.834941e+01	-1.438178e+02
7.360000e-06	-5.382735e-06	-2.170309e-09	-3.836204e+01	-1.436970e+02
7.370000e-06	-5.384076e-06	-2.168389e-09	-3.837159e+01	-1.435780e+02
7.380000e-06	-5.385048e-06	-2.168801e-09	-3.837853e+01	-1.434615e+02
7.390000e-06	-5.385759e-06	-2.171728e-09	-3.838359e+01	-1.433483e+02
7.400000e-06	-5.386160e-06	-2.173528e-09	-3.838645e+01	-1.432392e+02
