# Temperatura_=_4.13
# Concentracion g/m^3_=_4090.0
# C_Vs_to_Am_M_A/Vsm_=_65563218390.804596
# pendiente_HvsI_1/m_=_3716.3
# ordenada_HvsI_A/m_=_1297.0
# frecuencia_Hz_=_135085.64490308135

Tiempo_(s)	Campo_(V.s)	Magnetizacion_(V.s)	Campo_(kA/m)	Magnetizacion_(A/m)
0.000000e+00	-5.401953e-06	-1.397989e-09	-3.839180e+01	-9.495982e+01
1.000000e-08	-5.402143e-06	-1.390670e-09	-3.839316e+01	-9.483661e+01
2.000000e-08	-5.402141e-06	-1.382360e-09	-3.839314e+01	-9.472007e+01
3.000000e-08	-5.401842e-06	-1.377451e-09	-3.839102e+01	-9.461096e+01
4.000000e-08	-5.401188e-06	-1.375854e-09	-3.838637e+01	-9.451001e+01
5.000000e-08	-5.399964e-06	-1.374466e-09	-3.837767e+01	-9.441787e+01
6.000000e-08	-5.398094e-06	-1.380025e-09	-3.836438e+01	-9.433512e+01
7.000000e-08	-5.395606e-06	-1.399793e-09	-3.834669e+01	-9.426227e+01
8.000000e-08	-5.392578e-06	-1.398337e-09	-3.832518e+01	-9.419974e+01
9.000000e-08	-5.389097e-06	-1.343316e-09	-3.830044e+01	-9.414787e+01
1.000000e-07	-5.385130e-06	-1.346459e-09	-3.827225e+01	-9.410689e+01
1.100000e-07	-5.380806e-06	-1.453683e-09	-3.824152e+01	-9.407694e+01
1.200000e-07	-5.376296e-06	-1.462114e-09	-3.820946e+01	-9.405807e+01
1.300000e-07	-5.371597e-06	-1.307757e-09	-3.817606e+01	-9.405021e+01
1.400000e-07	-5.366608e-06	-1.289372e-09	-3.814061e+01	-9.405319e+01
1.500000e-07	-5.361253e-06	-1.450487e-09	-3.810255e+01	-9.406675e+01
1.600000e-07	-5.355486e-06	-1.506121e-09	-3.806157e+01	-9.409052e+01
1.700000e-07	-5.349253e-06	-1.299802e-09	-3.801726e+01	-9.412402e+01
1.800000e-07	-5.342693e-06	-1.272189e-09	-3.797064e+01	-9.416670e+01
1.900000e-07	-5.335831e-06	-1.464834e-09	-3.792188e+01	-9.421787e+01
2.000000e-07	-5.328513e-06	-1.518780e-09	-3.786986e+01	-9.427681e+01
2.100000e-07	-5.320954e-06	-1.370086e-09	-3.781614e+01	-9.434268e+01
2.200000e-07	-5.313300e-06	-1.379768e-09	-3.776174e+01	-9.441458e+01
2.300000e-07	-5.305384e-06	-1.532031e-09	-3.770549e+01	-9.449153e+01
2.400000e-07	-5.297109e-06	-1.502881e-09	-3.764668e+01	-9.457250e+01
2.500000e-07	-5.288203e-06	-1.417734e-09	-3.758339e+01	-9.465642e+01
2.600000e-07	-5.278530e-06	-1.504556e-09	-3.751464e+01	-9.474216e+01
2.700000e-07	-5.268218e-06	-1.593395e-09	-3.744135e+01	-9.482856e+01
2.800000e-07	-5.257278e-06	-1.477387e-09	-3.736360e+01	-9.491447e+01
2.900000e-07	-5.245944e-06	-1.450439e-09	-3.728304e+01	-9.499868e+01
3.000000e-07	-5.234318e-06	-1.563403e-09	-3.720042e+01	-9.508002e+01
3.100000e-07	-5.222353e-06	-1.546582e-09	-3.711538e+01	-9.515732e+01
3.200000e-07	-5.209980e-06	-1.424023e-09	-3.702745e+01	-9.522942e+01
3.300000e-07	-5.197217e-06	-1.498336e-09	-3.693674e+01	-9.529520e+01
3.400000e-07	-5.184069e-06	-1.581734e-09	-3.684330e+01	-9.535359e+01
3.500000e-07	-5.170515e-06	-1.511198e-09	-3.674697e+01	-9.540355e+01
3.600000e-07	-5.156541e-06	-1.466778e-09	-3.664766e+01	-9.544411e+01
3.700000e-07	-5.142153e-06	-1.541003e-09	-3.654540e+01	-9.547438e+01
3.800000e-07	-5.127380e-06	-1.503823e-09	-3.644041e+01	-9.549352e+01
3.900000e-07	-5.112111e-06	-1.454475e-09	-3.633189e+01	-9.550079e+01
4.000000e-07	-5.096120e-06	-1.501721e-09	-3.621824e+01	-9.549554e+01
4.100000e-07	-5.079522e-06	-1.514641e-09	-3.610028e+01	-9.547719e+01
4.200000e-07	-5.062651e-06	-1.452099e-09	-3.598038e+01	-9.544530e+01
4.300000e-07	-5.045561e-06	-1.492106e-09	-3.585892e+01	-9.539949e+01
4.400000e-07	-5.028136e-06	-1.540079e-09	-3.573508e+01	-9.533951e+01
4.500000e-07	-5.010385e-06	-1.477618e-09	-3.560893e+01	-9.526520e+01
4.600000e-07	-4.992391e-06	-1.443583e-09	-3.548104e+01	-9.517650e+01
4.700000e-07	-4.973977e-06	-1.493378e-09	-3.535017e+01	-9.507347e+01
4.800000e-07	-4.955102e-06	-1.493231e-09	-3.521602e+01	-9.495627e+01
4.900000e-07	-4.935891e-06	-1.452265e-09	-3.507949e+01	-9.482514e+01
5.000000e-07	-4.916392e-06	-1.460855e-09	-3.494091e+01	-9.468043e+01
5.100000e-07	-4.896657e-06	-1.468639e-09	-3.480065e+01	-9.452258e+01
5.200000e-07	-4.876754e-06	-1.467925e-09	-3.465920e+01	-9.435212e+01
5.300000e-07	-4.856668e-06	-1.471178e-09	-3.451645e+01	-9.416964e+01
5.400000e-07	-4.836263e-06	-1.462782e-09	-3.437144e+01	-9.397581e+01
5.500000e-07	-4.815386e-06	-1.444086e-09	-3.422306e+01	-9.377136e+01
5.600000e-07	-4.794130e-06	-1.468439e-09	-3.407199e+01	-9.355709e+01
5.700000e-07	-4.772579e-06	-1.472718e-09	-3.391883e+01	-9.333382e+01
5.800000e-07	-4.750816e-06	-1.444087e-09	-3.376416e+01	-9.310244e+01
5.900000e-07	-4.728800e-06	-1.422649e-09	-3.360769e+01	-9.286383e+01
6.000000e-07	-4.706299e-06	-1.434827e-09	-3.344778e+01	-9.261891e+01
6.100000e-07	-4.683372e-06	-1.439212e-09	-3.328483e+01	-9.236860e+01
6.200000e-07	-4.660173e-06	-1.436909e-09	-3.311996e+01	-9.211384e+01
6.300000e-07	-4.636751e-06	-1.421586e-09	-3.295350e+01	-9.185553e+01
6.400000e-07	-4.613089e-06	-1.428599e-09	-3.278533e+01	-9.159457e+01
6.500000e-07	-4.589189e-06	-1.445773e-09	-3.261547e+01	-9.133182e+01
6.600000e-07	-4.565107e-06	-1.442331e-09	-3.244432e+01	-9.106811e+01
6.700000e-07	-4.540848e-06	-1.408366e-09	-3.227191e+01	-9.080422e+01
6.800000e-07	-4.516215e-06	-1.398097e-09	-3.209685e+01	-9.054090e+01
6.900000e-07	-4.490966e-06	-1.405349e-09	-3.191740e+01	-9.027881e+01
7.000000e-07	-4.465063e-06	-1.406403e-09	-3.173331e+01	-9.001857e+01
7.100000e-07	-4.438570e-06	-1.394784e-09	-3.154502e+01	-8.976073e+01
7.200000e-07	-4.411600e-06	-1.391157e-09	-3.135334e+01	-8.950575e+01
7.300000e-07	-4.384302e-06	-1.401204e-09	-3.115934e+01	-8.925404e+01
7.400000e-07	-4.356803e-06	-1.410962e-09	-3.096390e+01	-8.900592e+01
7.500000e-07	-4.329108e-06	-1.396010e-09	-3.076707e+01	-8.876164e+01
7.600000e-07	-4.301234e-06	-1.374356e-09	-3.056897e+01	-8.852135e+01
7.700000e-07	-4.273184e-06	-1.374394e-09	-3.036962e+01	-8.828514e+01
7.800000e-07	-4.244888e-06	-1.381490e-09	-3.016852e+01	-8.805303e+01
7.900000e-07	-4.216286e-06	-1.375699e-09	-2.996524e+01	-8.782494e+01
8.000000e-07	-4.187302e-06	-1.364420e-09	-2.975925e+01	-8.760075e+01
8.100000e-07	-4.157955e-06	-1.366795e-09	-2.955068e+01	-8.738024e+01
8.200000e-07	-4.128355e-06	-1.374641e-09	-2.934032e+01	-8.716316e+01
8.300000e-07	-4.098547e-06	-1.375226e-09	-2.912847e+01	-8.694918e+01
8.400000e-07	-4.068463e-06	-1.359914e-09	-2.891466e+01	-8.673793e+01
8.500000e-07	-4.038125e-06	-1.351039e-09	-2.869905e+01	-8.652897e+01
8.600000e-07	-4.007613e-06	-1.353275e-09	-2.848220e+01	-8.632187e+01
8.700000e-07	-3.976789e-06	-1.356033e-09	-2.826313e+01	-8.611612e+01
8.800000e-07	-3.945657e-06	-1.340961e-09	-2.804187e+01	-8.591121e+01
8.900000e-07	-3.914345e-06	-1.329457e-09	-2.781934e+01	-8.570661e+01
9.000000e-07	-3.882822e-06	-1.327684e-09	-2.759530e+01	-8.550179e+01
9.100000e-07	-3.851089e-06	-1.331289e-09	-2.736978e+01	-8.529619e+01
9.200000e-07	-3.819157e-06	-1.324917e-09	-2.714284e+01	-8.508928e+01
9.300000e-07	-3.787030e-06	-1.320950e-09	-2.691451e+01	-8.488054e+01
9.400000e-07	-3.754655e-06	-1.324777e-09	-2.668442e+01	-8.466946e+01
9.500000e-07	-3.721895e-06	-1.331523e-09	-2.645159e+01	-8.445557e+01
9.600000e-07	-3.688762e-06	-1.323329e-09	-2.621612e+01	-8.423842e+01
9.700000e-07	-3.655354e-06	-1.305546e-09	-2.597869e+01	-8.401759e+01
9.800000e-07	-3.621514e-06	-1.291292e-09	-2.573818e+01	-8.379273e+01
9.900000e-07	-3.587164e-06	-1.289900e-09	-2.549406e+01	-8.356351e+01
1.000000e-06	-3.552343e-06	-1.288620e-09	-2.524658e+01	-8.332965e+01
1.010000e-06	-3.517133e-06	-1.288554e-09	-2.499634e+01	-8.309094e+01
1.020000e-06	-3.481733e-06	-1.292335e-09	-2.474476e+01	-8.284722e+01
1.030000e-06	-3.446197e-06	-1.297986e-09	-2.449220e+01	-8.259837e+01
1.040000e-06	-3.410535e-06	-1.296629e-09	-2.423875e+01	-8.234433e+01
1.050000e-06	-3.374735e-06	-1.284255e-09	-2.398432e+01	-8.208512e+01
1.060000e-06	-3.338740e-06	-1.268113e-09	-2.372850e+01	-8.182079e+01
1.070000e-06	-3.302512e-06	-1.257608e-09	-2.347103e+01	-8.155144e+01
1.080000e-06	-3.266153e-06	-1.254331e-09	-2.321263e+01	-8.127723e+01
1.090000e-06	-3.229592e-06	-1.251210e-09	-2.295278e+01	-8.099837e+01
1.100000e-06	-3.192712e-06	-1.251954e-09	-2.269068e+01	-8.071510e+01
1.110000e-06	-3.155600e-06	-1.257389e-09	-2.242692e+01	-8.042772e+01
1.120000e-06	-3.118235e-06	-1.260271e-09	-2.216137e+01	-8.013655e+01
1.130000e-06	-3.080684e-06	-1.251866e-09	-2.189449e+01	-7.984192e+01
1.140000e-06	-3.042994e-06	-1.239271e-09	-2.162663e+01	-7.954421e+01
1.150000e-06	-3.005123e-06	-1.228723e-09	-2.135748e+01	-7.924381e+01
1.160000e-06	-2.967058e-06	-1.226073e-09	-2.108695e+01	-7.894111e+01
1.170000e-06	-2.928767e-06	-1.225105e-09	-2.081482e+01	-7.863652e+01
1.180000e-06	-2.890262e-06	-1.223095e-09	-2.054116e+01	-7.833042e+01
1.190000e-06	-2.851558e-06	-1.219412e-09	-2.026609e+01	-7.802322e+01
1.200000e-06	-2.812631e-06	-1.219186e-09	-1.998944e+01	-7.771527e+01
1.210000e-06	-2.773563e-06	-1.216251e-09	-1.971178e+01	-7.740694e+01
1.220000e-06	-2.734272e-06	-1.209929e-09	-1.943254e+01	-7.709854e+01
1.230000e-06	-2.694764e-06	-1.202315e-09	-1.915175e+01	-7.679037e+01
1.240000e-06	-2.655200e-06	-1.198579e-09	-1.887057e+01	-7.648268e+01
1.250000e-06	-2.615495e-06	-1.195043e-09	-1.858839e+01	-7.617567e+01
1.260000e-06	-2.575678e-06	-1.190950e-09	-1.830541e+01	-7.586953e+01
1.270000e-06	-2.535788e-06	-1.185129e-09	-1.802191e+01	-7.556435e+01
1.280000e-06	-2.495831e-06	-1.181782e-09	-1.773793e+01	-7.526020e+01
1.290000e-06	-2.455765e-06	-1.179980e-09	-1.745318e+01	-7.495709e+01
1.300000e-06	-2.415439e-06	-1.173799e-09	-1.716658e+01	-7.465498e+01
1.310000e-06	-2.374853e-06	-1.165243e-09	-1.687814e+01	-7.435374e+01
1.320000e-06	-2.333979e-06	-1.159843e-09	-1.658764e+01	-7.405323e+01
1.330000e-06	-2.292929e-06	-1.159838e-09	-1.629590e+01	-7.375323e+01
1.340000e-06	-2.251683e-06	-1.161671e-09	-1.600277e+01	-7.345345e+01
1.350000e-06	-2.210148e-06	-1.162697e-09	-1.570757e+01	-7.315357e+01
1.360000e-06	-2.168321e-06	-1.158088e-09	-1.541030e+01	-7.285322e+01
1.370000e-06	-2.126136e-06	-1.148645e-09	-1.511050e+01	-7.255196e+01
1.380000e-06	-2.083617e-06	-1.137027e-09	-1.480831e+01	-7.224934e+01
1.390000e-06	-2.040790e-06	-1.123637e-09	-1.450394e+01	-7.194483e+01
1.400000e-06	-1.997820e-06	-1.113297e-09	-1.419856e+01	-7.163789e+01
1.410000e-06	-1.954710e-06	-1.109662e-09	-1.389217e+01	-7.132796e+01
1.420000e-06	-1.911439e-06	-1.113250e-09	-1.358464e+01	-7.101442e+01
1.430000e-06	-1.868127e-06	-1.118247e-09	-1.327682e+01	-7.069667e+01
1.440000e-06	-1.824683e-06	-1.120311e-09	-1.296807e+01	-7.037406e+01
1.450000e-06	-1.781081e-06	-1.115152e-09	-1.265818e+01	-7.004595e+01
1.460000e-06	-1.737414e-06	-1.101131e-09	-1.234784e+01	-6.971171e+01
1.470000e-06	-1.693683e-06	-1.085084e-09	-1.203704e+01	-6.937068e+01
1.480000e-06	-1.649903e-06	-1.070823e-09	-1.172590e+01	-6.902223e+01
1.490000e-06	-1.606038e-06	-1.063065e-09	-1.141415e+01	-6.866575e+01
1.500000e-06	-1.562070e-06	-1.063375e-09	-1.110167e+01	-6.830063e+01
1.510000e-06	-1.518049e-06	-1.071781e-09	-1.078881e+01	-6.792628e+01
1.520000e-06	-1.473996e-06	-1.079230e-09	-1.047573e+01	-6.754216e+01
1.530000e-06	-1.429837e-06	-1.077760e-09	-1.016189e+01	-6.714774e+01
1.540000e-06	-1.385633e-06	-1.065816e-09	-9.847723e+00	-6.674251e+01
1.550000e-06	-1.341417e-06	-1.046078e-09	-9.533480e+00	-6.632603e+01
1.560000e-06	-1.297049e-06	-1.024070e-09	-9.218157e+00	-6.589788e+01
1.570000e-06	-1.252514e-06	-1.008556e-09	-8.901646e+00	-6.545766e+01
1.580000e-06	-1.207898e-06	-1.002548e-09	-8.584560e+00	-6.500502e+01
1.590000e-06	-1.163161e-06	-1.004290e-09	-8.266612e+00	-6.453967e+01
1.600000e-06	-1.118333e-06	-1.009967e-09	-7.948021e+00	-6.406131e+01
1.610000e-06	-1.073464e-06	-1.011132e-09	-7.629133e+00	-6.356972e+01
1.620000e-06	-1.028497e-06	-1.002777e-09	-7.309549e+00	-6.306468e+01
1.630000e-06	-9.834008e-07	-9.872810e-10	-6.989052e+00	-6.254601e+01
1.640000e-06	-9.381587e-07	-9.699692e-10	-6.667516e+00	-6.201355e+01
1.650000e-06	-8.928665e-07	-9.539784e-10	-6.345623e+00	-6.146719e+01
1.660000e-06	-8.475890e-07	-9.389172e-10	-6.023835e+00	-6.090679e+01
1.670000e-06	-8.023049e-07	-9.309309e-10	-5.702000e+00	-6.033226e+01
1.680000e-06	-7.569607e-07	-9.291635e-10	-5.379737e+00	-5.974349e+01
1.690000e-06	-7.115240e-07	-9.267308e-10	-5.056818e+00	-5.914041e+01
1.700000e-06	-6.660595e-07	-9.201764e-10	-4.733700e+00	-5.852290e+01
1.710000e-06	-6.205256e-07	-9.082514e-10	-4.410090e+00	-5.789086e+01
1.720000e-06	-5.749001e-07	-8.963631e-10	-4.085828e+00	-5.724416e+01
1.730000e-06	-5.292260e-07	-8.870526e-10	-3.761221e+00	-5.658266e+01
1.740000e-06	-4.834696e-07	-8.761467e-10	-3.436029e+00	-5.590619e+01
1.750000e-06	-4.377440e-07	-8.636035e-10	-3.111057e+00	-5.521455e+01
1.760000e-06	-3.921029e-07	-8.509894e-10	-2.786684e+00	-5.450748e+01
1.770000e-06	-3.463872e-07	-8.373418e-10	-2.461782e+00	-5.378472e+01
1.780000e-06	-3.006239e-07	-8.230547e-10	-2.136541e+00	-5.304594e+01
1.790000e-06	-2.547790e-07	-8.130920e-10	-1.810720e+00	-5.229075e+01
1.800000e-06	-2.088674e-07	-8.096255e-10	-1.484425e+00	-5.151874e+01
1.810000e-06	-1.629915e-07	-8.048946e-10	-1.158384e+00	-5.072943e+01
1.820000e-06	-1.171084e-07	-7.955240e-10	-8.322919e-01	-4.992228e+01
1.830000e-06	-7.124893e-08	-7.811922e-10	-5.063678e-01	-4.909670e+01
1.840000e-06	-2.532789e-08	-7.629433e-10	-1.800059e-01	-4.825205e+01
1.850000e-06	2.056856e-08	-7.436646e-10	1.461812e-01	-4.738764e+01
1.860000e-06	6.633772e-08	-7.274534e-10	4.714637e-01	-4.650271e+01
1.870000e-06	1.121093e-07	-7.149885e-10	7.967634e-01	-4.559646e+01
1.880000e-06	1.579302e-07	-7.056510e-10	1.122414e+00	-4.466807e+01
1.890000e-06	2.037467e-07	-6.970966e-10	1.448033e+00	-4.371664e+01
1.900000e-06	2.495841e-07	-6.850916e-10	1.773800e+00	-4.274126e+01
1.910000e-06	2.953875e-07	-6.682684e-10	2.099326e+00	-4.174099e+01
1.920000e-06	3.410941e-07	-6.465283e-10	2.424163e+00	-4.071487e+01
1.930000e-06	3.868498e-07	-6.214990e-10	2.749350e+00	-3.966191e+01
1.940000e-06	4.326369e-07	-5.979084e-10	3.074761e+00	-3.858114e+01
1.950000e-06	4.783046e-07	-5.786065e-10	3.399322e+00	-3.747157e+01
1.960000e-06	5.239185e-07	-5.639222e-10	3.723501e+00	-3.633225e+01
1.970000e-06	5.694849e-07	-5.503449e-10	4.047343e+00	-3.516224e+01
1.980000e-06	6.150023e-07	-5.339267e-10	4.370836e+00	-3.396062e+01
1.990000e-06	6.604807e-07	-5.134289e-10	4.694052e+00	-3.272655e+01
2.000000e-06	7.059447e-07	-4.891179e-10	5.017165e+00	-3.145920e+01
2.010000e-06	7.513731e-07	-4.655247e-10	5.340026e+00	-3.015784e+01
2.020000e-06	7.966403e-07	-4.434373e-10	5.661741e+00	-2.882180e+01
2.030000e-06	8.419110e-07	-4.222132e-10	5.983481e+00	-2.745050e+01
2.040000e-06	8.871642e-07	-4.018591e-10	6.305097e+00	-2.604345e+01
2.050000e-06	9.322541e-07	-3.807862e-10	6.625552e+00	-2.460028e+01
2.060000e-06	9.773168e-07	-3.588876e-10	6.945813e+00	-2.312070e+01
2.070000e-06	1.022289e-06	-3.357571e-10	7.265430e+00	-2.160457e+01
2.080000e-06	1.067104e-06	-3.110900e-10	7.583932e+00	-2.005188e+01
2.090000e-06	1.111909e-06	-2.837300e-10	7.902363e+00	-1.846274e+01
2.100000e-06	1.156616e-06	-2.556712e-10	8.220098e+00	-1.683740e+01
2.110000e-06	1.201163e-06	-2.301981e-10	8.536694e+00	-1.517627e+01
2.120000e-06	1.245719e-06	-2.055551e-10	8.853356e+00	-1.347989e+01
2.130000e-06	1.290231e-06	-1.804973e-10	9.169704e+00	-1.174897e+01
2.140000e-06	1.334581e-06	-1.556736e-10	9.484902e+00	-9.984373e+00
2.150000e-06	1.378775e-06	-1.300398e-10	9.798987e+00	-8.187099e+00
2.160000e-06	1.422885e-06	-1.036075e-10	1.011248e+01	-6.358312e+00
2.170000e-06	1.466954e-06	-7.538339e-11	1.042568e+01	-4.499326e+00
2.180000e-06	1.510978e-06	-4.502765e-11	1.073856e+01	-2.611601e+00
2.190000e-06	1.554944e-06	-1.575329e-11	1.105102e+01	-6.967426e-01
2.200000e-06	1.598865e-06	1.348418e-11	1.136317e+01	1.243509e+00
2.210000e-06	1.642729e-06	3.998059e-11	1.167491e+01	3.207280e+00
2.220000e-06	1.686527e-06	6.504594e-11	1.198618e+01	5.192573e+00
2.230000e-06	1.730319e-06	9.402534e-11	1.229742e+01	7.197277e+00
2.240000e-06	1.774007e-06	1.281794e-10	1.260791e+01	9.219173e+00
2.250000e-06	1.817535e-06	1.649603e-10	1.291726e+01	1.125595e+01
2.260000e-06	1.860990e-06	2.015569e-10	1.322610e+01	1.330520e+01
2.270000e-06	1.904370e-06	2.361536e-10	1.353440e+01	1.536447e+01
2.280000e-06	1.947672e-06	2.676070e-10	1.384215e+01	1.743121e+01
2.290000e-06	1.990834e-06	2.982178e-10	1.414890e+01	1.950286e+01
2.300000e-06	2.033766e-06	3.269469e-10	1.445402e+01	2.157679e+01
2.310000e-06	2.076553e-06	3.555073e-10	1.475811e+01	2.365037e+01
2.320000e-06	2.119067e-06	3.876914e-10	1.506026e+01	2.572095e+01
2.330000e-06	2.161116e-06	4.226316e-10	1.535910e+01	2.778590e+01
2.340000e-06	2.202770e-06	4.562848e-10	1.565514e+01	2.984259e+01
2.350000e-06	2.244184e-06	4.867218e-10	1.594947e+01	3.188844e+01
2.360000e-06	2.285447e-06	5.163541e-10	1.624273e+01	3.392089e+01
2.370000e-06	2.326439e-06	5.475719e-10	1.653406e+01	3.593746e+01
2.380000e-06	2.367106e-06	5.774594e-10	1.682308e+01	3.793572e+01
2.390000e-06	2.407599e-06	6.051848e-10	1.711086e+01	3.991333e+01
2.400000e-06	2.447951e-06	6.329189e-10	1.739764e+01	4.186804e+01
2.410000e-06	2.488201e-06	6.600390e-10	1.768370e+01	4.379769e+01
2.420000e-06	2.528344e-06	6.875851e-10	1.796900e+01	4.570024e+01
2.430000e-06	2.568319e-06	7.187588e-10	1.825311e+01	4.757374e+01
2.440000e-06	2.608179e-06	7.525707e-10	1.853639e+01	4.941639e+01
2.450000e-06	2.647859e-06	7.824325e-10	1.881840e+01	5.122650e+01
2.460000e-06	2.687404e-06	8.088077e-10	1.909944e+01	5.300253e+01
2.470000e-06	2.726915e-06	8.346584e-10	1.938025e+01	5.474306e+01
2.480000e-06	2.766365e-06	8.583073e-10	1.966062e+01	5.644683e+01
2.490000e-06	2.805621e-06	8.788104e-10	1.993962e+01	5.811268e+01
2.500000e-06	2.844548e-06	8.996956e-10	2.021627e+01	5.973965e+01
2.510000e-06	2.883247e-06	9.255221e-10	2.049130e+01	6.132686e+01
2.520000e-06	2.921720e-06	9.558858e-10	2.076473e+01	6.287363e+01
2.530000e-06	2.960085e-06	9.867550e-10	2.103739e+01	6.437936e+01
2.540000e-06	2.998254e-06	1.012755e-09	2.130866e+01	6.584363e+01
2.550000e-06	3.036149e-06	1.032706e-09	2.157798e+01	6.726612e+01
2.560000e-06	3.073912e-06	1.049717e-09	2.184637e+01	6.864666e+01
2.570000e-06	3.111433e-06	1.067267e-09	2.211302e+01	6.998517e+01
2.580000e-06	3.148778e-06	1.084640e-09	2.237844e+01	7.128172e+01
2.590000e-06	3.185843e-06	1.104474e-09	2.264186e+01	7.253647e+01
2.600000e-06	3.222620e-06	1.129505e-09	2.290323e+01	7.374966e+01
2.610000e-06	3.259245e-06	1.155541e-09	2.316353e+01	7.492166e+01
2.620000e-06	3.295657e-06	1.177227e-09	2.342231e+01	7.605291e+01
2.630000e-06	3.331785e-06	1.193141e-09	2.367907e+01	7.714391e+01
2.640000e-06	3.367740e-06	1.206273e-09	2.393461e+01	7.819525e+01
2.650000e-06	3.403617e-06	1.218798e-09	2.418959e+01	7.920759e+01
2.660000e-06	3.439345e-06	1.228825e-09	2.444351e+01	8.018161e+01
2.670000e-06	3.474871e-06	1.237564e-09	2.469599e+01	8.111808e+01
2.680000e-06	3.510204e-06	1.248998e-09	2.494710e+01	8.201776e+01
2.690000e-06	3.545343e-06	1.262826e-09	2.519683e+01	8.288149e+01
2.700000e-06	3.580149e-06	1.278553e-09	2.544420e+01	8.371009e+01
2.710000e-06	3.614415e-06	1.295043e-09	2.568773e+01	8.450444e+01
2.720000e-06	3.648276e-06	1.309521e-09	2.592839e+01	8.526540e+01
2.730000e-06	3.681775e-06	1.320807e-09	2.616646e+01	8.599385e+01
2.740000e-06	3.714786e-06	1.329165e-09	2.640107e+01	8.669068e+01
2.750000e-06	3.747575e-06	1.334376e-09	2.663410e+01	8.735675e+01
2.760000e-06	3.780157e-06	1.337958e-09	2.686566e+01	8.799295e+01
2.770000e-06	3.812435e-06	1.343899e-09	2.709506e+01	8.860013e+01
2.780000e-06	3.844477e-06	1.354757e-09	2.732279e+01	8.917915e+01
2.790000e-06	3.876319e-06	1.367296e-09	2.754909e+01	8.973085e+01
2.800000e-06	3.908004e-06	1.376588e-09	2.777428e+01	9.025604e+01
2.810000e-06	3.939458e-06	1.380639e-09	2.799782e+01	9.075554e+01
2.820000e-06	3.970611e-06	1.382625e-09	2.821923e+01	9.123013e+01
2.830000e-06	4.001466e-06	1.387124e-09	2.843851e+01	9.168058e+01
2.840000e-06	4.031983e-06	1.393226e-09	2.865540e+01	9.210766e+01
2.850000e-06	4.062234e-06	1.397351e-09	2.887039e+01	9.251210e+01
2.860000e-06	4.092284e-06	1.401646e-09	2.908396e+01	9.289463e+01
2.870000e-06	4.122119e-06	1.409105e-09	2.929600e+01	9.325596e+01
2.880000e-06	4.151713e-06	1.417069e-09	2.950632e+01	9.359680e+01
2.890000e-06	4.180930e-06	1.421025e-09	2.971397e+01	9.391784e+01
2.900000e-06	4.209819e-06	1.422559e-09	2.991928e+01	9.421976e+01
2.910000e-06	4.238410e-06	1.426319e-09	3.012248e+01	9.450325e+01
2.920000e-06	4.266684e-06	1.430130e-09	3.032342e+01	9.476898e+01
2.930000e-06	4.294790e-06	1.431593e-09	3.052317e+01	9.501762e+01
2.940000e-06	4.322757e-06	1.433250e-09	3.072194e+01	9.524985e+01
2.950000e-06	4.350533e-06	1.436863e-09	3.091934e+01	9.546633e+01
2.960000e-06	4.378074e-06	1.441941e-09	3.111507e+01	9.566775e+01
2.970000e-06	4.405341e-06	1.448007e-09	3.130886e+01	9.585478e+01
2.980000e-06	4.432282e-06	1.450107e-09	3.150033e+01	9.602811e+01
2.990000e-06	4.458857e-06	1.448554e-09	3.168920e+01	9.618841e+01
3.000000e-06	4.484876e-06	1.448495e-09	3.187412e+01	9.633637e+01
3.010000e-06	4.510239e-06	1.449120e-09	3.205437e+01	9.647270e+01
3.020000e-06	4.535101e-06	1.449042e-09	3.223107e+01	9.659807e+01
3.030000e-06	4.559521e-06	1.449351e-09	3.240462e+01	9.671318e+01
3.040000e-06	4.583600e-06	1.452622e-09	3.257575e+01	9.681872e+01
3.050000e-06	4.607491e-06	1.458759e-09	3.274555e+01	9.691540e+01
3.060000e-06	4.631134e-06	1.464040e-09	3.291358e+01	9.700387e+01
3.070000e-06	4.654490e-06	1.465830e-09	3.307957e+01	9.708484e+01
3.080000e-06	4.677483e-06	1.464929e-09	3.324298e+01	9.715895e+01
3.090000e-06	4.700147e-06	1.464854e-09	3.340405e+01	9.722687e+01
3.100000e-06	4.722634e-06	1.464794e-09	3.356387e+01	9.728922e+01
3.110000e-06	4.744872e-06	1.460551e-09	3.372192e+01	9.734662e+01
3.120000e-06	4.766696e-06	1.456138e-09	3.387702e+01	9.739965e+01
3.130000e-06	4.788152e-06	1.457410e-09	3.402951e+01	9.744888e+01
3.140000e-06	4.809356e-06	1.461778e-09	3.418020e+01	9.749483e+01
3.150000e-06	4.830205e-06	1.465433e-09	3.432838e+01	9.753800e+01
3.160000e-06	4.850691e-06	1.465958e-09	3.447398e+01	9.757883e+01
3.170000e-06	4.870910e-06	1.466127e-09	3.461767e+01	9.761774e+01
3.180000e-06	4.890945e-06	1.469518e-09	3.476006e+01	9.765508e+01
3.190000e-06	4.910734e-06	1.470605e-09	3.490070e+01	9.769119e+01
3.200000e-06	4.930229e-06	1.466372e-09	3.503925e+01	9.772631e+01
3.210000e-06	4.949495e-06	1.464131e-09	3.517617e+01	9.776067e+01
3.220000e-06	4.968350e-06	1.466519e-09	3.531018e+01	9.779442e+01
3.230000e-06	4.986690e-06	1.471308e-09	3.544052e+01	9.782767e+01
3.240000e-06	5.004624e-06	1.475194e-09	3.556798e+01	9.786047e+01
3.250000e-06	5.022216e-06	1.476394e-09	3.569300e+01	9.789281e+01
3.260000e-06	5.039629e-06	1.478988e-09	3.581676e+01	9.792462e+01
3.270000e-06	5.056820e-06	1.482357e-09	3.593894e+01	9.795580e+01
3.280000e-06	5.073559e-06	1.480748e-09	3.605790e+01	9.798618e+01
3.290000e-06	5.089963e-06	1.476177e-09	3.617448e+01	9.801555e+01
3.300000e-06	5.106046e-06	1.474906e-09	3.628879e+01	9.804363e+01
3.310000e-06	5.121708e-06	1.476822e-09	3.640010e+01	9.807014e+01
3.320000e-06	5.136848e-06	1.480971e-09	3.650770e+01	9.809473e+01
3.330000e-06	5.151373e-06	1.483147e-09	3.661093e+01	9.811703e+01
3.340000e-06	5.165491e-06	1.481171e-09	3.671127e+01	9.813664e+01
3.350000e-06	5.179281e-06	1.478832e-09	3.680927e+01	9.815313e+01
3.360000e-06	5.192682e-06	1.478216e-09	3.690451e+01	9.816607e+01
3.370000e-06	5.205712e-06	1.476383e-09	3.699712e+01	9.817500e+01
3.380000e-06	5.218340e-06	1.470664e-09	3.708686e+01	9.817948e+01
3.390000e-06	5.230653e-06	1.466926e-09	3.717438e+01	9.817905e+01
3.400000e-06	5.242671e-06	1.470696e-09	3.725978e+01	9.817327e+01
3.410000e-06	5.254312e-06	1.473622e-09	3.734252e+01	9.816172e+01
3.420000e-06	5.265584e-06	1.470888e-09	3.742262e+01	9.814402e+01
3.430000e-06	5.276358e-06	1.467135e-09	3.749920e+01	9.811977e+01
3.440000e-06	5.286458e-06	1.464512e-09	3.757098e+01	9.808867e+01
3.450000e-06	5.295872e-06	1.463714e-09	3.763788e+01	9.805041e+01
3.460000e-06	5.304748e-06	1.463190e-09	3.770096e+01	9.800476e+01
3.470000e-06	5.313196e-06	1.462916e-09	3.776100e+01	9.795153e+01
3.480000e-06	5.321268e-06	1.466538e-09	3.781838e+01	9.789061e+01
3.490000e-06	5.329057e-06	1.470199e-09	3.787373e+01	9.782192e+01
3.500000e-06	5.336624e-06	1.469670e-09	3.792751e+01	9.774547e+01
3.510000e-06	5.343907e-06	1.466581e-09	3.797927e+01	9.766133e+01
3.520000e-06	5.350821e-06	1.463329e-09	3.802841e+01	9.756965e+01
3.530000e-06	5.357358e-06	1.461488e-09	3.807487e+01	9.747064e+01
3.540000e-06	5.363487e-06	1.460503e-09	3.811843e+01	9.736460e+01
3.550000e-06	5.369202e-06	1.458670e-09	3.815904e+01	9.725188e+01
3.560000e-06	5.374597e-06	1.456423e-09	3.819739e+01	9.713293e+01
3.570000e-06	5.379677e-06	1.455783e-09	3.823349e+01	9.700824e+01
3.580000e-06	5.384319e-06	1.456820e-09	3.826648e+01	9.687839e+01
3.590000e-06	5.388648e-06	1.457278e-09	3.829725e+01	9.674402e+01
3.600000e-06	5.392718e-06	1.455425e-09	3.832617e+01	9.660581e+01
3.610000e-06	5.396511e-06	1.452918e-09	3.835313e+01	9.646451e+01
3.620000e-06	5.400111e-06	1.450835e-09	3.837872e+01	9.632092e+01
3.630000e-06	5.403438e-06	1.449747e-09	3.840236e+01	9.617586e+01
3.640000e-06	5.406250e-06	1.448878e-09	3.842235e+01	9.603021e+01
3.650000e-06	5.408432e-06	1.450983e-09	3.843785e+01	9.588486e+01
3.660000e-06	5.410058e-06	1.454314e-09	3.844941e+01	9.574072e+01
3.670000e-06	5.411052e-06	1.457197e-09	3.845647e+01	9.559870e+01
3.680000e-06	5.411477e-06	1.458998e-09	3.845949e+01	9.545973e+01
3.690000e-06	5.411548e-06	1.456539e-09	3.846000e+01	9.532471e+01
3.700000e-06	5.411427e-06	1.451508e-09	3.845914e+01	9.519453e+01
3.710000e-06	5.411087e-06	1.446384e-09	3.845672e+01	9.507005e+01
3.720000e-06	5.410436e-06	1.444246e-09	3.845210e+01	9.495211e+01
3.730000e-06	5.409433e-06	1.440938e-09	3.844497e+01	9.484149e+01
3.740000e-06	5.408060e-06	1.436639e-09	3.843521e+01	9.473890e+01
3.750000e-06	5.406342e-06	1.431126e-09	3.842300e+01	9.464502e+01
3.760000e-06	5.404317e-06	1.414049e-09	3.840861e+01	9.456044e+01
3.770000e-06	5.402009e-06	1.394022e-09	3.839221e+01	9.448568e+01
3.780000e-06	5.399411e-06	1.430003e-09	3.837374e+01	9.442118e+01
3.790000e-06	5.396373e-06	1.475515e-09	3.835215e+01	9.436728e+01
3.800000e-06	5.392789e-06	1.374573e-09	3.832668e+01	9.432424e+01
3.810000e-06	5.388782e-06	1.271429e-09	3.829820e+01	9.429222e+01
3.820000e-06	5.384514e-06	1.382044e-09	3.826787e+01	9.427127e+01
3.830000e-06	5.380086e-06	1.470518e-09	3.823640e+01	9.426135e+01
3.840000e-06	5.375298e-06	1.366944e-09	3.820237e+01	9.426232e+01
3.850000e-06	5.369937e-06	1.228434e-09	3.816427e+01	9.427391e+01
3.860000e-06	5.364066e-06	1.377622e-09	3.812255e+01	9.429578e+01
3.870000e-06	5.357861e-06	1.555060e-09	3.807845e+01	9.432747e+01
3.880000e-06	5.351230e-06	1.368449e-09	3.803132e+01	9.436842e+01
3.890000e-06	5.344051e-06	1.197640e-09	3.798029e+01	9.441801e+01
3.900000e-06	5.336271e-06	1.366937e-09	3.792500e+01	9.447548e+01
3.910000e-06	5.328035e-06	1.531517e-09	3.786647e+01	9.454003e+01
3.920000e-06	5.319608e-06	1.294674e-09	3.780658e+01	9.461075e+01
3.930000e-06	5.310981e-06	1.185456e-09	3.774526e+01	9.468670e+01
3.940000e-06	5.302024e-06	1.442712e-09	3.768161e+01	9.476685e+01
3.950000e-06	5.292810e-06	1.534455e-09	3.761613e+01	9.485012e+01
3.960000e-06	5.283293e-06	1.271898e-09	3.754849e+01	9.493541e+01
3.970000e-06	5.273343e-06	1.262191e-09	3.747778e+01	9.502155e+01
3.980000e-06	5.262956e-06	1.538961e-09	3.740395e+01	9.510739e+01
3.990000e-06	5.252154e-06	1.513953e-09	3.732718e+01	9.519174e+01
4.000000e-06	5.240995e-06	1.309599e-09	3.724788e+01	9.527341e+01
4.010000e-06	5.229414e-06	1.445299e-09	3.716557e+01	9.535124e+01
4.020000e-06	5.217465e-06	1.638505e-09	3.708065e+01	9.542405e+01
4.030000e-06	5.205172e-06	1.466494e-09	3.699328e+01	9.549074e+01
4.040000e-06	5.192418e-06	1.350902e-09	3.690263e+01	9.555020e+01
4.050000e-06	5.179083e-06	1.520845e-09	3.680786e+01	9.560140e+01
4.060000e-06	5.165192e-06	1.550239e-09	3.670914e+01	9.564337e+01
4.070000e-06	5.150754e-06	1.394092e-09	3.660653e+01	9.567518e+01
4.080000e-06	5.135721e-06	1.464134e-09	3.649969e+01	9.569600e+01
4.090000e-06	5.120205e-06	1.559216e-09	3.638942e+01	9.570507e+01
4.100000e-06	5.104364e-06	1.459394e-09	3.627684e+01	9.570171e+01
4.110000e-06	5.088280e-06	1.425271e-09	3.616253e+01	9.568536e+01
4.120000e-06	5.071997e-06	1.511005e-09	3.604680e+01	9.565552e+01
4.130000e-06	5.055465e-06	1.435283e-09	3.592930e+01	9.561183e+01
4.140000e-06	5.038571e-06	1.374353e-09	3.580924e+01	9.555399e+01
4.150000e-06	5.021234e-06	1.478093e-09	3.568603e+01	9.548184e+01
4.160000e-06	5.003504e-06	1.507909e-09	3.556002e+01	9.539531e+01
4.170000e-06	4.985449e-06	1.417785e-09	3.543170e+01	9.529443e+01
4.180000e-06	4.967111e-06	1.447316e-09	3.530137e+01	9.517935e+01
4.190000e-06	4.948447e-06	1.493058e-09	3.516873e+01	9.505029e+01
4.200000e-06	4.929332e-06	1.440387e-09	3.503288e+01	9.490759e+01
4.210000e-06	4.909885e-06	1.409460e-09	3.489467e+01	9.475167e+01
4.220000e-06	4.890173e-06	1.422979e-09	3.475457e+01	9.458304e+01
4.230000e-06	4.870146e-06	1.422070e-09	3.461224e+01	9.440228e+01
4.240000e-06	4.849971e-06	1.438134e-09	3.446886e+01	9.421006e+01
4.250000e-06	4.829641e-06	1.444555e-09	3.432437e+01	9.400711e+01
4.260000e-06	4.809016e-06	1.413844e-09	3.417779e+01	9.379418e+01
4.270000e-06	4.787942e-06	1.420974e-09	3.402802e+01	9.357213e+01
4.280000e-06	4.766309e-06	1.438104e-09	3.387427e+01	9.334181e+01
4.290000e-06	4.744152e-06	1.413829e-09	3.371680e+01	9.310411e+01
4.300000e-06	4.721394e-06	1.395385e-09	3.355505e+01	9.285994e+01
4.310000e-06	4.698042e-06	1.407810e-09	3.338910e+01	9.261025e+01
4.320000e-06	4.674305e-06	1.405780e-09	3.322039e+01	9.235593e+01
4.330000e-06	4.650312e-06	1.404452e-09	3.304988e+01	9.209792e+01
4.340000e-06	4.626153e-06	1.382516e-09	3.287818e+01	9.183711e+01
4.350000e-06	4.601849e-06	1.357684e-09	3.270545e+01	9.157437e+01
4.360000e-06	4.577335e-06	1.373304e-09	3.253123e+01	9.131054e+01
4.370000e-06	4.552518e-06	1.394642e-09	3.235485e+01	9.104640e+01
4.380000e-06	4.527308e-06	1.368079e-09	3.217568e+01	9.078270e+01
4.390000e-06	4.501772e-06	1.363620e-09	3.199420e+01	9.052014e+01
4.400000e-06	4.475924e-06	1.383270e-09	3.181050e+01	9.025932e+01
4.410000e-06	4.449730e-06	1.385010e-09	3.162434e+01	9.000081e+01
4.420000e-06	4.423289e-06	1.358937e-09	3.143642e+01	8.974510e+01
4.430000e-06	4.396597e-06	1.341162e-09	3.124672e+01	8.949259e+01
4.440000e-06	4.369540e-06	1.336140e-09	3.105442e+01	8.924363e+01
4.450000e-06	4.342135e-06	1.349137e-09	3.085966e+01	8.899846e+01
4.460000e-06	4.314455e-06	1.344493e-09	3.066293e+01	8.875726e+01
4.470000e-06	4.286540e-06	1.328054e-09	3.046454e+01	8.852014e+01
4.480000e-06	4.258422e-06	1.336835e-09	3.026470e+01	8.828712e+01
4.490000e-06	4.230119e-06	1.357268e-09	3.006355e+01	8.805814e+01
4.500000e-06	4.201608e-06	1.355798e-09	2.986093e+01	8.783308e+01
4.510000e-06	4.172826e-06	1.342430e-09	2.965637e+01	8.761175e+01
4.520000e-06	4.143685e-06	1.332079e-09	2.944926e+01	8.739389e+01
4.530000e-06	4.113984e-06	1.325734e-09	2.923818e+01	8.717919e+01
4.540000e-06	4.083643e-06	1.322129e-09	2.902254e+01	8.696728e+01
4.550000e-06	4.052767e-06	1.312955e-09	2.880311e+01	8.675774e+01
4.560000e-06	4.021542e-06	1.308716e-09	2.858119e+01	8.655014e+01
4.570000e-06	3.990049e-06	1.319063e-09	2.835737e+01	8.634397e+01
4.580000e-06	3.958261e-06	1.334891e-09	2.813146e+01	8.613873e+01
4.590000e-06	3.926243e-06	1.334805e-09	2.790390e+01	8.593388e+01
4.600000e-06	3.894086e-06	1.324688e-09	2.767536e+01	8.572890e+01
4.610000e-06	3.861750e-06	1.313625e-09	2.744555e+01	8.552324e+01
4.620000e-06	3.829179e-06	1.306902e-09	2.721407e+01	8.531636e+01
4.630000e-06	3.796421e-06	1.289223e-09	2.698125e+01	8.510773e+01
4.640000e-06	3.763420e-06	1.271104e-09	2.674671e+01	8.489685e+01
4.650000e-06	3.730152e-06	1.268832e-09	2.651028e+01	8.468323e+01
4.660000e-06	3.696669e-06	1.284789e-09	2.627231e+01	8.446642e+01
4.670000e-06	3.662898e-06	1.292018e-09	2.603230e+01	8.424600e+01
4.680000e-06	3.628814e-06	1.289866e-09	2.579007e+01	8.402161e+01
4.690000e-06	3.594465e-06	1.281543e-09	2.554595e+01	8.379290e+01
4.700000e-06	3.559915e-06	1.276534e-09	2.530040e+01	8.355961e+01
4.710000e-06	3.525135e-06	1.265407e-09	2.505322e+01	8.332149e+01
4.720000e-06	3.490000e-06	1.248868e-09	2.480351e+01	8.307838e+01
4.730000e-06	3.454524e-06	1.239474e-09	2.455138e+01	8.283016e+01
4.740000e-06	3.418847e-06	1.243204e-09	2.429782e+01	8.257676e+01
4.750000e-06	3.383015e-06	1.249526e-09	2.404317e+01	8.231818e+01
4.760000e-06	3.347029e-06	1.250477e-09	2.378741e+01	8.205447e+01
4.770000e-06	3.310916e-06	1.246915e-09	2.353075e+01	8.178571e+01
4.780000e-06	3.274737e-06	1.242977e-09	2.327363e+01	8.151207e+01
4.790000e-06	3.238482e-06	1.236653e-09	2.301597e+01	8.123374e+01
4.800000e-06	3.201983e-06	1.225874e-09	2.275657e+01	8.095096e+01
4.810000e-06	3.165219e-06	1.215954e-09	2.249529e+01	8.066402e+01
4.820000e-06	3.128194e-06	1.212489e-09	2.223214e+01	8.037322e+01
4.830000e-06	3.090888e-06	1.214831e-09	2.196701e+01	8.007891e+01
4.840000e-06	3.053263e-06	1.214832e-09	2.169961e+01	7.978146e+01
4.850000e-06	3.015288e-06	1.210367e-09	2.142972e+01	7.948125e+01
4.860000e-06	2.976838e-06	1.204810e-09	2.115645e+01	7.917868e+01
4.870000e-06	2.937964e-06	1.201789e-09	2.088018e+01	7.887415e+01
4.880000e-06	2.898856e-06	1.197647e-09	2.060224e+01	7.856805e+01
4.890000e-06	2.859450e-06	1.190785e-09	2.032218e+01	7.826077e+01
4.900000e-06	2.819724e-06	1.182132e-09	2.003985e+01	7.795269e+01
4.910000e-06	2.779812e-06	1.177391e-09	1.975619e+01	7.764417e+01
4.920000e-06	2.739799e-06	1.174314e-09	1.947182e+01	7.733553e+01
4.930000e-06	2.699698e-06	1.169936e-09	1.918681e+01	7.702708e+01
4.940000e-06	2.659494e-06	1.163672e-09	1.890109e+01	7.671906e+01
4.950000e-06	2.619150e-06	1.161378e-09	1.861436e+01	7.641170e+01
4.960000e-06	2.578720e-06	1.158496e-09	1.832702e+01	7.610517e+01
4.970000e-06	2.538181e-06	1.154468e-09	1.803891e+01	7.579960e+01
4.980000e-06	2.497585e-06	1.148717e-09	1.775040e+01	7.549505e+01
4.990000e-06	2.456789e-06	1.143655e-09	1.746046e+01	7.519154e+01
5.000000e-06	2.415630e-06	1.139710e-09	1.716794e+01	7.488903e+01
5.010000e-06	2.374224e-06	1.136289e-09	1.687367e+01	7.458743e+01
5.020000e-06	2.332711e-06	1.128371e-09	1.657863e+01	7.428659e+01
5.030000e-06	2.291101e-06	1.121627e-09	1.628291e+01	7.398628e+01
5.040000e-06	2.249308e-06	1.119028e-09	1.598588e+01	7.368626e+01
5.050000e-06	2.207364e-06	1.118467e-09	1.568779e+01	7.338619e+01
5.060000e-06	2.165335e-06	1.116402e-09	1.538908e+01	7.308572e+01
5.070000e-06	2.123251e-06	1.111440e-09	1.508999e+01	7.278442e+01
5.080000e-06	2.081018e-06	1.105696e-09	1.478984e+01	7.248182e+01
5.090000e-06	2.038594e-06	1.100130e-09	1.448834e+01	7.217744e+01
5.100000e-06	1.995950e-06	1.095268e-09	1.418526e+01	7.187072e+01
5.110000e-06	1.953142e-06	1.091203e-09	1.388102e+01	7.156109e+01
5.120000e-06	1.910230e-06	1.088415e-09	1.357605e+01	7.124797e+01
5.130000e-06	1.867065e-06	1.085555e-09	1.326928e+01	7.093073e+01
5.140000e-06	1.823807e-06	1.084673e-09	1.296184e+01	7.060875e+01
5.150000e-06	1.780469e-06	1.085412e-09	1.265384e+01	7.028137e+01
5.160000e-06	1.736942e-06	1.081678e-09	1.234449e+01	6.994797e+01
5.170000e-06	1.693320e-06	1.071504e-09	1.203446e+01	6.960788e+01
5.180000e-06	1.649587e-06	1.062828e-09	1.172365e+01	6.926049e+01
5.190000e-06	1.605762e-06	1.057004e-09	1.141219e+01	6.890516e+01
5.200000e-06	1.561853e-06	1.052509e-09	1.110012e+01	6.854129e+01
5.210000e-06	1.517907e-06	1.048178e-09	1.078780e+01	6.816829e+01
5.220000e-06	1.473909e-06	1.041913e-09	1.047511e+01	6.778561e+01
5.230000e-06	1.429843e-06	1.036867e-09	1.016193e+01	6.739270e+01
5.240000e-06	1.385765e-06	1.033042e-09	9.848665e+00	6.698908e+01
5.250000e-06	1.341672e-06	1.026192e-09	9.535295e+00	6.657428e+01
5.260000e-06	1.297541e-06	1.019799e-09	9.221651e+00	6.614787e+01
5.270000e-06	1.253357e-06	1.016467e-09	8.907638e+00	6.570946e+01
5.280000e-06	1.209119e-06	1.010104e-09	8.593239e+00	6.525869e+01
5.290000e-06	1.164822e-06	9.994619e-10	8.278418e+00	6.479524e+01
5.300000e-06	1.120520e-06	9.896923e-10	7.963564e+00	6.431884e+01
5.310000e-06	1.076173e-06	9.812459e-10	7.648384e+00	6.382924e+01
5.320000e-06	1.031655e-06	9.746616e-10	7.331998e+00	6.332622e+01
5.330000e-06	9.871153e-07	9.681539e-10	7.015452e+00	6.280960e+01
5.340000e-06	9.425834e-07	9.632244e-10	6.698962e+00	6.227923e+01
5.350000e-06	8.979993e-07	9.581294e-10	6.382102e+00	6.173496e+01
5.360000e-06	8.533321e-07	9.514144e-10	6.064651e+00	6.117668e+01
5.370000e-06	8.084774e-07	9.421875e-10	5.745868e+00	6.060428e+01
5.380000e-06	7.635690e-07	9.314912e-10	5.426703e+00	6.001767e+01
5.390000e-06	7.186818e-07	9.193927e-10	5.107688e+00	5.941675e+01
5.400000e-06	6.736769e-07	9.079018e-10	4.787837e+00	5.880142e+01
5.410000e-06	6.285375e-07	8.972059e-10	4.467031e+00	5.817158e+01
5.420000e-06	5.833905e-07	8.892564e-10	4.146170e+00	5.752710e+01
5.430000e-06	5.382902e-07	8.844104e-10	3.825641e+00	5.686786e+01
5.440000e-06	4.931991e-07	8.765609e-10	3.505177e+00	5.619366e+01
5.450000e-06	4.480043e-07	8.622316e-10	3.183977e+00	5.550433e+01
5.460000e-06	4.027413e-07	8.453047e-10	2.862292e+00	5.479963e+01
5.470000e-06	3.575265e-07	8.331626e-10	2.540949e+00	5.407928e+01
5.480000e-06	3.122888e-07	8.228662e-10	2.219444e+00	5.334296e+01
5.490000e-06	2.670001e-07	8.103566e-10	1.897576e+00	5.259030e+01
5.500000e-06	2.216917e-07	7.984189e-10	1.575568e+00	5.182090e+01
5.510000e-06	1.763313e-07	7.902469e-10	1.253191e+00	5.103428e+01
5.520000e-06	1.308934e-07	7.837117e-10	9.302627e-01	5.022991e+01
5.530000e-06	8.548141e-08	7.720880e-10	6.075184e-01	4.940722e+01
5.540000e-06	4.014839e-08	7.550979e-10	2.853356e-01	4.856557e+01
5.550000e-06	-5.185299e-09	7.394132e-10	-3.685204e-02	4.770427e+01
5.560000e-06	-5.046704e-08	7.260003e-10	-3.586705e-01	4.682258e+01
5.570000e-06	-9.566869e-08	7.129171e-10	-6.799196e-01	4.591972e+01
5.580000e-06	-1.409893e-07	6.979408e-10	-1.002015e+00	4.499484e+01
5.590000e-06	-1.864558e-07	6.844132e-10	-1.325146e+00	4.404709e+01
5.600000e-06	-2.317259e-07	6.746557e-10	-1.646881e+00	4.307554e+01
5.610000e-06	-2.768419e-07	6.637646e-10	-1.967522e+00	4.207925e+01
5.620000e-06	-3.219604e-07	6.476123e-10	-2.288180e+00	4.105727e+01
5.630000e-06	-3.671004e-07	6.282396e-10	-2.608991e+00	4.000863e+01
5.640000e-06	-4.122041e-07	6.090419e-10	-2.929544e+00	3.893233e+01
5.650000e-06	-4.572502e-07	5.925861e-10	-3.249688e+00	3.782740e+01
5.660000e-06	-5.023215e-07	5.774514e-10	-3.570011e+00	3.669288e+01
5.670000e-06	-5.473762e-07	5.634567e-10	-3.890215e+00	3.552781e+01
5.680000e-06	-5.924134e-07	5.485353e-10	-4.210296e+00	3.433130e+01
5.690000e-06	-6.373752e-07	5.295392e-10	-4.529841e+00	3.310246e+01
5.700000e-06	-6.822064e-07	5.045351e-10	-4.848457e+00	3.184048e+01
5.710000e-06	-7.269954e-07	4.798872e-10	-5.166773e+00	3.054461e+01
5.720000e-06	-7.716804e-07	4.630655e-10	-5.484350e+00	2.921417e+01
5.730000e-06	-8.162324e-07	4.487042e-10	-5.800982e+00	2.784855e+01
5.740000e-06	-8.607371e-07	4.322759e-10	-6.117278e+00	2.644726e+01
5.750000e-06	-9.051824e-07	4.118665e-10	-6.433152e+00	2.500990e+01
5.760000e-06	-9.496067e-07	3.908192e-10	-6.748877e+00	2.353617e+01
5.770000e-06	-9.940251e-07	3.672431e-10	-7.064560e+00	2.202591e+01
5.780000e-06	-1.038461e-06	3.383339e-10	-7.380366e+00	2.047908e+01
5.790000e-06	-1.082882e-06	3.089736e-10	-7.696068e+00	1.889577e+01
5.800000e-06	-1.127218e-06	2.853550e-10	-8.011164e+00	1.727621e+01
5.810000e-06	-1.171443e-06	2.670550e-10	-8.325473e+00	1.562078e+01
5.820000e-06	-1.215595e-06	2.493945e-10	-8.639264e+00	1.393000e+01
5.830000e-06	-1.259706e-06	2.255435e-10	-8.952761e+00	1.220456e+01
5.840000e-06	-1.303800e-06	1.985397e-10	-9.266134e+00	1.044528e+01
5.850000e-06	-1.347878e-06	1.716906e-10	-9.579397e+00	8.653142e+00
5.860000e-06	-1.391931e-06	1.442870e-10	-9.892488e+00	6.829290e+00
5.870000e-06	-1.435977e-06	1.141588e-10	-1.020552e+01	4.975011e+00
5.880000e-06	-1.479999e-06	8.161899e-11	-1.051839e+01	3.091739e+00
5.890000e-06	-1.523947e-06	5.215115e-11	-1.083073e+01	1.181056e+00
5.900000e-06	-1.567790e-06	2.800608e-11	-1.114232e+01	-7.553191e-01
5.910000e-06	-1.611510e-06	4.524953e-12	-1.145304e+01	-2.715535e+00
5.920000e-06	-1.655127e-06	-2.099949e-11	-1.176303e+01	-4.697614e+00
5.930000e-06	-1.698650e-06	-4.728709e-11	-1.207234e+01	-6.699463e+00
5.940000e-06	-1.742054e-06	-7.653601e-11	-1.238082e+01	-8.718881e+00
5.950000e-06	-1.785325e-06	-1.106457e-10	-1.268835e+01	-1.075357e+01
5.960000e-06	-1.828431e-06	-1.482112e-10	-1.299470e+01	-1.280114e+01
5.970000e-06	-1.871382e-06	-1.841302e-10	-1.329996e+01	-1.485915e+01
5.980000e-06	-1.914213e-06	-2.149439e-10	-1.360436e+01	-1.692505e+01
5.990000e-06	-1.956910e-06	-2.423402e-10	-1.390780e+01	-1.899629e+01
6.000000e-06	-1.999468e-06	-2.707629e-10	-1.421026e+01	-2.107025e+01
6.010000e-06	-2.041846e-06	-3.006311e-10	-1.451145e+01	-2.314430e+01
6.020000e-06	-2.084123e-06	-3.336009e-10	-1.481191e+01	-2.521580e+01
6.030000e-06	-2.126285e-06	-3.695425e-10	-1.511156e+01	-2.728210e+01
6.040000e-06	-2.168339e-06	-4.069705e-10	-1.541043e+01	-2.934057e+01
6.050000e-06	-2.210260e-06	-4.421499e-10	-1.570837e+01	-3.138863e+01
6.060000e-06	-2.251967e-06	-4.739605e-10	-1.600478e+01	-3.342372e+01
6.070000e-06	-2.293533e-06	-5.033565e-10	-1.630019e+01	-3.544334e+01
6.080000e-06	-2.334921e-06	-5.323467e-10	-1.659434e+01	-3.744505e+01
6.090000e-06	-2.376093e-06	-5.595993e-10	-1.688695e+01	-3.942649e+01
6.100000e-06	-2.417008e-06	-5.875237e-10	-1.717773e+01	-4.138540e+01
6.110000e-06	-2.457733e-06	-6.188808e-10	-1.746717e+01	-4.331960e+01
6.120000e-06	-2.498348e-06	-6.535724e-10	-1.775582e+01	-4.522703e+01
6.130000e-06	-2.538786e-06	-6.878933e-10	-1.804321e+01	-4.710573e+01
6.140000e-06	-2.579094e-06	-7.175714e-10	-1.832968e+01	-4.895387e+01
6.150000e-06	-2.619373e-06	-7.439432e-10	-1.861594e+01	-5.076975e+01
6.160000e-06	-2.659548e-06	-7.716924e-10	-1.890147e+01	-5.255179e+01
6.170000e-06	-2.699626e-06	-7.987705e-10	-1.918630e+01	-5.429856e+01
6.180000e-06	-2.739654e-06	-8.213360e-10	-1.947078e+01	-5.600876e+01
6.190000e-06	-2.779553e-06	-8.419448e-10	-1.975435e+01	-5.768124e+01
6.200000e-06	-2.819251e-06	-8.667289e-10	-2.003649e+01	-5.931498e+01
6.210000e-06	-2.858680e-06	-8.933519e-10	-2.031671e+01	-6.090910e+01
6.220000e-06	-2.897893e-06	-9.154918e-10	-2.059539e+01	-6.246288e+01
6.230000e-06	-2.936847e-06	-9.348613e-10	-2.087224e+01	-6.397571e+01
6.240000e-06	-2.975397e-06	-9.572987e-10	-2.114622e+01	-6.544714e+01
6.250000e-06	-3.013608e-06	-9.832540e-10	-2.141778e+01	-6.687684e+01
6.260000e-06	-3.051557e-06	-1.006761e-09	-2.168749e+01	-6.826461e+01
6.270000e-06	-3.089127e-06	-1.026231e-09	-2.195450e+01	-6.961036e+01
6.280000e-06	-3.126211e-06	-1.042680e-09	-2.221806e+01	-7.091413e+01
6.290000e-06	-3.162941e-06	-1.059834e-09	-2.247910e+01	-7.217605e+01
6.300000e-06	-3.199484e-06	-1.075846e-09	-2.273880e+01	-7.339638e+01
6.310000e-06	-3.235884e-06	-1.088290e-09	-2.299750e+01	-7.457545e+01
6.320000e-06	-3.272138e-06	-1.101196e-09	-2.325516e+01	-7.571368e+01
6.330000e-06	-3.308247e-06	-1.120447e-09	-2.351179e+01	-7.681157e+01
6.340000e-06	-3.344200e-06	-1.144692e-09	-2.376731e+01	-7.786971e+01
6.350000e-06	-3.379961e-06	-1.167347e-09	-2.402146e+01	-7.888873e+01
6.360000e-06	-3.415541e-06	-1.185409e-09	-2.427433e+01	-7.986932e+01
6.370000e-06	-3.450950e-06	-1.198936e-09	-2.452599e+01	-8.081222e+01
6.380000e-06	-3.486105e-06	-1.207719e-09	-2.477583e+01	-8.171821e+01
6.390000e-06	-3.521016e-06	-1.212639e-09	-2.502394e+01	-8.258810e+01
6.400000e-06	-3.555697e-06	-1.218102e-09	-2.527042e+01	-8.342273e+01
6.410000e-06	-3.590099e-06	-1.229204e-09	-2.551491e+01	-8.422296e+01
6.420000e-06	-3.624271e-06	-1.246250e-09	-2.575778e+01	-8.498965e+01
6.430000e-06	-3.658220e-06	-1.264568e-09	-2.599905e+01	-8.572369e+01
6.440000e-06	-3.691899e-06	-1.278269e-09	-2.623841e+01	-8.642595e+01
6.450000e-06	-3.725228e-06	-1.287395e-09	-2.647528e+01	-8.709732e+01
6.460000e-06	-3.758177e-06	-1.293832e-09	-2.670945e+01	-8.773866e+01
6.470000e-06	-3.790869e-06	-1.296858e-09	-2.694180e+01	-8.835085e+01
6.480000e-06	-3.823367e-06	-1.299370e-09	-2.717276e+01	-8.893474e+01
6.490000e-06	-3.855634e-06	-1.305765e-09	-2.740208e+01	-8.949116e+01
6.500000e-06	-3.887708e-06	-1.315690e-09	-2.763003e+01	-9.002094e+01
6.510000e-06	-3.919677e-06	-1.327948e-09	-2.785723e+01	-9.052490e+01
6.520000e-06	-3.951505e-06	-1.339541e-09	-2.808344e+01	-9.100381e+01
6.530000e-06	-3.983005e-06	-1.347992e-09	-2.830731e+01	-9.145847e+01
6.540000e-06	-4.014151e-06	-1.353993e-09	-2.852866e+01	-9.188962e+01
6.550000e-06	-4.044886e-06	-1.357824e-09	-2.874710e+01	-9.229801e+01
6.560000e-06	-4.075141e-06	-1.361577e-09	-2.896212e+01	-9.268437e+01
6.570000e-06	-4.104997e-06	-1.365665e-09	-2.917431e+01	-9.304942e+01
6.580000e-06	-4.134384e-06	-1.370419e-09	-2.938317e+01	-9.339385e+01
6.590000e-06	-4.163204e-06	-1.377062e-09	-2.958799e+01	-9.371837e+01
6.600000e-06	-4.191697e-06	-1.383332e-09	-2.979049e+01	-9.402366e+01
6.610000e-06	-4.220014e-06	-1.388570e-09	-2.999174e+01	-9.431041e+01
6.620000e-06	-4.248109e-06	-1.392098e-09	-3.019141e+01	-9.457928e+01
6.630000e-06	-4.276054e-06	-1.395643e-09	-3.039001e+01	-9.483095e+01
6.640000e-06	-4.303848e-06	-1.400700e-09	-3.058755e+01	-9.506609e+01
6.650000e-06	-4.331345e-06	-1.403801e-09	-3.078297e+01	-9.528539e+01
6.660000e-06	-4.358502e-06	-1.405094e-09	-3.097598e+01	-9.548950e+01
6.670000e-06	-4.385416e-06	-1.408555e-09	-3.116725e+01	-9.567911e+01
6.680000e-06	-4.412064e-06	-1.413084e-09	-3.135664e+01	-9.585490e+01
6.690000e-06	-4.438361e-06	-1.416030e-09	-3.154353e+01	-9.601755e+01
6.700000e-06	-4.464296e-06	-1.419272e-09	-3.172786e+01	-9.616776e+01
6.710000e-06	-4.489876e-06	-1.422035e-09	-3.190965e+01	-9.630620e+01
6.720000e-06	-4.515043e-06	-1.425483e-09	-3.208852e+01	-9.643358e+01
6.730000e-06	-4.539838e-06	-1.427828e-09	-3.226474e+01	-9.655058e+01
6.740000e-06	-4.564393e-06	-1.427321e-09	-3.243925e+01	-9.665790e+01
6.750000e-06	-4.588782e-06	-1.429048e-09	-3.261258e+01	-9.675623e+01
6.760000e-06	-4.612966e-06	-1.433311e-09	-3.278445e+01	-9.684626e+01
6.770000e-06	-4.636963e-06	-1.436192e-09	-3.295500e+01	-9.692866e+01
6.780000e-06	-4.660751e-06	-1.438670e-09	-3.312407e+01	-9.700410e+01
6.790000e-06	-4.684252e-06	-1.442303e-09	-3.329109e+01	-9.707323e+01
6.800000e-06	-4.707452e-06	-1.445921e-09	-3.345597e+01	-9.713670e+01
6.810000e-06	-4.730199e-06	-1.446717e-09	-3.361763e+01	-9.719511e+01
6.820000e-06	-4.752304e-06	-1.445670e-09	-3.377474e+01	-9.724906e+01
6.830000e-06	-4.773712e-06	-1.446165e-09	-3.392688e+01	-9.729912e+01
6.840000e-06	-4.794607e-06	-1.449016e-09	-3.407538e+01	-9.734581e+01
6.850000e-06	-4.815183e-06	-1.451439e-09	-3.422162e+01	-9.738963e+01
6.860000e-06	-4.835493e-06	-1.452650e-09	-3.436596e+01	-9.743105e+01
6.870000e-06	-4.855603e-06	-1.453122e-09	-3.450888e+01	-9.747048e+01
6.880000e-06	-4.875572e-06	-1.452813e-09	-3.465080e+01	-9.750830e+01
6.890000e-06	-4.895251e-06	-1.452859e-09	-3.479067e+01	-9.754482e+01
6.900000e-06	-4.914574e-06	-1.452258e-09	-3.492799e+01	-9.758032e+01
6.910000e-06	-4.933556e-06	-1.453064e-09	-3.506290e+01	-9.761502e+01
6.920000e-06	-4.952123e-06	-1.456691e-09	-3.519485e+01	-9.764910e+01
6.930000e-06	-4.970373e-06	-1.460638e-09	-3.532456e+01	-9.768265e+01
6.940000e-06	-4.988328e-06	-1.462006e-09	-3.545216e+01	-9.771576e+01
6.950000e-06	-5.005912e-06	-1.461489e-09	-3.557713e+01	-9.774840e+01
6.960000e-06	-5.023133e-06	-1.460569e-09	-3.569952e+01	-9.778054e+01
6.970000e-06	-5.039992e-06	-1.458260e-09	-3.581934e+01	-9.781207e+01
6.980000e-06	-5.056542e-06	-1.454468e-09	-3.593696e+01	-9.784282e+01
6.990000e-06	-5.072893e-06	-1.450263e-09	-3.605317e+01	-9.787260e+01
7.000000e-06	-5.089045e-06	-1.450547e-09	-3.616796e+01	-9.790115e+01
7.010000e-06	-5.104951e-06	-1.454856e-09	-3.628100e+01	-9.792817e+01
7.020000e-06	-5.120445e-06	-1.457912e-09	-3.639112e+01	-9.795334e+01
7.030000e-06	-5.135438e-06	-1.458498e-09	-3.649768e+01	-9.797628e+01
7.040000e-06	-5.149806e-06	-1.457927e-09	-3.659979e+01	-9.799659e+01
7.050000e-06	-5.163495e-06	-1.455328e-09	-3.669708e+01	-9.801386e+01
7.060000e-06	-5.176711e-06	-1.449757e-09	-3.679100e+01	-9.802765e+01
7.070000e-06	-5.189508e-06	-1.444219e-09	-3.688195e+01	-9.803751e+01
7.080000e-06	-5.201870e-06	-1.441736e-09	-3.696981e+01	-9.804299e+01
7.090000e-06	-5.213835e-06	-1.445250e-09	-3.705485e+01	-9.804364e+01
7.100000e-06	-5.225440e-06	-1.451992e-09	-3.713732e+01	-9.803901e+01
7.110000e-06	-5.236677e-06	-1.455932e-09	-3.721718e+01	-9.802868e+01
7.120000e-06	-5.247523e-06	-1.457382e-09	-3.729426e+01	-9.801226e+01
7.130000e-06	-5.258026e-06	-1.455946e-09	-3.736891e+01	-9.798936e+01
7.140000e-06	-5.268202e-06	-1.451356e-09	-3.744123e+01	-9.795965e+01
7.150000e-06	-5.277934e-06	-1.446815e-09	-3.751040e+01	-9.792283e+01
7.160000e-06	-5.287262e-06	-1.444212e-09	-3.757670e+01	-9.787865e+01
7.170000e-06	-5.296343e-06	-1.442243e-09	-3.764123e+01	-9.782693e+01
7.180000e-06	-5.305002e-06	-1.440297e-09	-3.770277e+01	-9.776753e+01
7.190000e-06	-5.313309e-06	-1.438927e-09	-3.776181e+01	-9.770036e+01
7.200000e-06	-5.321473e-06	-1.437888e-09	-3.781983e+01	-9.762543e+01
7.210000e-06	-5.329439e-06	-1.437595e-09	-3.787645e+01	-9.754279e+01
7.220000e-06	-5.337101e-06	-1.436835e-09	-3.793090e+01	-9.745258e+01
7.230000e-06	-5.344327e-06	-1.435342e-09	-3.798226e+01	-9.735501e+01
7.240000e-06	-5.351062e-06	-1.433876e-09	-3.803013e+01	-9.725034e+01
7.250000e-06	-5.357151e-06	-1.433000e-09	-3.807340e+01	-9.713894e+01
7.260000e-06	-5.362583e-06	-1.433091e-09	-3.811200e+01	-9.702122e+01
7.270000e-06	-5.367525e-06	-1.432285e-09	-3.814712e+01	-9.689768e+01
7.280000e-06	-5.372048e-06	-1.428961e-09	-3.817927e+01	-9.676888e+01
7.290000e-06	-5.376251e-06	-1.426093e-09	-3.820914e+01	-9.663544e+01
7.300000e-06	-5.380314e-06	-1.425095e-09	-3.823802e+01	-9.649805e+01
7.310000e-06	-5.384155e-06	-1.421612e-09	-3.826531e+01	-9.635745e+01
7.320000e-06	-5.387596e-06	-1.414418e-09	-3.828977e+01	-9.621441e+01
7.330000e-06	-5.390661e-06	-1.410014e-09	-3.831155e+01	-9.606977e+01
7.340000e-06	-5.393280e-06	-1.412009e-09	-3.833017e+01	-9.592439e+01
7.350000e-06	-5.395472e-06	-1.415521e-09	-3.834575e+01	-9.577915e+01
7.360000e-06	-5.397459e-06	-1.414457e-09	-3.835987e+01	-9.563497e+01
7.370000e-06	-5.399074e-06	-1.409904e-09	-3.837135e+01	-9.549277e+01
7.380000e-06	-5.400228e-06	-1.406558e-09	-3.837955e+01	-9.535345e+01
7.390000e-06	-5.401116e-06	-1.405551e-09	-3.838586e+01	-9.521794e+01
7.400000e-06	-5.401664e-06	-1.403182e-09	-3.838975e+01	-9.508712e+01
