# Temperatura_=_-1.18
# Concentracion g/m^3_=_4090.0
# C_Vs_to_Am_M_A/Vsm_=_65563218390.804596
# pendiente_HvsI_1/m_=_3716.3
# ordenada_HvsI_A/m_=_1297.0
# frecuencia_Hz_=_135076.39353227837

Tiempo_(s)	Campo_(V.s)	Magnetizacion_(V.s)	Campo_(kA/m)	Magnetizacion_(A/m)
0.000000e+00	-5.376210e-06	-2.172420e-09	-3.838584e+01	-1.439398e+02
1.000000e-08	-5.376424e-06	-2.169325e-09	-3.838737e+01	-1.438684e+02
2.000000e-08	-5.376427e-06	-2.163472e-09	-3.838739e+01	-1.438042e+02
3.000000e-08	-5.376139e-06	-2.156807e-09	-3.838534e+01	-1.437478e+02
4.000000e-08	-5.375454e-06	-2.154093e-09	-3.838045e+01	-1.436996e+02
5.000000e-08	-5.374268e-06	-2.157990e-09	-3.837198e+01	-1.436601e+02
6.000000e-08	-5.372554e-06	-2.168835e-09	-3.835974e+01	-1.436296e+02
7.000000e-08	-5.370208e-06	-2.181338e-09	-3.834299e+01	-1.436083e+02
8.000000e-08	-5.367279e-06	-2.157402e-09	-3.832208e+01	-1.435965e+02
9.000000e-08	-5.363869e-06	-2.111455e-09	-3.829773e+01	-1.435942e+02
1.000000e-07	-5.359988e-06	-2.138220e-09	-3.827002e+01	-1.436014e+02
1.100000e-07	-5.355776e-06	-2.207928e-09	-3.823995e+01	-1.436179e+02
1.200000e-07	-5.351423e-06	-2.176228e-09	-3.820886e+01	-1.436437e+02
1.300000e-07	-5.346929e-06	-2.127359e-09	-3.817678e+01	-1.436783e+02
1.400000e-07	-5.342063e-06	-2.121220e-09	-3.814204e+01	-1.437214e+02
1.500000e-07	-5.336667e-06	-2.239289e-09	-3.810351e+01	-1.437725e+02
1.600000e-07	-5.330848e-06	-2.189515e-09	-3.806196e+01	-1.438311e+02
1.700000e-07	-5.324672e-06	-2.108009e-09	-3.801787e+01	-1.438965e+02
1.800000e-07	-5.318085e-06	-2.101783e-09	-3.797084e+01	-1.439679e+02
1.900000e-07	-5.311190e-06	-2.206766e-09	-3.792161e+01	-1.440446e+02
2.000000e-07	-5.304063e-06	-2.211320e-09	-3.787072e+01	-1.441257e+02
2.100000e-07	-5.296644e-06	-2.180659e-09	-3.781775e+01	-1.442102e+02
2.200000e-07	-5.288908e-06	-2.231194e-09	-3.776252e+01	-1.442971e+02
2.300000e-07	-5.280916e-06	-2.279713e-09	-3.770545e+01	-1.443855e+02
2.400000e-07	-5.272572e-06	-2.269627e-09	-3.764588e+01	-1.444742e+02
2.500000e-07	-5.263731e-06	-2.253818e-09	-3.758275e+01	-1.445621e+02
2.600000e-07	-5.254266e-06	-2.323785e-09	-3.751517e+01	-1.446481e+02
2.700000e-07	-5.244146e-06	-2.314557e-09	-3.744291e+01	-1.447311e+02
2.800000e-07	-5.233481e-06	-2.290726e-09	-3.736677e+01	-1.448099e+02
2.900000e-07	-5.222345e-06	-2.284549e-09	-3.728726e+01	-1.448833e+02
3.000000e-07	-5.210776e-06	-2.319275e-09	-3.720466e+01	-1.449504e+02
3.100000e-07	-5.198793e-06	-2.270632e-09	-3.711910e+01	-1.450099e+02
3.200000e-07	-5.186478e-06	-2.265959e-09	-3.703117e+01	-1.450609e+02
3.300000e-07	-5.173786e-06	-2.282908e-09	-3.694055e+01	-1.451023e+02
3.400000e-07	-5.160805e-06	-2.303497e-09	-3.684787e+01	-1.451332e+02
3.500000e-07	-5.147404e-06	-2.271812e-09	-3.675218e+01	-1.451527e+02
3.600000e-07	-5.133506e-06	-2.300480e-09	-3.665295e+01	-1.451600e+02
3.700000e-07	-5.119241e-06	-2.286592e-09	-3.655110e+01	-1.451543e+02
3.800000e-07	-5.104568e-06	-2.268558e-09	-3.644634e+01	-1.451349e+02
3.900000e-07	-5.089259e-06	-2.248737e-09	-3.633703e+01	-1.451014e+02
4.000000e-07	-5.073404e-06	-2.270896e-09	-3.622383e+01	-1.450532e+02
4.100000e-07	-5.056983e-06	-2.246307e-09	-3.610658e+01	-1.449900e+02
4.200000e-07	-5.040132e-06	-2.250901e-09	-3.598627e+01	-1.449113e+02
4.300000e-07	-5.023054e-06	-2.270167e-09	-3.586433e+01	-1.448172e+02
4.400000e-07	-5.005718e-06	-2.270194e-09	-3.574055e+01	-1.447074e+02
4.500000e-07	-4.988139e-06	-2.246587e-09	-3.561504e+01	-1.445820e+02
4.600000e-07	-4.970241e-06	-2.240980e-09	-3.548725e+01	-1.444411e+02
4.700000e-07	-4.952024e-06	-2.239004e-09	-3.535718e+01	-1.442849e+02
4.800000e-07	-4.933368e-06	-2.224539e-09	-3.522398e+01	-1.441137e+02
4.900000e-07	-4.914270e-06	-2.228906e-09	-3.508762e+01	-1.439278e+02
5.000000e-07	-4.894831e-06	-2.223285e-09	-3.494882e+01	-1.437279e+02
5.100000e-07	-4.875150e-06	-2.222140e-09	-3.480831e+01	-1.435144e+02
5.200000e-07	-4.855220e-06	-2.222768e-09	-3.466600e+01	-1.432880e+02
5.300000e-07	-4.835118e-06	-2.231506e-09	-3.452248e+01	-1.430494e+02
5.400000e-07	-4.814808e-06	-2.205110e-09	-3.437747e+01	-1.427993e+02
5.500000e-07	-4.794202e-06	-2.203611e-09	-3.423034e+01	-1.425386e+02
5.600000e-07	-4.773256e-06	-2.203413e-09	-3.408079e+01	-1.422680e+02
5.700000e-07	-4.751882e-06	-2.204674e-09	-3.392818e+01	-1.419886e+02
5.800000e-07	-4.730133e-06	-2.182145e-09	-3.377289e+01	-1.417012e+02
5.900000e-07	-4.708104e-06	-2.181088e-09	-3.361561e+01	-1.414067e+02
6.000000e-07	-4.685776e-06	-2.172024e-09	-3.345619e+01	-1.411061e+02
6.100000e-07	-4.663159e-06	-2.176700e-09	-3.329470e+01	-1.408003e+02
6.200000e-07	-4.640250e-06	-2.168664e-09	-3.313113e+01	-1.404903e+02
6.300000e-07	-4.616967e-06	-2.168694e-09	-3.296489e+01	-1.401770e+02
6.400000e-07	-4.593335e-06	-2.161532e-09	-3.279616e+01	-1.398612e+02
6.500000e-07	-4.569507e-06	-2.169247e-09	-3.262603e+01	-1.395438e+02
6.600000e-07	-4.545516e-06	-2.157622e-09	-3.245474e+01	-1.392256e+02
6.700000e-07	-4.521279e-06	-2.146825e-09	-3.228168e+01	-1.389074e+02
6.800000e-07	-4.496628e-06	-2.136175e-09	-3.210568e+01	-1.385898e+02
6.900000e-07	-4.471514e-06	-2.138634e-09	-3.192637e+01	-1.382736e+02
7.000000e-07	-4.445881e-06	-2.131044e-09	-3.174335e+01	-1.379592e+02
7.100000e-07	-4.419703e-06	-2.124783e-09	-3.155643e+01	-1.376471e+02
7.200000e-07	-4.393071e-06	-2.120913e-09	-3.136629e+01	-1.373379e+02
7.300000e-07	-4.366060e-06	-2.126081e-09	-3.117343e+01	-1.370317e+02
7.400000e-07	-4.338693e-06	-2.126145e-09	-3.097803e+01	-1.367290e+02
7.500000e-07	-4.311039e-06	-2.117561e-09	-3.078058e+01	-1.364298e+02
7.600000e-07	-4.283236e-06	-2.108992e-09	-3.058207e+01	-1.361344e+02
7.700000e-07	-4.255271e-06	-2.105060e-09	-3.038240e+01	-1.358427e+02
7.800000e-07	-4.227079e-06	-2.103411e-09	-3.018111e+01	-1.355546e+02
7.900000e-07	-4.198573e-06	-2.096023e-09	-2.997758e+01	-1.352702e+02
8.000000e-07	-4.169780e-06	-2.090861e-09	-2.977200e+01	-1.349891e+02
8.100000e-07	-4.140726e-06	-2.086972e-09	-2.956456e+01	-1.347111e+02
8.200000e-07	-4.111398e-06	-2.088473e-09	-2.935515e+01	-1.344359e+02
8.300000e-07	-4.081733e-06	-2.079678e-09	-2.914335e+01	-1.341632e+02
8.400000e-07	-4.051755e-06	-2.073144e-09	-2.892931e+01	-1.338924e+02
8.500000e-07	-4.021534e-06	-2.065527e-09	-2.871354e+01	-1.336232e+02
8.600000e-07	-3.991062e-06	-2.068168e-09	-2.849596e+01	-1.333550e+02
8.700000e-07	-3.960338e-06	-2.062364e-09	-2.827660e+01	-1.330872e+02
8.800000e-07	-3.929306e-06	-2.056551e-09	-2.805503e+01	-1.328194e+02
8.900000e-07	-3.897998e-06	-2.045693e-09	-2.783149e+01	-1.325509e+02
9.000000e-07	-3.866455e-06	-2.043189e-09	-2.760628e+01	-1.322811e+02
9.100000e-07	-3.834781e-06	-2.034638e-09	-2.738013e+01	-1.320094e+02
9.200000e-07	-3.803015e-06	-2.030468e-09	-2.715332e+01	-1.317354e+02
9.300000e-07	-3.771031e-06	-2.026607e-09	-2.692495e+01	-1.314582e+02
9.400000e-07	-3.738785e-06	-2.032394e-09	-2.669472e+01	-1.311775e+02
9.500000e-07	-3.706352e-06	-2.032370e-09	-2.646315e+01	-1.308926e+02
9.600000e-07	-3.673569e-06	-2.029683e-09	-2.622908e+01	-1.306031e+02
9.700000e-07	-3.640346e-06	-2.019425e-09	-2.599187e+01	-1.303085e+02
9.800000e-07	-3.606796e-06	-2.010947e-09	-2.575233e+01	-1.300083e+02
9.900000e-07	-3.572830e-06	-2.000182e-09	-2.550981e+01	-1.297022e+02
1.000000e-06	-3.538431e-06	-1.993235e-09	-2.526421e+01	-1.293898e+02
1.010000e-06	-3.503658e-06	-1.988012e-09	-2.501593e+01	-1.290708e+02
1.020000e-06	-3.468573e-06	-1.987227e-09	-2.476542e+01	-1.287449e+02
1.030000e-06	-3.433195e-06	-1.986596e-09	-2.451282e+01	-1.284120e+02
1.040000e-06	-3.397546e-06	-1.985038e-09	-2.425829e+01	-1.280720e+02
1.050000e-06	-3.361695e-06	-1.979595e-09	-2.400232e+01	-1.277247e+02
1.060000e-06	-3.325724e-06	-1.970733e-09	-2.374549e+01	-1.273701e+02
1.070000e-06	-3.289660e-06	-1.958948e-09	-2.348800e+01	-1.270082e+02
1.080000e-06	-3.253461e-06	-1.944757e-09	-2.322953e+01	-1.266392e+02
1.090000e-06	-3.217057e-06	-1.936923e-09	-2.296961e+01	-1.262630e+02
1.100000e-06	-3.180374e-06	-1.933944e-09	-2.270770e+01	-1.258800e+02
1.110000e-06	-3.143409e-06	-1.933868e-09	-2.244377e+01	-1.254902e+02
1.120000e-06	-3.106207e-06	-1.929585e-09	-2.217815e+01	-1.250939e+02
1.130000e-06	-3.068819e-06	-1.925067e-09	-2.191120e+01	-1.246914e+02
1.140000e-06	-3.031229e-06	-1.916274e-09	-2.164281e+01	-1.242829e+02
1.150000e-06	-2.993385e-06	-1.908280e-09	-2.137260e+01	-1.238687e+02
1.160000e-06	-2.955365e-06	-1.897702e-09	-2.110115e+01	-1.234493e+02
1.170000e-06	-2.917210e-06	-1.890254e-09	-2.082872e+01	-1.230248e+02
1.180000e-06	-2.878841e-06	-1.882068e-09	-2.055477e+01	-1.225957e+02
1.190000e-06	-2.840235e-06	-1.876795e-09	-2.027912e+01	-1.221622e+02
1.200000e-06	-2.801417e-06	-1.870003e-09	-2.000197e+01	-1.217247e+02
1.210000e-06	-2.762321e-06	-1.867702e-09	-1.972282e+01	-1.212834e+02
1.220000e-06	-2.723034e-06	-1.863593e-09	-1.944232e+01	-1.208387e+02
1.230000e-06	-2.683592e-06	-1.859120e-09	-1.916070e+01	-1.203908e+02
1.240000e-06	-2.643986e-06	-1.849346e-09	-1.887792e+01	-1.199400e+02
1.250000e-06	-2.604277e-06	-1.842084e-09	-1.859440e+01	-1.194863e+02
1.260000e-06	-2.564446e-06	-1.834288e-09	-1.831001e+01	-1.190301e+02
1.270000e-06	-2.524536e-06	-1.824412e-09	-1.802505e+01	-1.185713e+02
1.280000e-06	-2.484579e-06	-1.815506e-09	-1.773976e+01	-1.181101e+02
1.290000e-06	-2.444534e-06	-1.811371e-09	-1.745384e+01	-1.176465e+02
1.300000e-06	-2.404367e-06	-1.808708e-09	-1.716705e+01	-1.171804e+02
1.310000e-06	-2.364110e-06	-1.802612e-09	-1.687961e+01	-1.167119e+02
1.320000e-06	-2.323624e-06	-1.793188e-09	-1.659055e+01	-1.162407e+02
1.330000e-06	-2.282868e-06	-1.784456e-09	-1.629955e+01	-1.157667e+02
1.340000e-06	-2.242005e-06	-1.777039e-09	-1.600780e+01	-1.152896e+02
1.350000e-06	-2.200945e-06	-1.769317e-09	-1.571462e+01	-1.148093e+02
1.360000e-06	-2.159480e-06	-1.760444e-09	-1.541857e+01	-1.143253e+02
1.370000e-06	-2.117613e-06	-1.752489e-09	-1.511964e+01	-1.138374e+02
1.380000e-06	-2.075532e-06	-1.747152e-09	-1.481918e+01	-1.133451e+02
1.390000e-06	-2.033262e-06	-1.740839e-09	-1.451738e+01	-1.128481e+02
1.400000e-06	-1.990646e-06	-1.731395e-09	-1.421311e+01	-1.123458e+02
1.410000e-06	-1.947768e-06	-1.720064e-09	-1.390696e+01	-1.118377e+02
1.420000e-06	-1.904747e-06	-1.710362e-09	-1.359979e+01	-1.113234e+02
1.430000e-06	-1.861603e-06	-1.701393e-09	-1.329174e+01	-1.108023e+02
1.440000e-06	-1.818318e-06	-1.695458e-09	-1.298269e+01	-1.102739e+02
1.450000e-06	-1.774856e-06	-1.688617e-09	-1.267237e+01	-1.097375e+02
1.460000e-06	-1.731247e-06	-1.681381e-09	-1.236101e+01	-1.091926e+02
1.470000e-06	-1.687520e-06	-1.673890e-09	-1.204880e+01	-1.086387e+02
1.480000e-06	-1.643719e-06	-1.667513e-09	-1.173606e+01	-1.080752e+02
1.490000e-06	-1.599908e-06	-1.658167e-09	-1.142325e+01	-1.075014e+02
1.500000e-06	-1.556074e-06	-1.648095e-09	-1.111029e+01	-1.069170e+02
1.510000e-06	-1.512145e-06	-1.637444e-09	-1.079663e+01	-1.063212e+02
1.520000e-06	-1.468120e-06	-1.626069e-09	-1.048229e+01	-1.057136e+02
1.530000e-06	-1.424096e-06	-1.612344e-09	-1.016797e+01	-1.050938e+02
1.540000e-06	-1.380036e-06	-1.599276e-09	-9.853382e+00	-1.044611e+02
1.550000e-06	-1.335867e-06	-1.586104e-09	-9.538021e+00	-1.038152e+02
1.560000e-06	-1.291627e-06	-1.575667e-09	-9.222144e+00	-1.031556e+02
1.570000e-06	-1.247318e-06	-1.567859e-09	-8.905785e+00	-1.024819e+02
1.580000e-06	-1.202973e-06	-1.562522e-09	-8.589161e+00	-1.017938e+02
1.590000e-06	-1.158519e-06	-1.557124e-09	-8.271759e+00	-1.010908e+02
1.600000e-06	-1.113937e-06	-1.548610e-09	-7.953448e+00	-1.003726e+02
1.610000e-06	-1.069269e-06	-1.534294e-09	-7.634525e+00	-9.963897e+01
1.620000e-06	-1.024445e-06	-1.518318e-09	-7.314484e+00	-9.888955e+01
1.630000e-06	-9.795058e-07	-1.502166e-09	-6.993618e+00	-9.812407e+01
1.640000e-06	-9.345446e-07	-1.488401e-09	-6.672597e+00	-9.734226e+01
1.650000e-06	-8.896647e-07	-1.477229e-09	-6.352157e+00	-9.654386e+01
1.660000e-06	-8.447629e-07	-1.467054e-09	-6.031561e+00	-9.572862e+01
1.670000e-06	-7.997481e-07	-1.457886e-09	-5.710157e+00	-9.489628e+01
1.680000e-06	-7.546826e-07	-1.448333e-09	-5.388392e+00	-9.404658e+01
1.690000e-06	-7.095537e-07	-1.435897e-09	-5.066174e+00	-9.317925e+01
1.700000e-06	-6.643328e-07	-1.418222e-09	-4.743300e+00	-9.229401e+01
1.710000e-06	-6.190118e-07	-1.400437e-09	-4.419710e+00	-9.139054e+01
1.720000e-06	-5.736090e-07	-1.385525e-09	-4.095537e+00	-9.046853e+01
1.730000e-06	-5.282016e-07	-1.372576e-09	-3.771330e+00	-8.952760e+01
1.740000e-06	-4.827400e-07	-1.359139e-09	-3.446737e+00	-8.856736e+01
1.750000e-06	-4.372331e-07	-1.346004e-09	-3.121820e+00	-8.758737e+01
1.760000e-06	-3.917466e-07	-1.330062e-09	-2.797050e+00	-8.658715e+01
1.770000e-06	-3.462191e-07	-1.313064e-09	-2.471985e+00	-8.556617e+01
1.780000e-06	-3.006958e-07	-1.293583e-09	-2.146951e+00	-8.452384e+01
1.790000e-06	-2.551393e-07	-1.275113e-09	-1.821681e+00	-8.345953e+01
1.800000e-06	-2.095356e-07	-1.259458e-09	-1.496073e+00	-8.237255e+01
1.810000e-06	-1.639016e-07	-1.244753e-09	-1.170248e+00	-8.126214e+01
1.820000e-06	-1.182127e-07	-1.226981e-09	-8.440322e-01	-8.012750e+01
1.830000e-06	-7.257989e-08	-1.207508e-09	-5.182164e-01	-7.896775e+01
1.840000e-06	-2.698657e-08	-1.187822e-09	-1.926826e-01	-7.778196e+01
1.850000e-06	1.859380e-08	-1.169090e-09	1.327587e-01	-7.656917e+01
1.860000e-06	6.411277e-08	-1.150522e-09	4.577617e-01	-7.532832e+01
1.870000e-06	1.097041e-07	-1.132497e-09	7.832810e-01	-7.405833e+01
1.880000e-06	1.553729e-07	-1.114945e-09	1.109354e+00	-7.275807e+01
1.890000e-06	2.010404e-07	-1.095747e-09	1.435417e+00	-7.142636e+01
1.900000e-06	2.466846e-07	-1.071369e-09	1.761315e+00	-7.006201e+01
1.910000e-06	2.922927e-07	-1.043088e-09	2.086954e+00	-6.866377e+01
1.920000e-06	3.378791e-07	-1.014158e-09	2.412438e+00	-6.723039e+01
1.930000e-06	3.835091e-07	-9.874067e-10	2.738234e+00	-6.576060e+01
1.940000e-06	4.290840e-07	-9.628211e-10	3.063636e+00	-6.425314e+01
1.950000e-06	4.745490e-07	-9.400618e-10	3.388254e+00	-6.270674e+01
1.960000e-06	5.200125e-07	-9.189421e-10	3.712861e+00	-6.112016e+01
1.970000e-06	5.654109e-07	-8.962467e-10	4.037003e+00	-5.949218e+01
1.980000e-06	6.107498e-07	-8.690273e-10	4.360720e+00	-5.782162e+01
1.990000e-06	6.560009e-07	-8.373438e-10	4.683810e+00	-5.610736e+01
2.000000e-06	7.011869e-07	-8.048046e-10	5.006436e+00	-5.434832e+01
2.010000e-06	7.464109e-07	-7.748676e-10	5.329333e+00	-5.254351e+01
2.020000e-06	7.915961e-07	-7.489985e-10	5.651953e+00	-5.069202e+01
2.030000e-06	8.366523e-07	-7.223747e-10	5.973652e+00	-4.879303e+01
2.040000e-06	8.816364e-07	-6.940617e-10	6.294836e+00	-4.684583e+01
2.050000e-06	9.266198e-07	-6.646129e-10	6.616015e+00	-4.484982e+01
2.060000e-06	9.715320e-07	-6.343926e-10	6.936685e+00	-4.280454e+01
2.070000e-06	1.016314e-06	-6.017545e-10	7.256424e+00	-4.070966e+01
2.080000e-06	1.060982e-06	-5.663656e-10	7.575356e+00	-3.856497e+01
2.090000e-06	1.105546e-06	-5.302795e-10	7.893540e+00	-3.637045e+01
2.100000e-06	1.150063e-06	-4.962008e-10	8.211388e+00	-3.412622e+01
2.110000e-06	1.194509e-06	-4.641127e-10	8.528729e+00	-3.183257e+01
2.120000e-06	1.238850e-06	-4.310956e-10	8.845320e+00	-2.948996e+01
2.130000e-06	1.283093e-06	-3.960708e-10	9.161213e+00	-2.709902e+01
2.140000e-06	1.327221e-06	-3.612100e-10	9.476284e+00	-2.466058e+01
2.150000e-06	1.371306e-06	-3.267942e-10	9.791047e+00	-2.217562e+01
2.160000e-06	1.415357e-06	-2.915349e-10	1.010557e+01	-1.964533e+01
2.170000e-06	1.459383e-06	-2.552907e-10	1.041992e+01	-1.707107e+01
2.180000e-06	1.503415e-06	-2.177150e-10	1.073430e+01	-1.445437e+01
2.190000e-06	1.547406e-06	-1.781960e-10	1.104840e+01	-1.179695e+01
2.200000e-06	1.591350e-06	-1.385346e-10	1.136215e+01	-9.100697e+00
2.210000e-06	1.635266e-06	-9.965911e-11	1.167571e+01	-6.367674e+00
2.220000e-06	1.679103e-06	-6.052779e-11	1.198870e+01	-3.600097e+00
2.230000e-06	1.722886e-06	-1.940853e-11	1.230131e+01	-8.003388e-01
2.240000e-06	1.766597e-06	2.376113e-11	1.261341e+01	2.029082e+00
2.250000e-06	1.810140e-06	6.737670e-11	1.292430e+01	4.885509e+00
2.260000e-06	1.853519e-06	1.104737e-10	1.323402e+01	7.766161e+00
2.270000e-06	1.896701e-06	1.543128e-10	1.354234e+01	1.066814e+01
2.280000e-06	1.939647e-06	1.983984e-10	1.384898e+01	1.358845e+01
2.290000e-06	1.982296e-06	2.422660e-10	1.415348e+01	1.652401e+01
2.300000e-06	2.024797e-06	2.851914e-10	1.445694e+01	1.947163e+01
2.310000e-06	2.067188e-06	3.276045e-10	1.475961e+01	2.242811e+01
2.320000e-06	2.109251e-06	3.710605e-10	1.505994e+01	2.539014e+01
2.330000e-06	2.151056e-06	4.157350e-10	1.535842e+01	2.835443e+01
2.340000e-06	2.192619e-06	4.601204e-10	1.565518e+01	3.131764e+01
2.350000e-06	2.233821e-06	5.031297e-10	1.594936e+01	3.427643e+01
2.360000e-06	2.274658e-06	5.464749e-10	1.624093e+01	3.722746e+01
2.370000e-06	2.315281e-06	5.911433e-10	1.653098e+01	4.016743e+01
2.380000e-06	2.355780e-06	6.358398e-10	1.682014e+01	4.309306e+01
2.390000e-06	2.396068e-06	6.789458e-10	1.710779e+01	4.600114e+01
2.400000e-06	2.436190e-06	7.211233e-10	1.739426e+01	4.888850e+01
2.410000e-06	2.476278e-06	7.636250e-10	1.768049e+01	5.175207e+01
2.420000e-06	2.516270e-06	8.074184e-10	1.796603e+01	5.458884e+01
2.430000e-06	2.556148e-06	8.511413e-10	1.825076e+01	5.739594e+01
2.440000e-06	2.595977e-06	8.940100e-10	1.853513e+01	6.017056e+01
2.450000e-06	2.635693e-06	9.366820e-10	1.881870e+01	6.291006e+01
2.460000e-06	2.675325e-06	9.798214e-10	1.910168e+01	6.561190e+01
2.470000e-06	2.714759e-06	1.020697e-09	1.938323e+01	6.827367e+01
2.480000e-06	2.753921e-06	1.057526e-09	1.966285e+01	7.089313e+01
2.490000e-06	2.792972e-06	1.092635e-09	1.994167e+01	7.346816e+01
2.500000e-06	2.831789e-06	1.129444e-09	2.021882e+01	7.599682e+01
2.510000e-06	2.870361e-06	1.168425e-09	2.049422e+01	7.847731e+01
2.520000e-06	2.908778e-06	1.208549e-09	2.076851e+01	8.090800e+01
2.530000e-06	2.946909e-06	1.249212e-09	2.104077e+01	8.328743e+01
2.540000e-06	2.984818e-06	1.288798e-09	2.131144e+01	8.561428e+01
2.550000e-06	3.022634e-06	1.324888e-09	2.158144e+01	8.788742e+01
2.560000e-06	3.060232e-06	1.356114e-09	2.184989e+01	9.010587e+01
2.570000e-06	3.097564e-06	1.382159e-09	2.211643e+01	9.226880e+01
2.580000e-06	3.134625e-06	1.407963e-09	2.238105e+01	9.437556e+01
2.590000e-06	3.171413e-06	1.436931e-09	2.264372e+01	9.642565e+01
2.600000e-06	3.207980e-06	1.470369e-09	2.290480e+01	9.841870e+01
2.610000e-06	3.244358e-06	1.508506e-09	2.316454e+01	1.003545e+02
2.620000e-06	3.280570e-06	1.545816e-09	2.342309e+01	1.022330e+02
2.630000e-06	3.316619e-06	1.577262e-09	2.368048e+01	1.040543e+02
2.640000e-06	3.352572e-06	1.600273e-09	2.393718e+01	1.058185e+02
2.650000e-06	3.388393e-06	1.617636e-09	2.419294e+01	1.075260e+02
2.660000e-06	3.424037e-06	1.634293e-09	2.444744e+01	1.091772e+02
2.670000e-06	3.459547e-06	1.651654e-09	2.470098e+01	1.107726e+02
2.680000e-06	3.494841e-06	1.671389e-09	2.495297e+01	1.123129e+02
2.690000e-06	3.529798e-06	1.696115e-09	2.520257e+01	1.137988e+02
2.700000e-06	3.564356e-06	1.726270e-09	2.544930e+01	1.152312e+02
2.710000e-06	3.598514e-06	1.756542e-09	2.569320e+01	1.166108e+02
2.720000e-06	3.632257e-06	1.779284e-09	2.593412e+01	1.179387e+02
2.730000e-06	3.665540e-06	1.796536e-09	2.617175e+01	1.192159e+02
2.740000e-06	3.698379e-06	1.812051e-09	2.640622e+01	1.204435e+02
2.750000e-06	3.730811e-06	1.826579e-09	2.663779e+01	1.216226e+02
2.760000e-06	3.762983e-06	1.840113e-09	2.686750e+01	1.227544e+02
2.770000e-06	3.795021e-06	1.854114e-09	2.709624e+01	1.238401e+02
2.780000e-06	3.826918e-06	1.872125e-09	2.732399e+01	1.248809e+02
2.790000e-06	3.858675e-06	1.893681e-09	2.755073e+01	1.258781e+02
2.800000e-06	3.890269e-06	1.912178e-09	2.777631e+01	1.268329e+02
2.810000e-06	3.921646e-06	1.922202e-09	2.800034e+01	1.277468e+02
2.820000e-06	3.952752e-06	1.928687e-09	2.822243e+01	1.286208e+02
2.830000e-06	3.983532e-06	1.939489e-09	2.844220e+01	1.294565e+02
2.840000e-06	4.013968e-06	1.954830e-09	2.865951e+01	1.302551e+02
2.850000e-06	4.044034e-06	1.968211e-09	2.887418e+01	1.310178e+02
2.860000e-06	4.073850e-06	1.978094e-09	2.908706e+01	1.317460e+02
2.870000e-06	4.103453e-06	1.989542e-09	2.929843e+01	1.324411e+02
2.880000e-06	4.132800e-06	2.000626e-09	2.950797e+01	1.331042e+02
2.890000e-06	4.161906e-06	2.007115e-09	2.971578e+01	1.337367e+02
2.900000e-06	4.190661e-06	2.008781e-09	2.992109e+01	1.343398e+02
2.910000e-06	4.219135e-06	2.014411e-09	3.012439e+01	1.349147e+02
2.920000e-06	4.247380e-06	2.025257e-09	3.032606e+01	1.354627e+02
2.930000e-06	4.275382e-06	2.036143e-09	3.052599e+01	1.359850e+02
2.940000e-06	4.303302e-06	2.045835e-09	3.072534e+01	1.364828e+02
2.950000e-06	4.331076e-06	2.054955e-09	3.092365e+01	1.369571e+02
2.960000e-06	4.358580e-06	2.064034e-09	3.112002e+01	1.374092e+02
2.970000e-06	4.385770e-06	2.068867e-09	3.131416e+01	1.378402e+02
2.980000e-06	4.412520e-06	2.067906e-09	3.150515e+01	1.382511e+02
2.990000e-06	4.438791e-06	2.068790e-09	3.169272e+01	1.386429e+02
3.000000e-06	4.464533e-06	2.076779e-09	3.187652e+01	1.390168e+02
3.010000e-06	4.489654e-06	2.088125e-09	3.205589e+01	1.393737e+02
3.020000e-06	4.514297e-06	2.096964e-09	3.223183e+01	1.397145e+02
3.030000e-06	4.538636e-06	2.103611e-09	3.240561e+01	1.400401e+02
3.040000e-06	4.562682e-06	2.110549e-09	3.257730e+01	1.403516e+02
3.050000e-06	4.586470e-06	2.116188e-09	3.274714e+01	1.406497e+02
3.060000e-06	4.609979e-06	2.117775e-09	3.291500e+01	1.409352e+02
3.070000e-06	4.633205e-06	2.116841e-09	3.308083e+01	1.412089e+02
3.080000e-06	4.656193e-06	2.120189e-09	3.324497e+01	1.414716e+02
3.090000e-06	4.678906e-06	2.128227e-09	3.340713e+01	1.417239e+02
3.100000e-06	4.701285e-06	2.134779e-09	3.356692e+01	1.419666e+02
3.110000e-06	4.723320e-06	2.135783e-09	3.372425e+01	1.422001e+02
3.120000e-06	4.745042e-06	2.135891e-09	3.387934e+01	1.424251e+02
3.130000e-06	4.766484e-06	2.138615e-09	3.403243e+01	1.426422e+02
3.140000e-06	4.787611e-06	2.141995e-09	3.418328e+01	1.428517e+02
3.150000e-06	4.808315e-06	2.144867e-09	3.433110e+01	1.430540e+02
3.160000e-06	4.828648e-06	2.148187e-09	3.447628e+01	1.432497e+02
3.170000e-06	4.848788e-06	2.151791e-09	3.462008e+01	1.434389e+02
3.180000e-06	4.868781e-06	2.156257e-09	3.476283e+01	1.436220e+02
3.190000e-06	4.888583e-06	2.158992e-09	3.490421e+01	1.437991e+02
3.200000e-06	4.908129e-06	2.161432e-09	3.504377e+01	1.439706e+02
3.210000e-06	4.927379e-06	2.164795e-09	3.518122e+01	1.441364e+02
3.220000e-06	4.946227e-06	2.168193e-09	3.531579e+01	1.442967e+02
3.230000e-06	4.964645e-06	2.172281e-09	3.544730e+01	1.444515e+02
3.240000e-06	4.982604e-06	2.177142e-09	3.557552e+01	1.446008e+02
3.250000e-06	5.000121e-06	2.181788e-09	3.570059e+01	1.447446e+02
3.260000e-06	5.017347e-06	2.185828e-09	3.582358e+01	1.448828e+02
3.270000e-06	5.034372e-06	2.187933e-09	3.594514e+01	1.450152e+02
3.280000e-06	5.051103e-06	2.188741e-09	3.606460e+01	1.451418e+02
3.290000e-06	5.067439e-06	2.189554e-09	3.618124e+01	1.452623e+02
3.300000e-06	5.083389e-06	2.193008e-09	3.629512e+01	1.453765e+02
3.310000e-06	5.098841e-06	2.198277e-09	3.640545e+01	1.454843e+02
3.320000e-06	5.113765e-06	2.203924e-09	3.651200e+01	1.455853e+02
3.330000e-06	5.128176e-06	2.209166e-09	3.661490e+01	1.456793e+02
3.340000e-06	5.142224e-06	2.208607e-09	3.671520e+01	1.457662e+02
3.350000e-06	5.155969e-06	2.204199e-09	3.681334e+01	1.458455e+02
3.360000e-06	5.169382e-06	2.197960e-09	3.690911e+01	1.459172e+02
3.370000e-06	5.182495e-06	2.193820e-09	3.700273e+01	1.459808e+02
3.380000e-06	5.195213e-06	2.192288e-09	3.709354e+01	1.460363e+02
3.390000e-06	5.207531e-06	2.195652e-09	3.718149e+01	1.460834e+02
3.400000e-06	5.219485e-06	2.204598e-09	3.726684e+01	1.461219e+02
3.410000e-06	5.230964e-06	2.211913e-09	3.734879e+01	1.461517e+02
3.420000e-06	5.241929e-06	2.213168e-09	3.742708e+01	1.461726e+02
3.430000e-06	5.252399e-06	2.208166e-09	3.750184e+01	1.461846e+02
3.440000e-06	5.262325e-06	2.199812e-09	3.757271e+01	1.461877e+02
3.450000e-06	5.271653e-06	2.193379e-09	3.763931e+01	1.461818e+02
3.460000e-06	5.280373e-06	2.189992e-09	3.770157e+01	1.461670e+02
3.470000e-06	5.288717e-06	2.189753e-09	3.776115e+01	1.461435e+02
3.480000e-06	5.296840e-06	2.192830e-09	3.781915e+01	1.461114e+02
3.490000e-06	5.304714e-06	2.199530e-09	3.787537e+01	1.460710e+02
3.500000e-06	5.312285e-06	2.205547e-09	3.792943e+01	1.460225e+02
3.510000e-06	5.319498e-06	2.205765e-09	3.798092e+01	1.459662e+02
3.520000e-06	5.326409e-06	2.200738e-09	3.803027e+01	1.459027e+02
3.530000e-06	5.332957e-06	2.195690e-09	3.807702e+01	1.458322e+02
3.540000e-06	5.339063e-06	2.193951e-09	3.812062e+01	1.457554e+02
3.550000e-06	5.344803e-06	2.192749e-09	3.816160e+01	1.456728e+02
3.560000e-06	5.350249e-06	2.191190e-09	3.820048e+01	1.455850e+02
3.570000e-06	5.355380e-06	2.190817e-09	3.823712e+01	1.454927e+02
3.580000e-06	5.360069e-06	2.193267e-09	3.827060e+01	1.453967e+02
3.590000e-06	5.364326e-06	2.195732e-09	3.830099e+01	1.452975e+02
3.600000e-06	5.368347e-06	2.196102e-09	3.832971e+01	1.451961e+02
3.610000e-06	5.372172e-06	2.195112e-09	3.835701e+01	1.450931e+02
3.620000e-06	5.375684e-06	2.194157e-09	3.838209e+01	1.449895e+02
3.630000e-06	5.378854e-06	2.192378e-09	3.840472e+01	1.448861e+02
3.640000e-06	5.381612e-06	2.189959e-09	3.842442e+01	1.447837e+02
3.650000e-06	5.383742e-06	2.188130e-09	3.843962e+01	1.446832e+02
3.660000e-06	5.385185e-06	2.190470e-09	3.844993e+01	1.445854e+02
3.670000e-06	5.386080e-06	2.197176e-09	3.845632e+01	1.444910e+02
3.680000e-06	5.386480e-06	2.202053e-09	3.845917e+01	1.444010e+02
3.690000e-06	5.386596e-06	2.201933e-09	3.846000e+01	1.443161e+02
3.700000e-06	5.386551e-06	2.203054e-09	3.845968e+01	1.442369e+02
3.710000e-06	5.386269e-06	2.205449e-09	3.845767e+01	1.441643e+02
3.720000e-06	5.385683e-06	2.204855e-09	3.845348e+01	1.440987e+02
3.730000e-06	5.384742e-06	2.202376e-09	3.844676e+01	1.440408e+02
3.740000e-06	5.383395e-06	2.199005e-09	3.843714e+01	1.439911e+02
3.750000e-06	5.381641e-06	2.192203e-09	3.842462e+01	1.439500e+02
3.760000e-06	5.379537e-06	2.170650e-09	3.840960e+01	1.439178e+02
3.770000e-06	5.377153e-06	2.158481e-09	3.839258e+01	1.438949e+02
3.780000e-06	5.374506e-06	2.207037e-09	3.837368e+01	1.438814e+02
3.790000e-06	5.371421e-06	2.218430e-09	3.835165e+01	1.438773e+02
3.800000e-06	5.367888e-06	2.137531e-09	3.832643e+01	1.438828e+02
3.810000e-06	5.364032e-06	2.118941e-09	3.829890e+01	1.438976e+02
3.820000e-06	5.359937e-06	2.145832e-09	3.826966e+01	1.439217e+02
3.830000e-06	5.355547e-06	2.191807e-09	3.823831e+01	1.439548e+02
3.840000e-06	5.350833e-06	2.093206e-09	3.820465e+01	1.439964e+02
3.850000e-06	5.345673e-06	2.047604e-09	3.816781e+01	1.440460e+02
3.860000e-06	5.339836e-06	2.161537e-09	3.812614e+01	1.441033e+02
3.870000e-06	5.333528e-06	2.200809e-09	3.808110e+01	1.441674e+02
3.880000e-06	5.326808e-06	2.121805e-09	3.803312e+01	1.442378e+02
3.890000e-06	5.319592e-06	2.040604e-09	3.798160e+01	1.443135e+02
3.900000e-06	5.311973e-06	2.167426e-09	3.792720e+01	1.443938e+02
3.910000e-06	5.304010e-06	2.180328e-09	3.787034e+01	1.444776e+02
3.920000e-06	5.295770e-06	2.083211e-09	3.781151e+01	1.445641e+02
3.930000e-06	5.287214e-06	2.050031e-09	3.775042e+01	1.446522e+02
3.940000e-06	5.278334e-06	2.172814e-09	3.768702e+01	1.447408e+02
3.950000e-06	5.269108e-06	2.172679e-09	3.762115e+01	1.448287e+02
3.960000e-06	5.259461e-06	2.096291e-09	3.755226e+01	1.449150e+02
3.970000e-06	5.249368e-06	2.149937e-09	3.748020e+01	1.449984e+02
3.980000e-06	5.238956e-06	2.256162e-09	3.740586e+01	1.450779e+02
3.990000e-06	5.228219e-06	2.237801e-09	3.732920e+01	1.451522e+02
4.000000e-06	5.217067e-06	2.211255e-09	3.724957e+01	1.452202e+02
4.010000e-06	5.205495e-06	2.296914e-09	3.716695e+01	1.452809e+02
4.020000e-06	5.193579e-06	2.316972e-09	3.708187e+01	1.453333e+02
4.030000e-06	5.181232e-06	2.242680e-09	3.699371e+01	1.453762e+02
4.040000e-06	5.168369e-06	2.216700e-09	3.690187e+01	1.454088e+02
4.050000e-06	5.155084e-06	2.264245e-09	3.680702e+01	1.454301e+02
4.060000e-06	5.141335e-06	2.230574e-09	3.670885e+01	1.454393e+02
4.070000e-06	5.127011e-06	2.228251e-09	3.660658e+01	1.454357e+02
4.080000e-06	5.112076e-06	2.256285e-09	3.649994e+01	1.454185e+02
4.090000e-06	5.096661e-06	2.268844e-09	3.638988e+01	1.453873e+02
4.100000e-06	5.080851e-06	2.230737e-09	3.627700e+01	1.453414e+02
4.110000e-06	5.064770e-06	2.251054e-09	3.616218e+01	1.452806e+02
4.120000e-06	5.048418e-06	2.235608e-09	3.604543e+01	1.452044e+02
4.130000e-06	5.031745e-06	2.200638e-09	3.592639e+01	1.451127e+02
4.140000e-06	5.014806e-06	2.196345e-09	3.580544e+01	1.450054e+02
4.150000e-06	4.997493e-06	2.233879e-09	3.568183e+01	1.448824e+02
4.160000e-06	4.979750e-06	2.222545e-09	3.555514e+01	1.447439e+02
4.170000e-06	4.961741e-06	2.226748e-09	3.542656e+01	1.445901e+02
4.180000e-06	4.943504e-06	2.231041e-09	3.529635e+01	1.444213e+02
4.190000e-06	4.924993e-06	2.218730e-09	3.516418e+01	1.442377e+02
4.200000e-06	4.906066e-06	2.197567e-09	3.502905e+01	1.440400e+02
4.210000e-06	4.886686e-06	2.189656e-09	3.489067e+01	1.438286e+02
4.220000e-06	4.867032e-06	2.174779e-09	3.475034e+01	1.436041e+02
4.230000e-06	4.847168e-06	2.175219e-09	3.460851e+01	1.433674e+02
4.240000e-06	4.827070e-06	2.198010e-09	3.446501e+01	1.431190e+02
4.250000e-06	4.806741e-06	2.192173e-09	3.431987e+01	1.428598e+02
4.260000e-06	4.786194e-06	2.181329e-09	3.417316e+01	1.425907e+02
4.270000e-06	4.765278e-06	2.186764e-09	3.402382e+01	1.423126e+02
4.280000e-06	4.743797e-06	2.190123e-09	3.387045e+01	1.420263e+02
4.290000e-06	4.721696e-06	2.166096e-09	3.371265e+01	1.417328e+02
4.300000e-06	4.698990e-06	2.159590e-09	3.355053e+01	1.414330e+02
4.310000e-06	4.675851e-06	2.154353e-09	3.338532e+01	1.411279e+02
4.320000e-06	4.652364e-06	2.158069e-09	3.321762e+01	1.408184e+02
4.330000e-06	4.628571e-06	2.151155e-09	3.304774e+01	1.405054e+02
4.340000e-06	4.604553e-06	2.145746e-09	3.287626e+01	1.401898e+02
4.350000e-06	4.580287e-06	2.128794e-09	3.270300e+01	1.398725e+02
4.360000e-06	4.555718e-06	2.133225e-09	3.252758e+01	1.395543e+02
4.370000e-06	4.530820e-06	2.131364e-09	3.234981e+01	1.392359e+02
4.380000e-06	4.505627e-06	2.129100e-09	3.216993e+01	1.389180e+02
4.390000e-06	4.480082e-06	2.119926e-09	3.198754e+01	1.386014e+02
4.400000e-06	4.454213e-06	2.125888e-09	3.180284e+01	1.382865e+02
4.410000e-06	4.428127e-06	2.119839e-09	3.161658e+01	1.379739e+02
4.420000e-06	4.401785e-06	2.107591e-09	3.142850e+01	1.376640e+02
4.430000e-06	4.375098e-06	2.088830e-09	3.123796e+01	1.373572e+02
4.440000e-06	4.348102e-06	2.089283e-09	3.104521e+01	1.370537e+02
4.450000e-06	4.320768e-06	2.094635e-09	3.085005e+01	1.367538e+02
4.460000e-06	4.293083e-06	2.099049e-09	3.065238e+01	1.364576e+02
4.470000e-06	4.265159e-06	2.093730e-09	3.045300e+01	1.361651e+02
4.480000e-06	4.237155e-06	2.091809e-09	3.025305e+01	1.358763e+02
4.490000e-06	4.209006e-06	2.089951e-09	3.005207e+01	1.355912e+02
4.500000e-06	4.180578e-06	2.082949e-09	2.984910e+01	1.353094e+02
4.510000e-06	4.151897e-06	2.070316e-09	2.964432e+01	1.350308e+02
4.520000e-06	4.122882e-06	2.063055e-09	2.943715e+01	1.347550e+02
4.530000e-06	4.093336e-06	2.066153e-09	2.922619e+01	1.344817e+02
4.540000e-06	4.063191e-06	2.072557e-09	2.901096e+01	1.342105e+02
4.550000e-06	4.032602e-06	2.076607e-09	2.879256e+01	1.339409e+02
4.560000e-06	4.001674e-06	2.068467e-09	2.857174e+01	1.336725e+02
4.570000e-06	3.970377e-06	2.061856e-09	2.834828e+01	1.334045e+02
4.580000e-06	3.938779e-06	2.056637e-09	2.812267e+01	1.331366e+02
4.590000e-06	3.906973e-06	2.050414e-09	2.789558e+01	1.328681e+02
4.600000e-06	3.874971e-06	2.037804e-09	2.766708e+01	1.325985e+02
4.610000e-06	3.842762e-06	2.036877e-09	2.743711e+01	1.323270e+02
4.620000e-06	3.810418e-06	2.039051e-09	2.720618e+01	1.320533e+02
4.630000e-06	3.777925e-06	2.040186e-09	2.697418e+01	1.317766e+02
4.640000e-06	3.745112e-06	2.028052e-09	2.673990e+01	1.314963e+02
4.650000e-06	3.711898e-06	2.017969e-09	2.650275e+01	1.312121e+02
4.660000e-06	3.678394e-06	2.011422e-09	2.626353e+01	1.309232e+02
4.670000e-06	3.644708e-06	2.010578e-09	2.602302e+01	1.306293e+02
4.680000e-06	3.610798e-06	2.002260e-09	2.578090e+01	1.303300e+02
4.690000e-06	3.576670e-06	1.997299e-09	2.553723e+01	1.300247e+02
4.700000e-06	3.542333e-06	1.993939e-09	2.529207e+01	1.297132e+02
4.710000e-06	3.507765e-06	1.993734e-09	2.504525e+01	1.293952e+02
4.720000e-06	3.472874e-06	1.988180e-09	2.479613e+01	1.290704e+02
4.730000e-06	3.437728e-06	1.982483e-09	2.454519e+01	1.287385e+02
4.740000e-06	3.402381e-06	1.973753e-09	2.429282e+01	1.283995e+02
4.750000e-06	3.366782e-06	1.968563e-09	2.403864e+01	1.280533e+02
4.760000e-06	3.330976e-06	1.964028e-09	2.378299e+01	1.276998e+02
4.770000e-06	3.294980e-06	1.960645e-09	2.352598e+01	1.273390e+02
4.780000e-06	3.258866e-06	1.955792e-09	2.326812e+01	1.269710e+02
4.790000e-06	3.222698e-06	1.949486e-09	2.300989e+01	1.265959e+02
4.800000e-06	3.186398e-06	1.942715e-09	2.275071e+01	1.262139e+02
4.810000e-06	3.149893e-06	1.936039e-09	2.249006e+01	1.258250e+02
4.820000e-06	3.113105e-06	1.929734e-09	2.222740e+01	1.254297e+02
4.830000e-06	3.076022e-06	1.922665e-09	2.196263e+01	1.250280e+02
4.840000e-06	3.038559e-06	1.915919e-09	2.169515e+01	1.246204e+02
4.850000e-06	3.000676e-06	1.908972e-09	2.142466e+01	1.242070e+02
4.860000e-06	2.962518e-06	1.904619e-09	2.115221e+01	1.237883e+02
4.870000e-06	2.923996e-06	1.898191e-09	2.087717e+01	1.233645e+02
4.880000e-06	2.885084e-06	1.891293e-09	2.059934e+01	1.229360e+02
4.890000e-06	2.845912e-06	1.882073e-09	2.031966e+01	1.225031e+02
4.900000e-06	2.806480e-06	1.875787e-09	2.003811e+01	1.220661e+02
4.910000e-06	2.766766e-06	1.870708e-09	1.975456e+01	1.216253e+02
4.920000e-06	2.726885e-06	1.868557e-09	1.946981e+01	1.211810e+02
4.930000e-06	2.686959e-06	1.862753e-09	1.918474e+01	1.207335e+02
4.940000e-06	2.646956e-06	1.857509e-09	1.889912e+01	1.202830e+02
4.950000e-06	2.606843e-06	1.853749e-09	1.861272e+01	1.198297e+02
4.960000e-06	2.566673e-06	1.849556e-09	1.832590e+01	1.193737e+02
4.970000e-06	2.526340e-06	1.840279e-09	1.803793e+01	1.189152e+02
4.980000e-06	2.485824e-06	1.832642e-09	1.774865e+01	1.184543e+02
4.990000e-06	2.445179e-06	1.828512e-09	1.745845e+01	1.179909e+02
5.000000e-06	2.404351e-06	1.826808e-09	1.716693e+01	1.175251e+02
5.010000e-06	2.363327e-06	1.819998e-09	1.687403e+01	1.170568e+02
5.020000e-06	2.322045e-06	1.810651e-09	1.657927e+01	1.165860e+02
5.030000e-06	2.280558e-06	1.801570e-09	1.628306e+01	1.161123e+02
5.040000e-06	2.239023e-06	1.795889e-09	1.598650e+01	1.156356e+02
5.050000e-06	2.197338e-06	1.787177e-09	1.568887e+01	1.151557e+02
5.060000e-06	2.155423e-06	1.777471e-09	1.538960e+01	1.146723e+02
5.070000e-06	2.113366e-06	1.770720e-09	1.508932e+01	1.141849e+02
5.080000e-06	2.071216e-06	1.765942e-09	1.478837e+01	1.136933e+02
5.090000e-06	2.028928e-06	1.759752e-09	1.448644e+01	1.131969e+02
5.100000e-06	1.986472e-06	1.749349e-09	1.418330e+01	1.126954e+02
5.110000e-06	1.943911e-06	1.740305e-09	1.387942e+01	1.121882e+02
5.120000e-06	1.901244e-06	1.734305e-09	1.357478e+01	1.116748e+02
5.130000e-06	1.858445e-06	1.728727e-09	1.326920e+01	1.111547e+02
5.140000e-06	1.815557e-06	1.721945e-09	1.296298e+01	1.106274e+02
5.150000e-06	1.772550e-06	1.715716e-09	1.265591e+01	1.100922e+02
5.160000e-06	1.729345e-06	1.708186e-09	1.234743e+01	1.095487e+02
5.170000e-06	1.685972e-06	1.700063e-09	1.203775e+01	1.089962e+02
5.180000e-06	1.642444e-06	1.688448e-09	1.172696e+01	1.084342e+02
5.190000e-06	1.598745e-06	1.677020e-09	1.141495e+01	1.078620e+02
5.200000e-06	1.554971e-06	1.665060e-09	1.110241e+01	1.072792e+02
5.210000e-06	1.511165e-06	1.654496e-09	1.078963e+01	1.066853e+02
5.220000e-06	1.467278e-06	1.645609e-09	1.047628e+01	1.060796e+02
5.230000e-06	1.423322e-06	1.637072e-09	1.016244e+01	1.054616e+02
5.240000e-06	1.379341e-06	1.631962e-09	9.848416e+00	1.048310e+02
5.250000e-06	1.335361e-06	1.629399e-09	9.534406e+00	1.041872e+02
5.260000e-06	1.291355e-06	1.625221e-09	9.220207e+00	1.035298e+02
5.270000e-06	1.247312e-06	1.614598e-09	8.905738e+00	1.028583e+02
5.280000e-06	1.203244e-06	1.598334e-09	8.591098e+00	1.021725e+02
5.290000e-06	1.159146e-06	1.582727e-09	8.276237e+00	1.014718e+02
5.300000e-06	1.114960e-06	1.567401e-09	7.960755e+00	1.007561e+02
5.310000e-06	1.070658e-06	1.551426e-09	7.644443e+00	1.000249e+02
5.320000e-06	1.026284e-06	1.538122e-09	7.327615e+00	9.927802e+01
5.330000e-06	9.818848e-07	1.533253e-09	7.010604e+00	9.851510e+01
5.340000e-06	9.374731e-07	1.533419e-09	6.693507e+00	9.773589e+01
5.350000e-06	8.930268e-07	1.528259e-09	6.376163e+00	9.694014e+01
5.360000e-06	8.485241e-07	1.513266e-09	6.058416e+00	9.612758e+01
5.370000e-06	8.039118e-07	1.496874e-09	5.739886e+00	9.529797e+01
5.380000e-06	7.591953e-07	1.481366e-09	5.420613e+00	9.445105e+01
5.390000e-06	7.145034e-07	1.463147e-09	5.101515e+00	9.358654e+01
5.400000e-06	6.698072e-07	1.443841e-09	4.782387e+00	9.270417e+01
5.410000e-06	6.250832e-07	1.426999e-09	4.463060e+00	9.180363e+01
5.420000e-06	5.803859e-07	1.415512e-09	4.143924e+00	9.088459e+01
5.430000e-06	5.355637e-07	1.406733e-09	3.823895e+00	8.994671e+01
5.440000e-06	4.906109e-07	1.396719e-09	3.502935e+00	8.898958e+01
5.450000e-06	4.456601e-07	1.383974e-09	3.181989e+00	8.801278e+01
5.460000e-06	4.005879e-07	1.369896e-09	2.860176e+00	8.701583e+01
5.470000e-06	3.554265e-07	1.354505e-09	2.537726e+00	8.599821e+01
5.480000e-06	3.104031e-07	1.335603e-09	2.216261e+00	8.495934e+01
5.490000e-06	2.654148e-07	1.314702e-09	1.895047e+00	8.389861e+01
5.500000e-06	2.204433e-07	1.293382e-09	1.573953e+00	8.281532e+01
5.510000e-06	1.755366e-07	1.273257e-09	1.253322e+00	8.170873e+01
5.520000e-06	1.306238e-07	1.255298e-09	9.326470e-01	8.057805e+01
5.530000e-06	8.567640e-08	1.239579e-09	6.117248e-01	7.942241e+01
5.540000e-06	4.063885e-08	1.227989e-09	2.901592e-01	7.824089e+01
5.550000e-06	-4.421025e-09	1.217033e-09	-3.156588e-02	7.703253e+01
5.560000e-06	-4.953462e-08	1.200783e-09	-3.536745e-01	7.579629e+01
5.570000e-06	-9.470722e-08	1.177014e-09	-6.762043e-01	7.453110e+01
5.580000e-06	-1.397709e-07	1.150271e-09	-9.979568e-01	7.323583e+01
5.590000e-06	-1.848156e-07	1.126474e-09	-1.319573e+00	7.190931e+01
5.600000e-06	-2.299054e-07	1.105982e-09	-1.641512e+00	7.055035e+01
5.610000e-06	-2.748999e-07	1.086945e-09	-1.962770e+00	6.915771e+01
5.620000e-06	-3.198208e-07	1.069967e-09	-2.283503e+00	6.773013e+01
5.630000e-06	-3.647204e-07	1.051811e-09	-2.604083e+00	6.626637e+01
5.640000e-06	-4.095889e-07	1.028901e-09	-2.924442e+00	6.476514e+01
5.650000e-06	-4.544115e-07	1.002926e-09	-3.244473e+00	6.322518e+01
5.660000e-06	-4.991767e-07	9.783491e-10	-3.564094e+00	6.164524e+01
5.670000e-06	-5.439030e-07	9.537879e-10	-3.883438e+00	6.002411e+01
5.680000e-06	-5.885592e-07	9.285169e-10	-4.202281e+00	5.836059e+01
5.690000e-06	-6.331420e-07	9.011597e-10	-4.520600e+00	5.665355e+01
5.700000e-06	-6.777264e-07	8.676592e-10	-4.838929e+00	5.490191e+01
5.710000e-06	-7.223195e-07	8.311687e-10	-5.157322e+00	5.310465e+01
5.720000e-06	-7.668565e-07	8.011486e-10	-5.475313e+00	5.126087e+01
5.730000e-06	-8.113086e-07	7.792889e-10	-5.792699e+00	4.936971e+01
5.740000e-06	-8.557186e-07	7.615811e-10	-6.109784e+00	4.743045e+01
5.750000e-06	-9.001094e-07	7.429493e-10	-6.426732e+00	4.544248e+01
5.760000e-06	-9.444106e-07	7.198057e-10	-6.743040e+00	4.340530e+01
5.770000e-06	-9.886713e-07	6.864130e-10	-7.059059e+00	4.131856e+01
5.780000e-06	-1.032911e-06	6.398433e-10	-7.374928e+00	3.918205e+01
5.790000e-06	-1.077077e-06	5.877928e-10	-7.690270e+00	3.699569e+01
5.800000e-06	-1.121168e-06	5.410419e-10	-8.005081e+00	3.475959e+01
5.810000e-06	-1.165216e-06	5.080992e-10	-8.319581e+00	3.247401e+01
5.820000e-06	-1.209262e-06	4.859585e-10	-8.634063e+00	3.013939e+01
5.830000e-06	-1.253256e-06	4.673506e-10	-8.948182e+00	2.775632e+01
5.840000e-06	-1.297225e-06	4.464463e-10	-9.262116e+00	2.532559e+01
5.850000e-06	-1.341177e-06	4.172514e-10	-9.575932e+00	2.284817e+01
5.860000e-06	-1.385057e-06	3.755283e-10	-9.889232e+00	2.032521e+01
5.870000e-06	-1.428880e-06	3.231202e-10	-1.020212e+01	1.775804e+01
5.880000e-06	-1.472696e-06	2.680444e-10	-1.051497e+01	1.514816e+01
5.890000e-06	-1.516471e-06	2.192202e-10	-1.082752e+01	1.249726e+01
5.900000e-06	-1.560173e-06	1.804447e-10	-1.113955e+01	9.807210e+00
5.910000e-06	-1.603833e-06	1.502308e-10	-1.145128e+01	7.080029e+00
5.920000e-06	-1.647252e-06	1.229622e-10	-1.176129e+01	4.317913e+00
5.930000e-06	-1.690417e-06	9.317742e-11	-1.206948e+01	1.523211e+00
5.940000e-06	-1.733468e-06	5.234087e-11	-1.237687e+01	-1.301584e+00
5.950000e-06	-1.776433e-06	-1.619824e-12	-1.268364e+01	-4.153836e+00
5.960000e-06	-1.819331e-06	-5.977946e-11	-1.298993e+01	-7.030786e+00
5.970000e-06	-1.862042e-06	-1.131803e-10	-1.329488e+01	-9.929555e+00
5.980000e-06	-1.904573e-06	-1.614992e-10	-1.359855e+01	-1.284716e+01
5.990000e-06	-1.946988e-06	-2.051159e-10	-1.390139e+01	-1.578053e+01
6.000000e-06	-1.989298e-06	-2.453648e-10	-1.420348e+01	-1.872650e+01
6.010000e-06	-2.031532e-06	-2.846939e-10	-1.450503e+01	-2.168186e+01
6.020000e-06	-2.073666e-06	-3.253174e-10	-1.480586e+01	-2.464334e+01
6.030000e-06	-2.115640e-06	-3.736229e-10	-1.510555e+01	-2.760762e+01
6.040000e-06	-2.157440e-06	-4.283658e-10	-1.540401e+01	-3.057138e+01
6.050000e-06	-2.199104e-06	-4.821500e-10	-1.570149e+01	-3.353127e+01
6.060000e-06	-2.240636e-06	-5.299170e-10	-1.599802e+01	-3.648396e+01
6.070000e-06	-2.281988e-06	-5.749279e-10	-1.629327e+01	-3.942614e+01
6.080000e-06	-2.323181e-06	-6.191484e-10	-1.658738e+01	-4.235452e+01
6.090000e-06	-2.364220e-06	-6.617901e-10	-1.688040e+01	-4.526588e+01
6.100000e-06	-2.405070e-06	-7.032430e-10	-1.717207e+01	-4.815705e+01
6.110000e-06	-2.445720e-06	-7.480588e-10	-1.746230e+01	-5.102493e+01
6.120000e-06	-2.486258e-06	-7.986440e-10	-1.775175e+01	-5.386651e+01
6.130000e-06	-2.526620e-06	-8.492931e-10	-1.803993e+01	-5.667889e+01
6.140000e-06	-2.566793e-06	-8.931267e-10	-1.832676e+01	-5.945925e+01
6.150000e-06	-2.606894e-06	-9.319592e-10	-1.861308e+01	-6.220492e+01
6.160000e-06	-2.646875e-06	-9.724288e-10	-1.889854e+01	-6.491334e+01
6.170000e-06	-2.686736e-06	-1.015117e-09	-1.918315e+01	-6.758209e+01
6.180000e-06	-2.726489e-06	-1.057188e-09	-1.946699e+01	-7.020888e+01
6.190000e-06	-2.766020e-06	-1.099124e-09	-1.974923e+01	-7.279160e+01
6.200000e-06	-2.805449e-06	-1.139535e-09	-2.003075e+01	-7.532825e+01
6.210000e-06	-2.844803e-06	-1.177016e-09	-2.031173e+01	-7.781702e+01
6.220000e-06	-2.883828e-06	-1.211591e-09	-2.059038e+01	-8.025626e+01
6.230000e-06	-2.922457e-06	-1.242763e-09	-2.086618e+01	-8.264446e+01
6.240000e-06	-2.960737e-06	-1.274324e-09	-2.113950e+01	-8.498030e+01
6.250000e-06	-2.998705e-06	-1.310436e-09	-2.141059e+01	-8.726260e+01
6.260000e-06	-3.036255e-06	-1.348847e-09	-2.167870e+01	-8.949036e+01
6.270000e-06	-3.073376e-06	-1.383847e-09	-2.194374e+01	-9.166273e+01
6.280000e-06	-3.110159e-06	-1.415094e-09	-2.220637e+01	-9.377903e+01
6.290000e-06	-3.146669e-06	-1.445526e-09	-2.246704e+01	-9.583873e+01
6.300000e-06	-3.182948e-06	-1.475500e-09	-2.272607e+01	-9.784144e+01
6.310000e-06	-3.219098e-06	-1.502500e-09	-2.298418e+01	-9.978694e+01
6.320000e-06	-3.255151e-06	-1.526022e-09	-2.324160e+01	-1.016751e+02
6.330000e-06	-3.291091e-06	-1.550721e-09	-2.349821e+01	-1.035061e+02
6.340000e-06	-3.326933e-06	-1.581168e-09	-2.375412e+01	-1.052799e+02
6.350000e-06	-3.362623e-06	-1.612495e-09	-2.400894e+01	-1.069970e+02
6.360000e-06	-3.398141e-06	-1.638852e-09	-2.426254e+01	-1.086577e+02
6.370000e-06	-3.433389e-06	-1.660831e-09	-2.451421e+01	-1.102625e+02
6.380000e-06	-3.468270e-06	-1.683790e-09	-2.476326e+01	-1.118120e+02
6.390000e-06	-3.502870e-06	-1.705459e-09	-2.501030e+01	-1.133071e+02
6.400000e-06	-3.537265e-06	-1.724145e-09	-2.525588e+01	-1.147484e+02
6.410000e-06	-3.571472e-06	-1.741505e-09	-2.550012e+01	-1.161369e+02
6.420000e-06	-3.605482e-06	-1.760838e-09	-2.574294e+01	-1.174735e+02
6.430000e-06	-3.639173e-06	-1.783780e-09	-2.598350e+01	-1.187593e+02
6.440000e-06	-3.672559e-06	-1.805348e-09	-2.622187e+01	-1.199952e+02
6.450000e-06	-3.705673e-06	-1.821778e-09	-2.645830e+01	-1.211824e+02
6.460000e-06	-3.738480e-06	-1.833567e-09	-2.669254e+01	-1.223222e+02
6.470000e-06	-3.771014e-06	-1.846546e-09	-2.692484e+01	-1.234156e+02
6.480000e-06	-3.803322e-06	-1.862888e-09	-2.715551e+01	-1.244639e+02
6.490000e-06	-3.835485e-06	-1.878647e-09	-2.738515e+01	-1.254684e+02
6.500000e-06	-3.867519e-06	-1.894464e-09	-2.761388e+01	-1.264304e+02
6.510000e-06	-3.899340e-06	-1.912082e-09	-2.784107e+01	-1.273511e+02
6.520000e-06	-3.930993e-06	-1.929883e-09	-2.806707e+01	-1.282318e+02
6.530000e-06	-3.962503e-06	-1.945358e-09	-2.829206e+01	-1.290739e+02
6.540000e-06	-3.993642e-06	-1.953814e-09	-2.851439e+01	-1.298787e+02
6.550000e-06	-4.024263e-06	-1.956891e-09	-2.873302e+01	-1.306475e+02
6.560000e-06	-4.054372e-06	-1.962787e-09	-2.894799e+01	-1.313815e+02
6.570000e-06	-4.083968e-06	-1.975219e-09	-2.915931e+01	-1.320821e+02
6.580000e-06	-4.113127e-06	-1.990586e-09	-2.936750e+01	-1.327506e+02
6.590000e-06	-4.141934e-06	-2.004199e-09	-2.957318e+01	-1.333883e+02
6.600000e-06	-4.170370e-06	-2.014780e-09	-2.977621e+01	-1.339963e+02
6.610000e-06	-4.198527e-06	-2.025302e-09	-2.997725e+01	-1.345760e+02
6.620000e-06	-4.226533e-06	-2.034844e-09	-3.017722e+01	-1.351285e+02
6.630000e-06	-4.254375e-06	-2.039985e-09	-3.037601e+01	-1.356552e+02
6.640000e-06	-4.282026e-06	-2.042603e-09	-3.057343e+01	-1.361571e+02
6.650000e-06	-4.309405e-06	-2.048498e-09	-3.076892e+01	-1.366354e+02
6.660000e-06	-4.336445e-06	-2.058473e-09	-3.096198e+01	-1.370913e+02
6.670000e-06	-4.363154e-06	-2.069446e-09	-3.115268e+01	-1.375258e+02
6.680000e-06	-4.389518e-06	-2.078574e-09	-3.134092e+01	-1.379401e+02
6.690000e-06	-4.415593e-06	-2.085286e-09	-3.152709e+01	-1.383352e+02
6.700000e-06	-4.441415e-06	-2.092195e-09	-3.171146e+01	-1.387121e+02
6.710000e-06	-4.466888e-06	-2.098043e-09	-3.189334e+01	-1.390719e+02
6.720000e-06	-4.492057e-06	-2.099441e-09	-3.207304e+01	-1.394154e+02
6.730000e-06	-4.516854e-06	-2.099750e-09	-3.225009e+01	-1.397437e+02
6.740000e-06	-4.541311e-06	-2.104648e-09	-3.242471e+01	-1.400576e+02
6.750000e-06	-4.565551e-06	-2.114111e-09	-3.259778e+01	-1.403580e+02
6.760000e-06	-4.589590e-06	-2.124834e-09	-3.276942e+01	-1.406457e+02
6.770000e-06	-4.613569e-06	-2.133626e-09	-3.294063e+01	-1.409214e+02
6.780000e-06	-4.637385e-06	-2.140884e-09	-3.311068e+01	-1.411860e+02
6.790000e-06	-4.660778e-06	-2.146168e-09	-3.327770e+01	-1.414402e+02
6.800000e-06	-4.683661e-06	-2.148427e-09	-3.344108e+01	-1.416845e+02
6.810000e-06	-4.706068e-06	-2.148728e-09	-3.360106e+01	-1.419197e+02
6.820000e-06	-4.727893e-06	-2.150165e-09	-3.375690e+01	-1.421463e+02
6.830000e-06	-4.749250e-06	-2.157210e-09	-3.390939e+01	-1.423647e+02
6.840000e-06	-4.770250e-06	-2.167730e-09	-3.405932e+01	-1.425756e+02
6.850000e-06	-4.790755e-06	-2.175824e-09	-3.420573e+01	-1.427793e+02
6.860000e-06	-4.810902e-06	-2.178918e-09	-3.434958e+01	-1.429761e+02
6.870000e-06	-4.830921e-06	-2.177365e-09	-3.449251e+01	-1.431665e+02
6.880000e-06	-4.850793e-06	-2.173129e-09	-3.463440e+01	-1.433508e+02
6.890000e-06	-4.870383e-06	-2.170903e-09	-3.477427e+01	-1.435290e+02
6.900000e-06	-4.889604e-06	-2.173310e-09	-3.491150e+01	-1.437015e+02
6.910000e-06	-4.908491e-06	-2.179550e-09	-3.504636e+01	-1.438684e+02
6.920000e-06	-4.927029e-06	-2.189708e-09	-3.517872e+01	-1.440298e+02
6.930000e-06	-4.945163e-06	-2.199835e-09	-3.530819e+01	-1.441856e+02
6.940000e-06	-4.963037e-06	-2.204645e-09	-3.543581e+01	-1.443360e+02
6.950000e-06	-4.980621e-06	-2.203813e-09	-3.556136e+01	-1.444809e+02
6.960000e-06	-4.997771e-06	-2.199343e-09	-3.568381e+01	-1.446201e+02
6.970000e-06	-5.014545e-06	-2.195209e-09	-3.580358e+01	-1.447537e+02
6.980000e-06	-5.030975e-06	-2.193964e-09	-3.592088e+01	-1.448813e+02
6.990000e-06	-5.047150e-06	-2.197090e-09	-3.603637e+01	-1.450030e+02
7.000000e-06	-5.063132e-06	-2.203740e-09	-3.615049e+01	-1.451184e+02
7.010000e-06	-5.078864e-06	-2.209755e-09	-3.626281e+01	-1.452274e+02
7.020000e-06	-5.094205e-06	-2.212396e-09	-3.637234e+01	-1.453297e+02
7.030000e-06	-5.109119e-06	-2.212703e-09	-3.647883e+01	-1.454251e+02
7.040000e-06	-5.123588e-06	-2.210357e-09	-3.658214e+01	-1.455133e+02
7.050000e-06	-5.137424e-06	-2.205594e-09	-3.668092e+01	-1.455940e+02
7.060000e-06	-5.150628e-06	-2.202550e-09	-3.677520e+01	-1.456671e+02
7.070000e-06	-5.163372e-06	-2.203108e-09	-3.686619e+01	-1.457323e+02
7.080000e-06	-5.175666e-06	-2.206717e-09	-3.695397e+01	-1.457892e+02
7.090000e-06	-5.187560e-06	-2.211280e-09	-3.703889e+01	-1.458379e+02
7.100000e-06	-5.199129e-06	-2.213692e-09	-3.712150e+01	-1.458780e+02
7.110000e-06	-5.210357e-06	-2.212187e-09	-3.720166e+01	-1.459093e+02
7.120000e-06	-5.221258e-06	-2.208258e-09	-3.727950e+01	-1.459319e+02
7.130000e-06	-5.231799e-06	-2.205798e-09	-3.735476e+01	-1.459455e+02
7.140000e-06	-5.241957e-06	-2.205533e-09	-3.742729e+01	-1.459502e+02
7.150000e-06	-5.251833e-06	-2.204733e-09	-3.749780e+01	-1.459460e+02
7.160000e-06	-5.261384e-06	-2.202658e-09	-3.756599e+01	-1.459328e+02
7.170000e-06	-5.270378e-06	-2.200496e-09	-3.763021e+01	-1.459109e+02
7.180000e-06	-5.278921e-06	-2.199034e-09	-3.769121e+01	-1.458804e+02
7.190000e-06	-5.287198e-06	-2.196550e-09	-3.775030e+01	-1.458414e+02
7.200000e-06	-5.295248e-06	-2.194384e-09	-3.780778e+01	-1.457944e+02
7.210000e-06	-5.303172e-06	-2.195389e-09	-3.786436e+01	-1.457395e+02
7.220000e-06	-5.310902e-06	-2.198748e-09	-3.791955e+01	-1.456773e+02
7.230000e-06	-5.318212e-06	-2.200717e-09	-3.797174e+01	-1.456081e+02
7.240000e-06	-5.324979e-06	-2.199600e-09	-3.802006e+01	-1.455324e+02
7.250000e-06	-5.331162e-06	-2.198067e-09	-3.806420e+01	-1.454509e+02
7.260000e-06	-5.336714e-06	-2.196869e-09	-3.810384e+01	-1.453641e+02
7.270000e-06	-5.341734e-06	-2.194929e-09	-3.813969e+01	-1.452726e+02
7.280000e-06	-5.346349e-06	-2.192034e-09	-3.817264e+01	-1.451772e+02
7.290000e-06	-5.350589e-06	-2.188739e-09	-3.820291e+01	-1.450787e+02
7.300000e-06	-5.354579e-06	-2.187109e-09	-3.823140e+01	-1.449777e+02
7.310000e-06	-5.358328e-06	-2.186593e-09	-3.825817e+01	-1.448751e+02
7.320000e-06	-5.361733e-06	-2.185975e-09	-3.828248e+01	-1.447717e+02
7.330000e-06	-5.364807e-06	-2.185772e-09	-3.830443e+01	-1.446683e+02
7.340000e-06	-5.367538e-06	-2.185310e-09	-3.832393e+01	-1.445659e+02
7.350000e-06	-5.369872e-06	-2.183747e-09	-3.834060e+01	-1.444651e+02
7.360000e-06	-5.371834e-06	-2.181123e-09	-3.835460e+01	-1.443669e+02
7.370000e-06	-5.373511e-06	-2.177734e-09	-3.836657e+01	-1.442721e+02
7.380000e-06	-5.374755e-06	-2.174174e-09	-3.837545e+01	-1.441814e+02
7.390000e-06	-5.375466e-06	-2.172875e-09	-3.838053e+01	-1.440957e+02
7.400000e-06	-5.375895e-06	-2.173292e-09	-3.838360e+01	-1.440157e+02
