# Temperatura_=_-1.6
# Concentracion g/m^3_=_4090.0
# C_Vs_to_Am_M_A/Vsm_=_65563218390.804596
# pendiente_HvsI_1/m_=_3716.3
# ordenada_HvsI_A/m_=_1297.0
# frecuencia_Hz_=_135071.4902694391

Tiempo_(s)	Campo_(V.s)	Magnetizacion_(V.s)	Campo_(kA/m)	Magnetizacion_(A/m)
0.000000e+00	-5.451817e-06	-2.131940e-09	-3.838556e+01	-1.405140e+02
1.000000e-08	-5.451923e-06	-2.124139e-09	-3.838631e+01	-1.403770e+02
2.000000e-08	-5.451808e-06	-2.119611e-09	-3.838550e+01	-1.402416e+02
3.000000e-08	-5.451342e-06	-2.118778e-09	-3.838222e+01	-1.401083e+02
4.000000e-08	-5.450454e-06	-2.120282e-09	-3.837597e+01	-1.399775e+02
5.000000e-08	-5.448991e-06	-2.127675e-09	-3.836566e+01	-1.398497e+02
6.000000e-08	-5.446860e-06	-2.149827e-09	-3.835066e+01	-1.397252e+02
7.000000e-08	-5.444157e-06	-2.154431e-09	-3.833163e+01	-1.396044e+02
8.000000e-08	-5.440891e-06	-2.097662e-09	-3.830863e+01	-1.394875e+02
9.000000e-08	-5.437085e-06	-2.033148e-09	-3.828184e+01	-1.393747e+02
1.000000e-07	-5.432854e-06	-2.097017e-09	-3.825204e+01	-1.392664e+02
1.100000e-07	-5.428415e-06	-2.185794e-09	-3.822079e+01	-1.391627e+02
1.200000e-07	-5.423824e-06	-2.157867e-09	-3.818847e+01	-1.390636e+02
1.300000e-07	-5.418924e-06	-2.027424e-09	-3.815396e+01	-1.389693e+02
1.400000e-07	-5.413597e-06	-2.100178e-09	-3.811646e+01	-1.388798e+02
1.500000e-07	-5.407874e-06	-2.215112e-09	-3.807616e+01	-1.387951e+02
1.600000e-07	-5.401814e-06	-2.170232e-09	-3.803350e+01	-1.387149e+02
1.700000e-07	-5.395324e-06	-1.981907e-09	-3.798780e+01	-1.386393e+02
1.800000e-07	-5.388420e-06	-2.012690e-09	-3.793919e+01	-1.385679e+02
1.900000e-07	-5.381124e-06	-2.152894e-09	-3.788782e+01	-1.385006e+02
2.000000e-07	-5.373561e-06	-2.155308e-09	-3.783457e+01	-1.384369e+02
2.100000e-07	-5.365830e-06	-2.066995e-09	-3.778014e+01	-1.383767e+02
2.200000e-07	-5.357890e-06	-2.104631e-09	-3.772423e+01	-1.383194e+02
2.300000e-07	-5.349634e-06	-2.173093e-09	-3.766610e+01	-1.382646e+02
2.400000e-07	-5.340865e-06	-2.107041e-09	-3.760436e+01	-1.382119e+02
2.500000e-07	-5.331447e-06	-2.082990e-09	-3.753805e+01	-1.381607e+02
2.600000e-07	-5.321363e-06	-2.150212e-09	-3.746705e+01	-1.381104e+02
2.700000e-07	-5.310804e-06	-2.186347e-09	-3.739271e+01	-1.380604e+02
2.800000e-07	-5.299748e-06	-2.097895e-09	-3.731486e+01	-1.380103e+02
2.900000e-07	-5.288120e-06	-2.117088e-09	-3.723299e+01	-1.379592e+02
3.000000e-07	-5.276072e-06	-2.167460e-09	-3.714816e+01	-1.379067e+02
3.100000e-07	-5.263714e-06	-2.129931e-09	-3.706115e+01	-1.378520e+02
3.200000e-07	-5.251009e-06	-2.047239e-09	-3.697169e+01	-1.377945e+02
3.300000e-07	-5.237932e-06	-2.113543e-09	-3.687962e+01	-1.377337e+02
3.400000e-07	-5.224470e-06	-2.149413e-09	-3.678484e+01	-1.376687e+02
3.500000e-07	-5.210632e-06	-2.136283e-09	-3.668741e+01	-1.375992e+02
3.600000e-07	-5.196401e-06	-2.114533e-09	-3.658721e+01	-1.375243e+02
3.700000e-07	-5.181691e-06	-2.141424e-09	-3.648364e+01	-1.374437e+02
3.800000e-07	-5.166393e-06	-2.100882e-09	-3.637592e+01	-1.373567e+02
3.900000e-07	-5.150529e-06	-2.093717e-09	-3.626423e+01	-1.372629e+02
4.000000e-07	-5.134129e-06	-2.094342e-09	-3.614876e+01	-1.371618e+02
4.100000e-07	-5.117260e-06	-2.079287e-09	-3.602999e+01	-1.370530e+02
4.200000e-07	-5.100127e-06	-2.063824e-09	-3.590936e+01	-1.369362e+02
4.300000e-07	-5.082747e-06	-2.115125e-09	-3.578699e+01	-1.368110e+02
4.400000e-07	-5.065045e-06	-2.134809e-09	-3.566234e+01	-1.366771e+02
4.500000e-07	-5.047028e-06	-2.089412e-09	-3.553549e+01	-1.365345e+02
4.600000e-07	-5.028680e-06	-2.070329e-09	-3.540631e+01	-1.363828e+02
4.700000e-07	-5.010004e-06	-2.086900e-09	-3.527481e+01	-1.362221e+02
4.800000e-07	-4.990938e-06	-2.081299e-09	-3.514057e+01	-1.360523e+02
4.900000e-07	-4.971503e-06	-2.049721e-09	-3.500373e+01	-1.358734e+02
5.000000e-07	-4.951827e-06	-2.046665e-09	-3.486519e+01	-1.356854e+02
5.100000e-07	-4.931929e-06	-2.058104e-09	-3.472509e+01	-1.354886e+02
5.200000e-07	-4.911780e-06	-2.083414e-09	-3.458323e+01	-1.352831e+02
5.300000e-07	-4.891310e-06	-2.074643e-09	-3.443910e+01	-1.350692e+02
5.400000e-07	-4.870460e-06	-2.053794e-09	-3.429230e+01	-1.348470e+02
5.500000e-07	-4.849214e-06	-2.040936e-09	-3.414271e+01	-1.346170e+02
5.600000e-07	-4.827670e-06	-2.061240e-09	-3.399102e+01	-1.343794e+02
5.700000e-07	-4.805836e-06	-2.044940e-09	-3.383729e+01	-1.341347e+02
5.800000e-07	-4.783729e-06	-2.016163e-09	-3.368164e+01	-1.338833e+02
5.900000e-07	-4.761298e-06	-2.000185e-09	-3.352370e+01	-1.336257e+02
6.000000e-07	-4.738449e-06	-2.021558e-09	-3.336282e+01	-1.333622e+02
6.100000e-07	-4.715219e-06	-2.027400e-09	-3.319927e+01	-1.330934e+02
6.200000e-07	-4.691715e-06	-2.023800e-09	-3.303378e+01	-1.328198e+02
6.300000e-07	-4.667982e-06	-2.004768e-09	-3.286667e+01	-1.325418e+02
6.400000e-07	-4.644035e-06	-2.015115e-09	-3.269807e+01	-1.322599e+02
6.500000e-07	-4.619878e-06	-2.024556e-09	-3.252798e+01	-1.319747e+02
6.600000e-07	-4.595464e-06	-2.012524e-09	-3.235608e+01	-1.316865e+02
6.700000e-07	-4.570642e-06	-1.977923e-09	-3.218132e+01	-1.313958e+02
6.800000e-07	-4.545272e-06	-1.976595e-09	-3.200269e+01	-1.311031e+02
6.900000e-07	-4.519333e-06	-1.987916e-09	-3.182006e+01	-1.308088e+02
7.000000e-07	-4.492827e-06	-1.986002e-09	-3.163343e+01	-1.305132e+02
7.100000e-07	-4.465775e-06	-1.967868e-09	-3.144296e+01	-1.302166e+02
7.200000e-07	-4.438394e-06	-1.968663e-09	-3.125017e+01	-1.299195e+02
7.300000e-07	-4.410852e-06	-1.983492e-09	-3.105625e+01	-1.296219e+02
7.400000e-07	-4.383125e-06	-1.989111e-09	-3.086104e+01	-1.293242e+02
7.500000e-07	-4.355214e-06	-1.971219e-09	-3.066451e+01	-1.290266e+02
7.600000e-07	-4.327045e-06	-1.951338e-09	-3.046618e+01	-1.287291e+02
7.700000e-07	-4.298575e-06	-1.952452e-09	-3.026573e+01	-1.284318e+02
7.800000e-07	-4.269821e-06	-1.955130e-09	-3.006328e+01	-1.281349e+02
7.900000e-07	-4.240726e-06	-1.944349e-09	-2.985842e+01	-1.278384e+02
8.000000e-07	-4.211321e-06	-1.930764e-09	-2.965139e+01	-1.275420e+02
8.100000e-07	-4.181673e-06	-1.935932e-09	-2.944264e+01	-1.272459e+02
8.200000e-07	-4.151712e-06	-1.942714e-09	-2.923169e+01	-1.269499e+02
8.300000e-07	-4.121460e-06	-1.940615e-09	-2.901869e+01	-1.266538e+02
8.400000e-07	-4.090896e-06	-1.922369e-09	-2.880348e+01	-1.263575e+02
8.500000e-07	-4.059976e-06	-1.914016e-09	-2.858578e+01	-1.260607e+02
8.600000e-07	-4.028912e-06	-1.912358e-09	-2.836707e+01	-1.257631e+02
8.700000e-07	-3.997734e-06	-1.910602e-09	-2.814755e+01	-1.254646e+02
8.800000e-07	-3.966262e-06	-1.893151e-09	-2.792595e+01	-1.251648e+02
8.900000e-07	-3.934542e-06	-1.884670e-09	-2.770262e+01	-1.248634e+02
9.000000e-07	-3.902691e-06	-1.883583e-09	-2.747836e+01	-1.245601e+02
9.100000e-07	-3.870647e-06	-1.888039e-09	-2.725274e+01	-1.242546e+02
9.200000e-07	-3.838352e-06	-1.879431e-09	-2.702536e+01	-1.239466e+02
9.300000e-07	-3.805784e-06	-1.873557e-09	-2.679604e+01	-1.236357e+02
9.400000e-07	-3.772809e-06	-1.872281e-09	-2.656387e+01	-1.233217e+02
9.500000e-07	-3.739461e-06	-1.874002e-09	-2.632908e+01	-1.230042e+02
9.600000e-07	-3.705711e-06	-1.861331e-09	-2.609144e+01	-1.226829e+02
9.700000e-07	-3.671546e-06	-1.845100e-09	-2.585089e+01	-1.223577e+02
9.800000e-07	-3.636901e-06	-1.834444e-09	-2.560696e+01	-1.220281e+02
9.900000e-07	-3.601843e-06	-1.831797e-09	-2.536013e+01	-1.216941e+02
1.000000e-06	-3.566562e-06	-1.825926e-09	-2.511171e+01	-1.213554e+02
1.010000e-06	-3.530977e-06	-1.820144e-09	-2.486117e+01	-1.210119e+02
1.020000e-06	-3.495210e-06	-1.817291e-09	-2.460934e+01	-1.206633e+02
1.030000e-06	-3.459344e-06	-1.818776e-09	-2.435681e+01	-1.203097e+02
1.040000e-06	-3.423351e-06	-1.814866e-09	-2.410339e+01	-1.199509e+02
1.050000e-06	-3.387184e-06	-1.801058e-09	-2.384874e+01	-1.195869e+02
1.060000e-06	-3.350786e-06	-1.786493e-09	-2.359246e+01	-1.192177e+02
1.070000e-06	-3.314217e-06	-1.778082e-09	-2.333499e+01	-1.188433e+02
1.080000e-06	-3.277420e-06	-1.772968e-09	-2.307590e+01	-1.184638e+02
1.090000e-06	-3.240317e-06	-1.765353e-09	-2.281466e+01	-1.180792e+02
1.100000e-06	-3.202956e-06	-1.761094e-09	-2.255161e+01	-1.176897e+02
1.110000e-06	-3.165344e-06	-1.760190e-09	-2.228679e+01	-1.172954e+02
1.120000e-06	-3.127470e-06	-1.761009e-09	-2.202013e+01	-1.168965e+02
1.130000e-06	-3.089431e-06	-1.752963e-09	-2.175230e+01	-1.164930e+02
1.140000e-06	-3.051256e-06	-1.742383e-09	-2.148351e+01	-1.160853e+02
1.150000e-06	-3.012845e-06	-1.733085e-09	-2.121306e+01	-1.156736e+02
1.160000e-06	-2.974130e-06	-1.727407e-09	-2.094048e+01	-1.152579e+02
1.170000e-06	-2.935167e-06	-1.717610e-09	-2.066614e+01	-1.148386e+02
1.180000e-06	-2.896067e-06	-1.706792e-09	-2.039084e+01	-1.144159e+02
1.190000e-06	-2.856830e-06	-1.696367e-09	-2.011458e+01	-1.139899e+02
1.200000e-06	-2.817339e-06	-1.694390e-09	-1.983653e+01	-1.135609e+02
1.210000e-06	-2.777671e-06	-1.692670e-09	-1.955724e+01	-1.131291e+02
1.220000e-06	-2.737922e-06	-1.689052e-09	-1.927737e+01	-1.126945e+02
1.230000e-06	-2.698027e-06	-1.681572e-09	-1.899647e+01	-1.122575e+02
1.240000e-06	-2.658039e-06	-1.676288e-09	-1.871492e+01	-1.118180e+02
1.250000e-06	-2.617959e-06	-1.670211e-09	-1.843272e+01	-1.113762e+02
1.260000e-06	-2.577716e-06	-1.662241e-09	-1.814937e+01	-1.109322e+02
1.270000e-06	-2.537345e-06	-1.652169e-09	-1.786513e+01	-1.104859e+02
1.280000e-06	-2.496884e-06	-1.646034e-09	-1.758025e+01	-1.100375e+02
1.290000e-06	-2.456302e-06	-1.640672e-09	-1.729452e+01	-1.095868e+02
1.300000e-06	-2.415494e-06	-1.633281e-09	-1.700719e+01	-1.091337e+02
1.310000e-06	-2.374365e-06	-1.624385e-09	-1.671761e+01	-1.086782e+02
1.320000e-06	-2.332911e-06	-1.618735e-09	-1.642573e+01	-1.082201e+02
1.330000e-06	-2.291059e-06	-1.613756e-09	-1.613106e+01	-1.077592e+02
1.340000e-06	-2.248839e-06	-1.609229e-09	-1.583379e+01	-1.072953e+02
1.350000e-06	-2.206502e-06	-1.603513e-09	-1.553570e+01	-1.068280e+02
1.360000e-06	-2.163987e-06	-1.595433e-09	-1.523636e+01	-1.063571e+02
1.370000e-06	-2.121090e-06	-1.584565e-09	-1.493433e+01	-1.058822e+02
1.380000e-06	-2.077903e-06	-1.570537e-09	-1.463026e+01	-1.054029e+02
1.390000e-06	-2.034501e-06	-1.559312e-09	-1.432466e+01	-1.049189e+02
1.400000e-06	-1.990930e-06	-1.551799e-09	-1.401789e+01	-1.044296e+02
1.410000e-06	-1.947311e-06	-1.548965e-09	-1.371077e+01	-1.039346e+02
1.420000e-06	-1.903611e-06	-1.547231e-09	-1.340309e+01	-1.034334e+02
1.430000e-06	-1.859800e-06	-1.546346e-09	-1.309462e+01	-1.029255e+02
1.440000e-06	-1.815922e-06	-1.540458e-09	-1.278568e+01	-1.024104e+02
1.450000e-06	-1.772014e-06	-1.527701e-09	-1.247653e+01	-1.018874e+02
1.460000e-06	-1.728084e-06	-1.511043e-09	-1.216723e+01	-1.013562e+02
1.470000e-06	-1.684071e-06	-1.497589e-09	-1.185734e+01	-1.008160e+02
1.480000e-06	-1.639933e-06	-1.487828e-09	-1.154656e+01	-1.002664e+02
1.490000e-06	-1.595658e-06	-1.482262e-09	-1.123483e+01	-9.970684e+01
1.500000e-06	-1.551282e-06	-1.478375e-09	-1.092238e+01	-9.913671e+01
1.510000e-06	-1.506835e-06	-1.475861e-09	-1.060943e+01	-9.855550e+01
1.520000e-06	-1.462261e-06	-1.470892e-09	-1.029560e+01	-9.796268e+01
1.530000e-06	-1.417539e-06	-1.461612e-09	-9.980718e+00	-9.735774e+01
1.540000e-06	-1.372755e-06	-1.445010e-09	-9.665399e+00	-9.674018e+01
1.550000e-06	-1.327943e-06	-1.428216e-09	-9.349883e+00	-9.610951e+01
1.560000e-06	-1.283063e-06	-1.415993e-09	-9.033889e+00	-9.546528e+01
1.570000e-06	-1.238141e-06	-1.411689e-09	-8.717594e+00	-9.480704e+01
1.580000e-06	-1.193154e-06	-1.409375e-09	-8.400848e+00	-9.413436e+01
1.590000e-06	-1.147973e-06	-1.404433e-09	-8.082736e+00	-9.344685e+01
1.600000e-06	-1.102662e-06	-1.396915e-09	-7.763708e+00	-9.274412e+01
1.610000e-06	-1.057216e-06	-1.387217e-09	-7.443722e+00	-9.202581e+01
1.620000e-06	-1.011549e-06	-1.371401e-09	-7.122191e+00	-9.129154e+01
1.630000e-06	-9.658193e-07	-1.349061e-09	-6.800213e+00	-9.054100e+01
1.640000e-06	-9.201005e-07	-1.328216e-09	-6.478312e+00	-8.977386e+01
1.650000e-06	-8.743722e-07	-1.316626e-09	-6.156345e+00	-8.898979e+01
1.660000e-06	-8.286237e-07	-1.311534e-09	-5.834236e+00	-8.818848e+01
1.670000e-06	-7.828296e-07	-1.307364e-09	-5.511805e+00	-8.736963e+01
1.680000e-06	-7.369666e-07	-1.300355e-09	-5.188889e+00	-8.653292e+01
1.690000e-06	-6.910109e-07	-1.289040e-09	-4.865321e+00	-8.567802e+01
1.700000e-06	-6.449855e-07	-1.274018e-09	-4.541262e+00	-8.480462e+01
1.710000e-06	-5.990046e-07	-1.255092e-09	-4.217516e+00	-8.391236e+01
1.720000e-06	-5.530781e-07	-1.236573e-09	-3.894153e+00	-8.300088e+01
1.730000e-06	-5.071235e-07	-1.220693e-09	-3.570593e+00	-8.206980e+01
1.740000e-06	-4.611373e-07	-1.209628e-09	-3.246810e+00	-8.111870e+01
1.750000e-06	-4.150350e-07	-1.199628e-09	-2.922209e+00	-8.014713e+01
1.760000e-06	-3.688032e-07	-1.185528e-09	-2.596697e+00	-7.915463e+01
1.770000e-06	-3.225275e-07	-1.166460e-09	-2.270876e+00	-7.814066e+01
1.780000e-06	-2.762879e-07	-1.149327e-09	-1.945309e+00	-7.710466e+01
1.790000e-06	-2.300633e-07	-1.133406e-09	-1.619847e+00	-7.604604e+01
1.800000e-06	-1.837935e-07	-1.115576e-09	-1.294067e+00	-7.496414e+01
1.810000e-06	-1.375755e-07	-1.096532e-09	-9.686516e-01	-7.385827e+01
1.820000e-06	-9.143174e-08	-1.080984e-09	-6.437594e-01	-7.272767e+01
1.830000e-06	-4.531810e-08	-1.065522e-09	-3.190790e-01	-7.157155e+01
1.840000e-06	7.795523e-10	-1.048092e-09	5.488730e-03	-7.038907e+01
1.850000e-06	4.688386e-08	-1.028910e-09	3.301034e-01	-6.917934e+01
1.860000e-06	9.301438e-08	-1.010667e-09	6.549026e-01	-6.794143e+01
1.870000e-06	1.391970e-07	-9.938212e-10	9.800684e-01	-6.667435e+01
1.880000e-06	1.854904e-07	-9.767410e-10	1.306015e+00	-6.537708e+01
1.890000e-06	2.317694e-07	-9.566949e-10	1.631859e+00	-6.404859e+01
1.900000e-06	2.779570e-07	-9.349958e-10	1.957060e+00	-6.268779e+01
1.910000e-06	3.241217e-07	-9.140148e-10	2.282100e+00	-6.129357e+01
1.920000e-06	3.702889e-07	-8.912623e-10	2.607158e+00	-5.986482e+01
1.930000e-06	4.164578e-07	-8.666347e-10	2.932227e+00	-5.840041e+01
1.940000e-06	4.625556e-07	-8.425055e-10	3.256796e+00	-5.689920e+01
1.950000e-06	5.085264e-07	-8.196081e-10	3.580470e+00	-5.536008e+01
1.960000e-06	5.544198e-07	-7.982669e-10	3.903600e+00	-5.378194e+01
1.970000e-06	6.003777e-07	-7.750457e-10	4.227184e+00	-5.216369e+01
1.980000e-06	6.463719e-07	-7.477728e-10	4.551024e+00	-5.050429e+01
1.990000e-06	6.923042e-07	-7.195016e-10	4.874427e+00	-4.880273e+01
2.000000e-06	7.381553e-07	-6.914435e-10	5.197259e+00	-4.705808e+01
2.010000e-06	7.839263e-07	-6.631628e-10	5.519527e+00	-4.526944e+01
2.020000e-06	8.296397e-07	-6.348114e-10	5.841389e+00	-4.343602e+01
2.030000e-06	8.753408e-07	-6.072455e-10	6.163165e+00	-4.155711e+01
2.040000e-06	9.210215e-07	-5.796795e-10	6.484797e+00	-3.963208e+01
2.050000e-06	9.666710e-07	-5.503084e-10	6.806209e+00	-3.766043e+01
2.060000e-06	1.012221e-06	-5.190146e-10	7.126921e+00	-3.564177e+01
2.070000e-06	1.057634e-06	-4.873061e-10	7.446666e+00	-3.357582e+01
2.080000e-06	1.103007e-06	-4.543856e-10	7.766133e+00	-3.146247e+01
2.090000e-06	1.148260e-06	-4.215507e-10	8.084752e+00	-2.930172e+01
2.100000e-06	1.193402e-06	-3.868365e-10	8.402591e+00	-2.709374e+01
2.110000e-06	1.238468e-06	-3.509817e-10	8.719896e+00	-2.483885e+01
2.120000e-06	1.283330e-06	-3.167424e-10	9.035769e+00	-2.253754e+01
2.130000e-06	1.328038e-06	-2.852064e-10	9.350550e+00	-2.019046e+01
2.140000e-06	1.372699e-06	-2.529789e-10	9.665003e+00	-1.779842e+01
2.150000e-06	1.417254e-06	-2.181164e-10	9.978706e+00	-1.536244e+01
2.160000e-06	1.461745e-06	-1.825724e-10	1.029197e+01	-1.288368e+01
2.170000e-06	1.506125e-06	-1.466177e-10	1.060444e+01	-1.036350e+01
2.180000e-06	1.550382e-06	-1.101900e-10	1.091604e+01	-7.803405e+00
2.190000e-06	1.594581e-06	-7.230050e-11	1.122724e+01	-5.205103e+00
2.200000e-06	1.638671e-06	-3.370507e-11	1.153768e+01	-2.570457e+00
2.210000e-06	1.682707e-06	4.652633e-12	1.184773e+01	9.850139e-02
2.220000e-06	1.726692e-06	4.575579e-11	1.215742e+01	2.799583e+00
2.230000e-06	1.770611e-06	8.988885e-11	1.246665e+01	5.530446e+00
2.240000e-06	1.814485e-06	1.337630e-10	1.277556e+01	8.288601e+00
2.250000e-06	1.858299e-06	1.759150e-10	1.308405e+01	1.107142e+01
2.260000e-06	1.902037e-06	2.176032e-10	1.339201e+01	1.387616e+01
2.270000e-06	1.945693e-06	2.590646e-10	1.369938e+01	1.669996e+01
2.280000e-06	1.989285e-06	3.018314e-10	1.400631e+01	1.953983e+01
2.290000e-06	2.032797e-06	3.461423e-10	1.431267e+01	2.239273e+01
2.300000e-06	2.076095e-06	3.877312e-10	1.461752e+01	2.525550e+01
2.310000e-06	2.119239e-06	4.276818e-10	1.492130e+01	2.812495e+01
2.320000e-06	2.162210e-06	4.713677e-10	1.522385e+01	3.099782e+01
2.330000e-06	2.204798e-06	5.160270e-10	1.552371e+01	3.387081e+01
2.340000e-06	2.247104e-06	5.572149e-10	1.582158e+01	3.674061e+01
2.350000e-06	2.289243e-06	5.959958e-10	1.611828e+01	3.960391e+01
2.360000e-06	2.331088e-06	6.361440e-10	1.641290e+01	4.245738e+01
2.370000e-06	2.372484e-06	6.808210e-10	1.670436e+01	4.529774e+01
2.380000e-06	2.413556e-06	7.257638e-10	1.699354e+01	4.812173e+01
2.390000e-06	2.454435e-06	7.676521e-10	1.728137e+01	5.092617e+01
2.400000e-06	2.495112e-06	8.070201e-10	1.756777e+01	5.370790e+01
2.410000e-06	2.535524e-06	8.468511e-10	1.785231e+01	5.646388e+01
2.420000e-06	2.575708e-06	8.907272e-10	1.813524e+01	5.919114e+01
2.430000e-06	2.615817e-06	9.351353e-10	1.841764e+01	6.188684e+01
2.440000e-06	2.655851e-06	9.744971e-10	1.869951e+01	6.454821e+01
2.450000e-06	2.695809e-06	1.011434e-09	1.898085e+01	6.717267e+01
2.460000e-06	2.735700e-06	1.051877e-09	1.926172e+01	6.975772e+01
2.470000e-06	2.775446e-06	1.092636e-09	1.954156e+01	7.230103e+01
2.480000e-06	2.815008e-06	1.128963e-09	1.982012e+01	7.480042e+01
2.490000e-06	2.854454e-06	1.162650e-09	2.009785e+01	7.725388e+01
2.500000e-06	2.893748e-06	1.199741e-09	2.037452e+01	7.965956e+01
2.510000e-06	2.932827e-06	1.240846e-09	2.064967e+01	8.201576e+01
2.520000e-06	2.971621e-06	1.280661e-09	2.092281e+01	8.432097e+01
2.530000e-06	3.010135e-06	1.316118e-09	2.119398e+01	8.657387e+01
2.540000e-06	3.048411e-06	1.349006e-09	2.146348e+01	8.877329e+01
2.550000e-06	3.086410e-06	1.379833e-09	2.173102e+01	9.091824e+01
2.560000e-06	3.124216e-06	1.407160e-09	2.199722e+01	9.300793e+01
2.570000e-06	3.161897e-06	1.431693e-09	2.226252e+01	9.504172e+01
2.580000e-06	3.199433e-06	1.457560e-09	2.252681e+01	9.701914e+01
2.590000e-06	3.236694e-06	1.489387e-09	2.278915e+01	9.893989e+01
2.600000e-06	3.273679e-06	1.525722e-09	2.304956e+01	1.008038e+02
2.610000e-06	3.310457e-06	1.560216e-09	2.330851e+01	1.026110e+02
2.620000e-06	3.347022e-06	1.589535e-09	2.356596e+01	1.043616e+02
2.630000e-06	3.383407e-06	1.614075e-09	2.382215e+01	1.060558e+02
2.640000e-06	3.419582e-06	1.634216e-09	2.407685e+01	1.076942e+02
2.650000e-06	3.455562e-06	1.652181e-09	2.433018e+01	1.092772e+02
2.660000e-06	3.491433e-06	1.667477e-09	2.458275e+01	1.108057e+02
2.670000e-06	3.527173e-06	1.684686e-09	2.483438e+01	1.122803e+02
2.680000e-06	3.562730e-06	1.707966e-09	2.508473e+01	1.137020e+02
2.690000e-06	3.598122e-06	1.735026e-09	2.533393e+01	1.150717e+02
2.700000e-06	3.633307e-06	1.760789e-09	2.558166e+01	1.163905e+02
2.710000e-06	3.668146e-06	1.783787e-09	2.582696e+01	1.176596e+02
2.720000e-06	3.702533e-06	1.803835e-09	2.606907e+01	1.188800e+02
2.730000e-06	3.736381e-06	1.821412e-09	2.630739e+01	1.200531e+02
2.740000e-06	3.769692e-06	1.835619e-09	2.654193e+01	1.211801e+02
2.750000e-06	3.802592e-06	1.847102e-09	2.677357e+01	1.222624e+02
2.760000e-06	3.835121e-06	1.860208e-09	2.700260e+01	1.233012e+02
2.770000e-06	3.867389e-06	1.876147e-09	2.722980e+01	1.242979e+02
2.780000e-06	3.899472e-06	1.894840e-09	2.745569e+01	1.252538e+02
2.790000e-06	3.931396e-06	1.913525e-09	2.768047e+01	1.261704e+02
2.800000e-06	3.963214e-06	1.927514e-09	2.790450e+01	1.270490e+02
2.810000e-06	3.994773e-06	1.935165e-09	2.812670e+01	1.278908e+02
2.820000e-06	4.026034e-06	1.942224e-09	2.834680e+01	1.286973e+02
2.830000e-06	4.057054e-06	1.952197e-09	2.856521e+01	1.294697e+02
2.840000e-06	4.087692e-06	1.962705e-09	2.878093e+01	1.302094e+02
2.850000e-06	4.117964e-06	1.973180e-09	2.899407e+01	1.309174e+02
2.860000e-06	4.148021e-06	1.984633e-09	2.920570e+01	1.315951e+02
2.870000e-06	4.177812e-06	1.998052e-09	2.941545e+01	1.322437e+02
2.880000e-06	4.207340e-06	2.010655e-09	2.962335e+01	1.328642e+02
2.890000e-06	4.236645e-06	2.019057e-09	2.982969e+01	1.334577e+02
2.900000e-06	4.265679e-06	2.025610e-09	3.003411e+01	1.340253e+02
2.910000e-06	4.294435e-06	2.033187e-09	3.023658e+01	1.345681e+02
2.920000e-06	4.322920e-06	2.041281e-09	3.043714e+01	1.350869e+02
2.930000e-06	4.351093e-06	2.047433e-09	3.063550e+01	1.355828e+02
2.940000e-06	4.379045e-06	2.052870e-09	3.083230e+01	1.360565e+02
2.950000e-06	4.406870e-06	2.057723e-09	3.102822e+01	1.365091e+02
2.960000e-06	4.434453e-06	2.064546e-09	3.122243e+01	1.369412e+02
2.970000e-06	4.461781e-06	2.071669e-09	3.141484e+01	1.373536e+02
2.980000e-06	4.488730e-06	2.075673e-09	3.160458e+01	1.377472e+02
2.990000e-06	4.515199e-06	2.080809e-09	3.179095e+01	1.381225e+02
3.000000e-06	4.541201e-06	2.087487e-09	3.197403e+01	1.384804e+02
3.010000e-06	4.566697e-06	2.093387e-09	3.215354e+01	1.388213e+02
3.020000e-06	4.591682e-06	2.098470e-09	3.232945e+01	1.391461e+02
3.030000e-06	4.616190e-06	2.102942e-09	3.250202e+01	1.394552e+02
3.040000e-06	4.640395e-06	2.106283e-09	3.267244e+01	1.397492e+02
3.050000e-06	4.664369e-06	2.108795e-09	3.284124e+01	1.400288e+02
3.060000e-06	4.688089e-06	2.111619e-09	3.300825e+01	1.402943e+02
3.070000e-06	4.711527e-06	2.117032e-09	3.317327e+01	1.405464e+02
3.080000e-06	4.734669e-06	2.125488e-09	3.333621e+01	1.407855e+02
3.090000e-06	4.757485e-06	2.133200e-09	3.349686e+01	1.410122e+02
3.100000e-06	4.779971e-06	2.137046e-09	3.365518e+01	1.412268e+02
3.110000e-06	4.802151e-06	2.137048e-09	3.381135e+01	1.414298e+02
3.120000e-06	4.824012e-06	2.136463e-09	3.396526e+01	1.416217e+02
3.130000e-06	4.845557e-06	2.137296e-09	3.411696e+01	1.418028e+02
3.140000e-06	4.866750e-06	2.139152e-09	3.426618e+01	1.419736e+02
3.150000e-06	4.887494e-06	2.143850e-09	3.441224e+01	1.421345e+02
3.160000e-06	4.907907e-06	2.150730e-09	3.455596e+01	1.422858e+02
3.170000e-06	4.928124e-06	2.157799e-09	3.469830e+01	1.424278e+02
3.180000e-06	4.948151e-06	2.161162e-09	3.483931e+01	1.425610e+02
3.190000e-06	4.968003e-06	2.162014e-09	3.497908e+01	1.426857e+02
3.200000e-06	4.987543e-06	2.164165e-09	3.511666e+01	1.428021e+02
3.210000e-06	5.006735e-06	2.167438e-09	3.525179e+01	1.429106e+02
3.220000e-06	5.025595e-06	2.168935e-09	3.538459e+01	1.430114e+02
3.230000e-06	5.043950e-06	2.168852e-09	3.551382e+01	1.431047e+02
3.240000e-06	5.061870e-06	2.169795e-09	3.563999e+01	1.431909e+02
3.250000e-06	5.079475e-06	2.173306e-09	3.576395e+01	1.432701e+02
3.260000e-06	5.096741e-06	2.176382e-09	3.588552e+01	1.433424e+02
3.270000e-06	5.113641e-06	2.175332e-09	3.600450e+01	1.434082e+02
3.280000e-06	5.130253e-06	2.175234e-09	3.612147e+01	1.434675e+02
3.290000e-06	5.146579e-06	2.179674e-09	3.623642e+01	1.435204e+02
3.300000e-06	5.162482e-06	2.184940e-09	3.634839e+01	1.435671e+02
3.310000e-06	5.177875e-06	2.186366e-09	3.645677e+01	1.436076e+02
3.320000e-06	5.192764e-06	2.186820e-09	3.656160e+01	1.436421e+02
3.330000e-06	5.207263e-06	2.188294e-09	3.666369e+01	1.436706e+02
3.340000e-06	5.221364e-06	2.186232e-09	3.676297e+01	1.436930e+02
3.350000e-06	5.235097e-06	2.179907e-09	3.685966e+01	1.437095e+02
3.360000e-06	5.248452e-06	2.176093e-09	3.695369e+01	1.437201e+02
3.370000e-06	5.261395e-06	2.177073e-09	3.704482e+01	1.437246e+02
3.380000e-06	5.274006e-06	2.179437e-09	3.713362e+01	1.437232e+02
3.390000e-06	5.286253e-06	2.181216e-09	3.721985e+01	1.437159e+02
3.400000e-06	5.298102e-06	2.182812e-09	3.730327e+01	1.437024e+02
3.410000e-06	5.309610e-06	2.183510e-09	3.738430e+01	1.436830e+02
3.420000e-06	5.320711e-06	2.180933e-09	3.746246e+01	1.436574e+02
3.430000e-06	5.331293e-06	2.172966e-09	3.753697e+01	1.436258e+02
3.440000e-06	5.341278e-06	2.163883e-09	3.760727e+01	1.435880e+02
3.450000e-06	5.350565e-06	2.160877e-09	3.767265e+01	1.435440e+02
3.460000e-06	5.359236e-06	2.164459e-09	3.773371e+01	1.434940e+02
3.470000e-06	5.367480e-06	2.168879e-09	3.779175e+01	1.434378e+02
3.480000e-06	5.375423e-06	2.169601e-09	3.784768e+01	1.433756e+02
3.490000e-06	5.383167e-06	2.169433e-09	3.790220e+01	1.433072e+02
3.500000e-06	5.390657e-06	2.169690e-09	3.795494e+01	1.432330e+02
3.510000e-06	5.397812e-06	2.168690e-09	3.800532e+01	1.431528e+02
3.520000e-06	5.404595e-06	2.164076e-09	3.805308e+01	1.430669e+02
3.530000e-06	5.410972e-06	2.156637e-09	3.809797e+01	1.429754e+02
3.540000e-06	5.417009e-06	2.155297e-09	3.814048e+01	1.428785e+02
3.550000e-06	5.422706e-06	2.159218e-09	3.818059e+01	1.427763e+02
3.560000e-06	5.427946e-06	2.161369e-09	3.821749e+01	1.426691e+02
3.570000e-06	5.432735e-06	2.157792e-09	3.825120e+01	1.425572e+02
3.580000e-06	5.437175e-06	2.155284e-09	3.828247e+01	1.424408e+02
3.590000e-06	5.441342e-06	2.158015e-09	3.831180e+01	1.423203e+02
3.600000e-06	5.445270e-06	2.160358e-09	3.833947e+01	1.421960e+02
3.610000e-06	5.449006e-06	2.159001e-09	3.836577e+01	1.420683e+02
3.620000e-06	5.452484e-06	2.155232e-09	3.839026e+01	1.419376e+02
3.630000e-06	5.455523e-06	2.152675e-09	3.841165e+01	1.418043e+02
3.640000e-06	5.458010e-06	2.152899e-09	3.842917e+01	1.416688e+02
3.650000e-06	5.459987e-06	2.151864e-09	3.844309e+01	1.415315e+02
3.660000e-06	5.461375e-06	2.150112e-09	3.845286e+01	1.413931e+02
3.670000e-06	5.462092e-06	2.152561e-09	3.845790e+01	1.412538e+02
3.680000e-06	5.462379e-06	2.156122e-09	3.845993e+01	1.411143e+02
3.690000e-06	5.462390e-06	2.155717e-09	3.846000e+01	1.409749e+02
3.700000e-06	5.462156e-06	2.151215e-09	3.845835e+01	1.408362e+02
3.710000e-06	5.461643e-06	2.146678e-09	3.845474e+01	1.406986e+02
3.720000e-06	5.460700e-06	2.144492e-09	3.844811e+01	1.405627e+02
3.730000e-06	5.459374e-06	2.141393e-09	3.843877e+01	1.404288e+02
3.740000e-06	5.457664e-06	2.134495e-09	3.842673e+01	1.402973e+02
3.750000e-06	5.455611e-06	2.115418e-09	3.841228e+01	1.401688e+02
3.760000e-06	5.453332e-06	2.082017e-09	3.839622e+01	1.400434e+02
3.770000e-06	5.450701e-06	2.101212e-09	3.837770e+01	1.399217e+02
3.780000e-06	5.447668e-06	2.187084e-09	3.835635e+01	1.398039e+02
3.790000e-06	5.444285e-06	2.188932e-09	3.833253e+01	1.396902e+02
3.800000e-06	5.440522e-06	2.087599e-09	3.830604e+01	1.395809e+02
3.810000e-06	5.436446e-06	2.022548e-09	3.827733e+01	1.394761e+02
3.820000e-06	5.432135e-06	2.132053e-09	3.824698e+01	1.393760e+02
3.830000e-06	5.427511e-06	2.142147e-09	3.821442e+01	1.392807e+02
3.840000e-06	5.422423e-06	2.001059e-09	3.817860e+01	1.391901e+02
3.850000e-06	5.416828e-06	1.974158e-09	3.813920e+01	1.391043e+02
3.860000e-06	5.410690e-06	2.144173e-09	3.809599e+01	1.390232e+02
3.870000e-06	5.404005e-06	2.231697e-09	3.804892e+01	1.389465e+02
3.880000e-06	5.396805e-06	2.035436e-09	3.799823e+01	1.388742e+02
3.890000e-06	5.389192e-06	1.986319e-09	3.794463e+01	1.388060e+02
3.900000e-06	5.381287e-06	2.124787e-09	3.788897e+01	1.387415e+02
3.910000e-06	5.373086e-06	2.152650e-09	3.783123e+01	1.386805e+02
3.920000e-06	5.364495e-06	1.950825e-09	3.777074e+01	1.386225e+02
3.930000e-06	5.355564e-06	1.977664e-09	3.770785e+01	1.385671e+02
3.940000e-06	5.346322e-06	2.170907e-09	3.764279e+01	1.385138e+02
3.950000e-06	5.336734e-06	2.149233e-09	3.757528e+01	1.384621e+02
3.960000e-06	5.326762e-06	1.961925e-09	3.750506e+01	1.384114e+02
3.970000e-06	5.316384e-06	2.020995e-09	3.743200e+01	1.383612e+02
3.980000e-06	5.305662e-06	2.179377e-09	3.735650e+01	1.383109e+02
3.990000e-06	5.294580e-06	2.101102e-09	3.727847e+01	1.382598e+02
4.000000e-06	5.283094e-06	2.010747e-09	3.719760e+01	1.382073e+02
4.010000e-06	5.271208e-06	2.145053e-09	3.711392e+01	1.381528e+02
4.020000e-06	5.258932e-06	2.231366e-09	3.702748e+01	1.380956e+02
4.030000e-06	5.246129e-06	2.077272e-09	3.693733e+01	1.380351e+02
4.040000e-06	5.232730e-06	2.028134e-09	3.684300e+01	1.379706e+02
4.050000e-06	5.218750e-06	2.117757e-09	3.674457e+01	1.379016e+02
4.060000e-06	5.204265e-06	2.129259e-09	3.664258e+01	1.378274e+02
4.070000e-06	5.189253e-06	2.054308e-09	3.653688e+01	1.377475e+02
4.080000e-06	5.173760e-06	2.101245e-09	3.642780e+01	1.376614e+02
4.090000e-06	5.157904e-06	2.127893e-09	3.631616e+01	1.375685e+02
4.100000e-06	5.141790e-06	2.098093e-09	3.620270e+01	1.374684e+02
4.110000e-06	5.125473e-06	2.081914e-09	3.608781e+01	1.373607e+02
4.120000e-06	5.108901e-06	2.082433e-09	3.597113e+01	1.372450e+02
4.130000e-06	5.091926e-06	2.016196e-09	3.585161e+01	1.371209e+02
4.140000e-06	5.074527e-06	2.027372e-09	3.572911e+01	1.369883e+02
4.150000e-06	5.056764e-06	2.091809e-09	3.560404e+01	1.368469e+02
4.160000e-06	5.038683e-06	2.097391e-09	3.547674e+01	1.366965e+02
4.170000e-06	5.020281e-06	2.049871e-09	3.534717e+01	1.365370e+02
4.180000e-06	5.001540e-06	2.067642e-09	3.521522e+01	1.363685e+02
4.190000e-06	4.982450e-06	2.080777e-09	3.508081e+01	1.361908e+02
4.200000e-06	4.962999e-06	2.046851e-09	3.494385e+01	1.360041e+02
4.210000e-06	4.943271e-06	2.014744e-09	3.480495e+01	1.358086e+02
4.220000e-06	4.923302e-06	2.012422e-09	3.466435e+01	1.356043e+02
4.230000e-06	4.903044e-06	2.035232e-09	3.452172e+01	1.353914e+02
4.240000e-06	4.882545e-06	2.059441e-09	3.437739e+01	1.351704e+02
4.250000e-06	4.861713e-06	2.048406e-09	3.423071e+01	1.349414e+02
4.260000e-06	4.840462e-06	2.019594e-09	3.408109e+01	1.347048e+02
4.270000e-06	4.818715e-06	2.032048e-09	3.392797e+01	1.344610e+02
4.280000e-06	4.796304e-06	2.035607e-09	3.377017e+01	1.342105e+02
4.290000e-06	4.773341e-06	2.010551e-09	3.360849e+01	1.339536e+02
4.300000e-06	4.749954e-06	1.994862e-09	3.344383e+01	1.336908e+02
4.310000e-06	4.726243e-06	2.013157e-09	3.327689e+01	1.334226e+02
4.320000e-06	4.702318e-06	2.016242e-09	3.310843e+01	1.331495e+02
4.330000e-06	4.678185e-06	2.012297e-09	3.293851e+01	1.328719e+02
4.340000e-06	4.653792e-06	1.982911e-09	3.276677e+01	1.325904e+02
4.350000e-06	4.629102e-06	1.964203e-09	3.259292e+01	1.323055e+02
4.360000e-06	4.604048e-06	1.971911e-09	3.241653e+01	1.320175e+02
4.370000e-06	4.578644e-06	1.988458e-09	3.223766e+01	1.317270e+02
4.380000e-06	4.552943e-06	1.967696e-09	3.205670e+01	1.314343e+02
4.390000e-06	4.526954e-06	1.967765e-09	3.187372e+01	1.311400e+02
4.400000e-06	4.500639e-06	1.984279e-09	3.168844e+01	1.308443e+02
4.410000e-06	4.474020e-06	1.983154e-09	3.150101e+01	1.305477e+02
4.420000e-06	4.447169e-06	1.950675e-09	3.131196e+01	1.302503e+02
4.430000e-06	4.419972e-06	1.932953e-09	3.112047e+01	1.299526e+02
4.440000e-06	4.392423e-06	1.933470e-09	3.092650e+01	1.296546e+02
4.450000e-06	4.364668e-06	1.946244e-09	3.073108e+01	1.293567e+02
4.460000e-06	4.336700e-06	1.946737e-09	3.053416e+01	1.290589e+02
4.470000e-06	4.308554e-06	1.942046e-09	3.033599e+01	1.287614e+02
4.480000e-06	4.280221e-06	1.944988e-09	3.013650e+01	1.284642e+02
4.490000e-06	4.251551e-06	1.951024e-09	2.993464e+01	1.281673e+02
4.500000e-06	4.222530e-06	1.938007e-09	2.973031e+01	1.278707e+02
4.510000e-06	4.193177e-06	1.917312e-09	2.952363e+01	1.275743e+02
4.520000e-06	4.163298e-06	1.907657e-09	2.931326e+01	1.272781e+02
4.530000e-06	4.132820e-06	1.909450e-09	2.909867e+01	1.269818e+02
4.540000e-06	4.101862e-06	1.917537e-09	2.888070e+01	1.266852e+02
4.550000e-06	4.070495e-06	1.917282e-09	2.865984e+01	1.263882e+02
4.560000e-06	4.038817e-06	1.912287e-09	2.843680e+01	1.260906e+02
4.570000e-06	4.006959e-06	1.911763e-09	2.821250e+01	1.257920e+02
4.580000e-06	3.974915e-06	1.914368e-09	2.798688e+01	1.254922e+02
4.590000e-06	3.942690e-06	1.900786e-09	2.775999e+01	1.251908e+02
4.600000e-06	3.910300e-06	1.887068e-09	2.753193e+01	1.248876e+02
4.610000e-06	3.877659e-06	1.880315e-09	2.730211e+01	1.245823e+02
4.620000e-06	3.844794e-06	1.882306e-09	2.707071e+01	1.242744e+02
4.630000e-06	3.811630e-06	1.876736e-09	2.683721e+01	1.239638e+02
4.640000e-06	3.778122e-06	1.868158e-09	2.660128e+01	1.236501e+02
4.650000e-06	3.744369e-06	1.863368e-09	2.636363e+01	1.233329e+02
4.660000e-06	3.710403e-06	1.867947e-09	2.612449e+01	1.230121e+02
4.670000e-06	3.676235e-06	1.863450e-09	2.588391e+01	1.226872e+02
4.680000e-06	3.641782e-06	1.854949e-09	2.564133e+01	1.223582e+02
4.690000e-06	3.606963e-06	1.845363e-09	2.539618e+01	1.220247e+02
4.700000e-06	3.571895e-06	1.842818e-09	2.514927e+01	1.216865e+02
4.710000e-06	3.536610e-06	1.838155e-09	2.490083e+01	1.213436e+02
4.720000e-06	3.501053e-06	1.832089e-09	2.465047e+01	1.209956e+02
4.730000e-06	3.465327e-06	1.824495e-09	2.439893e+01	1.206426e+02
4.740000e-06	3.429510e-06	1.824405e-09	2.414675e+01	1.202844e+02
4.750000e-06	3.393548e-06	1.824907e-09	2.389355e+01	1.199210e+02
4.760000e-06	3.357405e-06	1.821314e-09	2.363907e+01	1.195525e+02
4.770000e-06	3.321138e-06	1.812983e-09	2.338372e+01	1.191787e+02
4.780000e-06	3.284732e-06	1.803876e-09	2.312739e+01	1.187998e+02
4.790000e-06	3.248057e-06	1.794053e-09	2.286916e+01	1.184158e+02
4.800000e-06	3.211039e-06	1.786586e-09	2.260852e+01	1.180268e+02
4.810000e-06	3.173623e-06	1.777742e-09	2.234508e+01	1.176331e+02
4.820000e-06	3.135806e-06	1.770308e-09	2.207882e+01	1.172346e+02
4.830000e-06	3.097539e-06	1.768048e-09	2.180938e+01	1.168317e+02
4.840000e-06	3.058949e-06	1.766376e-09	2.153768e+01	1.164244e+02
4.850000e-06	3.020129e-06	1.762583e-09	2.126435e+01	1.160131e+02
4.860000e-06	2.980945e-06	1.752628e-09	2.098846e+01	1.155978e+02
4.870000e-06	2.941463e-06	1.743700e-09	2.071047e+01	1.151789e+02
4.880000e-06	2.901805e-06	1.737756e-09	2.043125e+01	1.147564e+02
4.890000e-06	2.862023e-06	1.732858e-09	2.015115e+01	1.143307e+02
4.900000e-06	2.822134e-06	1.724809e-09	1.987029e+01	1.139020e+02
4.910000e-06	2.782149e-06	1.723505e-09	1.958876e+01	1.134703e+02
4.920000e-06	2.742055e-06	1.723852e-09	1.930646e+01	1.130360e+02
4.930000e-06	2.701807e-06	1.720128e-09	1.902309e+01	1.125991e+02
4.940000e-06	2.661355e-06	1.710755e-09	1.873827e+01	1.121598e+02
4.950000e-06	2.620744e-06	1.704540e-09	1.845233e+01	1.117181e+02
4.960000e-06	2.579969e-06	1.698657e-09	1.816524e+01	1.112742e+02
4.970000e-06	2.538979e-06	1.693290e-09	1.787664e+01	1.108281e+02
4.980000e-06	2.497779e-06	1.686892e-09	1.758655e+01	1.103798e+02
4.990000e-06	2.456387e-06	1.680700e-09	1.729511e+01	1.099292e+02
5.000000e-06	2.414964e-06	1.675191e-09	1.700346e+01	1.094763e+02
5.010000e-06	2.373391e-06	1.667046e-09	1.671075e+01	1.090210e+02
5.020000e-06	2.331565e-06	1.655210e-09	1.641626e+01	1.085631e+02
5.030000e-06	2.289614e-06	1.647942e-09	1.612089e+01	1.081024e+02
5.040000e-06	2.247525e-06	1.643830e-09	1.582454e+01	1.076387e+02
5.050000e-06	2.205230e-06	1.640248e-09	1.552675e+01	1.071718e+02
5.060000e-06	2.162694e-06	1.634475e-09	1.522726e+01	1.067012e+02
5.070000e-06	2.119986e-06	1.627374e-09	1.492656e+01	1.062268e+02
5.080000e-06	2.077138e-06	1.619322e-09	1.462487e+01	1.057480e+02
5.090000e-06	2.034191e-06	1.611652e-09	1.432248e+01	1.052646e+02
5.100000e-06	1.991076e-06	1.602159e-09	1.401892e+01	1.047759e+02
5.110000e-06	1.947793e-06	1.590879e-09	1.371417e+01	1.042817e+02
5.120000e-06	1.904349e-06	1.582399e-09	1.340828e+01	1.037813e+02
5.130000e-06	1.860744e-06	1.579319e-09	1.310126e+01	1.032743e+02
5.140000e-06	1.817094e-06	1.578335e-09	1.279393e+01	1.027601e+02
5.150000e-06	1.773395e-06	1.572742e-09	1.248625e+01	1.022383e+02
5.160000e-06	1.729554e-06	1.564257e-09	1.217757e+01	1.017082e+02
5.170000e-06	1.685612e-06	1.555131e-09	1.186818e+01	1.011693e+02
5.180000e-06	1.641659e-06	1.545273e-09	1.155872e+01	1.006211e+02
5.190000e-06	1.597649e-06	1.533035e-09	1.124885e+01	1.000630e+02
5.200000e-06	1.553572e-06	1.522079e-09	1.093851e+01	9.949440e+01
5.210000e-06	1.509469e-06	1.513992e-09	1.062798e+01	9.891482e+01
5.220000e-06	1.465354e-06	1.507972e-09	1.031737e+01	9.832373e+01
5.230000e-06	1.421196e-06	1.501569e-09	1.000647e+01	9.772059e+01
5.240000e-06	1.376952e-06	1.494686e-09	9.694944e+00	9.710491e+01
5.250000e-06	1.332640e-06	1.487831e-09	9.382949e+00	9.647622e+01
5.260000e-06	1.288232e-06	1.483091e-09	9.070283e+00	9.583403e+01
5.270000e-06	1.243748e-06	1.473577e-09	8.757072e+00	9.517790e+01
5.280000e-06	1.199206e-06	1.456492e-09	8.443457e+00	9.450742e+01
5.290000e-06	1.154533e-06	1.438372e-09	8.128923e+00	9.382216e+01
5.300000e-06	1.109778e-06	1.425851e-09	7.813807e+00	9.312174e+01
5.310000e-06	1.064970e-06	1.416425e-09	7.498318e+00	9.240580e+01
5.320000e-06	1.020016e-06	1.408456e-09	7.181805e+00	9.167397e+01
5.330000e-06	9.749333e-07	1.403785e-09	6.864383e+00	9.092592e+01
5.340000e-06	9.298572e-07	1.402204e-09	6.547008e+00	9.016131e+01
5.350000e-06	8.846763e-07	1.393767e-09	6.228895e+00	8.937984e+01
5.360000e-06	8.393323e-07	1.373927e-09	5.909633e+00	8.858118e+01
5.370000e-06	7.938535e-07	1.350249e-09	5.589423e+00	8.776502e+01
5.380000e-06	7.482921e-07	1.331056e-09	5.268631e+00	8.693106e+01
5.390000e-06	7.027769e-07	1.318813e-09	4.948164e+00	8.607897e+01
5.400000e-06	6.572352e-07	1.309772e-09	4.627511e+00	8.520842e+01
5.410000e-06	6.115523e-07	1.301279e-09	4.305863e+00	8.431908e+01
5.420000e-06	5.657086e-07	1.295948e-09	3.983083e+00	8.341058e+01
5.430000e-06	5.198292e-07	1.290064e-09	3.660052e+00	8.248255e+01
5.440000e-06	4.740349e-07	1.275140e-09	3.337620e+00	8.153457e+01
5.450000e-06	4.282461e-07	1.249392e-09	3.015227e+00	8.056620e+01
5.460000e-06	3.824705e-07	1.223310e-09	2.692927e+00	7.957697e+01
5.470000e-06	3.367646e-07	1.205990e-09	2.371117e+00	7.856636e+01
5.480000e-06	2.908949e-07	1.193144e-09	2.048155e+00	7.753383e+01
5.490000e-06	2.448789e-07	1.178404e-09	1.724162e+00	7.647878e+01
5.500000e-06	1.988652e-07	1.163289e-09	1.400185e+00	7.540056e+01
5.510000e-06	1.527940e-07	1.151449e-09	1.075803e+00	7.429848e+01
5.520000e-06	1.067159e-07	1.138788e-09	7.513736e-01	7.317181e+01
5.530000e-06	6.075643e-08	1.120725e-09	4.277784e-01	7.201975e+01
5.540000e-06	1.490741e-08	1.097548e-09	1.049612e-01	7.084148e+01
5.550000e-06	-3.093186e-08	1.075425e-09	-2.177874e-01	6.963611e+01
5.560000e-06	-7.678509e-08	1.057772e-09	-5.406342e-01	6.840271e+01
5.570000e-06	-1.226925e-07	1.040330e-09	-8.638625e-01	6.714031e+01
5.580000e-06	-1.685774e-07	1.018274e-09	-1.186932e+00	6.584790e+01
5.590000e-06	-2.144300e-07	9.939524e-10	-1.509775e+00	6.452443e+01
5.600000e-06	-2.602988e-07	9.707064e-10	-1.832731e+00	6.316884e+01
5.610000e-06	-3.061422e-07	9.492735e-10	-2.155509e+00	6.178002e+01
5.620000e-06	-3.519198e-07	9.253346e-10	-2.477823e+00	6.035686e+01
5.630000e-06	-3.975748e-07	9.001356e-10	-2.799274e+00	5.889822e+01
5.640000e-06	-4.432003e-07	8.798187e-10	-3.120517e+00	5.740298e+01
5.650000e-06	-4.888571e-07	8.619109e-10	-3.441981e+00	5.587001e+01
5.660000e-06	-5.345163e-07	8.396689e-10	-3.763462e+00	5.429820e+01
5.670000e-06	-5.800567e-07	8.137670e-10	-4.084107e+00	5.268646e+01
5.680000e-06	-6.254680e-07	7.844627e-10	-4.403842e+00	5.103374e+01
5.690000e-06	-6.708804e-07	7.532446e-10	-4.723585e+00	4.933902e+01
5.700000e-06	-7.163157e-07	7.219093e-10	-5.043489e+00	4.760137e+01
5.710000e-06	-7.617096e-07	6.944645e-10	-5.363102e+00	4.581987e+01
5.720000e-06	-8.070077e-07	6.729573e-10	-5.682040e+00	4.399372e+01
5.730000e-06	-8.522977e-07	6.564135e-10	-6.000921e+00	4.212218e+01
5.740000e-06	-8.975224e-07	6.377751e-10	-6.319342e+00	4.020463e+01
5.750000e-06	-9.425840e-07	6.126817e-10	-6.636616e+00	3.824054e+01
5.760000e-06	-9.875731e-07	5.815668e-10	-6.953378e+00	3.622948e+01
5.770000e-06	-1.032399e-06	5.433327e-10	-7.268993e+00	3.417118e+01
5.780000e-06	-1.077142e-06	5.013490e-10	-7.584022e+00	3.206548e+01
5.790000e-06	-1.121848e-06	4.582925e-10	-7.898791e+00	2.991238e+01
5.800000e-06	-1.166365e-06	4.199038e-10	-8.212227e+00	2.771200e+01
5.810000e-06	-1.210811e-06	3.911250e-10	-8.525168e+00	2.546465e+01
5.820000e-06	-1.255240e-06	3.694133e-10	-8.837990e+00	2.317079e+01
5.830000e-06	-1.299536e-06	3.455294e-10	-9.149872e+00	2.083103e+01
5.840000e-06	-1.343722e-06	3.149539e-10	-9.460981e+00	1.844618e+01
5.850000e-06	-1.387915e-06	2.762411e-10	-9.772138e+00	1.601720e+01
5.860000e-06	-1.432073e-06	2.306356e-10	-1.008304e+01	1.354523e+01
5.870000e-06	-1.476158e-06	1.824120e-10	-1.039344e+01	1.103160e+01
5.880000e-06	-1.520192e-06	1.364549e-10	-1.070348e+01	8.477795e+00
5.890000e-06	-1.564177e-06	9.599419e-11	-1.101318e+01	5.885488e+00
5.900000e-06	-1.608141e-06	6.254314e-11	-1.132272e+01	3.256515e+00
5.910000e-06	-1.652095e-06	3.139915e-11	-1.163220e+01	5.928785e-01
5.920000e-06	-1.695987e-06	-1.844455e-12	-1.194123e+01	-2.103257e+00
5.930000e-06	-1.739781e-06	-4.165127e-11	-1.224958e+01	-4.829574e+00
5.940000e-06	-1.783462e-06	-8.881573e-11	-1.255713e+01	-7.583607e+00
5.950000e-06	-1.827070e-06	-1.397762e-10	-1.286417e+01	-1.036275e+01
5.960000e-06	-1.870587e-06	-1.903632e-10	-1.317057e+01	-1.316429e+01
5.970000e-06	-1.913936e-06	-2.370036e-10	-1.347578e+01	-1.598536e+01
5.980000e-06	-1.957122e-06	-2.786323e-10	-1.377985e+01	-1.882301e+01
5.990000e-06	-2.000138e-06	-3.200101e-10	-1.408272e+01	-2.167420e+01
6.000000e-06	-2.042975e-06	-3.638584e-10	-1.438433e+01	-2.453580e+01
6.010000e-06	-2.085593e-06	-4.079343e-10	-1.468440e+01	-2.740461e+01
6.020000e-06	-2.128093e-06	-4.531294e-10	-1.498363e+01	-3.027738e+01
6.030000e-06	-2.170530e-06	-5.010281e-10	-1.528243e+01	-3.315083e+01
6.040000e-06	-2.212762e-06	-5.503986e-10	-1.557978e+01	-3.602164e+01
6.050000e-06	-2.254792e-06	-5.972936e-10	-1.587571e+01	-3.888650e+01
6.060000e-06	-2.296719e-06	-6.415596e-10	-1.617091e+01	-4.174209e+01
6.070000e-06	-2.338509e-06	-6.859088e-10	-1.646515e+01	-4.458511e+01
6.080000e-06	-2.380157e-06	-7.304292e-10	-1.675839e+01	-4.741231e+01
6.090000e-06	-2.421671e-06	-7.715628e-10	-1.705068e+01	-5.022047e+01
6.100000e-06	-2.462992e-06	-8.116491e-10	-1.734162e+01	-5.300644e+01
6.110000e-06	-2.504088e-06	-8.560852e-10	-1.763097e+01	-5.576717e+01
6.120000e-06	-2.544949e-06	-9.022013e-10	-1.791867e+01	-5.849967e+01
6.130000e-06	-2.585626e-06	-9.433993e-10	-1.820507e+01	-6.120107e+01
6.140000e-06	-2.626164e-06	-9.801421e-10	-1.849049e+01	-6.386860e+01
6.150000e-06	-2.666586e-06	-1.018550e-09	-1.877510e+01	-6.649963e+01
6.160000e-06	-2.706912e-06	-1.061424e-09	-1.905903e+01	-6.909166e+01
6.170000e-06	-2.747095e-06	-1.105851e-09	-1.934195e+01	-7.164234e+01
6.180000e-06	-2.787104e-06	-1.146887e-09	-1.962365e+01	-7.414944e+01
6.190000e-06	-2.826997e-06	-1.181961e-09	-1.990453e+01	-7.661094e+01
6.200000e-06	-2.866806e-06	-1.213718e-09	-2.018482e+01	-7.902495e+01
6.210000e-06	-2.906490e-06	-1.243958e-09	-2.046423e+01	-8.138975e+01
6.220000e-06	-2.945935e-06	-1.274004e-09	-2.074196e+01	-8.370381e+01
6.230000e-06	-2.985203e-06	-1.305077e-09	-2.101844e+01	-8.596576e+01
6.240000e-06	-3.024240e-06	-1.343263e-09	-2.129329e+01	-8.817442e+01
6.250000e-06	-3.062808e-06	-1.386134e-09	-2.156484e+01	-9.032876e+01
6.260000e-06	-3.101025e-06	-1.425372e-09	-2.183393e+01	-9.242796e+01
6.270000e-06	-3.139014e-06	-1.455210e-09	-2.210141e+01	-9.447134e+01
6.280000e-06	-3.176606e-06	-1.478799e-09	-2.236609e+01	-9.645843e+01
6.290000e-06	-3.213746e-06	-1.499829e-09	-2.262758e+01	-9.838889e+01
6.300000e-06	-3.250588e-06	-1.521044e-09	-2.288698e+01	-1.002626e+02
6.310000e-06	-3.287187e-06	-1.544686e-09	-2.314467e+01	-1.020794e+02
6.320000e-06	-3.323503e-06	-1.573718e-09	-2.340037e+01	-1.038396e+02
6.330000e-06	-3.359597e-06	-1.609604e-09	-2.365450e+01	-1.055435e+02
6.340000e-06	-3.395563e-06	-1.645926e-09	-2.390773e+01	-1.071914e+02
6.350000e-06	-3.431411e-06	-1.677417e-09	-2.416014e+01	-1.087839e+02
6.360000e-06	-3.467099e-06	-1.701213e-09	-2.441141e+01	-1.103216e+02
6.370000e-06	-3.502574e-06	-1.717913e-09	-2.466119e+01	-1.118054e+02
6.380000e-06	-3.537880e-06	-1.726137e-09	-2.490977e+01	-1.132361e+02
6.390000e-06	-3.572931e-06	-1.733081e-09	-2.515656e+01	-1.146147e+02
6.400000e-06	-3.607629e-06	-1.747317e-09	-2.540087e+01	-1.159421e+02
6.410000e-06	-3.642035e-06	-1.772186e-09	-2.564311e+01	-1.172197e+02
6.420000e-06	-3.676185e-06	-1.803037e-09	-2.588355e+01	-1.184484e+02
6.430000e-06	-3.710166e-06	-1.832105e-09	-2.612281e+01	-1.196295e+02
6.440000e-06	-3.743963e-06	-1.855035e-09	-2.636078e+01	-1.207644e+02
6.450000e-06	-3.777464e-06	-1.870308e-09	-2.659665e+01	-1.218542e+02
6.460000e-06	-3.810614e-06	-1.876528e-09	-2.683006e+01	-1.229004e+02
6.470000e-06	-3.843448e-06	-1.879423e-09	-2.706124e+01	-1.239043e+02
6.480000e-06	-3.876027e-06	-1.885915e-09	-2.729062e+01	-1.248672e+02
6.490000e-06	-3.908430e-06	-1.900588e-09	-2.751877e+01	-1.257905e+02
6.500000e-06	-3.940684e-06	-1.921705e-09	-2.774586e+01	-1.266755e+02
6.510000e-06	-3.972750e-06	-1.946495e-09	-2.797163e+01	-1.275237e+02
6.520000e-06	-4.004553e-06	-1.968505e-09	-2.819556e+01	-1.283362e+02
6.530000e-06	-4.036169e-06	-1.982528e-09	-2.841816e+01	-1.291145e+02
6.540000e-06	-4.067565e-06	-1.989428e-09	-2.863921e+01	-1.298597e+02
6.550000e-06	-4.098541e-06	-1.992362e-09	-2.885732e+01	-1.305732e+02
6.560000e-06	-4.129021e-06	-1.996220e-09	-2.907192e+01	-1.312561e+02
6.570000e-06	-4.159047e-06	-2.002496e-09	-2.928333e+01	-1.319097e+02
6.580000e-06	-4.188652e-06	-2.010897e-09	-2.949177e+01	-1.325350e+02
6.590000e-06	-4.217801e-06	-2.021477e-09	-2.969701e+01	-1.331332e+02
6.600000e-06	-4.246504e-06	-2.035191e-09	-2.989910e+01	-1.337054e+02
6.610000e-06	-4.274833e-06	-2.048494e-09	-3.009856e+01	-1.342524e+02
6.620000e-06	-4.302970e-06	-2.058811e-09	-3.029667e+01	-1.347754e+02
6.630000e-06	-4.330980e-06	-2.066444e-09	-3.049389e+01	-1.352753e+02
6.640000e-06	-4.358774e-06	-2.071080e-09	-3.068958e+01	-1.357530e+02
6.650000e-06	-4.386279e-06	-2.071877e-09	-3.088324e+01	-1.362092e+02
6.660000e-06	-4.413528e-06	-2.071960e-09	-3.107510e+01	-1.366449e+02
6.670000e-06	-4.440494e-06	-2.075171e-09	-3.126496e+01	-1.370608e+02
6.680000e-06	-4.467128e-06	-2.083055e-09	-3.145249e+01	-1.374577e+02
6.690000e-06	-4.493477e-06	-2.093680e-09	-3.163801e+01	-1.378363e+02
6.700000e-06	-4.519519e-06	-2.104588e-09	-3.182136e+01	-1.381973e+02
6.710000e-06	-4.545187e-06	-2.113013e-09	-3.200209e+01	-1.385413e+02
6.720000e-06	-4.570535e-06	-2.119866e-09	-3.218056e+01	-1.388689e+02
6.730000e-06	-4.595533e-06	-2.125630e-09	-3.235657e+01	-1.391809e+02
6.740000e-06	-4.620143e-06	-2.130345e-09	-3.252985e+01	-1.394776e+02
6.750000e-06	-4.644517e-06	-2.133935e-09	-3.270146e+01	-1.397598e+02
6.760000e-06	-4.668701e-06	-2.136703e-09	-3.287174e+01	-1.400279e+02
6.770000e-06	-4.692696e-06	-2.139375e-09	-3.304069e+01	-1.402824e+02
6.780000e-06	-4.716469e-06	-2.144457e-09	-3.320807e+01	-1.405239e+02
6.790000e-06	-4.739891e-06	-2.151519e-09	-3.337298e+01	-1.407529e+02
6.800000e-06	-4.762889e-06	-2.157750e-09	-3.353490e+01	-1.409697e+02
6.810000e-06	-4.785367e-06	-2.162624e-09	-3.369317e+01	-1.411748e+02
6.820000e-06	-4.807447e-06	-2.167686e-09	-3.384863e+01	-1.413688e+02
6.830000e-06	-4.829067e-06	-2.171768e-09	-3.400085e+01	-1.415519e+02
6.840000e-06	-4.850100e-06	-2.172952e-09	-3.414894e+01	-1.417247e+02
6.850000e-06	-4.870757e-06	-2.172027e-09	-3.429439e+01	-1.418874e+02
6.860000e-06	-4.891132e-06	-2.172602e-09	-3.443784e+01	-1.420405e+02
6.870000e-06	-4.911239e-06	-2.175559e-09	-3.457942e+01	-1.421844e+02
6.880000e-06	-4.931069e-06	-2.179039e-09	-3.471904e+01	-1.423193e+02
6.890000e-06	-4.950583e-06	-2.182577e-09	-3.485644e+01	-1.424456e+02
6.900000e-06	-4.969739e-06	-2.187060e-09	-3.499131e+01	-1.425636e+02
6.910000e-06	-4.988549e-06	-2.193417e-09	-3.512375e+01	-1.426736e+02
6.920000e-06	-5.007069e-06	-2.199203e-09	-3.525414e+01	-1.427759e+02
6.930000e-06	-5.025264e-06	-2.200997e-09	-3.538226e+01	-1.428708e+02
6.940000e-06	-5.043138e-06	-2.200370e-09	-3.550810e+01	-1.429584e+02
6.950000e-06	-5.060708e-06	-2.200179e-09	-3.563181e+01	-1.430389e+02
6.960000e-06	-5.077978e-06	-2.198566e-09	-3.575340e+01	-1.431127e+02
6.970000e-06	-5.094921e-06	-2.197204e-09	-3.587270e+01	-1.431798e+02
6.980000e-06	-5.111550e-06	-2.198209e-09	-3.598978e+01	-1.432403e+02
6.990000e-06	-5.127934e-06	-2.201804e-09	-3.610514e+01	-1.432946e+02
7.000000e-06	-5.144018e-06	-2.204893e-09	-3.621838e+01	-1.433426e+02
7.010000e-06	-5.159800e-06	-2.205624e-09	-3.632951e+01	-1.433844e+02
7.020000e-06	-5.175228e-06	-2.204388e-09	-3.643813e+01	-1.434201e+02
7.030000e-06	-5.190067e-06	-2.202500e-09	-3.654261e+01	-1.434498e+02
7.040000e-06	-5.204327e-06	-2.200313e-09	-3.664302e+01	-1.434735e+02
7.050000e-06	-5.218067e-06	-2.197334e-09	-3.673975e+01	-1.434913e+02
7.060000e-06	-5.231234e-06	-2.194105e-09	-3.683246e+01	-1.435030e+02
7.070000e-06	-5.243936e-06	-2.193813e-09	-3.692189e+01	-1.435089e+02
7.080000e-06	-5.256237e-06	-2.195790e-09	-3.700851e+01	-1.435087e+02
7.090000e-06	-5.268127e-06	-2.197820e-09	-3.709222e+01	-1.435026e+02
7.100000e-06	-5.279589e-06	-2.199765e-09	-3.717293e+01	-1.434904e+02
7.110000e-06	-5.290705e-06	-2.198558e-09	-3.725119e+01	-1.434722e+02
7.120000e-06	-5.301494e-06	-2.194556e-09	-3.732715e+01	-1.434479e+02
7.130000e-06	-5.311877e-06	-2.190840e-09	-3.740026e+01	-1.434175e+02
7.140000e-06	-5.321923e-06	-2.188551e-09	-3.747099e+01	-1.433810e+02
7.150000e-06	-5.331634e-06	-2.186717e-09	-3.753936e+01	-1.433384e+02
7.160000e-06	-5.340948e-06	-2.184243e-09	-3.760494e+01	-1.432896e+02
7.170000e-06	-5.349938e-06	-2.182367e-09	-3.766824e+01	-1.432347e+02
7.180000e-06	-5.358623e-06	-2.181835e-09	-3.772939e+01	-1.431737e+02
7.190000e-06	-5.366976e-06	-2.182872e-09	-3.778820e+01	-1.431066e+02
7.200000e-06	-5.375049e-06	-2.184256e-09	-3.784505e+01	-1.430336e+02
7.210000e-06	-5.382820e-06	-2.183379e-09	-3.789976e+01	-1.429546e+02
7.220000e-06	-5.390243e-06	-2.181650e-09	-3.795202e+01	-1.428699e+02
7.230000e-06	-5.397322e-06	-2.178831e-09	-3.800187e+01	-1.427796e+02
7.240000e-06	-5.403891e-06	-2.176093e-09	-3.804812e+01	-1.426838e+02
7.250000e-06	-5.409847e-06	-2.175463e-09	-3.809006e+01	-1.425827e+02
7.260000e-06	-5.415200e-06	-2.175166e-09	-3.812775e+01	-1.424766e+02
7.270000e-06	-5.420004e-06	-2.174208e-09	-3.816157e+01	-1.423657e+02
7.280000e-06	-5.424408e-06	-2.172497e-09	-3.819258e+01	-1.422503e+02
7.290000e-06	-5.428516e-06	-2.168708e-09	-3.822150e+01	-1.421307e+02
7.300000e-06	-5.432375e-06	-2.163389e-09	-3.824867e+01	-1.420073e+02
7.310000e-06	-5.435987e-06	-2.159864e-09	-3.827410e+01	-1.418804e+02
7.320000e-06	-5.439262e-06	-2.157639e-09	-3.829716e+01	-1.417504e+02
7.330000e-06	-5.442092e-06	-2.154398e-09	-3.831709e+01	-1.416177e+02
7.340000e-06	-5.444501e-06	-2.151764e-09	-3.833405e+01	-1.414827e+02
7.350000e-06	-5.446577e-06	-2.151482e-09	-3.834866e+01	-1.413460e+02
7.360000e-06	-5.448373e-06	-2.149205e-09	-3.836131e+01	-1.412080e+02
7.370000e-06	-5.449730e-06	-2.143393e-09	-3.837087e+01	-1.410691e+02
7.380000e-06	-5.450617e-06	-2.139155e-09	-3.837711e+01	-1.409298e+02
7.390000e-06	-5.451234e-06	-2.136212e-09	-3.838145e+01	-1.407906e+02
7.400000e-06	-5.451602e-06	-2.135075e-09	-3.838405e+01	-1.406520e+02
