# Temperatura_=_-2.5
# Concentracion g/m^3_=_4090.0
# C_Vs_to_Am_M_A/Vsm_=_65563218390.804596
# pendiente_HvsI_1/m_=_3716.3
# ordenada_HvsI_A/m_=_1297.0
# frecuencia_Hz_=_135069.3121154393

Tiempo_(s)	Campo_(V.s)	Magnetizacion_(V.s)	Campo_(kA/m)	Magnetizacion_(A/m)
0.000000e+00	-5.416361e-06	-1.780416e-09	-3.839279e+01	-1.174680e+02
1.000000e-08	-5.416587e-06	-1.778624e-09	-3.839439e+01	-1.173574e+02
2.000000e-08	-5.416570e-06	-1.779128e-09	-3.839427e+01	-1.172486e+02
3.000000e-08	-5.416266e-06	-1.779790e-09	-3.839211e+01	-1.171419e+02
4.000000e-08	-5.415601e-06	-1.778529e-09	-3.838740e+01	-1.170378e+02
5.000000e-08	-5.414528e-06	-1.777043e-09	-3.837979e+01	-1.169365e+02
6.000000e-08	-5.412900e-06	-1.783510e-09	-3.836825e+01	-1.168385e+02
7.000000e-08	-5.410545e-06	-1.800882e-09	-3.835156e+01	-1.167440e+02
8.000000e-08	-5.407512e-06	-1.770174e-09	-3.833006e+01	-1.166533e+02
9.000000e-08	-5.403926e-06	-1.696147e-09	-3.830464e+01	-1.165664e+02
1.000000e-07	-5.399925e-06	-1.730864e-09	-3.827628e+01	-1.164837e+02
1.100000e-07	-5.395642e-06	-1.859040e-09	-3.824592e+01	-1.164051e+02
1.200000e-07	-5.391074e-06	-1.836441e-09	-3.821354e+01	-1.163306e+02
1.300000e-07	-5.386322e-06	-1.672531e-09	-3.817986e+01	-1.162604e+02
1.400000e-07	-5.381392e-06	-1.696127e-09	-3.814491e+01	-1.161942e+02
1.500000e-07	-5.376004e-06	-1.889833e-09	-3.810672e+01	-1.161320e+02
1.600000e-07	-5.370126e-06	-1.853237e-09	-3.806506e+01	-1.160736e+02
1.700000e-07	-5.363948e-06	-1.631412e-09	-3.802127e+01	-1.160188e+02
1.800000e-07	-5.357471e-06	-1.624100e-09	-3.797535e+01	-1.159673e+02
1.900000e-07	-5.350607e-06	-1.845200e-09	-3.792670e+01	-1.159188e+02
2.000000e-07	-5.343338e-06	-1.825120e-09	-3.787517e+01	-1.158730e+02
2.100000e-07	-5.335721e-06	-1.688058e-09	-3.782119e+01	-1.158293e+02
2.200000e-07	-5.327907e-06	-1.729735e-09	-3.776580e+01	-1.157874e+02
2.300000e-07	-5.319890e-06	-1.865970e-09	-3.770897e+01	-1.157468e+02
2.400000e-07	-5.311433e-06	-1.777963e-09	-3.764902e+01	-1.157071e+02
2.500000e-07	-5.302576e-06	-1.711354e-09	-3.758624e+01	-1.156675e+02
2.600000e-07	-5.293124e-06	-1.826406e-09	-3.751924e+01	-1.156277e+02
2.700000e-07	-5.282943e-06	-1.865684e-09	-3.744708e+01	-1.155871e+02
2.800000e-07	-5.272259e-06	-1.734918e-09	-3.737135e+01	-1.155450e+02
2.900000e-07	-5.261128e-06	-1.749350e-09	-3.729245e+01	-1.155008e+02
3.000000e-07	-5.249592e-06	-1.865121e-09	-3.721068e+01	-1.154541e+02
3.100000e-07	-5.237646e-06	-1.772050e-09	-3.712600e+01	-1.154041e+02
3.200000e-07	-5.225283e-06	-1.671357e-09	-3.703837e+01	-1.153503e+02
3.300000e-07	-5.212558e-06	-1.771030e-09	-3.694817e+01	-1.152922e+02
3.400000e-07	-5.199429e-06	-1.850045e-09	-3.685511e+01	-1.152291e+02
3.500000e-07	-5.185904e-06	-1.749963e-09	-3.675924e+01	-1.151606e+02
3.600000e-07	-5.171965e-06	-1.754231e-09	-3.666044e+01	-1.150861e+02
3.700000e-07	-5.157528e-06	-1.811411e-09	-3.655810e+01	-1.150051e+02
3.800000e-07	-5.142661e-06	-1.766897e-09	-3.645272e+01	-1.149173e+02
3.900000e-07	-5.127373e-06	-1.716321e-09	-3.634435e+01	-1.148222e+02
4.000000e-07	-5.111540e-06	-1.768450e-09	-3.623213e+01	-1.147195e+02
4.100000e-07	-5.095114e-06	-1.749192e-09	-3.611569e+01	-1.146088e+02
4.200000e-07	-5.078291e-06	-1.721270e-09	-3.599645e+01	-1.144898e+02
4.300000e-07	-5.061155e-06	-1.776612e-09	-3.587498e+01	-1.143624e+02
4.400000e-07	-5.043661e-06	-1.806623e-09	-3.575098e+01	-1.142264e+02
4.500000e-07	-5.025826e-06	-1.722713e-09	-3.562456e+01	-1.140816e+02
4.600000e-07	-5.007708e-06	-1.709929e-09	-3.549613e+01	-1.139279e+02
4.700000e-07	-4.989300e-06	-1.743621e-09	-3.536565e+01	-1.137654e+02
4.800000e-07	-4.970513e-06	-1.729419e-09	-3.523248e+01	-1.135940e+02
4.900000e-07	-4.951274e-06	-1.690007e-09	-3.509611e+01	-1.134138e+02
5.000000e-07	-4.931667e-06	-1.708031e-09	-3.495713e+01	-1.132250e+02
5.100000e-07	-4.911809e-06	-1.723493e-09	-3.481637e+01	-1.130277e+02
5.200000e-07	-4.891775e-06	-1.730625e-09	-3.467437e+01	-1.128222e+02
5.300000e-07	-4.871554e-06	-1.716740e-09	-3.453103e+01	-1.126087e+02
5.400000e-07	-4.851046e-06	-1.691277e-09	-3.438566e+01	-1.123874e+02
5.500000e-07	-4.830172e-06	-1.682308e-09	-3.423770e+01	-1.121587e+02
5.600000e-07	-4.808928e-06	-1.703732e-09	-3.408712e+01	-1.119231e+02
5.700000e-07	-4.787316e-06	-1.699394e-09	-3.393393e+01	-1.116808e+02
5.800000e-07	-4.765404e-06	-1.675950e-09	-3.377861e+01	-1.114322e+02
5.900000e-07	-4.743263e-06	-1.672314e-09	-3.362166e+01	-1.111779e+02
6.000000e-07	-4.720858e-06	-1.683622e-09	-3.346285e+01	-1.109183e+02
6.100000e-07	-4.698104e-06	-1.687326e-09	-3.330156e+01	-1.106538e+02
6.200000e-07	-4.674923e-06	-1.666536e-09	-3.313725e+01	-1.103849e+02
6.300000e-07	-4.651423e-06	-1.649030e-09	-3.297068e+01	-1.101121e+02
6.400000e-07	-4.627658e-06	-1.659788e-09	-3.280223e+01	-1.098359e+02
6.500000e-07	-4.603617e-06	-1.685120e-09	-3.263181e+01	-1.095566e+02
6.600000e-07	-4.579357e-06	-1.670540e-09	-3.245985e+01	-1.092749e+02
6.700000e-07	-4.554910e-06	-1.648596e-09	-3.228656e+01	-1.089911e+02
6.800000e-07	-4.530125e-06	-1.648014e-09	-3.211088e+01	-1.087056e+02
6.900000e-07	-4.504912e-06	-1.658801e-09	-3.193216e+01	-1.084189e+02
7.000000e-07	-4.479205e-06	-1.641718e-09	-3.174995e+01	-1.081313e+02
7.100000e-07	-4.452898e-06	-1.624669e-09	-3.156347e+01	-1.078432e+02
7.200000e-07	-4.426018e-06	-1.619492e-09	-3.137294e+01	-1.075549e+02
7.300000e-07	-4.398674e-06	-1.639247e-09	-3.117912e+01	-1.072667e+02
7.400000e-07	-4.371120e-06	-1.642997e-09	-3.098381e+01	-1.069789e+02
7.500000e-07	-4.343389e-06	-1.629398e-09	-3.078724e+01	-1.066916e+02
7.600000e-07	-4.315443e-06	-1.613565e-09	-3.058915e+01	-1.064052e+02
7.700000e-07	-4.287347e-06	-1.621185e-09	-3.039000e+01	-1.061196e+02
7.800000e-07	-4.259029e-06	-1.620804e-09	-3.018927e+01	-1.058351e+02
7.900000e-07	-4.230427e-06	-1.609004e-09	-2.998653e+01	-1.055516e+02
8.000000e-07	-4.201469e-06	-1.595564e-09	-2.978127e+01	-1.052693e+02
8.100000e-07	-4.172134e-06	-1.600881e-09	-2.957333e+01	-1.049881e+02
8.200000e-07	-4.142511e-06	-1.608983e-09	-2.936336e+01	-1.047080e+02
8.300000e-07	-4.112671e-06	-1.606542e-09	-2.915184e+01	-1.044289e+02
8.400000e-07	-4.082627e-06	-1.590281e-09	-2.893888e+01	-1.041507e+02
8.500000e-07	-4.052254e-06	-1.583048e-09	-2.872358e+01	-1.038732e+02
8.600000e-07	-4.021503e-06	-1.587424e-09	-2.850561e+01	-1.035964e+02
8.700000e-07	-3.990478e-06	-1.585851e-09	-2.828570e+01	-1.033199e+02
8.800000e-07	-3.959216e-06	-1.572692e-09	-2.806411e+01	-1.030437e+02
8.900000e-07	-3.927762e-06	-1.563650e-09	-2.784115e+01	-1.027673e+02
9.000000e-07	-3.896090e-06	-1.566831e-09	-2.761665e+01	-1.024907e+02
9.100000e-07	-3.864204e-06	-1.566696e-09	-2.739063e+01	-1.022135e+02
9.200000e-07	-3.832177e-06	-1.558200e-09	-2.716361e+01	-1.019354e+02
9.300000e-07	-3.799972e-06	-1.548893e-09	-2.693534e+01	-1.016561e+02
9.400000e-07	-3.767522e-06	-1.551088e-09	-2.670532e+01	-1.013754e+02
9.500000e-07	-3.734809e-06	-1.553352e-09	-2.647344e+01	-1.010930e+02
9.600000e-07	-3.701740e-06	-1.550000e-09	-2.623904e+01	-1.008085e+02
9.700000e-07	-3.668172e-06	-1.539269e-09	-2.600110e+01	-1.005216e+02
9.800000e-07	-3.634156e-06	-1.533143e-09	-2.575998e+01	-1.002321e+02
9.900000e-07	-3.599693e-06	-1.525207e-09	-2.551570e+01	-9.993967e+01
1.000000e-06	-3.564801e-06	-1.517419e-09	-2.526837e+01	-9.964404e+01
1.010000e-06	-3.529598e-06	-1.507786e-09	-2.501884e+01	-9.934495e+01
1.020000e-06	-3.494190e-06	-1.506272e-09	-2.476786e+01	-9.904214e+01
1.030000e-06	-3.458575e-06	-1.506922e-09	-2.451541e+01	-9.873540e+01
1.040000e-06	-3.422709e-06	-1.507345e-09	-2.426118e+01	-9.842451e+01
1.050000e-06	-3.386714e-06	-1.498954e-09	-2.400604e+01	-9.810926e+01
1.060000e-06	-3.350557e-06	-1.490540e-09	-2.374975e+01	-9.778949e+01
1.070000e-06	-3.314198e-06	-1.481562e-09	-2.349202e+01	-9.746503e+01
1.080000e-06	-3.277761e-06	-1.473001e-09	-2.323375e+01	-9.713575e+01
1.090000e-06	-3.241170e-06	-1.460531e-09	-2.297438e+01	-9.680152e+01
1.100000e-06	-3.204235e-06	-1.452487e-09	-2.271258e+01	-9.646224e+01
1.110000e-06	-3.166981e-06	-1.450011e-09	-2.244851e+01	-9.611784e+01
1.120000e-06	-3.129506e-06	-1.449939e-09	-2.218287e+01	-9.576825e+01
1.130000e-06	-3.091896e-06	-1.442128e-09	-2.191628e+01	-9.541342e+01
1.140000e-06	-3.054132e-06	-1.429981e-09	-2.164860e+01	-9.505331e+01
1.150000e-06	-3.016154e-06	-1.423490e-09	-2.137940e+01	-9.468791e+01
1.160000e-06	-2.977949e-06	-1.422971e-09	-2.110859e+01	-9.431722e+01
1.170000e-06	-2.939514e-06	-1.419748e-09	-2.083615e+01	-9.394123e+01
1.180000e-06	-2.900830e-06	-1.409950e-09	-2.056195e+01	-9.355995e+01
1.190000e-06	-2.861990e-06	-1.400153e-09	-2.028664e+01	-9.317342e+01
1.200000e-06	-2.823003e-06	-1.393656e-09	-2.001029e+01	-9.278165e+01
1.210000e-06	-2.783739e-06	-1.387730e-09	-1.973198e+01	-9.238467e+01
1.220000e-06	-2.744218e-06	-1.379378e-09	-1.945184e+01	-9.198251e+01
1.230000e-06	-2.704547e-06	-1.373867e-09	-1.917064e+01	-9.157520e+01
1.240000e-06	-2.664726e-06	-1.371842e-09	-1.888837e+01	-9.116276e+01
1.250000e-06	-2.624770e-06	-1.374328e-09	-1.860516e+01	-9.074523e+01
1.260000e-06	-2.584814e-06	-1.372994e-09	-1.832193e+01	-9.032260e+01
1.270000e-06	-2.544750e-06	-1.365500e-09	-1.803795e+01	-8.989489e+01
1.280000e-06	-2.504516e-06	-1.354280e-09	-1.775276e+01	-8.946211e+01
1.290000e-06	-2.464164e-06	-1.345885e-09	-1.746673e+01	-8.902423e+01
1.300000e-06	-2.423708e-06	-1.335091e-09	-1.717996e+01	-8.858125e+01
1.310000e-06	-2.383101e-06	-1.322585e-09	-1.689214e+01	-8.813311e+01
1.320000e-06	-2.342222e-06	-1.314045e-09	-1.660237e+01	-8.767979e+01
1.330000e-06	-2.300974e-06	-1.314229e-09	-1.630999e+01	-8.722121e+01
1.340000e-06	-2.259506e-06	-1.316401e-09	-1.601605e+01	-8.675730e+01
1.350000e-06	-2.217934e-06	-1.316483e-09	-1.572138e+01	-8.628798e+01
1.360000e-06	-2.176103e-06	-1.308901e-09	-1.542487e+01	-8.581315e+01
1.370000e-06	-2.133928e-06	-1.297169e-09	-1.512592e+01	-8.533268e+01
1.380000e-06	-2.091439e-06	-1.284908e-09	-1.482474e+01	-8.484645e+01
1.390000e-06	-2.048801e-06	-1.272173e-09	-1.452252e+01	-8.435432e+01
1.400000e-06	-2.005937e-06	-1.258313e-09	-1.421868e+01	-8.385614e+01
1.410000e-06	-1.962781e-06	-1.248969e-09	-1.391278e+01	-8.335173e+01
1.420000e-06	-1.919450e-06	-1.246946e-09	-1.360564e+01	-8.284094e+01
1.430000e-06	-1.875934e-06	-1.247569e-09	-1.329718e+01	-8.232356e+01
1.440000e-06	-1.832336e-06	-1.243674e-09	-1.298814e+01	-8.179941e+01
1.450000e-06	-1.788652e-06	-1.233388e-09	-1.267850e+01	-8.126829e+01
1.460000e-06	-1.744833e-06	-1.220549e-09	-1.236790e+01	-8.072999e+01
1.470000e-06	-1.700930e-06	-1.209452e-09	-1.205670e+01	-8.018430e+01
1.480000e-06	-1.656931e-06	-1.199072e-09	-1.174482e+01	-7.963101e+01
1.490000e-06	-1.612872e-06	-1.188970e-09	-1.143252e+01	-7.906989e+01
1.500000e-06	-1.568758e-06	-1.183679e-09	-1.111982e+01	-7.850072e+01
1.510000e-06	-1.524536e-06	-1.182039e-09	-1.080637e+01	-7.792329e+01
1.520000e-06	-1.480284e-06	-1.177682e-09	-1.049270e+01	-7.733736e+01
1.530000e-06	-1.436023e-06	-1.165560e-09	-1.017896e+01	-7.674273e+01
1.540000e-06	-1.391692e-06	-1.150209e-09	-9.864728e+00	-7.613916e+01
1.550000e-06	-1.347306e-06	-1.137536e-09	-9.550110e+00	-7.552643e+01
1.560000e-06	-1.302799e-06	-1.125553e-09	-9.234631e+00	-7.490433e+01
1.570000e-06	-1.258227e-06	-1.112169e-09	-8.918688e+00	-7.427264e+01
1.580000e-06	-1.213637e-06	-1.102011e-09	-8.602622e+00	-7.363114e+01
1.590000e-06	-1.168865e-06	-1.097365e-09	-8.285261e+00	-7.297962e+01
1.600000e-06	-1.123936e-06	-1.095246e-09	-7.966792e+00	-7.231785e+01
1.610000e-06	-1.078934e-06	-1.086674e-09	-7.647806e+00	-7.164563e+01
1.620000e-06	-1.033899e-06	-1.072686e-09	-7.328585e+00	-7.096274e+01
1.630000e-06	-9.888067e-07	-1.057900e-09	-7.008957e+00	-7.026896e+01
1.640000e-06	-9.435245e-07	-1.044942e-09	-6.687983e+00	-6.956406e+01
1.650000e-06	-8.981466e-07	-1.033250e-09	-6.366331e+00	-6.884781e+01
1.660000e-06	-8.527850e-07	-1.021331e-09	-6.044795e+00	-6.812000e+01
1.670000e-06	-8.073821e-07	-1.011978e-09	-5.722966e+00	-6.738037e+01
1.680000e-06	-7.618649e-07	-1.006585e-09	-5.400326e+00	-6.662868e+01
1.690000e-06	-7.162847e-07	-9.974328e-10	-5.077240e+00	-6.586467e+01
1.700000e-06	-6.706921e-07	-9.825715e-10	-4.754066e+00	-6.508806e+01
1.710000e-06	-6.250444e-07	-9.661872e-10	-4.430502e+00	-6.429859e+01
1.720000e-06	-5.793172e-07	-9.531096e-10	-4.106374e+00	-6.349593e+01
1.730000e-06	-5.335672e-07	-9.416664e-10	-3.782083e+00	-6.267979e+01
1.740000e-06	-4.878265e-07	-9.295355e-10	-3.457860e+00	-6.184982e+01
1.750000e-06	-4.421060e-07	-9.178968e-10	-3.133780e+00	-6.100569e+01
1.760000e-06	-3.964217e-07	-9.073396e-10	-2.809956e+00	-6.014701e+01
1.770000e-06	-3.506631e-07	-8.936064e-10	-2.485605e+00	-5.927339e+01
1.780000e-06	-3.048144e-07	-8.763970e-10	-2.160616e+00	-5.838443e+01
1.790000e-06	-2.588776e-07	-8.604370e-10	-1.835002e+00	-5.747969e+01
1.800000e-06	-2.129343e-07	-8.477789e-10	-1.509342e+00	-5.655871e+01
1.810000e-06	-1.670335e-07	-8.343806e-10	-1.183983e+00	-5.562103e+01
1.820000e-06	-1.211483e-07	-8.173330e-10	-8.587350e-01	-5.466613e+01
1.830000e-06	-7.529287e-08	-7.993950e-10	-5.336984e-01	-5.369350e+01
1.840000e-06	-2.941732e-08	-7.832050e-10	-2.085187e-01	-5.270261e+01
1.850000e-06	1.645391e-08	-7.695848e-10	1.166302e-01	-5.169289e+01
1.860000e-06	6.232961e-08	-7.558196e-10	4.418109e-01	-5.066379e+01
1.870000e-06	1.082159e-07	-7.412069e-10	7.670670e-01	-4.961471e+01
1.880000e-06	1.540913e-07	-7.272874e-10	1.092245e+00	-4.854506e+01
1.890000e-06	1.999448e-07	-7.133988e-10	1.417269e+00	-4.745423e+01
1.900000e-06	2.457803e-07	-6.940262e-10	1.742164e+00	-4.634162e+01
1.910000e-06	2.916064e-07	-6.699467e-10	2.066994e+00	-4.520661e+01
1.920000e-06	3.374720e-07	-6.454969e-10	2.392103e+00	-4.404859e+01
1.930000e-06	3.833324e-07	-6.265392e-10	2.717175e+00	-4.286696e+01
1.940000e-06	4.290966e-07	-6.110309e-10	3.041565e+00	-4.166112e+01
1.950000e-06	4.748041e-07	-5.921632e-10	3.365553e+00	-4.043049e+01
1.960000e-06	5.204550e-07	-5.710126e-10	3.689141e+00	-3.917451e+01
1.970000e-06	5.661013e-07	-5.513400e-10	4.012695e+00	-3.789263e+01
1.980000e-06	6.117487e-07	-5.316991e-10	4.336258e+00	-3.658435e+01
1.990000e-06	6.573309e-07	-5.094838e-10	4.659358e+00	-3.524920e+01
2.000000e-06	7.028720e-07	-4.851817e-10	4.982167e+00	-3.388672e+01
2.010000e-06	7.483426e-07	-4.617282e-10	5.304476e+00	-3.249652e+01
2.020000e-06	7.937511e-07	-4.403371e-10	5.626345e+00	-3.107826e+01
2.030000e-06	8.391639e-07	-4.197043e-10	5.948245e+00	-2.963163e+01
2.040000e-06	8.845650e-07	-3.981575e-10	6.270061e+00	-2.815641e+01
2.050000e-06	9.299190e-07	-3.778447e-10	6.591544e+00	-2.665240e+01
2.060000e-06	9.751329e-07	-3.576869e-10	6.912034e+00	-2.511951e+01
2.070000e-06	1.020182e-06	-3.341807e-10	7.231355e+00	-2.355769e+01
2.080000e-06	1.065127e-06	-3.085839e-10	7.549938e+00	-2.196697e+01
2.090000e-06	1.109989e-06	-2.839377e-10	7.867931e+00	-2.034746e+01
2.100000e-06	1.154886e-06	-2.613949e-10	8.186180e+00	-1.869936e+01
2.110000e-06	1.199724e-06	-2.374316e-10	8.504002e+00	-1.702293e+01
2.120000e-06	1.244378e-06	-2.101619e-10	8.820520e+00	-1.531854e+01
2.130000e-06	1.288892e-06	-1.829541e-10	9.136052e+00	-1.358662e+01
2.140000e-06	1.333295e-06	-1.569615e-10	9.450792e+00	-1.182772e+01
2.150000e-06	1.377629e-06	-1.303144e-10	9.765043e+00	-1.004244e+01
2.160000e-06	1.421884e-06	-1.032702e-10	1.007874e+01	-8.231501e+00
2.170000e-06	1.466121e-06	-7.668731e-11	1.039230e+01	-6.395700e+00
2.180000e-06	1.510310e-06	-5.180106e-11	1.070553e+01	-4.535922e+00
2.190000e-06	1.554449e-06	-2.625063e-11	1.101840e+01	-2.653137e+00
2.200000e-06	1.598533e-06	3.859383e-12	1.133088e+01	-7.484012e-01
2.210000e-06	1.642491e-06	3.533266e-11	1.164247e+01	1.177147e+00
2.220000e-06	1.686387e-06	6.373787e-11	1.195362e+01	3.122290e+00
2.230000e-06	1.730229e-06	9.253962e-11	1.226438e+01	5.085736e+00
2.240000e-06	1.774005e-06	1.249539e-10	1.257468e+01	7.066119e+00
2.250000e-06	1.817771e-06	1.579468e-10	1.288490e+01	9.062006e+00
2.260000e-06	1.861512e-06	1.884583e-10	1.319495e+01	1.107190e+01
2.270000e-06	1.905143e-06	2.193086e-10	1.350423e+01	1.309425e+01
2.280000e-06	1.948625e-06	2.517741e-10	1.381244e+01	1.512745e+01
2.290000e-06	1.991977e-06	2.854219e-10	1.411973e+01	1.716984e+01
2.300000e-06	2.035035e-06	3.179834e-10	1.442494e+01	1.921973e+01
2.310000e-06	2.077761e-06	3.478689e-10	1.472779e+01	2.127539e+01
2.320000e-06	2.120308e-06	3.784561e-10	1.502938e+01	2.333506e+01
2.330000e-06	2.162705e-06	4.122054e-10	1.532990e+01	2.539695e+01
2.340000e-06	2.204862e-06	4.449959e-10	1.562872e+01	2.745928e+01
2.350000e-06	2.246587e-06	4.732981e-10	1.592448e+01	2.952024e+01
2.360000e-06	2.287878e-06	5.007809e-10	1.621716e+01	3.157801e+01
2.370000e-06	2.328937e-06	5.316386e-10	1.650820e+01	3.363081e+01
2.380000e-06	2.369808e-06	5.653295e-10	1.679791e+01	3.567682e+01
2.390000e-06	2.410540e-06	5.966850e-10	1.708663e+01	3.771428e+01
2.400000e-06	2.451099e-06	6.248875e-10	1.737412e+01	3.974144e+01
2.410000e-06	2.491385e-06	6.546906e-10	1.765968e+01	4.175657e+01
2.420000e-06	2.531490e-06	6.883243e-10	1.794396e+01	4.375799e+01
2.430000e-06	2.571513e-06	7.235520e-10	1.822766e+01	4.574405e+01
2.440000e-06	2.611451e-06	7.556659e-10	1.851074e+01	4.771314e+01
2.450000e-06	2.651282e-06	7.852684e-10	1.879308e+01	4.966372e+01
2.460000e-06	2.691029e-06	8.153481e-10	1.907481e+01	5.159430e+01
2.470000e-06	2.730671e-06	8.443232e-10	1.935581e+01	5.350343e+01
2.480000e-06	2.770140e-06	8.722198e-10	1.963558e+01	5.538975e+01
2.490000e-06	2.809429e-06	8.992599e-10	1.991407e+01	5.725194e+01
2.500000e-06	2.848556e-06	9.290561e-10	2.019142e+01	5.908878e+01
2.510000e-06	2.887437e-06	9.631578e-10	2.046701e+01	6.089910e+01
2.520000e-06	2.926095e-06	9.971251e-10	2.074103e+01	6.268181e+01
2.530000e-06	2.964512e-06	1.027788e-09	2.101335e+01	6.443590e+01
2.540000e-06	3.002698e-06	1.051253e-09	2.128402e+01	6.616042e+01
2.550000e-06	3.040728e-06	1.069192e-09	2.155359e+01	6.785452e+01
2.560000e-06	3.078583e-06	1.086462e-09	2.182192e+01	6.951743e+01
2.570000e-06	3.116240e-06	1.107699e-09	2.208884e+01	7.114843e+01
2.580000e-06	3.153626e-06	1.134869e-09	2.235384e+01	7.274691e+01
2.590000e-06	3.190754e-06	1.165317e-09	2.261702e+01	7.431232e+01
2.600000e-06	3.227717e-06	1.196114e-09	2.287903e+01	7.584418e+01
2.610000e-06	3.264535e-06	1.223801e-09	2.314000e+01	7.734212e+01
2.620000e-06	3.301047e-06	1.243974e-09	2.339880e+01	7.880581e+01
2.630000e-06	3.337303e-06	1.257016e-09	2.365580e+01	8.023500e+01
2.640000e-06	3.373460e-06	1.270174e-09	2.391209e+01	8.162952e+01
2.650000e-06	3.409463e-06	1.288059e-09	2.416729e+01	8.298926e+01
2.660000e-06	3.445307e-06	1.309362e-09	2.442136e+01	8.431417e+01
2.670000e-06	3.481025e-06	1.331501e-09	2.467455e+01	8.560429e+01
2.680000e-06	3.516615e-06	1.352395e-09	2.492682e+01	8.685968e+01
2.690000e-06	3.551919e-06	1.371166e-09	2.517706e+01	8.808050e+01
2.700000e-06	3.586820e-06	1.386074e-09	2.542445e+01	8.926693e+01
2.710000e-06	3.621313e-06	1.398551e-09	2.566895e+01	9.041922e+01
2.720000e-06	3.655405e-06	1.411200e-09	2.591060e+01	9.153767e+01
2.730000e-06	3.689018e-06	1.425798e-09	2.614886e+01	9.262262e+01
2.740000e-06	3.722145e-06	1.443637e-09	2.638368e+01	9.367446e+01
2.750000e-06	3.754915e-06	1.461706e-09	2.661596e+01	9.469361e+01
2.760000e-06	3.787367e-06	1.478497e-09	2.684599e+01	9.568054e+01
2.770000e-06	3.819588e-06	1.494213e-09	2.707438e+01	9.663575e+01
2.780000e-06	3.851680e-06	1.506340e-09	2.730186e+01	9.755977e+01
2.790000e-06	3.883613e-06	1.515595e-09	2.752821e+01	9.845315e+01
2.800000e-06	3.915310e-06	1.523507e-09	2.775289e+01	9.931649e+01
2.810000e-06	3.946780e-06	1.530913e-09	2.797596e+01	1.001504e+02
2.820000e-06	3.978093e-06	1.540137e-09	2.819791e+01	1.009555e+02
2.830000e-06	4.009097e-06	1.553934e-09	2.841768e+01	1.017325e+02
2.840000e-06	4.039698e-06	1.570082e-09	2.863459e+01	1.024820e+02
2.850000e-06	4.070081e-06	1.582468e-09	2.884995e+01	1.032047e+02
2.860000e-06	4.100329e-06	1.591882e-09	2.906436e+01	1.039013e+02
2.870000e-06	4.130341e-06	1.598291e-09	2.927709e+01	1.045726e+02
2.880000e-06	4.160081e-06	1.604065e-09	2.948790e+01	1.052192e+02
2.890000e-06	4.189451e-06	1.610473e-09	2.969608e+01	1.058418e+02
2.900000e-06	4.218490e-06	1.617691e-09	2.990192e+01	1.064413e+02
2.910000e-06	4.247322e-06	1.627883e-09	3.010629e+01	1.070182e+02
2.920000e-06	4.275823e-06	1.639216e-09	3.030831e+01	1.075735e+02
2.930000e-06	4.304030e-06	1.647632e-09	3.050825e+01	1.081077e+02
2.940000e-06	4.332064e-06	1.652804e-09	3.070697e+01	1.086217e+02
2.950000e-06	4.359912e-06	1.658391e-09	3.090436e+01	1.091161e+02
2.960000e-06	4.387553e-06	1.666110e-09	3.110029e+01	1.095917e+02
2.970000e-06	4.414999e-06	1.674168e-09	3.129483e+01	1.100493e+02
2.980000e-06	4.442135e-06	1.679830e-09	3.148718e+01	1.104894e+02
2.990000e-06	4.468790e-06	1.683106e-09	3.167612e+01	1.109128e+02
3.000000e-06	4.494870e-06	1.687629e-09	3.186098e+01	1.113202e+02
3.010000e-06	4.520266e-06	1.693133e-09	3.204100e+01	1.117123e+02
3.020000e-06	4.545064e-06	1.700837e-09	3.221677e+01	1.120897e+02
3.030000e-06	4.569565e-06	1.710014e-09	3.239044e+01	1.124530e+02
3.040000e-06	4.593855e-06	1.715954e-09	3.256262e+01	1.128029e+02
3.050000e-06	4.617896e-06	1.719036e-09	3.273302e+01	1.131400e+02
3.060000e-06	4.641691e-06	1.720947e-09	3.290169e+01	1.134648e+02
3.070000e-06	4.665172e-06	1.724569e-09	3.306814e+01	1.137779e+02
3.080000e-06	4.688306e-06	1.730358e-09	3.323211e+01	1.140798e+02
3.090000e-06	4.711067e-06	1.739271e-09	3.339345e+01	1.143711e+02
3.100000e-06	4.733473e-06	1.749084e-09	3.355227e+01	1.146521e+02
3.110000e-06	4.755667e-06	1.754252e-09	3.370959e+01	1.149234e+02
3.120000e-06	4.777598e-06	1.755703e-09	3.386504e+01	1.151854e+02
3.130000e-06	4.799254e-06	1.756083e-09	3.401855e+01	1.154385e+02
3.140000e-06	4.820631e-06	1.756049e-09	3.417007e+01	1.156829e+02
3.150000e-06	4.841561e-06	1.759291e-09	3.431843e+01	1.159191e+02
3.160000e-06	4.862066e-06	1.765234e-09	3.446377e+01	1.161473e+02
3.170000e-06	4.882309e-06	1.772872e-09	3.460727e+01	1.163677e+02
3.180000e-06	4.902361e-06	1.782214e-09	3.474940e+01	1.165807e+02
3.190000e-06	4.922217e-06	1.788630e-09	3.489015e+01	1.167864e+02
3.200000e-06	4.941916e-06	1.788891e-09	3.502977e+01	1.169849e+02
3.210000e-06	4.961307e-06	1.784389e-09	3.516722e+01	1.171765e+02
3.220000e-06	4.980283e-06	1.780031e-09	3.530174e+01	1.173611e+02
3.230000e-06	4.998932e-06	1.782053e-09	3.543393e+01	1.175389e+02
3.240000e-06	5.017169e-06	1.791142e-09	3.556319e+01	1.177098e+02
3.250000e-06	5.034943e-06	1.801229e-09	3.568918e+01	1.178740e+02
3.260000e-06	5.052381e-06	1.810183e-09	3.581279e+01	1.180314e+02
3.270000e-06	5.069495e-06	1.815940e-09	3.593410e+01	1.181819e+02
3.280000e-06	5.086249e-06	1.816123e-09	3.605285e+01	1.183255e+02
3.290000e-06	5.102674e-06	1.812077e-09	3.616928e+01	1.184622e+02
3.300000e-06	5.118779e-06	1.807880e-09	3.628343e+01	1.185917e+02
3.310000e-06	5.134399e-06	1.806303e-09	3.639415e+01	1.187141e+02
3.320000e-06	5.149449e-06	1.809159e-09	3.650084e+01	1.188292e+02
3.330000e-06	5.164113e-06	1.816075e-09	3.660478e+01	1.189368e+02
3.340000e-06	5.178359e-06	1.823839e-09	3.670576e+01	1.190369e+02
3.350000e-06	5.192167e-06	1.827922e-09	3.680363e+01	1.191293e+02
3.360000e-06	5.205679e-06	1.828139e-09	3.689941e+01	1.192138e+02
3.370000e-06	5.218820e-06	1.825767e-09	3.699256e+01	1.192904e+02
3.380000e-06	5.231524e-06	1.820349e-09	3.708261e+01	1.193588e+02
3.390000e-06	5.243820e-06	1.815945e-09	3.716976e+01	1.194191e+02
3.400000e-06	5.255843e-06	1.816284e-09	3.725499e+01	1.194710e+02
3.410000e-06	5.267623e-06	1.819787e-09	3.733848e+01	1.195145e+02
3.420000e-06	5.278860e-06	1.822504e-09	3.741814e+01	1.195495e+02
3.430000e-06	5.289393e-06	1.821229e-09	3.749280e+01	1.195761e+02
3.440000e-06	5.299339e-06	1.817554e-09	3.756330e+01	1.195941e+02
3.450000e-06	5.308750e-06	1.815594e-09	3.763001e+01	1.196036e+02
3.460000e-06	5.317628e-06	1.812771e-09	3.769294e+01	1.196046e+02
3.470000e-06	5.326084e-06	1.810104e-09	3.775288e+01	1.195972e+02
3.480000e-06	5.334257e-06	1.811377e-09	3.781081e+01	1.195815e+02
3.490000e-06	5.342176e-06	1.815488e-09	3.786694e+01	1.195576e+02
3.500000e-06	5.349801e-06	1.817951e-09	3.792099e+01	1.195257e+02
3.510000e-06	5.357072e-06	1.816388e-09	3.797252e+01	1.194859e+02
3.520000e-06	5.364133e-06	1.812881e-09	3.802258e+01	1.194386e+02
3.530000e-06	5.370872e-06	1.810733e-09	3.807035e+01	1.193840e+02
3.540000e-06	5.377067e-06	1.810297e-09	3.811426e+01	1.193223e+02
3.550000e-06	5.382837e-06	1.810261e-09	3.815515e+01	1.192540e+02
3.560000e-06	5.388242e-06	1.810376e-09	3.819347e+01	1.191794e+02
3.570000e-06	5.393293e-06	1.810748e-09	3.822927e+01	1.190989e+02
3.580000e-06	5.398046e-06	1.810550e-09	3.826296e+01	1.190129e+02
3.590000e-06	5.402480e-06	1.808903e-09	3.829439e+01	1.189219e+02
3.600000e-06	5.406593e-06	1.806689e-09	3.832355e+01	1.188263e+02
3.610000e-06	5.410480e-06	1.805483e-09	3.835110e+01	1.187268e+02
3.620000e-06	5.414107e-06	1.806195e-09	3.837681e+01	1.186236e+02
3.630000e-06	5.417431e-06	1.806058e-09	3.840037e+01	1.185175e+02
3.640000e-06	5.420332e-06	1.806423e-09	3.842093e+01	1.184089e+02
3.650000e-06	5.422593e-06	1.810923e-09	3.843696e+01	1.182983e+02
3.660000e-06	5.424148e-06	1.815751e-09	3.844798e+01	1.181864e+02
3.670000e-06	5.425078e-06	1.817740e-09	3.845457e+01	1.180736e+02
3.680000e-06	5.425600e-06	1.817192e-09	3.845827e+01	1.179605e+02
3.690000e-06	5.425843e-06	1.813213e-09	3.846000e+01	1.178476e+02
3.700000e-06	5.425811e-06	1.807940e-09	3.845977e+01	1.177354e+02
3.710000e-06	5.425558e-06	1.806493e-09	3.845798e+01	1.176244e+02
3.720000e-06	5.425013e-06	1.809986e-09	3.845411e+01	1.175150e+02
3.730000e-06	5.424111e-06	1.814823e-09	3.844772e+01	1.174078e+02
3.740000e-06	5.422846e-06	1.816645e-09	3.843875e+01	1.173030e+02
3.750000e-06	5.421201e-06	1.812422e-09	3.842709e+01	1.172010e+02
3.760000e-06	5.419195e-06	1.784604e-09	3.841287e+01	1.171023e+02
3.770000e-06	5.416834e-06	1.761910e-09	3.839614e+01	1.170070e+02
3.780000e-06	5.414100e-06	1.828235e-09	3.837676e+01	1.169154e+02
3.790000e-06	5.410975e-06	1.874314e-09	3.835460e+01	1.168277e+02
3.800000e-06	5.407407e-06	1.737822e-09	3.832932e+01	1.167440e+02
3.810000e-06	5.403455e-06	1.660672e-09	3.830130e+01	1.166645e+02
3.820000e-06	5.399244e-06	1.778878e-09	3.827146e+01	1.165892e+02
3.830000e-06	5.394819e-06	1.871270e-09	3.824009e+01	1.165180e+02
3.840000e-06	5.390120e-06	1.702300e-09	3.820678e+01	1.164510e+02
3.850000e-06	5.384879e-06	1.579414e-09	3.816963e+01	1.163879e+02
3.860000e-06	5.378887e-06	1.785822e-09	3.812716e+01	1.163287e+02
3.870000e-06	5.372324e-06	1.937562e-09	3.808064e+01	1.162732e+02
3.880000e-06	5.365440e-06	1.715146e-09	3.803185e+01	1.162209e+02
3.890000e-06	5.358282e-06	1.546100e-09	3.798111e+01	1.161717e+02
3.900000e-06	5.350688e-06	1.779750e-09	3.792727e+01	1.161253e+02
3.910000e-06	5.342639e-06	1.875902e-09	3.787022e+01	1.160811e+02
3.920000e-06	5.334383e-06	1.629741e-09	3.781170e+01	1.160387e+02
3.930000e-06	5.325843e-06	1.558862e-09	3.775116e+01	1.159977e+02
3.940000e-06	5.316866e-06	1.861071e-09	3.768754e+01	1.159577e+02
3.950000e-06	5.307489e-06	1.862731e-09	3.762107e+01	1.159180e+02
3.960000e-06	5.297750e-06	1.595925e-09	3.755203e+01	1.158780e+02
3.970000e-06	5.287597e-06	1.641969e-09	3.748007e+01	1.158374e+02
3.980000e-06	5.277091e-06	1.911554e-09	3.740560e+01	1.157953e+02
3.990000e-06	5.266348e-06	1.807275e-09	3.732945e+01	1.157514e+02
4.000000e-06	5.255253e-06	1.625970e-09	3.725080e+01	1.157049e+02
4.010000e-06	5.243659e-06	1.813493e-09	3.716862e+01	1.156553e+02
4.020000e-06	5.231595e-06	1.941640e-09	3.708311e+01	1.156020e+02
4.030000e-06	5.219150e-06	1.717779e-09	3.699489e+01	1.155444e+02
4.040000e-06	5.206251e-06	1.639699e-09	3.690346e+01	1.154820e+02
4.050000e-06	5.192847e-06	1.825260e-09	3.680845e+01	1.154142e+02
4.060000e-06	5.178956e-06	1.791655e-09	3.670999e+01	1.153405e+02
4.070000e-06	5.164489e-06	1.647571e-09	3.660744e+01	1.152605e+02
4.080000e-06	5.149449e-06	1.746600e-09	3.650083e+01	1.151736e+02
4.090000e-06	5.134002e-06	1.831910e-09	3.639134e+01	1.150796e+02
4.100000e-06	5.118214e-06	1.722542e-09	3.627943e+01	1.149779e+02
4.110000e-06	5.102130e-06	1.719110e-09	3.616542e+01	1.148684e+02
4.120000e-06	5.085788e-06	1.769902e-09	3.604959e+01	1.147506e+02
4.130000e-06	5.069093e-06	1.691900e-09	3.593125e+01	1.146245e+02
4.140000e-06	5.052041e-06	1.646946e-09	3.581038e+01	1.144897e+02
4.150000e-06	5.034672e-06	1.753081e-09	3.568726e+01	1.143461e+02
4.160000e-06	5.016902e-06	1.746222e-09	3.556130e+01	1.141937e+02
4.170000e-06	4.998824e-06	1.687592e-09	3.543316e+01	1.140325e+02
4.180000e-06	4.980525e-06	1.723756e-09	3.530345e+01	1.138623e+02
4.190000e-06	4.961842e-06	1.765493e-09	3.517102e+01	1.136834e+02
4.200000e-06	4.942724e-06	1.703940e-09	3.503551e+01	1.134959e+02
4.210000e-06	4.923263e-06	1.671251e-09	3.489756e+01	1.132998e+02
4.220000e-06	4.903520e-06	1.672922e-09	3.475761e+01	1.130954e+02
4.230000e-06	4.883602e-06	1.690625e-09	3.461643e+01	1.128830e+02
4.240000e-06	4.863530e-06	1.700625e-09	3.447416e+01	1.126628e+02
4.250000e-06	4.843176e-06	1.696211e-09	3.432988e+01	1.124351e+02
4.260000e-06	4.822423e-06	1.684781e-09	3.418278e+01	1.122004e+02
4.270000e-06	4.801221e-06	1.702766e-09	3.403249e+01	1.119590e+02
4.280000e-06	4.779443e-06	1.697641e-09	3.387812e+01	1.117113e+02
4.290000e-06	4.757055e-06	1.671217e-09	3.371943e+01	1.114577e+02
4.300000e-06	4.734098e-06	1.657616e-09	3.355670e+01	1.111987e+02
4.310000e-06	4.710670e-06	1.655576e-09	3.339063e+01	1.109348e+02
4.320000e-06	4.686961e-06	1.660194e-09	3.322258e+01	1.106664e+02
4.330000e-06	4.663042e-06	1.669379e-09	3.305303e+01	1.103940e+02
4.340000e-06	4.638924e-06	1.646113e-09	3.288208e+01	1.101181e+02
4.350000e-06	4.614609e-06	1.622976e-09	3.270973e+01	1.098391e+02
4.360000e-06	4.590049e-06	1.643797e-09	3.253564e+01	1.095576e+02
4.370000e-06	4.565156e-06	1.647202e-09	3.235919e+01	1.092739e+02
4.380000e-06	4.539892e-06	1.615381e-09	3.218011e+01	1.089884e+02
4.390000e-06	4.514254e-06	1.607086e-09	3.199838e+01	1.087017e+02
4.400000e-06	4.488248e-06	1.629801e-09	3.181405e+01	1.084140e+02
4.410000e-06	4.461976e-06	1.628540e-09	3.162782e+01	1.081258e+02
4.420000e-06	4.435464e-06	1.611988e-09	3.143989e+01	1.078373e+02
4.430000e-06	4.408596e-06	1.594923e-09	3.124944e+01	1.075489e+02
4.440000e-06	4.381424e-06	1.597470e-09	3.105684e+01	1.072608e+02
4.450000e-06	4.354077e-06	1.604301e-09	3.086300e+01	1.069732e+02
4.460000e-06	4.326439e-06	1.597908e-09	3.066709e+01	1.066864e+02
4.470000e-06	4.298530e-06	1.581538e-09	3.046927e+01	1.064005e+02
4.480000e-06	4.270473e-06	1.589117e-09	3.027039e+01	1.061156e+02
4.490000e-06	4.242197e-06	1.598529e-09	3.006996e+01	1.058318e+02
4.500000e-06	4.213621e-06	1.600282e-09	2.986741e+01	1.055491e+02
4.510000e-06	4.184619e-06	1.590695e-09	2.966183e+01	1.052675e+02
4.520000e-06	4.155272e-06	1.585534e-09	2.945381e+01	1.049870e+02
4.530000e-06	4.125531e-06	1.582046e-09	2.924300e+01	1.047075e+02
4.540000e-06	4.095208e-06	1.582572e-09	2.902806e+01	1.044290e+02
4.550000e-06	4.064358e-06	1.572913e-09	2.880939e+01	1.041512e+02
4.560000e-06	4.033076e-06	1.561537e-09	2.858765e+01	1.038741e+02
4.570000e-06	4.001473e-06	1.556409e-09	2.836364e+01	1.035973e+02
4.580000e-06	3.969684e-06	1.558791e-09	2.813831e+01	1.033209e+02
4.590000e-06	3.937770e-06	1.554310e-09	2.791209e+01	1.030444e+02
4.600000e-06	3.905723e-06	1.546762e-09	2.768493e+01	1.027676e+02
4.610000e-06	3.873454e-06	1.545539e-09	2.745620e+01	1.024903e+02
4.620000e-06	3.840901e-06	1.548458e-09	2.722545e+01	1.022122e+02
4.630000e-06	3.808062e-06	1.539968e-09	2.699268e+01	1.019329e+02
4.640000e-06	3.774937e-06	1.522186e-09	2.675788e+01	1.016523e+02
4.650000e-06	3.741605e-06	1.513789e-09	2.652161e+01	1.013699e+02
4.660000e-06	3.708007e-06	1.514787e-09	2.628346e+01	1.010856e+02
4.670000e-06	3.674063e-06	1.513289e-09	2.604286e+01	1.007989e+02
4.680000e-06	3.639870e-06	1.505596e-09	2.580048e+01	1.005097e+02
4.690000e-06	3.605472e-06	1.503469e-09	2.555666e+01	1.002176e+02
4.700000e-06	3.570860e-06	1.506014e-09	2.531132e+01	9.992230e+01
4.710000e-06	3.536031e-06	1.503731e-09	2.506445e+01	9.962360e+01
4.720000e-06	3.501021e-06	1.489329e-09	2.481628e+01	9.932123e+01
4.730000e-06	3.465737e-06	1.477899e-09	2.456618e+01	9.901496e+01
4.740000e-06	3.430169e-06	1.472629e-09	2.431406e+01	9.870457e+01
4.750000e-06	3.394472e-06	1.470310e-09	2.406103e+01	9.838986e+01
4.760000e-06	3.358640e-06	1.464275e-09	2.380705e+01	9.807065e+01
4.770000e-06	3.322667e-06	1.459927e-09	2.355206e+01	9.774678e+01
4.780000e-06	3.286553e-06	1.457801e-09	2.329607e+01	9.741811e+01
4.790000e-06	3.250259e-06	1.457035e-09	2.303881e+01	9.708451e+01
4.800000e-06	3.213609e-06	1.446470e-09	2.277902e+01	9.674588e+01
4.810000e-06	3.176650e-06	1.434187e-09	2.251705e+01	9.640214e+01
4.820000e-06	3.139394e-06	1.427663e-09	2.225296e+01	9.605322e+01
4.830000e-06	3.101708e-06	1.427741e-09	2.198583e+01	9.569906e+01
4.840000e-06	3.063668e-06	1.424431e-09	2.171619e+01	9.533963e+01
4.850000e-06	3.025236e-06	1.417833e-09	2.144378e+01	9.497492e+01
4.860000e-06	2.986484e-06	1.412319e-09	2.116909e+01	9.460490e+01
4.870000e-06	2.947507e-06	1.409989e-09	2.089281e+01	9.422959e+01
4.880000e-06	2.908231e-06	1.403330e-09	2.061441e+01	9.384900e+01
4.890000e-06	2.868687e-06	1.391368e-09	2.033411e+01	9.346314e+01
4.900000e-06	2.828991e-06	1.380814e-09	2.005274e+01	9.307204e+01
4.910000e-06	2.789176e-06	1.377883e-09	1.977051e+01	9.267573e+01
4.920000e-06	2.749174e-06	1.378313e-09	1.948697e+01	9.227423e+01
4.930000e-06	2.709067e-06	1.375647e-09	1.920268e+01	9.186757e+01
4.940000e-06	2.668901e-06	1.370335e-09	1.891797e+01	9.145579e+01
4.950000e-06	2.628647e-06	1.365059e-09	1.863264e+01	9.103890e+01
4.960000e-06	2.588271e-06	1.360046e-09	1.834644e+01	9.061692e+01
4.970000e-06	2.547622e-06	1.352216e-09	1.805830e+01	9.018986e+01
4.980000e-06	2.506737e-06	1.346481e-09	1.776850e+01	8.975772e+01
4.990000e-06	2.465764e-06	1.344637e-09	1.747807e+01	8.932049e+01
5.000000e-06	2.424677e-06	1.343262e-09	1.718684e+01	8.887816e+01
5.010000e-06	2.383378e-06	1.338281e-09	1.689409e+01	8.843069e+01
5.020000e-06	2.341817e-06	1.330484e-09	1.659950e+01	8.797803e+01
5.030000e-06	2.300092e-06	1.320039e-09	1.630374e+01	8.752013e+01
5.040000e-06	2.258325e-06	1.310027e-09	1.600768e+01	8.705692e+01
5.050000e-06	2.216483e-06	1.300523e-09	1.571110e+01	8.658830e+01
5.060000e-06	2.174474e-06	1.294170e-09	1.541332e+01	8.611419e+01
5.070000e-06	2.132180e-06	1.290420e-09	1.511353e+01	8.563447e+01
5.080000e-06	2.089703e-06	1.287125e-09	1.481244e+01	8.514901e+01
5.090000e-06	2.047117e-06	1.278750e-09	1.451058e+01	8.465767e+01
5.100000e-06	2.004326e-06	1.269272e-09	1.420726e+01	8.416031e+01
5.110000e-06	1.961389e-06	1.260876e-09	1.390291e+01	8.365675e+01
5.120000e-06	1.918355e-06	1.253019e-09	1.359787e+01	8.314683e+01
5.130000e-06	1.875206e-06	1.245885e-09	1.329202e+01	8.263037e+01
5.140000e-06	1.831907e-06	1.242115e-09	1.298511e+01	8.210716e+01
5.150000e-06	1.788440e-06	1.238731e-09	1.267700e+01	8.157702e+01
5.160000e-06	1.744885e-06	1.231757e-09	1.236827e+01	8.103973e+01
5.170000e-06	1.701293e-06	1.220872e-09	1.205927e+01	8.049508e+01
5.180000e-06	1.657612e-06	1.208592e-09	1.174965e+01	7.994287e+01
5.190000e-06	1.613819e-06	1.195997e-09	1.143923e+01	7.938287e+01
5.200000e-06	1.569982e-06	1.184685e-09	1.112850e+01	7.881486e+01
5.210000e-06	1.526105e-06	1.175992e-09	1.081749e+01	7.823861e+01
5.220000e-06	1.482196e-06	1.170662e-09	1.050625e+01	7.765392e+01
5.230000e-06	1.438241e-06	1.166538e-09	1.019468e+01	7.706055e+01
5.240000e-06	1.394177e-06	1.159389e-09	9.882340e+00	7.645828e+01
5.250000e-06	1.350047e-06	1.149040e-09	9.569534e+00	7.584690e+01
5.260000e-06	1.305881e-06	1.139560e-09	9.256473e+00	7.522618e+01
5.270000e-06	1.261668e-06	1.130836e-09	8.943082e+00	7.459590e+01
5.280000e-06	1.217391e-06	1.115705e-09	8.629230e+00	7.395585e+01
5.290000e-06	1.173064e-06	1.097535e-09	8.315025e+00	7.330581e+01
5.300000e-06	1.128647e-06	1.085704e-09	8.000186e+00	7.264556e+01
5.310000e-06	1.084217e-06	1.080142e-09	7.685251e+00	7.197490e+01
5.320000e-06	1.039751e-06	1.074767e-09	7.370067e+00	7.129360e+01
5.330000e-06	9.950514e-07	1.068544e-09	7.053222e+00	7.060145e+01
5.340000e-06	9.502853e-07	1.062429e-09	6.735906e+00	6.989821e+01
5.350000e-06	9.055277e-07	1.054182e-09	6.418651e+00	6.918368e+01
5.360000e-06	8.606829e-07	1.038165e-09	6.100777e+00	6.845761e+01
5.370000e-06	8.157450e-07	1.018297e-09	5.782244e+00	6.771977e+01
5.380000e-06	7.707948e-07	1.002042e-09	5.463624e+00	6.696990e+01
5.390000e-06	7.258072e-07	9.910753e-10	5.144738e+00	6.620776e+01
5.400000e-06	6.806688e-07	9.829495e-10	4.824784e+00	6.543307e+01
5.410000e-06	6.354688e-07	9.768496e-10	4.504393e+00	6.464556e+01
5.420000e-06	5.902280e-07	9.688807e-10	4.183712e+00	6.384492e+01
5.430000e-06	5.449548e-07	9.566526e-10	3.862803e+00	6.303085e+01
5.440000e-06	4.996478e-07	9.415057e-10	3.541653e+00	6.220301e+01
5.450000e-06	4.543064e-07	9.255952e-10	3.220259e+00	6.136106e+01
5.460000e-06	4.089982e-07	9.082400e-10	2.899102e+00	6.050463e+01
5.470000e-06	3.637167e-07	8.918742e-10	2.578133e+00	5.963333e+01
5.480000e-06	3.183107e-07	8.789443e-10	2.256282e+00	5.874676e+01
5.490000e-06	2.727870e-07	8.688452e-10	1.933596e+00	5.784448e+01
5.500000e-06	2.272984e-07	8.580077e-10	1.611159e+00	5.692604e+01
5.510000e-06	1.818240e-07	8.440469e-10	1.288823e+00	5.599097e+01
5.520000e-06	1.362505e-07	8.280309e-10	9.657840e-01	5.503877e+01
5.530000e-06	9.068611e-08	8.114726e-10	6.428103e-01	5.406893e+01
5.540000e-06	4.517034e-08	7.953177e-10	3.201809e-01	5.308092e+01
5.550000e-06	-3.962193e-10	7.801478e-10	-2.808521e-03	5.207419e+01
5.560000e-06	-4.591734e-08	7.652494e-10	-3.254758e-01	5.104815e+01
5.570000e-06	-9.137561e-08	7.486041e-10	-6.476976e-01	5.000224e+01
5.580000e-06	-1.368249e-07	7.322798e-10	-9.698555e-01	4.893586e+01
5.590000e-06	-1.822962e-07	7.181018e-10	-1.292170e+00	4.784841e+01
5.600000e-06	-2.277654e-07	7.027290e-10	-1.614469e+00	4.673927e+01
5.610000e-06	-2.732486e-07	6.826919e-10	-1.936868e+00	4.560783e+01
5.620000e-06	-3.187577e-07	6.635561e-10	-2.259450e+00	4.445349e+01
5.630000e-06	-3.642323e-07	6.460216e-10	-2.581787e+00	4.327563e+01
5.640000e-06	-4.096838e-07	6.280953e-10	-2.903961e+00	4.207367e+01
5.650000e-06	-4.551042e-07	6.101202e-10	-3.225914e+00	4.084701e+01
5.660000e-06	-5.004354e-07	5.927157e-10	-3.547236e+00	3.959509e+01
5.670000e-06	-5.456272e-07	5.781124e-10	-3.867569e+00	3.831736e+01
5.680000e-06	-5.907721e-07	5.630432e-10	-4.187569e+00	3.701332e+01
5.690000e-06	-6.360234e-07	5.434387e-10	-4.508324e+00	3.568247e+01
5.700000e-06	-6.811442e-07	5.168099e-10	-4.828153e+00	3.432437e+01
5.710000e-06	-7.260293e-07	4.887141e-10	-5.146312e+00	3.293862e+01
5.720000e-06	-7.708256e-07	4.657702e-10	-5.463842e+00	3.152486e+01
5.730000e-06	-8.156247e-07	4.477909e-10	-5.781392e+00	3.008278e+01
5.740000e-06	-8.604415e-07	4.328400e-10	-6.099066e+00	2.861213e+01
5.750000e-06	-9.051960e-07	4.180439e-10	-6.416300e+00	2.711273e+01
5.760000e-06	-9.499054e-07	4.018542e-10	-6.733214e+00	2.558446e+01
5.770000e-06	-9.945677e-07	3.797443e-10	-7.049793e+00	2.402726e+01
5.780000e-06	-1.039036e-06	3.490624e-10	-7.364997e+00	2.244115e+01
5.790000e-06	-1.083293e-06	3.141617e-10	-7.678703e+00	2.082623e+01
5.800000e-06	-1.127546e-06	2.806196e-10	-7.992385e+00	1.918267e+01
5.810000e-06	-1.171864e-06	2.527077e-10	-8.306525e+00	1.751074e+01
5.820000e-06	-1.216169e-06	2.334280e-10	-8.620572e+00	1.581078e+01
5.830000e-06	-1.260389e-06	2.190023e-10	-8.934010e+00	1.408322e+01
5.840000e-06	-1.304498e-06	2.034734e-10	-9.246668e+00	1.232857e+01
5.850000e-06	-1.348541e-06	1.839257e-10	-9.558860e+00	1.054744e+01
5.860000e-06	-1.392555e-06	1.561038e-10	-9.870849e+00	8.740522e+00
5.870000e-06	-1.436531e-06	1.186472e-10	-1.018256e+01	6.908605e+00
5.880000e-06	-1.480460e-06	7.819971e-11	-1.049394e+01	5.052557e+00
5.890000e-06	-1.524342e-06	4.167145e-11	-1.080499e+01	3.173334e+00
5.900000e-06	-1.568155e-06	1.398343e-11	-1.111555e+01	1.271979e+00
5.910000e-06	-1.611894e-06	-7.633516e-12	-1.142559e+01	-6.503833e-01
5.920000e-06	-1.655554e-06	-2.840348e-11	-1.173506e+01	-2.592549e+00
5.930000e-06	-1.699113e-06	-4.913424e-11	-1.204382e+01	-4.553239e+00
5.940000e-06	-1.742594e-06	-7.378884e-11	-1.235203e+01	-6.531097e+00
5.950000e-06	-1.786022e-06	-1.086466e-10	-1.265985e+01	-8.524704e+00
5.960000e-06	-1.829324e-06	-1.491767e-10	-1.296680e+01	-1.053257e+01
5.970000e-06	-1.872428e-06	-1.874618e-10	-1.327233e+01	-1.255316e+01
5.980000e-06	-1.915357e-06	-2.214082e-10	-1.357663e+01	-1.458486e+01
5.990000e-06	-1.958162e-06	-2.521535e-10	-1.388004e+01	-1.662604e+01
6.000000e-06	-2.000840e-06	-2.815814e-10	-1.418255e+01	-1.867500e+01
6.010000e-06	-2.043318e-06	-3.112884e-10	-1.448365e+01	-2.073002e+01
6.020000e-06	-2.085656e-06	-3.428045e-10	-1.478375e+01	-2.278934e+01
6.030000e-06	-2.127907e-06	-3.740658e-10	-1.508324e+01	-2.485119e+01
6.040000e-06	-2.170000e-06	-4.067148e-10	-1.538161e+01	-2.691377e+01
6.050000e-06	-2.211951e-06	-4.428489e-10	-1.567897e+01	-2.897529e+01
6.060000e-06	-2.253801e-06	-4.788971e-10	-1.597562e+01	-3.103392e+01
6.070000e-06	-2.295520e-06	-5.117110e-10	-1.627133e+01	-3.308787e+01
6.080000e-06	-2.337120e-06	-5.424743e-10	-1.656620e+01	-3.513533e+01
6.090000e-06	-2.378501e-06	-5.709203e-10	-1.685953e+01	-3.717455e+01
6.100000e-06	-2.419620e-06	-5.992909e-10	-1.715099e+01	-3.920374e+01
6.110000e-06	-2.460643e-06	-6.312027e-10	-1.744177e+01	-4.122120e+01
6.120000e-06	-2.501484e-06	-6.657837e-10	-1.773126e+01	-4.322522e+01
6.130000e-06	-2.542034e-06	-6.989558e-10	-1.801870e+01	-4.521415e+01
6.140000e-06	-2.582398e-06	-7.295861e-10	-1.830481e+01	-4.718638e+01
6.150000e-06	-2.622567e-06	-7.593113e-10	-1.858954e+01	-4.914035e+01
6.160000e-06	-2.662623e-06	-7.896680e-10	-1.887347e+01	-5.107456e+01
6.170000e-06	-2.702652e-06	-8.207639e-10	-1.915720e+01	-5.298757e+01
6.180000e-06	-2.742568e-06	-8.499699e-10	-1.944014e+01	-5.487798e+01
6.190000e-06	-2.782337e-06	-8.778581e-10	-1.972204e+01	-5.674448e+01
6.200000e-06	-2.821983e-06	-9.058557e-10	-2.000306e+01	-5.858583e+01
6.210000e-06	-2.861537e-06	-9.321269e-10	-2.028343e+01	-6.040085e+01
6.220000e-06	-2.900971e-06	-9.552581e-10	-2.056295e+01	-6.218844e+01
6.230000e-06	-2.940198e-06	-9.759925e-10	-2.084100e+01	-6.394756e+01
6.240000e-06	-2.979168e-06	-9.988385e-10	-2.111723e+01	-6.567727e+01
6.250000e-06	-3.017817e-06	-1.027609e-09	-2.139119e+01	-6.737671e+01
6.260000e-06	-3.056023e-06	-1.059370e-09	-2.166201e+01	-6.904506e+01
6.270000e-06	-3.093713e-06	-1.088281e-09	-2.192916e+01	-7.068163e+01
6.280000e-06	-3.130931e-06	-1.112104e-09	-2.219297e+01	-7.228577e+01
6.290000e-06	-3.167787e-06	-1.133525e-09	-2.245422e+01	-7.385692e+01
6.300000e-06	-3.204369e-06	-1.154974e-09	-2.271353e+01	-7.539461e+01
6.310000e-06	-3.240732e-06	-1.175123e-09	-2.297128e+01	-7.689843e+01
6.320000e-06	-3.276857e-06	-1.192470e-09	-2.322734e+01	-7.836804e+01
6.330000e-06	-3.312868e-06	-1.211294e-09	-2.348260e+01	-7.980320e+01
6.340000e-06	-3.348840e-06	-1.236570e-09	-2.373758e+01	-8.120371e+01
6.350000e-06	-3.384715e-06	-1.265009e-09	-2.399187e+01	-8.256945e+01
6.360000e-06	-3.420479e-06	-1.287815e-09	-2.424538e+01	-8.390037e+01
6.370000e-06	-3.456016e-06	-1.302537e-09	-2.449727e+01	-8.519648e+01
6.380000e-06	-3.491299e-06	-1.313182e-09	-2.474737e+01	-8.645785e+01
6.390000e-06	-3.526371e-06	-1.326060e-09	-2.499597e+01	-8.768462e+01
6.400000e-06	-3.561119e-06	-1.343611e-09	-2.524228e+01	-8.887696e+01
6.410000e-06	-3.595532e-06	-1.361540e-09	-2.548620e+01	-9.003513e+01
6.420000e-06	-3.629617e-06	-1.378859e-09	-2.572781e+01	-9.115940e+01
6.430000e-06	-3.663455e-06	-1.398497e-09	-2.596766e+01	-9.225011e+01
6.440000e-06	-3.697158e-06	-1.416504e-09	-2.620656e+01	-9.330764e+01
6.450000e-06	-3.730659e-06	-1.429660e-09	-2.644403e+01	-9.433241e+01
6.460000e-06	-3.763865e-06	-1.442687e-09	-2.667940e+01	-9.532487e+01
6.470000e-06	-3.796840e-06	-1.457664e-09	-2.691314e+01	-9.628553e+01
6.480000e-06	-3.829596e-06	-1.471953e-09	-2.714532e+01	-9.721491e+01
6.490000e-06	-3.862065e-06	-1.484975e-09	-2.737547e+01	-9.811356e+01
6.500000e-06	-3.894279e-06	-1.499016e-09	-2.760382e+01	-9.898207e+01
6.510000e-06	-3.926290e-06	-1.515268e-09	-2.783072e+01	-9.982105e+01
6.520000e-06	-3.958151e-06	-1.530948e-09	-2.805656e+01	-1.006311e+02
6.530000e-06	-3.989789e-06	-1.543314e-09	-2.828082e+01	-1.014129e+02
6.540000e-06	-4.021184e-06	-1.554565e-09	-2.850335e+01	-1.021672e+02
6.550000e-06	-4.052220e-06	-1.565592e-09	-2.872335e+01	-1.028945e+02
6.560000e-06	-4.082784e-06	-1.574989e-09	-2.893999e+01	-1.035956e+02
6.570000e-06	-4.112842e-06	-1.584438e-09	-2.915305e+01	-1.042712e+02
6.580000e-06	-4.142403e-06	-1.596280e-09	-2.936259e+01	-1.049221e+02
6.590000e-06	-4.171544e-06	-1.608697e-09	-2.956915e+01	-1.055489e+02
6.600000e-06	-4.200284e-06	-1.617979e-09	-2.977287e+01	-1.061524e+02
6.610000e-06	-4.228663e-06	-1.625907e-09	-2.997403e+01	-1.067332e+02
6.620000e-06	-4.256787e-06	-1.634178e-09	-3.017338e+01	-1.072922e+02
6.630000e-06	-4.284737e-06	-1.641940e-09	-3.037150e+01	-1.078301e+02
6.640000e-06	-4.312469e-06	-1.648962e-09	-3.056807e+01	-1.083476e+02
6.650000e-06	-4.339971e-06	-1.655303e-09	-3.076301e+01	-1.088455e+02
6.660000e-06	-4.367230e-06	-1.661607e-09	-3.095623e+01	-1.093244e+02
6.670000e-06	-4.394214e-06	-1.668641e-09	-3.114750e+01	-1.097851e+02
6.680000e-06	-4.420820e-06	-1.676347e-09	-3.133609e+01	-1.102282e+02
6.690000e-06	-4.447069e-06	-1.684147e-09	-3.152216e+01	-1.106546e+02
6.700000e-06	-4.473050e-06	-1.691550e-09	-3.170631e+01	-1.110648e+02
6.710000e-06	-4.498719e-06	-1.699102e-09	-3.188826e+01	-1.114596e+02
6.720000e-06	-4.524075e-06	-1.705644e-09	-3.206800e+01	-1.118396e+02
6.730000e-06	-4.549065e-06	-1.710079e-09	-3.224513e+01	-1.122054e+02
6.740000e-06	-4.573730e-06	-1.713190e-09	-3.241996e+01	-1.125577e+02
6.750000e-06	-4.598147e-06	-1.716574e-09	-3.259304e+01	-1.128971e+02
6.760000e-06	-4.622278e-06	-1.723237e-09	-3.276409e+01	-1.132241e+02
6.770000e-06	-4.646189e-06	-1.731552e-09	-3.293358e+01	-1.135393e+02
6.780000e-06	-4.669959e-06	-1.738991e-09	-3.310207e+01	-1.138433e+02
6.790000e-06	-4.693559e-06	-1.746024e-09	-3.326935e+01	-1.141365e+02
6.800000e-06	-4.716762e-06	-1.751356e-09	-3.343382e+01	-1.144194e+02
6.810000e-06	-4.739432e-06	-1.752959e-09	-3.359451e+01	-1.146925e+02
6.820000e-06	-4.761644e-06	-1.753505e-09	-3.375196e+01	-1.149562e+02
6.830000e-06	-4.783358e-06	-1.756485e-09	-3.390587e+01	-1.152109e+02
6.840000e-06	-4.804538e-06	-1.761026e-09	-3.405600e+01	-1.154570e+02
6.850000e-06	-4.825232e-06	-1.764482e-09	-3.420269e+01	-1.156947e+02
6.860000e-06	-4.845551e-06	-1.768199e-09	-3.434672e+01	-1.159244e+02
6.870000e-06	-4.865604e-06	-1.773686e-09	-3.448886e+01	-1.161464e+02
6.880000e-06	-4.885469e-06	-1.780157e-09	-3.462966e+01	-1.163608e+02
6.890000e-06	-4.905142e-06	-1.785704e-09	-3.476911e+01	-1.165679e+02
6.900000e-06	-4.924550e-06	-1.787616e-09	-3.490668e+01	-1.167678e+02
6.910000e-06	-4.943658e-06	-1.789801e-09	-3.504213e+01	-1.169607e+02
6.920000e-06	-4.962371e-06	-1.794556e-09	-3.517477e+01	-1.171466e+02
6.930000e-06	-4.980677e-06	-1.798023e-09	-3.530453e+01	-1.173258e+02
6.940000e-06	-4.998679e-06	-1.798600e-09	-3.543213e+01	-1.174981e+02
6.950000e-06	-5.016398e-06	-1.799279e-09	-3.555773e+01	-1.176636e+02
6.960000e-06	-5.033708e-06	-1.804124e-09	-3.568043e+01	-1.178223e+02
6.970000e-06	-5.050684e-06	-1.810378e-09	-3.580076e+01	-1.179741e+02
6.980000e-06	-5.067382e-06	-1.813213e-09	-3.591912e+01	-1.181191e+02
6.990000e-06	-5.083775e-06	-1.812380e-09	-3.603531e+01	-1.182571e+02
7.000000e-06	-5.099907e-06	-1.812708e-09	-3.614967e+01	-1.183881e+02
7.010000e-06	-5.115779e-06	-1.815430e-09	-3.626217e+01	-1.185119e+02
7.020000e-06	-5.131337e-06	-1.816407e-09	-3.637245e+01	-1.186284e+02
7.030000e-06	-5.146489e-06	-1.813880e-09	-3.647985e+01	-1.187375e+02
7.040000e-06	-5.161150e-06	-1.810748e-09	-3.658377e+01	-1.188390e+02
7.050000e-06	-5.175138e-06	-1.811556e-09	-3.668292e+01	-1.189329e+02
7.060000e-06	-5.188569e-06	-1.814569e-09	-3.677813e+01	-1.190189e+02
7.070000e-06	-5.201467e-06	-1.816258e-09	-3.686955e+01	-1.190970e+02
7.080000e-06	-5.213841e-06	-1.816180e-09	-3.695726e+01	-1.191670e+02
7.090000e-06	-5.225874e-06	-1.817643e-09	-3.704256e+01	-1.192288e+02
7.100000e-06	-5.237613e-06	-1.821456e-09	-3.712577e+01	-1.192824e+02
7.110000e-06	-5.249018e-06	-1.821417e-09	-3.720661e+01	-1.193275e+02
7.120000e-06	-5.259997e-06	-1.814758e-09	-3.728443e+01	-1.193642e+02
7.130000e-06	-5.270589e-06	-1.807583e-09	-3.735951e+01	-1.193923e+02
7.140000e-06	-5.280829e-06	-1.806358e-09	-3.743209e+01	-1.194120e+02
7.150000e-06	-5.290731e-06	-1.808692e-09	-3.750228e+01	-1.194231e+02
7.160000e-06	-5.300221e-06	-1.809637e-09	-3.756955e+01	-1.194257e+02
7.170000e-06	-5.309236e-06	-1.809820e-09	-3.763345e+01	-1.194199e+02
7.180000e-06	-5.317925e-06	-1.811925e-09	-3.769504e+01	-1.194058e+02
7.190000e-06	-5.326300e-06	-1.814559e-09	-3.775440e+01	-1.193834e+02
7.200000e-06	-5.334337e-06	-1.813353e-09	-3.781138e+01	-1.193530e+02
7.210000e-06	-5.342205e-06	-1.807903e-09	-3.786714e+01	-1.193147e+02
7.220000e-06	-5.349868e-06	-1.801993e-09	-3.792146e+01	-1.192689e+02
7.230000e-06	-5.357148e-06	-1.798052e-09	-3.797306e+01	-1.192156e+02
7.240000e-06	-5.363974e-06	-1.797681e-09	-3.802145e+01	-1.191553e+02
7.250000e-06	-5.370235e-06	-1.800360e-09	-3.806583e+01	-1.190883e+02
7.260000e-06	-5.375912e-06	-1.806207e-09	-3.810607e+01	-1.190149e+02
7.270000e-06	-5.381040e-06	-1.811751e-09	-3.814242e+01	-1.189356e+02
7.280000e-06	-5.385676e-06	-1.811723e-09	-3.817528e+01	-1.188507e+02
7.290000e-06	-5.389949e-06	-1.805143e-09	-3.820557e+01	-1.187607e+02
7.300000e-06	-5.393960e-06	-1.796163e-09	-3.823400e+01	-1.186660e+02
7.310000e-06	-5.397699e-06	-1.789209e-09	-3.826050e+01	-1.185673e+02
7.320000e-06	-5.401116e-06	-1.786061e-09	-3.828472e+01	-1.184649e+02
7.330000e-06	-5.404212e-06	-1.787490e-09	-3.830667e+01	-1.183594e+02
7.340000e-06	-5.406899e-06	-1.792802e-09	-3.832572e+01	-1.182514e+02
7.350000e-06	-5.409263e-06	-1.798737e-09	-3.834247e+01	-1.181414e+02
7.360000e-06	-5.411371e-06	-1.799408e-09	-3.835741e+01	-1.180298e+02
7.370000e-06	-5.413200e-06	-1.794219e-09	-3.837038e+01	-1.179173e+02
7.380000e-06	-5.414585e-06	-1.786629e-09	-3.838019e+01	-1.178044e+02
7.390000e-06	-5.415463e-06	-1.781449e-09	-3.838642e+01	-1.176917e+02
7.400000e-06	-5.416002e-06	-1.780773e-09	-3.839024e+01	-1.175795e+02
