# Temperatura_=_-0.8
# Concentracion g/m^3_=_4090.0
# C_Vs_to_Am_M_A/Vsm_=_65563218390.804596
# pendiente_HvsI_1/m_=_3716.3
# ordenada_HvsI_A/m_=_1297.0
# frecuencia_Hz_=_135076.7024149844

Tiempo_(s)	Campo_(V.s)	Magnetizacion_(V.s)	Campo_(kA/m)	Magnetizacion_(A/m)
0.000000e+00	-5.397443e-06	-2.009812e-09	-3.838631e+01	-1.359069e+02
1.000000e-08	-5.397522e-06	-2.008517e-09	-3.838687e+01	-1.358085e+02
2.000000e-08	-5.397341e-06	-2.003620e-09	-3.838558e+01	-1.357160e+02
3.000000e-08	-5.396794e-06	-1.997002e-09	-3.838169e+01	-1.356300e+02
4.000000e-08	-5.395847e-06	-1.989840e-09	-3.837496e+01	-1.355508e+02
5.000000e-08	-5.394334e-06	-1.984825e-09	-3.836420e+01	-1.354791e+02
6.000000e-08	-5.392146e-06	-1.991790e-09	-3.834863e+01	-1.354151e+02
7.000000e-08	-5.389368e-06	-2.012815e-09	-3.832888e+01	-1.353591e+02
8.000000e-08	-5.385984e-06	-2.007728e-09	-3.830481e+01	-1.353114e+02
9.000000e-08	-5.382109e-06	-1.956515e-09	-3.827725e+01	-1.352720e+02
1.000000e-07	-5.377928e-06	-1.973638e-09	-3.824752e+01	-1.352411e+02
1.100000e-07	-5.373620e-06	-2.046626e-09	-3.821688e+01	-1.352185e+02
1.200000e-07	-5.369193e-06	-2.040929e-09	-3.818539e+01	-1.352043e+02
1.300000e-07	-5.364397e-06	-1.941254e-09	-3.815129e+01	-1.351981e+02
1.400000e-07	-5.359191e-06	-1.936967e-09	-3.811426e+01	-1.351998e+02
1.500000e-07	-5.353633e-06	-2.066717e-09	-3.807473e+01	-1.352089e+02
1.600000e-07	-5.347692e-06	-2.082210e-09	-3.803248e+01	-1.352250e+02
1.700000e-07	-5.341264e-06	-1.938687e-09	-3.798676e+01	-1.352476e+02
1.800000e-07	-5.334399e-06	-1.943025e-09	-3.793794e+01	-1.352760e+02
1.900000e-07	-5.327290e-06	-2.084350e-09	-3.788739e+01	-1.353097e+02
2.000000e-07	-5.319902e-06	-2.120568e-09	-3.783484e+01	-1.353479e+02
2.100000e-07	-5.312224e-06	-2.019870e-09	-3.778024e+01	-1.353897e+02
2.200000e-07	-5.304320e-06	-2.058387e-09	-3.772402e+01	-1.354344e+02
2.300000e-07	-5.296175e-06	-2.156727e-09	-3.766610e+01	-1.354810e+02
2.400000e-07	-5.287590e-06	-2.132482e-09	-3.760504e+01	-1.355286e+02
2.500000e-07	-5.278305e-06	-2.088627e-09	-3.753900e+01	-1.355763e+02
2.600000e-07	-5.268367e-06	-2.162975e-09	-3.746833e+01	-1.356230e+02
2.700000e-07	-5.257811e-06	-2.200102e-09	-3.739325e+01	-1.356677e+02
2.800000e-07	-5.246692e-06	-2.109023e-09	-3.731418e+01	-1.357095e+02
2.900000e-07	-5.235214e-06	-2.089722e-09	-3.723254e+01	-1.357473e+02
3.000000e-07	-5.223387e-06	-2.160155e-09	-3.714843e+01	-1.357801e+02
3.100000e-07	-5.211162e-06	-2.139614e-09	-3.706149e+01	-1.358070e+02
3.200000e-07	-5.198561e-06	-2.061727e-09	-3.697187e+01	-1.358269e+02
3.300000e-07	-5.185646e-06	-2.113724e-09	-3.688002e+01	-1.358391e+02
3.400000e-07	-5.172345e-06	-2.163224e-09	-3.678543e+01	-1.358426e+02
3.500000e-07	-5.158544e-06	-2.131523e-09	-3.668727e+01	-1.358365e+02
3.600000e-07	-5.144348e-06	-2.102810e-09	-3.658631e+01	-1.358203e+02
3.700000e-07	-5.129658e-06	-2.127410e-09	-3.648184e+01	-1.357930e+02
3.800000e-07	-5.114165e-06	-2.094352e-09	-3.637165e+01	-1.357542e+02
3.900000e-07	-5.098136e-06	-2.079749e-09	-3.625765e+01	-1.357033e+02
4.000000e-07	-5.081730e-06	-2.107619e-09	-3.614098e+01	-1.356397e+02
4.100000e-07	-5.064949e-06	-2.106470e-09	-3.602163e+01	-1.355633e+02
4.200000e-07	-5.047907e-06	-2.075310e-09	-3.590043e+01	-1.354735e+02
4.300000e-07	-5.030525e-06	-2.111626e-09	-3.577681e+01	-1.353703e+02
4.400000e-07	-5.012885e-06	-2.136897e-09	-3.565135e+01	-1.352535e+02
4.500000e-07	-4.995043e-06	-2.093972e-09	-3.552446e+01	-1.351231e+02
4.600000e-07	-4.976954e-06	-2.057904e-09	-3.539581e+01	-1.349791e+02
4.700000e-07	-4.958459e-06	-2.079000e-09	-3.526428e+01	-1.348217e+02
4.800000e-07	-4.939479e-06	-2.083375e-09	-3.512930e+01	-1.346512e+02
4.900000e-07	-4.920152e-06	-2.063377e-09	-3.499184e+01	-1.344678e+02
5.000000e-07	-4.900547e-06	-2.050827e-09	-3.485241e+01	-1.342720e+02
5.100000e-07	-4.880696e-06	-2.059082e-09	-3.471123e+01	-1.340642e+02
5.200000e-07	-4.860599e-06	-2.071485e-09	-3.456830e+01	-1.338450e+02
5.300000e-07	-4.840242e-06	-2.064521e-09	-3.442353e+01	-1.336150e+02
5.400000e-07	-4.819585e-06	-2.042799e-09	-3.427661e+01	-1.333747e+02
5.500000e-07	-4.798544e-06	-2.038488e-09	-3.412697e+01	-1.331250e+02
5.600000e-07	-4.777153e-06	-2.051981e-09	-3.397484e+01	-1.328665e+02
5.700000e-07	-4.755471e-06	-2.049969e-09	-3.382064e+01	-1.326001e+02
5.800000e-07	-4.733537e-06	-2.033356e-09	-3.366465e+01	-1.323265e+02
5.900000e-07	-4.711250e-06	-2.018875e-09	-3.350615e+01	-1.320466e+02
6.000000e-07	-4.688534e-06	-2.021744e-09	-3.334459e+01	-1.317611e+02
6.100000e-07	-4.665529e-06	-2.032850e-09	-3.318098e+01	-1.314710e+02
6.200000e-07	-4.642259e-06	-2.032832e-09	-3.301548e+01	-1.311770e+02
6.300000e-07	-4.618650e-06	-2.010955e-09	-3.284758e+01	-1.308799e+02
6.400000e-07	-4.594836e-06	-2.013738e-09	-3.267821e+01	-1.305805e+02
6.500000e-07	-4.570854e-06	-2.030465e-09	-3.250765e+01	-1.302795e+02
6.600000e-07	-4.546600e-06	-2.023472e-09	-3.233516e+01	-1.299777e+02
6.700000e-07	-4.522006e-06	-1.995635e-09	-3.216025e+01	-1.296757e+02
6.800000e-07	-4.496907e-06	-1.992039e-09	-3.198175e+01	-1.293741e+02
6.900000e-07	-4.471250e-06	-1.998464e-09	-3.179928e+01	-1.290735e+02
7.000000e-07	-4.445206e-06	-1.997024e-09	-3.161405e+01	-1.287744e+02
7.100000e-07	-4.418733e-06	-1.984091e-09	-3.142578e+01	-1.284771e+02
7.200000e-07	-4.391728e-06	-1.981668e-09	-3.123372e+01	-1.281822e+02
7.300000e-07	-4.364355e-06	-1.990078e-09	-3.103904e+01	-1.278898e+02
7.400000e-07	-4.336782e-06	-1.999742e-09	-3.084294e+01	-1.276001e+02
7.500000e-07	-4.309015e-06	-1.987948e-09	-3.064547e+01	-1.273134e+02
7.600000e-07	-4.280981e-06	-1.973099e-09	-3.044610e+01	-1.270298e+02
7.700000e-07	-4.252704e-06	-1.969928e-09	-3.024499e+01	-1.267491e+02
7.800000e-07	-4.224262e-06	-1.970237e-09	-3.004271e+01	-1.264714e+02
7.900000e-07	-4.195509e-06	-1.959969e-09	-2.983822e+01	-1.261966e+02
8.000000e-07	-4.166369e-06	-1.950480e-09	-2.963098e+01	-1.259244e+02
8.100000e-07	-4.136898e-06	-1.949045e-09	-2.942138e+01	-1.256546e+02
8.200000e-07	-4.107127e-06	-1.954990e-09	-2.920965e+01	-1.253869e+02
8.300000e-07	-4.077125e-06	-1.957910e-09	-2.899628e+01	-1.251210e+02
8.400000e-07	-4.046942e-06	-1.951537e-09	-2.878162e+01	-1.248564e+02
8.500000e-07	-4.016560e-06	-1.943853e-09	-2.856555e+01	-1.245928e+02
8.600000e-07	-3.985918e-06	-1.940740e-09	-2.834763e+01	-1.243296e+02
8.700000e-07	-3.954966e-06	-1.937137e-09	-2.812749e+01	-1.240663e+02
8.800000e-07	-3.923696e-06	-1.925125e-09	-2.790510e+01	-1.238025e+02
8.900000e-07	-3.892233e-06	-1.914285e-09	-2.768134e+01	-1.235376e+02
9.000000e-07	-3.860596e-06	-1.910780e-09	-2.745634e+01	-1.232711e+02
9.100000e-07	-3.828717e-06	-1.914539e-09	-2.722962e+01	-1.230024e+02
9.200000e-07	-3.796660e-06	-1.914473e-09	-2.700163e+01	-1.227310e+02
9.300000e-07	-3.764411e-06	-1.913543e-09	-2.677228e+01	-1.224564e+02
9.400000e-07	-3.731886e-06	-1.914092e-09	-2.654096e+01	-1.221781e+02
9.500000e-07	-3.699057e-06	-1.915245e-09	-2.630748e+01	-1.218957e+02
9.600000e-07	-3.665865e-06	-1.905992e-09	-2.607142e+01	-1.216086e+02
9.700000e-07	-3.632183e-06	-1.889463e-09	-2.583188e+01	-1.213165e+02
9.800000e-07	-3.597971e-06	-1.874074e-09	-2.558857e+01	-1.210191e+02
9.900000e-07	-3.563363e-06	-1.868442e-09	-2.534244e+01	-1.207159e+02
1.000000e-06	-3.528338e-06	-1.865841e-09	-2.509334e+01	-1.204067e+02
1.010000e-06	-3.493000e-06	-1.864685e-09	-2.484201e+01	-1.200913e+02
1.020000e-06	-3.457503e-06	-1.863818e-09	-2.458957e+01	-1.197695e+02
1.030000e-06	-3.421827e-06	-1.866245e-09	-2.433584e+01	-1.194411e+02
1.040000e-06	-3.386010e-06	-1.864790e-09	-2.408111e+01	-1.191061e+02
1.050000e-06	-3.350047e-06	-1.854777e-09	-2.382534e+01	-1.187645e+02
1.060000e-06	-3.313960e-06	-1.838345e-09	-2.356870e+01	-1.184162e+02
1.070000e-06	-3.277724e-06	-1.824815e-09	-2.331099e+01	-1.180613e+02
1.080000e-06	-3.241252e-06	-1.817439e-09	-2.305160e+01	-1.177000e+02
1.090000e-06	-3.204521e-06	-1.815471e-09	-2.279037e+01	-1.173323e+02
1.100000e-06	-3.167508e-06	-1.814522e-09	-2.252714e+01	-1.169585e+02
1.110000e-06	-3.130268e-06	-1.815057e-09	-2.226229e+01	-1.165788e+02
1.120000e-06	-3.092834e-06	-1.814202e-09	-2.199606e+01	-1.161935e+02
1.130000e-06	-3.055181e-06	-1.807632e-09	-2.172827e+01	-1.158027e+02
1.140000e-06	-3.017347e-06	-1.796519e-09	-2.145920e+01	-1.154069e+02
1.150000e-06	-2.979279e-06	-1.784594e-09	-2.118846e+01	-1.150064e+02
1.160000e-06	-2.941020e-06	-1.774120e-09	-2.091637e+01	-1.146014e+02
1.170000e-06	-2.902674e-06	-1.766125e-09	-2.064365e+01	-1.141923e+02
1.180000e-06	-2.864156e-06	-1.759354e-09	-2.036972e+01	-1.137794e+02
1.190000e-06	-2.825365e-06	-1.751860e-09	-2.009383e+01	-1.133630e+02
1.200000e-06	-2.786288e-06	-1.748241e-09	-1.981592e+01	-1.129435e+02
1.210000e-06	-2.746988e-06	-1.745697e-09	-1.953642e+01	-1.125212e+02
1.220000e-06	-2.707503e-06	-1.741391e-09	-1.925561e+01	-1.120962e+02
1.230000e-06	-2.667857e-06	-1.733728e-09	-1.897364e+01	-1.116688e+02
1.240000e-06	-2.628076e-06	-1.725585e-09	-1.869073e+01	-1.112393e+02
1.250000e-06	-2.588235e-06	-1.718783e-09	-1.840738e+01	-1.108078e+02
1.260000e-06	-2.548316e-06	-1.712660e-09	-1.812348e+01	-1.103743e+02
1.270000e-06	-2.508306e-06	-1.703985e-09	-1.783893e+01	-1.099391e+02
1.280000e-06	-2.468199e-06	-1.696080e-09	-1.755369e+01	-1.095022e+02
1.290000e-06	-2.427938e-06	-1.690091e-09	-1.726736e+01	-1.090634e+02
1.300000e-06	-2.387514e-06	-1.684917e-09	-1.697986e+01	-1.086229e+02
1.310000e-06	-2.346897e-06	-1.677938e-09	-1.669100e+01	-1.081804e+02
1.320000e-06	-2.306054e-06	-1.673465e-09	-1.640053e+01	-1.077358e+02
1.330000e-06	-2.264948e-06	-1.669526e-09	-1.610818e+01	-1.072889e+02
1.340000e-06	-2.223675e-06	-1.664357e-09	-1.581465e+01	-1.068394e+02
1.350000e-06	-2.182067e-06	-1.656037e-09	-1.551874e+01	-1.063871e+02
1.360000e-06	-2.140107e-06	-1.644129e-09	-1.522032e+01	-1.059315e+02
1.370000e-06	-2.097945e-06	-1.630106e-09	-1.492047e+01	-1.054723e+02
1.380000e-06	-2.055465e-06	-1.620291e-09	-1.461835e+01	-1.050092e+02
1.390000e-06	-2.012661e-06	-1.614902e-09	-1.431393e+01	-1.045415e+02
1.400000e-06	-1.969660e-06	-1.608499e-09	-1.400811e+01	-1.040688e+02
1.410000e-06	-1.926581e-06	-1.601174e-09	-1.370173e+01	-1.035907e+02
1.420000e-06	-1.883351e-06	-1.594816e-09	-1.339428e+01	-1.031064e+02
1.430000e-06	-1.839960e-06	-1.590081e-09	-1.308569e+01	-1.026156e+02
1.440000e-06	-1.796446e-06	-1.583958e-09	-1.277622e+01	-1.021176e+02
1.450000e-06	-1.752819e-06	-1.572522e-09	-1.246595e+01	-1.016118e+02
1.460000e-06	-1.709061e-06	-1.560914e-09	-1.215474e+01	-1.010977e+02
1.470000e-06	-1.665205e-06	-1.552885e-09	-1.184284e+01	-1.005746e+02
1.480000e-06	-1.621295e-06	-1.547760e-09	-1.153056e+01	-1.000420e+02
1.490000e-06	-1.577312e-06	-1.541471e-09	-1.121775e+01	-9.949938e+01
1.500000e-06	-1.533238e-06	-1.533262e-09	-1.090430e+01	-9.894608e+01
1.510000e-06	-1.489073e-06	-1.528025e-09	-1.059020e+01	-9.838159e+01
1.520000e-06	-1.444857e-06	-1.521372e-09	-1.027574e+01	-9.780539e+01
1.530000e-06	-1.400548e-06	-1.509179e-09	-9.960615e+00	-9.721700e+01
1.540000e-06	-1.356153e-06	-1.491507e-09	-9.644884e+00	-9.661592e+01
1.550000e-06	-1.311771e-06	-1.474696e-09	-9.329241e+00	-9.600173e+01
1.560000e-06	-1.267387e-06	-1.463394e-09	-9.013582e+00	-9.537398e+01
1.570000e-06	-1.222874e-06	-1.457786e-09	-8.697014e+00	-9.473230e+01
1.580000e-06	-1.178222e-06	-1.452535e-09	-8.379446e+00	-9.407631e+01
1.590000e-06	-1.133518e-06	-1.445058e-09	-8.061515e+00	-9.340568e+01
1.600000e-06	-1.088754e-06	-1.435776e-09	-7.743153e+00	-9.272007e+01
1.610000e-06	-1.043942e-06	-1.422281e-09	-7.424454e+00	-9.201921e+01
1.620000e-06	-9.990659e-07	-1.403517e-09	-7.105300e+00	-9.130282e+01
1.630000e-06	-9.540006e-07	-1.384659e-09	-6.784798e+00	-9.057064e+01
1.640000e-06	-9.087854e-07	-1.368394e-09	-6.463230e+00	-8.982243e+01
1.650000e-06	-8.636280e-07	-1.356808e-09	-6.142073e+00	-8.905795e+01
1.660000e-06	-8.185289e-07	-1.349006e-09	-5.821331e+00	-8.827698e+01
1.670000e-06	-7.732944e-07	-1.344747e-09	-5.499626e+00	-8.747928e+01
1.680000e-06	-7.279244e-07	-1.337869e-09	-5.176957e+00	-8.666462e+01
1.690000e-06	-6.825490e-07	-1.322890e-09	-4.854249e+00	-8.583275e+01
1.700000e-06	-6.371080e-07	-1.302190e-09	-4.531076e+00	-8.498342e+01
1.710000e-06	-5.915904e-07	-1.282685e-09	-4.207357e+00	-8.411633e+01
1.720000e-06	-5.460401e-07	-1.267224e-09	-3.883406e+00	-8.323119e+01
1.730000e-06	-5.004833e-07	-1.255177e-09	-3.559409e+00	-8.232764e+01
1.740000e-06	-4.548876e-07	-1.243290e-09	-3.235135e+00	-8.140532e+01
1.750000e-06	-4.092166e-07	-1.231613e-09	-2.910325e+00	-8.046380e+01
1.760000e-06	-3.635534e-07	-1.219137e-09	-2.585571e+00	-7.950261e+01
1.770000e-06	-3.178903e-07	-1.202581e-09	-2.260818e+00	-7.852124e+01
1.780000e-06	-2.722167e-07	-1.181850e-09	-1.935990e+00	-7.751912e+01
1.790000e-06	-2.265369e-07	-1.161064e-09	-1.611118e+00	-7.649563e+01
1.800000e-06	-1.808513e-07	-1.143278e-09	-1.286204e+00	-7.545007e+01
1.810000e-06	-1.350738e-07	-1.126498e-09	-9.606369e-01	-7.438170e+01
1.820000e-06	-8.921185e-08	-1.110826e-09	-6.344696e-01	-7.328972e+01
1.830000e-06	-4.336906e-08	-1.095183e-09	-3.084383e-01	-7.217326e+01
1.840000e-06	2.412062e-09	-1.078319e-09	1.715444e-02	-7.103139e+01
1.850000e-06	4.816937e-08	-1.061083e-09	3.425778e-01	-6.986314e+01
1.860000e-06	9.394356e-08	-1.044281e-09	6.681212e-01	-6.866746e+01
1.870000e-06	1.396679e-07	-1.027458e-09	9.933105e-01	-6.744326e+01
1.880000e-06	1.854148e-07	-1.010265e-09	1.318660e+00	-6.618941e+01
1.890000e-06	2.311402e-07	-9.902401e-10	1.643856e+00	-6.490473e+01
1.900000e-06	2.768300e-07	-9.673812e-10	1.968799e+00	-6.358801e+01
1.910000e-06	3.225153e-07	-9.426298e-10	2.293710e+00	-6.223800e+01
1.920000e-06	3.681171e-07	-9.183881e-10	2.618028e+00	-6.085345e+01
1.930000e-06	4.137180e-07	-8.946834e-10	2.942339e+00	-5.943308e+01
1.940000e-06	4.593007e-07	-8.717737e-10	3.266520e+00	-5.797562e+01
1.950000e-06	5.048903e-07	-8.499940e-10	3.590751e+00	-5.647981e+01
1.960000e-06	5.505109e-07	-8.312636e-10	3.915202e+00	-5.494440e+01
1.970000e-06	5.960874e-07	-8.092944e-10	4.239340e+00	-5.336817e+01
1.980000e-06	6.415787e-07	-7.807250e-10	4.562871e+00	-5.174995e+01
1.990000e-06	6.869426e-07	-7.505494e-10	4.885497e+00	-5.008861e+01
2.000000e-06	7.322806e-07	-7.223888e-10	5.207938e+00	-4.838309e+01
2.010000e-06	7.776623e-07	-6.959777e-10	5.530690e+00	-4.663240e+01
2.020000e-06	8.229592e-07	-6.684096e-10	5.852839e+00	-4.483565e+01
2.030000e-06	8.681537e-07	-6.401478e-10	6.174260e+00	-4.299203e+01
2.040000e-06	9.133195e-07	-6.136621e-10	6.495476e+00	-4.110086e+01
2.050000e-06	9.583893e-07	-5.864197e-10	6.816010e+00	-3.916157e+01
2.060000e-06	1.003331e-06	-5.559887e-10	7.135635e+00	-3.717371e+01
2.070000e-06	1.048229e-06	-5.224043e-10	7.454945e+00	-3.513698e+01
2.080000e-06	1.093087e-06	-4.884180e-10	7.773970e+00	-3.305124e+01
2.090000e-06	1.137835e-06	-4.568439e-10	8.092221e+00	-3.091649e+01
2.100000e-06	1.182431e-06	-4.252334e-10	8.409381e+00	-2.873291e+01
2.110000e-06	1.226930e-06	-3.904090e-10	8.725854e+00	-2.650083e+01
2.120000e-06	1.271357e-06	-3.546713e-10	9.041815e+00	-2.422076e+01
2.130000e-06	1.315675e-06	-3.240399e-10	9.357005e+00	-2.189342e+01
2.140000e-06	1.359898e-06	-2.950047e-10	9.671516e+00	-1.951968e+01
2.150000e-06	1.404038e-06	-2.608363e-10	9.985440e+00	-1.710060e+01
2.160000e-06	1.448115e-06	-2.240544e-10	1.029891e+01	-1.463743e+01
2.170000e-06	1.492163e-06	-1.879146e-10	1.061218e+01	-1.213162e+01
2.180000e-06	1.536212e-06	-1.519802e-10	1.092545e+01	-9.584766e+00
2.190000e-06	1.580218e-06	-1.133790e-10	1.123842e+01	-6.998681e+00
2.200000e-06	1.624150e-06	-7.106889e-11	1.155086e+01	-4.375333e+00
2.210000e-06	1.668003e-06	-3.061930e-11	1.186275e+01	-1.716863e+00
2.220000e-06	1.711842e-06	7.015492e-12	1.217452e+01	9.744226e-01
2.230000e-06	1.755601e-06	4.617775e-11	1.248574e+01	3.696066e+00
2.240000e-06	1.799194e-06	8.857296e-11	1.279576e+01	6.445464e+00
2.250000e-06	1.842677e-06	1.294813e-10	1.310501e+01	9.219875e+00
2.260000e-06	1.886071e-06	1.690280e-10	1.341363e+01	1.201644e+01
2.270000e-06	1.929279e-06	2.110394e-10	1.372092e+01	1.483217e+01
2.280000e-06	1.972294e-06	2.573896e-10	1.402684e+01	1.766400e+01
2.290000e-06	2.015228e-06	3.038429e-10	1.433219e+01	2.050876e+01
2.300000e-06	2.057961e-06	3.445034e-10	1.463610e+01	2.336322e+01
2.310000e-06	2.100368e-06	3.834573e-10	1.493770e+01	2.622409e+01
2.320000e-06	2.142523e-06	4.266676e-10	1.523750e+01	2.908803e+01
2.330000e-06	2.184458e-06	4.712406e-10	1.553574e+01	3.195167e+01
2.340000e-06	2.226099e-06	5.119053e-10	1.583189e+01	3.481163e+01
2.350000e-06	2.267438e-06	5.505378e-10	1.612589e+01	3.766455e+01
2.360000e-06	2.308510e-06	5.933998e-10	1.641799e+01	4.050705e+01
2.370000e-06	2.349280e-06	6.404921e-10	1.670795e+01	4.333582e+01
2.380000e-06	2.389743e-06	6.848494e-10	1.699572e+01	4.614757e+01
2.390000e-06	2.429994e-06	7.248205e-10	1.728198e+01	4.893909e+01
2.400000e-06	2.470209e-06	7.645359e-10	1.756799e+01	5.170721e+01
2.410000e-06	2.510361e-06	8.065084e-10	1.785355e+01	5.444890e+01
2.420000e-06	2.550360e-06	8.489465e-10	1.813802e+01	5.716118e+01
2.430000e-06	2.590248e-06	8.905997e-10	1.842169e+01	5.984120e+01
2.440000e-06	2.630041e-06	9.308030e-10	1.870470e+01	6.248625e+01
2.450000e-06	2.669714e-06	9.704546e-10	1.898685e+01	6.509371e+01
2.460000e-06	2.709234e-06	1.010874e-09	1.926791e+01	6.766114e+01
2.470000e-06	2.748583e-06	1.048122e-09	1.954776e+01	7.018621e+01
2.480000e-06	2.787688e-06	1.082739e-09	1.982588e+01	7.266679e+01
2.490000e-06	2.826598e-06	1.118875e-09	2.010260e+01	7.510087e+01
2.500000e-06	2.865335e-06	1.158170e-09	2.037810e+01	7.748662e+01
2.510000e-06	2.903907e-06	1.196631e-09	2.065242e+01	7.982237e+01
2.520000e-06	2.942296e-06	1.233520e-09	2.092544e+01	8.210663e+01
2.530000e-06	2.980497e-06	1.268949e-09	2.119713e+01	8.433809e+01
2.540000e-06	3.018496e-06	1.301636e-09	2.146737e+01	8.651558e+01
2.550000e-06	3.056229e-06	1.330251e-09	2.173573e+01	8.863812e+01
2.560000e-06	3.093808e-06	1.355444e-09	2.200299e+01	9.070491e+01
2.570000e-06	3.131205e-06	1.381203e-09	2.226895e+01	9.271530e+01
2.580000e-06	3.168357e-06	1.409353e-09	2.253318e+01	9.466881e+01
2.590000e-06	3.205263e-06	1.441156e-09	2.279565e+01	9.656511e+01
2.600000e-06	3.241906e-06	1.474209e-09	2.305625e+01	9.840403e+01
2.610000e-06	3.278324e-06	1.506953e-09	2.331525e+01	1.001855e+02
2.620000e-06	3.314554e-06	1.534819e-09	2.357292e+01	1.019098e+02
2.630000e-06	3.350620e-06	1.555153e-09	2.382942e+01	1.035770e+02
2.640000e-06	3.386581e-06	1.571503e-09	2.408517e+01	1.051875e+02
2.650000e-06	3.422419e-06	1.588705e-09	2.434005e+01	1.067419e+02
2.660000e-06	3.458089e-06	1.606306e-09	2.459373e+01	1.082407e+02
2.670000e-06	3.493557e-06	1.623963e-09	2.484598e+01	1.096847e+02
2.680000e-06	3.528732e-06	1.644439e-09	2.509614e+01	1.110747e+02
2.690000e-06	3.563591e-06	1.670622e-09	2.534405e+01	1.124115e+02
2.700000e-06	3.598054e-06	1.699788e-09	2.558916e+01	1.136961e+02
2.710000e-06	3.632097e-06	1.723723e-09	2.583127e+01	1.149296e+02
2.720000e-06	3.665769e-06	1.738943e-09	2.607074e+01	1.161130e+02
2.730000e-06	3.699003e-06	1.751275e-09	2.630710e+01	1.172476e+02
2.740000e-06	3.731850e-06	1.764032e-09	2.654071e+01	1.183345e+02
2.750000e-06	3.764367e-06	1.773023e-09	2.677196e+01	1.193749e+02
2.760000e-06	3.796592e-06	1.779836e-09	2.700114e+01	1.203702e+02
2.770000e-06	3.828619e-06	1.791115e-09	2.722892e+01	1.213215e+02
2.780000e-06	3.860460e-06	1.811148e-09	2.745537e+01	1.222303e+02
2.790000e-06	3.892153e-06	1.832663e-09	2.768077e+01	1.230978e+02
2.800000e-06	3.923701e-06	1.845108e-09	2.790514e+01	1.239254e+02
2.810000e-06	3.954959e-06	1.851981e-09	2.812744e+01	1.247145e+02
2.820000e-06	3.985960e-06	1.861668e-09	2.834792e+01	1.254662e+02
2.830000e-06	4.016746e-06	1.871724e-09	2.856687e+01	1.261821e+02
2.840000e-06	4.047154e-06	1.874247e-09	2.878313e+01	1.268633e+02
2.850000e-06	4.077228e-06	1.875008e-09	2.899701e+01	1.275112e+02
2.860000e-06	4.107098e-06	1.884639e-09	2.920944e+01	1.281271e+02
2.870000e-06	4.136735e-06	1.901022e-09	2.942022e+01	1.287122e+02
2.880000e-06	4.166144e-06	1.913218e-09	2.962938e+01	1.292679e+02
2.890000e-06	4.195268e-06	1.917087e-09	2.983651e+01	1.297953e+02
2.900000e-06	4.224048e-06	1.924045e-09	3.004119e+01	1.302956e+02
2.910000e-06	4.252506e-06	1.937190e-09	3.024358e+01	1.307700e+02
2.920000e-06	4.280744e-06	1.943899e-09	3.044441e+01	1.312197e+02
2.930000e-06	4.308841e-06	1.939586e-09	3.064423e+01	1.316458e+02
2.940000e-06	4.336765e-06	1.938196e-09	3.084283e+01	1.320494e+02
2.950000e-06	4.364444e-06	1.946945e-09	3.103968e+01	1.324316e+02
2.960000e-06	4.391919e-06	1.957022e-09	3.123508e+01	1.327935e+02
2.970000e-06	4.419174e-06	1.960332e-09	3.142892e+01	1.331360e+02
2.980000e-06	4.445878e-06	1.961744e-09	3.161883e+01	1.334602e+02
2.990000e-06	4.471993e-06	1.971305e-09	3.180456e+01	1.337670e+02
3.000000e-06	4.497649e-06	1.982634e-09	3.198702e+01	1.340574e+02
3.010000e-06	4.522750e-06	1.984224e-09	3.216554e+01	1.343323e+02
3.020000e-06	4.547377e-06	1.981212e-09	3.234068e+01	1.345926e+02
3.030000e-06	4.571641e-06	1.982663e-09	3.251325e+01	1.348391e+02
3.040000e-06	4.595613e-06	1.988489e-09	3.268374e+01	1.350726e+02
3.050000e-06	4.619339e-06	1.991836e-09	3.285247e+01	1.352939e+02
3.060000e-06	4.642799e-06	1.991335e-09	3.301932e+01	1.355039e+02
3.070000e-06	4.666019e-06	1.995064e-09	3.318446e+01	1.357032e+02
3.080000e-06	4.688849e-06	2.005713e-09	3.334683e+01	1.358925e+02
3.090000e-06	4.711269e-06	2.013901e-09	3.350628e+01	1.360724e+02
3.100000e-06	4.733408e-06	2.011517e-09	3.366373e+01	1.362437e+02
3.110000e-06	4.755262e-06	2.007810e-09	3.381916e+01	1.364068e+02
3.120000e-06	4.776846e-06	2.013241e-09	3.397266e+01	1.365623e+02
3.130000e-06	4.798144e-06	2.018832e-09	3.412413e+01	1.367108e+02
3.140000e-06	4.819151e-06	2.018594e-09	3.427353e+01	1.368526e+02
3.150000e-06	4.839835e-06	2.018517e-09	3.442063e+01	1.369883e+02
3.160000e-06	4.860183e-06	2.021989e-09	3.456535e+01	1.371182e+02
3.170000e-06	4.880297e-06	2.025927e-09	3.470840e+01	1.372426e+02
3.180000e-06	4.900221e-06	2.025619e-09	3.485009e+01	1.373618e+02
3.190000e-06	4.919889e-06	2.024191e-09	3.498997e+01	1.374762e+02
3.200000e-06	4.939295e-06	2.028876e-09	3.512799e+01	1.375858e+02
3.210000e-06	4.958389e-06	2.038380e-09	3.526378e+01	1.376909e+02
3.220000e-06	4.977044e-06	2.043125e-09	3.539645e+01	1.377916e+02
3.230000e-06	4.995296e-06	2.041563e-09	3.552626e+01	1.378880e+02
3.240000e-06	5.013152e-06	2.038837e-09	3.565325e+01	1.379800e+02
3.250000e-06	5.030577e-06	2.039592e-09	3.577718e+01	1.380679e+02
3.260000e-06	5.047751e-06	2.042574e-09	3.589932e+01	1.381513e+02
3.270000e-06	5.064780e-06	2.042228e-09	3.602043e+01	1.382304e+02
3.280000e-06	5.081348e-06	2.043215e-09	3.613826e+01	1.383051e+02
3.290000e-06	5.097339e-06	2.050642e-09	3.625199e+01	1.383751e+02
3.300000e-06	5.113004e-06	2.058472e-09	3.636339e+01	1.384403e+02
3.310000e-06	5.128220e-06	2.060343e-09	3.647161e+01	1.385005e+02
3.320000e-06	5.142926e-06	2.057695e-09	3.657620e+01	1.385556e+02
3.330000e-06	5.157223e-06	2.056966e-09	3.667787e+01	1.386053e+02
3.340000e-06	5.171151e-06	2.056151e-09	3.677693e+01	1.386494e+02
3.350000e-06	5.184759e-06	2.051786e-09	3.687371e+01	1.386876e+02
3.360000e-06	5.198011e-06	2.048983e-09	3.696796e+01	1.387198e+02
3.370000e-06	5.210860e-06	2.050128e-09	3.705934e+01	1.387456e+02
3.380000e-06	5.223318e-06	2.052621e-09	3.714794e+01	1.387649e+02
3.390000e-06	5.235467e-06	2.056291e-09	3.723434e+01	1.387774e+02
3.400000e-06	5.247147e-06	2.059947e-09	3.731741e+01	1.387829e+02
3.410000e-06	5.258397e-06	2.060729e-09	3.739742e+01	1.387813e+02
3.420000e-06	5.269190e-06	2.057211e-09	3.747418e+01	1.387723e+02
3.430000e-06	5.279325e-06	2.051759e-09	3.754626e+01	1.387560e+02
3.440000e-06	5.288920e-06	2.049290e-09	3.761450e+01	1.387321e+02
3.450000e-06	5.297980e-06	2.050532e-09	3.767894e+01	1.387006e+02
3.460000e-06	5.306516e-06	2.052389e-09	3.773964e+01	1.386616e+02
3.470000e-06	5.314708e-06	2.053466e-09	3.779790e+01	1.386151e+02
3.480000e-06	5.322683e-06	2.055555e-09	3.785462e+01	1.385610e+02
3.490000e-06	5.330435e-06	2.056081e-09	3.790975e+01	1.384997e+02
3.500000e-06	5.337880e-06	2.053298e-09	3.796270e+01	1.384312e+02
3.510000e-06	5.344962e-06	2.050487e-09	3.801306e+01	1.383559e+02
3.520000e-06	5.351675e-06	2.049334e-09	3.806081e+01	1.382739e+02
3.530000e-06	5.357977e-06	2.050538e-09	3.810563e+01	1.381856e+02
3.540000e-06	5.363886e-06	2.051625e-09	3.814765e+01	1.380915e+02
3.550000e-06	5.369495e-06	2.049381e-09	3.818754e+01	1.379919e+02
3.560000e-06	5.374754e-06	2.047752e-09	3.822494e+01	1.378874e+02
3.570000e-06	5.379615e-06	2.049053e-09	3.825952e+01	1.377785e+02
3.580000e-06	5.384075e-06	2.052528e-09	3.829123e+01	1.376658e+02
3.590000e-06	5.388165e-06	2.053446e-09	3.832033e+01	1.375498e+02
3.600000e-06	5.392022e-06	2.051544e-09	3.834775e+01	1.374313e+02
3.610000e-06	5.395704e-06	2.052293e-09	3.837394e+01	1.373110e+02
3.620000e-06	5.399109e-06	2.051141e-09	3.839816e+01	1.371895e+02
3.630000e-06	5.402003e-06	2.048325e-09	3.841874e+01	1.370675e+02
3.640000e-06	5.404305e-06	2.046709e-09	3.843511e+01	1.369459e+02
3.650000e-06	5.405985e-06	2.050120e-09	3.844705e+01	1.368253e+02
3.660000e-06	5.407004e-06	2.058267e-09	3.845431e+01	1.367065e+02
3.670000e-06	5.407541e-06	2.063666e-09	3.845812e+01	1.365903e+02
3.680000e-06	5.407781e-06	2.063916e-09	3.845983e+01	1.364773e+02
3.690000e-06	5.407805e-06	2.061187e-09	3.846000e+01	1.363683e+02
3.700000e-06	5.407615e-06	2.057770e-09	3.845865e+01	1.362639e+02
3.710000e-06	5.407098e-06	2.053941e-09	3.845498e+01	1.361648e+02
3.720000e-06	5.406136e-06	2.050608e-09	3.844813e+01	1.360715e+02
3.730000e-06	5.404838e-06	2.049882e-09	3.843890e+01	1.359847e+02
3.740000e-06	5.403249e-06	2.051165e-09	3.842760e+01	1.359048e+02
3.750000e-06	5.401345e-06	2.049488e-09	3.841406e+01	1.358322e+02
3.760000e-06	5.399175e-06	2.025987e-09	3.839863e+01	1.357673e+02
3.770000e-06	5.396644e-06	1.997511e-09	3.838062e+01	1.357104e+02
3.780000e-06	5.393598e-06	2.031196e-09	3.835896e+01	1.356617e+02
3.790000e-06	5.390079e-06	2.060882e-09	3.833394e+01	1.356214e+02
3.800000e-06	5.386245e-06	1.990214e-09	3.830667e+01	1.355896e+02
3.810000e-06	5.382210e-06	1.927707e-09	3.827797e+01	1.355661e+02
3.820000e-06	5.377954e-06	1.992517e-09	3.824770e+01	1.355509e+02
3.830000e-06	5.373373e-06	2.050900e-09	3.821512e+01	1.355439e+02
3.840000e-06	5.368224e-06	1.975969e-09	3.817850e+01	1.355447e+02
3.850000e-06	5.362541e-06	1.888333e-09	3.813808e+01	1.355529e+02
3.860000e-06	5.356487e-06	2.000439e-09	3.809503e+01	1.355682e+02
3.870000e-06	5.349897e-06	2.101129e-09	3.804816e+01	1.355901e+02
3.880000e-06	5.342756e-06	1.967623e-09	3.799737e+01	1.356179e+02
3.890000e-06	5.335165e-06	1.868690e-09	3.794339e+01	1.356509e+02
3.900000e-06	5.327259e-06	2.001262e-09	3.788716e+01	1.356885e+02
3.910000e-06	5.319046e-06	2.088963e-09	3.782875e+01	1.357298e+02
3.920000e-06	5.310461e-06	1.915452e-09	3.776770e+01	1.357740e+02
3.930000e-06	5.301598e-06	1.870369e-09	3.770466e+01	1.358203e+02
3.940000e-06	5.292452e-06	2.046697e-09	3.763962e+01	1.358676e+02
3.950000e-06	5.282906e-06	2.091513e-09	3.757173e+01	1.359151e+02
3.960000e-06	5.272918e-06	1.915825e-09	3.750069e+01	1.359617e+02
3.970000e-06	5.262620e-06	1.949813e-09	3.742746e+01	1.360064e+02
3.980000e-06	5.251970e-06	2.140711e-09	3.735171e+01	1.360482e+02
3.990000e-06	5.240873e-06	2.123210e-09	3.727279e+01	1.360862e+02
4.000000e-06	5.229397e-06	2.011881e-09	3.719117e+01	1.361192e+02
4.010000e-06	5.217599e-06	2.121302e-09	3.710727e+01	1.361464e+02
4.020000e-06	5.205426e-06	2.231136e-09	3.702069e+01	1.361667e+02
4.030000e-06	5.192838e-06	2.091276e-09	3.693117e+01	1.361794e+02
4.040000e-06	5.179778e-06	2.007353e-09	3.683829e+01	1.361834e+02
4.050000e-06	5.166121e-06	2.107883e-09	3.674116e+01	1.361779e+02
4.060000e-06	5.151854e-06	2.130390e-09	3.663969e+01	1.361623e+02
4.070000e-06	5.136939e-06	2.050689e-09	3.653362e+01	1.361358e+02
4.080000e-06	5.121473e-06	2.088071e-09	3.642362e+01	1.360977e+02
4.090000e-06	5.105701e-06	2.136122e-09	3.631146e+01	1.360476e+02
4.100000e-06	5.089714e-06	2.087411e-09	3.619776e+01	1.359849e+02
4.110000e-06	5.073547e-06	2.073007e-09	3.608278e+01	1.359093e+02
4.120000e-06	5.057071e-06	2.102070e-09	3.596560e+01	1.358204e+02
4.130000e-06	5.040178e-06	2.045202e-09	3.584546e+01	1.357181e+02
4.140000e-06	5.022893e-06	2.021407e-09	3.572253e+01	1.356022e+02
4.150000e-06	5.005228e-06	2.079804e-09	3.559690e+01	1.354727e+02
4.160000e-06	4.987229e-06	2.097371e-09	3.546889e+01	1.353296e+02
4.170000e-06	4.968904e-06	2.045809e-09	3.533856e+01	1.351731e+02
4.180000e-06	4.950317e-06	2.051731e-09	3.520637e+01	1.350034e+02
4.190000e-06	4.931379e-06	2.075040e-09	3.507168e+01	1.348209e+02
4.200000e-06	4.912097e-06	2.061567e-09	3.493456e+01	1.346259e+02
4.210000e-06	4.892501e-06	2.028288e-09	3.479519e+01	1.344188e+02
4.220000e-06	4.872613e-06	2.021294e-09	3.465375e+01	1.342003e+02
4.230000e-06	4.852565e-06	2.040733e-09	3.451117e+01	1.339709e+02
4.240000e-06	4.832311e-06	2.061353e-09	3.436712e+01	1.337313e+02
4.250000e-06	4.811768e-06	2.042070e-09	3.422102e+01	1.334821e+02
4.260000e-06	4.790789e-06	2.024656e-09	3.407182e+01	1.332241e+02
4.270000e-06	4.769219e-06	2.035918e-09	3.391842e+01	1.329581e+02
4.280000e-06	4.747101e-06	2.032287e-09	3.376111e+01	1.326848e+02
4.290000e-06	4.724470e-06	2.014790e-09	3.360016e+01	1.324051e+02
4.300000e-06	4.701332e-06	2.011633e-09	3.343561e+01	1.321199e+02
4.310000e-06	4.677767e-06	2.005538e-09	3.326802e+01	1.318299e+02
4.320000e-06	4.653953e-06	2.003413e-09	3.309865e+01	1.315359e+02
4.330000e-06	4.629951e-06	2.015186e-09	3.292795e+01	1.312388e+02
4.340000e-06	4.605681e-06	1.991665e-09	3.275534e+01	1.309393e+02
4.350000e-06	4.581239e-06	1.959443e-09	3.258151e+01	1.306383e+02
4.360000e-06	4.556523e-06	1.976496e-09	3.240573e+01	1.303363e+02
4.370000e-06	4.531403e-06	1.996281e-09	3.222708e+01	1.300340e+02
4.380000e-06	4.505950e-06	1.971781e-09	3.204606e+01	1.297322e+02
4.390000e-06	4.480172e-06	1.962150e-09	3.186273e+01	1.294312e+02
4.400000e-06	4.454077e-06	1.973712e-09	3.167714e+01	1.291317e+02
4.410000e-06	4.427716e-06	1.973401e-09	3.148967e+01	1.288341e+02
4.420000e-06	4.401070e-06	1.955173e-09	3.130016e+01	1.285387e+02
4.430000e-06	4.374066e-06	1.939171e-09	3.110811e+01	1.282458e+02
4.440000e-06	4.346734e-06	1.934477e-09	3.091372e+01	1.279557e+02
4.450000e-06	4.319161e-06	1.949473e-09	3.071763e+01	1.276686e+02
4.460000e-06	4.291371e-06	1.953048e-09	3.051998e+01	1.273844e+02
4.470000e-06	4.263354e-06	1.939694e-09	3.032073e+01	1.271033e+02
4.480000e-06	4.235131e-06	1.935117e-09	3.012001e+01	1.268251e+02
4.490000e-06	4.206722e-06	1.939301e-09	2.991797e+01	1.265498e+02
4.500000e-06	4.178079e-06	1.931469e-09	2.971426e+01	1.262772e+02
4.510000e-06	4.149016e-06	1.920170e-09	2.950757e+01	1.260070e+02
4.520000e-06	4.119382e-06	1.913338e-09	2.929681e+01	1.257389e+02
4.530000e-06	4.089225e-06	1.920403e-09	2.908233e+01	1.254726e+02
4.540000e-06	4.058664e-06	1.931272e-09	2.886498e+01	1.252077e+02
4.550000e-06	4.027686e-06	1.929447e-09	2.864467e+01	1.249438e+02
4.560000e-06	3.996258e-06	1.915969e-09	2.842116e+01	1.246803e+02
4.570000e-06	3.964512e-06	1.909976e-09	2.819538e+01	1.244169e+02
4.580000e-06	3.932649e-06	1.906959e-09	2.796878e+01	1.241529e+02
4.590000e-06	3.900677e-06	1.896434e-09	2.774140e+01	1.238879e+02
4.600000e-06	3.868478e-06	1.883400e-09	2.751240e+01	1.236213e+02
4.610000e-06	3.836087e-06	1.880401e-09	2.728203e+01	1.233526e+02
4.620000e-06	3.803466e-06	1.887663e-09	2.705003e+01	1.230812e+02
4.630000e-06	3.770532e-06	1.890393e-09	2.681581e+01	1.228067e+02
4.640000e-06	3.737368e-06	1.882825e-09	2.657995e+01	1.225285e+02
4.650000e-06	3.703993e-06	1.875061e-09	2.634259e+01	1.222462e+02
4.660000e-06	3.670334e-06	1.872518e-09	2.610320e+01	1.219593e+02
4.670000e-06	3.636373e-06	1.863103e-09	2.586167e+01	1.216674e+02
4.680000e-06	3.602146e-06	1.849240e-09	2.561826e+01	1.213701e+02
4.690000e-06	3.567716e-06	1.838771e-09	2.537340e+01	1.210672e+02
4.700000e-06	3.533057e-06	1.837966e-09	2.512690e+01	1.207583e+02
4.710000e-06	3.498106e-06	1.838772e-09	2.487833e+01	1.204432e+02
4.720000e-06	3.462959e-06	1.837258e-09	2.462837e+01	1.201217e+02
4.730000e-06	3.427600e-06	1.832713e-09	2.437690e+01	1.197937e+02
4.740000e-06	3.392057e-06	1.829355e-09	2.412412e+01	1.194590e+02
4.750000e-06	3.356353e-06	1.826086e-09	2.387019e+01	1.191177e+02
4.760000e-06	3.320407e-06	1.818221e-09	2.361455e+01	1.187697e+02
4.770000e-06	3.284320e-06	1.804704e-09	2.335790e+01	1.184152e+02
4.780000e-06	3.248131e-06	1.793330e-09	2.310052e+01	1.180541e+02
4.790000e-06	3.211737e-06	1.786013e-09	2.284169e+01	1.176868e+02
4.800000e-06	3.175151e-06	1.781660e-09	2.258150e+01	1.173132e+02
4.810000e-06	3.138328e-06	1.777982e-09	2.231961e+01	1.169338e+02
4.820000e-06	3.101135e-06	1.776599e-09	2.205509e+01	1.165487e+02
4.830000e-06	3.063609e-06	1.776231e-09	2.178822e+01	1.161581e+02
4.840000e-06	3.025725e-06	1.774280e-09	2.151878e+01	1.157625e+02
4.850000e-06	2.987468e-06	1.763904e-09	2.124670e+01	1.153621e+02
4.860000e-06	2.948900e-06	1.749938e-09	2.097241e+01	1.149572e+02
4.870000e-06	2.909961e-06	1.739399e-09	2.069547e+01	1.145482e+02
4.880000e-06	2.870689e-06	1.734429e-09	2.041617e+01	1.141354e+02
4.890000e-06	2.831194e-06	1.729676e-09	2.013529e+01	1.137191e+02
4.900000e-06	2.791544e-06	1.726795e-09	1.985330e+01	1.132996e+02
4.910000e-06	2.751733e-06	1.729673e-09	1.957017e+01	1.128773e+02
4.920000e-06	2.711746e-06	1.733246e-09	1.928578e+01	1.124523e+02
4.930000e-06	2.671625e-06	1.730498e-09	1.900044e+01	1.120249e+02
4.940000e-06	2.631376e-06	1.721524e-09	1.871419e+01	1.115953e+02
4.950000e-06	2.591004e-06	1.711690e-09	1.842708e+01	1.111637e+02
4.960000e-06	2.550566e-06	1.700913e-09	1.813948e+01	1.107302e+02
4.970000e-06	2.510054e-06	1.689929e-09	1.785136e+01	1.102949e+02
4.980000e-06	2.469357e-06	1.682035e-09	1.756192e+01	1.098579e+02
4.990000e-06	2.428374e-06	1.679735e-09	1.727046e+01	1.094191e+02
5.000000e-06	2.387179e-06	1.680663e-09	1.697748e+01	1.089784e+02
5.010000e-06	2.345897e-06	1.680774e-09	1.668389e+01	1.085358e+02
5.020000e-06	2.304535e-06	1.676149e-09	1.638972e+01	1.080912e+02
5.030000e-06	2.262976e-06	1.669451e-09	1.609416e+01	1.076443e+02
5.040000e-06	2.221163e-06	1.660019e-09	1.579679e+01	1.071948e+02
5.050000e-06	2.179227e-06	1.648699e-09	1.549854e+01	1.067425e+02
5.060000e-06	2.137152e-06	1.636115e-09	1.519930e+01	1.062870e+02
5.070000e-06	2.094899e-06	1.628148e-09	1.489880e+01	1.058279e+02
5.080000e-06	2.052494e-06	1.625914e-09	1.459722e+01	1.053648e+02
5.090000e-06	2.009959e-06	1.624014e-09	1.429472e+01	1.048973e+02
5.100000e-06	1.967334e-06	1.619397e-09	1.399157e+01	1.044249e+02
5.110000e-06	1.924534e-06	1.616582e-09	1.368718e+01	1.039469e+02
5.120000e-06	1.881532e-06	1.614323e-09	1.338135e+01	1.034630e+02
5.130000e-06	1.838487e-06	1.608200e-09	1.307522e+01	1.029725e+02
5.140000e-06	1.795366e-06	1.596640e-09	1.276854e+01	1.024749e+02
5.150000e-06	1.752056e-06	1.585758e-09	1.246052e+01	1.019696e+02
5.160000e-06	1.708631e-06	1.577745e-09	1.215169e+01	1.014559e+02
5.170000e-06	1.665101e-06	1.569545e-09	1.184210e+01	1.009334e+02
5.180000e-06	1.621421e-06	1.560056e-09	1.153146e+01	1.004014e+02
5.190000e-06	1.577644e-06	1.552053e-09	1.122011e+01	9.985940e+01
5.200000e-06	1.533813e-06	1.546970e-09	1.090839e+01	9.930677e+01
5.210000e-06	1.489941e-06	1.540991e-09	1.059638e+01	9.874300e+01
5.220000e-06	1.446038e-06	1.533326e-09	1.028414e+01	9.816758e+01
5.230000e-06	1.402081e-06	1.525816e-09	9.971522e+00	9.757999e+01
5.240000e-06	1.358031e-06	1.520006e-09	9.658240e+00	9.697976e+01
5.250000e-06	1.313884e-06	1.515088e-09	9.344267e+00	9.636644e+01
5.260000e-06	1.269738e-06	1.508437e-09	9.030304e+00	9.573962e+01
5.270000e-06	1.225557e-06	1.496825e-09	8.716090e+00	9.509888e+01
5.280000e-06	1.181323e-06	1.483192e-09	8.401505e+00	9.444387e+01
5.290000e-06	1.137094e-06	1.471012e-09	8.086947e+00	9.377423e+01
5.300000e-06	1.092779e-06	1.459365e-09	7.771783e+00	9.308966e+01
5.310000e-06	1.048351e-06	1.447163e-09	7.455811e+00	9.238985e+01
5.320000e-06	1.003874e-06	1.437407e-09	7.139493e+00	9.167454e+01
5.330000e-06	9.593777e-07	1.431914e-09	6.823040e+00	9.094346e+01
5.340000e-06	9.148437e-07	1.427646e-09	6.506316e+00	9.019636e+01
5.350000e-06	8.702330e-07	1.415116e-09	6.189048e+00	8.943302e+01
5.360000e-06	8.255093e-07	1.396741e-09	5.870975e+00	8.865320e+01
5.370000e-06	7.806857e-07	1.382006e-09	5.552192e+00	8.785667e+01
5.380000e-06	7.358330e-07	1.370398e-09	5.233202e+00	8.704320e+01
5.390000e-06	6.909173e-07	1.358342e-09	4.913765e+00	8.621255e+01
5.400000e-06	6.458679e-07	1.347028e-09	4.593376e+00	8.536446e+01
5.410000e-06	6.007251e-07	1.339762e-09	4.272323e+00	8.449863e+01
5.420000e-06	5.556342e-07	1.333214e-09	3.951639e+00	8.361478e+01
5.430000e-06	5.106540e-07	1.322008e-09	3.631742e+00	8.271255e+01
5.440000e-06	4.655291e-07	1.304726e-09	3.310817e+00	8.179158e+01
5.450000e-06	4.203323e-07	1.285149e-09	2.989380e+00	8.085145e+01
5.460000e-06	3.751452e-07	1.268337e-09	2.668011e+00	7.989169e+01
5.470000e-06	3.298990e-07	1.255338e-09	2.346223e+00	7.891179e+01
5.480000e-06	2.846487e-07	1.242601e-09	2.024405e+00	7.791120e+01
5.490000e-06	2.393778e-07	1.228601e-09	1.702441e+00	7.688928e+01
5.500000e-06	1.940869e-07	1.216754e-09	1.380335e+00	7.584535e+01
5.510000e-06	1.487387e-07	1.204498e-09	1.057821e+00	7.477869e+01
5.520000e-06	1.034383e-07	1.187757e-09	7.356473e-01	7.368848e+01
5.530000e-06	5.816654e-08	1.169133e-09	4.136771e-01	7.257386e+01
5.540000e-06	1.284840e-08	1.153602e-09	9.137711e-02	7.143392e+01
5.550000e-06	-3.244751e-08	1.137578e-09	-2.307648e-01	7.026768e+01
5.560000e-06	-7.766655e-08	1.119457e-09	-5.523601e-01	6.907410e+01
5.570000e-06	-1.228574e-07	1.101745e-09	-8.737551e-01	6.785209e+01
5.580000e-06	-1.681103e-07	1.082446e-09	-1.195591e+00	6.660053e+01
5.590000e-06	-2.134077e-07	1.059585e-09	-1.517743e+00	6.531823e+01
5.600000e-06	-2.587756e-07	1.034259e-09	-1.840397e+00	6.400399e+01
5.610000e-06	-3.040941e-07	1.012529e-09	-2.162700e+00	6.265658e+01
5.620000e-06	-3.492662e-07	9.925638e-10	-2.483961e+00	6.127472e+01
5.630000e-06	-3.944521e-07	9.709974e-10	-2.805321e+00	5.985716e+01
5.640000e-06	-4.395976e-07	9.508222e-10	-3.126393e+00	5.840262e+01
5.650000e-06	-4.846722e-07	9.316054e-10	-3.446961e+00	5.690982e+01
5.660000e-06	-5.297130e-07	9.079696e-10	-3.767288e+00	5.537753e+01
5.670000e-06	-5.746494e-07	8.800486e-10	-4.086874e+00	5.380452e+01
5.680000e-06	-6.194850e-07	8.504710e-10	-4.405742e+00	5.218961e+01
5.690000e-06	-6.642636e-07	8.215526e-10	-4.724205e+00	5.053167e+01
5.700000e-06	-7.090034e-07	7.934769e-10	-5.042392e+00	4.882964e+01
5.710000e-06	-7.536593e-07	7.655985e-10	-5.359982e+00	4.708253e+01
5.720000e-06	-7.982361e-07	7.428453e-10	-5.677009e+00	4.528942e+01
5.730000e-06	-8.428104e-07	7.224148e-10	-5.994020e+00	4.344950e+01
5.740000e-06	-8.873396e-07	6.996117e-10	-6.310708e+00	4.156209e+01
5.750000e-06	-9.317959e-07	6.739783e-10	-6.626879e+00	3.962660e+01
5.760000e-06	-9.761696e-07	6.436378e-10	-6.942463e+00	3.764257e+01
5.770000e-06	-1.020494e-06	6.068751e-10	-7.257697e+00	3.560969e+01
5.780000e-06	-1.064787e-06	5.665814e-10	-7.572705e+00	3.352781e+01
5.790000e-06	-1.109123e-06	5.283931e-10	-7.888018e+00	3.139691e+01
5.800000e-06	-1.153452e-06	4.946686e-10	-8.203284e+00	2.921716e+01
5.810000e-06	-1.197664e-06	4.660523e-10	-8.517715e+00	2.698887e+01
5.820000e-06	-1.241829e-06	4.392000e-10	-8.831817e+00	2.471256e+01
5.830000e-06	-1.285899e-06	4.107662e-10	-9.145242e+00	2.238889e+01
5.840000e-06	-1.329894e-06	3.777011e-10	-9.458127e+00	2.001875e+01
5.850000e-06	-1.373871e-06	3.405859e-10	-9.770893e+00	1.760317e+01
5.860000e-06	-1.417827e-06	3.028640e-10	-1.008351e+01	1.514340e+01
5.870000e-06	-1.461730e-06	2.644393e-10	-1.039574e+01	1.264085e+01
5.880000e-06	-1.505546e-06	2.234135e-10	-1.070736e+01	1.009712e+01
5.890000e-06	-1.549330e-06	1.824675e-10	-1.101875e+01	7.514006e+00
5.900000e-06	-1.593080e-06	1.454092e-10	-1.132989e+01	4.893455e+00
5.910000e-06	-1.636699e-06	1.086017e-10	-1.164011e+01	2.237597e+00
5.920000e-06	-1.680178e-06	7.043854e-11	-1.194933e+01	-4.512748e-01
5.930000e-06	-1.723540e-06	2.968079e-11	-1.225772e+01	-3.170715e+00
5.940000e-06	-1.766773e-06	-1.273423e-11	-1.256519e+01	-5.918132e+00
5.950000e-06	-1.809872e-06	-5.550406e-11	-1.287171e+01	-8.690795e+00
5.960000e-06	-1.852819e-06	-1.005910e-10	-1.317714e+01	-1.148585e+01
5.970000e-06	-1.895642e-06	-1.498516e-10	-1.348170e+01	-1.430033e+01
5.980000e-06	-1.938383e-06	-2.004743e-10	-1.378567e+01	-1.713117e+01
5.990000e-06	-1.980985e-06	-2.491046e-10	-1.408865e+01	-1.997521e+01
6.000000e-06	-2.023467e-06	-2.972404e-10	-1.439078e+01	-2.282921e+01
6.010000e-06	-2.065833e-06	-3.436420e-10	-1.469209e+01	-2.568990e+01
6.020000e-06	-2.108058e-06	-3.869363e-10	-1.499239e+01	-2.855394e+01
6.030000e-06	-2.150135e-06	-4.270877e-10	-1.529164e+01	-3.141796e+01
6.040000e-06	-2.192069e-06	-4.669224e-10	-1.558987e+01	-3.427859e+01
6.050000e-06	-2.233906e-06	-5.103599e-10	-1.588741e+01	-3.713245e+01
6.060000e-06	-2.275590e-06	-5.590240e-10	-1.618387e+01	-3.997618e+01
6.070000e-06	-2.317052e-06	-6.107354e-10	-1.647874e+01	-4.280645e+01
6.080000e-06	-2.358222e-06	-6.594941e-10	-1.677154e+01	-4.561997e+01
6.090000e-06	-2.399160e-06	-7.030590e-10	-1.706269e+01	-4.841352e+01
6.100000e-06	-2.439983e-06	-7.461471e-10	-1.735302e+01	-5.118395e+01
6.110000e-06	-2.480612e-06	-7.913982e-10	-1.764197e+01	-5.392818e+01
6.120000e-06	-2.521086e-06	-8.336971e-10	-1.792982e+01	-5.664325e+01
6.130000e-06	-2.561485e-06	-8.716150e-10	-1.821714e+01	-5.932629e+01
6.140000e-06	-2.601717e-06	-9.114301e-10	-1.850327e+01	-6.197458e+01
6.150000e-06	-2.641850e-06	-9.560258e-10	-1.878869e+01	-6.458550e+01
6.160000e-06	-2.681905e-06	-1.000147e-09	-1.907356e+01	-6.715659e+01
6.170000e-06	-2.721833e-06	-1.039180e-09	-1.935752e+01	-6.968551e+01
6.180000e-06	-2.761698e-06	-1.074669e-09	-1.964104e+01	-7.217010e+01
6.190000e-06	-2.801434e-06	-1.111152e-09	-1.992364e+01	-7.460835e+01
6.200000e-06	-2.840966e-06	-1.146976e-09	-2.020479e+01	-7.699842e+01
6.210000e-06	-2.880326e-06	-1.177715e-09	-2.048471e+01	-7.933863e+01
6.220000e-06	-2.919418e-06	-1.205631e-09	-2.076273e+01	-8.162747e+01
6.230000e-06	-2.958019e-06	-1.235597e-09	-2.103726e+01	-8.386360e+01
6.240000e-06	-2.996226e-06	-1.270248e-09	-2.130899e+01	-8.604585e+01
6.250000e-06	-3.034199e-06	-1.306307e-09	-2.157905e+01	-8.817324e+01
6.260000e-06	-3.071816e-06	-1.341802e-09	-2.184658e+01	-9.024493e+01
6.270000e-06	-3.108976e-06	-1.375435e-09	-2.211086e+01	-9.226027e+01
6.280000e-06	-3.145783e-06	-1.407551e-09	-2.237263e+01	-9.421876e+01
6.290000e-06	-3.182419e-06	-1.437788e-09	-2.263318e+01	-9.612007e+01
6.300000e-06	-3.218893e-06	-1.461550e-09	-2.289258e+01	-9.796400e+01
6.310000e-06	-3.255116e-06	-1.480917e-09	-2.315020e+01	-9.975053e+01
6.320000e-06	-3.291180e-06	-1.502392e-09	-2.340669e+01	-1.014798e+02
6.330000e-06	-3.327114e-06	-1.530572e-09	-2.366225e+01	-1.031519e+02
6.340000e-06	-3.362862e-06	-1.563694e-09	-2.391648e+01	-1.047674e+02
6.350000e-06	-3.398451e-06	-1.595662e-09	-2.416959e+01	-1.063267e+02
6.360000e-06	-3.433855e-06	-1.621481e-09	-2.442138e+01	-1.078303e+02
6.370000e-06	-3.469039e-06	-1.641143e-09	-2.467161e+01	-1.092791e+02
6.380000e-06	-3.503942e-06	-1.656941e-09	-2.491984e+01	-1.106737e+02
6.390000e-06	-3.538581e-06	-1.669409e-09	-2.516619e+01	-1.120152e+02
6.400000e-06	-3.572999e-06	-1.682643e-09	-2.541097e+01	-1.133043e+02
6.410000e-06	-3.607163e-06	-1.698886e-09	-2.565394e+01	-1.145423e+02
6.420000e-06	-3.641157e-06	-1.718446e-09	-2.589570e+01	-1.157301e+02
6.430000e-06	-3.674942e-06	-1.740659e-09	-2.613598e+01	-1.168689e+02
6.440000e-06	-3.708436e-06	-1.761338e-09	-2.637418e+01	-1.179599e+02
6.450000e-06	-3.741599e-06	-1.777291e-09	-2.661004e+01	-1.190044e+02
6.460000e-06	-3.774415e-06	-1.790270e-09	-2.684342e+01	-1.200036e+02
6.470000e-06	-3.806997e-06	-1.803394e-09	-2.707515e+01	-1.209588e+02
6.480000e-06	-3.839361e-06	-1.816132e-09	-2.730532e+01	-1.218713e+02
6.490000e-06	-3.871514e-06	-1.828407e-09	-2.753399e+01	-1.227425e+02
6.500000e-06	-3.903469e-06	-1.839953e-09	-2.776125e+01	-1.235736e+02
6.510000e-06	-3.935229e-06	-1.854777e-09	-2.798713e+01	-1.243660e+02
6.520000e-06	-3.966759e-06	-1.872081e-09	-2.821136e+01	-1.251210e+02
6.530000e-06	-3.998046e-06	-1.886176e-09	-2.843387e+01	-1.258400e+02
6.540000e-06	-4.029032e-06	-1.894358e-09	-2.865425e+01	-1.265243e+02
6.550000e-06	-4.059500e-06	-1.902966e-09	-2.887094e+01	-1.271752e+02
6.560000e-06	-4.089462e-06	-1.912726e-09	-2.908402e+01	-1.277939e+02
6.570000e-06	-4.119035e-06	-1.919320e-09	-2.929434e+01	-1.283818e+02
6.580000e-06	-4.148110e-06	-1.924306e-09	-2.950112e+01	-1.289401e+02
6.590000e-06	-4.176743e-06	-1.930116e-09	-2.970476e+01	-1.294700e+02
6.600000e-06	-4.205109e-06	-1.941260e-09	-2.990650e+01	-1.299728e+02
6.610000e-06	-4.233227e-06	-1.956006e-09	-3.010647e+01	-1.304495e+02
6.620000e-06	-4.261141e-06	-1.967033e-09	-3.030500e+01	-1.309015e+02
6.630000e-06	-4.288872e-06	-1.972706e-09	-3.050221e+01	-1.313297e+02
6.640000e-06	-4.316452e-06	-1.976227e-09	-3.069836e+01	-1.317354e+02
6.650000e-06	-4.343830e-06	-1.978214e-09	-3.089307e+01	-1.321196e+02
6.660000e-06	-4.370909e-06	-1.979572e-09	-3.108566e+01	-1.324833e+02
6.670000e-06	-4.397617e-06	-1.981098e-09	-3.127560e+01	-1.328277e+02
6.680000e-06	-4.423960e-06	-1.986294e-09	-3.146295e+01	-1.331536e+02
6.690000e-06	-4.449998e-06	-1.994808e-09	-3.164814e+01	-1.334620e+02
6.700000e-06	-4.475727e-06	-2.003693e-09	-3.183112e+01	-1.337540e+02
6.710000e-06	-4.501034e-06	-2.009735e-09	-3.201110e+01	-1.340304e+02
6.720000e-06	-4.525937e-06	-2.014310e-09	-3.218821e+01	-1.342921e+02
6.730000e-06	-4.550605e-06	-2.017152e-09	-3.236365e+01	-1.345399e+02
6.740000e-06	-4.575051e-06	-2.019588e-09	-3.253750e+01	-1.347747e+02
6.750000e-06	-4.599240e-06	-2.022252e-09	-3.270953e+01	-1.349973e+02
6.760000e-06	-4.623224e-06	-2.025477e-09	-3.288011e+01	-1.352084e+02
6.770000e-06	-4.647044e-06	-2.030638e-09	-3.304952e+01	-1.354087e+02
6.780000e-06	-4.670628e-06	-2.038388e-09	-3.321724e+01	-1.355991e+02
6.790000e-06	-4.693800e-06	-2.045694e-09	-3.338203e+01	-1.357800e+02
6.800000e-06	-4.716501e-06	-2.048027e-09	-3.354348e+01	-1.359522e+02
6.810000e-06	-4.738619e-06	-2.047562e-09	-3.370079e+01	-1.361162e+02
6.820000e-06	-4.760144e-06	-2.047655e-09	-3.385387e+01	-1.362726e+02
6.830000e-06	-4.781302e-06	-2.047928e-09	-3.400435e+01	-1.364218e+02
6.840000e-06	-4.802110e-06	-2.048447e-09	-3.415233e+01	-1.365644e+02
6.850000e-06	-4.822528e-06	-2.050833e-09	-3.429755e+01	-1.367008e+02
6.860000e-06	-4.842675e-06	-2.052696e-09	-3.444083e+01	-1.368314e+02
6.870000e-06	-4.862638e-06	-2.054338e-09	-3.458281e+01	-1.369565e+02
6.880000e-06	-4.882368e-06	-2.055723e-09	-3.472312e+01	-1.370764e+02
6.890000e-06	-4.901787e-06	-2.058213e-09	-3.486123e+01	-1.371914e+02
6.900000e-06	-4.920829e-06	-2.062069e-09	-3.499666e+01	-1.373016e+02
6.910000e-06	-4.939528e-06	-2.065805e-09	-3.512964e+01	-1.374073e+02
6.920000e-06	-4.957889e-06	-2.067955e-09	-3.526022e+01	-1.375086e+02
6.930000e-06	-4.975882e-06	-2.068477e-09	-3.538819e+01	-1.376055e+02
6.940000e-06	-4.993628e-06	-2.069322e-09	-3.551440e+01	-1.376982e+02
6.950000e-06	-5.011022e-06	-2.070615e-09	-3.563810e+01	-1.377866e+02
6.960000e-06	-5.028028e-06	-2.070311e-09	-3.575905e+01	-1.378707e+02
6.970000e-06	-5.044817e-06	-2.070260e-09	-3.587845e+01	-1.379504e+02
6.980000e-06	-5.061304e-06	-2.071392e-09	-3.599570e+01	-1.380256e+02
6.990000e-06	-5.077472e-06	-2.072311e-09	-3.611069e+01	-1.380962e+02
7.000000e-06	-5.093379e-06	-2.069819e-09	-3.622382e+01	-1.381621e+02
7.010000e-06	-5.108928e-06	-2.064527e-09	-3.633441e+01	-1.382230e+02
7.020000e-06	-5.124085e-06	-2.061600e-09	-3.644220e+01	-1.382787e+02
7.030000e-06	-5.138716e-06	-2.062666e-09	-3.654626e+01	-1.383291e+02
7.040000e-06	-5.152765e-06	-2.064222e-09	-3.664617e+01	-1.383739e+02
7.050000e-06	-5.166194e-06	-2.063158e-09	-3.674168e+01	-1.384129e+02
7.060000e-06	-5.179024e-06	-2.060677e-09	-3.683292e+01	-1.384458e+02
7.070000e-06	-5.191528e-06	-2.058629e-09	-3.692185e+01	-1.384723e+02
7.080000e-06	-5.203717e-06	-2.054968e-09	-3.700854e+01	-1.384924e+02
7.090000e-06	-5.215538e-06	-2.052111e-09	-3.709261e+01	-1.385057e+02
7.100000e-06	-5.226944e-06	-2.053779e-09	-3.717373e+01	-1.385120e+02
7.110000e-06	-5.237985e-06	-2.056490e-09	-3.725225e+01	-1.385112e+02
7.120000e-06	-5.248688e-06	-2.057029e-09	-3.732837e+01	-1.385031e+02
7.130000e-06	-5.258991e-06	-2.054662e-09	-3.740165e+01	-1.384876e+02
7.140000e-06	-5.268945e-06	-2.051002e-09	-3.747244e+01	-1.384646e+02
7.150000e-06	-5.278520e-06	-2.046467e-09	-3.754053e+01	-1.384340e+02
7.160000e-06	-5.287664e-06	-2.041021e-09	-3.760556e+01	-1.383959e+02
7.170000e-06	-5.296479e-06	-2.036597e-09	-3.766826e+01	-1.383502e+02
7.180000e-06	-5.304914e-06	-2.036174e-09	-3.772825e+01	-1.382970e+02
7.190000e-06	-5.313045e-06	-2.038995e-09	-3.778607e+01	-1.382365e+02
7.200000e-06	-5.321028e-06	-2.043043e-09	-3.784285e+01	-1.381688e+02
7.210000e-06	-5.328807e-06	-2.044543e-09	-3.789817e+01	-1.380943e+02
7.220000e-06	-5.336307e-06	-2.044391e-09	-3.795151e+01	-1.380130e+02
7.230000e-06	-5.343333e-06	-2.042997e-09	-3.800148e+01	-1.379255e+02
7.240000e-06	-5.349698e-06	-2.040342e-09	-3.804675e+01	-1.378321e+02
7.250000e-06	-5.355356e-06	-2.036639e-09	-3.808698e+01	-1.377332e+02
7.260000e-06	-5.360422e-06	-2.030524e-09	-3.812302e+01	-1.376293e+02
7.270000e-06	-5.365093e-06	-2.024905e-09	-3.815624e+01	-1.375210e+02
7.280000e-06	-5.369492e-06	-2.021443e-09	-3.818752e+01	-1.374088e+02
7.290000e-06	-5.373665e-06	-2.021355e-09	-3.821720e+01	-1.372933e+02
7.300000e-06	-5.377589e-06	-2.021330e-09	-3.824511e+01	-1.371752e+02
7.310000e-06	-5.381208e-06	-2.022299e-09	-3.827085e+01	-1.370552e+02
7.320000e-06	-5.384438e-06	-2.024520e-09	-3.829382e+01	-1.369340e+02
7.330000e-06	-5.387255e-06	-2.026264e-09	-3.831385e+01	-1.368123e+02
7.340000e-06	-5.389759e-06	-2.025679e-09	-3.833166e+01	-1.366908e+02
7.350000e-06	-5.391959e-06	-2.020506e-09	-3.834730e+01	-1.365704e+02
7.360000e-06	-5.393823e-06	-2.011710e-09	-3.836056e+01	-1.364516e+02
7.370000e-06	-5.395293e-06	-2.001631e-09	-3.837101e+01	-1.363354e+02
7.380000e-06	-5.396326e-06	-1.996497e-09	-3.837836e+01	-1.362223e+02
7.390000e-06	-5.396956e-06	-1.998310e-09	-3.838285e+01	-1.361132e+02
7.400000e-06	-5.397264e-06	-2.004830e-09	-3.838503e+01	-1.360086e+02
