# Temperatura_=_9.0
# Concentracion g/m^3_=_4090.0
# C_Vs_to_Am_M_A/Vsm_=_65563218390.804596
# pendiente_HvsI_1/m_=_3716.3
# ordenada_HvsI_A/m_=_1297.0
# frecuencia_Hz_=_135086.05952685582

Tiempo_(s)	Campo_(V.s)	Magnetizacion_(V.s)	Campo_(kA/m)	Magnetizacion_(A/m)
0.000000e+00	-5.408136e-06	-1.357779e-09	-3.838146e+01	-8.826303e+01
1.000000e-08	-5.408511e-06	-1.354861e-09	-3.838412e+01	-8.812136e+01
2.000000e-08	-5.408650e-06	-1.351977e-09	-3.838511e+01	-8.798438e+01
3.000000e-08	-5.408510e-06	-1.346321e-09	-3.838412e+01	-8.785273e+01
4.000000e-08	-5.407986e-06	-1.338381e-09	-3.838040e+01	-8.772700e+01
5.000000e-08	-5.406820e-06	-1.334888e-09	-3.837212e+01	-8.760775e+01
6.000000e-08	-5.405024e-06	-1.337816e-09	-3.835938e+01	-8.749546e+01
7.000000e-08	-5.402711e-06	-1.351502e-09	-3.834296e+01	-8.739056e+01
8.000000e-08	-5.399820e-06	-1.379333e-09	-3.832244e+01	-8.729341e+01
9.000000e-08	-5.396411e-06	-1.364840e-09	-3.829825e+01	-8.720430e+01
1.000000e-07	-5.392600e-06	-1.289369e-09	-3.827120e+01	-8.712343e+01
1.100000e-07	-5.388513e-06	-1.271746e-09	-3.824220e+01	-8.705093e+01
1.200000e-07	-5.384222e-06	-1.374915e-09	-3.821174e+01	-8.698686e+01
1.300000e-07	-5.379633e-06	-1.402876e-09	-3.817918e+01	-8.693118e+01
1.400000e-07	-5.374570e-06	-1.299201e-09	-3.814324e+01	-8.688376e+01
1.500000e-07	-5.369093e-06	-1.259173e-09	-3.810437e+01	-8.684440e+01
1.600000e-07	-5.363390e-06	-1.403915e-09	-3.806390e+01	-8.681282e+01
1.700000e-07	-5.357304e-06	-1.422178e-09	-3.802071e+01	-8.678863e+01
1.800000e-07	-5.350706e-06	-1.265931e-09	-3.797388e+01	-8.677139e+01
1.900000e-07	-5.343748e-06	-1.189422e-09	-3.792450e+01	-8.676058e+01
2.000000e-07	-5.336639e-06	-1.325722e-09	-3.787405e+01	-8.675558e+01
2.100000e-07	-5.329251e-06	-1.353502e-09	-3.782162e+01	-8.675575e+01
2.200000e-07	-5.321464e-06	-1.256491e-09	-3.776635e+01	-8.676034e+01
2.300000e-07	-5.313433e-06	-1.268894e-09	-3.770936e+01	-8.676858e+01
2.400000e-07	-5.305174e-06	-1.389511e-09	-3.765074e+01	-8.677963e+01
2.500000e-07	-5.296323e-06	-1.371662e-09	-3.758793e+01	-8.679262e+01
2.600000e-07	-5.286784e-06	-1.287541e-09	-3.752023e+01	-8.680665e+01
2.700000e-07	-5.276632e-06	-1.347687e-09	-3.744818e+01	-8.682078e+01
2.800000e-07	-5.265875e-06	-1.393960e-09	-3.737183e+01	-8.683407e+01
2.900000e-07	-5.254705e-06	-1.299573e-09	-3.729256e+01	-8.684556e+01
3.000000e-07	-5.243098e-06	-1.265426e-09	-3.721019e+01	-8.685431e+01
3.100000e-07	-5.231146e-06	-1.384037e-09	-3.712536e+01	-8.685935e+01
3.200000e-07	-5.218775e-06	-1.366950e-09	-3.703757e+01	-8.685977e+01
3.300000e-07	-5.206048e-06	-1.272978e-09	-3.694725e+01	-8.685467e+01
3.400000e-07	-5.192992e-06	-1.295101e-09	-3.685458e+01	-8.684317e+01
3.500000e-07	-5.179481e-06	-1.379774e-09	-3.675870e+01	-8.682447e+01
3.600000e-07	-5.165672e-06	-1.331769e-09	-3.666070e+01	-8.679778e+01
3.700000e-07	-5.151546e-06	-1.306940e-09	-3.656045e+01	-8.676240e+01
3.800000e-07	-5.136859e-06	-1.315924e-09	-3.645621e+01	-8.671766e+01
3.900000e-07	-5.121543e-06	-1.301616e-09	-3.634751e+01	-8.666300e+01
4.000000e-07	-5.105666e-06	-1.281363e-09	-3.623484e+01	-8.659789e+01
4.100000e-07	-5.089334e-06	-1.325007e-09	-3.611893e+01	-8.652192e+01
4.200000e-07	-5.072686e-06	-1.303306e-09	-3.600078e+01	-8.643474e+01
4.300000e-07	-5.055624e-06	-1.268553e-09	-3.587969e+01	-8.633607e+01
4.400000e-07	-5.038244e-06	-1.309381e-09	-3.575634e+01	-8.622576e+01
4.500000e-07	-5.020590e-06	-1.350581e-09	-3.563105e+01	-8.610370e+01
4.600000e-07	-5.002555e-06	-1.286188e-09	-3.550306e+01	-8.596990e+01
4.700000e-07	-4.984192e-06	-1.247395e-09	-3.537274e+01	-8.582445e+01
4.800000e-07	-4.965459e-06	-1.277839e-09	-3.523979e+01	-8.566752e+01
4.900000e-07	-4.946307e-06	-1.291384e-09	-3.510387e+01	-8.549935e+01
5.000000e-07	-4.926872e-06	-1.266200e-09	-3.496594e+01	-8.532029e+01
5.100000e-07	-4.907249e-06	-1.253181e-09	-3.482668e+01	-8.513073e+01
5.200000e-07	-4.887386e-06	-1.261955e-09	-3.468571e+01	-8.493117e+01
5.300000e-07	-4.867265e-06	-1.278767e-09	-3.454291e+01	-8.472213e+01
5.400000e-07	-4.846863e-06	-1.285041e-09	-3.439811e+01	-8.450422e+01
5.500000e-07	-4.826096e-06	-1.253010e-09	-3.425073e+01	-8.427809e+01
5.600000e-07	-4.804929e-06	-1.236059e-09	-3.410051e+01	-8.404444e+01
5.700000e-07	-4.783394e-06	-1.254766e-09	-3.394768e+01	-8.380401e+01
5.800000e-07	-4.761658e-06	-1.264875e-09	-3.379342e+01	-8.355755e+01
5.900000e-07	-4.739691e-06	-1.233318e-09	-3.363752e+01	-8.330586e+01
6.000000e-07	-4.717338e-06	-1.216847e-09	-3.347888e+01	-8.304972e+01
6.100000e-07	-4.694540e-06	-1.226220e-09	-3.331708e+01	-8.278996e+01
6.200000e-07	-4.671386e-06	-1.246541e-09	-3.315275e+01	-8.252736e+01
6.300000e-07	-4.648043e-06	-1.236278e-09	-3.298709e+01	-8.226272e+01
6.400000e-07	-4.624484e-06	-1.219886e-09	-3.281989e+01	-8.199681e+01
6.500000e-07	-4.600690e-06	-1.218291e-09	-3.265103e+01	-8.173038e+01
6.600000e-07	-4.576707e-06	-1.240604e-09	-3.248082e+01	-8.146414e+01
6.700000e-07	-4.552428e-06	-1.233397e-09	-3.230851e+01	-8.119877e+01
6.800000e-07	-4.527751e-06	-1.207572e-09	-3.213338e+01	-8.093489e+01
6.900000e-07	-4.502633e-06	-1.191702e-09	-3.195512e+01	-8.067307e+01
7.000000e-07	-4.476813e-06	-1.204853e-09	-3.177188e+01	-8.041386e+01
7.100000e-07	-4.450374e-06	-1.207654e-09	-3.158424e+01	-8.015769e+01
7.200000e-07	-4.423548e-06	-1.197799e-09	-3.139385e+01	-7.990498e+01
7.300000e-07	-4.396372e-06	-1.187894e-09	-3.120099e+01	-7.965605e+01
7.400000e-07	-4.369006e-06	-1.201086e-09	-3.100677e+01	-7.941116e+01
7.500000e-07	-4.341436e-06	-1.210634e-09	-3.081111e+01	-7.917052e+01
7.600000e-07	-4.313707e-06	-1.199481e-09	-3.061432e+01	-7.893425e+01
7.700000e-07	-4.285773e-06	-1.179493e-09	-3.041607e+01	-7.870239e+01
7.800000e-07	-4.257547e-06	-1.179739e-09	-3.021575e+01	-7.847495e+01
7.900000e-07	-4.228983e-06	-1.187489e-09	-3.001303e+01	-7.825184e+01
8.000000e-07	-4.200140e-06	-1.180046e-09	-2.980833e+01	-7.803291e+01
8.100000e-07	-4.171034e-06	-1.168134e-09	-2.960177e+01	-7.781797e+01
8.200000e-07	-4.141608e-06	-1.166590e-09	-2.939293e+01	-7.760675e+01
8.300000e-07	-4.111939e-06	-1.173932e-09	-2.918237e+01	-7.739895e+01
8.400000e-07	-4.081983e-06	-1.171608e-09	-2.896978e+01	-7.719420e+01
8.500000e-07	-4.051705e-06	-1.158032e-09	-2.875489e+01	-7.699210e+01
8.600000e-07	-4.021029e-06	-1.149590e-09	-2.853719e+01	-7.679222e+01
8.700000e-07	-3.990015e-06	-1.158054e-09	-2.831708e+01	-7.659408e+01
8.800000e-07	-3.958823e-06	-1.165471e-09	-2.809571e+01	-7.639720e+01
8.900000e-07	-3.927453e-06	-1.159511e-09	-2.787307e+01	-7.620107e+01
9.000000e-07	-3.895936e-06	-1.143921e-09	-2.764940e+01	-7.600517e+01
9.100000e-07	-3.864303e-06	-1.138623e-09	-2.742490e+01	-7.580897e+01
9.200000e-07	-3.832389e-06	-1.135479e-09	-2.719841e+01	-7.561194e+01
9.300000e-07	-3.800299e-06	-1.129939e-09	-2.697066e+01	-7.541358e+01
9.400000e-07	-3.768083e-06	-1.122010e-09	-2.674203e+01	-7.521338e+01
9.500000e-07	-3.735512e-06	-1.129789e-09	-2.651087e+01	-7.501086e+01
9.600000e-07	-3.702471e-06	-1.142646e-09	-2.627638e+01	-7.480556e+01
9.700000e-07	-3.668869e-06	-1.144831e-09	-2.603791e+01	-7.459705e+01
9.800000e-07	-3.634760e-06	-1.127780e-09	-2.579584e+01	-7.438493e+01
9.900000e-07	-3.600335e-06	-1.111826e-09	-2.555152e+01	-7.416885e+01
1.000000e-06	-3.565623e-06	-1.101796e-09	-2.530518e+01	-7.394850e+01
1.010000e-06	-3.530586e-06	-1.096639e-09	-2.505652e+01	-7.372358e+01
1.020000e-06	-3.495304e-06	-1.090668e-09	-2.480612e+01	-7.349389e+01
1.030000e-06	-3.459755e-06	-1.092259e-09	-2.455383e+01	-7.325924e+01
1.040000e-06	-3.423966e-06	-1.102104e-09	-2.429984e+01	-7.301949e+01
1.050000e-06	-3.388118e-06	-1.111545e-09	-2.404542e+01	-7.277456e+01
1.060000e-06	-3.352155e-06	-1.105203e-09	-2.379019e+01	-7.252442e+01
1.070000e-06	-3.315934e-06	-1.086955e-09	-2.353314e+01	-7.226907e+01
1.080000e-06	-3.279469e-06	-1.069643e-09	-2.327434e+01	-7.200856e+01
1.090000e-06	-3.242745e-06	-1.061536e-09	-2.301371e+01	-7.174300e+01
1.100000e-06	-3.205860e-06	-1.056924e-09	-2.275194e+01	-7.147252e+01
1.110000e-06	-3.168813e-06	-1.053906e-09	-2.248902e+01	-7.119728e+01
1.120000e-06	-3.131499e-06	-1.056140e-09	-2.222420e+01	-7.091750e+01
1.130000e-06	-3.093987e-06	-1.062202e-09	-2.195798e+01	-7.063342e+01
1.140000e-06	-3.056226e-06	-1.063534e-09	-2.168999e+01	-7.034528e+01
1.150000e-06	-3.018240e-06	-1.055513e-09	-2.142041e+01	-7.005337e+01
1.160000e-06	-2.980180e-06	-1.044892e-09	-2.115030e+01	-6.975799e+01
1.170000e-06	-2.941967e-06	-1.037049e-09	-2.087910e+01	-6.945943e+01
1.180000e-06	-2.903470e-06	-1.032386e-09	-2.060588e+01	-6.915800e+01
1.190000e-06	-2.864655e-06	-1.024005e-09	-2.033041e+01	-6.885402e+01
1.200000e-06	-2.825646e-06	-1.016896e-09	-2.005357e+01	-6.854778e+01
1.210000e-06	-2.786512e-06	-1.016257e-09	-1.977583e+01	-6.823958e+01
1.220000e-06	-2.747148e-06	-1.020914e-09	-1.949647e+01	-6.792970e+01
1.230000e-06	-2.707614e-06	-1.018349e-09	-1.921590e+01	-6.761840e+01
1.240000e-06	-2.668024e-06	-1.011409e-09	-1.893493e+01	-6.730591e+01
1.250000e-06	-2.628338e-06	-1.003326e-09	-1.865328e+01	-6.699245e+01
1.260000e-06	-2.588564e-06	-9.998809e-10	-1.837100e+01	-6.667819e+01
1.270000e-06	-2.548648e-06	-9.953264e-10	-1.808771e+01	-6.636328e+01
1.280000e-06	-2.508522e-06	-9.872565e-10	-1.780295e+01	-6.604783e+01
1.290000e-06	-2.468249e-06	-9.790721e-10	-1.751713e+01	-6.573192e+01
1.300000e-06	-2.427828e-06	-9.763899e-10	-1.723026e+01	-6.541557e+01
1.310000e-06	-2.387257e-06	-9.742104e-10	-1.694233e+01	-6.509878e+01
1.320000e-06	-2.346528e-06	-9.669517e-10	-1.665327e+01	-6.478150e+01
1.330000e-06	-2.305524e-06	-9.583397e-10	-1.636227e+01	-6.446365e+01
1.340000e-06	-2.264170e-06	-9.543961e-10	-1.606878e+01	-6.414508e+01
1.350000e-06	-2.222556e-06	-9.532385e-10	-1.577344e+01	-6.382564e+01
1.360000e-06	-2.180627e-06	-9.509463e-10	-1.547588e+01	-6.350512e+01
1.370000e-06	-2.138442e-06	-9.444880e-10	-1.517649e+01	-6.318326e+01
1.380000e-06	-2.095961e-06	-9.374377e-10	-1.487500e+01	-6.285981e+01
1.390000e-06	-2.053203e-06	-9.330914e-10	-1.457155e+01	-6.253444e+01
1.400000e-06	-2.010300e-06	-9.285741e-10	-1.426707e+01	-6.220682e+01
1.410000e-06	-1.967089e-06	-9.196137e-10	-1.396040e+01	-6.187660e+01
1.420000e-06	-1.923703e-06	-9.105609e-10	-1.365249e+01	-6.154338e+01
1.430000e-06	-1.880343e-06	-9.076140e-10	-1.334477e+01	-6.120676e+01
1.440000e-06	-1.836857e-06	-9.073234e-10	-1.303615e+01	-6.086634e+01
1.450000e-06	-1.793208e-06	-9.039577e-10	-1.272637e+01	-6.052168e+01
1.460000e-06	-1.749491e-06	-8.983784e-10	-1.241611e+01	-6.017235e+01
1.470000e-06	-1.705704e-06	-8.943471e-10	-1.210535e+01	-5.981791e+01
1.480000e-06	-1.661846e-06	-8.897769e-10	-1.179410e+01	-5.945792e+01
1.490000e-06	-1.617925e-06	-8.819244e-10	-1.148239e+01	-5.909196e+01
1.500000e-06	-1.573942e-06	-8.727110e-10	-1.117024e+01	-5.871959e+01
1.510000e-06	-1.529862e-06	-8.682924e-10	-1.085741e+01	-5.834039e+01
1.520000e-06	-1.485669e-06	-8.652256e-10	-1.054377e+01	-5.795396e+01
1.530000e-06	-1.441356e-06	-8.580033e-10	-1.022928e+01	-5.755989e+01
1.540000e-06	-1.396993e-06	-8.497471e-10	-9.914438e+00	-5.715782e+01
1.550000e-06	-1.352662e-06	-8.444373e-10	-9.599825e+00	-5.674737e+01
1.560000e-06	-1.308259e-06	-8.412728e-10	-9.284693e+00	-5.632819e+01
1.570000e-06	-1.263745e-06	-8.372422e-10	-8.968780e+00	-5.589995e+01
1.580000e-06	-1.219153e-06	-8.292208e-10	-8.652308e+00	-5.546235e+01
1.590000e-06	-1.174402e-06	-8.206623e-10	-8.334712e+00	-5.501507e+01
1.600000e-06	-1.129614e-06	-8.146581e-10	-8.016854e+00	-5.455784e+01
1.610000e-06	-1.084700e-06	-8.095524e-10	-7.698102e+00	-5.409039e+01
1.620000e-06	-1.039574e-06	-8.006549e-10	-7.377843e+00	-5.361245e+01
1.630000e-06	-9.943675e-07	-7.890785e-10	-7.057012e+00	-5.312377e+01
1.640000e-06	-9.490859e-07	-7.797695e-10	-6.735649e+00	-5.262411e+01
1.650000e-06	-9.037179e-07	-7.728328e-10	-6.413673e+00	-5.211323e+01
1.660000e-06	-8.583137e-07	-7.636861e-10	-6.091440e+00	-5.159088e+01
1.670000e-06	-8.129611e-07	-7.549942e-10	-5.769573e+00	-5.105682e+01
1.680000e-06	-7.676247e-07	-7.490326e-10	-5.447821e+00	-5.051080e+01
1.690000e-06	-7.221679e-07	-7.429213e-10	-5.125215e+00	-4.995254e+01
1.700000e-06	-6.766543e-07	-7.320234e-10	-4.802206e+00	-4.938177e+01
1.710000e-06	-6.310746e-07	-7.180292e-10	-4.478727e+00	-4.879819e+01
1.720000e-06	-5.853975e-07	-7.085396e-10	-4.154558e+00	-4.820148e+01
1.730000e-06	-5.397619e-07	-7.036531e-10	-3.830682e+00	-4.759129e+01
1.740000e-06	-4.940972e-07	-6.939660e-10	-3.506600e+00	-4.696724e+01
1.750000e-06	-4.484081e-07	-6.795085e-10	-3.182346e+00	-4.632892e+01
1.760000e-06	-4.026583e-07	-6.673719e-10	-2.857660e+00	-4.567589e+01
1.770000e-06	-3.567829e-07	-6.576887e-10	-2.532083e+00	-4.500768e+01
1.780000e-06	-3.109246e-07	-6.448893e-10	-2.206627e+00	-4.432375e+01
1.790000e-06	-2.651196e-07	-6.312366e-10	-1.881550e+00	-4.362356e+01
1.800000e-06	-2.192916e-07	-6.197717e-10	-1.556309e+00	-4.290649e+01
1.810000e-06	-1.734359e-07	-6.096484e-10	-1.230872e+00	-4.217192e+01
1.820000e-06	-1.276106e-07	-5.993727e-10	-9.056502e-01	-4.141916e+01
1.830000e-06	-8.179538e-08	-5.866227e-10	-5.805006e-01	-4.064750e+01
1.840000e-06	-3.593320e-08	-5.722817e-10	-2.550174e-01	-3.985618e+01
1.850000e-06	9.937909e-09	-5.602156e-10	7.052919e-02	-3.904442e+01
1.860000e-06	5.579495e-08	-5.497834e-10	3.959760e-01	-3.821140e+01
1.870000e-06	1.016735e-07	-5.378268e-10	7.215751e-01	-3.735628e+01
1.880000e-06	1.474849e-07	-5.258977e-10	1.046698e+00	-3.647819e+01
1.890000e-06	1.932606e-07	-5.117397e-10	1.371568e+00	-3.557627e+01
1.900000e-06	2.391584e-07	-4.968836e-10	1.697303e+00	-3.464961e+01
1.910000e-06	2.850831e-07	-4.811101e-10	2.023230e+00	-3.369733e+01
1.920000e-06	3.309200e-07	-4.636478e-10	2.348534e+00	-3.271854e+01
1.930000e-06	3.767200e-07	-4.464647e-10	2.673577e+00	-3.171238e+01
1.940000e-06	4.225499e-07	-4.314380e-10	2.998831e+00	-3.067798e+01
1.950000e-06	4.683427e-07	-4.168076e-10	3.323821e+00	-2.961451e+01
1.960000e-06	5.140159e-07	-4.012531e-10	3.647963e+00	-2.852120e+01
1.970000e-06	5.596501e-07	-3.843860e-10	3.971829e+00	-2.739730e+01
1.980000e-06	6.053436e-07	-3.651591e-10	4.296115e+00	-2.624211e+01
1.990000e-06	6.509500e-07	-3.448812e-10	4.619783e+00	-2.505501e+01
2.000000e-06	6.964452e-07	-3.248735e-10	4.942661e+00	-2.383545e+01
2.010000e-06	7.418939e-07	-3.075226e-10	5.265210e+00	-2.258296e+01
2.020000e-06	7.872860e-07	-2.912717e-10	5.587357e+00	-2.129714e+01
2.030000e-06	8.326380e-07	-2.734021e-10	5.909220e+00	-1.997772e+01
2.040000e-06	8.779682e-07	-2.539356e-10	6.230928e+00	-1.862450e+01
2.050000e-06	9.232719e-07	-2.326043e-10	6.552447e+00	-1.723742e+01
2.060000e-06	9.684397e-07	-2.100226e-10	6.873003e+00	-1.581652e+01
2.070000e-06	1.013520e-06	-1.833672e-10	7.192938e+00	-1.436196e+01
2.080000e-06	1.058557e-06	-1.553631e-10	7.512564e+00	-1.287405e+01
2.090000e-06	1.103433e-06	-1.341494e-10	7.831051e+00	-1.135320e+01
2.100000e-06	1.148208e-06	-1.176768e-10	8.148817e+00	-9.799976e+00
2.110000e-06	1.192962e-06	-9.836800e-11	8.466431e+00	-8.215080e+00
2.120000e-06	1.237585e-06	-7.296750e-11	8.783124e+00	-6.599346e+00
2.130000e-06	1.282072e-06	-4.776769e-11	9.098844e+00	-4.953750e+00
2.140000e-06	1.326548e-06	-2.660808e-11	9.414495e+00	-3.279403e+00
2.150000e-06	1.370965e-06	-2.642981e-12	9.729716e+00	-1.577553e+00
2.160000e-06	1.415201e-06	2.644002e-11	1.004366e+01	1.504186e-01
2.170000e-06	1.459364e-06	5.498213e-11	1.035708e+01	1.903002e+00
2.180000e-06	1.503458e-06	8.058012e-11	1.067002e+01	3.678562e+00
2.190000e-06	1.547439e-06	1.025181e-10	1.098215e+01	5.475348e+00
2.200000e-06	1.591379e-06	1.287882e-10	1.129399e+01	7.291495e+00
2.210000e-06	1.635240e-06	1.565091e-10	1.160527e+01	9.125037e+00
2.220000e-06	1.679053e-06	1.826289e-10	1.191621e+01	1.097391e+01
2.230000e-06	1.722890e-06	2.096551e-10	1.222732e+01	1.283596e+01
2.240000e-06	1.766685e-06	2.407710e-10	1.253814e+01	1.470898e+01
2.250000e-06	1.810383e-06	2.764511e-10	1.284826e+01	1.659066e+01
2.260000e-06	1.854011e-06	3.085240e-10	1.315789e+01	1.847866e+01
2.270000e-06	1.897550e-06	3.360293e-10	1.346688e+01	2.037060e+01
2.280000e-06	1.941007e-06	3.622068e-10	1.377530e+01	2.226406e+01
2.290000e-06	1.984252e-06	3.896264e-10	1.408221e+01	2.415659e+01
2.300000e-06	2.027297e-06	4.168499e-10	1.438770e+01	2.604577e+01
2.310000e-06	2.070213e-06	4.416303e-10	1.469227e+01	2.792915e+01
2.320000e-06	2.112784e-06	4.699724e-10	1.499440e+01	2.980431e+01
2.330000e-06	2.155028e-06	5.040150e-10	1.529420e+01	3.166887e+01
2.340000e-06	2.197131e-06	5.382711e-10	1.559300e+01	3.352047e+01
2.350000e-06	2.238999e-06	5.664071e-10	1.589014e+01	3.535682e+01
2.360000e-06	2.280570e-06	5.888103e-10	1.618517e+01	3.717570e+01
2.370000e-06	2.321806e-06	6.144435e-10	1.647782e+01	3.897495e+01
2.380000e-06	2.362632e-06	6.437727e-10	1.676756e+01	4.075249e+01
2.390000e-06	2.403195e-06	6.704279e-10	1.705544e+01	4.250636e+01
2.400000e-06	2.443533e-06	6.950497e-10	1.734171e+01	4.423468e+01
2.410000e-06	2.483701e-06	7.209768e-10	1.762679e+01	4.593569e+01
2.420000e-06	2.523788e-06	7.514065e-10	1.791129e+01	4.760773e+01
2.430000e-06	2.563799e-06	7.807872e-10	1.819524e+01	4.924928e+01
2.440000e-06	2.603687e-06	8.045077e-10	1.847833e+01	5.085894e+01
2.450000e-06	2.643477e-06	8.263180e-10	1.876072e+01	5.243544e+01
2.460000e-06	2.683162e-06	8.472184e-10	1.904236e+01	5.397765e+01
2.470000e-06	2.722572e-06	8.693775e-10	1.932205e+01	5.548455e+01
2.480000e-06	2.761906e-06	8.873103e-10	1.960121e+01	5.695530e+01
2.490000e-06	2.801174e-06	9.078752e-10	1.987989e+01	5.838915e+01
2.500000e-06	2.840129e-06	9.353657e-10	2.015635e+01	5.978550e+01
2.510000e-06	2.878823e-06	9.647763e-10	2.043096e+01	6.114391e+01
2.520000e-06	2.917322e-06	9.892961e-10	2.070419e+01	6.246402e+01
2.530000e-06	2.955660e-06	1.008114e-09	2.097627e+01	6.374562e+01
2.540000e-06	2.993817e-06	1.024155e-09	2.124707e+01	6.498864e+01
2.550000e-06	3.031757e-06	1.039993e-09	2.151634e+01	6.619309e+01
2.560000e-06	3.069494e-06	1.053487e-09	2.178416e+01	6.735911e+01
2.570000e-06	3.107021e-06	1.066863e-09	2.205048e+01	6.848694e+01
2.580000e-06	3.144376e-06	1.084754e-09	2.231559e+01	6.957691e+01
2.590000e-06	3.181513e-06	1.106668e-09	2.257915e+01	7.062945e+01
2.600000e-06	3.218405e-06	1.129066e-09	2.284097e+01	7.164506e+01
2.610000e-06	3.255189e-06	1.149361e-09	2.310203e+01	7.262431e+01
2.620000e-06	3.291768e-06	1.166669e-09	2.336163e+01	7.356785e+01
2.630000e-06	3.328038e-06	1.181433e-09	2.361904e+01	7.447638e+01
2.640000e-06	3.364079e-06	1.189519e-09	2.387482e+01	7.535065e+01
2.650000e-06	3.400030e-06	1.194039e-09	2.412997e+01	7.619144e+01
2.660000e-06	3.435935e-06	1.201235e-09	2.438478e+01	7.699958e+01
2.670000e-06	3.471687e-06	1.211015e-09	2.463851e+01	7.777591e+01
2.680000e-06	3.507238e-06	1.221097e-09	2.489082e+01	7.852130e+01
2.690000e-06	3.542536e-06	1.230738e-09	2.514133e+01	7.923663e+01
2.700000e-06	3.577506e-06	1.241346e-09	2.538950e+01	7.992278e+01
2.710000e-06	3.612189e-06	1.252278e-09	2.563565e+01	8.058063e+01
2.720000e-06	3.646480e-06	1.262636e-09	2.587901e+01	8.121106e+01
2.730000e-06	3.680244e-06	1.269909e-09	2.611864e+01	8.181492e+01
2.740000e-06	3.713497e-06	1.278043e-09	2.635463e+01	8.239308e+01
2.750000e-06	3.746401e-06	1.286569e-09	2.658815e+01	8.294635e+01
2.760000e-06	3.778984e-06	1.295434e-09	2.681939e+01	8.347555e+01
2.770000e-06	3.811222e-06	1.302339e-09	2.704819e+01	8.398145e+01
2.780000e-06	3.843269e-06	1.310048e-09	2.727562e+01	8.446482e+01
2.790000e-06	3.875125e-06	1.320245e-09	2.750171e+01	8.492638e+01
2.800000e-06	3.906800e-06	1.327576e-09	2.772650e+01	8.536684e+01
2.810000e-06	3.938289e-06	1.327771e-09	2.794998e+01	8.578687e+01
2.820000e-06	3.969618e-06	1.327240e-09	2.817232e+01	8.618710e+01
2.830000e-06	4.000757e-06	1.332519e-09	2.839331e+01	8.656817e+01
2.840000e-06	4.031566e-06	1.341364e-09	2.861197e+01	8.693066e+01
2.850000e-06	4.061997e-06	1.343839e-09	2.882793e+01	8.727514e+01
2.860000e-06	4.092147e-06	1.343053e-09	2.904191e+01	8.760215e+01
2.870000e-06	4.122043e-06	1.346719e-09	2.925408e+01	8.791222e+01
2.880000e-06	4.151612e-06	1.352734e-09	2.946393e+01	8.820586e+01
2.890000e-06	4.180867e-06	1.355013e-09	2.967155e+01	8.848357e+01
2.900000e-06	4.209954e-06	1.353531e-09	2.987798e+01	8.874582e+01
2.910000e-06	4.238811e-06	1.354820e-09	3.008278e+01	8.899308e+01
2.920000e-06	4.267265e-06	1.360409e-09	3.028472e+01	8.922582e+01
2.930000e-06	4.295429e-06	1.365594e-09	3.048460e+01	8.944451e+01
2.940000e-06	4.323376e-06	1.367380e-09	3.068294e+01	8.964959e+01
2.950000e-06	4.351154e-06	1.370202e-09	3.088007e+01	8.984153e+01
2.960000e-06	4.378822e-06	1.376951e-09	3.107643e+01	9.002079e+01
2.970000e-06	4.406287e-06	1.382579e-09	3.127136e+01	9.018784e+01
2.980000e-06	4.433319e-06	1.379767e-09	3.146320e+01	9.034313e+01
2.990000e-06	4.459959e-06	1.374664e-09	3.165226e+01	9.048716e+01
3.000000e-06	4.486139e-06	1.374812e-09	3.183807e+01	9.062040e+01
3.010000e-06	4.511584e-06	1.377124e-09	3.201865e+01	9.074334e+01
3.020000e-06	4.536491e-06	1.377926e-09	3.219541e+01	9.085649e+01
3.030000e-06	4.561025e-06	1.381698e-09	3.236953e+01	9.096034e+01
3.040000e-06	4.585162e-06	1.389756e-09	3.254083e+01	9.105540e+01
3.050000e-06	4.609077e-06	1.395646e-09	3.271055e+01	9.114220e+01
3.060000e-06	4.632843e-06	1.393662e-09	3.287922e+01	9.122123e+01
3.070000e-06	4.656375e-06	1.388936e-09	3.304622e+01	9.129303e+01
3.080000e-06	4.679580e-06	1.389074e-09	3.321091e+01	9.135811e+01
3.090000e-06	4.702437e-06	1.391959e-09	3.337313e+01	9.141697e+01
3.100000e-06	4.725009e-06	1.390854e-09	3.353332e+01	9.147013e+01
3.110000e-06	4.747215e-06	1.387468e-09	3.369091e+01	9.151806e+01
3.120000e-06	4.769011e-06	1.388603e-09	3.384560e+01	9.156126e+01
3.130000e-06	4.790509e-06	1.392422e-09	3.399817e+01	9.160019e+01
3.140000e-06	4.811816e-06	1.393761e-09	3.414938e+01	9.163528e+01
3.150000e-06	4.832842e-06	1.392917e-09	3.429861e+01	9.166695e+01
3.160000e-06	4.853467e-06	1.392446e-09	3.444498e+01	9.169560e+01
3.170000e-06	4.873733e-06	1.394510e-09	3.458881e+01	9.172159e+01
3.180000e-06	4.893796e-06	1.396325e-09	3.473120e+01	9.174524e+01
3.190000e-06	4.913680e-06	1.395990e-09	3.487232e+01	9.176684e+01
3.200000e-06	4.933235e-06	1.395446e-09	3.501110e+01	9.178666e+01
3.210000e-06	4.952545e-06	1.397457e-09	3.514814e+01	9.180489e+01
3.220000e-06	4.971604e-06	1.398953e-09	3.528340e+01	9.182172e+01
3.230000e-06	4.990173e-06	1.395834e-09	3.541518e+01	9.183727e+01
3.240000e-06	5.008346e-06	1.392778e-09	3.554416e+01	9.185162e+01
3.250000e-06	5.026132e-06	1.393683e-09	3.567038e+01	9.186480e+01
3.260000e-06	5.043497e-06	1.395344e-09	3.579362e+01	9.187682e+01
3.270000e-06	5.060633e-06	1.394711e-09	3.591524e+01	9.188761e+01
3.280000e-06	5.077505e-06	1.393091e-09	3.603498e+01	9.189708e+01
3.290000e-06	5.094087e-06	1.395999e-09	3.615266e+01	9.190510e+01
3.300000e-06	5.110272e-06	1.399520e-09	3.626753e+01	9.191148e+01
3.310000e-06	5.125946e-06	1.399568e-09	3.637876e+01	9.191601e+01
3.320000e-06	5.141240e-06	1.396897e-09	3.648730e+01	9.191845e+01
3.330000e-06	5.156050e-06	1.396303e-09	3.659241e+01	9.191851e+01
3.340000e-06	5.170284e-06	1.397698e-09	3.669343e+01	9.191589e+01
3.350000e-06	5.184125e-06	1.395648e-09	3.679166e+01	9.191027e+01
3.360000e-06	5.197657e-06	1.392591e-09	3.688769e+01	9.190130e+01
3.370000e-06	5.210747e-06	1.392752e-09	3.698059e+01	9.188863e+01
3.380000e-06	5.223390e-06	1.394340e-09	3.707032e+01	9.187189e+01
3.390000e-06	5.235773e-06	1.393041e-09	3.715821e+01	9.185073e+01
3.400000e-06	5.247842e-06	1.390017e-09	3.724386e+01	9.182479e+01
3.410000e-06	5.259494e-06	1.387347e-09	3.732655e+01	9.179371e+01
3.420000e-06	5.270727e-06	1.386803e-09	3.740627e+01	9.175719e+01
3.430000e-06	5.281521e-06	1.384265e-09	3.748288e+01	9.171489e+01
3.440000e-06	5.291795e-06	1.382178e-09	3.755579e+01	9.166655e+01
3.450000e-06	5.301372e-06	1.382485e-09	3.762376e+01	9.161192e+01
3.460000e-06	5.310350e-06	1.383997e-09	3.768748e+01	9.155078e+01
3.470000e-06	5.318892e-06	1.384164e-09	3.774810e+01	9.148298e+01
3.480000e-06	5.327071e-06	1.382801e-09	3.780615e+01	9.140837e+01
3.490000e-06	5.335021e-06	1.382919e-09	3.786256e+01	9.132691e+01
3.500000e-06	5.342670e-06	1.384294e-09	3.791685e+01	9.123856e+01
3.510000e-06	5.349914e-06	1.382570e-09	3.796826e+01	9.114336e+01
3.520000e-06	5.356864e-06	1.378530e-09	3.801759e+01	9.104142e+01
3.530000e-06	5.363433e-06	1.376934e-09	3.806421e+01	9.093289e+01
3.540000e-06	5.369655e-06	1.380543e-09	3.810836e+01	9.081798e+01
3.550000e-06	5.375603e-06	1.384454e-09	3.815058e+01	9.069697e+01
3.560000e-06	5.381111e-06	1.384052e-09	3.818966e+01	9.057019e+01
3.570000e-06	5.386167e-06	1.381552e-09	3.822555e+01	9.043804e+01
3.580000e-06	5.390877e-06	1.380640e-09	3.825897e+01	9.030097e+01
3.590000e-06	5.395375e-06	1.378878e-09	3.829089e+01	9.015948e+01
3.600000e-06	5.399537e-06	1.373205e-09	3.832044e+01	9.001412e+01
3.610000e-06	5.403319e-06	1.367748e-09	3.834728e+01	8.986548e+01
3.620000e-06	5.406923e-06	1.367540e-09	3.837285e+01	8.971421e+01
3.630000e-06	5.410291e-06	1.371090e-09	3.839676e+01	8.956098e+01
3.640000e-06	5.413218e-06	1.374860e-09	3.841753e+01	8.940649e+01
3.650000e-06	5.415547e-06	1.376055e-09	3.843406e+01	8.925145e+01
3.660000e-06	5.417206e-06	1.376459e-09	3.844583e+01	8.909662e+01
3.670000e-06	5.418315e-06	1.377779e-09	3.845370e+01	8.894275e+01
3.680000e-06	5.418937e-06	1.375401e-09	3.845811e+01	8.879058e+01
3.690000e-06	5.419202e-06	1.369537e-09	3.846000e+01	8.864085e+01
3.700000e-06	5.419201e-06	1.363759e-09	3.845999e+01	8.849431e+01
3.710000e-06	5.418919e-06	1.362786e-09	3.845799e+01	8.835167e+01
3.720000e-06	5.418328e-06	1.366123e-09	3.845379e+01	8.821360e+01
3.730000e-06	5.417423e-06	1.368442e-09	3.844737e+01	8.808076e+01
3.740000e-06	5.416169e-06	1.366617e-09	3.843847e+01	8.795375e+01
3.750000e-06	5.414547e-06	1.365034e-09	3.842696e+01	8.783312e+01
3.760000e-06	5.412607e-06	1.358700e-09	3.841319e+01	8.771938e+01
3.770000e-06	5.410380e-06	1.324353e-09	3.839739e+01	8.761296e+01
3.780000e-06	5.407853e-06	1.286972e-09	3.837946e+01	8.751424e+01
3.790000e-06	5.404753e-06	1.343476e-09	3.835745e+01	8.742350e+01
3.800000e-06	5.401052e-06	1.428723e-09	3.833119e+01	8.734099e+01
3.810000e-06	5.397123e-06	1.362477e-09	3.830330e+01	8.726683e+01
3.820000e-06	5.393084e-06	1.279102e-09	3.827464e+01	8.720110e+01
3.830000e-06	5.388850e-06	1.318914e-09	3.824459e+01	8.714376e+01
3.840000e-06	5.384176e-06	1.413077e-09	3.821142e+01	8.709472e+01
3.850000e-06	5.378920e-06	1.319735e-09	3.817412e+01	8.705377e+01
3.860000e-06	5.373262e-06	1.190674e-09	3.813396e+01	8.702066e+01
3.870000e-06	5.367196e-06	1.298641e-09	3.809091e+01	8.699500e+01
3.880000e-06	5.360525e-06	1.437050e-09	3.804357e+01	8.697638e+01
3.890000e-06	5.353291e-06	1.345073e-09	3.799223e+01	8.696428e+01
3.900000e-06	5.345662e-06	1.199307e-09	3.793809e+01	8.695810e+01
3.910000e-06	5.337700e-06	1.332758e-09	3.788158e+01	8.695719e+01
3.920000e-06	5.329362e-06	1.414289e-09	3.782241e+01	8.696084e+01
3.930000e-06	5.320707e-06	1.249374e-09	3.776098e+01	8.696826e+01
3.940000e-06	5.311817e-06	1.155497e-09	3.769789e+01	8.697864e+01
3.950000e-06	5.302575e-06	1.370755e-09	3.763230e+01	8.699112e+01
3.960000e-06	5.292900e-06	1.434266e-09	3.756364e+01	8.700477e+01
3.970000e-06	5.282893e-06	1.245588e-09	3.749261e+01	8.701870e+01
3.980000e-06	5.272630e-06	1.229120e-09	3.741978e+01	8.703193e+01
3.990000e-06	5.261994e-06	1.429775e-09	3.734430e+01	8.704353e+01
4.000000e-06	5.250832e-06	1.397875e-09	3.726508e+01	8.705254e+01
4.010000e-06	5.239267e-06	1.226746e-09	3.718300e+01	8.705800e+01
4.020000e-06	5.227357e-06	1.322577e-09	3.709848e+01	8.705900e+01
4.030000e-06	5.214943e-06	1.467971e-09	3.701038e+01	8.705461e+01
4.040000e-06	5.202146e-06	1.341624e-09	3.691955e+01	8.704398e+01
4.050000e-06	5.188995e-06	1.231469e-09	3.682622e+01	8.702628e+01
4.060000e-06	5.175145e-06	1.348798e-09	3.672793e+01	8.700071e+01
4.070000e-06	5.160549e-06	1.372401e-09	3.662434e+01	8.696656e+01
4.080000e-06	5.145580e-06	1.277176e-09	3.651810e+01	8.692317e+01
4.090000e-06	5.130230e-06	1.290206e-09	3.640917e+01	8.686994e+01
4.100000e-06	5.114432e-06	1.343744e-09	3.629705e+01	8.680634e+01
4.110000e-06	5.098345e-06	1.295953e-09	3.618288e+01	8.673195e+01
4.120000e-06	5.081986e-06	1.306429e-09	3.606678e+01	8.664639e+01
4.130000e-06	5.065283e-06	1.326720e-09	3.594824e+01	8.654939e+01
4.140000e-06	5.048230e-06	1.263640e-09	3.582721e+01	8.644077e+01
4.150000e-06	5.030880e-06	1.228512e-09	3.570408e+01	8.632041e+01
4.160000e-06	5.013145e-06	1.314642e-09	3.557822e+01	8.618831e+01
4.170000e-06	4.995079e-06	1.318215e-09	3.545000e+01	8.604453e+01
4.180000e-06	4.976875e-06	1.264763e-09	3.532081e+01	8.588923e+01
4.190000e-06	4.958352e-06	1.273005e-09	3.518935e+01	8.572266e+01
4.200000e-06	4.939370e-06	1.309669e-09	3.505463e+01	8.554512e+01
4.210000e-06	4.919983e-06	1.285843e-09	3.491705e+01	8.535703e+01
4.220000e-06	4.900276e-06	1.257584e-09	3.477718e+01	8.515883e+01
4.230000e-06	4.880387e-06	1.239885e-09	3.463604e+01	8.495107e+01
4.240000e-06	4.860270e-06	1.250428e-09	3.449327e+01	8.473434e+01
4.250000e-06	4.839851e-06	1.277252e-09	3.434835e+01	8.450927e+01
4.260000e-06	4.819104e-06	1.271341e-09	3.420111e+01	8.427656e+01
4.270000e-06	4.797934e-06	1.245243e-09	3.405087e+01	8.403695e+01
4.280000e-06	4.776331e-06	1.259502e-09	3.389755e+01	8.379118e+01
4.290000e-06	4.754215e-06	1.277174e-09	3.374060e+01	8.354004e+01
4.300000e-06	4.731526e-06	1.253009e-09	3.357957e+01	8.328434e+01
4.310000e-06	4.708331e-06	1.227206e-09	3.341495e+01	8.302486e+01
4.320000e-06	4.684725e-06	1.222598e-09	3.324742e+01	8.276242e+01
4.330000e-06	4.660820e-06	1.233457e-09	3.307777e+01	8.249780e+01
4.340000e-06	4.636705e-06	1.237348e-09	3.290663e+01	8.223179e+01
4.350000e-06	4.612372e-06	1.218218e-09	3.273394e+01	8.196514e+01
4.360000e-06	4.587777e-06	1.195789e-09	3.255938e+01	8.169856e+01
4.370000e-06	4.562852e-06	1.214891e-09	3.238249e+01	8.143274e+01
4.380000e-06	4.537513e-06	1.227818e-09	3.220267e+01	8.116830e+01
4.390000e-06	4.511841e-06	1.207653e-09	3.202047e+01	8.090585e+01
4.400000e-06	4.486042e-06	1.187681e-09	3.183737e+01	8.064590e+01
4.410000e-06	4.459993e-06	1.198053e-09	3.165250e+01	8.038894e+01
4.420000e-06	4.433488e-06	1.202031e-09	3.146440e+01	8.013537e+01
4.430000e-06	4.406581e-06	1.189932e-09	3.127344e+01	7.988552e+01
4.440000e-06	4.379396e-06	1.168810e-09	3.108051e+01	7.963969e+01
4.450000e-06	4.352079e-06	1.172635e-09	3.088664e+01	7.939807e+01
4.460000e-06	4.324473e-06	1.187300e-09	3.069072e+01	7.916080e+01
4.470000e-06	4.296566e-06	1.187755e-09	3.049267e+01	7.892795e+01
4.480000e-06	4.268519e-06	1.170366e-09	3.029362e+01	7.869952e+01
4.490000e-06	4.240223e-06	1.170341e-09	3.009280e+01	7.847543e+01
4.500000e-06	4.211659e-06	1.178932e-09	2.989009e+01	7.825556e+01
4.510000e-06	4.182858e-06	1.176583e-09	2.968568e+01	7.803971e+01
4.520000e-06	4.153641e-06	1.162108e-09	2.947833e+01	7.782763e+01
4.530000e-06	4.123849e-06	1.157826e-09	2.926690e+01	7.761902e+01
4.540000e-06	4.093495e-06	1.166767e-09	2.905148e+01	7.741353e+01
4.550000e-06	4.062733e-06	1.174140e-09	2.883316e+01	7.721076e+01
4.560000e-06	4.031627e-06	1.162963e-09	2.861240e+01	7.701028e+01
4.570000e-06	4.000155e-06	1.148576e-09	2.838904e+01	7.681162e+01
4.580000e-06	3.968424e-06	1.148924e-09	2.816385e+01	7.661431e+01
4.590000e-06	3.936464e-06	1.154876e-09	2.793702e+01	7.641783e+01
4.600000e-06	3.904291e-06	1.149467e-09	2.770870e+01	7.622167e+01
4.610000e-06	3.871976e-06	1.136096e-09	2.747935e+01	7.602529e+01
4.620000e-06	3.839447e-06	1.133817e-09	2.724850e+01	7.582818e+01
4.630000e-06	3.806668e-06	1.140461e-09	2.701587e+01	7.562982e+01
4.640000e-06	3.773649e-06	1.137269e-09	2.678153e+01	7.542970e+01
4.650000e-06	3.740377e-06	1.119688e-09	2.654540e+01	7.522734e+01
4.660000e-06	3.706888e-06	1.112955e-09	2.630773e+01	7.502227e+01
4.670000e-06	3.673269e-06	1.118923e-09	2.606913e+01	7.481406e+01
4.680000e-06	3.639456e-06	1.123318e-09	2.582917e+01	7.460231e+01
4.690000e-06	3.605251e-06	1.115111e-09	2.558641e+01	7.438665e+01
4.700000e-06	3.570714e-06	1.109734e-09	2.534130e+01	7.416677e+01
4.710000e-06	3.535940e-06	1.112759e-09	2.509452e+01	7.394237e+01
4.720000e-06	3.500985e-06	1.113911e-09	2.484644e+01	7.371323e+01
4.730000e-06	3.465752e-06	1.102008e-09	2.459639e+01	7.347916e+01
4.740000e-06	3.430263e-06	1.090652e-09	2.434452e+01	7.324000e+01
4.750000e-06	3.394602e-06	1.087450e-09	2.409144e+01	7.299568e+01
4.760000e-06	3.358701e-06	1.090934e-09	2.383665e+01	7.274615e+01
4.770000e-06	3.322688e-06	1.087179e-09	2.358107e+01	7.249140e+01
4.780000e-06	3.286590e-06	1.079372e-09	2.332488e+01	7.223149e+01
4.790000e-06	3.250338e-06	1.074967e-09	2.306760e+01	7.196650e+01
4.800000e-06	3.213924e-06	1.074257e-09	2.280917e+01	7.169656e+01
4.810000e-06	3.177176e-06	1.067779e-09	2.254837e+01	7.142185e+01
4.820000e-06	3.140034e-06	1.057367e-09	2.228478e+01	7.114255e+01
4.830000e-06	3.102634e-06	1.049791e-09	2.201935e+01	7.085891e+01
4.840000e-06	3.064886e-06	1.049924e-09	2.175145e+01	7.057117e+01
4.850000e-06	3.026746e-06	1.048884e-09	2.148077e+01	7.027961e+01
4.860000e-06	2.988303e-06	1.041543e-09	2.120794e+01	6.998452e+01
4.870000e-06	2.949558e-06	1.035357e-09	2.093297e+01	6.968621e+01
4.880000e-06	2.910465e-06	1.035245e-09	2.065553e+01	6.938497e+01
4.890000e-06	2.871099e-06	1.033234e-09	2.037615e+01	6.908113e+01
4.900000e-06	2.831525e-06	1.025184e-09	2.009529e+01	6.877499e+01
4.910000e-06	2.791734e-06	1.017485e-09	1.981290e+01	6.846684e+01
4.920000e-06	2.751781e-06	1.013450e-09	1.952935e+01	6.815696e+01
4.930000e-06	2.711702e-06	1.010737e-09	1.924491e+01	6.784562e+01
4.940000e-06	2.671495e-06	1.004671e-09	1.895956e+01	6.753305e+01
4.950000e-06	2.631251e-06	9.998836e-10	1.867395e+01	6.721948e+01
4.960000e-06	2.590945e-06	9.972821e-10	1.838790e+01	6.690508e+01
4.970000e-06	2.550476e-06	9.951566e-10	1.810069e+01	6.659001e+01
4.980000e-06	2.509795e-06	9.895849e-10	1.781198e+01	6.627439e+01
4.990000e-06	2.468867e-06	9.831894e-10	1.752152e+01	6.595829e+01
5.000000e-06	2.427721e-06	9.794982e-10	1.722950e+01	6.564175e+01
5.010000e-06	2.386392e-06	9.769802e-10	1.693619e+01	6.532478e+01
5.020000e-06	2.344963e-06	9.710148e-10	1.664217e+01	6.500733e+01
5.030000e-06	2.303419e-06	9.654376e-10	1.634733e+01	6.468932e+01
5.040000e-06	2.261673e-06	9.613446e-10	1.605106e+01	6.437062e+01
5.050000e-06	2.219728e-06	9.580383e-10	1.575338e+01	6.405108e+01
5.060000e-06	2.177630e-06	9.523995e-10	1.545461e+01	6.373049e+01
5.070000e-06	2.135423e-06	9.469765e-10	1.515506e+01	6.340862e+01
5.080000e-06	2.093153e-06	9.418340e-10	1.485508e+01	6.308519e+01
5.090000e-06	2.050817e-06	9.363695e-10	1.455462e+01	6.275990e+01
5.100000e-06	2.008265e-06	9.296621e-10	1.425262e+01	6.243242e+01
5.110000e-06	1.965503e-06	9.233683e-10	1.394915e+01	6.210240e+01
5.120000e-06	1.922625e-06	9.203541e-10	1.364484e+01	6.176944e+01
5.130000e-06	1.879586e-06	9.200264e-10	1.333939e+01	6.143316e+01
5.140000e-06	1.836332e-06	9.164962e-10	1.303242e+01	6.109314e+01
5.150000e-06	1.792991e-06	9.103156e-10	1.272483e+01	6.074896e+01
5.160000e-06	1.749564e-06	9.035910e-10	1.241663e+01	6.040017e+01
5.170000e-06	1.705956e-06	8.980609e-10	1.210715e+01	6.004636e+01
5.180000e-06	1.662184e-06	8.929741e-10	1.179649e+01	5.968707e+01
5.190000e-06	1.618278e-06	8.843528e-10	1.148489e+01	5.932187e+01
5.200000e-06	1.574343e-06	8.748228e-10	1.117309e+01	5.895034e+01
5.210000e-06	1.530351e-06	8.701966e-10	1.086088e+01	5.857205e+01
5.220000e-06	1.486284e-06	8.675260e-10	1.054814e+01	5.818659e+01
5.230000e-06	1.442209e-06	8.630296e-10	1.023534e+01	5.779356e+01
5.240000e-06	1.398115e-06	8.584108e-10	9.922399e+00	5.739258e+01
5.250000e-06	1.353933e-06	8.542855e-10	9.608841e+00	5.698329e+01
5.260000e-06	1.309730e-06	8.505372e-10	9.295132e+00	5.656533e+01
5.270000e-06	1.265446e-06	8.448449e-10	8.980849e+00	5.613837e+01
5.280000e-06	1.221162e-06	8.358606e-10	8.666566e+00	5.570209e+01
5.290000e-06	1.176949e-06	8.245591e-10	8.352786e+00	5.525618e+01
5.300000e-06	1.132629e-06	8.143321e-10	8.038250e+00	5.480037e+01
5.310000e-06	1.088198e-06	8.047309e-10	7.722927e+00	5.433438e+01
5.320000e-06	1.043573e-06	7.938586e-10	7.406226e+00	5.385794e+01
5.330000e-06	9.988215e-07	7.863621e-10	7.088622e+00	5.337081e+01
5.340000e-06	9.540730e-07	7.852119e-10	6.771042e+00	5.287274e+01
5.350000e-06	9.093496e-07	7.850518e-10	6.453641e+00	5.236349e+01
5.360000e-06	8.645761e-07	7.802070e-10	6.135884e+00	5.184281e+01
5.370000e-06	8.196944e-07	7.700617e-10	5.817359e+00	5.131046e+01
5.380000e-06	7.747690e-07	7.569640e-10	5.498524e+00	5.076618e+01
5.390000e-06	7.298313e-07	7.424853e-10	5.179602e+00	5.020972e+01
5.400000e-06	6.848955e-07	7.300220e-10	4.860693e+00	4.964080e+01
5.410000e-06	6.398692e-07	7.204077e-10	4.541142e+00	4.905911e+01
5.420000e-06	5.946533e-07	7.142787e-10	4.220246e+00	4.846435e+01
5.430000e-06	5.493256e-07	7.106978e-10	3.898555e+00	4.785617e+01
5.440000e-06	5.041040e-07	7.076681e-10	3.577618e+00	4.723420e+01
5.450000e-06	4.588864e-07	7.013116e-10	3.256710e+00	4.659803e+01
5.460000e-06	4.135634e-07	6.874269e-10	2.935053e+00	4.594723e+01
5.470000e-06	3.681950e-07	6.701851e-10	2.613075e+00	4.528132e+01
5.480000e-06	3.227948e-07	6.579651e-10	2.290870e+00	4.459979e+01
5.490000e-06	2.773538e-07	6.481020e-10	1.968376e+00	4.390208e+01
5.500000e-06	2.318013e-07	6.373788e-10	1.645091e+00	4.318761e+01
5.510000e-06	1.862757e-07	6.259460e-10	1.321996e+00	4.245575e+01
5.520000e-06	1.407941e-07	6.157494e-10	9.992134e-01	4.170581e+01
5.530000e-06	9.529118e-08	6.069752e-10	6.762801e-01	4.093709e+01
5.540000e-06	4.987275e-08	5.964138e-10	3.539461e-01	4.014884e+01
5.550000e-06	4.435117e-09	5.822024e-10	3.147596e-02	3.934028e+01
5.560000e-06	-4.099499e-08	5.670415e-10	-2.909409e-01	3.851060e+01
5.570000e-06	-8.639464e-08	5.533874e-10	-6.131415e-01	3.765896e+01
5.580000e-06	-1.318532e-07	5.405904e-10	-9.357601e-01	3.678451e+01
5.590000e-06	-1.773509e-07	5.262816e-10	-1.258656e+00	3.588635e+01
5.600000e-06	-2.228202e-07	5.111331e-10	-1.581352e+00	3.496362e+01
5.610000e-06	-2.682848e-07	4.975914e-10	-1.904013e+00	3.401541e+01
5.620000e-06	-3.138190e-07	4.845429e-10	-2.227169e+00	3.304084e+01
5.630000e-06	-3.592852e-07	4.684575e-10	-2.549842e+00	3.203904e+01
5.640000e-06	-4.046082e-07	4.502921e-10	-2.871498e+00	3.100914e+01
5.650000e-06	-4.499513e-07	4.347125e-10	-3.193298e+00	2.995032e+01
5.660000e-06	-4.952249e-07	4.216358e-10	-3.514604e+00	2.886178e+01
5.670000e-06	-5.403573e-07	4.075477e-10	-3.834908e+00	2.774276e+01
5.680000e-06	-5.854518e-07	3.897286e-10	-4.154943e+00	2.659257e+01
5.690000e-06	-6.304141e-07	3.689277e-10	-4.474039e+00	2.541057e+01
5.700000e-06	-6.752935e-07	3.475001e-10	-4.792548e+00	2.419620e+01
5.710000e-06	-7.201963e-07	3.266007e-10	-5.111222e+00	2.294896e+01
5.720000e-06	-7.650284e-07	3.084135e-10	-5.429395e+00	2.166846e+01
5.730000e-06	-8.097760e-07	2.920916e-10	-5.746968e+00	2.035439e+01
5.740000e-06	-8.544643e-07	2.764826e-10	-6.064121e+00	1.900656e+01
5.750000e-06	-8.990674e-07	2.589393e-10	-6.380668e+00	1.762486e+01
5.760000e-06	-9.435664e-07	2.385895e-10	-6.696477e+00	1.620933e+01
5.770000e-06	-9.879154e-07	2.144807e-10	-7.011221e+00	1.476010e+01
5.780000e-06	-1.032239e-06	1.859400e-10	-7.325785e+00	1.327746e+01
5.790000e-06	-1.076593e-06	1.571893e-10	-7.640567e+00	1.176180e+01
5.800000e-06	-1.120881e-06	1.295201e-10	-7.954877e+00	1.021367e+01
5.810000e-06	-1.165149e-06	1.073281e-10	-8.269046e+00	8.633740e+00
5.820000e-06	-1.209404e-06	9.063451e-11	-8.583125e+00	7.022822e+00
5.830000e-06	-1.253608e-06	7.151970e-11	-8.896838e+00	5.381869e+00
5.840000e-06	-1.297768e-06	4.717755e-11	-9.210239e+00	3.711970e+00
5.850000e-06	-1.341875e-06	2.256630e-11	-9.523266e+00	2.014351e+00
5.860000e-06	-1.385949e-06	-2.146102e-12	-9.836063e+00	2.903717e-01
5.870000e-06	-1.429984e-06	-3.036237e-11	-1.014857e+01	-1.458480e+00
5.880000e-06	-1.474020e-06	-6.177183e-11	-1.046110e+01	-3.230590e+00
5.890000e-06	-1.518030e-06	-9.186978e-11	-1.077344e+01	-5.024225e+00
5.900000e-06	-1.561952e-06	-1.160611e-10	-1.108515e+01	-6.837539e+00
5.910000e-06	-1.605786e-06	-1.370459e-10	-1.139624e+01	-8.668583e+00
5.920000e-06	-1.649517e-06	-1.631238e-10	-1.170660e+01	-1.051531e+01
5.930000e-06	-1.693158e-06	-1.913286e-10	-1.201632e+01	-1.237558e+01
5.940000e-06	-1.736695e-06	-2.189705e-10	-1.232530e+01	-1.424718e+01
5.950000e-06	-1.780019e-06	-2.492996e-10	-1.263277e+01	-1.612784e+01
5.960000e-06	-1.823132e-06	-2.835348e-10	-1.293874e+01	-1.801521e+01
5.970000e-06	-1.866222e-06	-3.161586e-10	-1.324455e+01	-1.990692e+01
5.980000e-06	-1.909141e-06	-3.445971e-10	-1.354915e+01	-2.180056e+01
5.990000e-06	-1.951804e-06	-3.699845e-10	-1.385192e+01	-2.369368e+01
6.000000e-06	-1.994265e-06	-3.971669e-10	-1.415327e+01	-2.558385e+01
6.010000e-06	-2.036580e-06	-4.271216e-10	-1.445358e+01	-2.746862e+01
6.020000e-06	-2.078871e-06	-4.575865e-10	-1.475371e+01	-2.934558e+01
6.030000e-06	-2.120997e-06	-4.877806e-10	-1.505268e+01	-3.121233e+01
6.040000e-06	-2.162976e-06	-5.179747e-10	-1.535061e+01	-3.306651e+01
6.050000e-06	-2.204891e-06	-5.495765e-10	-1.564808e+01	-3.490582e+01
6.060000e-06	-2.246694e-06	-5.780222e-10	-1.594475e+01	-3.672802e+01
6.070000e-06	-2.288276e-06	-6.016909e-10	-1.623986e+01	-3.853095e+01
6.080000e-06	-2.329662e-06	-6.248752e-10	-1.653358e+01	-4.031251e+01
6.090000e-06	-2.370912e-06	-6.510925e-10	-1.682633e+01	-4.207072e+01
6.100000e-06	-2.411883e-06	-6.798798e-10	-1.711710e+01	-4.380368e+01
6.110000e-06	-2.452710e-06	-7.075696e-10	-1.740685e+01	-4.550962e+01
6.120000e-06	-2.493426e-06	-7.346492e-10	-1.769581e+01	-4.718685e+01
6.130000e-06	-2.533990e-06	-7.624512e-10	-1.798369e+01	-4.883385e+01
6.140000e-06	-2.574410e-06	-7.865009e-10	-1.827055e+01	-5.044918e+01
6.150000e-06	-2.614659e-06	-8.048735e-10	-1.855620e+01	-5.203155e+01
6.160000e-06	-2.654823e-06	-8.234432e-10	-1.884124e+01	-5.357980e+01
6.170000e-06	-2.694908e-06	-8.473062e-10	-1.912572e+01	-5.509292e+01
6.180000e-06	-2.734928e-06	-8.739013e-10	-1.940974e+01	-5.657000e+01
6.190000e-06	-2.774860e-06	-8.966674e-10	-1.969314e+01	-5.801031e+01
6.200000e-06	-2.814688e-06	-9.165628e-10	-1.997580e+01	-5.941321e+01
6.210000e-06	-2.854306e-06	-9.369914e-10	-2.025697e+01	-6.077822e+01
6.220000e-06	-2.893675e-06	-9.556773e-10	-2.053637e+01	-6.210499e+01
6.230000e-06	-2.932664e-06	-9.709520e-10	-2.081308e+01	-6.339329e+01
6.240000e-06	-2.971407e-06	-9.848215e-10	-2.108803e+01	-6.464300e+01
6.250000e-06	-3.009858e-06	-1.004206e-09	-2.136092e+01	-6.585413e+01
6.260000e-06	-3.047776e-06	-1.028361e-09	-2.163002e+01	-6.702680e+01
6.270000e-06	-3.085234e-06	-1.050121e-09	-2.189586e+01	-6.816124e+01
6.280000e-06	-3.122368e-06	-1.063116e-09	-2.215940e+01	-6.925775e+01
6.290000e-06	-3.159274e-06	-1.073306e-09	-2.242132e+01	-7.031676e+01
6.300000e-06	-3.195867e-06	-1.085165e-09	-2.268102e+01	-7.133874e+01
6.310000e-06	-3.232241e-06	-1.097934e-09	-2.293917e+01	-7.232427e+01
6.320000e-06	-3.268466e-06	-1.109868e-09	-2.319625e+01	-7.327398e+01
6.330000e-06	-3.304592e-06	-1.124995e-09	-2.345264e+01	-7.418855e+01
6.340000e-06	-3.340705e-06	-1.145668e-09	-2.370893e+01	-7.506873e+01
6.350000e-06	-3.376732e-06	-1.166010e-09	-2.396462e+01	-7.591531e+01
6.360000e-06	-3.412523e-06	-1.179538e-09	-2.421862e+01	-7.672909e+01
6.370000e-06	-3.447964e-06	-1.185842e-09	-2.447015e+01	-7.751093e+01
6.380000e-06	-3.483090e-06	-1.190275e-09	-2.471944e+01	-7.826167e+01
6.390000e-06	-3.518022e-06	-1.198842e-09	-2.496735e+01	-7.898221e+01
6.400000e-06	-3.552708e-06	-1.208784e-09	-2.521352e+01	-7.967342e+01
6.410000e-06	-3.587186e-06	-1.218081e-09	-2.545821e+01	-8.033619e+01
6.420000e-06	-3.621356e-06	-1.229239e-09	-2.570071e+01	-8.097139e+01
6.430000e-06	-3.655221e-06	-1.242330e-09	-2.594105e+01	-8.157988e+01
6.440000e-06	-3.688934e-06	-1.254752e-09	-2.618031e+01	-8.216252e+01
6.450000e-06	-3.722334e-06	-1.263398e-09	-2.641735e+01	-8.272014e+01
6.460000e-06	-3.755423e-06	-1.272011e-09	-2.665218e+01	-8.325356e+01
6.470000e-06	-3.788212e-06	-1.278593e-09	-2.688488e+01	-8.376355e+01
6.480000e-06	-3.820756e-06	-1.286980e-09	-2.711585e+01	-8.425089e+01
6.490000e-06	-3.853074e-06	-1.293943e-09	-2.734521e+01	-8.471630e+01
6.500000e-06	-3.885137e-06	-1.298838e-09	-2.757276e+01	-8.516048e+01
6.510000e-06	-3.917152e-06	-1.305044e-09	-2.779997e+01	-8.558413e+01
6.520000e-06	-3.949038e-06	-1.310991e-09	-2.802627e+01	-8.598788e+01
6.530000e-06	-3.980625e-06	-1.317999e-09	-2.825043e+01	-8.637236e+01
6.540000e-06	-4.011931e-06	-1.326447e-09	-2.847261e+01	-8.673817e+01
6.550000e-06	-4.042860e-06	-1.334201e-09	-2.869212e+01	-8.708587e+01
6.560000e-06	-4.073295e-06	-1.340696e-09	-2.890812e+01	-8.741601e+01
6.570000e-06	-4.103171e-06	-1.343558e-09	-2.912014e+01	-8.772913e+01
6.580000e-06	-4.132577e-06	-1.345740e-09	-2.932884e+01	-8.802574e+01
6.590000e-06	-4.161651e-06	-1.345746e-09	-2.953517e+01	-8.830633e+01
6.600000e-06	-4.190339e-06	-1.346689e-09	-2.973877e+01	-8.857138e+01
6.610000e-06	-4.218656e-06	-1.348886e-09	-2.993974e+01	-8.882137e+01
6.620000e-06	-4.246763e-06	-1.355411e-09	-3.013921e+01	-8.905676e+01
6.630000e-06	-4.274774e-06	-1.365500e-09	-3.033801e+01	-8.927802e+01
6.640000e-06	-4.302641e-06	-1.372787e-09	-3.053578e+01	-8.948559e+01
6.650000e-06	-4.330228e-06	-1.375093e-09	-3.073156e+01	-8.967995e+01
6.660000e-06	-4.357512e-06	-1.373538e-09	-3.092520e+01	-8.986156e+01
6.670000e-06	-4.384440e-06	-1.373789e-09	-3.111630e+01	-9.003086e+01
6.680000e-06	-4.410961e-06	-1.376586e-09	-3.130452e+01	-9.018835e+01
6.690000e-06	-4.437223e-06	-1.380597e-09	-3.149090e+01	-9.033448e+01
6.700000e-06	-4.463309e-06	-1.383553e-09	-3.167603e+01	-9.046974e+01
6.710000e-06	-4.489061e-06	-1.387967e-09	-3.185880e+01	-9.059463e+01
6.720000e-06	-4.514393e-06	-1.393233e-09	-3.203858e+01	-9.070963e+01
6.730000e-06	-4.539364e-06	-1.396423e-09	-3.221580e+01	-9.081526e+01
6.740000e-06	-4.564038e-06	-1.395812e-09	-3.239091e+01	-9.091201e+01
6.750000e-06	-4.588435e-06	-1.397184e-09	-3.256406e+01	-9.100041e+01
6.760000e-06	-4.612591e-06	-1.400791e-09	-3.273549e+01	-9.108096e+01
6.770000e-06	-4.636609e-06	-1.405605e-09	-3.290594e+01	-9.115419e+01
6.780000e-06	-4.660481e-06	-1.409474e-09	-3.307536e+01	-9.122061e+01
6.790000e-06	-4.684174e-06	-1.412600e-09	-3.324351e+01	-9.128074e+01
6.800000e-06	-4.707433e-06	-1.413690e-09	-3.340858e+01	-9.133507e+01
6.810000e-06	-4.730122e-06	-1.415090e-09	-3.356961e+01	-9.138410e+01
6.820000e-06	-4.752339e-06	-1.415502e-09	-3.372728e+01	-9.142832e+01
6.830000e-06	-4.773976e-06	-1.415211e-09	-3.388084e+01	-9.146818e+01
6.840000e-06	-4.795040e-06	-1.417922e-09	-3.403033e+01	-9.150414e+01
6.850000e-06	-4.815746e-06	-1.422406e-09	-3.417728e+01	-9.153662e+01
6.860000e-06	-4.836191e-06	-1.425057e-09	-3.432238e+01	-9.156600e+01
6.870000e-06	-4.856441e-06	-1.424812e-09	-3.446609e+01	-9.159267e+01
6.880000e-06	-4.876504e-06	-1.423310e-09	-3.460847e+01	-9.161695e+01
6.890000e-06	-4.896290e-06	-1.422790e-09	-3.474890e+01	-9.163914e+01
6.900000e-06	-4.915658e-06	-1.422551e-09	-3.488635e+01	-9.165949e+01
6.910000e-06	-4.934618e-06	-1.423809e-09	-3.502091e+01	-9.167824e+01
6.920000e-06	-4.953282e-06	-1.427757e-09	-3.515337e+01	-9.169555e+01
6.930000e-06	-4.971607e-06	-1.432864e-09	-3.528342e+01	-9.171157e+01
6.940000e-06	-4.989683e-06	-1.435471e-09	-3.541170e+01	-9.172637e+01
6.950000e-06	-5.007503e-06	-1.433889e-09	-3.553818e+01	-9.174001e+01
6.960000e-06	-5.024854e-06	-1.430507e-09	-3.566131e+01	-9.175248e+01
6.970000e-06	-5.041816e-06	-1.428691e-09	-3.578170e+01	-9.176375e+01
6.980000e-06	-5.058468e-06	-1.427866e-09	-3.589988e+01	-9.177371e+01
6.990000e-06	-5.074830e-06	-1.426515e-09	-3.601600e+01	-9.178224e+01
7.000000e-06	-5.091045e-06	-1.425810e-09	-3.613107e+01	-9.178917e+01
7.010000e-06	-5.106988e-06	-1.426789e-09	-3.624422e+01	-9.179429e+01
7.020000e-06	-5.122560e-06	-1.428871e-09	-3.635473e+01	-9.179735e+01
7.030000e-06	-5.137651e-06	-1.428053e-09	-3.646183e+01	-9.179809e+01
7.040000e-06	-5.152085e-06	-1.426075e-09	-3.656427e+01	-9.179620e+01
7.050000e-06	-5.165963e-06	-1.424850e-09	-3.666276e+01	-9.179136e+01
7.060000e-06	-5.179351e-06	-1.424217e-09	-3.675778e+01	-9.178323e+01
7.070000e-06	-5.192179e-06	-1.421029e-09	-3.684882e+01	-9.177146e+01
7.080000e-06	-5.204589e-06	-1.416682e-09	-3.693689e+01	-9.175569e+01
7.090000e-06	-5.216688e-06	-1.413691e-09	-3.702276e+01	-9.173555e+01
7.100000e-06	-5.228438e-06	-1.413929e-09	-3.710614e+01	-9.171069e+01
7.110000e-06	-5.239757e-06	-1.414750e-09	-3.718648e+01	-9.168076e+01
7.120000e-06	-5.250745e-06	-1.414131e-09	-3.726446e+01	-9.164542e+01
7.130000e-06	-5.261476e-06	-1.413704e-09	-3.734061e+01	-9.160437e+01
7.140000e-06	-5.271835e-06	-1.415156e-09	-3.741413e+01	-9.155731e+01
7.150000e-06	-5.281782e-06	-1.415909e-09	-3.748473e+01	-9.150401e+01
7.160000e-06	-5.291309e-06	-1.412465e-09	-3.755234e+01	-9.144423e+01
7.170000e-06	-5.300415e-06	-1.405733e-09	-3.761697e+01	-9.137780e+01
7.180000e-06	-5.309138e-06	-1.398183e-09	-3.767887e+01	-9.130460e+01
7.190000e-06	-5.317573e-06	-1.392786e-09	-3.773874e+01	-9.122454e+01
7.200000e-06	-5.325764e-06	-1.391404e-09	-3.779687e+01	-9.113759e+01
7.210000e-06	-5.333736e-06	-1.392844e-09	-3.785344e+01	-9.104380e+01
7.220000e-06	-5.341445e-06	-1.395604e-09	-3.790815e+01	-9.094323e+01
7.230000e-06	-5.348780e-06	-1.397941e-09	-3.796021e+01	-9.083604e+01
7.240000e-06	-5.355615e-06	-1.397100e-09	-3.800872e+01	-9.072244e+01
7.250000e-06	-5.361833e-06	-1.393721e-09	-3.805285e+01	-9.060268e+01
7.260000e-06	-5.367392e-06	-1.388846e-09	-3.809230e+01	-9.047710e+01
7.270000e-06	-5.372374e-06	-1.383583e-09	-3.812766e+01	-9.034608e+01
7.280000e-06	-5.376982e-06	-1.379964e-09	-3.816037e+01	-9.021005e+01
7.290000e-06	-5.381345e-06	-1.377691e-09	-3.819133e+01	-9.006952e+01
7.300000e-06	-5.385503e-06	-1.376811e-09	-3.822083e+01	-8.992503e+01
7.310000e-06	-5.389329e-06	-1.377864e-09	-3.824799e+01	-8.977715e+01
7.320000e-06	-5.392745e-06	-1.378098e-09	-3.827223e+01	-8.962654e+01
7.330000e-06	-5.395818e-06	-1.378139e-09	-3.829404e+01	-8.947384e+01
7.340000e-06	-5.398541e-06	-1.377374e-09	-3.831336e+01	-8.931977e+01
7.350000e-06	-5.401004e-06	-1.375142e-09	-3.833085e+01	-8.916504e+01
7.360000e-06	-5.403229e-06	-1.370835e-09	-3.834663e+01	-8.901038e+01
7.370000e-06	-5.404943e-06	-1.365515e-09	-3.835880e+01	-8.885656e+01
7.380000e-06	-5.406195e-06	-1.361739e-09	-3.836768e+01	-8.870431e+01
7.390000e-06	-5.407080e-06	-1.360380e-09	-3.837397e+01	-8.855439e+01
7.400000e-06	-5.407654e-06	-1.360156e-09	-3.837804e+01	-8.840753e+01
