# Temperatura_=_-1.57
# Concentracion g/m^3_=_4090.0
# C_Vs_to_Am_M_A/Vsm_=_65563218390.804596
# pendiente_HvsI_1/m_=_3716.3
# ordenada_HvsI_A/m_=_1297.0
# frecuencia_Hz_=_135072.61720354453

Tiempo_(s)	Campo_(V.s)	Magnetizacion_(V.s)	Campo_(kA/m)	Magnetizacion_(A/m)
0.000000e+00	-5.387191e-06	-2.124582e-09	-3.838996e+01	-1.402135e+02
1.000000e-08	-5.387443e-06	-2.121507e-09	-3.839176e+01	-1.401245e+02
2.000000e-08	-5.387486e-06	-2.118296e-09	-3.839206e+01	-1.400411e+02
3.000000e-08	-5.387266e-06	-2.113437e-09	-3.839050e+01	-1.399637e+02
4.000000e-08	-5.386697e-06	-2.108127e-09	-3.838644e+01	-1.398930e+02
5.000000e-08	-5.385695e-06	-2.105920e-09	-3.837930e+01	-1.398295e+02
6.000000e-08	-5.384078e-06	-2.108471e-09	-3.836778e+01	-1.397735e+02
7.000000e-08	-5.381985e-06	-2.122994e-09	-3.835286e+01	-1.397254e+02
8.000000e-08	-5.379336e-06	-2.133384e-09	-3.833399e+01	-1.396854e+02
9.000000e-08	-5.375995e-06	-2.097967e-09	-3.831018e+01	-1.396538e+02
1.000000e-07	-5.372121e-06	-2.052053e-09	-3.828257e+01	-1.396307e+02
1.100000e-07	-5.367905e-06	-2.115429e-09	-3.825252e+01	-1.396161e+02
1.200000e-07	-5.363483e-06	-2.177694e-09	-3.822101e+01	-1.396098e+02
1.300000e-07	-5.358829e-06	-2.098887e-09	-3.818785e+01	-1.396119e+02
1.400000e-07	-5.353905e-06	-2.015500e-09	-3.815276e+01	-1.396219e+02
1.500000e-07	-5.348638e-06	-2.103294e-09	-3.811523e+01	-1.396397e+02
1.600000e-07	-5.342945e-06	-2.216032e-09	-3.807466e+01	-1.396647e+02
1.700000e-07	-5.336839e-06	-2.116869e-09	-3.803114e+01	-1.396965e+02
1.800000e-07	-5.330392e-06	-1.973321e-09	-3.798520e+01	-1.397346e+02
1.900000e-07	-5.323634e-06	-2.085454e-09	-3.793705e+01	-1.397781e+02
2.000000e-07	-5.316485e-06	-2.202481e-09	-3.788610e+01	-1.398265e+02
2.100000e-07	-5.308981e-06	-2.132966e-09	-3.783263e+01	-1.398789e+02
2.200000e-07	-5.301227e-06	-2.037304e-09	-3.777737e+01	-1.399345e+02
2.300000e-07	-5.293253e-06	-2.155816e-09	-3.772054e+01	-1.399923e+02
2.400000e-07	-5.285042e-06	-2.211820e-09	-3.766203e+01	-1.400514e+02
2.500000e-07	-5.276335e-06	-2.128687e-09	-3.759999e+01	-1.401109e+02
2.600000e-07	-5.266956e-06	-2.123023e-09	-3.753315e+01	-1.401696e+02
2.700000e-07	-5.256933e-06	-2.224840e-09	-3.746172e+01	-1.402267e+02
2.800000e-07	-5.246329e-06	-2.194205e-09	-3.738616e+01	-1.402809e+02
2.900000e-07	-5.235288e-06	-2.103056e-09	-3.730748e+01	-1.403312e+02
3.000000e-07	-5.223829e-06	-2.159988e-09	-3.722582e+01	-1.403766e+02
3.100000e-07	-5.212012e-06	-2.206015e-09	-3.714161e+01	-1.404161e+02
3.200000e-07	-5.199827e-06	-2.117067e-09	-3.705478e+01	-1.404487e+02
3.300000e-07	-5.187243e-06	-2.078353e-09	-3.696510e+01	-1.404733e+02
3.400000e-07	-5.174345e-06	-2.174324e-09	-3.687319e+01	-1.404890e+02
3.500000e-07	-5.160972e-06	-2.160266e-09	-3.677789e+01	-1.404950e+02
3.600000e-07	-5.147116e-06	-2.109770e-09	-3.667915e+01	-1.404903e+02
3.700000e-07	-5.132949e-06	-2.137307e-09	-3.657820e+01	-1.404744e+02
3.800000e-07	-5.118348e-06	-2.167886e-09	-3.647415e+01	-1.404464e+02
3.900000e-07	-5.103150e-06	-2.102082e-09	-3.636584e+01	-1.404057e+02
4.000000e-07	-5.087334e-06	-2.111061e-09	-3.625314e+01	-1.403519e+02
4.100000e-07	-5.070866e-06	-2.135855e-09	-3.613578e+01	-1.402844e+02
4.200000e-07	-5.054050e-06	-2.102267e-09	-3.601595e+01	-1.402029e+02
4.300000e-07	-5.037016e-06	-2.082459e-09	-3.589456e+01	-1.401072e+02
4.400000e-07	-5.019620e-06	-2.140204e-09	-3.577059e+01	-1.399971e+02
4.500000e-07	-5.001975e-06	-2.128955e-09	-3.564485e+01	-1.398726e+02
4.600000e-07	-4.984084e-06	-2.089233e-09	-3.551736e+01	-1.397336e+02
4.700000e-07	-4.965883e-06	-2.096254e-09	-3.538766e+01	-1.395802e+02
4.800000e-07	-4.947323e-06	-2.114992e-09	-3.525539e+01	-1.394128e+02
4.900000e-07	-4.928358e-06	-2.086067e-09	-3.512024e+01	-1.392315e+02
5.000000e-07	-4.909047e-06	-2.073561e-09	-3.498263e+01	-1.390368e+02
5.100000e-07	-4.889431e-06	-2.071376e-09	-3.484285e+01	-1.388292e+02
5.200000e-07	-4.869598e-06	-2.075808e-09	-3.470152e+01	-1.386093e+02
5.300000e-07	-4.849561e-06	-2.088208e-09	-3.455873e+01	-1.383775e+02
5.400000e-07	-4.829255e-06	-2.085200e-09	-3.441402e+01	-1.381346e+02
5.500000e-07	-4.808588e-06	-2.066588e-09	-3.426674e+01	-1.378814e+02
5.600000e-07	-4.787557e-06	-2.075254e-09	-3.411688e+01	-1.376186e+02
5.700000e-07	-4.766149e-06	-2.087001e-09	-3.396432e+01	-1.373471e+02
5.800000e-07	-4.744372e-06	-2.065624e-09	-3.380914e+01	-1.370677e+02
5.900000e-07	-4.722351e-06	-2.047601e-09	-3.365221e+01	-1.367813e+02
6.000000e-07	-4.700049e-06	-2.048727e-09	-3.349328e+01	-1.364887e+02
6.100000e-07	-4.677383e-06	-2.057412e-09	-3.333176e+01	-1.361909e+02
6.200000e-07	-4.654401e-06	-2.061429e-09	-3.316799e+01	-1.358888e+02
6.300000e-07	-4.631119e-06	-2.057458e-09	-3.300207e+01	-1.355832e+02
6.400000e-07	-4.607493e-06	-2.040498e-09	-3.283371e+01	-1.352749e+02
6.500000e-07	-4.583672e-06	-2.051270e-09	-3.266396e+01	-1.349649e+02
6.600000e-07	-4.559679e-06	-2.060259e-09	-3.249298e+01	-1.346539e+02
6.700000e-07	-4.535487e-06	-2.044901e-09	-3.232058e+01	-1.343425e+02
6.800000e-07	-4.510991e-06	-2.025316e-09	-3.214602e+01	-1.340316e+02
6.900000e-07	-4.486063e-06	-2.036040e-09	-3.196838e+01	-1.337216e+02
7.000000e-07	-4.460653e-06	-2.039047e-09	-3.178731e+01	-1.334133e+02
7.100000e-07	-4.434708e-06	-2.030503e-09	-3.160242e+01	-1.331069e+02
7.200000e-07	-4.408274e-06	-2.016717e-09	-3.141405e+01	-1.328031e+02
7.300000e-07	-4.381454e-06	-2.021191e-09	-3.122293e+01	-1.325020e+02
7.400000e-07	-4.354258e-06	-2.027668e-09	-3.102912e+01	-1.322040e+02
7.500000e-07	-4.326645e-06	-2.028431e-09	-3.083234e+01	-1.319092e+02
7.600000e-07	-4.298793e-06	-2.010408e-09	-3.063387e+01	-1.316177e+02
7.700000e-07	-4.270812e-06	-2.003632e-09	-3.043448e+01	-1.313295e+02
7.800000e-07	-4.242634e-06	-2.007499e-09	-3.023367e+01	-1.310445e+02
7.900000e-07	-4.214156e-06	-2.005366e-09	-3.003073e+01	-1.307627e+02
8.000000e-07	-4.185392e-06	-1.986553e-09	-2.982575e+01	-1.304838e+02
8.100000e-07	-4.156398e-06	-1.975873e-09	-2.961914e+01	-1.302075e+02
8.200000e-07	-4.127094e-06	-1.976079e-09	-2.941032e+01	-1.299334e+02
8.300000e-07	-4.097472e-06	-1.978638e-09	-2.919923e+01	-1.296612e+02
8.400000e-07	-4.067558e-06	-1.970792e-09	-2.898605e+01	-1.293903e+02
8.500000e-07	-4.037366e-06	-1.958698e-09	-2.877090e+01	-1.291202e+02
8.600000e-07	-4.006936e-06	-1.957815e-09	-2.855405e+01	-1.288505e+02
8.700000e-07	-3.976194e-06	-1.962921e-09	-2.833498e+01	-1.285804e+02
8.800000e-07	-3.945119e-06	-1.956559e-09	-2.811353e+01	-1.283094e+02
8.900000e-07	-3.913862e-06	-1.937708e-09	-2.789079e+01	-1.280369e+02
9.000000e-07	-3.882407e-06	-1.927578e-09	-2.766664e+01	-1.277621e+02
9.100000e-07	-3.850709e-06	-1.927451e-09	-2.744075e+01	-1.274844e+02
9.200000e-07	-3.818845e-06	-1.926367e-09	-2.721368e+01	-1.272033e+02
9.300000e-07	-3.786792e-06	-1.917041e-09	-2.698527e+01	-1.269180e+02
9.400000e-07	-3.754564e-06	-1.915195e-09	-2.675561e+01	-1.266279e+02
9.500000e-07	-3.722198e-06	-1.918431e-09	-2.652496e+01	-1.263324e+02
9.600000e-07	-3.689598e-06	-1.918336e-09	-2.629265e+01	-1.260310e+02
9.700000e-07	-3.656548e-06	-1.903498e-09	-2.605713e+01	-1.257232e+02
9.800000e-07	-3.623000e-06	-1.887197e-09	-2.581806e+01	-1.254085e+02
9.900000e-07	-3.589021e-06	-1.877242e-09	-2.557592e+01	-1.250865e+02
1.000000e-06	-3.554620e-06	-1.873811e-09	-2.533077e+01	-1.247567e+02
1.010000e-06	-3.519924e-06	-1.866073e-09	-2.508353e+01	-1.244190e+02
1.020000e-06	-3.484839e-06	-1.862285e-09	-2.483350e+01	-1.240730e+02
1.030000e-06	-3.449383e-06	-1.861387e-09	-2.458084e+01	-1.237185e+02
1.040000e-06	-3.413753e-06	-1.863346e-09	-2.432694e+01	-1.233555e+02
1.050000e-06	-3.377920e-06	-1.857666e-09	-2.407158e+01	-1.229838e+02
1.060000e-06	-3.341930e-06	-1.848471e-09	-2.381511e+01	-1.226035e+02
1.070000e-06	-3.305871e-06	-1.838828e-09	-2.355815e+01	-1.222146e+02
1.080000e-06	-3.269671e-06	-1.831987e-09	-2.330018e+01	-1.218173e+02
1.090000e-06	-3.233200e-06	-1.823706e-09	-2.304029e+01	-1.214118e+02
1.100000e-06	-3.196533e-06	-1.817415e-09	-2.277899e+01	-1.209982e+02
1.110000e-06	-3.159640e-06	-1.813308e-09	-2.251609e+01	-1.205769e+02
1.120000e-06	-3.122452e-06	-1.811173e-09	-2.225108e+01	-1.201483e+02
1.130000e-06	-3.085004e-06	-1.805811e-09	-2.198422e+01	-1.197126e+02
1.140000e-06	-3.047368e-06	-1.795309e-09	-2.171602e+01	-1.192703e+02
1.150000e-06	-3.009599e-06	-1.785103e-09	-2.144687e+01	-1.188218e+02
1.160000e-06	-2.971602e-06	-1.778470e-09	-2.117610e+01	-1.183677e+02
1.170000e-06	-2.933377e-06	-1.773995e-09	-2.090370e+01	-1.179083e+02
1.180000e-06	-2.895019e-06	-1.769482e-09	-2.063036e+01	-1.174442e+02
1.190000e-06	-2.856407e-06	-1.763746e-09	-2.035520e+01	-1.169759e+02
1.200000e-06	-2.817571e-06	-1.759267e-09	-2.007845e+01	-1.165038e+02
1.210000e-06	-2.778520e-06	-1.757302e-09	-1.980017e+01	-1.160284e+02
1.220000e-06	-2.739207e-06	-1.751864e-09	-1.952002e+01	-1.155501e+02
1.230000e-06	-2.699702e-06	-1.743362e-09	-1.923849e+01	-1.150694e+02
1.240000e-06	-2.660004e-06	-1.736246e-09	-1.895560e+01	-1.145867e+02
1.250000e-06	-2.620204e-06	-1.732214e-09	-1.867198e+01	-1.141024e+02
1.260000e-06	-2.580308e-06	-1.725801e-09	-1.838768e+01	-1.136167e+02
1.270000e-06	-2.540371e-06	-1.719235e-09	-1.810308e+01	-1.131299e+02
1.280000e-06	-2.500397e-06	-1.710445e-09	-1.781822e+01	-1.126422e+02
1.290000e-06	-2.460313e-06	-1.706595e-09	-1.753257e+01	-1.121538e+02
1.300000e-06	-2.420082e-06	-1.700485e-09	-1.724588e+01	-1.116648e+02
1.310000e-06	-2.379713e-06	-1.689807e-09	-1.695820e+01	-1.111753e+02
1.320000e-06	-2.339175e-06	-1.676142e-09	-1.666932e+01	-1.106851e+02
1.330000e-06	-2.298479e-06	-1.667084e-09	-1.637932e+01	-1.101943e+02
1.340000e-06	-2.257600e-06	-1.664356e-09	-1.608801e+01	-1.097027e+02
1.350000e-06	-2.216445e-06	-1.662868e-09	-1.579473e+01	-1.092101e+02
1.360000e-06	-2.175014e-06	-1.658410e-09	-1.549949e+01	-1.087162e+02
1.370000e-06	-2.133269e-06	-1.652259e-09	-1.520201e+01	-1.082207e+02
1.380000e-06	-2.091217e-06	-1.641469e-09	-1.490234e+01	-1.077232e+02
1.390000e-06	-2.048935e-06	-1.626610e-09	-1.460103e+01	-1.072232e+02
1.400000e-06	-2.006386e-06	-1.611195e-09	-1.429782e+01	-1.067203e+02
1.410000e-06	-1.963609e-06	-1.600311e-09	-1.399299e+01	-1.062140e+02
1.420000e-06	-1.920727e-06	-1.594166e-09	-1.368740e+01	-1.057037e+02
1.430000e-06	-1.877570e-06	-1.591096e-09	-1.337986e+01	-1.051888e+02
1.440000e-06	-1.834207e-06	-1.588114e-09	-1.307084e+01	-1.046686e+02
1.450000e-06	-1.790751e-06	-1.582933e-09	-1.276117e+01	-1.041424e+02
1.460000e-06	-1.747190e-06	-1.573776e-09	-1.245075e+01	-1.036097e+02
1.470000e-06	-1.703513e-06	-1.560791e-09	-1.213950e+01	-1.030697e+02
1.480000e-06	-1.659699e-06	-1.546055e-09	-1.182727e+01	-1.025216e+02
1.490000e-06	-1.615809e-06	-1.532868e-09	-1.151450e+01	-1.019649e+02
1.500000e-06	-1.571866e-06	-1.525505e-09	-1.120136e+01	-1.013988e+02
1.510000e-06	-1.527881e-06	-1.520854e-09	-1.088792e+01	-1.008226e+02
1.520000e-06	-1.483807e-06	-1.515697e-09	-1.057384e+01	-1.002356e+02
1.530000e-06	-1.439674e-06	-1.505654e-09	-1.025934e+01	-9.963725e+01
1.540000e-06	-1.395516e-06	-1.490209e-09	-9.944662e+00	-9.902680e+01
1.550000e-06	-1.351301e-06	-1.470245e-09	-9.629584e+00	-9.840368e+01
1.560000e-06	-1.306975e-06	-1.451410e-09	-9.313708e+00	-9.776731e+01
1.570000e-06	-1.262561e-06	-1.437422e-09	-8.997204e+00	-9.711713e+01
1.580000e-06	-1.218076e-06	-1.428265e-09	-8.680202e+00	-9.645263e+01
1.590000e-06	-1.173495e-06	-1.422028e-09	-8.362506e+00	-9.577331e+01
1.600000e-06	-1.128836e-06	-1.418845e-09	-8.044262e+00	-9.507874e+01
1.610000e-06	-1.084126e-06	-1.412276e-09	-7.725654e+00	-9.436848e+01
1.620000e-06	-1.039351e-06	-1.398824e-09	-7.406579e+00	-9.364216e+01
1.630000e-06	-9.944774e-07	-1.379378e-09	-7.086801e+00	-9.289942e+01
1.640000e-06	-9.495026e-07	-1.361311e-09	-6.766303e+00	-9.213994e+01
1.650000e-06	-9.044480e-07	-1.347268e-09	-6.445238e+00	-9.136342e+01
1.660000e-06	-8.593818e-07	-1.334272e-09	-6.124088e+00	-9.056957e+01
1.670000e-06	-8.142384e-07	-1.321921e-09	-5.802390e+00	-8.975815e+01
1.680000e-06	-7.689349e-07	-1.313122e-09	-5.479550e+00	-8.892891e+01
1.690000e-06	-7.235700e-07	-1.307584e-09	-5.156272e+00	-8.808162e+01
1.700000e-06	-6.782223e-07	-1.296693e-09	-4.833118e+00	-8.721604e+01
1.710000e-06	-6.328144e-07	-1.278946e-09	-4.509534e+00	-8.633195e+01
1.720000e-06	-5.873891e-07	-1.261916e-09	-4.185826e+00	-8.542912e+01
1.730000e-06	-5.419705e-07	-1.248062e-09	-3.862166e+00	-8.450728e+01
1.740000e-06	-4.964117e-07	-1.234018e-09	-3.537507e+00	-8.356618e+01
1.750000e-06	-4.508421e-07	-1.217073e-09	-3.212771e+00	-8.260552e+01
1.760000e-06	-4.052996e-07	-1.200695e-09	-2.888228e+00	-8.162498e+01
1.770000e-06	-3.596372e-07	-1.186523e-09	-2.562831e+00	-8.062421e+01
1.780000e-06	-3.139476e-07	-1.173124e-09	-2.237239e+00	-7.960282e+01
1.790000e-06	-2.682630e-07	-1.158795e-09	-1.911684e+00	-7.856037e+01
1.800000e-06	-2.225330e-07	-1.142496e-09	-1.585804e+00	-7.749637e+01
1.810000e-06	-1.768204e-07	-1.125048e-09	-1.260050e+00	-7.641030e+01
1.820000e-06	-1.312179e-07	-1.108860e-09	-9.350793e-01	-7.530156e+01
1.830000e-06	-8.565794e-08	-1.093803e-09	-6.104118e-01	-7.416952e+01
1.840000e-06	-4.003114e-08	-1.077455e-09	-2.852681e-01	-7.301346e+01
1.850000e-06	5.609435e-09	-1.060101e-09	3.997371e-02	-7.183264e+01
1.860000e-06	5.126007e-08	-1.043708e-09	3.652873e-01	-7.062625e+01
1.870000e-06	9.697500e-08	-1.028538e-09	6.910590e-01	-6.939341e+01
1.880000e-06	1.427276e-07	-1.012591e-09	1.017099e+00	-6.813321e+01
1.890000e-06	1.884355e-07	-9.951696e-10	1.342821e+00	-6.684467e+01
1.900000e-06	2.340574e-07	-9.743205e-10	1.667929e+00	-6.552679e+01
1.910000e-06	2.796567e-07	-9.503618e-10	1.992877e+00	-6.417851e+01
1.920000e-06	3.252869e-07	-9.257994e-10	2.318045e+00	-6.279873e+01
1.930000e-06	3.709181e-07	-9.024798e-10	2.643220e+00	-6.138635e+01
1.940000e-06	4.165606e-07	-8.799687e-10	2.968476e+00	-5.994022e+01
1.950000e-06	4.621767e-07	-8.569503e-10	3.293543e+00	-5.845919e+01
1.960000e-06	5.076950e-07	-8.341699e-10	3.617913e+00	-5.694213e+01
1.970000e-06	5.531674e-07	-8.120873e-10	3.941957e+00	-5.538787e+01
1.980000e-06	5.986247e-07	-7.882482e-10	4.265893e+00	-5.379530e+01
1.990000e-06	6.440162e-07	-7.621420e-10	4.589360e+00	-5.216332e+01
2.000000e-06	6.893825e-07	-7.335191e-10	4.912647e+00	-5.049086e+01
2.010000e-06	7.347385e-07	-7.043741e-10	5.235861e+00	-4.877692e+01
2.020000e-06	7.800381e-07	-6.764800e-10	5.558673e+00	-4.702055e+01
2.030000e-06	8.252242e-07	-6.499822e-10	5.880676e+00	-4.522086e+01
2.040000e-06	8.703071e-07	-6.226752e-10	6.201944e+00	-4.337707e+01
2.050000e-06	9.153052e-07	-5.946990e-10	6.522608e+00	-4.148848e+01
2.060000e-06	9.602500e-07	-5.652996e-10	6.842891e+00	-3.955451e+01
2.070000e-06	1.005212e-06	-5.348150e-10	7.163296e+00	-3.757467e+01
2.080000e-06	1.050063e-06	-5.041601e-10	7.482914e+00	-3.554861e+01
2.090000e-06	1.094749e-06	-4.723944e-10	7.801350e+00	-3.347614e+01
2.100000e-06	1.139349e-06	-4.408392e-10	8.119182e+00	-3.135718e+01
2.110000e-06	1.183883e-06	-4.091632e-10	8.436534e+00	-2.919181e+01
2.120000e-06	1.228333e-06	-3.764555e-10	8.753291e+00	-2.698029e+01
2.130000e-06	1.272750e-06	-3.433681e-10	9.069812e+00	-2.472303e+01
2.140000e-06	1.317089e-06	-3.109843e-10	9.385784e+00	-2.242060e+01
2.150000e-06	1.361313e-06	-2.773586e-10	9.700926e+00	-2.007377e+01
2.160000e-06	1.405461e-06	-2.418653e-10	1.001554e+01	-1.768346e+01
2.170000e-06	1.449541e-06	-2.061699e-10	1.032965e+01	-1.525080e+01
2.180000e-06	1.493575e-06	-1.695313e-10	1.064345e+01	-1.277706e+01
2.190000e-06	1.537558e-06	-1.334555e-10	1.095688e+01	-1.026373e+01
2.200000e-06	1.581512e-06	-9.836194e-11	1.127010e+01	-7.712447e+00
2.210000e-06	1.625428e-06	-6.051771e-11	1.158305e+01	-5.125027e+00
2.220000e-06	1.669261e-06	-2.065287e-11	1.189541e+01	-2.503456e+00
2.230000e-06	1.713032e-06	2.022611e-11	1.220733e+01	1.501197e-01
2.240000e-06	1.756729e-06	6.265276e-11	1.251873e+01	2.833399e+00
2.250000e-06	1.800284e-06	1.048234e-10	1.282911e+01	5.543934e+00
2.260000e-06	1.843727e-06	1.454657e-10	1.313869e+01	8.279141e+00
2.270000e-06	1.887090e-06	1.868902e-10	1.344770e+01	1.103631e+01
2.280000e-06	1.930257e-06	2.289641e-10	1.375531e+01	1.381262e+01
2.290000e-06	1.973188e-06	2.712992e-10	1.406125e+01	1.660513e+01
2.300000e-06	2.015922e-06	3.127687e-10	1.436577e+01	1.941083e+01
2.310000e-06	2.058432e-06	3.526432e-10	1.466870e+01	2.222662e+01
2.320000e-06	2.100681e-06	3.951070e-10	1.496978e+01	2.504934e+01
2.330000e-06	2.142589e-06	4.401993e-10	1.526842e+01	2.787578e+01
2.340000e-06	2.184180e-06	4.829431e-10	1.556481e+01	3.070271e+01
2.350000e-06	2.225533e-06	5.228327e-10	1.585949e+01	3.352686e+01
2.360000e-06	2.266637e-06	5.627216e-10	1.615241e+01	3.634496e+01
2.370000e-06	2.307525e-06	6.048879e-10	1.644378e+01	3.915377e+01
2.380000e-06	2.348204e-06	6.481458e-10	1.673366e+01	4.195006e+01
2.390000e-06	2.388663e-06	6.887277e-10	1.702198e+01	4.473064e+01
2.400000e-06	2.428982e-06	7.293199e-10	1.730931e+01	4.749237e+01
2.410000e-06	2.469194e-06	7.723499e-10	1.759586e+01	5.023221e+01
2.420000e-06	2.509317e-06	8.163359e-10	1.788178e+01	5.294716e+01
2.430000e-06	2.549322e-06	8.598423e-10	1.816687e+01	5.563434e+01
2.440000e-06	2.589238e-06	9.007603e-10	1.845131e+01	5.829097e+01
2.450000e-06	2.629100e-06	9.382858e-10	1.873538e+01	6.091438e+01
2.460000e-06	2.668816e-06	9.741796e-10	1.901840e+01	6.350204e+01
2.470000e-06	2.708333e-06	1.010879e-09	1.930000e+01	6.605154e+01
2.480000e-06	2.747665e-06	1.045317e-09	1.958029e+01	6.856064e+01
2.490000e-06	2.786762e-06	1.078303e-09	1.985890e+01	7.102722e+01
2.500000e-06	2.825659e-06	1.115173e-09	2.013609e+01	7.344934e+01
2.510000e-06	2.864368e-06	1.156244e-09	2.041193e+01	7.582521e+01
2.520000e-06	2.902828e-06	1.195893e-09	2.068601e+01	7.815320e+01
2.530000e-06	2.941102e-06	1.231630e-09	2.095875e+01	8.043187e+01
2.540000e-06	2.979195e-06	1.264039e-09	2.123021e+01	8.265994e+01
2.550000e-06	3.017103e-06	1.293680e-09	2.150034e+01	8.483628e+01
2.560000e-06	3.054862e-06	1.320541e-09	2.176943e+01	8.695996e+01
2.570000e-06	3.092434e-06	1.344975e-09	2.203716e+01	8.903019e+01
2.580000e-06	3.129717e-06	1.371723e-09	2.230285e+01	9.104638e+01
2.590000e-06	3.166736e-06	1.402560e-09	2.256666e+01	9.300806e+01
2.600000e-06	3.203543e-06	1.434913e-09	2.282895e+01	9.491495e+01
2.610000e-06	3.240153e-06	1.466826e-09	2.308983e+01	9.676691e+01
2.620000e-06	3.276568e-06	1.496285e-09	2.334934e+01	9.856394e+01
2.630000e-06	3.312793e-06	1.523861e-09	2.360748e+01	1.003062e+02
2.640000e-06	3.348851e-06	1.547668e-09	2.386444e+01	1.019939e+02
2.650000e-06	3.384787e-06	1.568609e-09	2.412052e+01	1.036276e+02
2.660000e-06	3.420632e-06	1.589179e-09	2.437596e+01	1.052077e+02
2.670000e-06	3.456311e-06	1.608019e-09	2.463021e+01	1.067348e+02
2.680000e-06	3.491725e-06	1.627896e-09	2.488257e+01	1.082097e+02
2.690000e-06	3.526727e-06	1.648627e-09	2.513201e+01	1.096333e+02
2.700000e-06	3.561328e-06	1.670278e-09	2.537858e+01	1.110063e+02
2.710000e-06	3.595613e-06	1.691485e-09	2.562290e+01	1.123298e+02
2.720000e-06	3.629436e-06	1.713603e-09	2.586393e+01	1.136049e+02
2.730000e-06	3.662737e-06	1.733344e-09	2.610123e+01	1.148326e+02
2.740000e-06	3.695647e-06	1.751991e-09	2.633575e+01	1.160141e+02
2.750000e-06	3.728239e-06	1.770330e-09	2.656801e+01	1.171505e+02
2.760000e-06	3.760556e-06	1.787930e-09	2.679831e+01	1.182432e+02
2.770000e-06	3.792666e-06	1.803926e-09	2.702713e+01	1.192933e+02
2.780000e-06	3.824645e-06	1.817840e-09	2.725502e+01	1.203021e+02
2.790000e-06	3.856523e-06	1.832823e-09	2.748219e+01	1.212709e+02
2.800000e-06	3.888204e-06	1.846148e-09	2.770795e+01	1.222010e+02
2.810000e-06	3.919576e-06	1.856797e-09	2.793151e+01	1.230937e+02
2.820000e-06	3.950721e-06	1.866550e-09	2.815345e+01	1.239502e+02
2.830000e-06	3.981574e-06	1.879580e-09	2.837332e+01	1.247718e+02
2.840000e-06	4.012154e-06	1.894510e-09	2.859123e+01	1.255599e+02
2.850000e-06	4.042503e-06	1.908563e-09	2.880751e+01	1.263155e+02
2.860000e-06	4.072533e-06	1.921641e-09	2.902150e+01	1.270400e+02
2.870000e-06	4.102277e-06	1.934405e-09	2.923346e+01	1.277346e+02
2.880000e-06	4.131758e-06	1.946613e-09	2.944355e+01	1.284004e+02
2.890000e-06	4.161025e-06	1.953561e-09	2.965211e+01	1.290385e+02
2.900000e-06	4.189969e-06	1.956139e-09	2.985837e+01	1.296502e+02
2.910000e-06	4.218539e-06	1.962131e-09	3.006197e+01	1.302364e+02
2.920000e-06	4.246845e-06	1.971614e-09	3.026368e+01	1.307983e+02
2.930000e-06	4.275002e-06	1.981089e-09	3.046433e+01	1.313369e+02
2.940000e-06	4.303059e-06	1.988747e-09	3.066427e+01	1.318531e+02
2.950000e-06	4.330984e-06	1.998940e-09	3.086327e+01	1.323480e+02
2.960000e-06	4.358733e-06	2.012498e-09	3.106101e+01	1.328225e+02
2.970000e-06	4.386147e-06	2.023231e-09	3.125636e+01	1.332775e+02
2.980000e-06	4.413030e-06	2.027298e-09	3.144794e+01	1.337139e+02
2.990000e-06	4.439421e-06	2.027136e-09	3.163601e+01	1.341326e+02
3.000000e-06	4.465330e-06	2.028019e-09	3.182064e+01	1.345342e+02
3.010000e-06	4.490568e-06	2.031338e-09	3.200049e+01	1.349197e+02
3.020000e-06	4.515273e-06	2.036906e-09	3.217654e+01	1.352898e+02
3.030000e-06	4.539733e-06	2.045912e-09	3.235084e+01	1.356453e+02
3.040000e-06	4.563938e-06	2.058830e-09	3.252333e+01	1.359867e+02
3.050000e-06	4.587944e-06	2.070482e-09	3.269441e+01	1.363149e+02
3.060000e-06	4.611771e-06	2.078057e-09	3.286420e+01	1.366304e+02
3.070000e-06	4.635246e-06	2.081942e-09	3.303149e+01	1.369339e+02
3.080000e-06	4.658401e-06	2.083478e-09	3.319649e+01	1.372259e+02
3.090000e-06	4.681202e-06	2.084572e-09	3.335897e+01	1.375071e+02
3.100000e-06	4.703625e-06	2.084956e-09	3.351876e+01	1.377779e+02
3.110000e-06	4.725734e-06	2.085562e-09	3.367632e+01	1.380388e+02
3.120000e-06	4.747523e-06	2.089228e-09	3.383159e+01	1.382903e+02
3.130000e-06	4.769062e-06	2.095770e-09	3.398508e+01	1.385328e+02
3.140000e-06	4.790294e-06	2.101658e-09	3.413638e+01	1.387667e+02
3.150000e-06	4.811138e-06	2.107460e-09	3.428492e+01	1.389925e+02
3.160000e-06	4.831682e-06	2.113869e-09	3.443132e+01	1.392103e+02
3.170000e-06	4.852000e-06	2.118629e-09	3.457611e+01	1.394206e+02
3.180000e-06	4.872109e-06	2.119661e-09	3.471941e+01	1.396236e+02
3.190000e-06	4.892028e-06	2.117162e-09	3.486136e+01	1.398194e+02
3.200000e-06	4.911720e-06	2.114950e-09	3.500168e+01	1.400084e+02
3.210000e-06	4.931098e-06	2.116542e-09	3.513977e+01	1.401906e+02
3.220000e-06	4.950138e-06	2.120518e-09	3.527546e+01	1.403662e+02
3.230000e-06	4.968737e-06	2.124501e-09	3.540799e+01	1.405352e+02
3.240000e-06	4.986883e-06	2.129258e-09	3.553731e+01	1.406978e+02
3.250000e-06	5.004613e-06	2.135011e-09	3.566365e+01	1.408539e+02
3.260000e-06	5.021946e-06	2.140289e-09	3.578717e+01	1.410035e+02
3.270000e-06	5.039033e-06	2.142419e-09	3.590894e+01	1.411466e+02
3.280000e-06	5.055902e-06	2.139076e-09	3.602915e+01	1.412831e+02
3.290000e-06	5.072405e-06	2.135500e-09	3.614675e+01	1.414130e+02
3.300000e-06	5.088507e-06	2.136366e-09	3.626150e+01	1.415360e+02
3.310000e-06	5.104157e-06	2.139413e-09	3.637302e+01	1.416522e+02
3.320000e-06	5.119306e-06	2.142183e-09	3.648097e+01	1.417612e+02
3.330000e-06	5.133977e-06	2.145665e-09	3.658552e+01	1.418630e+02
3.340000e-06	5.148211e-06	2.150065e-09	3.668696e+01	1.419574e+02
3.350000e-06	5.162121e-06	2.153470e-09	3.678608e+01	1.420441e+02
3.360000e-06	5.175742e-06	2.153135e-09	3.688314e+01	1.421231e+02
3.370000e-06	5.188970e-06	2.149375e-09	3.697741e+01	1.421940e+02
3.380000e-06	5.201686e-06	2.145710e-09	3.706803e+01	1.422568e+02
3.390000e-06	5.213986e-06	2.144417e-09	3.715568e+01	1.423113e+02
3.400000e-06	5.226013e-06	2.146687e-09	3.724138e+01	1.423572e+02
3.410000e-06	5.237751e-06	2.150651e-09	3.732503e+01	1.423946e+02
3.420000e-06	5.249064e-06	2.153025e-09	3.740565e+01	1.424232e+02
3.430000e-06	5.259772e-06	2.154749e-09	3.748195e+01	1.424431e+02
3.440000e-06	5.269751e-06	2.157623e-09	3.755306e+01	1.424540e+02
3.450000e-06	5.279121e-06	2.159746e-09	3.761984e+01	1.424561e+02
3.460000e-06	5.288034e-06	2.159194e-09	3.768336e+01	1.424494e+02
3.470000e-06	5.296580e-06	2.157760e-09	3.774426e+01	1.424339e+02
3.480000e-06	5.304816e-06	2.157270e-09	3.780295e+01	1.424097e+02
3.490000e-06	5.312795e-06	2.157440e-09	3.785981e+01	1.423770e+02
3.500000e-06	5.320495e-06	2.158677e-09	3.791467e+01	1.423361e+02
3.510000e-06	5.327950e-06	2.160298e-09	3.796780e+01	1.422871e+02
3.520000e-06	5.335093e-06	2.163512e-09	3.801870e+01	1.422304e+02
3.530000e-06	5.341746e-06	2.168203e-09	3.806611e+01	1.421663e+02
3.540000e-06	5.347966e-06	2.170296e-09	3.811044e+01	1.420953e+02
3.550000e-06	5.353856e-06	2.168202e-09	3.815241e+01	1.420178e+02
3.560000e-06	5.359393e-06	2.164377e-09	3.819187e+01	1.419344e+02
3.570000e-06	5.364512e-06	2.161737e-09	3.822835e+01	1.418455e+02
3.580000e-06	5.369155e-06	2.161323e-09	3.826143e+01	1.417518e+02
3.590000e-06	5.373478e-06	2.160409e-09	3.829224e+01	1.416540e+02
3.600000e-06	5.377616e-06	2.160647e-09	3.832173e+01	1.415527e+02
3.610000e-06	5.381532e-06	2.163736e-09	3.834963e+01	1.414486e+02
3.620000e-06	5.385204e-06	2.165997e-09	3.837581e+01	1.413424e+02
3.630000e-06	5.388557e-06	2.165707e-09	3.839970e+01	1.412350e+02
3.640000e-06	5.391387e-06	2.164770e-09	3.841987e+01	1.411271e+02
3.650000e-06	5.393552e-06	2.165480e-09	3.843529e+01	1.410194e+02
3.660000e-06	5.395133e-06	2.165604e-09	3.844656e+01	1.409128e+02
3.670000e-06	5.396176e-06	2.164842e-09	3.845399e+01	1.408080e+02
3.680000e-06	5.396736e-06	2.163718e-09	3.845798e+01	1.407058e+02
3.690000e-06	5.396975e-06	2.164238e-09	3.845968e+01	1.406070e+02
3.700000e-06	5.397019e-06	2.165803e-09	3.846000e+01	1.405123e+02
3.710000e-06	5.396856e-06	2.166487e-09	3.845883e+01	1.404223e+02
3.720000e-06	5.396397e-06	2.167053e-09	3.845556e+01	1.403377e+02
3.730000e-06	5.395530e-06	2.167348e-09	3.844939e+01	1.402591e+02
3.740000e-06	5.394258e-06	2.166075e-09	3.844032e+01	1.401871e+02
3.750000e-06	5.392639e-06	2.158333e-09	3.842878e+01	1.401221e+02
3.760000e-06	5.390679e-06	2.140424e-09	3.841482e+01	1.400647e+02
3.770000e-06	5.388431e-06	2.108248e-09	3.839880e+01	1.400151e+02
3.780000e-06	5.385886e-06	2.106122e-09	3.838067e+01	1.399736e+02
3.790000e-06	5.382891e-06	2.170915e-09	3.835932e+01	1.399404e+02
3.800000e-06	5.379443e-06	2.163215e-09	3.833475e+01	1.399157e+02
3.810000e-06	5.375649e-06	2.058519e-09	3.830771e+01	1.398995e+02
3.820000e-06	5.371590e-06	2.058515e-09	3.827879e+01	1.398917e+02
3.830000e-06	5.367333e-06	2.167634e-09	3.824845e+01	1.398922e+02
3.840000e-06	5.362761e-06	2.146387e-09	3.821587e+01	1.399008e+02
3.850000e-06	5.357573e-06	2.003898e-09	3.817890e+01	1.399171e+02
3.860000e-06	5.351771e-06	1.992311e-09	3.813755e+01	1.399408e+02
3.870000e-06	5.345522e-06	2.183526e-09	3.809302e+01	1.399714e+02
3.880000e-06	5.338873e-06	2.183688e-09	3.804564e+01	1.400082e+02
3.890000e-06	5.331850e-06	1.978831e-09	3.799559e+01	1.400507e+02
3.900000e-06	5.324381e-06	1.994145e-09	3.794237e+01	1.400982e+02
3.910000e-06	5.316487e-06	2.185242e-09	3.788611e+01	1.401498e+02
3.920000e-06	5.308289e-06	2.144365e-09	3.782770e+01	1.402048e+02
3.930000e-06	5.299793e-06	1.915045e-09	3.776715e+01	1.402621e+02
3.940000e-06	5.291000e-06	2.009176e-09	3.770449e+01	1.403209e+02
3.950000e-06	5.281803e-06	2.202035e-09	3.763895e+01	1.403803e+02
3.960000e-06	5.272202e-06	2.117850e-09	3.757053e+01	1.404390e+02
3.970000e-06	5.262275e-06	1.962403e-09	3.749979e+01	1.404962e+02
3.980000e-06	5.251942e-06	2.141575e-09	3.742616e+01	1.405508e+02
3.990000e-06	5.241250e-06	2.275905e-09	3.734996e+01	1.406017e+02
4.000000e-06	5.230235e-06	2.127037e-09	3.727147e+01	1.406479e+02
4.010000e-06	5.218835e-06	2.076834e-09	3.719023e+01	1.406883e+02
4.020000e-06	5.207012e-06	2.260728e-09	3.710598e+01	1.407219e+02
4.030000e-06	5.194779e-06	2.253873e-09	3.701880e+01	1.407477e+02
4.040000e-06	5.182091e-06	2.067392e-09	3.692839e+01	1.407648e+02
4.050000e-06	5.168959e-06	2.109504e-09	3.683480e+01	1.407723e+02
4.060000e-06	5.155249e-06	2.221775e-09	3.673711e+01	1.407693e+02
4.070000e-06	5.140803e-06	2.136314e-09	3.663416e+01	1.407551e+02
4.080000e-06	5.125774e-06	2.081961e-09	3.652707e+01	1.407290e+02
4.090000e-06	5.110366e-06	2.189389e-09	3.641726e+01	1.406903e+02
4.100000e-06	5.094690e-06	2.181087e-09	3.630556e+01	1.406385e+02
4.110000e-06	5.078747e-06	2.105972e-09	3.619194e+01	1.405732e+02
4.120000e-06	5.062497e-06	2.140969e-09	3.607614e+01	1.404939e+02
4.130000e-06	5.045948e-06	2.154173e-09	3.595821e+01	1.404004e+02
4.140000e-06	5.029063e-06	2.066248e-09	3.583789e+01	1.402926e+02
4.150000e-06	5.011805e-06	2.094065e-09	3.571490e+01	1.401703e+02
4.160000e-06	4.994150e-06	2.156696e-09	3.558909e+01	1.400335e+02
4.170000e-06	4.976160e-06	2.127391e-09	3.546089e+01	1.398823e+02
4.180000e-06	4.957906e-06	2.094560e-09	3.533081e+01	1.397171e+02
4.190000e-06	4.939342e-06	2.139979e-09	3.519852e+01	1.395379e+02
4.200000e-06	4.920450e-06	2.127463e-09	3.506389e+01	1.393453e+02
4.210000e-06	4.901197e-06	2.096079e-09	3.492669e+01	1.391396e+02
4.220000e-06	4.881613e-06	2.085667e-09	3.478714e+01	1.389215e+02
4.230000e-06	4.861782e-06	2.084494e-09	3.464582e+01	1.386915e+02
4.240000e-06	4.841696e-06	2.090721e-09	3.450268e+01	1.384503e+02
4.250000e-06	4.821407e-06	2.106837e-09	3.435810e+01	1.381986e+02
4.260000e-06	4.800825e-06	2.082325e-09	3.421143e+01	1.379372e+02
4.270000e-06	4.779846e-06	2.076533e-09	3.406192e+01	1.376669e+02
4.280000e-06	4.758376e-06	2.099287e-09	3.390893e+01	1.373885e+02
4.290000e-06	4.736284e-06	2.089398e-09	3.375150e+01	1.371030e+02
4.300000e-06	4.713596e-06	2.065788e-09	3.358982e+01	1.368113e+02
4.310000e-06	4.690436e-06	2.066808e-09	3.342478e+01	1.365141e+02
4.320000e-06	4.666920e-06	2.058766e-09	3.325720e+01	1.362125e+02
4.330000e-06	4.643108e-06	2.049238e-09	3.308751e+01	1.359072e+02
4.340000e-06	4.619089e-06	2.052510e-09	3.291635e+01	1.355992e+02
4.350000e-06	4.594870e-06	2.029259e-09	3.274376e+01	1.352893e+02
4.360000e-06	4.570366e-06	2.020564e-09	3.256914e+01	1.349782e+02
4.370000e-06	4.545563e-06	2.049498e-09	3.239239e+01	1.346667e+02
4.380000e-06	4.520455e-06	2.051918e-09	3.221347e+01	1.343554e+02
4.390000e-06	4.495007e-06	2.022090e-09	3.203212e+01	1.340451e+02
4.400000e-06	4.469261e-06	2.024380e-09	3.184865e+01	1.337363e+02
4.410000e-06	4.443233e-06	2.025660e-09	3.166317e+01	1.334294e+02
4.420000e-06	4.416930e-06	2.005291e-09	3.147573e+01	1.331250e+02
4.430000e-06	4.390362e-06	1.980357e-09	3.128641e+01	1.328232e+02
4.440000e-06	4.363485e-06	1.974559e-09	3.109488e+01	1.325245e+02
4.450000e-06	4.336306e-06	1.982096e-09	3.090119e+01	1.322290e+02
4.460000e-06	4.308829e-06	1.999613e-09	3.070538e+01	1.319368e+02
4.470000e-06	4.281085e-06	1.995544e-09	3.050768e+01	1.316479e+02
4.480000e-06	4.253171e-06	1.988873e-09	3.030876e+01	1.313622e+02
4.490000e-06	4.225035e-06	1.991559e-09	3.010826e+01	1.310798e+02
4.500000e-06	4.196608e-06	1.988372e-09	2.990568e+01	1.308002e+02
4.510000e-06	4.167945e-06	1.964688e-09	2.970143e+01	1.305233e+02
4.520000e-06	4.138933e-06	1.948620e-09	2.949468e+01	1.302487e+02
4.530000e-06	4.109333e-06	1.944269e-09	2.928375e+01	1.299760e+02
4.540000e-06	4.079186e-06	1.952774e-09	2.906891e+01	1.297048e+02
4.550000e-06	4.048593e-06	1.960314e-09	2.885090e+01	1.294345e+02
4.560000e-06	4.017529e-06	1.958551e-09	2.862954e+01	1.291645e+02
4.570000e-06	3.986159e-06	1.953377e-09	2.840599e+01	1.288944e+02
4.580000e-06	3.954570e-06	1.954252e-09	2.818088e+01	1.286234e+02
4.590000e-06	3.922750e-06	1.948637e-09	2.795412e+01	1.283510e+02
4.600000e-06	3.890742e-06	1.931516e-09	2.772604e+01	1.280765e+02
4.610000e-06	3.858505e-06	1.916825e-09	2.749631e+01	1.277992e+02
4.620000e-06	3.826033e-06	1.914145e-09	2.726491e+01	1.275185e+02
4.630000e-06	3.793326e-06	1.914578e-09	2.703183e+01	1.272338e+02
4.640000e-06	3.760389e-06	1.904435e-09	2.679712e+01	1.269443e+02
4.650000e-06	3.727186e-06	1.894328e-09	2.656051e+01	1.266497e+02
4.660000e-06	3.693765e-06	1.896691e-09	2.632235e+01	1.263491e+02
4.670000e-06	3.660182e-06	1.903283e-09	2.608302e+01	1.260423e+02
4.680000e-06	3.626334e-06	1.898535e-09	2.584182e+01	1.257286e+02
4.690000e-06	3.592216e-06	1.890142e-09	2.559869e+01	1.254076e+02
4.700000e-06	3.557908e-06	1.882874e-09	2.535420e+01	1.250790e+02
4.710000e-06	3.523336e-06	1.879571e-09	2.510784e+01	1.247424e+02
4.720000e-06	3.488484e-06	1.868362e-09	2.485948e+01	1.243977e+02
4.730000e-06	3.453412e-06	1.853952e-09	2.460955e+01	1.240444e+02
4.740000e-06	3.418097e-06	1.846153e-09	2.435789e+01	1.236827e+02
4.750000e-06	3.382598e-06	1.848932e-09	2.410492e+01	1.233123e+02
4.760000e-06	3.346958e-06	1.851029e-09	2.385094e+01	1.229332e+02
4.770000e-06	3.311133e-06	1.850515e-09	2.359565e+01	1.225456e+02
4.780000e-06	3.275118e-06	1.846441e-09	2.333900e+01	1.221496e+02
4.790000e-06	3.238945e-06	1.841756e-09	2.308123e+01	1.217452e+02
4.800000e-06	3.202646e-06	1.831760e-09	2.282256e+01	1.213328e+02
4.810000e-06	3.166163e-06	1.815867e-09	2.256257e+01	1.209126e+02
4.820000e-06	3.129391e-06	1.798354e-09	2.230053e+01	1.204850e+02
4.830000e-06	3.092254e-06	1.792397e-09	2.203588e+01	1.200503e+02
4.840000e-06	3.054796e-06	1.794066e-09	2.176895e+01	1.196089e+02
4.850000e-06	3.017032e-06	1.795016e-09	2.149984e+01	1.191613e+02
4.860000e-06	2.978619e-06	1.793828e-09	2.122610e+01	1.187079e+02
4.870000e-06	2.939780e-06	1.792262e-09	2.094933e+01	1.182492e+02
4.880000e-06	2.900804e-06	1.788674e-09	2.067158e+01	1.177857e+02
4.890000e-06	2.861571e-06	1.780851e-09	2.039200e+01	1.173178e+02
4.900000e-06	2.822099e-06	1.767916e-09	2.011071e+01	1.168461e+02
4.910000e-06	2.782390e-06	1.755964e-09	1.982774e+01	1.163711e+02
4.920000e-06	2.742585e-06	1.750713e-09	1.954409e+01	1.158931e+02
4.930000e-06	2.702711e-06	1.749558e-09	1.925994e+01	1.154126e+02
4.940000e-06	2.662704e-06	1.748217e-09	1.897485e+01	1.149301e+02
4.950000e-06	2.622538e-06	1.745909e-09	1.868861e+01	1.144458e+02
4.960000e-06	2.582246e-06	1.743934e-09	1.840149e+01	1.139601e+02
4.970000e-06	2.541851e-06	1.739280e-09	1.811362e+01	1.134733e+02
4.980000e-06	2.501289e-06	1.730386e-09	1.782457e+01	1.129856e+02
4.990000e-06	2.460569e-06	1.717125e-09	1.753440e+01	1.124972e+02
5.000000e-06	2.419693e-06	1.704927e-09	1.724311e+01	1.120081e+02
5.010000e-06	2.378651e-06	1.697271e-09	1.695064e+01	1.115185e+02
5.020000e-06	2.337428e-06	1.691761e-09	1.665687e+01	1.110283e+02
5.030000e-06	2.295976e-06	1.683777e-09	1.636148e+01	1.105375e+02
5.040000e-06	2.254369e-06	1.677446e-09	1.606498e+01	1.100458e+02
5.050000e-06	2.212654e-06	1.672806e-09	1.576772e+01	1.095532e+02
5.060000e-06	2.170778e-06	1.668798e-09	1.546930e+01	1.090594e+02
5.070000e-06	2.128759e-06	1.660837e-09	1.516987e+01	1.085640e+02
5.080000e-06	2.086605e-06	1.649352e-09	1.486947e+01	1.080667e+02
5.090000e-06	2.044266e-06	1.636451e-09	1.456776e+01	1.075670e+02
5.100000e-06	2.001805e-06	1.626214e-09	1.426517e+01	1.070645e+02
5.110000e-06	1.959298e-06	1.618249e-09	1.396227e+01	1.065586e+02
5.120000e-06	1.916635e-06	1.611917e-09	1.365824e+01	1.060488e+02
5.130000e-06	1.873766e-06	1.605690e-09	1.335275e+01	1.055345e+02
5.140000e-06	1.830728e-06	1.602705e-09	1.304605e+01	1.050151e+02
5.150000e-06	1.787532e-06	1.601809e-09	1.273823e+01	1.044898e+02
5.160000e-06	1.744268e-06	1.595994e-09	1.242993e+01	1.039581e+02
5.170000e-06	1.700935e-06	1.582891e-09	1.212113e+01	1.034191e+02
5.180000e-06	1.657462e-06	1.567392e-09	1.181133e+01	1.028723e+02
5.190000e-06	1.613843e-06	1.555451e-09	1.150049e+01	1.023170e+02
5.200000e-06	1.570124e-06	1.545264e-09	1.118895e+01	1.017523e+02
5.210000e-06	1.526359e-06	1.535432e-09	1.087707e+01	1.011776e+02
5.220000e-06	1.482572e-06	1.527332e-09	1.056504e+01	1.005924e+02
5.230000e-06	1.438721e-06	1.522756e-09	1.025255e+01	9.999575e+01
5.240000e-06	1.394798e-06	1.521244e-09	9.939550e+00	9.938718e+01
5.250000e-06	1.350880e-06	1.516766e-09	9.626580e+00	9.876605e+01
5.260000e-06	1.306946e-06	1.507820e-09	9.313504e+00	9.813176e+01
5.270000e-06	1.262969e-06	1.499079e-09	9.000111e+00	9.748375e+01
5.280000e-06	1.218947e-06	1.487718e-09	8.686409e+00	9.682150e+01
5.290000e-06	1.174851e-06	1.471893e-09	8.372171e+00	9.614453e+01
5.300000e-06	1.130679e-06	1.456157e-09	8.057397e+00	9.545236e+01
5.310000e-06	1.086454e-06	1.444745e-09	7.742242e+00	9.474458e+01
5.320000e-06	1.042175e-06	1.437164e-09	7.426699e+00	9.402079e+01
5.330000e-06	9.978771e-07	1.430582e-09	7.111028e+00	9.328065e+01
5.340000e-06	9.535064e-07	1.424797e-09	6.794835e+00	9.252381e+01
5.350000e-06	9.089752e-07	1.420219e-09	6.477499e+00	9.174998e+01
5.360000e-06	8.643563e-07	1.411351e-09	6.159538e+00	9.095887e+01
5.370000e-06	8.197718e-07	1.396264e-09	5.841822e+00	9.015023e+01
5.380000e-06	7.751772e-07	1.376217e-09	5.524034e+00	8.932381e+01
5.390000e-06	7.304570e-07	1.355876e-09	5.205350e+00	8.847938e+01
5.400000e-06	6.856337e-07	1.339939e-09	4.885932e+00	8.761670e+01
5.410000e-06	6.407669e-07	1.325886e-09	4.566205e+00	8.673555e+01
5.420000e-06	5.958556e-07	1.312616e-09	4.246160e+00	8.583568e+01
5.430000e-06	5.508209e-07	1.303497e-09	3.925235e+00	8.491687e+01
5.440000e-06	5.057360e-07	1.299690e-09	3.603954e+00	8.397883e+01
5.450000e-06	4.607210e-07	1.292926e-09	3.283170e+00	8.302128e+01
5.460000e-06	4.156729e-07	1.277549e-09	2.962149e+00	8.204391e+01
5.470000e-06	3.704886e-07	1.257897e-09	2.640159e+00	8.104638e+01
5.480000e-06	3.253036e-07	1.239075e-09	2.318164e+00	8.002829e+01
5.490000e-06	2.800771e-07	1.219274e-09	1.995873e+00	7.898921e+01
5.500000e-06	2.347589e-07	1.197054e-09	1.672928e+00	7.792868e+01
5.510000e-06	1.894516e-07	1.177507e-09	1.350062e+00	7.684616e+01
5.520000e-06	1.441738e-07	1.164894e-09	1.027405e+00	7.574107e+01
5.530000e-06	9.895474e-08	1.158366e-09	7.051669e-01	7.461279e+01
5.540000e-06	5.371285e-08	1.149194e-09	3.827661e-01	7.346062e+01
5.550000e-06	8.455135e-09	1.134695e-09	6.025261e-02	7.228382e+01
5.560000e-06	-3.673493e-08	1.115483e-09	-2.617788e-01	7.108158e+01
5.570000e-06	-8.194995e-08	1.093211e-09	-5.839881e-01	6.985305e+01
5.580000e-06	-1.272062e-07	1.070386e-09	-9.064913e-01	6.859730e+01
5.590000e-06	-1.724086e-07	1.044492e-09	-1.228611e+00	6.731339e+01
5.600000e-06	-2.175913e-07	1.018750e-09	-1.550589e+00	6.600031e+01
5.610000e-06	-2.627505e-07	9.949976e-10	-1.872401e+00	6.465700e+01
5.620000e-06	-3.079294e-07	9.778701e-10	-2.194353e+00	6.328238e+01
5.630000e-06	-3.530940e-07	9.632708e-10	-2.516203e+00	6.187534e+01
5.640000e-06	-3.981672e-07	9.455505e-10	-2.837401e+00	6.043475e+01
5.650000e-06	-4.431534e-07	9.273773e-10	-3.157980e+00	5.895946e+01
5.660000e-06	-4.881023e-07	9.083376e-10	-3.478293e+00	5.744831e+01
5.670000e-06	-5.330829e-07	8.850771e-10	-3.798832e+00	5.590017e+01
5.680000e-06	-5.780108e-07	8.544133e-10	-4.118995e+00	5.431390e+01
5.690000e-06	-6.228774e-07	8.188030e-10	-4.438722e+00	5.268839e+01
5.700000e-06	-6.676002e-07	7.828115e-10	-4.757423e+00	5.102258e+01
5.710000e-06	-7.121370e-07	7.509542e-10	-5.074799e+00	4.931546e+01
5.720000e-06	-7.566357e-07	7.265626e-10	-5.391904e+00	4.756605e+01
5.730000e-06	-8.010310e-07	7.106675e-10	-5.708272e+00	4.577347e+01
5.740000e-06	-8.453907e-07	6.965013e-10	-6.024386e+00	4.393692e+01
5.750000e-06	-8.898130e-07	6.766501e-10	-6.340946e+00	4.205568e+01
5.760000e-06	-9.341876e-07	6.495204e-10	-6.657167e+00	4.012913e+01
5.770000e-06	-9.785418e-07	6.133511e-10	-6.973241e+00	3.815680e+01
5.780000e-06	-1.022900e-06	5.681360e-10	-7.289342e+00	3.613830e+01
5.790000e-06	-1.067200e-06	5.211991e-10	-7.605037e+00	3.407341e+01
5.800000e-06	-1.111341e-06	4.794890e-10	-7.919588e+00	3.196202e+01
5.810000e-06	-1.155415e-06	4.482526e-10	-8.233667e+00	2.980421e+01
5.820000e-06	-1.199495e-06	4.256103e-10	-8.547790e+00	2.760020e+01
5.830000e-06	-1.243499e-06	4.020332e-10	-8.861365e+00	2.535035e+01
5.840000e-06	-1.287465e-06	3.712715e-10	-9.174674e+00	2.305524e+01
5.850000e-06	-1.331391e-06	3.328198e-10	-9.487696e+00	2.071558e+01
5.860000e-06	-1.375297e-06	2.889437e-10	-9.800581e+00	1.833228e+01
5.870000e-06	-1.419197e-06	2.407982e-10	-1.011342e+01	1.590642e+01
5.880000e-06	-1.463010e-06	1.923284e-10	-1.042564e+01	1.343927e+01
5.890000e-06	-1.506760e-06	1.499046e-10	-1.073740e+01	1.093226e+01
5.900000e-06	-1.550448e-06	1.173896e-10	-1.104873e+01	8.387018e+00
5.910000e-06	-1.594083e-06	8.971848e-11	-1.135969e+01	5.805320e+00
5.920000e-06	-1.637609e-06	5.826718e-11	-1.166986e+01	3.189130e+00
5.930000e-06	-1.680999e-06	2.093487e-11	-1.197906e+01	5.405661e-01
5.940000e-06	-1.724341e-06	-2.090246e-11	-1.228792e+01	-2.138095e+00
5.950000e-06	-1.767589e-06	-6.584917e-11	-1.259611e+01	-4.844430e+00
5.960000e-06	-1.810618e-06	-1.140683e-10	-1.290275e+01	-7.575876e+00
5.970000e-06	-1.853440e-06	-1.630703e-10	-1.320790e+01	-1.032974e+01
5.980000e-06	-1.896169e-06	-2.081004e-10	-1.351240e+01	-1.310323e+01
5.990000e-06	-1.938750e-06	-2.481320e-10	-1.381583e+01	-1.589341e+01
6.000000e-06	-1.981123e-06	-2.889592e-10	-1.411779e+01	-1.869729e+01
6.010000e-06	-2.023334e-06	-3.336370e-10	-1.441859e+01	-2.151178e+01
6.020000e-06	-2.065423e-06	-3.800803e-10	-1.471853e+01	-2.433374e+01
6.030000e-06	-2.107378e-06	-4.266304e-10	-1.501750e+01	-2.715995e+01
6.040000e-06	-2.149219e-06	-4.741099e-10	-1.531567e+01	-2.998719e+01
6.050000e-06	-2.190991e-06	-5.214326e-10	-1.561334e+01	-3.281220e+01
6.060000e-06	-2.232660e-06	-5.665598e-10	-1.591028e+01	-3.563170e+01
6.070000e-06	-2.274169e-06	-6.071882e-10	-1.620608e+01	-3.844245e+01
6.080000e-06	-2.315380e-06	-6.471490e-10	-1.649976e+01	-4.124122e+01
6.090000e-06	-2.356396e-06	-6.895854e-10	-1.679204e+01	-4.402480e+01
6.100000e-06	-2.397255e-06	-7.330116e-10	-1.708321e+01	-4.679006e+01
6.110000e-06	-2.437911e-06	-7.754822e-10	-1.737293e+01	-4.953392e+01
6.120000e-06	-2.478380e-06	-8.197622e-10	-1.766132e+01	-5.225338e+01
6.130000e-06	-2.518674e-06	-8.665611e-10	-1.794846e+01	-5.494555e+01
6.140000e-06	-2.558858e-06	-9.090840e-10	-1.823482e+01	-5.760763e+01
6.150000e-06	-2.598961e-06	-9.462636e-10	-1.852060e+01	-6.023692e+01
6.160000e-06	-2.639005e-06	-9.836513e-10	-1.880596e+01	-6.283088e+01
6.170000e-06	-2.678979e-06	-1.024200e-09	-1.909082e+01	-6.538707e+01
6.180000e-06	-2.718839e-06	-1.065556e-09	-1.937487e+01	-6.790322e+01
6.190000e-06	-2.758534e-06	-1.105223e-09	-1.965774e+01	-7.037719e+01
6.200000e-06	-2.798090e-06	-1.142373e-09	-1.993963e+01	-7.280702e+01
6.210000e-06	-2.837474e-06	-1.176957e-09	-2.022028e+01	-7.519088e+01
6.220000e-06	-2.876613e-06	-1.209744e-09	-2.049919e+01	-7.752712e+01
6.230000e-06	-2.915509e-06	-1.240700e-09	-2.077637e+01	-7.981427e+01
6.240000e-06	-2.954104e-06	-1.271883e-09	-2.105140e+01	-8.205102e+01
6.250000e-06	-2.992255e-06	-1.308116e-09	-2.132327e+01	-8.423622e+01
6.260000e-06	-3.029991e-06	-1.345569e-09	-2.159219e+01	-8.636890e+01
6.270000e-06	-3.067374e-06	-1.379411e-09	-2.185858e+01	-8.844825e+01
6.280000e-06	-3.104388e-06	-1.409811e-09	-2.212235e+01	-9.047365e+01
6.290000e-06	-3.141139e-06	-1.438772e-09	-2.238424e+01	-9.244460e+01
6.300000e-06	-3.177644e-06	-1.467066e-09	-2.264439e+01	-9.436081e+01
6.310000e-06	-3.213876e-06	-1.492887e-09	-2.290258e+01	-9.622209e+01
6.320000e-06	-3.249917e-06	-1.516408e-09	-2.315942e+01	-9.802844e+01
6.330000e-06	-3.285839e-06	-1.543588e-09	-2.341540e+01	-9.977997e+01
6.340000e-06	-3.321652e-06	-1.574718e-09	-2.367061e+01	-1.014769e+02
6.350000e-06	-3.357354e-06	-1.606177e-09	-2.392503e+01	-1.031198e+02
6.360000e-06	-3.392964e-06	-1.634866e-09	-2.417879e+01	-1.047089e+02
6.370000e-06	-3.428409e-06	-1.658677e-09	-2.443138e+01	-1.062450e+02
6.380000e-06	-3.463545e-06	-1.677816e-09	-2.468176e+01	-1.077287e+02
6.390000e-06	-3.498314e-06	-1.693983e-09	-2.492953e+01	-1.091609e+02
6.400000e-06	-3.532807e-06	-1.711147e-09	-2.517534e+01	-1.105424e+02
6.410000e-06	-3.567089e-06	-1.731635e-09	-2.541963e+01	-1.118743e+02
6.420000e-06	-3.601173e-06	-1.754949e-09	-2.566252e+01	-1.131575e+02
6.430000e-06	-3.635002e-06	-1.779628e-09	-2.590359e+01	-1.143932e+02
6.440000e-06	-3.668603e-06	-1.802097e-09	-2.614304e+01	-1.155825e+02
6.450000e-06	-3.701998e-06	-1.820461e-09	-2.638101e+01	-1.167265e+02
6.460000e-06	-3.735026e-06	-1.835859e-09	-2.661638e+01	-1.178266e+02
6.470000e-06	-3.767685e-06	-1.847860e-09	-2.684911e+01	-1.188838e+02
6.480000e-06	-3.800082e-06	-1.857481e-09	-2.707998e+01	-1.198996e+02
6.490000e-06	-3.832280e-06	-1.870368e-09	-2.730943e+01	-1.208752e+02
6.500000e-06	-3.864316e-06	-1.887992e-09	-2.753772e+01	-1.218118e+02
6.510000e-06	-3.896287e-06	-1.906143e-09	-2.776555e+01	-1.227108e+02
6.520000e-06	-3.928098e-06	-1.921924e-09	-2.799224e+01	-1.235734e+02
6.530000e-06	-3.959616e-06	-1.934669e-09	-2.821684e+01	-1.244010e+02
6.540000e-06	-3.990876e-06	-1.944777e-09	-2.843961e+01	-1.251947e+02
6.550000e-06	-4.021845e-06	-1.950630e-09	-2.866029e+01	-1.259558e+02
6.560000e-06	-4.052396e-06	-1.954495e-09	-2.887801e+01	-1.266856e+02
6.570000e-06	-4.082421e-06	-1.962036e-09	-2.909197e+01	-1.273852e+02
6.580000e-06	-4.111923e-06	-1.975461e-09	-2.930220e+01	-1.280559e+02
6.590000e-06	-4.140923e-06	-1.989212e-09	-2.950886e+01	-1.286987e+02
6.600000e-06	-4.169495e-06	-1.998898e-09	-2.971247e+01	-1.293149e+02
6.610000e-06	-4.197775e-06	-2.006434e-09	-2.991400e+01	-1.299054e+02
6.620000e-06	-4.225876e-06	-2.015556e-09	-3.011425e+01	-1.304715e+02
6.630000e-06	-4.253825e-06	-2.023361e-09	-3.031342e+01	-1.310140e+02
6.640000e-06	-4.281588e-06	-2.027730e-09	-3.051126e+01	-1.315341e+02
6.650000e-06	-4.309154e-06	-2.031682e-09	-3.070771e+01	-1.320327e+02
6.660000e-06	-4.336451e-06	-2.038879e-09	-3.090223e+01	-1.325107e+02
6.670000e-06	-4.363376e-06	-2.049613e-09	-3.109410e+01	-1.329690e+02
6.680000e-06	-4.389940e-06	-2.058113e-09	-3.128339e+01	-1.334086e+02
6.690000e-06	-4.416217e-06	-2.061483e-09	-3.147065e+01	-1.338303e+02
6.700000e-06	-4.442174e-06	-2.064676e-09	-3.165563e+01	-1.342349e+02
6.710000e-06	-4.467850e-06	-2.070502e-09	-3.183860e+01	-1.346232e+02
6.720000e-06	-4.493286e-06	-2.076131e-09	-3.201985e+01	-1.349960e+02
6.730000e-06	-4.518293e-06	-2.080186e-09	-3.219806e+01	-1.353540e+02
6.740000e-06	-4.542903e-06	-2.082789e-09	-3.237343e+01	-1.356979e+02
6.750000e-06	-4.567211e-06	-2.086979e-09	-3.254666e+01	-1.360284e+02
6.760000e-06	-4.591256e-06	-2.093553e-09	-3.271801e+01	-1.363462e+02
6.770000e-06	-4.615178e-06	-2.099602e-09	-3.288848e+01	-1.366518e+02
6.780000e-06	-4.638968e-06	-2.103414e-09	-3.305801e+01	-1.369459e+02
6.790000e-06	-4.662560e-06	-2.107634e-09	-3.322613e+01	-1.372290e+02
6.800000e-06	-4.685866e-06	-2.114776e-09	-3.339221e+01	-1.375016e+02
6.810000e-06	-4.708770e-06	-2.121748e-09	-3.355543e+01	-1.377643e+02
6.820000e-06	-4.731088e-06	-2.123632e-09	-3.371447e+01	-1.380175e+02
6.830000e-06	-4.752799e-06	-2.123934e-09	-3.386918e+01	-1.382617e+02
6.840000e-06	-4.773866e-06	-2.126846e-09	-3.401931e+01	-1.384972e+02
6.850000e-06	-4.794401e-06	-2.130726e-09	-3.416564e+01	-1.387244e+02
6.860000e-06	-4.814722e-06	-2.132471e-09	-3.431046e+01	-1.389437e+02
6.870000e-06	-4.834809e-06	-2.132333e-09	-3.445360e+01	-1.391554e+02
6.880000e-06	-4.854690e-06	-2.133404e-09	-3.459527e+01	-1.393597e+02
6.890000e-06	-4.874354e-06	-2.136499e-09	-3.473541e+01	-1.395569e+02
6.900000e-06	-4.893753e-06	-2.140399e-09	-3.487365e+01	-1.397472e+02
6.910000e-06	-4.912918e-06	-2.143492e-09	-3.501022e+01	-1.399307e+02
6.920000e-06	-4.931715e-06	-2.146024e-09	-3.514417e+01	-1.401075e+02
6.930000e-06	-4.950035e-06	-2.149482e-09	-3.527472e+01	-1.402778e+02
6.940000e-06	-4.967979e-06	-2.152862e-09	-3.540259e+01	-1.404416e+02
6.950000e-06	-4.985669e-06	-2.154609e-09	-3.552865e+01	-1.405990e+02
6.960000e-06	-5.003067e-06	-2.153998e-09	-3.565264e+01	-1.407498e+02
6.970000e-06	-5.020006e-06	-2.152498e-09	-3.577334e+01	-1.408942e+02
6.980000e-06	-5.036529e-06	-2.152277e-09	-3.589109e+01	-1.410320e+02
6.990000e-06	-5.052823e-06	-2.152552e-09	-3.600720e+01	-1.411632e+02
7.000000e-06	-5.068909e-06	-2.153313e-09	-3.612184e+01	-1.412875e+02
7.010000e-06	-5.084772e-06	-2.155388e-09	-3.623488e+01	-1.414050e+02
7.020000e-06	-5.100385e-06	-2.157121e-09	-3.634613e+01	-1.415154e+02
7.030000e-06	-5.115541e-06	-2.157755e-09	-3.645414e+01	-1.416186e+02
7.040000e-06	-5.130071e-06	-2.159154e-09	-3.655768e+01	-1.417143e+02
7.050000e-06	-5.144077e-06	-2.160011e-09	-3.665749e+01	-1.418025e+02
7.060000e-06	-5.157494e-06	-2.159499e-09	-3.675311e+01	-1.418830e+02
7.070000e-06	-5.170327e-06	-2.157571e-09	-3.684456e+01	-1.419554e+02
7.080000e-06	-5.182798e-06	-2.156441e-09	-3.693343e+01	-1.420197e+02
7.090000e-06	-5.194920e-06	-2.159226e-09	-3.701981e+01	-1.420758e+02
7.100000e-06	-5.206650e-06	-2.164415e-09	-3.710340e+01	-1.421233e+02
7.110000e-06	-5.218045e-06	-2.166852e-09	-3.718460e+01	-1.421623e+02
7.120000e-06	-5.229077e-06	-2.164771e-09	-3.726322e+01	-1.421926e+02
7.130000e-06	-5.239705e-06	-2.163605e-09	-3.733895e+01	-1.422140e+02
7.140000e-06	-5.249969e-06	-2.164067e-09	-3.741209e+01	-1.422267e+02
7.150000e-06	-5.259849e-06	-2.163373e-09	-3.748250e+01	-1.422304e+02
7.160000e-06	-5.269279e-06	-2.161614e-09	-3.754970e+01	-1.422253e+02
7.170000e-06	-5.278286e-06	-2.158820e-09	-3.761389e+01	-1.422114e+02
7.180000e-06	-5.286978e-06	-2.156585e-09	-3.767583e+01	-1.421888e+02
7.190000e-06	-5.295404e-06	-2.155640e-09	-3.773587e+01	-1.421577e+02
7.200000e-06	-5.303584e-06	-2.154162e-09	-3.779417e+01	-1.421183e+02
7.210000e-06	-5.311513e-06	-2.154626e-09	-3.785067e+01	-1.420708e+02
7.220000e-06	-5.319224e-06	-2.158421e-09	-3.790562e+01	-1.420155e+02
7.230000e-06	-5.326711e-06	-2.159771e-09	-3.795897e+01	-1.419528e+02
7.240000e-06	-5.333830e-06	-2.156419e-09	-3.800970e+01	-1.418831e+02
7.250000e-06	-5.340362e-06	-2.152098e-09	-3.805625e+01	-1.418068e+02
7.260000e-06	-5.346124e-06	-2.150196e-09	-3.809732e+01	-1.417245e+02
7.270000e-06	-5.351242e-06	-2.150711e-09	-3.813378e+01	-1.416367e+02
7.280000e-06	-5.355871e-06	-2.151323e-09	-3.816677e+01	-1.415439e+02
7.290000e-06	-5.360122e-06	-2.150094e-09	-3.819706e+01	-1.414469e+02
7.300000e-06	-5.364146e-06	-2.147018e-09	-3.822574e+01	-1.413463e+02
7.310000e-06	-5.367969e-06	-2.143713e-09	-3.825299e+01	-1.412428e+02
7.320000e-06	-5.371578e-06	-2.142619e-09	-3.827870e+01	-1.411371e+02
7.330000e-06	-5.374865e-06	-2.143189e-09	-3.830212e+01	-1.410300e+02
7.340000e-06	-5.377695e-06	-2.144623e-09	-3.832229e+01	-1.409222e+02
7.350000e-06	-5.380083e-06	-2.145968e-09	-3.833931e+01	-1.408146e+02
7.360000e-06	-5.382136e-06	-2.145846e-09	-3.835394e+01	-1.407080e+02
7.370000e-06	-5.383905e-06	-2.142264e-09	-3.836655e+01	-1.406030e+02
7.380000e-06	-5.385285e-06	-2.136618e-09	-3.837638e+01	-1.405005e+02
7.390000e-06	-5.386231e-06	-2.131619e-09	-3.838312e+01	-1.404012e+02
7.400000e-06	-5.386804e-06	-2.127492e-09	-3.838721e+01	-1.403059e+02
