# Temperatura_=_19.1
# Concentracion g/m^3_=_4090.0
# C_Vs_to_Am_M_A/Vsm_=_65563218390.804596
# pendiente_HvsI_1/m_=_3716.3
# ordenada_HvsI_A/m_=_1297.0
# frecuencia_Hz_=_135083.75522604305

Tiempo_(s)	Campo_(V.s)	Magnetizacion_(V.s)	Campo_(kA/m)	Magnetizacion_(A/m)
0.000000e+00	-5.411429e-06	-1.190671e-09	-3.837975e+01	-8.057233e+01
1.000000e-08	-5.411453e-06	-1.190819e-09	-3.837993e+01	-8.046585e+01
2.000000e-08	-5.411235e-06	-1.190557e-09	-3.837838e+01	-8.037283e+01
3.000000e-08	-5.410730e-06	-1.185996e-09	-3.837479e+01	-8.029406e+01
4.000000e-08	-5.409742e-06	-1.181726e-09	-3.836779e+01	-8.023022e+01
5.000000e-08	-5.408238e-06	-1.182453e-09	-3.835712e+01	-8.018187e+01
6.000000e-08	-5.406275e-06	-1.194646e-09	-3.834320e+01	-8.014947e+01
7.000000e-08	-5.403720e-06	-1.224832e-09	-3.832508e+01	-8.013333e+01
8.000000e-08	-5.400456e-06	-1.222731e-09	-3.830193e+01	-8.013363e+01
9.000000e-08	-5.396634e-06	-1.144622e-09	-3.827482e+01	-8.015043e+01
1.000000e-07	-5.392463e-06	-1.110709e-09	-3.824524e+01	-8.018365e+01
1.100000e-07	-5.388146e-06	-1.163495e-09	-3.821462e+01	-8.023307e+01
1.200000e-07	-5.383578e-06	-1.259476e-09	-3.818222e+01	-8.029831e+01
1.300000e-07	-5.378545e-06	-1.179791e-09	-3.814652e+01	-8.037889e+01
1.400000e-07	-5.373127e-06	-1.101715e-09	-3.810810e+01	-8.047416e+01
1.500000e-07	-5.367495e-06	-1.198633e-09	-3.806816e+01	-8.058337e+01
1.600000e-07	-5.361573e-06	-1.308674e-09	-3.802616e+01	-8.070563e+01
1.700000e-07	-5.355079e-06	-1.230897e-09	-3.798010e+01	-8.083993e+01
1.800000e-07	-5.348023e-06	-1.081314e-09	-3.793006e+01	-8.098516e+01
1.900000e-07	-5.340762e-06	-1.161799e-09	-3.787856e+01	-8.114010e+01
2.000000e-07	-5.333353e-06	-1.282161e-09	-3.782601e+01	-8.130345e+01
2.100000e-07	-5.325579e-06	-1.268512e-09	-3.777087e+01	-8.147381e+01
2.200000e-07	-5.317454e-06	-1.228378e-09	-3.771325e+01	-8.164972e+01
2.300000e-07	-5.309104e-06	-1.321856e-09	-3.765403e+01	-8.182967e+01
2.400000e-07	-5.300375e-06	-1.364101e-09	-3.759212e+01	-8.201211e+01
2.500000e-07	-5.291000e-06	-1.311203e-09	-3.752563e+01	-8.219543e+01
2.600000e-07	-5.280831e-06	-1.305936e-09	-3.745351e+01	-8.237803e+01
2.700000e-07	-5.270212e-06	-1.383748e-09	-3.737819e+01	-8.255831e+01
2.800000e-07	-5.259253e-06	-1.351156e-09	-3.730047e+01	-8.273465e+01
2.900000e-07	-5.247737e-06	-1.290771e-09	-3.721879e+01	-8.290548e+01
3.000000e-07	-5.235845e-06	-1.363496e-09	-3.713445e+01	-8.306925e+01
3.100000e-07	-5.223573e-06	-1.431920e-09	-3.704741e+01	-8.322446e+01
3.200000e-07	-5.210868e-06	-1.344706e-09	-3.695730e+01	-8.336970e+01
3.300000e-07	-5.197826e-06	-1.277334e-09	-3.686480e+01	-8.350360e+01
3.400000e-07	-5.184394e-06	-1.340954e-09	-3.676954e+01	-8.362488e+01
3.500000e-07	-5.170561e-06	-1.389759e-09	-3.667143e+01	-8.373236e+01
3.600000e-07	-5.156474e-06	-1.343531e-09	-3.657152e+01	-8.382497e+01
3.700000e-07	-5.141951e-06	-1.322107e-09	-3.646852e+01	-8.390175e+01
3.800000e-07	-5.126697e-06	-1.329168e-09	-3.636034e+01	-8.396185e+01
3.900000e-07	-5.110780e-06	-1.332794e-09	-3.624744e+01	-8.400455e+01
4.000000e-07	-5.094443e-06	-1.336466e-09	-3.613158e+01	-8.402925e+01
4.100000e-07	-5.077759e-06	-1.323117e-09	-3.601325e+01	-8.403552e+01
4.200000e-07	-5.060770e-06	-1.288810e-09	-3.589276e+01	-8.402301e+01
4.300000e-07	-5.043497e-06	-1.296995e-09	-3.577025e+01	-8.399154e+01
4.400000e-07	-5.025905e-06	-1.358515e-09	-3.564548e+01	-8.394107e+01
4.500000e-07	-5.007944e-06	-1.344619e-09	-3.551810e+01	-8.387166e+01
4.600000e-07	-4.989645e-06	-1.291350e-09	-3.538831e+01	-8.378355e+01
4.700000e-07	-4.971004e-06	-1.284203e-09	-3.525610e+01	-8.367706e+01
4.800000e-07	-4.951907e-06	-1.325125e-09	-3.512066e+01	-8.355265e+01
4.900000e-07	-4.932448e-06	-1.312628e-09	-3.498265e+01	-8.341089e+01
5.000000e-07	-4.912770e-06	-1.277899e-09	-3.484309e+01	-8.325247e+01
5.100000e-07	-4.892859e-06	-1.263788e-09	-3.470187e+01	-8.307817e+01
5.200000e-07	-4.872683e-06	-1.300305e-09	-3.455878e+01	-8.288884e+01
5.300000e-07	-4.852170e-06	-1.318019e-09	-3.441329e+01	-8.268544e+01
5.400000e-07	-4.831323e-06	-1.297823e-09	-3.426544e+01	-8.246898e+01
5.500000e-07	-4.810219e-06	-1.262251e-09	-3.411576e+01	-8.224053e+01
5.600000e-07	-4.788765e-06	-1.275956e-09	-3.396360e+01	-8.200121e+01
5.700000e-07	-4.766932e-06	-1.290332e-09	-3.380875e+01	-8.175218e+01
5.800000e-07	-4.744829e-06	-1.267782e-09	-3.365199e+01	-8.149459e+01
5.900000e-07	-4.722407e-06	-1.234844e-09	-3.349296e+01	-8.122966e+01
6.000000e-07	-4.699661e-06	-1.246116e-09	-3.333165e+01	-8.095855e+01
6.100000e-07	-4.676628e-06	-1.272763e-09	-3.316829e+01	-8.068244e+01
6.200000e-07	-4.653320e-06	-1.277892e-09	-3.300298e+01	-8.040248e+01
6.300000e-07	-4.629730e-06	-1.254625e-09	-3.283567e+01	-8.011980e+01
6.400000e-07	-4.605824e-06	-1.236939e-09	-3.266612e+01	-7.983545e+01
6.500000e-07	-4.581750e-06	-1.244640e-09	-3.249538e+01	-7.955048e+01
6.600000e-07	-4.557478e-06	-1.252552e-09	-3.232323e+01	-7.926582e+01
6.700000e-07	-4.532724e-06	-1.230621e-09	-3.214766e+01	-7.898239e+01
6.800000e-07	-4.507479e-06	-1.208033e-09	-3.196862e+01	-7.870099e+01
6.900000e-07	-4.481905e-06	-1.223474e-09	-3.178724e+01	-7.842236e+01
7.000000e-07	-4.455858e-06	-1.240531e-09	-3.160251e+01	-7.814716e+01
7.100000e-07	-4.429234e-06	-1.230202e-09	-3.141368e+01	-7.787593e+01
7.200000e-07	-4.402103e-06	-1.207757e-09	-3.122126e+01	-7.760916e+01
7.300000e-07	-4.374552e-06	-1.208153e-09	-3.102585e+01	-7.734722e+01
7.400000e-07	-4.346820e-06	-1.215631e-09	-3.082917e+01	-7.709039e+01
7.500000e-07	-4.318952e-06	-1.210786e-09	-3.063153e+01	-7.683885e+01
7.600000e-07	-4.290938e-06	-1.190059e-09	-3.043283e+01	-7.659271e+01
7.700000e-07	-4.262742e-06	-1.189254e-09	-3.023286e+01	-7.635198e+01
7.800000e-07	-4.234221e-06	-1.200220e-09	-3.003058e+01	-7.611657e+01
7.900000e-07	-4.205339e-06	-1.203758e-09	-2.982574e+01	-7.588633e+01
8.000000e-07	-4.176066e-06	-1.184288e-09	-2.961813e+01	-7.566102e+01
8.100000e-07	-4.146519e-06	-1.170517e-09	-2.940857e+01	-7.544033e+01
8.200000e-07	-4.116761e-06	-1.169576e-09	-2.919751e+01	-7.522390e+01
8.300000e-07	-4.086728e-06	-1.173350e-09	-2.898451e+01	-7.501130e+01
8.400000e-07	-4.056447e-06	-1.162790e-09	-2.876975e+01	-7.480205e+01
8.500000e-07	-4.025907e-06	-1.153737e-09	-2.855314e+01	-7.459563e+01
8.600000e-07	-3.995031e-06	-1.155394e-09	-2.833416e+01	-7.439150e+01
8.700000e-07	-3.963954e-06	-1.164225e-09	-2.811376e+01	-7.418907e+01
8.800000e-07	-3.932670e-06	-1.157200e-09	-2.789187e+01	-7.398775e+01
8.900000e-07	-3.901049e-06	-1.139071e-09	-2.766761e+01	-7.378694e+01
9.000000e-07	-3.869232e-06	-1.126986e-09	-2.744195e+01	-7.358603e+01
9.100000e-07	-3.837331e-06	-1.130859e-09	-2.721570e+01	-7.338443e+01
9.200000e-07	-3.805272e-06	-1.131954e-09	-2.698832e+01	-7.318156e+01
9.300000e-07	-3.772950e-06	-1.125072e-09	-2.675908e+01	-7.297685e+01
9.400000e-07	-3.740356e-06	-1.124392e-09	-2.652792e+01	-7.276976e+01
9.500000e-07	-3.707388e-06	-1.133950e-09	-2.629410e+01	-7.255981e+01
9.600000e-07	-3.673945e-06	-1.136633e-09	-2.605690e+01	-7.234652e+01
9.700000e-07	-3.640146e-06	-1.120630e-09	-2.581719e+01	-7.212948e+01
9.800000e-07	-3.605929e-06	-1.102353e-09	-2.557451e+01	-7.190831e+01
9.900000e-07	-3.571287e-06	-1.097196e-09	-2.532882e+01	-7.168271e+01
1.000000e-06	-3.536294e-06	-1.100729e-09	-2.508064e+01	-7.145240e+01
1.010000e-06	-3.500929e-06	-1.099325e-09	-2.482982e+01	-7.121717e+01
1.020000e-06	-3.465271e-06	-1.096847e-09	-2.457692e+01	-7.097686e+01
1.030000e-06	-3.429386e-06	-1.096305e-09	-2.432241e+01	-7.073137e+01
1.040000e-06	-3.393423e-06	-1.098378e-09	-2.406735e+01	-7.048065e+01
1.050000e-06	-3.357383e-06	-1.091787e-09	-2.381174e+01	-7.022470e+01
1.060000e-06	-3.321161e-06	-1.077920e-09	-2.355484e+01	-6.996359e+01
1.070000e-06	-3.284790e-06	-1.063936e-09	-2.329689e+01	-6.969741e+01
1.080000e-06	-3.248239e-06	-1.060798e-09	-2.303765e+01	-6.942631e+01
1.090000e-06	-3.211369e-06	-1.061541e-09	-2.277615e+01	-6.915047e+01
1.100000e-06	-3.174192e-06	-1.060247e-09	-2.251248e+01	-6.887013e+01
1.110000e-06	-3.136731e-06	-1.055227e-09	-2.224680e+01	-6.858552e+01
1.120000e-06	-3.099060e-06	-1.055276e-09	-2.197962e+01	-6.829692e+01
1.130000e-06	-3.061220e-06	-1.053801e-09	-2.171125e+01	-6.800464e+01
1.140000e-06	-3.023231e-06	-1.045677e-09	-2.144181e+01	-6.770897e+01
1.150000e-06	-2.985072e-06	-1.030937e-09	-2.117118e+01	-6.741024e+01
1.160000e-06	-2.946670e-06	-1.025151e-09	-2.089882e+01	-6.710877e+01
1.170000e-06	-2.908123e-06	-1.027826e-09	-2.062543e+01	-6.680486e+01
1.180000e-06	-2.869438e-06	-1.028700e-09	-2.035106e+01	-6.649884e+01
1.190000e-06	-2.830497e-06	-1.023852e-09	-2.007488e+01	-6.619097e+01
1.200000e-06	-2.791239e-06	-1.022462e-09	-1.979645e+01	-6.588154e+01
1.210000e-06	-2.751849e-06	-1.023988e-09	-1.951708e+01	-6.557079e+01
1.220000e-06	-2.712303e-06	-1.020893e-09	-1.923660e+01	-6.525894e+01
1.230000e-06	-2.672493e-06	-1.009579e-09	-1.895426e+01	-6.494616e+01
1.240000e-06	-2.632588e-06	-9.987612e-10	-1.867124e+01	-6.463260e+01
1.250000e-06	-2.592642e-06	-9.959074e-10	-1.838793e+01	-6.431836e+01
1.260000e-06	-2.552593e-06	-9.954419e-10	-1.810388e+01	-6.400351e+01
1.270000e-06	-2.512415e-06	-9.926230e-10	-1.781893e+01	-6.368808e+01
1.280000e-06	-2.472137e-06	-9.877251e-10	-1.753326e+01	-6.337202e+01
1.290000e-06	-2.431744e-06	-9.844727e-10	-1.724678e+01	-6.305527e+01
1.300000e-06	-2.391193e-06	-9.816377e-10	-1.695918e+01	-6.273772e+01
1.310000e-06	-2.350469e-06	-9.746783e-10	-1.667035e+01	-6.241921e+01
1.320000e-06	-2.309470e-06	-9.657290e-10	-1.637957e+01	-6.209953e+01
1.330000e-06	-2.268195e-06	-9.615887e-10	-1.608683e+01	-6.177843e+01
1.340000e-06	-2.226771e-06	-9.625908e-10	-1.579304e+01	-6.145564e+01
1.350000e-06	-2.185091e-06	-9.630562e-10	-1.549743e+01	-6.113083e+01
1.360000e-06	-2.143114e-06	-9.569754e-10	-1.519971e+01	-6.080365e+01
1.370000e-06	-2.100866e-06	-9.490399e-10	-1.490008e+01	-6.047372e+01
1.380000e-06	-2.058279e-06	-9.433690e-10	-1.459804e+01	-6.014064e+01
1.390000e-06	-2.015491e-06	-9.397229e-10	-1.429457e+01	-5.980397e+01
1.400000e-06	-1.972511e-06	-9.311444e-10	-1.398974e+01	-5.946326e+01
1.410000e-06	-1.929236e-06	-9.218096e-10	-1.368282e+01	-5.911806e+01
1.420000e-06	-1.885752e-06	-9.167108e-10	-1.337442e+01	-5.876791e+01
1.430000e-06	-1.842140e-06	-9.150399e-10	-1.306510e+01	-5.841232e+01
1.440000e-06	-1.798426e-06	-9.099925e-10	-1.275507e+01	-5.805083e+01
1.450000e-06	-1.754667e-06	-9.010676e-10	-1.244471e+01	-5.768297e+01
1.460000e-06	-1.710856e-06	-8.924642e-10	-1.213399e+01	-5.730827e+01
1.470000e-06	-1.666868e-06	-8.874503e-10	-1.182201e+01	-5.692630e+01
1.480000e-06	-1.622807e-06	-8.807297e-10	-1.150951e+01	-5.653660e+01
1.490000e-06	-1.578744e-06	-8.723705e-10	-1.119701e+01	-5.613877e+01
1.500000e-06	-1.534622e-06	-8.657054e-10	-1.088408e+01	-5.573241e+01
1.510000e-06	-1.490398e-06	-8.631104e-10	-1.057043e+01	-5.531712e+01
1.520000e-06	-1.446125e-06	-8.571912e-10	-1.025642e+01	-5.489256e+01
1.530000e-06	-1.401853e-06	-8.441644e-10	-9.942435e+00	-5.445839e+01
1.540000e-06	-1.357473e-06	-8.286263e-10	-9.627672e+00	-5.401429e+01
1.550000e-06	-1.313064e-06	-8.183600e-10	-9.312710e+00	-5.355998e+01
1.560000e-06	-1.268538e-06	-8.128302e-10	-8.996914e+00	-5.309517e+01
1.570000e-06	-1.223814e-06	-8.074332e-10	-8.679718e+00	-5.261962e+01
1.580000e-06	-1.178984e-06	-8.024344e-10	-8.361765e+00	-5.213309e+01
1.590000e-06	-1.134096e-06	-7.978371e-10	-8.043407e+00	-5.163537e+01
1.600000e-06	-1.089181e-06	-7.923904e-10	-7.724854e+00	-5.112624e+01
1.610000e-06	-1.044101e-06	-7.816021e-10	-7.405132e+00	-5.060550e+01
1.620000e-06	-9.989864e-07	-7.661113e-10	-7.085162e+00	-5.007296e+01
1.630000e-06	-9.538639e-07	-7.524362e-10	-6.765137e+00	-4.952842e+01
1.640000e-06	-9.085907e-07	-7.434163e-10	-6.444044e+00	-4.897169e+01
1.650000e-06	-8.632456e-07	-7.341694e-10	-6.122441e+00	-4.840255e+01
1.660000e-06	-8.178680e-07	-7.255952e-10	-5.800607e+00	-4.782079e+01
1.670000e-06	-7.724270e-07	-7.215951e-10	-5.478323e+00	-4.722617e+01
1.680000e-06	-7.269118e-07	-7.191680e-10	-5.155513e+00	-4.661845e+01
1.690000e-06	-6.813181e-07	-7.101116e-10	-4.832147e+00	-4.599733e+01
1.700000e-06	-6.357323e-07	-6.958881e-10	-4.508836e+00	-4.536251e+01
1.710000e-06	-5.901811e-07	-6.835473e-10	-4.185771e+00	-4.471366e+01
1.720000e-06	-5.445297e-07	-6.741158e-10	-3.861995e+00	-4.405039e+01
1.730000e-06	-4.987493e-07	-6.635338e-10	-3.537305e+00	-4.337229e+01
1.740000e-06	-4.529315e-07	-6.514554e-10	-3.212349e+00	-4.267891e+01
1.750000e-06	-4.071257e-07	-6.408721e-10	-2.887478e+00	-4.196975e+01
1.760000e-06	-3.612989e-07	-6.317892e-10	-2.562459e+00	-4.124429e+01
1.770000e-06	-3.154187e-07	-6.196184e-10	-2.237060e+00	-4.050194e+01
1.780000e-06	-2.694624e-07	-6.075017e-10	-1.911122e+00	-3.974207e+01
1.790000e-06	-2.235349e-07	-5.969696e-10	-1.585388e+00	-3.896403e+01
1.800000e-06	-1.777542e-07	-5.883423e-10	-1.260695e+00	-3.816713e+01
1.810000e-06	-1.319554e-07	-5.786066e-10	-9.358741e-01	-3.735061e+01
1.820000e-06	-8.603060e-08	-5.641571e-10	-6.101592e-01	-3.651372e+01
1.830000e-06	-4.007301e-08	-5.488413e-10	-2.842118e-01	-3.565567e+01
1.840000e-06	5.838875e-09	-5.364573e-10	4.141135e-02	-3.477562e+01
1.850000e-06	5.169985e-08	-5.247536e-10	3.666735e-01	-3.387276e+01
1.860000e-06	9.759372e-08	-5.109005e-10	6.921689e-01	-3.294623e+01
1.870000e-06	1.435344e-07	-4.987948e-10	1.017996e+00	-3.199519e+01
1.880000e-06	1.895426e-07	-4.901683e-10	1.344303e+00	-3.101880e+01
1.890000e-06	2.354980e-07	-4.778003e-10	1.670235e+00	-3.001622e+01
1.900000e-06	2.813227e-07	-4.551757e-10	1.995239e+00	-2.898665e+01
1.910000e-06	3.271715e-07	-4.273510e-10	2.320415e+00	-2.792931e+01
1.920000e-06	3.729764e-07	-4.035108e-10	2.645279e+00	-2.684346e+01
1.930000e-06	4.186545e-07	-3.851391e-10	2.969244e+00	-2.572842e+01
1.940000e-06	4.643804e-07	-3.675665e-10	3.293548e+00	-2.458354e+01
1.950000e-06	5.101080e-07	-3.486872e-10	3.617865e+00	-2.340828e+01
1.960000e-06	5.557953e-07	-3.335115e-10	3.941895e+00	-2.220214e+01
1.970000e-06	6.014806e-07	-3.191602e-10	4.265912e+00	-2.096473e+01
1.980000e-06	6.470138e-07	-2.990666e-10	4.588849e+00	-1.969574e+01
1.990000e-06	6.925777e-07	-2.721718e-10	4.912004e+00	-1.839497e+01
2.000000e-06	7.381863e-07	-2.415309e-10	5.235476e+00	-1.706233e+01
2.010000e-06	7.835812e-07	-2.142136e-10	5.557433e+00	-1.569785e+01
2.020000e-06	8.289054e-07	-1.912928e-10	5.878888e+00	-1.430167e+01
2.030000e-06	8.742682e-07	-1.697006e-10	6.200617e+00	-1.287408e+01
2.040000e-06	9.195942e-07	-1.511336e-10	6.522085e+00	-1.141548e+01
2.050000e-06	9.647579e-07	-1.346585e-10	6.842401e+00	-9.926443e+00
2.060000e-06	1.009767e-06	-1.135145e-10	7.161618e+00	-8.407642e+00
2.070000e-06	1.054749e-06	-8.728369e-11	7.480648e+00	-6.859913e+00
2.080000e-06	1.099654e-06	-5.840597e-11	7.799131e+00	-5.284230e+00
2.090000e-06	1.144458e-06	-2.769635e-11	8.116898e+00	-3.681707e+00
2.100000e-06	1.189187e-06	3.248053e-12	8.434129e+00	-2.053597e+00
2.110000e-06	1.233838e-06	3.420139e-11	8.750811e+00	-4.012889e-01
2.120000e-06	1.278395e-06	6.107085e-11	9.066829e+00	1.273697e+00
2.130000e-06	1.322868e-06	7.985761e-11	9.382242e+00	2.969713e+00
2.140000e-06	1.367288e-06	9.551400e-11	9.697289e+00	4.684993e+00
2.150000e-06	1.411612e-06	1.152850e-10	1.001165e+01	6.417658e+00
2.160000e-06	1.455857e-06	1.409521e-10	1.032545e+01	8.165724e+00
2.170000e-06	1.500091e-06	1.695299e-10	1.063917e+01	9.927115e+00
2.180000e-06	1.544270e-06	2.014780e-10	1.095251e+01	1.169967e+01
2.190000e-06	1.588389e-06	2.372916e-10	1.126541e+01	1.348115e+01
2.200000e-06	1.632485e-06	2.716605e-10	1.157816e+01	1.526926e+01
2.210000e-06	1.676568e-06	2.972010e-10	1.189081e+01	1.706165e+01
2.220000e-06	1.720553e-06	3.159746e-10	1.220277e+01	1.885595e+01
2.230000e-06	1.764321e-06	3.367838e-10	1.251318e+01	2.064974e+01
2.240000e-06	1.807976e-06	3.640506e-10	1.282280e+01	2.244060e+01
2.250000e-06	1.851621e-06	3.935743e-10	1.313235e+01	2.422612e+01
2.260000e-06	1.895211e-06	4.245623e-10	1.344150e+01	2.600391e+01
2.270000e-06	1.938684e-06	4.574012e-10	1.374983e+01	2.777159e+01
2.280000e-06	1.981903e-06	4.905349e-10	1.405635e+01	2.952683e+01
2.290000e-06	2.024935e-06	5.203146e-10	1.436155e+01	3.126737e+01
2.300000e-06	2.067767e-06	5.430928e-10	1.466533e+01	3.299100e+01
2.310000e-06	2.110201e-06	5.619431e-10	1.496629e+01	3.469559e+01
2.320000e-06	2.152318e-06	5.824207e-10	1.526499e+01	3.637910e+01
2.330000e-06	2.194217e-06	6.046773e-10	1.556215e+01	3.803960e+01
2.340000e-06	2.235877e-06	6.263643e-10	1.585762e+01	3.967526e+01
2.350000e-06	2.277362e-06	6.508910e-10	1.615185e+01	4.128437e+01
2.360000e-06	2.318596e-06	6.807790e-10	1.644430e+01	4.286533e+01
2.370000e-06	2.359479e-06	7.120012e-10	1.673425e+01	4.441670e+01
2.380000e-06	2.400131e-06	7.394992e-10	1.702257e+01	4.593714e+01
2.390000e-06	2.440626e-06	7.609397e-10	1.730977e+01	4.742548e+01
2.400000e-06	2.480944e-06	7.793250e-10	1.759572e+01	4.888068e+01
2.410000e-06	2.521144e-06	7.972496e-10	1.788084e+01	5.030183e+01
2.420000e-06	2.561247e-06	8.165558e-10	1.816526e+01	5.168818e+01
2.430000e-06	2.601254e-06	8.369094e-10	1.844901e+01	5.303913e+01
2.440000e-06	2.641171e-06	8.570478e-10	1.873211e+01	5.435420e+01
2.450000e-06	2.680965e-06	8.788626e-10	1.901434e+01	5.563307e+01
2.460000e-06	2.720709e-06	9.033757e-10	1.929622e+01	5.687553e+01
2.470000e-06	2.760261e-06	9.250304e-10	1.957674e+01	5.808152e+01
2.480000e-06	2.799492e-06	9.432296e-10	1.985498e+01	5.925110e+01
2.490000e-06	2.838557e-06	9.601607e-10	2.013204e+01	6.038444e+01
2.500000e-06	2.877463e-06	9.748676e-10	2.040797e+01	6.148181e+01
2.510000e-06	2.916153e-06	9.899609e-10	2.068238e+01	6.254362e+01
2.520000e-06	2.954582e-06	1.006444e-09	2.095493e+01	6.357032e+01
2.530000e-06	2.992816e-06	1.026127e-09	2.122610e+01	6.456247e+01
2.540000e-06	3.030932e-06	1.046766e-09	2.149643e+01	6.552072e+01
2.550000e-06	3.068829e-06	1.062788e-09	2.176521e+01	6.644576e+01
2.560000e-06	3.106498e-06	1.074041e-09	2.203237e+01	6.733834e+01
2.570000e-06	3.143918e-06	1.085084e-09	2.229777e+01	6.819925e+01
2.580000e-06	3.181145e-06	1.097185e-09	2.256179e+01	6.902932e+01
2.590000e-06	3.218181e-06	1.109143e-09	2.282447e+01	6.982942e+01
2.600000e-06	3.254951e-06	1.123468e-09	2.308525e+01	7.060041e+01
2.610000e-06	3.291560e-06	1.141001e-09	2.334490e+01	7.134318e+01
2.620000e-06	3.327982e-06	1.156934e-09	2.360321e+01	7.205860e+01
2.630000e-06	3.364196e-06	1.167851e-09	2.386006e+01	7.274755e+01
2.640000e-06	3.400285e-06	1.174436e-09	2.411601e+01	7.341087e+01
2.650000e-06	3.436210e-06	1.181646e-09	2.437081e+01	7.404940e+01
2.660000e-06	3.471943e-06	1.189083e-09	2.462423e+01	7.466395e+01
2.670000e-06	3.507503e-06	1.194678e-09	2.487644e+01	7.525528e+01
2.680000e-06	3.542805e-06	1.199768e-09	2.512682e+01	7.582414e+01
2.690000e-06	3.577719e-06	1.209655e-09	2.537444e+01	7.637121e+01
2.700000e-06	3.612141e-06	1.224338e-09	2.561857e+01	7.689716e+01
2.710000e-06	3.646077e-06	1.238267e-09	2.585926e+01	7.740258e+01
2.720000e-06	3.679630e-06	1.245451e-09	2.609722e+01	7.788805e+01
2.730000e-06	3.712862e-06	1.250052e-09	2.633292e+01	7.835409e+01
2.740000e-06	3.745746e-06	1.257273e-09	2.656614e+01	7.880117e+01
2.750000e-06	3.778309e-06	1.263540e-09	2.679709e+01	7.922972e+01
2.760000e-06	3.810678e-06	1.268973e-09	2.702667e+01	7.964015e+01
2.770000e-06	3.842912e-06	1.274794e-09	2.725528e+01	8.003282e+01
2.780000e-06	3.875000e-06	1.283285e-09	2.748286e+01	8.040805e+01
2.790000e-06	3.906807e-06	1.288319e-09	2.770845e+01	8.076614e+01
2.800000e-06	3.938324e-06	1.284890e-09	2.793197e+01	8.110738e+01
2.810000e-06	3.969658e-06	1.277535e-09	2.815420e+01	8.143200e+01
2.820000e-06	4.000679e-06	1.275407e-09	2.837422e+01	8.174027e+01
2.830000e-06	4.031315e-06	1.280709e-09	2.859150e+01	8.203240e+01
2.840000e-06	4.061745e-06	1.291274e-09	2.880732e+01	8.230864e+01
2.850000e-06	4.091961e-06	1.303709e-09	2.902162e+01	8.256920e+01
2.860000e-06	4.121902e-06	1.313098e-09	2.923398e+01	8.281434e+01
2.870000e-06	4.151570e-06	1.317446e-09	2.944439e+01	8.304430e+01
2.880000e-06	4.180892e-06	1.310937e-09	2.965236e+01	8.325933e+01
2.890000e-06	4.209944e-06	1.296013e-09	2.985840e+01	8.345974e+01
2.900000e-06	4.238862e-06	1.285087e-09	3.006349e+01	8.364583e+01
2.910000e-06	4.267471e-06	1.283462e-09	3.026640e+01	8.381793e+01
2.920000e-06	4.295713e-06	1.288595e-09	3.046671e+01	8.397642e+01
2.930000e-06	4.323844e-06	1.297098e-09	3.066622e+01	8.412169e+01
2.940000e-06	4.351850e-06	1.308082e-09	3.086484e+01	8.425417e+01
2.950000e-06	4.379617e-06	1.318693e-09	3.106178e+01	8.437433e+01
2.960000e-06	4.407195e-06	1.321601e-09	3.125737e+01	8.448267e+01
2.970000e-06	4.434402e-06	1.312334e-09	3.145034e+01	8.457973e+01
2.980000e-06	4.460944e-06	1.299065e-09	3.163858e+01	8.466607e+01
2.990000e-06	4.486865e-06	1.293042e-09	3.182242e+01	8.474229e+01
3.000000e-06	4.512393e-06	1.291747e-09	3.200347e+01	8.480901e+01
3.010000e-06	4.537508e-06	1.292162e-09	3.218160e+01	8.486688e+01
3.020000e-06	4.562182e-06	1.295567e-09	3.235659e+01	8.491656e+01
3.030000e-06	4.586538e-06	1.304894e-09	3.252934e+01	8.495875e+01
3.040000e-06	4.610672e-06	1.314349e-09	3.270050e+01	8.499414e+01
3.050000e-06	4.634599e-06	1.315861e-09	3.287020e+01	8.502341e+01
3.060000e-06	4.658179e-06	1.310175e-09	3.303744e+01	8.504728e+01
3.070000e-06	4.681450e-06	1.305181e-09	3.320248e+01	8.506643e+01
3.080000e-06	4.704393e-06	1.305361e-09	3.336520e+01	8.508154e+01
3.090000e-06	4.726941e-06	1.306131e-09	3.352512e+01	8.509327e+01
3.100000e-06	4.749233e-06	1.304223e-09	3.368323e+01	8.510225e+01
3.110000e-06	4.771226e-06	1.301871e-09	3.383921e+01	8.510908e+01
3.120000e-06	4.792805e-06	1.303928e-09	3.399225e+01	8.511432e+01
3.130000e-06	4.813981e-06	1.307580e-09	3.414244e+01	8.511849e+01
3.140000e-06	4.834804e-06	1.307519e-09	3.429012e+01	8.512206e+01
3.150000e-06	4.855327e-06	1.306309e-09	3.443568e+01	8.512543e+01
3.160000e-06	4.875687e-06	1.305974e-09	3.458008e+01	8.512897e+01
3.170000e-06	4.895905e-06	1.306193e-09	3.472347e+01	8.513295e+01
3.180000e-06	4.915917e-06	1.305312e-09	3.486540e+01	8.513762e+01
3.190000e-06	4.935642e-06	1.303074e-09	3.500530e+01	8.514311e+01
3.200000e-06	4.955051e-06	1.304598e-09	3.514296e+01	8.514953e+01
3.210000e-06	4.974059e-06	1.308989e-09	3.527777e+01	8.515686e+01
3.220000e-06	4.992560e-06	1.313814e-09	3.540899e+01	8.516507e+01
3.230000e-06	5.010585e-06	1.313201e-09	3.553683e+01	8.517401e+01
3.240000e-06	5.028271e-06	1.309529e-09	3.566226e+01	8.518348e+01
3.250000e-06	5.045750e-06	1.307626e-09	3.578623e+01	8.519323e+01
3.260000e-06	5.062957e-06	1.306984e-09	3.590826e+01	8.520292e+01
3.270000e-06	5.079823e-06	1.303096e-09	3.602789e+01	8.521215e+01
3.280000e-06	5.096315e-06	1.302719e-09	3.614485e+01	8.522049e+01
3.290000e-06	5.112287e-06	1.310593e-09	3.625813e+01	8.522744e+01
3.300000e-06	5.127893e-06	1.317622e-09	3.636881e+01	8.523247e+01
3.310000e-06	5.143077e-06	1.317282e-09	3.647650e+01	8.523502e+01
3.320000e-06	5.157721e-06	1.311441e-09	3.658036e+01	8.523448e+01
3.330000e-06	5.171987e-06	1.305653e-09	3.668155e+01	8.523024e+01
3.340000e-06	5.185879e-06	1.300447e-09	3.678007e+01	8.522168e+01
3.350000e-06	5.199416e-06	1.299829e-09	3.687608e+01	8.520818e+01
3.360000e-06	5.212591e-06	1.304561e-09	3.696952e+01	8.518913e+01
3.370000e-06	5.225380e-06	1.310697e-09	3.706023e+01	8.516391e+01
3.380000e-06	5.237803e-06	1.313465e-09	3.714833e+01	8.513197e+01
3.390000e-06	5.249914e-06	1.311008e-09	3.723423e+01	8.509277e+01
3.400000e-06	5.261691e-06	1.304679e-09	3.731776e+01	8.504582e+01
3.410000e-06	5.273091e-06	1.297264e-09	3.739861e+01	8.499068e+01
3.420000e-06	5.283875e-06	1.289731e-09	3.747510e+01	8.492699e+01
3.430000e-06	5.293912e-06	1.286472e-09	3.754628e+01	8.485443e+01
3.440000e-06	5.303309e-06	1.290400e-09	3.761293e+01	8.477277e+01
3.450000e-06	5.312172e-06	1.299829e-09	3.767579e+01	8.468188e+01
3.460000e-06	5.320740e-06	1.307127e-09	3.773656e+01	8.458169e+01
3.470000e-06	5.329098e-06	1.307764e-09	3.779583e+01	8.447224e+01
3.480000e-06	5.337177e-06	1.302399e-09	3.785313e+01	8.435365e+01
3.490000e-06	5.344940e-06	1.294914e-09	3.790819e+01	8.422615e+01
3.500000e-06	5.352355e-06	1.289482e-09	3.796078e+01	8.409008e+01
3.510000e-06	5.359441e-06	1.286921e-09	3.801103e+01	8.394584e+01
3.520000e-06	5.366159e-06	1.286341e-09	3.805868e+01	8.379398e+01
3.530000e-06	5.372512e-06	1.288523e-09	3.810374e+01	8.363511e+01
3.540000e-06	5.378532e-06	1.292088e-09	3.814643e+01	8.346994e+01
3.550000e-06	5.384090e-06	1.293785e-09	3.818586e+01	8.329928e+01
3.560000e-06	5.389236e-06	1.290597e-09	3.822235e+01	8.312401e+01
3.570000e-06	5.394016e-06	1.284807e-09	3.825625e+01	8.294509e+01
3.580000e-06	5.398472e-06	1.278758e-09	3.828786e+01	8.276357e+01
3.590000e-06	5.402783e-06	1.273144e-09	3.831843e+01	8.258054e+01
3.600000e-06	5.406851e-06	1.270860e-09	3.834728e+01	8.239714e+01
3.610000e-06	5.410580e-06	1.272362e-09	3.837373e+01	8.221455e+01
3.620000e-06	5.413931e-06	1.276429e-09	3.839750e+01	8.203401e+01
3.630000e-06	5.416711e-06	1.279466e-09	3.841721e+01	8.185676e+01
3.640000e-06	5.418907e-06	1.280034e-09	3.843279e+01	8.168403e+01
3.650000e-06	5.420546e-06	1.280061e-09	3.844441e+01	8.151709e+01
3.660000e-06	5.421678e-06	1.281016e-09	3.845244e+01	8.135715e+01
3.670000e-06	5.422373e-06	1.280073e-09	3.845737e+01	8.120542e+01
3.680000e-06	5.422692e-06	1.275331e-09	3.845963e+01	8.106307e+01
3.690000e-06	5.422744e-06	1.269133e-09	3.846000e+01	8.093120e+01
3.700000e-06	5.422490e-06	1.267348e-09	3.845820e+01	8.081087e+01
3.710000e-06	5.421905e-06	1.265938e-09	3.845405e+01	8.070305e+01
3.720000e-06	5.421023e-06	1.264711e-09	3.844779e+01	8.060862e+01
3.730000e-06	5.419749e-06	1.266208e-09	3.843876e+01	8.052838e+01
3.740000e-06	5.418154e-06	1.267100e-09	3.842745e+01	8.046301e+01
3.750000e-06	5.416309e-06	1.263776e-09	3.841436e+01	8.041310e+01
3.760000e-06	5.414118e-06	1.226556e-09	3.839882e+01	8.037910e+01
3.770000e-06	5.411551e-06	1.178685e-09	3.838062e+01	8.036133e+01
3.780000e-06	5.408546e-06	1.210897e-09	3.835931e+01	8.036000e+01
3.790000e-06	5.405109e-06	1.289187e-09	3.833493e+01	8.037518e+01
3.800000e-06	5.401332e-06	1.288655e-09	3.830814e+01	8.040678e+01
3.810000e-06	5.397351e-06	1.172735e-09	3.827990e+01	8.045460e+01
3.820000e-06	5.393225e-06	1.139075e-09	3.825064e+01	8.051828e+01
3.830000e-06	5.388686e-06	1.243499e-09	3.821845e+01	8.059735e+01
3.840000e-06	5.383383e-06	1.229756e-09	3.818084e+01	8.069116e+01
3.850000e-06	5.377551e-06	1.103028e-09	3.813948e+01	8.079899e+01
3.860000e-06	5.371515e-06	1.098492e-09	3.809667e+01	8.091994e+01
3.870000e-06	5.365125e-06	1.272571e-09	3.805135e+01	8.105302e+01
3.880000e-06	5.358034e-06	1.295604e-09	3.800105e+01	8.119713e+01
3.890000e-06	5.350426e-06	1.131898e-09	3.794710e+01	8.135106e+01
3.900000e-06	5.342612e-06	1.125505e-09	3.789168e+01	8.151349e+01
3.910000e-06	5.334415e-06	1.247084e-09	3.783354e+01	8.168307e+01
3.920000e-06	5.325767e-06	1.186757e-09	3.777221e+01	8.185832e+01
3.930000e-06	5.316743e-06	1.029030e-09	3.770821e+01	8.203774e+01
3.940000e-06	5.307411e-06	1.136197e-09	3.764202e+01	8.221977e+01
3.950000e-06	5.297778e-06	1.310725e-09	3.757370e+01	8.240282e+01
3.960000e-06	5.287770e-06	1.218512e-09	3.750272e+01	8.258529e+01
3.970000e-06	5.277467e-06	1.091671e-09	3.742964e+01	8.276556e+01
3.980000e-06	5.266774e-06	1.223399e-09	3.735381e+01	8.294203e+01
3.990000e-06	5.255548e-06	1.337689e-09	3.727419e+01	8.311312e+01
4.000000e-06	5.243968e-06	1.209566e-09	3.719206e+01	8.327728e+01
4.010000e-06	5.232052e-06	1.178797e-09	3.710755e+01	8.343301e+01
4.020000e-06	5.219659e-06	1.360781e-09	3.701965e+01	8.357888e+01
4.030000e-06	5.206806e-06	1.378854e-09	3.692850e+01	8.371351e+01
4.040000e-06	5.193509e-06	1.226870e-09	3.683418e+01	8.383563e+01
4.050000e-06	5.179709e-06	1.217143e-09	3.673631e+01	8.394405e+01
4.060000e-06	5.165232e-06	1.334815e-09	3.663364e+01	8.403768e+01
4.070000e-06	5.150154e-06	1.297429e-09	3.652670e+01	8.411556e+01
4.080000e-06	5.134759e-06	1.224282e-09	3.641751e+01	8.417682e+01
4.090000e-06	5.119063e-06	1.259861e-09	3.630619e+01	8.422073e+01
4.100000e-06	5.103121e-06	1.303747e-09	3.619312e+01	8.424670e+01
4.110000e-06	5.086925e-06	1.292531e-09	3.607826e+01	8.425426e+01
4.120000e-06	5.070355e-06	1.282093e-09	3.596074e+01	8.424307e+01
4.130000e-06	5.053367e-06	1.254896e-09	3.584025e+01	8.421293e+01
4.140000e-06	5.036061e-06	1.216016e-09	3.571751e+01	8.416378e+01
4.150000e-06	5.018453e-06	1.245952e-09	3.559263e+01	8.409569e+01
4.160000e-06	5.000454e-06	1.290615e-09	3.546498e+01	8.400887e+01
4.170000e-06	4.982089e-06	1.263327e-09	3.533472e+01	8.390363e+01
4.180000e-06	4.963334e-06	1.228916e-09	3.520171e+01	8.378044e+01
4.190000e-06	4.944261e-06	1.261049e-09	3.506643e+01	8.363985e+01
4.200000e-06	4.924970e-06	1.282996e-09	3.492961e+01	8.348254e+01
4.210000e-06	4.905429e-06	1.250202e-09	3.479102e+01	8.330927e+01
4.220000e-06	4.885635e-06	1.202830e-09	3.465064e+01	8.312090e+01
4.230000e-06	4.865666e-06	1.213443e-09	3.450901e+01	8.291838e+01
4.240000e-06	4.845433e-06	1.251832e-09	3.436551e+01	8.270271e+01
4.250000e-06	4.824829e-06	1.252284e-09	3.421938e+01	8.247496e+01
4.260000e-06	4.803732e-06	1.212994e-09	3.406975e+01	8.223624e+01
4.270000e-06	4.781924e-06	1.219923e-09	3.391508e+01	8.198771e+01
4.280000e-06	4.759468e-06	1.243862e-09	3.375581e+01	8.173054e+01
4.290000e-06	4.736541e-06	1.228296e-09	3.359321e+01	8.146592e+01
4.300000e-06	4.713243e-06	1.189242e-09	3.342797e+01	8.119502e+01
4.310000e-06	4.689702e-06	1.187289e-09	3.326101e+01	8.091903e+01
4.320000e-06	4.665893e-06	1.196652e-09	3.309215e+01	8.063909e+01
4.330000e-06	4.641875e-06	1.204017e-09	3.292181e+01	8.035633e+01
4.340000e-06	4.617617e-06	1.188796e-09	3.274976e+01	8.007183e+01
4.350000e-06	4.593007e-06	1.161576e-09	3.257521e+01	7.978661e+01
4.360000e-06	4.568036e-06	1.159106e-09	3.239811e+01	7.950164e+01
4.370000e-06	4.542738e-06	1.186631e-09	3.221869e+01	7.921782e+01
4.380000e-06	4.517192e-06	1.180521e-09	3.203751e+01	7.893596e+01
4.390000e-06	4.491359e-06	1.149956e-09	3.185429e+01	7.865682e+01
4.400000e-06	4.465305e-06	1.152083e-09	3.166951e+01	7.838105e+01
4.410000e-06	4.438957e-06	1.173765e-09	3.148264e+01	7.810922e+01
4.420000e-06	4.412212e-06	1.164304e-09	3.129295e+01	7.784180e+01
4.430000e-06	4.385114e-06	1.134316e-09	3.110076e+01	7.757919e+01
4.440000e-06	4.357738e-06	1.121342e-09	3.090661e+01	7.732167e+01
4.450000e-06	4.330170e-06	1.134179e-09	3.071108e+01	7.706943e+01
4.460000e-06	4.302438e-06	1.143019e-09	3.051440e+01	7.682258e+01
4.470000e-06	4.274461e-06	1.130550e-09	3.031598e+01	7.658114e+01
4.480000e-06	4.246247e-06	1.123495e-09	3.011587e+01	7.634504e+01
4.490000e-06	4.217747e-06	1.136279e-09	2.991374e+01	7.611412e+01
4.500000e-06	4.188794e-06	1.145417e-09	2.970839e+01	7.588815e+01
4.510000e-06	4.159381e-06	1.129445e-09	2.949979e+01	7.566684e+01
4.520000e-06	4.129460e-06	1.118508e-09	2.928758e+01	7.544981e+01
4.530000e-06	4.099029e-06	1.122039e-09	2.907175e+01	7.523665e+01
4.540000e-06	4.068232e-06	1.132056e-09	2.885333e+01	7.502688e+01
4.550000e-06	4.037149e-06	1.126111e-09	2.863288e+01	7.481999e+01
4.560000e-06	4.005731e-06	1.112723e-09	2.841005e+01	7.461543e+01
4.570000e-06	3.974104e-06	1.108263e-09	2.818574e+01	7.441262e+01
4.580000e-06	3.942306e-06	1.117534e-09	2.796022e+01	7.421098e+01
4.590000e-06	3.910199e-06	1.115836e-09	2.773250e+01	7.400989e+01
4.600000e-06	3.877808e-06	1.105020e-09	2.750277e+01	7.380876e+01
4.610000e-06	3.845172e-06	1.095436e-09	2.727131e+01	7.360699e+01
4.620000e-06	3.812330e-06	1.098073e-09	2.703838e+01	7.340398e+01
4.630000e-06	3.779346e-06	1.098114e-09	2.680445e+01	7.319919e+01
4.640000e-06	3.746101e-06	1.086673e-09	2.656866e+01	7.299206e+01
4.650000e-06	3.712544e-06	1.073455e-09	2.633066e+01	7.278211e+01
4.660000e-06	3.678774e-06	1.075957e-09	2.609115e+01	7.256886e+01
4.670000e-06	3.644800e-06	1.083748e-09	2.585020e+01	7.235189e+01
4.680000e-06	3.610612e-06	1.082000e-09	2.560772e+01	7.213082e+01
4.690000e-06	3.576149e-06	1.075150e-09	2.536330e+01	7.190534e+01
4.700000e-06	3.541399e-06	1.076143e-09	2.511684e+01	7.167518e+01
4.710000e-06	3.506344e-06	1.076390e-09	2.486822e+01	7.144011e+01
4.720000e-06	3.471045e-06	1.067423e-09	2.461787e+01	7.119997e+01
4.730000e-06	3.435588e-06	1.056434e-09	2.436639e+01	7.095465e+01
4.740000e-06	3.399952e-06	1.052981e-09	2.411365e+01	7.070411e+01
4.750000e-06	3.364177e-06	1.054748e-09	2.385992e+01	7.044835e+01
4.760000e-06	3.328273e-06	1.050937e-09	2.360528e+01	7.018740e+01
4.770000e-06	3.292295e-06	1.043837e-09	2.335011e+01	6.992138e+01
4.780000e-06	3.256139e-06	1.037474e-09	2.309368e+01	6.965043e+01
4.790000e-06	3.219619e-06	1.034047e-09	2.283466e+01	6.937472e+01
4.800000e-06	3.182821e-06	1.028142e-09	2.257368e+01	6.909449e+01
4.810000e-06	3.145723e-06	1.020072e-09	2.231057e+01	6.880996e+01
4.820000e-06	3.108258e-06	1.015072e-09	2.204486e+01	6.852143e+01
4.830000e-06	3.070453e-06	1.015394e-09	2.177673e+01	6.822919e+01
4.840000e-06	3.032233e-06	1.013868e-09	2.150566e+01	6.793353e+01
4.850000e-06	2.993629e-06	1.009201e-09	2.123186e+01	6.763479e+01
4.860000e-06	2.954659e-06	1.000449e-09	2.095548e+01	6.733328e+01
4.870000e-06	2.915408e-06	9.944520e-10	2.067709e+01	6.702931e+01
4.880000e-06	2.875946e-06	9.889543e-10	2.039722e+01	6.672319e+01
4.890000e-06	2.836273e-06	9.825269e-10	2.011584e+01	6.641521e+01
4.900000e-06	2.796503e-06	9.760510e-10	1.983378e+01	6.610564e+01
4.910000e-06	2.756668e-06	9.741436e-10	1.955126e+01	6.579474e+01
4.920000e-06	2.716776e-06	9.740939e-10	1.926833e+01	6.548271e+01
4.930000e-06	2.676742e-06	9.701434e-10	1.898439e+01	6.516974e+01
4.940000e-06	2.636454e-06	9.612873e-10	1.869865e+01	6.485599e+01
4.950000e-06	2.596025e-06	9.543971e-10	1.841192e+01	6.454155e+01
4.960000e-06	2.555486e-06	9.481558e-10	1.812440e+01	6.422649e+01
4.970000e-06	2.514802e-06	9.423646e-10	1.783586e+01	6.391085e+01
4.980000e-06	2.473870e-06	9.381809e-10	1.754556e+01	6.359459e+01
4.990000e-06	2.432765e-06	9.363760e-10	1.725402e+01	6.327765e+01
5.000000e-06	2.391527e-06	9.350995e-10	1.696155e+01	6.295991e+01
5.010000e-06	2.350101e-06	9.308141e-10	1.666774e+01	6.264123e+01
5.020000e-06	2.308529e-06	9.232210e-10	1.637290e+01	6.232140e+01
5.030000e-06	2.266769e-06	9.151627e-10	1.607672e+01	6.200017e+01
5.040000e-06	2.224836e-06	9.085329e-10	1.577932e+01	6.167727e+01
5.050000e-06	2.182750e-06	9.002737e-10	1.548083e+01	6.135239e+01
5.060000e-06	2.140565e-06	8.946533e-10	1.518164e+01	6.102517e+01
5.070000e-06	2.098250e-06	8.924509e-10	1.488152e+01	6.069523e+01
5.080000e-06	2.055719e-06	8.898346e-10	1.457988e+01	6.036217e+01
5.090000e-06	2.013004e-06	8.846648e-10	1.427693e+01	6.002555e+01
5.100000e-06	1.970155e-06	8.767090e-10	1.397303e+01	5.968494e+01
5.110000e-06	1.927217e-06	8.702270e-10	1.366850e+01	5.933988e+01
5.120000e-06	1.884130e-06	8.623405e-10	1.336291e+01	5.898990e+01
5.130000e-06	1.840822e-06	8.538323e-10	1.305576e+01	5.863452e+01
5.140000e-06	1.797383e-06	8.498354e-10	1.274767e+01	5.827329e+01
5.150000e-06	1.753907e-06	8.510534e-10	1.243933e+01	5.790572e+01
5.160000e-06	1.710352e-06	8.516060e-10	1.213041e+01	5.753135e+01
5.170000e-06	1.666667e-06	8.468290e-10	1.182059e+01	5.714974e+01
5.180000e-06	1.622896e-06	8.379195e-10	1.151015e+01	5.676045e+01
5.190000e-06	1.579049e-06	8.294221e-10	1.119917e+01	5.636306e+01
5.200000e-06	1.535173e-06	8.226341e-10	1.088798e+01	5.595716e+01
5.210000e-06	1.491292e-06	8.138293e-10	1.057677e+01	5.554238e+01
5.220000e-06	1.447387e-06	8.074031e-10	1.026537e+01	5.511835e+01
5.230000e-06	1.403443e-06	8.044521e-10	9.953709e+00	5.468473e+01
5.240000e-06	1.359446e-06	8.039308e-10	9.641668e+00	5.424122e+01
5.250000e-06	1.315378e-06	8.030507e-10	9.329121e+00	5.378750e+01
5.260000e-06	1.271214e-06	7.994171e-10	9.015896e+00	5.332333e+01
5.270000e-06	1.226995e-06	7.916143e-10	8.702276e+00	5.284842e+01
5.280000e-06	1.182755e-06	7.815353e-10	8.388514e+00	5.236257e+01
5.290000e-06	1.138446e-06	7.691689e-10	8.074257e+00	5.186553e+01
5.300000e-06	1.094057e-06	7.589023e-10	7.759435e+00	5.135710e+01
5.310000e-06	1.049470e-06	7.515171e-10	7.443206e+00	5.083708e+01
5.320000e-06	1.004678e-06	7.462870e-10	7.125527e+00	5.030527e+01
5.330000e-06	9.598664e-07	7.419641e-10	6.807709e+00	4.976148e+01
5.340000e-06	9.150261e-07	7.383497e-10	6.489686e+00	4.920551e+01
5.350000e-06	8.700862e-07	7.320100e-10	6.170957e+00	4.863716e+01
5.360000e-06	8.251575e-07	7.225417e-10	5.852306e+00	4.805620e+01
5.370000e-06	7.803225e-07	7.095842e-10	5.534321e+00	4.746241e+01
5.380000e-06	7.353983e-07	6.963878e-10	5.215702e+00	4.685553e+01
5.390000e-06	6.902727e-07	6.860538e-10	4.895656e+00	4.623528e+01
5.400000e-06	6.451291e-07	6.787397e-10	4.575482e+00	4.560137e+01
5.410000e-06	5.999238e-07	6.708579e-10	4.254870e+00	4.495344e+01
5.420000e-06	5.545762e-07	6.619207e-10	3.933249e+00	4.429113e+01
5.430000e-06	5.091896e-07	6.532917e-10	3.611351e+00	4.361402e+01
5.440000e-06	4.637258e-07	6.444366e-10	3.288906e+00	4.292168e+01
5.450000e-06	4.182596e-07	6.341648e-10	2.966444e+00	4.221360e+01
5.460000e-06	3.729115e-07	6.214074e-10	2.644819e+00	4.148926e+01
5.470000e-06	3.275537e-07	6.097471e-10	2.323126e+00	4.074808e+01
5.480000e-06	2.820626e-07	5.991411e-10	2.000487e+00	3.998944e+01
5.490000e-06	2.364253e-07	5.888153e-10	1.676811e+00	3.921269e+01
5.500000e-06	1.907635e-07	5.760381e-10	1.352961e+00	3.841712e+01
5.510000e-06	1.451885e-07	5.611124e-10	1.029728e+00	3.760202e+01
5.520000e-06	9.962405e-08	5.471302e-10	7.065687e-01	3.676660e+01
5.530000e-06	5.411716e-08	5.357576e-10	3.838179e-01	3.591008e+01
5.540000e-06	8.553774e-09	5.233019e-10	6.066637e-02	3.503164e+01
5.550000e-06	-3.706891e-08	5.094235e-10	-2.629057e-01	3.413046e+01
5.560000e-06	-8.262609e-08	4.972448e-10	-5.860132e-01	3.320568e+01
5.570000e-06	-1.281711e-07	4.870841e-10	-9.090347e-01	3.225646e+01
5.580000e-06	-1.737402e-07	4.729745e-10	-1.232226e+00	3.128195e+01
5.590000e-06	-2.192785e-07	4.536933e-10	-1.555200e+00	3.028133e+01
5.600000e-06	-2.648672e-07	4.340886e-10	-1.878531e+00	2.925378e+01
5.610000e-06	-3.104035e-07	4.190014e-10	-2.201490e+00	2.819853e+01
5.620000e-06	-3.558018e-07	4.040047e-10	-2.523471e+00	2.711482e+01
5.630000e-06	-4.012469e-07	3.857171e-10	-2.845784e+00	2.600198e+01
5.640000e-06	-4.465527e-07	3.684174e-10	-3.167108e+00	2.485936e+01
5.650000e-06	-4.917574e-07	3.559768e-10	-3.487716e+00	2.368639e+01
5.660000e-06	-5.369721e-07	3.424285e-10	-3.808395e+00	2.248259e+01
5.670000e-06	-5.820571e-07	3.217285e-10	-4.128153e+00	2.124754e+01
5.680000e-06	-6.271249e-07	2.967101e-10	-4.447790e+00	1.998093e+01
5.690000e-06	-6.722244e-07	2.738091e-10	-4.767651e+00	1.868256e+01
5.700000e-06	-7.172724e-07	2.520555e-10	-5.087148e+00	1.735232e+01
5.710000e-06	-7.622416e-07	2.288958e-10	-5.406085e+00	1.599022e+01
5.720000e-06	-8.071119e-07	2.084362e-10	-5.724320e+00	1.459642e+01
5.730000e-06	-8.518423e-07	1.929726e-10	-6.041564e+00	1.317118e+01
5.740000e-06	-8.964922e-07	1.786641e-10	-6.358237e+00	1.171489e+01
5.750000e-06	-9.411201e-07	1.599733e-10	-6.674754e+00	1.022811e+01
5.760000e-06	-9.856425e-07	1.359642e-10	-6.990522e+00	8.711499e+00
5.770000e-06	-1.030054e-06	1.089270e-10	-7.305508e+00	7.165889e+00
5.780000e-06	-1.074393e-06	8.071412e-11	-7.619970e+00	5.592238e+00
5.790000e-06	-1.118726e-06	5.159413e-11	-7.934395e+00	3.991649e+00
5.800000e-06	-1.162963e-06	2.607227e-11	-8.248145e+00	2.365363e+00
5.810000e-06	-1.207083e-06	8.004868e-12	-8.561055e+00	7.147582e-01
5.820000e-06	-1.251191e-06	-5.335965e-12	-8.873888e+00	-9.586556e-01
5.830000e-06	-1.295305e-06	-2.177128e-11	-9.186760e+00	-2.653242e+00
5.840000e-06	-1.339337e-06	-4.652498e-11	-9.499048e+00	-4.367244e+00
5.850000e-06	-1.383257e-06	-7.522378e-11	-9.810543e+00	-6.098791e+00
5.860000e-06	-1.427159e-06	-1.026602e-10	-1.012191e+01	-7.845909e+00
5.870000e-06	-1.471088e-06	-1.321574e-10	-1.043347e+01	-9.606528e+00
5.880000e-06	-1.514949e-06	-1.644811e-10	-1.074455e+01	-1.137849e+01
5.890000e-06	-1.558707e-06	-1.933874e-10	-1.105489e+01	-1.315957e+01
5.900000e-06	-1.602416e-06	-2.131852e-10	-1.136489e+01	-1.494748e+01
5.910000e-06	-1.646046e-06	-2.289323e-10	-1.167433e+01	-1.673986e+01
5.920000e-06	-1.689605e-06	-2.494745e-10	-1.198327e+01	-1.853435e+01
5.930000e-06	-1.733125e-06	-2.763165e-10	-1.229193e+01	-2.032852e+01
5.940000e-06	-1.776545e-06	-3.041268e-10	-1.259988e+01	-2.211998e+01
5.950000e-06	-1.819769e-06	-3.333801e-10	-1.290644e+01	-2.390630e+01
5.960000e-06	-1.862826e-06	-3.651568e-10	-1.321182e+01	-2.568508e+01
5.970000e-06	-1.905747e-06	-3.978545e-10	-1.351623e+01	-2.745395e+01
5.980000e-06	-1.948513e-06	-4.274108e-10	-1.381954e+01	-2.921057e+01
5.990000e-06	-1.991165e-06	-4.513232e-10	-1.412204e+01	-3.095268e+01
6.000000e-06	-2.033648e-06	-4.729367e-10	-1.442334e+01	-3.267805e+01
6.010000e-06	-2.075934e-06	-4.965526e-10	-1.472325e+01	-3.438456e+01
6.020000e-06	-2.118108e-06	-5.209955e-10	-1.502236e+01	-3.607017e+01
6.030000e-06	-2.160160e-06	-5.447640e-10	-1.532061e+01	-3.773291e+01
6.040000e-06	-2.202072e-06	-5.716383e-10	-1.561787e+01	-3.937097e+01
6.050000e-06	-2.243845e-06	-6.019689e-10	-1.591414e+01	-4.098260e+01
6.060000e-06	-2.285468e-06	-6.290294e-10	-1.620934e+01	-4.256623e+01
6.070000e-06	-2.327006e-06	-6.504526e-10	-1.650394e+01	-4.412037e+01
6.080000e-06	-2.368439e-06	-6.698420e-10	-1.679780e+01	-4.564370e+01
6.090000e-06	-2.409702e-06	-6.900374e-10	-1.709045e+01	-4.713501e+01
6.100000e-06	-2.450746e-06	-7.108056e-10	-1.738155e+01	-4.859326e+01
6.110000e-06	-2.491572e-06	-7.304070e-10	-1.767110e+01	-5.001753e+01
6.120000e-06	-2.532152e-06	-7.520564e-10	-1.795891e+01	-5.140707e+01
6.130000e-06	-2.572519e-06	-7.746059e-10	-1.824520e+01	-5.276125e+01
6.140000e-06	-2.612730e-06	-7.944308e-10	-1.853040e+01	-5.407958e+01
6.150000e-06	-2.652860e-06	-8.097090e-10	-1.881501e+01	-5.536173e+01
6.160000e-06	-2.692941e-06	-8.240255e-10	-1.909928e+01	-5.660749e+01
6.170000e-06	-2.732898e-06	-8.437360e-10	-1.938267e+01	-5.781677e+01
6.180000e-06	-2.772726e-06	-8.665714e-10	-1.966514e+01	-5.898964e+01
6.190000e-06	-2.812496e-06	-8.863942e-10	-1.994720e+01	-6.012624e+01
6.200000e-06	-2.852140e-06	-9.031939e-10	-2.022838e+01	-6.122686e+01
6.210000e-06	-2.891496e-06	-9.185202e-10	-2.050750e+01	-6.229186e+01
6.220000e-06	-2.930661e-06	-9.312718e-10	-2.078528e+01	-6.332173e+01
6.230000e-06	-2.969656e-06	-9.418543e-10	-2.106184e+01	-6.431700e+01
6.240000e-06	-3.008308e-06	-9.538973e-10	-2.133597e+01	-6.527830e+01
6.250000e-06	-3.046554e-06	-9.693799e-10	-2.160723e+01	-6.620634e+01
6.260000e-06	-3.084368e-06	-9.875441e-10	-2.187542e+01	-6.710185e+01
6.270000e-06	-3.121748e-06	-1.004153e-09	-2.214053e+01	-6.796562e+01
6.280000e-06	-3.158850e-06	-1.017961e-09	-2.240367e+01	-6.879849e+01
6.290000e-06	-3.195616e-06	-1.029516e-09	-2.266443e+01	-6.960131e+01
6.300000e-06	-3.232025e-06	-1.038905e-09	-2.292266e+01	-7.037495e+01
6.310000e-06	-3.268256e-06	-1.046763e-09	-2.317962e+01	-7.112029e+01
6.320000e-06	-3.304369e-06	-1.053752e-09	-2.343574e+01	-7.183822e+01
6.330000e-06	-3.340360e-06	-1.063878e-09	-2.369101e+01	-7.252959e+01
6.340000e-06	-3.376210e-06	-1.079343e-09	-2.394526e+01	-7.319527e+01
6.350000e-06	-3.411826e-06	-1.095267e-09	-2.419787e+01	-7.383610e+01
6.360000e-06	-3.447264e-06	-1.105346e-09	-2.444921e+01	-7.445287e+01
6.370000e-06	-3.482605e-06	-1.111008e-09	-2.469985e+01	-7.504637e+01
6.380000e-06	-3.517737e-06	-1.115960e-09	-2.494902e+01	-7.561733e+01
6.390000e-06	-3.552532e-06	-1.121259e-09	-2.519581e+01	-7.616645e+01
6.400000e-06	-3.587068e-06	-1.125917e-09	-2.544074e+01	-7.669439e+01
6.410000e-06	-3.621319e-06	-1.132079e-09	-2.568367e+01	-7.720176e+01
6.420000e-06	-3.655295e-06	-1.143135e-09	-2.592463e+01	-7.768913e+01
6.430000e-06	-3.689071e-06	-1.156484e-09	-2.616418e+01	-7.815702e+01
6.440000e-06	-3.722514e-06	-1.165919e-09	-2.640138e+01	-7.860592e+01
6.450000e-06	-3.755695e-06	-1.171373e-09	-2.663671e+01	-7.903626e+01
6.460000e-06	-3.788593e-06	-1.176067e-09	-2.687003e+01	-7.944844e+01
6.470000e-06	-3.821109e-06	-1.180500e-09	-2.710064e+01	-7.984283e+01
6.480000e-06	-3.853361e-06	-1.184625e-09	-2.732939e+01	-8.021976e+01
6.490000e-06	-3.885493e-06	-1.189390e-09	-2.755728e+01	-8.057953e+01
6.500000e-06	-3.917454e-06	-1.198327e-09	-2.778396e+01	-8.092241e+01
6.510000e-06	-3.949244e-06	-1.212090e-09	-2.800943e+01	-8.124867e+01
6.520000e-06	-3.980870e-06	-1.222443e-09	-2.823372e+01	-8.155855e+01
6.530000e-06	-4.012296e-06	-1.224531e-09	-2.845661e+01	-8.185227e+01
6.540000e-06	-4.043404e-06	-1.222855e-09	-2.867724e+01	-8.213008e+01
6.550000e-06	-4.073989e-06	-1.224111e-09	-2.889416e+01	-8.239220e+01
6.560000e-06	-4.104000e-06	-1.227688e-09	-2.910701e+01	-8.263887e+01
6.570000e-06	-4.133523e-06	-1.230510e-09	-2.931639e+01	-8.287034e+01
6.580000e-06	-4.162623e-06	-1.233511e-09	-2.952279e+01	-8.308687e+01
6.590000e-06	-4.191317e-06	-1.238467e-09	-2.972629e+01	-8.328874e+01
6.600000e-06	-4.219693e-06	-1.246480e-09	-2.992754e+01	-8.347626e+01
6.610000e-06	-4.247854e-06	-1.253310e-09	-3.012727e+01	-8.364978e+01
6.620000e-06	-4.275877e-06	-1.255946e-09	-3.032602e+01	-8.380964e+01
6.630000e-06	-4.303712e-06	-1.256819e-09	-3.052344e+01	-8.395625e+01
6.640000e-06	-4.331350e-06	-1.257789e-09	-3.071945e+01	-8.409004e+01
6.650000e-06	-4.358696e-06	-1.257504e-09	-3.091340e+01	-8.421146e+01
6.660000e-06	-4.385639e-06	-1.257646e-09	-3.110449e+01	-8.432103e+01
6.670000e-06	-4.412326e-06	-1.260513e-09	-3.129376e+01	-8.441926e+01
6.680000e-06	-4.438728e-06	-1.265398e-09	-3.148102e+01	-8.450673e+01
6.690000e-06	-4.464773e-06	-1.269853e-09	-3.166574e+01	-8.458402e+01
6.700000e-06	-4.490568e-06	-1.271929e-09	-3.184868e+01	-8.465176e+01
6.710000e-06	-4.516085e-06	-1.272728e-09	-3.202966e+01	-8.471060e+01
6.720000e-06	-4.541220e-06	-1.272133e-09	-3.220792e+01	-8.476120e+01
6.730000e-06	-4.565988e-06	-1.271456e-09	-3.238359e+01	-8.480425e+01
6.740000e-06	-4.590461e-06	-1.272815e-09	-3.255716e+01	-8.484043e+01
6.750000e-06	-4.614671e-06	-1.276419e-09	-3.272887e+01	-8.487044e+01
6.760000e-06	-4.638656e-06	-1.281658e-09	-3.289898e+01	-8.489499e+01
6.770000e-06	-4.662448e-06	-1.286410e-09	-3.306772e+01	-8.491477e+01
6.780000e-06	-4.686026e-06	-1.291364e-09	-3.323494e+01	-8.493045e+01
6.790000e-06	-4.709303e-06	-1.294979e-09	-3.340003e+01	-8.494269e+01
6.800000e-06	-4.732155e-06	-1.295525e-09	-3.356210e+01	-8.495213e+01
6.810000e-06	-4.754602e-06	-1.293067e-09	-3.372131e+01	-8.495938e+01
6.820000e-06	-4.776524e-06	-1.289907e-09	-3.387678e+01	-8.496499e+01
6.830000e-06	-4.797808e-06	-1.288327e-09	-3.402774e+01	-8.496948e+01
6.840000e-06	-4.818609e-06	-1.290387e-09	-3.417526e+01	-8.497334e+01
6.850000e-06	-4.839019e-06	-1.293374e-09	-3.432002e+01	-8.497697e+01
6.860000e-06	-4.859166e-06	-1.295675e-09	-3.446291e+01	-8.498074e+01
6.870000e-06	-4.879127e-06	-1.298277e-09	-3.460448e+01	-8.498494e+01
6.880000e-06	-4.898891e-06	-1.298740e-09	-3.474465e+01	-8.498979e+01
6.890000e-06	-4.918361e-06	-1.295806e-09	-3.488274e+01	-8.499547e+01
6.900000e-06	-4.937394e-06	-1.293332e-09	-3.501773e+01	-8.500206e+01
6.910000e-06	-4.956019e-06	-1.293000e-09	-3.514982e+01	-8.500958e+01
6.920000e-06	-4.974315e-06	-1.294668e-09	-3.527959e+01	-8.501797e+01
6.930000e-06	-4.992311e-06	-1.296647e-09	-3.540722e+01	-8.502712e+01
6.940000e-06	-5.010053e-06	-1.297440e-09	-3.553306e+01	-8.503682e+01
6.950000e-06	-5.027384e-06	-1.299279e-09	-3.565597e+01	-8.504681e+01
6.960000e-06	-5.044259e-06	-1.299179e-09	-3.577565e+01	-8.505677e+01
6.970000e-06	-5.060892e-06	-1.297652e-09	-3.589362e+01	-8.506631e+01
6.980000e-06	-5.077272e-06	-1.295594e-09	-3.600979e+01	-8.507500e+01
6.990000e-06	-5.093385e-06	-1.294094e-09	-3.612407e+01	-8.508235e+01
7.000000e-06	-5.109323e-06	-1.294880e-09	-3.623711e+01	-8.508782e+01
7.010000e-06	-5.124950e-06	-1.296730e-09	-3.634794e+01	-8.509085e+01
7.020000e-06	-5.140146e-06	-1.297547e-09	-3.645572e+01	-8.509084e+01
7.030000e-06	-5.154795e-06	-1.296842e-09	-3.655961e+01	-8.508720e+01
7.040000e-06	-5.168777e-06	-1.295032e-09	-3.665878e+01	-8.507928e+01
7.050000e-06	-5.182185e-06	-1.293147e-09	-3.675387e+01	-8.506647e+01
7.060000e-06	-5.195094e-06	-1.291285e-09	-3.684543e+01	-8.504816e+01
7.070000e-06	-5.207605e-06	-1.289720e-09	-3.693416e+01	-8.502374e+01
7.080000e-06	-5.219778e-06	-1.288649e-09	-3.702050e+01	-8.499264e+01
7.090000e-06	-5.231567e-06	-1.287300e-09	-3.710411e+01	-8.495432e+01
7.100000e-06	-5.242873e-06	-1.285927e-09	-3.718429e+01	-8.490828e+01
7.110000e-06	-5.253798e-06	-1.282726e-09	-3.726178e+01	-8.485410e+01
7.120000e-06	-5.264393e-06	-1.278651e-09	-3.733692e+01	-8.479139e+01
7.130000e-06	-5.274589e-06	-1.275112e-09	-3.740923e+01	-8.471983e+01
7.140000e-06	-5.284479e-06	-1.272532e-09	-3.747938e+01	-8.463920e+01
7.150000e-06	-5.293975e-06	-1.270808e-09	-3.754672e+01	-8.454934e+01
7.160000e-06	-5.303078e-06	-1.268741e-09	-3.761129e+01	-8.445018e+01
7.170000e-06	-5.311834e-06	-1.267072e-09	-3.767339e+01	-8.434175e+01
7.180000e-06	-5.320328e-06	-1.265847e-09	-3.773363e+01	-8.422417e+01
7.190000e-06	-5.328557e-06	-1.263004e-09	-3.779199e+01	-8.409767e+01
7.200000e-06	-5.336448e-06	-1.261007e-09	-3.784796e+01	-8.396255e+01
7.210000e-06	-5.344134e-06	-1.258440e-09	-3.790247e+01	-8.381923e+01
7.220000e-06	-5.351559e-06	-1.252616e-09	-3.795514e+01	-8.366824e+01
7.230000e-06	-5.358469e-06	-1.246108e-09	-3.800414e+01	-8.351018e+01
7.240000e-06	-5.364766e-06	-1.239689e-09	-3.804880e+01	-8.334576e+01
7.250000e-06	-5.370479e-06	-1.238398e-09	-3.808932e+01	-8.317578e+01
7.260000e-06	-5.375620e-06	-1.239400e-09	-3.812578e+01	-8.300112e+01
7.270000e-06	-5.380245e-06	-1.241747e-09	-3.815859e+01	-8.282273e+01
7.280000e-06	-5.384536e-06	-1.242266e-09	-3.818901e+01	-8.264164e+01
7.290000e-06	-5.388598e-06	-1.239511e-09	-3.821783e+01	-8.245895e+01
7.300000e-06	-5.392353e-06	-1.232968e-09	-3.824446e+01	-8.227579e+01
7.310000e-06	-5.395817e-06	-1.221844e-09	-3.826903e+01	-8.209335e+01
7.320000e-06	-5.399063e-06	-1.210784e-09	-3.829205e+01	-8.191285e+01
7.330000e-06	-5.401936e-06	-1.206014e-09	-3.831242e+01	-8.173553e+01
7.340000e-06	-5.404358e-06	-1.209859e-09	-3.832960e+01	-8.156263e+01
7.350000e-06	-5.406434e-06	-1.216469e-09	-3.834432e+01	-8.139541e+01
7.360000e-06	-5.408171e-06	-1.222094e-09	-3.835665e+01	-8.123510e+01
7.370000e-06	-5.409545e-06	-1.225542e-09	-3.836639e+01	-8.108290e+01
7.380000e-06	-5.410451e-06	-1.222125e-09	-3.837282e+01	-8.093998e+01
7.390000e-06	-5.410954e-06	-1.211330e-09	-3.837638e+01	-8.080746e+01
7.400000e-06	-5.411236e-06	-1.199002e-09	-3.837838e+01	-8.068638e+01
