# Temperatura_=_8.04
# Concentracion g/m^3_=_4090.0
# C_Vs_to_Am_M_A/Vsm_=_65563218390.804596
# pendiente_HvsI_1/m_=_3716.3
# ordenada_HvsI_A/m_=_1297.0
# frecuencia_Hz_=_135086.24835407437

Tiempo_(s)	Campo_(V.s)	Magnetizacion_(V.s)	Campo_(kA/m)	Magnetizacion_(A/m)
0.000000e+00	-5.419025e-06	-1.350819e-09	-3.837556e+01	-8.915899e+01
1.000000e-08	-5.419265e-06	-1.342646e-09	-3.837726e+01	-8.903332e+01
2.000000e-08	-5.419382e-06	-1.335279e-09	-3.837809e+01	-8.891328e+01
3.000000e-08	-5.419256e-06	-1.329538e-09	-3.837720e+01	-8.879949e+01
4.000000e-08	-5.418703e-06	-1.327983e-09	-3.837328e+01	-8.869250e+01
5.000000e-08	-5.417708e-06	-1.329914e-09	-3.836624e+01	-8.859282e+01
6.000000e-08	-5.416137e-06	-1.329193e-09	-3.835511e+01	-8.850091e+01
7.000000e-08	-5.413953e-06	-1.315021e-09	-3.833965e+01	-8.841714e+01
8.000000e-08	-5.411195e-06	-1.304501e-09	-3.832011e+01	-8.834181e+01
9.000000e-08	-5.407874e-06	-1.361844e-09	-3.829659e+01	-8.827514e+01
1.000000e-07	-5.404002e-06	-1.401367e-09	-3.826917e+01	-8.821728e+01
1.100000e-07	-5.399657e-06	-1.310446e-09	-3.823840e+01	-8.816829e+01
1.200000e-07	-5.395308e-06	-1.265476e-09	-3.820761e+01	-8.812814e+01
1.300000e-07	-5.390964e-06	-1.349618e-09	-3.817685e+01	-8.809672e+01
1.400000e-07	-5.386116e-06	-1.396162e-09	-3.814251e+01	-8.807385e+01
1.500000e-07	-5.380721e-06	-1.304244e-09	-3.810431e+01	-8.805922e+01
1.600000e-07	-5.374984e-06	-1.208470e-09	-3.806368e+01	-8.805249e+01
1.700000e-07	-5.368966e-06	-1.355374e-09	-3.802106e+01	-8.805321e+01
1.800000e-07	-5.362500e-06	-1.364266e-09	-3.797527e+01	-8.806085e+01
1.900000e-07	-5.355475e-06	-1.304422e-09	-3.792552e+01	-8.807483e+01
2.000000e-07	-5.348137e-06	-1.244276e-09	-3.787356e+01	-8.809448e+01
2.100000e-07	-5.340735e-06	-1.380108e-09	-3.782114e+01	-8.811908e+01
2.200000e-07	-5.333042e-06	-1.341255e-09	-3.776666e+01	-8.814784e+01
2.300000e-07	-5.325065e-06	-1.270199e-09	-3.771017e+01	-8.817995e+01
2.400000e-07	-5.316955e-06	-1.325071e-09	-3.765274e+01	-8.821454e+01
2.500000e-07	-5.308381e-06	-1.437472e-09	-3.759202e+01	-8.825069e+01
2.600000e-07	-5.298856e-06	-1.383596e-09	-3.752457e+01	-8.828749e+01
2.700000e-07	-5.288615e-06	-1.328905e-09	-3.745204e+01	-8.832398e+01
2.800000e-07	-5.277846e-06	-1.436614e-09	-3.737578e+01	-8.835922e+01
2.900000e-07	-5.266575e-06	-1.426013e-09	-3.729597e+01	-8.839226e+01
3.000000e-07	-5.254965e-06	-1.300809e-09	-3.721375e+01	-8.842214e+01
3.100000e-07	-5.242964e-06	-1.312591e-09	-3.712876e+01	-8.844794e+01
3.200000e-07	-5.230529e-06	-1.459614e-09	-3.704070e+01	-8.846876e+01
3.300000e-07	-5.217640e-06	-1.392034e-09	-3.694943e+01	-8.848372e+01
3.400000e-07	-5.204478e-06	-1.342296e-09	-3.685622e+01	-8.849202e+01
3.500000e-07	-5.191004e-06	-1.390003e-09	-3.676080e+01	-8.849285e+01
3.600000e-07	-5.177096e-06	-1.436497e-09	-3.666231e+01	-8.848551e+01
3.700000e-07	-5.162804e-06	-1.334643e-09	-3.656110e+01	-8.846933e+01
3.800000e-07	-5.148116e-06	-1.367722e-09	-3.645708e+01	-8.844372e+01
3.900000e-07	-5.132719e-06	-1.370157e-09	-3.634804e+01	-8.840814e+01
4.000000e-07	-5.116575e-06	-1.345257e-09	-3.623372e+01	-8.836216e+01
4.100000e-07	-5.100118e-06	-1.348476e-09	-3.611718e+01	-8.830541e+01
4.200000e-07	-5.083402e-06	-1.426652e-09	-3.599881e+01	-8.823759e+01
4.300000e-07	-5.066265e-06	-1.355126e-09	-3.587744e+01	-8.815850e+01
4.400000e-07	-5.048854e-06	-1.325376e-09	-3.575415e+01	-8.806802e+01
4.500000e-07	-5.031164e-06	-1.370930e-09	-3.562887e+01	-8.796612e+01
4.600000e-07	-5.013234e-06	-1.384754e-09	-3.550190e+01	-8.785283e+01
4.700000e-07	-4.994998e-06	-1.311847e-09	-3.537276e+01	-8.772828e+01
4.800000e-07	-4.976270e-06	-1.331664e-09	-3.524013e+01	-8.759268e+01
4.900000e-07	-4.957073e-06	-1.358708e-09	-3.510419e+01	-8.744630e+01
5.000000e-07	-4.937574e-06	-1.349939e-09	-3.496610e+01	-8.728948e+01
5.100000e-07	-4.917910e-06	-1.335276e-09	-3.482685e+01	-8.712266e+01
5.200000e-07	-4.898136e-06	-1.326406e-09	-3.468682e+01	-8.694629e+01
5.300000e-07	-4.878118e-06	-1.309428e-09	-3.454505e+01	-8.676092e+01
5.400000e-07	-4.857769e-06	-1.330733e-09	-3.440095e+01	-8.656711e+01
5.500000e-07	-4.837014e-06	-1.349735e-09	-3.425397e+01	-8.636549e+01
5.600000e-07	-4.815783e-06	-1.318677e-09	-3.410362e+01	-8.615671e+01
5.700000e-07	-4.794247e-06	-1.313918e-09	-3.395112e+01	-8.594146e+01
5.800000e-07	-4.772458e-06	-1.330297e-09	-3.379681e+01	-8.572043e+01
5.900000e-07	-4.750365e-06	-1.324371e-09	-3.364036e+01	-8.549434e+01
6.000000e-07	-4.727981e-06	-1.292423e-09	-3.348184e+01	-8.526391e+01
6.100000e-07	-4.705194e-06	-1.292410e-09	-3.332047e+01	-8.502985e+01
6.200000e-07	-4.682053e-06	-1.293050e-09	-3.315660e+01	-8.479288e+01
6.300000e-07	-4.658648e-06	-1.316192e-09	-3.299085e+01	-8.455367e+01
6.400000e-07	-4.635014e-06	-1.312910e-09	-3.282348e+01	-8.431289e+01
6.500000e-07	-4.611183e-06	-1.304114e-09	-3.265472e+01	-8.407119e+01
6.600000e-07	-4.587097e-06	-1.291082e-09	-3.248415e+01	-8.382915e+01
6.700000e-07	-4.562766e-06	-1.304646e-09	-3.231185e+01	-8.358734e+01
6.800000e-07	-4.538021e-06	-1.283827e-09	-3.213661e+01	-8.334626e+01
6.900000e-07	-4.512849e-06	-1.270115e-09	-3.195835e+01	-8.310639e+01
7.000000e-07	-4.487093e-06	-1.258399e-09	-3.177596e+01	-8.286814e+01
7.100000e-07	-4.460664e-06	-1.274682e-09	-3.158880e+01	-8.263185e+01
7.200000e-07	-4.433853e-06	-1.275516e-09	-3.139893e+01	-8.239782e+01
7.300000e-07	-4.406712e-06	-1.279350e-09	-3.120673e+01	-8.216629e+01
7.400000e-07	-4.379195e-06	-1.263860e-09	-3.101186e+01	-8.193743e+01
7.500000e-07	-4.351437e-06	-1.266347e-09	-3.081529e+01	-8.171137e+01
7.600000e-07	-4.323557e-06	-1.259483e-09	-3.061786e+01	-8.148816e+01
7.700000e-07	-4.295477e-06	-1.250757e-09	-3.041901e+01	-8.126780e+01
7.800000e-07	-4.267166e-06	-1.237809e-09	-3.021852e+01	-8.105024e+01
7.900000e-07	-4.238604e-06	-1.242536e-09	-3.001625e+01	-8.083536e+01
8.000000e-07	-4.209627e-06	-1.243993e-09	-2.981105e+01	-8.062302e+01
8.100000e-07	-4.180330e-06	-1.242684e-09	-2.960358e+01	-8.041301e+01
8.200000e-07	-4.150734e-06	-1.233706e-09	-2.939399e+01	-8.020509e+01
8.300000e-07	-4.120895e-06	-1.226835e-09	-2.918268e+01	-7.999898e+01
8.400000e-07	-4.090895e-06	-1.226633e-09	-2.897023e+01	-7.979437e+01
8.500000e-07	-4.060539e-06	-1.225596e-09	-2.875526e+01	-7.959092e+01
8.600000e-07	-4.029856e-06	-1.220504e-09	-2.853798e+01	-7.938827e+01
8.700000e-07	-3.998917e-06	-1.213830e-09	-2.831887e+01	-7.918606e+01
8.800000e-07	-3.967698e-06	-1.217446e-09	-2.809780e+01	-7.898391e+01
8.900000e-07	-3.936271e-06	-1.215637e-09	-2.787524e+01	-7.878142e+01
9.000000e-07	-3.904644e-06	-1.206436e-09	-2.765127e+01	-7.857821e+01
9.100000e-07	-3.872850e-06	-1.189294e-09	-2.742611e+01	-7.837392e+01
9.200000e-07	-3.840984e-06	-1.188568e-09	-2.720045e+01	-7.816817e+01
9.300000e-07	-3.808970e-06	-1.190219e-09	-2.697374e+01	-7.796062e+01
9.400000e-07	-3.776629e-06	-1.195804e-09	-2.674471e+01	-7.775095e+01
9.500000e-07	-3.743993e-06	-1.192608e-09	-2.651360e+01	-7.753885e+01
9.600000e-07	-3.711072e-06	-1.200780e-09	-2.628046e+01	-7.732406e+01
9.700000e-07	-3.677531e-06	-1.199715e-09	-2.604293e+01	-7.710634e+01
9.800000e-07	-3.643361e-06	-1.191405e-09	-2.580096e+01	-7.688548e+01
9.900000e-07	-3.608678e-06	-1.167782e-09	-2.555534e+01	-7.666132e+01
1.000000e-06	-3.573603e-06	-1.155967e-09	-2.530695e+01	-7.643373e+01
1.010000e-06	-3.538374e-06	-1.152091e-09	-2.505748e+01	-7.620262e+01
1.020000e-06	-3.502975e-06	-1.159685e-09	-2.480680e+01	-7.596795e+01
1.030000e-06	-3.467372e-06	-1.160931e-09	-2.455467e+01	-7.572970e+01
1.040000e-06	-3.431629e-06	-1.167902e-09	-2.430155e+01	-7.548790e+01
1.050000e-06	-3.395757e-06	-1.170771e-09	-2.404752e+01	-7.524262e+01
1.060000e-06	-3.359749e-06	-1.169330e-09	-2.379252e+01	-7.499394e+01
1.070000e-06	-3.323600e-06	-1.151634e-09	-2.353653e+01	-7.474201e+01
1.080000e-06	-3.287231e-06	-1.132799e-09	-2.327897e+01	-7.448698e+01
1.090000e-06	-3.250554e-06	-1.122046e-09	-2.301924e+01	-7.422904e+01
1.100000e-06	-3.213569e-06	-1.124967e-09	-2.275732e+01	-7.396840e+01
1.110000e-06	-3.176397e-06	-1.129258e-09	-2.249409e+01	-7.370527e+01
1.120000e-06	-3.139020e-06	-1.132673e-09	-2.222940e+01	-7.343990e+01
1.130000e-06	-3.101385e-06	-1.133984e-09	-2.196288e+01	-7.317253e+01
1.140000e-06	-3.063524e-06	-1.133446e-09	-2.169476e+01	-7.290342e+01
1.150000e-06	-3.025451e-06	-1.127830e-09	-2.142514e+01	-7.263281e+01
1.160000e-06	-2.987206e-06	-1.115244e-09	-2.115430e+01	-7.236094e+01
1.170000e-06	-2.948771e-06	-1.104205e-09	-2.088212e+01	-7.208807e+01
1.180000e-06	-2.910113e-06	-1.097269e-09	-2.060836e+01	-7.181439e+01
1.190000e-06	-2.871266e-06	-1.095861e-09	-2.033326e+01	-7.154013e+01
1.200000e-06	-2.832139e-06	-1.091999e-09	-2.005618e+01	-7.126545e+01
1.210000e-06	-2.792867e-06	-1.093443e-09	-1.977807e+01	-7.099051e+01
1.220000e-06	-2.753448e-06	-1.095833e-09	-1.949891e+01	-7.071542e+01
1.230000e-06	-2.713799e-06	-1.097321e-09	-1.921814e+01	-7.044029e+01
1.240000e-06	-2.674089e-06	-1.091483e-09	-1.893693e+01	-7.016516e+01
1.250000e-06	-2.634280e-06	-1.086479e-09	-1.865501e+01	-6.989005e+01
1.260000e-06	-2.594369e-06	-1.077767e-09	-1.837238e+01	-6.961494e+01
1.270000e-06	-2.554374e-06	-1.073995e-09	-1.808915e+01	-6.933975e+01
1.280000e-06	-2.514316e-06	-1.066164e-09	-1.780547e+01	-6.906439e+01
1.290000e-06	-2.474077e-06	-1.059990e-09	-1.752051e+01	-6.878871e+01
1.300000e-06	-2.433597e-06	-1.054581e-09	-1.723385e+01	-6.851251e+01
1.310000e-06	-2.393002e-06	-1.053018e-09	-1.694637e+01	-6.823557e+01
1.320000e-06	-2.352219e-06	-1.047946e-09	-1.665756e+01	-6.795763e+01
1.330000e-06	-2.311156e-06	-1.043627e-09	-1.636676e+01	-6.767837e+01
1.340000e-06	-2.269802e-06	-1.038438e-09	-1.607391e+01	-6.739747e+01
1.350000e-06	-2.228158e-06	-1.036955e-09	-1.577901e+01	-6.711454e+01
1.360000e-06	-2.186144e-06	-1.033319e-09	-1.548148e+01	-6.682920e+01
1.370000e-06	-2.143736e-06	-1.027080e-09	-1.518116e+01	-6.654103e+01
1.380000e-06	-2.101194e-06	-1.017590e-09	-1.487989e+01	-6.624956e+01
1.390000e-06	-2.058387e-06	-1.009840e-09	-1.457675e+01	-6.595436e+01
1.400000e-06	-2.015229e-06	-1.003136e-09	-1.427112e+01	-6.565493e+01
1.410000e-06	-1.971953e-06	-9.977544e-10	-1.396466e+01	-6.535081e+01
1.420000e-06	-1.928551e-06	-9.921011e-10	-1.365730e+01	-6.504149e+01
1.430000e-06	-1.885039e-06	-9.900517e-10	-1.334916e+01	-6.472650e+01
1.440000e-06	-1.841504e-06	-9.902638e-10	-1.304086e+01	-6.440534e+01
1.450000e-06	-1.797889e-06	-9.856220e-10	-1.273200e+01	-6.407754e+01
1.460000e-06	-1.754155e-06	-9.772298e-10	-1.242229e+01	-6.374263e+01
1.470000e-06	-1.710361e-06	-9.678199e-10	-1.211216e+01	-6.340016e+01
1.480000e-06	-1.666474e-06	-9.623499e-10	-1.180137e+01	-6.304969e+01
1.490000e-06	-1.622489e-06	-9.553098e-10	-1.148988e+01	-6.269082e+01
1.500000e-06	-1.578476e-06	-9.472482e-10	-1.117819e+01	-6.232314e+01
1.510000e-06	-1.534441e-06	-9.411988e-10	-1.086635e+01	-6.194629e+01
1.520000e-06	-1.490312e-06	-9.384607e-10	-1.055385e+01	-6.155994e+01
1.530000e-06	-1.445985e-06	-9.327827e-10	-1.023994e+01	-6.116375e+01
1.540000e-06	-1.401528e-06	-9.231987e-10	-9.925108e+00	-6.075745e+01
1.550000e-06	-1.357087e-06	-9.114501e-10	-9.610395e+00	-6.034078e+01
1.560000e-06	-1.312528e-06	-9.043269e-10	-9.294847e+00	-5.991349e+01
1.570000e-06	-1.267824e-06	-8.992968e-10	-8.978267e+00	-5.947539e+01
1.580000e-06	-1.223039e-06	-8.966583e-10	-8.661116e+00	-5.902627e+01
1.590000e-06	-1.178151e-06	-8.931851e-10	-8.343237e+00	-5.856598e+01
1.600000e-06	-1.133196e-06	-8.891934e-10	-8.024878e+00	-5.809435e+01
1.610000e-06	-1.088196e-06	-8.806623e-10	-7.706211e+00	-5.761127e+01
1.620000e-06	-1.043039e-06	-8.702281e-10	-7.386424e+00	-5.711659e+01
1.630000e-06	-9.977411e-07	-8.582864e-10	-7.065639e+00	-5.661021e+01
1.640000e-06	-9.524001e-07	-8.496300e-10	-6.744551e+00	-5.609200e+01
1.650000e-06	-9.070234e-07	-8.414817e-10	-6.423210e+00	-5.556185e+01
1.660000e-06	-8.616276e-07	-8.352426e-10	-6.101733e+00	-5.501964e+01
1.670000e-06	-8.161273e-07	-8.312524e-10	-5.779516e+00	-5.446522e+01
1.680000e-06	-7.705268e-07	-8.278080e-10	-5.456590e+00	-5.389844e+01
1.690000e-06	-7.249696e-07	-8.191933e-10	-5.133970e+00	-5.331913e+01
1.700000e-06	-6.793900e-07	-8.052745e-10	-4.811193e+00	-5.272708e+01
1.710000e-06	-6.336691e-07	-7.910726e-10	-4.487414e+00	-5.212208e+01
1.720000e-06	-5.879301e-07	-7.813149e-10	-4.163507e+00	-5.150384e+01
1.730000e-06	-5.421458e-07	-7.754460e-10	-3.839279e+00	-5.087207e+01
1.740000e-06	-4.963658e-07	-7.696270e-10	-3.515082e+00	-5.022642e+01
1.750000e-06	-4.506395e-07	-7.637269e-10	-3.191265e+00	-4.956650e+01
1.760000e-06	-4.048362e-07	-7.569606e-10	-2.866903e+00	-4.889188e+01
1.770000e-06	-3.589462e-07	-7.448697e-10	-2.541927e+00	-4.820206e+01
1.780000e-06	-3.130408e-07	-7.270735e-10	-2.216841e+00	-4.749651e+01
1.790000e-06	-2.670826e-07	-7.101427e-10	-1.891382e+00	-4.677464e+01
1.800000e-06	-2.210348e-07	-6.973860e-10	-1.565288e+00	-4.603582e+01
1.810000e-06	-1.750531e-07	-6.867726e-10	-1.239662e+00	-4.527934e+01
1.820000e-06	-1.290723e-07	-6.747524e-10	-9.140432e-01	-4.450449e+01
1.830000e-06	-8.309204e-08	-6.627227e-10	-5.884276e-01	-4.371047e+01
1.840000e-06	-3.719613e-08	-6.499846e-10	-2.634095e-01	-4.289647e+01
1.850000e-06	8.736404e-09	-6.383792e-10	6.186803e-02	-4.206162e+01
1.860000e-06	5.470047e-08	-6.257602e-10	3.873688e-01	-4.120502e+01
1.870000e-06	1.006500e-07	-6.135582e-10	7.127669e-01	-4.032576e+01
1.880000e-06	1.465846e-07	-6.007585e-10	1.038058e+00	-3.942289e+01
1.890000e-06	1.924999e-07	-5.871326e-10	1.363214e+00	-3.849545e+01
1.900000e-06	2.384628e-07	-5.703799e-10	1.688707e+00	-3.754248e+01
1.910000e-06	2.843656e-07	-5.523062e-10	2.013774e+00	-3.656301e+01
1.920000e-06	3.302176e-07	-5.334206e-10	2.338481e+00	-3.555609e+01
1.930000e-06	3.760624e-07	-5.159464e-10	2.663137e+00	-3.452078e+01
1.940000e-06	4.218321e-07	-4.995599e-10	2.987261e+00	-3.345618e+01
1.950000e-06	4.676259e-07	-4.834411e-10	3.311557e+00	-3.236141e+01
1.960000e-06	5.133706e-07	-4.671650e-10	3.635504e+00	-3.123564e+01
1.970000e-06	5.589898e-07	-4.494678e-10	3.958562e+00	-3.007811e+01
1.980000e-06	6.046043e-07	-4.283728e-10	4.281587e+00	-2.888811e+01
1.990000e-06	6.502322e-07	-4.059675e-10	4.604708e+00	-2.766501e+01
2.000000e-06	6.957514e-07	-3.838694e-10	4.927058e+00	-2.640827e+01
2.010000e-06	7.412423e-07	-3.617585e-10	5.249208e+00	-2.511744e+01
2.020000e-06	7.868209e-07	-3.392927e-10	5.571979e+00	-2.379217e+01
2.030000e-06	8.323718e-07	-3.182260e-10	5.894554e+00	-2.243221e+01
2.040000e-06	8.777426e-07	-2.992987e-10	6.215853e+00	-2.103745e+01
2.050000e-06	9.230548e-07	-2.805621e-10	6.536738e+00	-1.960787e+01
2.060000e-06	9.683393e-07	-2.616499e-10	6.857426e+00	-1.814361e+01
2.070000e-06	1.013540e-06	-2.391408e-10	7.177520e+00	-1.664492e+01
2.080000e-06	1.058668e-06	-2.124667e-10	7.497102e+00	-1.511220e+01
2.090000e-06	1.103721e-06	-1.855315e-10	7.816154e+00	-1.354599e+01
2.100000e-06	1.148654e-06	-1.561783e-10	8.134347e+00	-1.194697e+01
2.110000e-06	1.193438e-06	-1.276342e-10	8.451495e+00	-1.031596e+01
2.120000e-06	1.238228e-06	-1.010402e-10	8.768679e+00	-8.653933e+00
2.130000e-06	1.282941e-06	-8.050514e-11	9.085318e+00	-6.961988e+00
2.140000e-06	1.327422e-06	-6.248722e-11	9.400316e+00	-5.241376e+00
2.150000e-06	1.371737e-06	-4.190029e-11	9.714139e+00	-3.493482e+00
2.160000e-06	1.415987e-06	-1.579169e-11	1.002751e+01	-1.719823e+00
2.170000e-06	1.460203e-06	1.680063e-11	1.034063e+01	7.795771e-02
2.180000e-06	1.504343e-06	5.187479e-11	1.065321e+01	1.898098e+00
2.190000e-06	1.548409e-06	8.531548e-11	1.096527e+01	3.738721e+00
2.200000e-06	1.592409e-06	1.119952e-10	1.127686e+01	5.597846e+00
2.210000e-06	1.636328e-06	1.321918e-10	1.158788e+01	7.473397e+00
2.220000e-06	1.680193e-06	1.497910e-10	1.189851e+01	9.363212e+00
2.230000e-06	1.724025e-06	1.725918e-10	1.220891e+01	1.126505e+01
2.240000e-06	1.767812e-06	2.041433e-10	1.251900e+01	1.317662e+01
2.250000e-06	1.811565e-06	2.442371e-10	1.282884e+01	1.509556e+01
2.260000e-06	1.855316e-06	2.851163e-10	1.313868e+01	1.701948e+01
2.270000e-06	1.898933e-06	3.226490e-10	1.344755e+01	1.894595e+01
2.280000e-06	1.942329e-06	3.506829e-10	1.375487e+01	2.087254e+01
2.290000e-06	1.985683e-06	3.700647e-10	1.406188e+01	2.279680e+01
2.300000e-06	2.029011e-06	3.877624e-10	1.436872e+01	2.471630e+01
2.310000e-06	2.072114e-06	4.098722e-10	1.467395e+01	2.662863e+01
2.320000e-06	2.115010e-06	4.371397e-10	1.497773e+01	2.853141e+01
2.330000e-06	2.157563e-06	4.724319e-10	1.527907e+01	3.042230e+01
2.340000e-06	2.199763e-06	5.101134e-10	1.557792e+01	3.229903e+01
2.350000e-06	2.241755e-06	5.457721e-10	1.587529e+01	3.415938e+01
2.360000e-06	2.283551e-06	5.728106e-10	1.617128e+01	3.600122e+01
2.370000e-06	2.325030e-06	5.919346e-10	1.646501e+01	3.782251e+01
2.380000e-06	2.366073e-06	6.098300e-10	1.675567e+01	3.962130e+01
2.390000e-06	2.406790e-06	6.329326e-10	1.704401e+01	4.139572e+01
2.400000e-06	2.447271e-06	6.623151e-10	1.733068e+01	4.314406e+01
2.410000e-06	2.487528e-06	6.945306e-10	1.761577e+01	4.486467e+01
2.420000e-06	2.527661e-06	7.272595e-10	1.789998e+01	4.655607e+01
2.430000e-06	2.567700e-06	7.572474e-10	1.818352e+01	4.821687e+01
2.440000e-06	2.607581e-06	7.839069e-10	1.846594e+01	4.984583e+01
2.450000e-06	2.647386e-06	8.058333e-10	1.874782e+01	5.144182e+01
2.460000e-06	2.687132e-06	8.228106e-10	1.902929e+01	5.300387e+01
2.470000e-06	2.726795e-06	8.395463e-10	1.931017e+01	5.453112e+01
2.480000e-06	2.766344e-06	8.616758e-10	1.959024e+01	5.602285e+01
2.490000e-06	2.805769e-06	8.884761e-10	1.986943e+01	5.747845e+01
2.500000e-06	2.844989e-06	9.157615e-10	2.014717e+01	5.889747e+01
2.510000e-06	2.883925e-06	9.420751e-10	2.042291e+01	6.027955e+01
2.520000e-06	2.922693e-06	9.666164e-10	2.069745e+01	6.162446e+01
2.530000e-06	2.961232e-06	9.896066e-10	2.097037e+01	6.293209e+01
2.540000e-06	2.999462e-06	1.008742e-09	2.124110e+01	6.420244e+01
2.550000e-06	3.037529e-06	1.022744e-09	2.151068e+01	6.543558e+01
2.560000e-06	3.075410e-06	1.035901e-09	2.177894e+01	6.663172e+01
2.570000e-06	3.113115e-06	1.051006e-09	2.204594e+01	6.779113e+01
2.580000e-06	3.150609e-06	1.069309e-09	2.231147e+01	6.891416e+01
2.590000e-06	3.187881e-06	1.086419e-09	2.257541e+01	7.000123e+01
2.600000e-06	3.224966e-06	1.104536e-09	2.283803e+01	7.105284e+01
2.610000e-06	3.261797e-06	1.122775e-09	2.309886e+01	7.206954e+01
2.620000e-06	3.298371e-06	1.141937e-09	2.335786e+01	7.305192e+01
2.630000e-06	3.334630e-06	1.157254e-09	2.361464e+01	7.400062e+01
2.640000e-06	3.370660e-06	1.169231e-09	2.386978e+01	7.491630e+01
2.650000e-06	3.406555e-06	1.179786e-09	2.412399e+01	7.579967e+01
2.660000e-06	3.442335e-06	1.190796e-09	2.437736e+01	7.665144e+01
2.670000e-06	3.478076e-06	1.200561e-09	2.463047e+01	7.747234e+01
2.680000e-06	3.513698e-06	1.208806e-09	2.488273e+01	7.826309e+01
2.690000e-06	3.549116e-06	1.219725e-09	2.513355e+01	7.902445e+01
2.700000e-06	3.584283e-06	1.232817e-09	2.538259e+01	7.975713e+01
2.710000e-06	3.619006e-06	1.247211e-09	2.562848e+01	8.046187e+01
2.720000e-06	3.653141e-06	1.261290e-09	2.587021e+01	8.113936e+01
2.730000e-06	3.686863e-06	1.272807e-09	2.610902e+01	8.179031e+01
2.740000e-06	3.720187e-06	1.282725e-09	2.634501e+01	8.241540e+01
2.750000e-06	3.753109e-06	1.288579e-09	2.657815e+01	8.301527e+01
2.760000e-06	3.785591e-06	1.290928e-09	2.680818e+01	8.359056e+01
2.770000e-06	3.817701e-06	1.293916e-09	2.703557e+01	8.414189e+01
2.780000e-06	3.849750e-06	1.300101e-09	2.726253e+01	8.466985e+01
2.790000e-06	3.881679e-06	1.310507e-09	2.748864e+01	8.517500e+01
2.800000e-06	3.913421e-06	1.321390e-09	2.771342e+01	8.565788e+01
2.810000e-06	3.945077e-06	1.330570e-09	2.793760e+01	8.611903e+01
2.820000e-06	3.976497e-06	1.335628e-09	2.816010e+01	8.655895e+01
2.830000e-06	4.007524e-06	1.337595e-09	2.837983e+01	8.697814e+01
2.840000e-06	4.038157e-06	1.338773e-09	2.859676e+01	8.737706e+01
2.850000e-06	4.068542e-06	1.342345e-09	2.881193e+01	8.775619e+01
2.860000e-06	4.098741e-06	1.346408e-09	2.902579e+01	8.811598e+01
2.870000e-06	4.128675e-06	1.352150e-09	2.923778e+01	8.845688e+01
2.880000e-06	4.158386e-06	1.357811e-09	2.944817e+01	8.877935e+01
2.890000e-06	4.187787e-06	1.362740e-09	2.965638e+01	8.908382e+01
2.900000e-06	4.216874e-06	1.366058e-09	2.986237e+01	8.937076e+01
2.910000e-06	4.245636e-06	1.367327e-09	3.006605e+01	8.964062e+01
2.920000e-06	4.274101e-06	1.368348e-09	3.026763e+01	8.989386e+01
2.930000e-06	4.302301e-06	1.368637e-09	3.046733e+01	9.013097e+01
2.940000e-06	4.330312e-06	1.368110e-09	3.066569e+01	9.035242e+01
2.950000e-06	4.358194e-06	1.370566e-09	3.086314e+01	9.055872e+01
2.960000e-06	4.385950e-06	1.372952e-09	3.105970e+01	9.075040e+01
2.970000e-06	4.413617e-06	1.373134e-09	3.125563e+01	9.092797e+01
2.980000e-06	4.440918e-06	1.372926e-09	3.144896e+01	9.109200e+01
2.990000e-06	4.467660e-06	1.373941e-09	3.163834e+01	9.124304e+01
3.000000e-06	4.493863e-06	1.374936e-09	3.182390e+01	9.138169e+01
3.010000e-06	4.519553e-06	1.374207e-09	3.200583e+01	9.150853e+01
3.020000e-06	4.544659e-06	1.374270e-09	3.218362e+01	9.162418e+01
3.030000e-06	4.569242e-06	1.377996e-09	3.235771e+01	9.172927e+01
3.040000e-06	4.593436e-06	1.385158e-09	3.252904e+01	9.182441e+01
3.050000e-06	4.617390e-06	1.389823e-09	3.269867e+01	9.191026e+01
3.060000e-06	4.641213e-06	1.389641e-09	3.286738e+01	9.198745e+01
3.070000e-06	4.664803e-06	1.387379e-09	3.303444e+01	9.205663e+01
3.080000e-06	4.688034e-06	1.386660e-09	3.319895e+01	9.211844e+01
3.090000e-06	4.710969e-06	1.387175e-09	3.336136e+01	9.217350e+01
3.100000e-06	4.733641e-06	1.385294e-09	3.352192e+01	9.222245e+01
3.110000e-06	4.755937e-06	1.382619e-09	3.367982e+01	9.226588e+01
3.120000e-06	4.777952e-06	1.384561e-09	3.383572e+01	9.230439e+01
3.130000e-06	4.799704e-06	1.390452e-09	3.398976e+01	9.233854e+01
3.140000e-06	4.821112e-06	1.394371e-09	3.414136e+01	9.236886e+01
3.150000e-06	4.842140e-06	1.394788e-09	3.429027e+01	9.239585e+01
3.160000e-06	4.862760e-06	1.395810e-09	3.443629e+01	9.241999e+01
3.170000e-06	4.883060e-06	1.396813e-09	3.458005e+01	9.244171e+01
3.180000e-06	4.903118e-06	1.397368e-09	3.472210e+01	9.246138e+01
3.190000e-06	4.923013e-06	1.395555e-09	3.486298e+01	9.247936e+01
3.200000e-06	4.942755e-06	1.394072e-09	3.500279e+01	9.249593e+01
3.210000e-06	4.962179e-06	1.397642e-09	3.514035e+01	9.251133e+01
3.220000e-06	4.981261e-06	1.404530e-09	3.527547e+01	9.252576e+01
3.230000e-06	4.999907e-06	1.407685e-09	3.540752e+01	9.253936e+01
3.240000e-06	5.018109e-06	1.406169e-09	3.553642e+01	9.255222e+01
3.250000e-06	5.035927e-06	1.403621e-09	3.566260e+01	9.256436e+01
3.260000e-06	5.053372e-06	1.401814e-09	3.578614e+01	9.257576e+01
3.270000e-06	5.070495e-06	1.399242e-09	3.590740e+01	9.258636e+01
3.280000e-06	5.087423e-06	1.397291e-09	3.602728e+01	9.259604e+01
3.290000e-06	5.104148e-06	1.398773e-09	3.614572e+01	9.260462e+01
3.300000e-06	5.120431e-06	1.404476e-09	3.626103e+01	9.261191e+01
3.310000e-06	5.136244e-06	1.410866e-09	3.637301e+01	9.261765e+01
3.320000e-06	5.151503e-06	1.414121e-09	3.648107e+01	9.262155e+01
3.330000e-06	5.166199e-06	1.417360e-09	3.658514e+01	9.262330e+01
3.340000e-06	5.180464e-06	1.417879e-09	3.668616e+01	9.262256e+01
3.350000e-06	5.194406e-06	1.412939e-09	3.678489e+01	9.261897e+01
3.360000e-06	5.208043e-06	1.407515e-09	3.688146e+01	9.261213e+01
3.370000e-06	5.221276e-06	1.405902e-09	3.697517e+01	9.260167e+01
3.380000e-06	5.234026e-06	1.404013e-09	3.706547e+01	9.258720e+01
3.390000e-06	5.246385e-06	1.401622e-09	3.715299e+01	9.256832e+01
3.400000e-06	5.258507e-06	1.400863e-09	3.723883e+01	9.254466e+01
3.410000e-06	5.270296e-06	1.402505e-09	3.732232e+01	9.251585e+01
3.420000e-06	5.281742e-06	1.405464e-09	3.740337e+01	9.248156e+01
3.430000e-06	5.292733e-06	1.405932e-09	3.748121e+01	9.244147e+01
3.440000e-06	5.303062e-06	1.405161e-09	3.755436e+01	9.239529e+01
3.450000e-06	5.312641e-06	1.404000e-09	3.762219e+01	9.234280e+01
3.460000e-06	5.321592e-06	1.400587e-09	3.768558e+01	9.228379e+01
3.470000e-06	5.330040e-06	1.396598e-09	3.774540e+01	9.221812e+01
3.480000e-06	5.338159e-06	1.393135e-09	3.780290e+01	9.214569e+01
3.490000e-06	5.346117e-06	1.392194e-09	3.785925e+01	9.206646e+01
3.500000e-06	5.353826e-06	1.395059e-09	3.791384e+01	9.198045e+01
3.510000e-06	5.361308e-06	1.399482e-09	3.796683e+01	9.188775e+01
3.520000e-06	5.368430e-06	1.402572e-09	3.801727e+01	9.178849e+01
3.530000e-06	5.375124e-06	1.404041e-09	3.806467e+01	9.168288e+01
3.540000e-06	5.381413e-06	1.402793e-09	3.810921e+01	9.157119e+01
3.550000e-06	5.387308e-06	1.398871e-09	3.815095e+01	9.145376e+01
3.560000e-06	5.392927e-06	1.392323e-09	3.819074e+01	9.133098e+01
3.570000e-06	5.398126e-06	1.386092e-09	3.822756e+01	9.120330e+01
3.580000e-06	5.402840e-06	1.384740e-09	3.826095e+01	9.107123e+01
3.590000e-06	5.407129e-06	1.387046e-09	3.829132e+01	9.093533e+01
3.600000e-06	5.411118e-06	1.389757e-09	3.831957e+01	9.079621e+01
3.610000e-06	5.414994e-06	1.389803e-09	3.834702e+01	9.065452e+01
3.620000e-06	5.418689e-06	1.388527e-09	3.837318e+01	9.051095e+01
3.630000e-06	5.422090e-06	1.386599e-09	3.839727e+01	9.036621e+01
3.640000e-06	5.425025e-06	1.382310e-09	3.841805e+01	9.022105e+01
3.650000e-06	5.427358e-06	1.375592e-09	3.843457e+01	9.007624e+01
3.660000e-06	5.429050e-06	1.371659e-09	3.844656e+01	8.993254e+01
3.670000e-06	5.430161e-06	1.376412e-09	3.845442e+01	8.979072e+01
3.680000e-06	5.430781e-06	1.382013e-09	3.845882e+01	8.965155e+01
3.690000e-06	5.430949e-06	1.382921e-09	3.846000e+01	8.951579e+01
3.700000e-06	5.430844e-06	1.384088e-09	3.845926e+01	8.938417e+01
3.710000e-06	5.430567e-06	1.384806e-09	3.845730e+01	8.925740e+01
3.720000e-06	5.430054e-06	1.382977e-09	3.845366e+01	8.913615e+01
3.730000e-06	5.429202e-06	1.376101e-09	3.844763e+01	8.902104e+01
3.740000e-06	5.427963e-06	1.366892e-09	3.843886e+01	8.891264e+01
3.750000e-06	5.426366e-06	1.363077e-09	3.842755e+01	8.881148e+01
3.760000e-06	5.424420e-06	1.372444e-09	3.841377e+01	8.871802e+01
3.770000e-06	5.422116e-06	1.400232e-09	3.839745e+01	8.863263e+01
3.780000e-06	5.419462e-06	1.364395e-09	3.837866e+01	8.855564e+01
3.790000e-06	5.416331e-06	1.253289e-09	3.835649e+01	8.848729e+01
3.800000e-06	5.412686e-06	1.292439e-09	3.833068e+01	8.842772e+01
3.810000e-06	5.408671e-06	1.397390e-09	3.830224e+01	8.837702e+01
3.820000e-06	5.404498e-06	1.334954e-09	3.827269e+01	8.833517e+01
3.830000e-06	5.400294e-06	1.271701e-09	3.824291e+01	8.830208e+01
3.840000e-06	5.395828e-06	1.270355e-09	3.821129e+01	8.827756e+01
3.850000e-06	5.390503e-06	1.435618e-09	3.817358e+01	8.826135e+01
3.860000e-06	5.384364e-06	1.358610e-09	3.813011e+01	8.825310e+01
3.870000e-06	5.378205e-06	1.199670e-09	3.808649e+01	8.825238e+01
3.880000e-06	5.371759e-06	1.266489e-09	3.804084e+01	8.825868e+01
3.890000e-06	5.364482e-06	1.373954e-09	3.798931e+01	8.827141e+01
3.900000e-06	5.356711e-06	1.325579e-09	3.793427e+01	8.828993e+01
3.910000e-06	5.348755e-06	1.185787e-09	3.787794e+01	8.831352e+01
3.920000e-06	5.340515e-06	1.364963e-09	3.781958e+01	8.834142e+01
3.930000e-06	5.331785e-06	1.410446e-09	3.775776e+01	8.837280e+01
3.940000e-06	5.322820e-06	1.272060e-09	3.769428e+01	8.840680e+01
3.950000e-06	5.313606e-06	1.177422e-09	3.762902e+01	8.844252e+01
3.960000e-06	5.303923e-06	1.396813e-09	3.756045e+01	8.847904e+01
3.970000e-06	5.293864e-06	1.394353e-09	3.748922e+01	8.851542e+01
3.980000e-06	5.283549e-06	1.232502e-09	3.741617e+01	8.855071e+01
3.990000e-06	5.272841e-06	1.295805e-09	3.734034e+01	8.858394e+01
4.000000e-06	5.261614e-06	1.493358e-09	3.726084e+01	8.861418e+01
4.010000e-06	5.250019e-06	1.387166e-09	3.717872e+01	8.864049e+01
4.020000e-06	5.238149e-06	1.238207e-09	3.709466e+01	8.866197e+01
4.030000e-06	5.225872e-06	1.391748e-09	3.700772e+01	8.867774e+01
4.040000e-06	5.213136e-06	1.457731e-09	3.691753e+01	8.868696e+01
4.050000e-06	5.200081e-06	1.284673e-09	3.682508e+01	8.868886e+01
4.060000e-06	5.186339e-06	1.267858e-09	3.672777e+01	8.868270e+01
4.070000e-06	5.171654e-06	1.426419e-09	3.662377e+01	8.866780e+01
4.080000e-06	5.156443e-06	1.370357e-09	3.651605e+01	8.864356e+01
4.090000e-06	5.140960e-06	1.300574e-09	3.640641e+01	8.860945e+01
4.100000e-06	5.125070e-06	1.368111e-09	3.629388e+01	8.856500e+01
4.110000e-06	5.108912e-06	1.367096e-09	3.617945e+01	8.850983e+01
4.120000e-06	5.092623e-06	1.270918e-09	3.606410e+01	8.844364e+01
4.130000e-06	5.076028e-06	1.346154e-09	3.594659e+01	8.836621e+01
4.140000e-06	5.058974e-06	1.356340e-09	3.582581e+01	8.827740e+01
4.150000e-06	5.041553e-06	1.281789e-09	3.570245e+01	8.817717e+01
4.160000e-06	5.023851e-06	1.288233e-09	3.557709e+01	8.806554e+01
4.170000e-06	5.005831e-06	1.388763e-09	3.544947e+01	8.794262e+01
4.180000e-06	4.987451e-06	1.323427e-09	3.531931e+01	8.780861e+01
4.190000e-06	4.968744e-06	1.290877e-09	3.518684e+01	8.766377e+01
4.200000e-06	4.949617e-06	1.312253e-09	3.505138e+01	8.750844e+01
4.210000e-06	4.930120e-06	1.315693e-09	3.491331e+01	8.734302e+01
4.220000e-06	4.910334e-06	1.288168e-09	3.477320e+01	8.716797e+01
4.230000e-06	4.890319e-06	1.302648e-09	3.463146e+01	8.698383e+01
4.240000e-06	4.870179e-06	1.277065e-09	3.448883e+01	8.679115e+01
4.250000e-06	4.849842e-06	1.288751e-09	3.434482e+01	8.659055e+01
4.260000e-06	4.829185e-06	1.315889e-09	3.419853e+01	8.638269e+01
4.270000e-06	4.808119e-06	1.292381e-09	3.404935e+01	8.616823e+01
4.280000e-06	4.786447e-06	1.267307e-09	3.389588e+01	8.594789e+01
4.290000e-06	4.764086e-06	1.291857e-09	3.373752e+01	8.572236e+01
4.300000e-06	4.741174e-06	1.286087e-09	3.357527e+01	8.549237e+01
4.310000e-06	4.717847e-06	1.264039e-09	3.341007e+01	8.525864e+01
4.320000e-06	4.694168e-06	1.261308e-09	3.324239e+01	8.502187e+01
4.330000e-06	4.670204e-06	1.244766e-09	3.307269e+01	8.478275e+01
4.340000e-06	4.646030e-06	1.248055e-09	3.290149e+01	8.454196e+01
4.350000e-06	4.621657e-06	1.258747e-09	3.272889e+01	8.430013e+01
4.360000e-06	4.597055e-06	1.236088e-09	3.255467e+01	8.405787e+01
4.370000e-06	4.572170e-06	1.218340e-09	3.237844e+01	8.381576e+01
4.380000e-06	4.547008e-06	1.250323e-09	3.220025e+01	8.357429e+01
4.390000e-06	4.521428e-06	1.248432e-09	3.201911e+01	8.333396e+01
4.400000e-06	4.495432e-06	1.231194e-09	3.183501e+01	8.309518e+01
4.410000e-06	4.469193e-06	1.219385e-09	3.164920e+01	8.285830e+01
4.420000e-06	4.442793e-06	1.225349e-09	3.146225e+01	8.262365e+01
4.430000e-06	4.416106e-06	1.222263e-09	3.127326e+01	8.239146e+01
4.440000e-06	4.388976e-06	1.224002e-09	3.108113e+01	8.216191e+01
4.450000e-06	4.361413e-06	1.206084e-09	3.088594e+01	8.193515e+01
4.460000e-06	4.333569e-06	1.213106e-09	3.068876e+01	8.171123e+01
4.470000e-06	4.305569e-06	1.219637e-09	3.049047e+01	8.149016e+01
4.480000e-06	4.277468e-06	1.215203e-09	3.029147e+01	8.127191e+01
4.490000e-06	4.249223e-06	1.198953e-09	3.009145e+01	8.105636e+01
4.500000e-06	4.220780e-06	1.206036e-09	2.989003e+01	8.084338e+01
4.510000e-06	4.192103e-06	1.203430e-09	2.968694e+01	8.063276e+01
4.520000e-06	4.162950e-06	1.201925e-09	2.948050e+01	8.042428e+01
4.530000e-06	4.133171e-06	1.193230e-09	2.926962e+01	8.021765e+01
4.540000e-06	4.102750e-06	1.193194e-09	2.905419e+01	8.001258e+01
4.550000e-06	4.071797e-06	1.197569e-09	2.883498e+01	7.980873e+01
4.560000e-06	4.040454e-06	1.203372e-09	2.861302e+01	7.960574e+01
4.570000e-06	4.008774e-06	1.196642e-09	2.838868e+01	7.940326e+01
4.580000e-06	3.977012e-06	1.190948e-09	2.816375e+01	7.920088e+01
4.590000e-06	3.945161e-06	1.191124e-09	2.793819e+01	7.899824e+01
4.600000e-06	3.913077e-06	1.193635e-09	2.771099e+01	7.879495e+01
4.610000e-06	3.880797e-06	1.187075e-09	2.748239e+01	7.859064e+01
4.620000e-06	3.848370e-06	1.172718e-09	2.725276e+01	7.838492e+01
4.630000e-06	3.815619e-06	1.168853e-09	2.702082e+01	7.817746e+01
4.640000e-06	3.782558e-06	1.172150e-09	2.678670e+01	7.796793e+01
4.650000e-06	3.749265e-06	1.171140e-09	2.655093e+01	7.775603e+01
4.660000e-06	3.715659e-06	1.162860e-09	2.631295e+01	7.754147e+01
4.670000e-06	3.681796e-06	1.162634e-09	2.607314e+01	7.732402e+01
4.680000e-06	3.647718e-06	1.162961e-09	2.583181e+01	7.710346e+01
4.690000e-06	3.613478e-06	1.161341e-09	2.558933e+01	7.687963e+01
4.700000e-06	3.578963e-06	1.147756e-09	2.534491e+01	7.665238e+01
4.710000e-06	3.544051e-06	1.141834e-09	2.509768e+01	7.642164e+01
4.720000e-06	3.508883e-06	1.140171e-09	2.484863e+01	7.618733e+01
4.730000e-06	3.473567e-06	1.143336e-09	2.459853e+01	7.594944e+01
4.740000e-06	3.437979e-06	1.138460e-09	2.434652e+01	7.570800e+01
4.750000e-06	3.402201e-06	1.136685e-09	2.409315e+01	7.546305e+01
4.760000e-06	3.366320e-06	1.132045e-09	2.383906e+01	7.521470e+01
4.770000e-06	3.330297e-06	1.129525e-09	2.358395e+01	7.496307e+01
4.780000e-06	3.294157e-06	1.120590e-09	2.332802e+01	7.470832e+01
4.790000e-06	3.257876e-06	1.113617e-09	2.307109e+01	7.445062e+01
4.800000e-06	3.221405e-06	1.109989e-09	2.281281e+01	7.419017e+01
4.810000e-06	3.184706e-06	1.113794e-09	2.255293e+01	7.392721e+01
4.820000e-06	3.147734e-06	1.111213e-09	2.229111e+01	7.366196e+01
4.830000e-06	3.110407e-06	1.104796e-09	2.202677e+01	7.339468e+01
4.840000e-06	3.072611e-06	1.095707e-09	2.175911e+01	7.312560e+01
4.850000e-06	3.034299e-06	1.091921e-09	2.148780e+01	7.285499e+01
4.860000e-06	2.995586e-06	1.087235e-09	2.121365e+01	7.258309e+01
4.870000e-06	2.956599e-06	1.080366e-09	2.093756e+01	7.231013e+01
4.880000e-06	2.917310e-06	1.074084e-09	2.065933e+01	7.203635e+01
4.890000e-06	2.877779e-06	1.072173e-09	2.037938e+01	7.176193e+01
4.900000e-06	2.838060e-06	1.070499e-09	2.009811e+01	7.148708e+01
4.910000e-06	2.798151e-06	1.066353e-09	1.981549e+01	7.121194e+01
4.920000e-06	2.758110e-06	1.061037e-09	1.953193e+01	7.093664e+01
4.930000e-06	2.717983e-06	1.055148e-09	1.924777e+01	7.066128e+01
4.940000e-06	2.677796e-06	1.051846e-09	1.896317e+01	7.038592e+01
4.950000e-06	2.637550e-06	1.049508e-09	1.867817e+01	7.011057e+01
4.960000e-06	2.597071e-06	1.048432e-09	1.839151e+01	6.983523e+01
4.970000e-06	2.556426e-06	1.044560e-09	1.810368e+01	6.955983e+01
4.980000e-06	2.515691e-06	1.040307e-09	1.781521e+01	6.928427e+01
4.990000e-06	2.474748e-06	1.034522e-09	1.752526e+01	6.900842e+01
5.000000e-06	2.433647e-06	1.029366e-09	1.723420e+01	6.873209e+01
5.010000e-06	2.392423e-06	1.021762e-09	1.694227e+01	6.845506e+01
5.020000e-06	2.350956e-06	1.014306e-09	1.664861e+01	6.817707e+01
5.030000e-06	2.309268e-06	1.010081e-09	1.635339e+01	6.789782e+01
5.040000e-06	2.267454e-06	1.013494e-09	1.605728e+01	6.761699e+01
5.050000e-06	2.225443e-06	1.011973e-09	1.575978e+01	6.733419e+01
5.060000e-06	2.183286e-06	1.007484e-09	1.546124e+01	6.704905e+01
5.070000e-06	2.141090e-06	1.000249e-09	1.516242e+01	6.676115e+01
5.080000e-06	2.098795e-06	9.932126e-10	1.486290e+01	6.647003e+01
5.090000e-06	2.056284e-06	9.843111e-10	1.456185e+01	6.617525e+01
5.100000e-06	2.013650e-06	9.769799e-10	1.425994e+01	6.587633e+01
5.110000e-06	1.970865e-06	9.744092e-10	1.395695e+01	6.557279e+01
5.120000e-06	1.927836e-06	9.771625e-10	1.365223e+01	6.526414e+01
5.130000e-06	1.884658e-06	9.813699e-10	1.334646e+01	6.494989e+01
5.140000e-06	1.841434e-06	9.818223e-10	1.304036e+01	6.462956e+01
5.150000e-06	1.798041e-06	9.751636e-10	1.273307e+01	6.430267e+01
5.160000e-06	1.754477e-06	9.664899e-10	1.242457e+01	6.396874e+01
5.170000e-06	1.710849e-06	9.562544e-10	1.211561e+01	6.362733e+01
5.180000e-06	1.667057e-06	9.443072e-10	1.180549e+01	6.327799e+01
5.190000e-06	1.623111e-06	9.354862e-10	1.149428e+01	6.292032e+01
5.200000e-06	1.579143e-06	9.313695e-10	1.118292e+01	6.255390e+01
5.210000e-06	1.535178e-06	9.329856e-10	1.087157e+01	6.217837e+01
5.220000e-06	1.491119e-06	9.361947e-10	1.055957e+01	6.179339e+01
5.230000e-06	1.446962e-06	9.337218e-10	1.024686e+01	6.139863e+01
5.240000e-06	1.402782e-06	9.302563e-10	9.933992e+00	6.099380e+01
5.250000e-06	1.358637e-06	9.248686e-10	9.621369e+00	6.057864e+01
5.260000e-06	1.314501e-06	9.165195e-10	9.308820e+00	6.015291e+01
5.270000e-06	1.270228e-06	9.037795e-10	8.995293e+00	5.971639e+01
5.280000e-06	1.225808e-06	8.945923e-10	8.680723e+00	5.926889e+01
5.290000e-06	1.181362e-06	8.918413e-10	8.365975e+00	5.881023e+01
5.300000e-06	1.136939e-06	8.894002e-10	8.051387e+00	5.834028e+01
5.310000e-06	1.092452e-06	8.853510e-10	7.736347e+00	5.785888e+01
5.320000e-06	1.047862e-06	8.792953e-10	7.420575e+00	5.736591e+01
5.330000e-06	1.003203e-06	8.725600e-10	7.104321e+00	5.686125e+01
5.340000e-06	9.584113e-07	8.645778e-10	6.787120e+00	5.634479e+01
5.350000e-06	9.135248e-07	8.548856e-10	6.469250e+00	5.581641e+01
5.360000e-06	8.686465e-07	8.431954e-10	6.151438e+00	5.527598e+01
5.370000e-06	8.237862e-07	8.323638e-10	5.833754e+00	5.472337e+01
5.380000e-06	7.788227e-07	8.245418e-10	5.515338e+00	5.415843e+01
5.390000e-06	7.337017e-07	8.190259e-10	5.195808e+00	5.358099e+01
5.400000e-06	6.884875e-07	8.122989e-10	4.875618e+00	5.299085e+01
5.410000e-06	6.432102e-07	8.068074e-10	4.554981e+00	5.238779e+01
5.420000e-06	5.978888e-07	7.991820e-10	4.234031e+00	5.177154e+01
5.430000e-06	5.525523e-07	7.883798e-10	3.912974e+00	5.114182e+01
5.440000e-06	5.072503e-07	7.761549e-10	3.592162e+00	5.049828e+01
5.450000e-06	4.618402e-07	7.642432e-10	3.270584e+00	4.984054e+01
5.460000e-06	4.163181e-07	7.527202e-10	2.948213e+00	4.916816e+01
5.470000e-06	3.708747e-07	7.433833e-10	2.626399e+00	4.848068e+01
5.480000e-06	3.253867e-07	7.346891e-10	2.304270e+00	4.777756e+01
5.490000e-06	2.798304e-07	7.264068e-10	1.981657e+00	4.705822e+01
5.500000e-06	2.343353e-07	7.155325e-10	1.659477e+00	4.632203e+01
5.510000e-06	1.888084e-07	7.030526e-10	1.337073e+00	4.556832e+01
5.520000e-06	1.431257e-07	6.891632e-10	1.013564e+00	4.479635e+01
5.530000e-06	9.749554e-08	6.761440e-10	6.904279e-01	4.400535e+01
5.540000e-06	5.201184e-08	6.635816e-10	3.683289e-01	4.319450e+01
5.550000e-06	6.478849e-09	6.509516e-10	4.588085e-02	4.236295e+01
5.560000e-06	-3.911643e-08	6.388842e-10	-2.770083e-01	4.150981e+01
5.570000e-06	-8.471776e-08	6.268177e-10	-5.999404e-01	4.063416e+01
5.580000e-06	-1.302993e-07	6.127177e-10	-9.227321e-01	3.973506e+01
5.590000e-06	-1.758881e-07	5.968633e-10	-1.245576e+00	3.881155e+01
5.600000e-06	-2.214377e-07	5.796141e-10	-1.568141e+00	3.786267e+01
5.610000e-06	-2.669269e-07	5.625974e-10	-1.890279e+00	3.688745e+01
5.620000e-06	-3.123662e-07	5.481528e-10	-2.212064e+00	3.588494e+01
5.630000e-06	-3.577967e-07	5.346446e-10	-2.533786e+00	3.485420e+01
5.640000e-06	-4.032725e-07	5.187617e-10	-2.855829e+00	3.379430e+01
5.650000e-06	-4.487059e-07	5.009834e-10	-3.177572e+00	3.270438e+01
5.660000e-06	-4.940424e-07	4.845851e-10	-3.498629e+00	3.158360e+01
5.670000e-06	-5.393078e-07	4.702164e-10	-3.819182e+00	3.043118e+01
5.680000e-06	-5.845092e-07	4.545513e-10	-4.139281e+00	2.924641e+01
5.690000e-06	-6.296369e-07	4.345793e-10	-4.458859e+00	2.802864e+01
5.700000e-06	-6.747120e-07	4.115727e-10	-4.778065e+00	2.677731e+01
5.710000e-06	-7.197480e-07	3.875730e-10	-5.096993e+00	2.549195e+01
5.720000e-06	-7.647287e-07	3.679139e-10	-5.415530e+00	2.417221e+01
5.730000e-06	-8.097108e-07	3.519740e-10	-5.734077e+00	2.281781e+01
5.740000e-06	-8.545961e-07	3.370162e-10	-6.051939e+00	2.142862e+01
5.750000e-06	-8.993310e-07	3.213401e-10	-6.368735e+00	2.000460e+01
5.760000e-06	-9.440483e-07	3.022391e-10	-6.685406e+00	1.854588e+01
5.770000e-06	-9.886574e-07	2.767484e-10	-7.001312e+00	1.705267e+01
5.780000e-06	-1.033118e-06	2.483115e-10	-7.316162e+00	1.552536e+01
5.790000e-06	-1.077561e-06	2.194082e-10	-7.630895e+00	1.396445e+01
5.800000e-06	-1.121991e-06	1.912796e-10	-7.945533e+00	1.237062e+01
5.810000e-06	-1.166341e-06	1.655934e-10	-8.259604e+00	1.074464e+01
5.820000e-06	-1.210645e-06	1.468804e-10	-8.573345e+00	9.087477e+00
5.830000e-06	-1.254876e-06	1.327981e-10	-8.886577e+00	7.400202e+00
5.840000e-06	-1.299004e-06	1.149510e-10	-9.199075e+00	5.684043e+00
5.850000e-06	-1.343083e-06	8.908951e-11	-9.511228e+00	3.940362e+00
5.860000e-06	-1.387155e-06	5.947811e-11	-9.823329e+00	2.170654e+00
5.870000e-06	-1.431200e-06	2.900576e-11	-1.013523e+01	3.765410e-01
5.880000e-06	-1.475211e-06	-2.202313e-12	-1.044691e+01	-1.440233e+00
5.890000e-06	-1.519182e-06	-3.329468e-11	-1.075830e+01	-3.277809e+00
5.900000e-06	-1.563114e-06	-6.004444e-11	-1.106940e+01	-5.134225e+00
5.910000e-06	-1.606993e-06	-7.969290e-11	-1.138014e+01	-7.007419e+00
5.920000e-06	-1.650767e-06	-9.878600e-11	-1.169013e+01	-8.895242e+00
5.930000e-06	-1.694467e-06	-1.239681e-10	-1.199960e+01	-1.079547e+01
5.940000e-06	-1.738034e-06	-1.542757e-10	-1.230812e+01	-1.270581e+01
5.950000e-06	-1.781420e-06	-1.857653e-10	-1.261537e+01	-1.462392e+01
5.960000e-06	-1.824684e-06	-2.162999e-10	-1.292174e+01	-1.654741e+01
5.970000e-06	-1.867801e-06	-2.457805e-10	-1.322709e+01	-1.847386e+01
5.980000e-06	-1.910738e-06	-2.770032e-10	-1.353115e+01	-2.040083e+01
5.990000e-06	-1.953526e-06	-3.075817e-10	-1.383416e+01	-2.232588e+01
6.000000e-06	-1.996217e-06	-3.351269e-10	-1.413648e+01	-2.424657e+01
6.010000e-06	-2.038793e-06	-3.635442e-10	-1.443799e+01	-2.616050e+01
6.020000e-06	-2.081235e-06	-3.946878e-10	-1.473855e+01	-2.806526e+01
6.030000e-06	-2.123560e-06	-4.259273e-10	-1.503828e+01	-2.995853e+01
6.040000e-06	-2.165708e-06	-4.561514e-10	-1.533676e+01	-3.183800e+01
6.050000e-06	-2.207684e-06	-4.851625e-10	-1.563401e+01	-3.370147e+01
6.060000e-06	-2.249503e-06	-5.143614e-10	-1.593016e+01	-3.554678e+01
6.070000e-06	-2.291139e-06	-5.445800e-10	-1.622502e+01	-3.737186e+01
6.080000e-06	-2.332716e-06	-5.725575e-10	-1.651945e+01	-3.917476e+01
6.090000e-06	-2.374152e-06	-5.952650e-10	-1.681288e+01	-4.095360e+01
6.100000e-06	-2.415301e-06	-6.196734e-10	-1.710428e+01	-4.270663e+01
6.110000e-06	-2.456234e-06	-6.494630e-10	-1.739415e+01	-4.443221e+01
6.120000e-06	-2.496975e-06	-6.798548e-10	-1.768267e+01	-4.612880e+01
6.130000e-06	-2.537578e-06	-7.063594e-10	-1.797021e+01	-4.779503e+01
6.140000e-06	-2.578045e-06	-7.307221e-10	-1.825677e+01	-4.942961e+01
6.150000e-06	-2.618351e-06	-7.559378e-10	-1.854221e+01	-5.103140e+01
6.160000e-06	-2.658588e-06	-7.797487e-10	-1.882715e+01	-5.259941e+01
6.170000e-06	-2.698764e-06	-7.983090e-10	-1.911167e+01	-5.413274e+01
6.180000e-06	-2.738842e-06	-8.149304e-10	-1.939548e+01	-5.563067e+01
6.190000e-06	-2.778830e-06	-8.347205e-10	-1.967866e+01	-5.709256e+01
6.200000e-06	-2.818697e-06	-8.585331e-10	-1.996099e+01	-5.851793e+01
6.210000e-06	-2.858428e-06	-8.812844e-10	-2.024234e+01	-5.990642e+01
6.220000e-06	-2.897941e-06	-9.004039e-10	-2.052216e+01	-6.125777e+01
6.230000e-06	-2.937251e-06	-9.214334e-10	-2.080054e+01	-6.257185e+01
6.240000e-06	-2.976266e-06	-9.445422e-10	-2.107683e+01	-6.384864e+01
6.250000e-06	-3.014816e-06	-9.654166e-10	-2.134983e+01	-6.508821e+01
6.260000e-06	-3.052945e-06	-9.815069e-10	-2.161984e+01	-6.629073e+01
6.270000e-06	-3.090677e-06	-9.974662e-10	-2.188705e+01	-6.745647e+01
6.280000e-06	-3.127967e-06	-1.016831e-09	-2.215112e+01	-6.858576e+01
6.290000e-06	-3.164854e-06	-1.037140e-09	-2.241234e+01	-6.967903e+01
6.300000e-06	-3.201474e-06	-1.056154e-09	-2.267167e+01	-7.073675e+01
6.310000e-06	-3.237869e-06	-1.074190e-09	-2.292941e+01	-7.175946e+01
6.320000e-06	-3.274099e-06	-1.092804e-09	-2.318598e+01	-7.274775e+01
6.330000e-06	-3.310226e-06	-1.107984e-09	-2.344181e+01	-7.370224e+01
6.340000e-06	-3.346279e-06	-1.118924e-09	-2.369713e+01	-7.462362e+01
6.350000e-06	-3.382179e-06	-1.129935e-09	-2.395136e+01	-7.551255e+01
6.360000e-06	-3.417874e-06	-1.143732e-09	-2.420414e+01	-7.636977e+01
6.370000e-06	-3.453442e-06	-1.158185e-09	-2.445602e+01	-7.719600e+01
6.380000e-06	-3.488872e-06	-1.170057e-09	-2.470692e+01	-7.799196e+01
6.390000e-06	-3.523926e-06	-1.179730e-09	-2.495516e+01	-7.875839e+01
6.400000e-06	-3.558581e-06	-1.190685e-09	-2.520057e+01	-7.949604e+01
6.410000e-06	-3.593032e-06	-1.202837e-09	-2.544454e+01	-8.020561e+01
6.420000e-06	-3.627272e-06	-1.210749e-09	-2.568702e+01	-8.088783e+01
6.430000e-06	-3.661342e-06	-1.218911e-09	-2.592829e+01	-8.154339e+01
6.440000e-06	-3.695190e-06	-1.231772e-09	-2.616799e+01	-8.217297e+01
6.450000e-06	-3.728646e-06	-1.244067e-09	-2.640492e+01	-8.277724e+01
6.460000e-06	-3.761810e-06	-1.252426e-09	-2.663977e+01	-8.335682e+01
6.470000e-06	-3.794778e-06	-1.259520e-09	-2.687324e+01	-8.391233e+01
6.480000e-06	-3.827391e-06	-1.267306e-09	-2.710419e+01	-8.444438e+01
6.490000e-06	-3.859688e-06	-1.275784e-09	-2.733291e+01	-8.495352e+01
6.500000e-06	-3.891862e-06	-1.280785e-09	-2.756075e+01	-8.544031e+01
6.510000e-06	-3.923955e-06	-1.283932e-09	-2.778802e+01	-8.590528e+01
6.520000e-06	-3.955888e-06	-1.291807e-09	-2.801416e+01	-8.634894e+01
6.530000e-06	-3.987586e-06	-1.304763e-09	-2.823863e+01	-8.677178e+01
6.540000e-06	-4.018998e-06	-1.314489e-09	-2.846108e+01	-8.717428e+01
6.550000e-06	-4.050066e-06	-1.319447e-09	-2.868109e+01	-8.755691e+01
6.560000e-06	-4.080692e-06	-1.323893e-09	-2.889797e+01	-8.792012e+01
6.570000e-06	-4.110853e-06	-1.327170e-09	-2.911156e+01	-8.826437e+01
6.580000e-06	-4.140493e-06	-1.326087e-09	-2.932146e+01	-8.859011e+01
6.590000e-06	-4.169574e-06	-1.323081e-09	-2.952740e+01	-8.889779e+01
6.600000e-06	-4.198282e-06	-1.324439e-09	-2.973070e+01	-8.918785e+01
6.610000e-06	-4.226685e-06	-1.333495e-09	-2.993185e+01	-8.946075e+01
6.620000e-06	-4.254864e-06	-1.345684e-09	-3.013140e+01	-8.971697e+01
6.630000e-06	-4.282954e-06	-1.355720e-09	-3.033032e+01	-8.995696e+01
6.640000e-06	-4.310887e-06	-1.363209e-09	-3.052813e+01	-9.018122e+01
6.650000e-06	-4.338551e-06	-1.366301e-09	-3.072404e+01	-9.039024e+01
6.660000e-06	-4.365915e-06	-1.363799e-09	-3.091782e+01	-9.058455e+01
6.670000e-06	-4.392930e-06	-1.357559e-09	-3.110913e+01	-9.076467e+01
6.680000e-06	-4.419503e-06	-1.355596e-09	-3.129731e+01	-9.093115e+01
6.690000e-06	-4.445791e-06	-1.360786e-09	-3.148348e+01	-9.108455e+01
6.700000e-06	-4.471887e-06	-1.369068e-09	-3.166828e+01	-9.122546e+01
6.710000e-06	-4.497758e-06	-1.375450e-09	-3.185149e+01	-9.135446e+01
6.720000e-06	-4.523388e-06	-1.381869e-09	-3.203299e+01	-9.147216e+01
6.730000e-06	-4.548599e-06	-1.387309e-09	-3.221152e+01	-9.157920e+01
6.740000e-06	-4.573366e-06	-1.386270e-09	-3.238691e+01	-9.167619e+01
6.750000e-06	-4.597795e-06	-1.379469e-09	-3.255991e+01	-9.176377e+01
6.760000e-06	-4.622032e-06	-1.374687e-09	-3.273155e+01	-9.184259e+01
6.770000e-06	-4.646187e-06	-1.376747e-09	-3.290260e+01	-9.191330e+01
6.780000e-06	-4.670160e-06	-1.383945e-09	-3.307237e+01	-9.197652e+01
6.790000e-06	-4.693887e-06	-1.392664e-09	-3.324040e+01	-9.203290e+01
6.800000e-06	-4.717201e-06	-1.399674e-09	-3.340550e+01	-9.208305e+01
6.810000e-06	-4.740029e-06	-1.402228e-09	-3.356716e+01	-9.212760e+01
6.820000e-06	-4.762359e-06	-1.400489e-09	-3.372529e+01	-9.216712e+01
6.830000e-06	-4.784054e-06	-1.397614e-09	-3.387893e+01	-9.220219e+01
6.840000e-06	-4.805161e-06	-1.397683e-09	-3.402840e+01	-9.223334e+01
6.850000e-06	-4.825838e-06	-1.401557e-09	-3.417483e+01	-9.226109e+01
6.860000e-06	-4.846232e-06	-1.406712e-09	-3.431925e+01	-9.228591e+01
6.870000e-06	-4.866400e-06	-1.410365e-09	-3.446207e+01	-9.230823e+01
6.880000e-06	-4.886378e-06	-1.413240e-09	-3.460355e+01	-9.232845e+01
6.890000e-06	-4.906140e-06	-1.414852e-09	-3.474350e+01	-9.234692e+01
6.900000e-06	-4.925596e-06	-1.413326e-09	-3.488128e+01	-9.236394e+01
6.910000e-06	-4.944676e-06	-1.410423e-09	-3.501639e+01	-9.237976e+01
6.920000e-06	-4.963417e-06	-1.409849e-09	-3.514911e+01	-9.239458e+01
6.930000e-06	-4.981824e-06	-1.414545e-09	-3.527946e+01	-9.240854e+01
6.940000e-06	-4.999923e-06	-1.420125e-09	-3.540763e+01	-9.242175e+01
6.950000e-06	-5.017666e-06	-1.421781e-09	-3.553329e+01	-9.243424e+01
6.960000e-06	-5.035012e-06	-1.420908e-09	-3.565612e+01	-9.244600e+01
6.970000e-06	-5.051893e-06	-1.419955e-09	-3.577566e+01	-9.245697e+01
6.980000e-06	-5.068427e-06	-1.417666e-09	-3.589275e+01	-9.246705e+01
6.990000e-06	-5.084791e-06	-1.413235e-09	-3.600864e+01	-9.247606e+01
7.000000e-06	-5.100964e-06	-1.410849e-09	-3.612317e+01	-9.248381e+01
7.010000e-06	-5.116936e-06	-1.414520e-09	-3.623628e+01	-9.249006e+01
7.020000e-06	-5.132630e-06	-1.419516e-09	-3.634741e+01	-9.249452e+01
7.030000e-06	-5.147882e-06	-1.420659e-09	-3.645542e+01	-9.249689e+01
7.040000e-06	-5.162430e-06	-1.418351e-09	-3.655845e+01	-9.249682e+01
7.050000e-06	-5.176337e-06	-1.414228e-09	-3.665693e+01	-9.249396e+01
7.060000e-06	-5.189729e-06	-1.409778e-09	-3.675177e+01	-9.248792e+01
7.070000e-06	-5.202593e-06	-1.405212e-09	-3.684287e+01	-9.247833e+01
7.080000e-06	-5.215001e-06	-1.401289e-09	-3.693074e+01	-9.246478e+01
7.090000e-06	-5.227108e-06	-1.401168e-09	-3.701647e+01	-9.244690e+01
7.100000e-06	-5.238990e-06	-1.405886e-09	-3.710062e+01	-9.242429e+01
7.110000e-06	-5.250410e-06	-1.410931e-09	-3.718149e+01	-9.239660e+01
7.120000e-06	-5.261377e-06	-1.410938e-09	-3.725915e+01	-9.236348e+01
7.130000e-06	-5.271999e-06	-1.408016e-09	-3.733438e+01	-9.232460e+01
7.140000e-06	-5.282248e-06	-1.403904e-09	-3.740696e+01	-9.227970e+01
7.150000e-06	-5.292238e-06	-1.398939e-09	-3.747770e+01	-9.222850e+01
7.160000e-06	-5.301882e-06	-1.393461e-09	-3.754600e+01	-9.217083e+01
7.170000e-06	-5.311091e-06	-1.389271e-09	-3.761122e+01	-9.210651e+01
7.180000e-06	-5.319876e-06	-1.388431e-09	-3.767342e+01	-9.203544e+01
7.190000e-06	-5.328299e-06	-1.390300e-09	-3.773307e+01	-9.195758e+01
7.200000e-06	-5.336533e-06	-1.390584e-09	-3.779138e+01	-9.187293e+01
7.210000e-06	-5.344591e-06	-1.387957e-09	-3.784845e+01	-9.178156e+01
7.220000e-06	-5.352335e-06	-1.386900e-09	-3.790329e+01	-9.168361e+01
7.230000e-06	-5.359645e-06	-1.386016e-09	-3.795505e+01	-9.157928e+01
7.240000e-06	-5.366342e-06	-1.380801e-09	-3.800248e+01	-9.146881e+01
7.250000e-06	-5.372438e-06	-1.375140e-09	-3.804565e+01	-9.135255e+01
7.260000e-06	-5.378040e-06	-1.374304e-09	-3.808532e+01	-9.123086e+01
7.270000e-06	-5.383127e-06	-1.376945e-09	-3.812135e+01	-9.110420e+01
7.280000e-06	-5.387746e-06	-1.378534e-09	-3.815406e+01	-9.097305e+01
7.290000e-06	-5.392037e-06	-1.375615e-09	-3.818444e+01	-9.083798e+01
7.300000e-06	-5.396125e-06	-1.370916e-09	-3.821339e+01	-9.069959e+01
7.310000e-06	-5.399996e-06	-1.367624e-09	-3.824080e+01	-9.055851e+01
7.320000e-06	-5.403539e-06	-1.365677e-09	-3.826589e+01	-9.041544e+01
7.330000e-06	-5.406655e-06	-1.362117e-09	-3.828796e+01	-9.027108e+01
7.340000e-06	-5.409388e-06	-1.358556e-09	-3.830732e+01	-9.012617e+01
7.350000e-06	-5.411778e-06	-1.359815e-09	-3.832424e+01	-8.998148e+01
7.360000e-06	-5.413835e-06	-1.362839e-09	-3.833881e+01	-8.983777e+01
7.370000e-06	-5.415666e-06	-1.361046e-09	-3.835178e+01	-8.969581e+01
7.380000e-06	-5.417080e-06	-1.356920e-09	-3.836179e+01	-8.955638e+01
7.390000e-06	-5.418012e-06	-1.354598e-09	-3.836839e+01	-8.942024e+01
7.400000e-06	-5.418634e-06	-1.353903e-09	-3.837280e+01	-8.928811e+01
