# Temperatura_=_19.68
# Concentracion g/m^3_=_4090.0
# C_Vs_to_Am_M_A/Vsm_=_65563218390.804596
# pendiente_HvsI_1/m_=_3716.3
# ordenada_HvsI_A/m_=_1297.0
# frecuencia_Hz_=_135084.10351456498

Tiempo_(s)	Campo_(V.s)	Magnetizacion_(V.s)	Campo_(kA/m)	Magnetizacion_(A/m)
0.000000e+00	-5.395972e-06	-1.302207e-09	-3.839254e+01	-8.435013e+01
1.000000e-08	-5.395983e-06	-1.300346e-09	-3.839262e+01	-8.420258e+01
2.000000e-08	-5.395782e-06	-1.300027e-09	-3.839119e+01	-8.405891e+01
3.000000e-08	-5.395373e-06	-1.300198e-09	-3.838828e+01	-8.391973e+01
4.000000e-08	-5.394679e-06	-1.301639e-09	-3.838334e+01	-8.378562e+01
5.000000e-08	-5.393519e-06	-1.301624e-09	-3.837508e+01	-8.365712e+01
6.000000e-08	-5.391757e-06	-1.304453e-09	-3.836255e+01	-8.353471e+01
7.000000e-08	-5.389289e-06	-1.325314e-09	-3.834499e+01	-8.341882e+01
8.000000e-08	-5.386146e-06	-1.326095e-09	-3.832262e+01	-8.330983e+01
9.000000e-08	-5.382404e-06	-1.258522e-09	-3.829600e+01	-8.320804e+01
1.000000e-07	-5.378288e-06	-1.215036e-09	-3.826672e+01	-8.311371e+01
1.100000e-07	-5.374042e-06	-1.314806e-09	-3.823651e+01	-8.302700e+01
1.200000e-07	-5.369634e-06	-1.359319e-09	-3.820514e+01	-8.294803e+01
1.300000e-07	-5.364881e-06	-1.261044e-09	-3.817132e+01	-8.287683e+01
1.400000e-07	-5.359688e-06	-1.202193e-09	-3.813438e+01	-8.281334e+01
1.500000e-07	-5.354188e-06	-1.338723e-09	-3.809525e+01	-8.275745e+01
1.600000e-07	-5.348345e-06	-1.413123e-09	-3.805367e+01	-8.270896e+01
1.700000e-07	-5.342023e-06	-1.226139e-09	-3.800869e+01	-8.266761e+01
1.800000e-07	-5.335228e-06	-1.124032e-09	-3.796034e+01	-8.263305e+01
1.900000e-07	-5.328089e-06	-1.269114e-09	-3.790955e+01	-8.260487e+01
2.000000e-07	-5.320620e-06	-1.354201e-09	-3.785641e+01	-8.258260e+01
2.100000e-07	-5.312917e-06	-1.209878e-09	-3.780160e+01	-8.256569e+01
2.200000e-07	-5.305086e-06	-1.183610e-09	-3.774588e+01	-8.255355e+01
2.300000e-07	-5.296987e-06	-1.326821e-09	-3.768825e+01	-8.254553e+01
2.400000e-07	-5.288519e-06	-1.329764e-09	-3.762801e+01	-8.254092e+01
2.500000e-07	-5.279552e-06	-1.208097e-09	-3.756421e+01	-8.253899e+01
2.600000e-07	-5.270039e-06	-1.262112e-09	-3.749652e+01	-8.253896e+01
2.700000e-07	-5.259976e-06	-1.361075e-09	-3.742492e+01	-8.254003e+01
2.800000e-07	-5.249119e-06	-1.268564e-09	-3.734767e+01	-8.254137e+01
2.900000e-07	-5.237679e-06	-1.200291e-09	-3.726628e+01	-8.254215e+01
3.000000e-07	-5.225974e-06	-1.311652e-09	-3.718300e+01	-8.254153e+01
3.100000e-07	-5.213873e-06	-1.330307e-09	-3.709690e+01	-8.253866e+01
3.200000e-07	-5.201473e-06	-1.220709e-09	-3.700867e+01	-8.253271e+01
3.300000e-07	-5.188768e-06	-1.249155e-09	-3.691828e+01	-8.252286e+01
3.400000e-07	-5.175618e-06	-1.345562e-09	-3.682471e+01	-8.250832e+01
3.500000e-07	-5.162029e-06	-1.301440e-09	-3.672803e+01	-8.248832e+01
3.600000e-07	-5.148065e-06	-1.260193e-09	-3.662867e+01	-8.246214e+01
3.700000e-07	-5.133807e-06	-1.303412e-09	-3.652723e+01	-8.242909e+01
3.800000e-07	-5.119077e-06	-1.274401e-09	-3.642242e+01	-8.238855e+01
3.900000e-07	-5.103669e-06	-1.224380e-09	-3.631279e+01	-8.233992e+01
4.000000e-07	-5.087658e-06	-1.271651e-09	-3.619887e+01	-8.228269e+01
4.100000e-07	-5.071165e-06	-1.291924e-09	-3.608153e+01	-8.221640e+01
4.200000e-07	-5.054301e-06	-1.235552e-09	-3.596154e+01	-8.214067e+01
4.300000e-07	-5.037127e-06	-1.266695e-09	-3.583935e+01	-8.205516e+01
4.400000e-07	-5.019626e-06	-1.322487e-09	-3.571483e+01	-8.195963e+01
4.500000e-07	-5.001766e-06	-1.276010e-09	-3.558775e+01	-8.185391e+01
4.600000e-07	-4.983624e-06	-1.221301e-09	-3.545867e+01	-8.173788e+01
4.700000e-07	-4.965244e-06	-1.246853e-09	-3.532789e+01	-8.161153e+01
4.800000e-07	-4.946454e-06	-1.251537e-09	-3.519420e+01	-8.147489e+01
4.900000e-07	-4.927210e-06	-1.229544e-09	-3.505728e+01	-8.132809e+01
5.000000e-07	-4.907665e-06	-1.225984e-09	-3.491821e+01	-8.117130e+01
5.100000e-07	-4.887828e-06	-1.231405e-09	-3.477707e+01	-8.100478e+01
5.200000e-07	-4.867737e-06	-1.241108e-09	-3.463413e+01	-8.082884e+01
5.300000e-07	-4.847474e-06	-1.257815e-09	-3.448995e+01	-8.064385e+01
5.400000e-07	-4.826978e-06	-1.237844e-09	-3.434412e+01	-8.045025e+01
5.500000e-07	-4.806158e-06	-1.212909e-09	-3.419599e+01	-8.024851e+01
5.600000e-07	-4.784976e-06	-1.228879e-09	-3.404528e+01	-8.003915e+01
5.700000e-07	-4.763435e-06	-1.238363e-09	-3.389201e+01	-7.982273e+01
5.800000e-07	-4.741544e-06	-1.206716e-09	-3.373626e+01	-7.959984e+01
5.900000e-07	-4.719400e-06	-1.185385e-09	-3.357871e+01	-7.937110e+01
6.000000e-07	-4.696929e-06	-1.194165e-09	-3.341882e+01	-7.913715e+01
6.100000e-07	-4.674032e-06	-1.210388e-09	-3.325591e+01	-7.889862e+01
6.200000e-07	-4.650777e-06	-1.214025e-09	-3.309045e+01	-7.865619e+01
6.300000e-07	-4.627267e-06	-1.197773e-09	-3.292318e+01	-7.841049e+01
6.400000e-07	-4.603531e-06	-1.193198e-09	-3.275429e+01	-7.816217e+01
6.500000e-07	-4.579581e-06	-1.211252e-09	-3.258388e+01	-7.791187e+01
6.600000e-07	-4.555405e-06	-1.211083e-09	-3.241187e+01	-7.766020e+01
6.700000e-07	-4.530979e-06	-1.180059e-09	-3.223808e+01	-7.740774e+01
6.800000e-07	-4.506277e-06	-1.166466e-09	-3.206232e+01	-7.715505e+01
6.900000e-07	-4.481158e-06	-1.175870e-09	-3.188361e+01	-7.690265e+01
7.000000e-07	-4.455545e-06	-1.181364e-09	-3.170137e+01	-7.665102e+01
7.100000e-07	-4.429263e-06	-1.172119e-09	-3.151437e+01	-7.640060e+01
7.200000e-07	-4.402358e-06	-1.167950e-09	-3.132294e+01	-7.615177e+01
7.300000e-07	-4.375085e-06	-1.177619e-09	-3.112889e+01	-7.590487e+01
7.400000e-07	-4.347494e-06	-1.189822e-09	-3.093258e+01	-7.566019e+01
7.500000e-07	-4.319606e-06	-1.176571e-09	-3.073415e+01	-7.541796e+01
7.600000e-07	-4.291505e-06	-1.153420e-09	-3.053422e+01	-7.517835e+01
7.700000e-07	-4.263296e-06	-1.147745e-09	-3.033351e+01	-7.494149e+01
7.800000e-07	-4.234913e-06	-1.152627e-09	-3.013156e+01	-7.470744e+01
7.900000e-07	-4.206246e-06	-1.146468e-09	-2.992759e+01	-7.447621e+01
8.000000e-07	-4.177239e-06	-1.137407e-09	-2.972121e+01	-7.424776e+01
8.100000e-07	-4.147899e-06	-1.139994e-09	-2.951245e+01	-7.402200e+01
8.200000e-07	-4.118320e-06	-1.152161e-09	-2.930199e+01	-7.379878e+01
8.300000e-07	-4.088456e-06	-1.154512e-09	-2.908952e+01	-7.357793e+01
8.400000e-07	-4.058288e-06	-1.138757e-09	-2.887487e+01	-7.335920e+01
8.500000e-07	-4.027836e-06	-1.123475e-09	-2.865820e+01	-7.314233e+01
8.600000e-07	-3.997158e-06	-1.123214e-09	-2.843993e+01	-7.292702e+01
8.700000e-07	-3.966283e-06	-1.124975e-09	-2.822025e+01	-7.271295e+01
8.800000e-07	-3.935060e-06	-1.117172e-09	-2.799810e+01	-7.249974e+01
8.900000e-07	-3.903555e-06	-1.110108e-09	-2.777394e+01	-7.228703e+01
9.000000e-07	-3.871879e-06	-1.113359e-09	-2.754856e+01	-7.207442e+01
9.100000e-07	-3.839963e-06	-1.118781e-09	-2.732148e+01	-7.186151e+01
9.200000e-07	-3.807902e-06	-1.111766e-09	-2.709336e+01	-7.164789e+01
9.300000e-07	-3.775686e-06	-1.098955e-09	-2.686414e+01	-7.143317e+01
9.400000e-07	-3.743266e-06	-1.098155e-09	-2.663347e+01	-7.121692e+01
9.500000e-07	-3.710669e-06	-1.104324e-09	-2.640155e+01	-7.099877e+01
9.600000e-07	-3.677685e-06	-1.101727e-09	-2.616686e+01	-7.077833e+01
9.700000e-07	-3.644324e-06	-1.087884e-09	-2.592950e+01	-7.055524e+01
9.800000e-07	-3.610590e-06	-1.076723e-09	-2.568948e+01	-7.032916e+01
9.900000e-07	-3.576321e-06	-1.073713e-09	-2.544565e+01	-7.009978e+01
1.000000e-06	-3.541606e-06	-1.068349e-09	-2.519865e+01	-6.986680e+01
1.010000e-06	-3.506574e-06	-1.059884e-09	-2.494941e+01	-6.962999e+01
1.020000e-06	-3.471220e-06	-1.056538e-09	-2.469786e+01	-6.938910e+01
1.030000e-06	-3.435569e-06	-1.062023e-09	-2.444420e+01	-6.914397e+01
1.040000e-06	-3.399750e-06	-1.064469e-09	-2.418934e+01	-6.889443e+01
1.050000e-06	-3.363759e-06	-1.054238e-09	-2.393327e+01	-6.864038e+01
1.060000e-06	-3.327586e-06	-1.039502e-09	-2.367589e+01	-6.838174e+01
1.070000e-06	-3.291317e-06	-1.031605e-09	-2.341784e+01	-6.811847e+01
1.080000e-06	-3.254911e-06	-1.025202e-09	-2.315881e+01	-6.785057e+01
1.090000e-06	-3.218215e-06	-1.014398e-09	-2.289772e+01	-6.757807e+01
1.100000e-06	-3.181351e-06	-1.006953e-09	-2.263543e+01	-6.730105e+01
1.110000e-06	-3.144231e-06	-1.010573e-09	-2.237132e+01	-6.701959e+01
1.120000e-06	-3.106816e-06	-1.015849e-09	-2.210511e+01	-6.673383e+01
1.130000e-06	-3.069231e-06	-1.011669e-09	-2.183769e+01	-6.644393e+01
1.140000e-06	-3.031479e-06	-1.001798e-09	-2.156908e+01	-6.615007e+01
1.150000e-06	-2.993600e-06	-9.958902e-10	-2.129957e+01	-6.585243e+01
1.160000e-06	-2.955387e-06	-9.922322e-10	-2.102768e+01	-6.555125e+01
1.170000e-06	-2.916914e-06	-9.841641e-10	-2.075395e+01	-6.524676e+01
1.180000e-06	-2.878306e-06	-9.719033e-10	-2.047925e+01	-6.493918e+01
1.190000e-06	-2.839509e-06	-9.653587e-10	-2.020321e+01	-6.462877e+01
1.200000e-06	-2.800455e-06	-9.684647e-10	-1.992534e+01	-6.431578e+01
1.210000e-06	-2.761141e-06	-9.730444e-10	-1.964562e+01	-6.400046e+01
1.220000e-06	-2.721624e-06	-9.690501e-10	-1.936446e+01	-6.368303e+01
1.230000e-06	-2.681900e-06	-9.609819e-10	-1.908182e+01	-6.336374e+01
1.240000e-06	-2.641989e-06	-9.556549e-10	-1.879785e+01	-6.304279e+01
1.250000e-06	-2.602013e-06	-9.500054e-10	-1.851341e+01	-6.272040e+01
1.260000e-06	-2.562007e-06	-9.419597e-10	-1.822877e+01	-6.239673e+01
1.270000e-06	-2.521889e-06	-9.342120e-10	-1.794333e+01	-6.207194e+01
1.280000e-06	-2.481672e-06	-9.324150e-10	-1.765719e+01	-6.174617e+01
1.290000e-06	-2.441376e-06	-9.327293e-10	-1.737048e+01	-6.141952e+01
1.300000e-06	-2.400984e-06	-9.284922e-10	-1.708309e+01	-6.109206e+01
1.310000e-06	-2.360462e-06	-9.207732e-10	-1.679477e+01	-6.076384e+01
1.320000e-06	-2.319763e-06	-9.157736e-10	-1.650520e+01	-6.043486e+01
1.330000e-06	-2.278860e-06	-9.131436e-10	-1.621417e+01	-6.010509e+01
1.340000e-06	-2.237798e-06	-9.082106e-10	-1.592202e+01	-5.977448e+01
1.350000e-06	-2.196493e-06	-9.030531e-10	-1.562813e+01	-5.944292e+01
1.360000e-06	-2.154807e-06	-9.002541e-10	-1.533153e+01	-5.911029e+01
1.370000e-06	-2.112821e-06	-8.973893e-10	-1.503280e+01	-5.877642e+01
1.380000e-06	-2.070569e-06	-8.937326e-10	-1.473217e+01	-5.844111e+01
1.390000e-06	-2.028080e-06	-8.874633e-10	-1.442986e+01	-5.810413e+01
1.400000e-06	-1.985368e-06	-8.804179e-10	-1.412597e+01	-5.776520e+01
1.410000e-06	-1.942487e-06	-8.746992e-10	-1.382086e+01	-5.742403e+01
1.420000e-06	-1.899366e-06	-8.692980e-10	-1.351406e+01	-5.708030e+01
1.430000e-06	-1.856017e-06	-8.633546e-10	-1.320563e+01	-5.673365e+01
1.440000e-06	-1.812571e-06	-8.595250e-10	-1.289651e+01	-5.638371e+01
1.450000e-06	-1.768919e-06	-8.561471e-10	-1.258592e+01	-5.603007e+01
1.460000e-06	-1.725073e-06	-8.522687e-10	-1.227395e+01	-5.567231e+01
1.470000e-06	-1.681123e-06	-8.467801e-10	-1.196125e+01	-5.530998e+01
1.480000e-06	-1.637135e-06	-8.393051e-10	-1.164827e+01	-5.494264e+01
1.490000e-06	-1.593138e-06	-8.328901e-10	-1.133524e+01	-5.456981e+01
1.500000e-06	-1.549101e-06	-8.263870e-10	-1.102191e+01	-5.419100e+01
1.510000e-06	-1.504945e-06	-8.199398e-10	-1.070774e+01	-5.380572e+01
1.520000e-06	-1.460716e-06	-8.131366e-10	-1.039305e+01	-5.341346e+01
1.530000e-06	-1.416453e-06	-8.062953e-10	-1.007811e+01	-5.301372e+01
1.540000e-06	-1.372152e-06	-7.998621e-10	-9.762915e+00	-5.260599e+01
1.550000e-06	-1.327816e-06	-7.934499e-10	-9.447462e+00	-5.218973e+01
1.560000e-06	-1.283389e-06	-7.857874e-10	-9.131359e+00	-5.176444e+01
1.570000e-06	-1.238849e-06	-7.790379e-10	-8.814454e+00	-5.132959e+01
1.580000e-06	-1.194287e-06	-7.737053e-10	-8.497397e+00	-5.088466e+01
1.590000e-06	-1.149666e-06	-7.671170e-10	-8.179913e+00	-5.042913e+01
1.600000e-06	-1.105021e-06	-7.594716e-10	-7.862266e+00	-4.996248e+01
1.610000e-06	-1.060282e-06	-7.510612e-10	-7.543949e+00	-4.948419e+01
1.620000e-06	-1.015432e-06	-7.403179e-10	-7.224837e+00	-4.899373e+01
1.630000e-06	-9.705036e-07	-7.298295e-10	-6.905169e+00	-4.849060e+01
1.640000e-06	-9.254058e-07	-7.195117e-10	-6.584296e+00	-4.797428e+01
1.650000e-06	-8.802692e-07	-7.134768e-10	-6.263147e+00	-4.744424e+01
1.660000e-06	-8.350809e-07	-7.072172e-10	-5.941632e+00	-4.689997e+01
1.670000e-06	-7.898460e-07	-7.024123e-10	-5.619783e+00	-4.634097e+01
1.680000e-06	-7.444859e-07	-6.997674e-10	-5.297044e+00	-4.576669e+01
1.690000e-06	-6.989963e-07	-6.935204e-10	-4.973384e+00	-4.517663e+01
1.700000e-06	-6.534909e-07	-6.817865e-10	-4.649611e+00	-4.457027e+01
1.710000e-06	-6.079566e-07	-6.662489e-10	-4.325633e+00	-4.394706e+01
1.720000e-06	-5.624631e-07	-6.524291e-10	-4.001946e+00	-4.330650e+01
1.730000e-06	-5.169441e-07	-6.415015e-10	-3.678076e+00	-4.264803e+01
1.740000e-06	-4.712596e-07	-6.306799e-10	-3.353029e+00	-4.197112e+01
1.750000e-06	-4.254643e-07	-6.199709e-10	-3.027194e+00	-4.127523e+01
1.760000e-06	-3.796988e-07	-6.111575e-10	-2.701571e+00	-4.055981e+01
1.770000e-06	-3.339615e-07	-6.009660e-10	-2.376148e+00	-3.982431e+01
1.780000e-06	-2.882258e-07	-5.880756e-10	-2.050737e+00	-3.906817e+01
1.790000e-06	-2.425167e-07	-5.711690e-10	-1.725515e+00	-3.829085e+01
1.800000e-06	-1.967580e-07	-5.529708e-10	-1.399941e+00	-3.749177e+01
1.810000e-06	-1.509322e-07	-5.355248e-10	-1.073888e+00	-3.667040e+01
1.820000e-06	-1.051468e-07	-5.231898e-10	-7.481231e-01	-3.582618e+01
1.830000e-06	-5.936453e-08	-5.118724e-10	-4.223808e-01	-3.495856e+01
1.840000e-06	-1.357260e-08	-5.003631e-10	-9.656958e-02	-3.406700e+01
1.850000e-06	3.224745e-08	-4.913015e-10	2.294418e-01	-3.315097e+01
1.860000e-06	7.812901e-08	-4.810993e-10	5.558907e-01	-3.220997e+01
1.870000e-06	1.239228e-07	-4.657631e-10	8.817150e-01	-3.124350e+01
1.880000e-06	1.696487e-07	-4.481834e-10	1.207057e+00	-3.025108e+01
1.890000e-06	2.154197e-07	-4.275107e-10	1.532719e+00	-2.923228e+01
1.900000e-06	2.612203e-07	-4.049486e-10	1.858592e+00	-2.818667e+01
1.910000e-06	3.069775e-07	-3.847834e-10	2.184156e+00	-2.711387e+01
1.920000e-06	3.526840e-07	-3.662895e-10	2.509360e+00	-2.601354e+01
1.930000e-06	3.984242e-07	-3.499243e-10	2.834803e+00	-2.488539e+01
1.940000e-06	4.441444e-07	-3.335657e-10	3.160103e+00	-2.372917e+01
1.950000e-06	4.897068e-07	-3.170111e-10	3.484282e+00	-2.254470e+01
1.960000e-06	5.352161e-07	-2.995166e-10	3.808082e+00	-2.133183e+01
1.970000e-06	5.806594e-07	-2.789677e-10	4.131413e+00	-2.009050e+01
1.980000e-06	6.261081e-07	-2.558948e-10	4.454782e+00	-1.882071e+01
1.990000e-06	6.715771e-07	-2.319016e-10	4.778295e+00	-1.752255e+01
2.000000e-06	7.169395e-07	-2.077709e-10	5.101051e+00	-1.619616e+01
2.010000e-06	7.622485e-07	-1.859964e-10	5.423426e+00	-1.484178e+01
2.020000e-06	8.075493e-07	-1.662191e-10	5.745743e+00	-1.345972e+01
2.030000e-06	8.527508e-07	-1.466236e-10	6.067353e+00	-1.205041e+01
2.040000e-06	8.978035e-07	-1.260596e-10	6.387905e+00	-1.061434e+01
2.050000e-06	9.428458e-07	-1.058022e-10	6.708383e+00	-9.152105e+00
2.060000e-06	9.878157e-07	-8.338321e-11	7.028345e+00	-7.664396e+00
2.070000e-06	1.032667e-06	-5.789079e-11	7.347462e+00	-6.151998e+00
2.080000e-06	1.077411e-06	-3.044948e-11	7.665820e+00	-4.615794e+00
2.090000e-06	1.122043e-06	-5.928431e-12	7.983376e+00	-3.056763e+00
2.100000e-06	1.166634e-06	1.447430e-11	8.300646e+00	-1.475980e+00
2.110000e-06	1.211226e-06	3.644252e-11	8.617920e+00	1.253878e-01
2.120000e-06	1.255735e-06	6.358574e-11	8.934599e+00	1.746079e+00
2.130000e-06	1.300062e-06	8.969783e-11	9.249988e+00	3.384744e+00
2.140000e-06	1.344315e-06	1.109562e-10	9.564849e+00	5.039950e+00
2.150000e-06	1.388589e-06	1.334422e-10	9.879864e+00	6.710179e+00
2.160000e-06	1.432880e-06	1.589982e-10	1.019499e+01	8.393843e+00
2.170000e-06	1.477169e-06	1.860777e-10	1.051011e+01	1.008928e+01
2.180000e-06	1.521382e-06	2.092753e-10	1.082469e+01	1.179476e+01
2.190000e-06	1.565531e-06	2.316576e-10	1.113881e+01	1.350850e+01
2.200000e-06	1.609661e-06	2.571708e-10	1.145279e+01	1.522866e+01
2.210000e-06	1.653701e-06	2.833259e-10	1.176614e+01	1.695338e+01
2.220000e-06	1.697655e-06	3.068331e-10	1.207888e+01	1.868073e+01
2.230000e-06	1.741574e-06	3.325602e-10	1.239136e+01	2.040878e+01
2.240000e-06	1.785378e-06	3.651864e-10	1.270303e+01	2.213557e+01
2.250000e-06	1.829021e-06	3.964744e-10	1.301355e+01	2.385914e+01
2.260000e-06	1.872539e-06	4.212503e-10	1.332318e+01	2.557752e+01
2.270000e-06	1.915880e-06	4.437102e-10	1.363156e+01	2.728875e+01
2.280000e-06	1.958828e-06	4.679195e-10	1.393713e+01	2.899091e+01
2.290000e-06	2.001475e-06	4.974830e-10	1.424057e+01	3.068207e+01
2.300000e-06	2.043995e-06	5.242476e-10	1.454310e+01	3.236038e+01
2.310000e-06	2.086234e-06	5.486969e-10	1.484363e+01	3.402399e+01
2.320000e-06	2.128145e-06	5.775667e-10	1.514183e+01	3.567113e+01
2.330000e-06	2.169793e-06	6.085052e-10	1.543816e+01	3.730009e+01
2.340000e-06	2.211140e-06	6.332860e-10	1.573234e+01	3.890922e+01
2.350000e-06	2.252203e-06	6.485096e-10	1.602451e+01	4.049696e+01
2.360000e-06	2.293029e-06	6.649914e-10	1.631499e+01	4.206181e+01
2.370000e-06	2.333759e-06	6.903785e-10	1.660478e+01	4.360238e+01
2.380000e-06	2.374378e-06	7.217650e-10	1.689379e+01	4.511736e+01
2.390000e-06	2.414787e-06	7.508814e-10	1.718130e+01	4.660554e+01
2.400000e-06	2.455082e-06	7.761340e-10	1.746800e+01	4.806583e+01
2.410000e-06	2.495292e-06	7.981559e-10	1.775409e+01	4.949720e+01
2.420000e-06	2.535456e-06	8.202334e-10	1.803986e+01	5.089879e+01
2.430000e-06	2.575544e-06	8.393827e-10	1.832509e+01	5.226979e+01
2.440000e-06	2.615463e-06	8.546290e-10	1.860912e+01	5.360953e+01
2.450000e-06	2.655183e-06	8.708304e-10	1.889173e+01	5.491745e+01
2.460000e-06	2.694812e-06	8.938785e-10	1.917369e+01	5.619309e+01
2.470000e-06	2.734306e-06	9.209566e-10	1.945469e+01	5.743611e+01
2.480000e-06	2.773488e-06	9.448779e-10	1.973347e+01	5.864625e+01
2.490000e-06	2.812416e-06	9.634676e-10	2.001044e+01	5.982338e+01
2.500000e-06	2.851186e-06	9.799651e-10	2.028629e+01	6.096745e+01
2.510000e-06	2.889793e-06	9.952910e-10	2.056098e+01	6.207852e+01
2.520000e-06	2.928171e-06	1.010632e-09	2.083404e+01	6.315672e+01
2.530000e-06	2.966389e-06	1.027989e-09	2.110597e+01	6.420229e+01
2.540000e-06	3.004481e-06	1.048609e-09	2.137699e+01	6.521552e+01
2.550000e-06	3.042413e-06	1.067896e-09	2.164688e+01	6.619680e+01
2.560000e-06	3.080125e-06	1.079965e-09	2.191521e+01	6.714657e+01
2.570000e-06	3.117504e-06	1.087238e-09	2.218115e+01	6.806533e+01
2.580000e-06	3.154601e-06	1.094200e-09	2.244510e+01	6.895365e+01
2.590000e-06	3.191471e-06	1.105062e-09	2.270743e+01	6.981212e+01
2.600000e-06	3.228096e-06	1.121175e-09	2.296802e+01	7.064139e+01
2.610000e-06	3.264584e-06	1.139386e-09	2.322763e+01	7.144213e+01
2.620000e-06	3.300964e-06	1.156592e-09	2.348648e+01	7.221506e+01
2.630000e-06	3.337192e-06	1.172400e-09	2.374424e+01	7.296088e+01
2.640000e-06	3.373296e-06	1.181790e-09	2.400112e+01	7.368033e+01
2.650000e-06	3.409218e-06	1.183829e-09	2.425671e+01	7.437416e+01
2.660000e-06	3.444941e-06	1.181049e-09	2.451088e+01	7.504310e+01
2.670000e-06	3.480482e-06	1.179984e-09	2.476376e+01	7.568790e+01
2.680000e-06	3.515809e-06	1.183007e-09	2.501511e+01	7.630928e+01
2.690000e-06	3.550777e-06	1.195189e-09	2.526391e+01	7.690795e+01
2.700000e-06	3.585266e-06	1.216209e-09	2.550930e+01	7.748462e+01
2.710000e-06	3.619309e-06	1.238298e-09	2.575152e+01	7.803995e+01
2.720000e-06	3.652986e-06	1.253311e-09	2.599113e+01	7.857460e+01
2.730000e-06	3.686249e-06	1.260069e-09	2.622779e+01	7.908919e+01
2.740000e-06	3.719084e-06	1.259655e-09	2.646142e+01	7.958432e+01
2.750000e-06	3.751575e-06	1.255089e-09	2.669259e+01	8.006056e+01
2.760000e-06	3.783873e-06	1.250444e-09	2.692239e+01	8.051845e+01
2.770000e-06	3.816063e-06	1.250180e-09	2.715143e+01	8.095848e+01
2.780000e-06	3.848125e-06	1.261082e-09	2.737955e+01	8.138114e+01
2.790000e-06	3.879960e-06	1.281091e-09	2.760606e+01	8.178687e+01
2.800000e-06	3.911545e-06	1.297279e-09	2.783079e+01	8.217610e+01
2.810000e-06	3.942838e-06	1.304878e-09	2.805344e+01	8.254921e+01
2.820000e-06	3.973915e-06	1.307197e-09	2.827455e+01	8.290657e+01
2.830000e-06	4.004748e-06	1.307631e-09	2.849393e+01	8.324853e+01
2.840000e-06	4.035233e-06	1.305776e-09	2.871083e+01	8.357542e+01
2.850000e-06	4.065506e-06	1.300377e-09	2.892622e+01	8.388755e+01
2.860000e-06	4.095462e-06	1.300453e-09	2.913936e+01	8.418520e+01
2.870000e-06	4.125171e-06	1.308579e-09	2.935074e+01	8.446868e+01
2.880000e-06	4.154639e-06	1.318825e-09	2.956041e+01	8.473826e+01
2.890000e-06	4.183708e-06	1.323414e-09	2.976723e+01	8.499420e+01
2.900000e-06	4.212440e-06	1.324935e-09	2.997166e+01	8.523679e+01
2.910000e-06	4.240971e-06	1.329982e-09	3.017467e+01	8.546631e+01
2.920000e-06	4.269362e-06	1.331408e-09	3.037667e+01	8.568302e+01
2.930000e-06	4.297543e-06	1.324233e-09	3.057718e+01	8.588722e+01
2.940000e-06	4.325556e-06	1.317594e-09	3.077649e+01	8.607920e+01
2.950000e-06	4.353426e-06	1.319535e-09	3.097478e+01	8.625927e+01
2.960000e-06	4.380990e-06	1.327314e-09	3.117090e+01	8.642775e+01
2.970000e-06	4.408152e-06	1.333377e-09	3.136417e+01	8.658497e+01
2.980000e-06	4.434829e-06	1.333610e-09	3.155397e+01	8.673129e+01
2.990000e-06	4.460950e-06	1.333438e-09	3.173983e+01	8.686708e+01
3.000000e-06	4.486579e-06	1.337325e-09	3.192217e+01	8.699271e+01
3.010000e-06	4.511720e-06	1.339310e-09	3.210106e+01	8.710859e+01
3.020000e-06	4.536348e-06	1.338588e-09	3.227628e+01	8.721513e+01
3.030000e-06	4.560689e-06	1.340340e-09	3.244947e+01	8.731276e+01
3.040000e-06	4.584886e-06	1.344725e-09	3.262163e+01	8.740192e+01
3.050000e-06	4.608909e-06	1.346479e-09	3.279255e+01	8.748306e+01
3.060000e-06	4.632604e-06	1.343998e-09	3.296115e+01	8.755666e+01
3.070000e-06	4.655902e-06	1.342085e-09	3.312691e+01	8.762316e+01
3.080000e-06	4.678914e-06	1.345036e-09	3.329064e+01	8.768306e+01
3.090000e-06	4.701592e-06	1.348304e-09	3.345200e+01	8.773681e+01
3.100000e-06	4.723905e-06	1.346597e-09	3.361076e+01	8.778489e+01
3.110000e-06	4.745899e-06	1.343914e-09	3.376725e+01	8.782777e+01
3.120000e-06	4.767603e-06	1.347321e-09	3.392167e+01	8.786589e+01
3.130000e-06	4.788986e-06	1.352676e-09	3.407381e+01	8.789969e+01
3.140000e-06	4.810064e-06	1.353389e-09	3.422378e+01	8.792961e+01
3.150000e-06	4.830816e-06	1.353489e-09	3.437143e+01	8.795604e+01
3.160000e-06	4.851288e-06	1.356068e-09	3.451709e+01	8.797936e+01
3.170000e-06	4.871555e-06	1.358768e-09	3.466129e+01	8.799992e+01
3.180000e-06	4.891628e-06	1.359055e-09	3.480411e+01	8.801805e+01
3.190000e-06	4.911510e-06	1.356806e-09	3.494558e+01	8.803403e+01
3.200000e-06	4.931117e-06	1.357876e-09	3.508508e+01	8.804812e+01
3.210000e-06	4.950256e-06	1.361716e-09	3.522125e+01	8.806052e+01
3.220000e-06	4.968920e-06	1.362129e-09	3.535405e+01	8.807143e+01
3.230000e-06	4.987203e-06	1.362842e-09	3.548413e+01	8.808095e+01
3.240000e-06	5.005051e-06	1.365572e-09	3.561112e+01	8.808920e+01
3.250000e-06	5.022588e-06	1.367492e-09	3.573590e+01	8.809622e+01
3.260000e-06	5.039828e-06	1.366952e-09	3.585856e+01	8.810200e+01
3.270000e-06	5.056740e-06	1.361761e-09	3.597889e+01	8.810652e+01
3.280000e-06	5.073336e-06	1.357959e-09	3.609697e+01	8.810970e+01
3.290000e-06	5.089591e-06	1.360217e-09	3.621262e+01	8.811142e+01
3.300000e-06	5.105383e-06	1.363598e-09	3.632498e+01	8.811152e+01
3.310000e-06	5.120726e-06	1.363689e-09	3.643415e+01	8.810981e+01
3.320000e-06	5.135677e-06	1.362234e-09	3.654053e+01	8.810607e+01
3.330000e-06	5.150129e-06	1.363235e-09	3.664336e+01	8.810004e+01
3.340000e-06	5.164136e-06	1.362600e-09	3.674301e+01	8.809145e+01
3.350000e-06	5.177793e-06	1.357172e-09	3.684018e+01	8.807999e+01
3.360000e-06	5.191063e-06	1.351791e-09	3.693461e+01	8.806535e+01
3.370000e-06	5.203995e-06	1.350029e-09	3.702661e+01	8.804720e+01
3.380000e-06	5.216579e-06	1.351545e-09	3.711615e+01	8.802521e+01
3.390000e-06	5.228807e-06	1.353309e-09	3.720315e+01	8.799902e+01
3.400000e-06	5.240682e-06	1.351202e-09	3.728764e+01	8.796832e+01
3.410000e-06	5.252109e-06	1.347540e-09	3.736895e+01	8.793277e+01
3.420000e-06	5.263073e-06	1.343958e-09	3.744696e+01	8.789206e+01
3.430000e-06	5.273405e-06	1.339709e-09	3.752047e+01	8.784591e+01
3.440000e-06	5.282991e-06	1.336064e-09	3.758867e+01	8.779403e+01
3.450000e-06	5.292007e-06	1.334594e-09	3.765282e+01	8.773618e+01
3.460000e-06	5.300665e-06	1.336915e-09	3.771443e+01	8.767217e+01
3.470000e-06	5.309009e-06	1.339147e-09	3.777380e+01	8.760183e+01
3.480000e-06	5.317086e-06	1.339404e-09	3.783126e+01	8.752502e+01
3.490000e-06	5.324986e-06	1.337000e-09	3.788747e+01	8.744166e+01
3.500000e-06	5.332601e-06	1.333776e-09	3.794165e+01	8.735173e+01
3.510000e-06	5.339857e-06	1.330936e-09	3.799328e+01	8.725524e+01
3.520000e-06	5.346702e-06	1.328651e-09	3.804198e+01	8.715226e+01
3.530000e-06	5.353091e-06	1.328286e-09	3.808744e+01	8.704292e+01
3.540000e-06	5.359163e-06	1.327662e-09	3.813064e+01	8.692739e+01
3.550000e-06	5.364922e-06	1.326216e-09	3.817162e+01	8.680592e+01
3.560000e-06	5.370242e-06	1.324565e-09	3.820947e+01	8.667879e+01
3.570000e-06	5.375155e-06	1.324699e-09	3.824442e+01	8.654635e+01
3.580000e-06	5.379762e-06	1.325066e-09	3.827721e+01	8.640899e+01
3.590000e-06	5.384033e-06	1.323039e-09	3.830759e+01	8.626716e+01
3.600000e-06	5.388073e-06	1.320532e-09	3.833634e+01	8.612135e+01
3.610000e-06	5.391925e-06	1.319123e-09	3.836374e+01	8.597209e+01
3.620000e-06	5.395360e-06	1.319044e-09	3.838818e+01	8.581997e+01
3.630000e-06	5.398345e-06	1.318335e-09	3.840942e+01	8.566558e+01
3.640000e-06	5.400875e-06	1.317361e-09	3.842742e+01	8.550956e+01
3.650000e-06	5.402789e-06	1.318266e-09	3.844104e+01	8.535257e+01
3.660000e-06	5.404039e-06	1.322190e-09	3.844993e+01	8.519529e+01
3.670000e-06	5.404807e-06	1.326028e-09	3.845540e+01	8.503841e+01
3.680000e-06	5.405265e-06	1.325342e-09	3.845866e+01	8.488262e+01
3.690000e-06	5.405454e-06	1.321541e-09	3.846000e+01	8.472861e+01
3.700000e-06	5.405370e-06	1.317995e-09	3.845941e+01	8.457707e+01
3.710000e-06	5.405001e-06	1.315173e-09	3.845678e+01	8.442866e+01
3.720000e-06	5.404339e-06	1.311151e-09	3.845207e+01	8.428403e+01
3.730000e-06	5.403261e-06	1.306610e-09	3.844440e+01	8.414379e+01
3.740000e-06	5.401762e-06	1.302758e-09	3.843373e+01	8.400853e+01
3.750000e-06	5.399963e-06	1.298431e-09	3.842094e+01	8.387879e+01
3.760000e-06	5.397857e-06	1.279082e-09	3.840595e+01	8.375506e+01
3.770000e-06	5.395456e-06	1.238802e-09	3.838886e+01	8.363779e+01
3.780000e-06	5.392736e-06	1.266663e-09	3.836951e+01	8.352735e+01
3.790000e-06	5.389479e-06	1.363184e-09	3.834634e+01	8.342407e+01
3.800000e-06	5.385807e-06	1.317604e-09	3.832021e+01	8.332821e+01
3.810000e-06	5.381907e-06	1.216435e-09	3.829247e+01	8.323996e+01
3.820000e-06	5.377865e-06	1.259547e-09	3.826371e+01	8.315943e+01
3.830000e-06	5.373554e-06	1.351816e-09	3.823304e+01	8.308666e+01
3.840000e-06	5.368577e-06	1.293861e-09	3.819762e+01	8.302162e+01
3.850000e-06	5.362847e-06	1.125568e-09	3.815685e+01	8.296420e+01
3.860000e-06	5.356775e-06	1.209049e-09	3.811365e+01	8.291423e+01
3.870000e-06	5.350490e-06	1.400610e-09	3.806893e+01	8.287144e+01
3.880000e-06	5.343593e-06	1.308939e-09	3.801986e+01	8.283551e+01
3.890000e-06	5.336178e-06	1.103794e-09	3.796710e+01	8.280603e+01
3.900000e-06	5.328513e-06	1.210510e-09	3.791257e+01	8.278254e+01
3.910000e-06	5.320587e-06	1.398210e-09	3.785617e+01	8.276451e+01
3.920000e-06	5.312238e-06	1.225402e-09	3.779677e+01	8.275134e+01
3.930000e-06	5.303443e-06	1.054553e-09	3.773419e+01	8.274241e+01
3.940000e-06	5.294331e-06	1.254173e-09	3.766936e+01	8.273701e+01
3.950000e-06	5.284914e-06	1.400051e-09	3.760236e+01	8.273442e+01
3.960000e-06	5.275148e-06	1.173168e-09	3.753287e+01	8.273386e+01
3.970000e-06	5.265039e-06	1.093388e-09	3.746095e+01	8.273453e+01
3.980000e-06	5.254551e-06	1.349912e-09	3.738632e+01	8.273562e+01
3.990000e-06	5.243671e-06	1.389012e-09	3.730891e+01	8.273628e+01
4.000000e-06	5.232437e-06	1.165172e-09	3.722898e+01	8.273568e+01
4.010000e-06	5.220730e-06	1.226770e-09	3.714568e+01	8.273297e+01
4.020000e-06	5.208499e-06	1.429872e-09	3.705866e+01	8.272732e+01
4.030000e-06	5.195907e-06	1.306122e-09	3.696907e+01	8.271791e+01
4.040000e-06	5.182981e-06	1.137851e-09	3.687710e+01	8.270393e+01
4.050000e-06	5.169490e-06	1.269082e-09	3.678111e+01	8.268463e+01
4.060000e-06	5.155374e-06	1.333842e-09	3.668067e+01	8.265925e+01
4.070000e-06	5.140620e-06	1.209390e-09	3.657570e+01	8.262713e+01
4.080000e-06	5.125342e-06	1.231751e-09	3.646700e+01	8.258760e+01
4.090000e-06	5.109785e-06	1.319869e-09	3.635631e+01	8.254009e+01
4.100000e-06	5.093993e-06	1.250171e-09	3.624395e+01	8.248406e+01
4.110000e-06	5.077970e-06	1.219502e-09	3.612994e+01	8.241904e+01
4.120000e-06	5.061595e-06	1.283590e-09	3.601343e+01	8.234463e+01
4.130000e-06	5.044866e-06	1.217542e-09	3.589440e+01	8.226050e+01
4.140000e-06	5.027817e-06	1.148847e-09	3.577310e+01	8.216639e+01
4.150000e-06	5.010403e-06	1.239825e-09	3.564920e+01	8.206211e+01
4.160000e-06	4.992719e-06	1.278976e-09	3.552338e+01	8.194753e+01
4.170000e-06	4.974789e-06	1.204001e-09	3.539580e+01	8.182263e+01
4.180000e-06	4.956472e-06	1.210999e-09	3.526548e+01	8.168743e+01
4.190000e-06	4.937696e-06	1.247138e-09	3.513189e+01	8.154204e+01
4.200000e-06	4.918617e-06	1.218013e-09	3.499614e+01	8.138663e+01
4.210000e-06	4.899255e-06	1.191861e-09	3.485838e+01	8.122144e+01
4.220000e-06	4.879647e-06	1.186140e-09	3.471887e+01	8.104677e+01
4.230000e-06	4.859860e-06	1.182274e-09	3.457808e+01	8.086300e+01
4.240000e-06	4.839764e-06	1.212893e-09	3.443510e+01	8.067053e+01
4.250000e-06	4.819343e-06	1.216426e-09	3.428980e+01	8.046984e+01
4.260000e-06	4.798574e-06	1.178462e-09	3.414203e+01	8.026144e+01
4.270000e-06	4.777318e-06	1.183964e-09	3.399079e+01	8.004589e+01
4.280000e-06	4.755417e-06	1.209370e-09	3.383496e+01	7.982376e+01
4.290000e-06	4.732902e-06	1.190438e-09	3.367477e+01	7.959569e+01
4.300000e-06	4.709924e-06	1.174861e-09	3.351128e+01	7.936229e+01
4.310000e-06	4.686607e-06	1.173511e-09	3.334538e+01	7.912421e+01
4.320000e-06	4.663051e-06	1.168746e-09	3.317778e+01	7.888211e+01
4.330000e-06	4.639236e-06	1.174139e-09	3.300833e+01	7.863664e+01
4.340000e-06	4.615184e-06	1.159270e-09	3.283721e+01	7.838845e+01
4.350000e-06	4.590884e-06	1.123764e-09	3.266430e+01	7.813817e+01
4.360000e-06	4.566209e-06	1.134676e-09	3.248875e+01	7.788641e+01
4.370000e-06	4.541169e-06	1.162362e-09	3.231058e+01	7.763377e+01
4.380000e-06	4.515836e-06	1.146205e-09	3.213034e+01	7.738082e+01
4.390000e-06	4.490192e-06	1.129669e-09	3.194788e+01	7.712806e+01
4.400000e-06	4.464269e-06	1.139154e-09	3.176344e+01	7.687600e+01
4.410000e-06	4.438049e-06	1.143608e-09	3.157688e+01	7.662508e+01
4.420000e-06	4.411512e-06	1.129600e-09	3.138807e+01	7.637569e+01
4.430000e-06	4.384623e-06	1.107150e-09	3.119675e+01	7.612818e+01
4.440000e-06	4.357425e-06	1.098513e-09	3.100324e+01	7.588284e+01
4.450000e-06	4.330013e-06	1.119020e-09	3.080820e+01	7.563992e+01
4.460000e-06	4.302375e-06	1.129567e-09	3.061155e+01	7.539959e+01
4.470000e-06	4.274482e-06	1.116518e-09	3.041310e+01	7.516199e+01
4.480000e-06	4.246391e-06	1.112300e-09	3.021323e+01	7.492720e+01
4.490000e-06	4.218187e-06	1.122201e-09	3.001255e+01	7.469524e+01
4.500000e-06	4.189675e-06	1.119365e-09	2.980969e+01	7.446606e+01
4.510000e-06	4.160656e-06	1.106254e-09	2.960322e+01	7.423959e+01
4.520000e-06	4.131062e-06	1.096124e-09	2.939265e+01	7.401569e+01
4.530000e-06	4.100976e-06	1.101914e-09	2.917860e+01	7.379419e+01
4.540000e-06	4.070437e-06	1.116202e-09	2.896131e+01	7.357485e+01
4.550000e-06	4.039520e-06	1.115816e-09	2.874133e+01	7.335742e+01
4.560000e-06	4.008361e-06	1.099422e-09	2.851964e+01	7.314161e+01
4.570000e-06	3.976920e-06	1.092142e-09	2.829593e+01	7.292708e+01
4.580000e-06	3.945211e-06	1.098217e-09	2.807032e+01	7.271348e+01
4.590000e-06	3.913284e-06	1.099119e-09	2.784316e+01	7.250045e+01
4.600000e-06	3.881162e-06	1.086617e-09	2.761461e+01	7.228758e+01
4.610000e-06	3.848847e-06	1.077901e-09	2.738469e+01	7.207448e+01
4.620000e-06	3.816385e-06	1.081422e-09	2.715372e+01	7.186074e+01
4.630000e-06	3.783752e-06	1.081380e-09	2.692153e+01	7.164596e+01
4.640000e-06	3.750809e-06	1.065550e-09	2.668714e+01	7.142972e+01
4.650000e-06	3.717501e-06	1.052703e-09	2.645016e+01	7.121165e+01
4.660000e-06	3.683962e-06	1.054639e-09	2.621152e+01	7.099134e+01
4.670000e-06	3.650214e-06	1.058606e-09	2.597141e+01	7.076845e+01
4.680000e-06	3.616123e-06	1.054071e-09	2.572884e+01	7.054262e+01
4.690000e-06	3.581699e-06	1.044836e-09	2.548392e+01	7.031354e+01
4.700000e-06	3.547020e-06	1.046716e-09	2.523717e+01	7.008091e+01
4.710000e-06	3.512141e-06	1.050089e-09	2.498902e+01	6.984448e+01
4.720000e-06	3.477028e-06	1.042545e-09	2.473918e+01	6.960402e+01
4.730000e-06	3.441641e-06	1.029627e-09	2.448740e+01	6.935933e+01
4.740000e-06	3.406067e-06	1.026877e-09	2.423429e+01	6.911027e+01
4.750000e-06	3.370388e-06	1.030914e-09	2.398043e+01	6.885671e+01
4.760000e-06	3.334614e-06	1.031620e-09	2.372590e+01	6.859856e+01
4.770000e-06	3.298702e-06	1.026780e-09	2.347039e+01	6.833580e+01
4.780000e-06	3.262639e-06	1.021406e-09	2.321380e+01	6.806840e+01
4.790000e-06	3.226353e-06	1.019844e-09	2.295562e+01	6.779639e+01
4.800000e-06	3.189786e-06	1.014875e-09	2.269544e+01	6.751985e+01
4.810000e-06	3.153027e-06	1.002112e-09	2.243390e+01	6.723885e+01
4.820000e-06	3.115986e-06	9.933736e-10	2.217036e+01	6.695353e+01
4.830000e-06	3.078505e-06	9.926660e-10	2.190368e+01	6.666404e+01
4.840000e-06	3.040583e-06	9.928390e-10	2.163386e+01	6.637055e+01
4.850000e-06	3.002336e-06	9.855230e-10	2.136173e+01	6.607326e+01
4.860000e-06	2.963777e-06	9.776798e-10	2.108738e+01	6.577238e+01
4.870000e-06	2.924835e-06	9.766050e-10	2.081031e+01	6.546815e+01
4.880000e-06	2.885641e-06	9.785224e-10	2.053144e+01	6.516080e+01
4.890000e-06	2.846211e-06	9.730170e-10	2.025089e+01	6.485058e+01
4.900000e-06	2.806617e-06	9.633292e-10	1.996918e+01	6.453774e+01
4.910000e-06	2.766943e-06	9.600936e-10	1.968690e+01	6.422251e+01
4.920000e-06	2.727153e-06	9.609484e-10	1.940379e+01	6.390515e+01
4.930000e-06	2.687268e-06	9.555268e-10	1.912001e+01	6.358588e+01
4.940000e-06	2.647304e-06	9.451176e-10	1.883567e+01	6.326493e+01
4.950000e-06	2.607154e-06	9.407305e-10	1.855000e+01	6.294249e+01
4.960000e-06	2.566787e-06	9.396293e-10	1.826278e+01	6.261875e+01
4.970000e-06	2.526208e-06	9.384357e-10	1.797406e+01	6.229387e+01
4.980000e-06	2.485443e-06	9.353840e-10	1.768401e+01	6.196799e+01
4.990000e-06	2.444508e-06	9.322030e-10	1.739277e+01	6.164121e+01
5.000000e-06	2.403447e-06	9.309163e-10	1.710061e+01	6.131361e+01
5.010000e-06	2.362221e-06	9.254857e-10	1.680729e+01	6.098524e+01
5.020000e-06	2.320821e-06	9.118025e-10	1.651273e+01	6.065612e+01
5.030000e-06	2.279229e-06	9.004431e-10	1.621680e+01	6.032622e+01
5.040000e-06	2.237455e-06	8.967485e-10	1.591957e+01	5.999548e+01
5.050000e-06	2.195587e-06	8.954572e-10	1.562168e+01	5.966382e+01
5.060000e-06	2.153523e-06	8.934996e-10	1.532240e+01	5.933111e+01
5.070000e-06	2.111313e-06	8.926930e-10	1.502207e+01	5.899719e+01
5.080000e-06	2.068919e-06	8.904610e-10	1.472044e+01	5.866187e+01
5.090000e-06	2.026411e-06	8.857923e-10	1.441799e+01	5.832491e+01
5.100000e-06	1.983883e-06	8.757934e-10	1.411540e+01	5.798605e+01
5.110000e-06	1.941191e-06	8.645226e-10	1.381165e+01	5.764501e+01
5.120000e-06	1.898277e-06	8.577032e-10	1.350631e+01	5.730146e+01
5.130000e-06	1.855170e-06	8.549227e-10	1.319960e+01	5.695506e+01
5.140000e-06	1.811890e-06	8.520162e-10	1.289166e+01	5.660542e+01
5.150000e-06	1.768541e-06	8.486545e-10	1.258323e+01	5.625215e+01
5.160000e-06	1.725208e-06	8.436026e-10	1.227492e+01	5.589484e+01
5.170000e-06	1.681750e-06	8.368491e-10	1.196571e+01	5.553304e+01
5.180000e-06	1.638138e-06	8.297545e-10	1.165541e+01	5.516629e+01
5.190000e-06	1.594488e-06	8.207924e-10	1.134484e+01	5.479414e+01
5.200000e-06	1.550814e-06	8.119209e-10	1.103410e+01	5.441609e+01
5.210000e-06	1.507057e-06	8.055541e-10	1.072277e+01	5.403165e+01
5.220000e-06	1.463223e-06	8.002394e-10	1.041088e+01	5.364032e+01
5.230000e-06	1.419349e-06	7.959188e-10	1.009872e+01	5.324160e+01
5.240000e-06	1.375410e-06	7.915637e-10	9.786091e+00	5.283496e+01
5.250000e-06	1.331428e-06	7.865247e-10	9.473162e+00	5.241989e+01
5.260000e-06	1.287434e-06	7.839462e-10	9.160138e+00	5.199587e+01
5.270000e-06	1.243426e-06	7.790690e-10	8.847021e+00	5.156238e+01
5.280000e-06	1.199355e-06	7.685148e-10	8.533458e+00	5.111890e+01
5.290000e-06	1.155197e-06	7.548848e-10	8.219267e+00	5.066490e+01
5.300000e-06	1.110906e-06	7.437071e-10	7.904135e+00	5.019987e+01
5.310000e-06	1.066508e-06	7.358352e-10	7.588243e+00	4.972328e+01
5.320000e-06	1.022138e-06	7.303271e-10	7.272552e+00	4.923462e+01
5.330000e-06	9.777041e-07	7.253618e-10	6.956400e+00	4.873337e+01
5.340000e-06	9.330987e-07	7.222158e-10	6.639032e+00	4.821901e+01
5.350000e-06	8.883764e-07	7.172667e-10	6.320831e+00	4.769102e+01
5.360000e-06	8.435622e-07	7.065767e-10	6.001976e+00	4.714890e+01
5.370000e-06	7.987614e-07	6.937699e-10	5.683217e+00	4.659211e+01
5.380000e-06	7.539662e-07	6.804544e-10	5.364497e+00	4.602015e+01
5.390000e-06	7.090749e-07	6.697657e-10	5.045094e+00	4.543249e+01
5.400000e-06	6.640551e-07	6.632019e-10	4.724777e+00	4.482860e+01
5.410000e-06	6.189274e-07	6.583669e-10	4.403691e+00	4.420797e+01
5.420000e-06	5.737980e-07	6.536469e-10	4.082594e+00	4.357007e+01
5.430000e-06	5.286432e-07	6.445832e-10	3.761316e+00	4.291435e+01
5.440000e-06	4.833181e-07	6.331789e-10	3.438826e+00	4.224028e+01
5.450000e-06	4.379391e-07	6.200298e-10	3.115953e+00	4.154732e+01
5.460000e-06	3.927655e-07	6.057064e-10	2.794541e+00	4.083492e+01
5.470000e-06	3.475211e-07	5.933565e-10	2.472625e+00	4.010254e+01
5.480000e-06	3.020711e-07	5.830163e-10	2.149247e+00	3.934961e+01
5.490000e-06	2.566268e-07	5.759138e-10	1.825909e+00	3.857559e+01
5.500000e-06	2.112408e-07	5.671159e-10	1.502986e+00	3.777991e+01
5.510000e-06	1.657851e-07	5.538979e-10	1.179567e+00	3.696202e+01
5.520000e-06	1.202526e-07	5.374402e-10	8.556019e-01	3.612137e+01
5.530000e-06	7.476237e-08	5.209874e-10	5.319370e-01	3.525742e+01
5.540000e-06	2.931749e-08	5.094450e-10	2.085950e-01	3.436962e+01
5.550000e-06	-1.605576e-08	4.991806e-10	-1.142373e-01	3.345743e+01
5.560000e-06	-6.141309e-08	4.886168e-10	-4.369564e-01	3.252036e+01
5.570000e-06	-1.068097e-07	4.791787e-10	-7.599550e-01	3.155790e+01
5.580000e-06	-1.522372e-07	4.667170e-10	-1.083173e+00	3.056957e+01
5.590000e-06	-1.976391e-07	4.494808e-10	-1.406210e+00	2.955492e+01
5.600000e-06	-2.430307e-07	4.273621e-10	-1.729172e+00	2.851353e+01
5.610000e-06	-2.883942e-07	4.052672e-10	-2.051935e+00	2.744502e+01
5.620000e-06	-3.337148e-07	3.865035e-10	-2.374393e+00	2.634903e+01
5.630000e-06	-3.790170e-07	3.718253e-10	-2.696720e+00	2.522527e+01
5.640000e-06	-4.242386e-07	3.600500e-10	-3.018473e+00	2.407348e+01
5.650000e-06	-4.694182e-07	3.488096e-10	-3.339928e+00	2.289345e+01
5.660000e-06	-5.146132e-07	3.316671e-10	-3.661492e+00	2.168505e+01
5.670000e-06	-5.597263e-07	3.113014e-10	-3.982473e+00	2.044820e+01
5.680000e-06	-6.046639e-07	2.883107e-10	-4.302206e+00	1.918288e+01
5.690000e-06	-6.494937e-07	2.628517e-10	-4.621171e+00	1.788917e+01
5.700000e-06	-6.942470e-07	2.357311e-10	-4.939593e+00	1.656720e+01
5.710000e-06	-7.389618e-07	2.126641e-10	-5.257740e+00	1.521719e+01
5.720000e-06	-7.836854e-07	1.992853e-10	-5.575951e+00	1.383945e+01
5.730000e-06	-8.283626e-07	1.886611e-10	-5.893831e+00	1.243438e+01
5.740000e-06	-8.730108e-07	1.750694e-10	-6.211504e+00	1.100246e+01
5.750000e-06	-9.175706e-07	1.551532e-10	-6.528549e+00	9.544272e+00
5.760000e-06	-9.620193e-07	1.308965e-10	-6.844803e+00	8.060487e+00
5.770000e-06	-1.006429e-06	1.013554e-10	-7.160779e+00	6.551875e+00
5.780000e-06	-1.050767e-06	7.026034e-11	-7.476248e+00	5.019303e+00
5.790000e-06	-1.095028e-06	3.929037e-11	-7.791164e+00	3.463735e+00
5.800000e-06	-1.139197e-06	1.465303e-11	-8.105428e+00	1.886228e+00
5.810000e-06	-1.183334e-06	-2.435556e-12	-8.419463e+00	2.879363e-01
5.820000e-06	-1.227484e-06	-1.518799e-11	-8.733593e+00	-1.329895e+00
5.830000e-06	-1.271550e-06	-3.110179e-11	-9.047127e+00	-2.965932e+00
5.840000e-06	-1.315502e-06	-5.455734e-11	-9.359842e+00	-4.618754e+00
5.850000e-06	-1.359370e-06	-8.313671e-11	-9.671967e+00	-6.286858e+00
5.860000e-06	-1.403210e-06	-1.136100e-10	-9.983892e+00	-7.968666e+00
5.870000e-06	-1.447031e-06	-1.448941e-10	-1.029568e+01	-9.662527e+00
5.880000e-06	-1.490806e-06	-1.747385e-10	-1.060714e+01	-1.136672e+01
5.890000e-06	-1.534494e-06	-2.002236e-10	-1.091798e+01	-1.307948e+01
5.900000e-06	-1.578141e-06	-2.185458e-10	-1.122853e+01	-1.479898e+01
5.910000e-06	-1.621708e-06	-2.350686e-10	-1.153851e+01	-1.652334e+01
5.920000e-06	-1.665155e-06	-2.565330e-10	-1.184764e+01	-1.825065e+01
5.930000e-06	-1.708491e-06	-2.834872e-10	-1.215598e+01	-1.997899e+01
5.940000e-06	-1.751758e-06	-3.130794e-10	-1.246382e+01	-2.170640e+01
5.950000e-06	-1.794960e-06	-3.423349e-10	-1.277120e+01	-2.343091e+01
5.960000e-06	-1.838015e-06	-3.739854e-10	-1.307755e+01	-2.515056e+01
5.970000e-06	-1.880864e-06	-4.051060e-10	-1.338242e+01	-2.686339e+01
5.980000e-06	-1.923485e-06	-4.333195e-10	-1.368567e+01	-2.856747e+01
5.990000e-06	-1.965950e-06	-4.587665e-10	-1.398780e+01	-3.026086e+01
6.000000e-06	-2.008373e-06	-4.848411e-10	-1.428964e+01	-3.194171e+01
6.010000e-06	-2.050689e-06	-5.152070e-10	-1.459073e+01	-3.360816e+01
6.020000e-06	-2.092736e-06	-5.456167e-10	-1.488989e+01	-3.525844e+01
6.030000e-06	-2.134671e-06	-5.699864e-10	-1.518826e+01	-3.689081e+01
6.040000e-06	-2.176543e-06	-5.923272e-10	-1.548618e+01	-3.850363e+01
6.050000e-06	-2.218241e-06	-6.164719e-10	-1.578286e+01	-4.009531e+01
6.060000e-06	-2.259740e-06	-6.411700e-10	-1.607813e+01	-4.166435e+01
6.070000e-06	-2.301155e-06	-6.637482e-10	-1.637280e+01	-4.320933e+01
6.080000e-06	-2.342472e-06	-6.848571e-10	-1.666677e+01	-4.472893e+01
6.090000e-06	-2.383588e-06	-7.080535e-10	-1.695932e+01	-4.622193e+01
6.100000e-06	-2.424512e-06	-7.337683e-10	-1.725050e+01	-4.768720e+01
6.110000e-06	-2.465201e-06	-7.584134e-10	-1.754000e+01	-4.912373e+01
6.120000e-06	-2.505650e-06	-7.796994e-10	-1.782779e+01	-5.053061e+01
6.130000e-06	-2.545939e-06	-7.945067e-10	-1.811445e+01	-5.190703e+01
6.140000e-06	-2.586112e-06	-8.075620e-10	-1.840028e+01	-5.325229e+01
6.150000e-06	-2.626197e-06	-8.237963e-10	-1.868549e+01	-5.456582e+01
6.160000e-06	-2.666172e-06	-8.428277e-10	-1.896991e+01	-5.584714e+01
6.170000e-06	-2.706038e-06	-8.648180e-10	-1.925356e+01	-5.709588e+01
6.180000e-06	-2.745816e-06	-8.900634e-10	-1.953658e+01	-5.831179e+01
6.190000e-06	-2.785473e-06	-9.145800e-10	-1.981874e+01	-5.949469e+01
6.200000e-06	-2.825079e-06	-9.320188e-10	-2.010054e+01	-6.064454e+01
6.210000e-06	-2.864557e-06	-9.429910e-10	-2.038143e+01	-6.176137e+01
6.220000e-06	-2.903787e-06	-9.525466e-10	-2.066055e+01	-6.284531e+01
6.230000e-06	-2.942761e-06	-9.641079e-10	-2.093785e+01	-6.389657e+01
6.240000e-06	-2.981393e-06	-9.783890e-10	-2.121272e+01	-6.491544e+01
6.250000e-06	-3.019611e-06	-9.944064e-10	-2.148465e+01	-6.590228e+01
6.260000e-06	-3.057525e-06	-1.012880e-09	-2.175440e+01	-6.685754e+01
6.270000e-06	-3.095205e-06	-1.032111e-09	-2.202250e+01	-6.778170e+01
6.280000e-06	-3.132517e-06	-1.047324e-09	-2.228797e+01	-6.867532e+01
6.290000e-06	-3.169395e-06	-1.057520e-09	-2.255036e+01	-6.953899e+01
6.300000e-06	-3.205873e-06	-1.064778e-09	-2.280990e+01	-7.037335e+01
6.310000e-06	-3.242080e-06	-1.073049e-09	-2.306752e+01	-7.117907e+01
6.320000e-06	-3.278172e-06	-1.082070e-09	-2.332432e+01	-7.195685e+01
6.330000e-06	-3.314133e-06	-1.092322e-09	-2.358018e+01	-7.270741e+01
6.340000e-06	-3.349921e-06	-1.107105e-09	-2.383481e+01	-7.343148e+01
6.350000e-06	-3.385549e-06	-1.126531e-09	-2.408830e+01	-7.412979e+01
6.360000e-06	-3.421036e-06	-1.142686e-09	-2.434080e+01	-7.480310e+01
6.370000e-06	-3.456367e-06	-1.151281e-09	-2.459218e+01	-7.545214e+01
6.380000e-06	-3.491432e-06	-1.154682e-09	-2.484166e+01	-7.607765e+01
6.390000e-06	-3.526208e-06	-1.158045e-09	-2.508910e+01	-7.668032e+01
6.400000e-06	-3.560750e-06	-1.163926e-09	-2.533487e+01	-7.726088e+01
6.410000e-06	-3.594995e-06	-1.170685e-09	-2.557852e+01	-7.781999e+01
6.420000e-06	-3.628970e-06	-1.178418e-09	-2.582025e+01	-7.835831e+01
6.430000e-06	-3.662740e-06	-1.189778e-09	-2.606053e+01	-7.887648e+01
6.440000e-06	-3.696313e-06	-1.201834e-09	-2.629940e+01	-7.937508e+01
6.450000e-06	-3.729709e-06	-1.210708e-09	-2.653701e+01	-7.985470e+01
6.460000e-06	-3.762585e-06	-1.216829e-09	-2.677093e+01	-8.031588e+01
6.470000e-06	-3.795015e-06	-1.221907e-09	-2.700167e+01	-8.075912e+01
6.480000e-06	-3.827310e-06	-1.229561e-09	-2.723145e+01	-8.118492e+01
6.490000e-06	-3.859404e-06	-1.238206e-09	-2.745980e+01	-8.159371e+01
6.500000e-06	-3.891349e-06	-1.243211e-09	-2.768709e+01	-8.198593e+01
6.510000e-06	-3.923144e-06	-1.246483e-09	-2.791331e+01	-8.236197e+01
6.520000e-06	-3.954760e-06	-1.252466e-09	-2.813827e+01	-8.272220e+01
6.530000e-06	-3.986170e-06	-1.258453e-09	-2.836174e+01	-8.306698e+01
6.540000e-06	-4.017296e-06	-1.261733e-09	-2.858321e+01	-8.339663e+01
6.550000e-06	-4.048061e-06	-1.265656e-09	-2.880210e+01	-8.371146e+01
6.560000e-06	-4.078428e-06	-1.274801e-09	-2.901817e+01	-8.401178e+01
6.570000e-06	-4.108375e-06	-1.285148e-09	-2.923124e+01	-8.429787e+01
6.580000e-06	-4.137754e-06	-1.292684e-09	-2.944027e+01	-8.457001e+01
6.590000e-06	-4.166555e-06	-1.296298e-09	-2.964519e+01	-8.482848e+01
6.600000e-06	-4.194975e-06	-1.298581e-09	-2.984740e+01	-8.507355e+01
6.610000e-06	-4.223078e-06	-1.299445e-09	-3.004736e+01	-8.530549e+01
6.620000e-06	-4.250990e-06	-1.299608e-09	-3.024595e+01	-8.552459e+01
6.630000e-06	-4.278787e-06	-1.302444e-09	-3.044373e+01	-8.573112e+01
6.640000e-06	-4.306433e-06	-1.308743e-09	-3.064043e+01	-8.592539e+01
6.650000e-06	-4.333869e-06	-1.316642e-09	-3.083564e+01	-8.610769e+01
6.660000e-06	-4.360905e-06	-1.321946e-09	-3.102800e+01	-8.627835e+01
6.670000e-06	-4.387582e-06	-1.326826e-09	-3.121781e+01	-8.643770e+01
6.680000e-06	-4.413972e-06	-1.332562e-09	-3.140557e+01	-8.658608e+01
6.690000e-06	-4.440053e-06	-1.334152e-09	-3.159114e+01	-8.672387e+01
6.700000e-06	-4.465895e-06	-1.330846e-09	-3.177501e+01	-8.685143e+01
6.710000e-06	-4.491472e-06	-1.326864e-09	-3.195699e+01	-8.696918e+01
6.720000e-06	-4.516652e-06	-1.328181e-09	-3.213614e+01	-8.707752e+01
6.730000e-06	-4.541471e-06	-1.333608e-09	-3.231273e+01	-8.717687e+01
6.740000e-06	-4.565970e-06	-1.336863e-09	-3.248704e+01	-8.726768e+01
6.750000e-06	-4.590104e-06	-1.340713e-09	-3.265876e+01	-8.735040e+01
6.760000e-06	-4.614050e-06	-1.348619e-09	-3.282913e+01	-8.742549e+01
6.770000e-06	-4.637922e-06	-1.355464e-09	-3.299899e+01	-8.749341e+01
6.780000e-06	-4.661625e-06	-1.354198e-09	-3.316764e+01	-8.755465e+01
6.790000e-06	-4.685001e-06	-1.350617e-09	-3.333396e+01	-8.760966e+01
6.800000e-06	-4.708047e-06	-1.349601e-09	-3.349792e+01	-8.765893e+01
6.810000e-06	-4.730630e-06	-1.350358e-09	-3.365860e+01	-8.770291e+01
6.820000e-06	-4.752636e-06	-1.351987e-09	-3.381518e+01	-8.774206e+01
6.830000e-06	-4.774081e-06	-1.351166e-09	-3.396776e+01	-8.777682e+01
6.840000e-06	-4.794981e-06	-1.352174e-09	-3.411646e+01	-8.780763e+01
6.850000e-06	-4.815435e-06	-1.357485e-09	-3.426200e+01	-8.783488e+01
6.860000e-06	-4.835554e-06	-1.361494e-09	-3.440514e+01	-8.785896e+01
6.870000e-06	-4.855495e-06	-1.361551e-09	-3.454702e+01	-8.788023e+01
6.880000e-06	-4.875231e-06	-1.360410e-09	-3.468745e+01	-8.789902e+01
6.890000e-06	-4.894728e-06	-1.361087e-09	-3.482617e+01	-8.791561e+01
6.900000e-06	-4.913886e-06	-1.361867e-09	-3.496248e+01	-8.793026e+01
6.910000e-06	-4.932664e-06	-1.360316e-09	-3.509609e+01	-8.794321e+01
6.920000e-06	-4.951189e-06	-1.360022e-09	-3.522789e+01	-8.795462e+01
6.930000e-06	-4.969388e-06	-1.363577e-09	-3.535738e+01	-8.796464e+01
6.940000e-06	-4.987189e-06	-1.367607e-09	-3.548403e+01	-8.797336e+01
6.950000e-06	-5.004683e-06	-1.368779e-09	-3.560850e+01	-8.798085e+01
6.960000e-06	-5.021845e-06	-1.367952e-09	-3.573061e+01	-8.798712e+01
6.970000e-06	-5.038584e-06	-1.368155e-09	-3.584971e+01	-8.799212e+01
6.980000e-06	-5.054962e-06	-1.370168e-09	-3.596624e+01	-8.799580e+01
6.990000e-06	-5.071089e-06	-1.370355e-09	-3.608098e+01	-8.799804e+01
7.000000e-06	-5.087004e-06	-1.368060e-09	-3.619422e+01	-8.799870e+01
7.010000e-06	-5.102703e-06	-1.364997e-09	-3.630592e+01	-8.799757e+01
7.020000e-06	-5.118069e-06	-1.363076e-09	-3.641525e+01	-8.799446e+01
7.030000e-06	-5.132951e-06	-1.362531e-09	-3.652114e+01	-8.798910e+01
7.040000e-06	-5.147194e-06	-1.361335e-09	-3.662248e+01	-8.798123e+01
7.050000e-06	-5.160705e-06	-1.359906e-09	-3.671861e+01	-8.797054e+01
7.060000e-06	-5.173684e-06	-1.359286e-09	-3.681095e+01	-8.795672e+01
7.070000e-06	-5.186274e-06	-1.358846e-09	-3.690053e+01	-8.793945e+01
7.080000e-06	-5.198593e-06	-1.355743e-09	-3.698818e+01	-8.791838e+01
7.090000e-06	-5.210633e-06	-1.352778e-09	-3.707384e+01	-8.789319e+01
7.100000e-06	-5.222222e-06	-1.352893e-09	-3.715630e+01	-8.786354e+01
7.110000e-06	-5.233397e-06	-1.351987e-09	-3.723581e+01	-8.782909e+01
7.120000e-06	-5.244219e-06	-1.349298e-09	-3.731281e+01	-8.778953e+01
7.130000e-06	-5.254636e-06	-1.347568e-09	-3.738693e+01	-8.774457e+01
7.140000e-06	-5.264731e-06	-1.348404e-09	-3.745876e+01	-8.769393e+01
7.150000e-06	-5.274522e-06	-1.350089e-09	-3.752841e+01	-8.763737e+01
7.160000e-06	-5.283896e-06	-1.347726e-09	-3.759511e+01	-8.757467e+01
7.170000e-06	-5.292798e-06	-1.341308e-09	-3.765845e+01	-8.750566e+01
7.180000e-06	-5.301296e-06	-1.336984e-09	-3.771892e+01	-8.743020e+01
7.190000e-06	-5.309532e-06	-1.337910e-09	-3.777752e+01	-8.734821e+01
7.200000e-06	-5.317525e-06	-1.339354e-09	-3.783439e+01	-8.725965e+01
7.210000e-06	-5.325316e-06	-1.338253e-09	-3.788982e+01	-8.716452e+01
7.220000e-06	-5.332843e-06	-1.337040e-09	-3.794338e+01	-8.706288e+01
7.230000e-06	-5.340015e-06	-1.337767e-09	-3.799440e+01	-8.695486e+01
7.240000e-06	-5.346739e-06	-1.338158e-09	-3.804224e+01	-8.684062e+01
7.250000e-06	-5.352902e-06	-1.337323e-09	-3.808609e+01	-8.672039e+01
7.260000e-06	-5.358377e-06	-1.334946e-09	-3.812505e+01	-8.659445e+01
7.270000e-06	-5.363277e-06	-1.333467e-09	-3.815991e+01	-8.646313e+01
7.280000e-06	-5.367686e-06	-1.331882e-09	-3.819128e+01	-8.632684e+01
7.290000e-06	-5.371709e-06	-1.327794e-09	-3.821991e+01	-8.618599e+01
7.300000e-06	-5.375517e-06	-1.322005e-09	-3.824700e+01	-8.604107e+01
7.310000e-06	-5.379073e-06	-1.317106e-09	-3.827230e+01	-8.589262e+01
7.320000e-06	-5.382406e-06	-1.315289e-09	-3.829602e+01	-8.574121e+01
7.330000e-06	-5.385447e-06	-1.315189e-09	-3.831765e+01	-8.558742e+01
7.340000e-06	-5.388022e-06	-1.316718e-09	-3.833597e+01	-8.543189e+01
7.350000e-06	-5.390217e-06	-1.318545e-09	-3.835159e+01	-8.527529e+01
7.360000e-06	-5.392176e-06	-1.318771e-09	-3.836553e+01	-8.511828e+01
7.370000e-06	-5.393856e-06	-1.317343e-09	-3.837748e+01	-8.496156e+01
7.380000e-06	-5.395045e-06	-1.313357e-09	-3.838595e+01	-8.480581e+01
7.390000e-06	-5.395588e-06	-1.307930e-09	-3.838981e+01	-8.465173e+01
7.400000e-06	-5.395812e-06	-1.304900e-09	-3.839140e+01	-8.449999e+01
