# Temperatura_=_14.93
# Concentracion g/m^3_=_4090.0
# C_Vs_to_Am_M_A/Vsm_=_65563218390.804596
# pendiente_HvsI_1/m_=_3716.3
# ordenada_HvsI_A/m_=_1297.0
# frecuencia_Hz_=_135086.78585743552

Tiempo_(s)	Campo_(V.s)	Magnetizacion_(V.s)	Campo_(kA/m)	Magnetizacion_(A/m)
0.000000e+00	-5.403353e-06	-1.240469e-09	-3.838743e+01	-8.432363e+01
1.000000e-08	-5.403527e-06	-1.238703e-09	-3.838867e+01	-8.422192e+01
2.000000e-08	-5.403419e-06	-1.237297e-09	-3.838790e+01	-8.412787e+01
3.000000e-08	-5.403114e-06	-1.235796e-09	-3.838573e+01	-8.404224e+01
4.000000e-08	-5.402568e-06	-1.235674e-09	-3.838186e+01	-8.396570e+01
5.000000e-08	-5.401545e-06	-1.235524e-09	-3.837459e+01	-8.389886e+01
6.000000e-08	-5.399923e-06	-1.229226e-09	-3.836306e+01	-8.384223e+01
7.000000e-08	-5.397669e-06	-1.223238e-09	-3.834705e+01	-8.379627e+01
8.000000e-08	-5.394754e-06	-1.234883e-09	-3.832634e+01	-8.376133e+01
9.000000e-08	-5.391267e-06	-1.232562e-09	-3.830157e+01	-8.373765e+01
1.000000e-07	-5.387270e-06	-1.212617e-09	-3.827317e+01	-8.372540e+01
1.100000e-07	-5.383003e-06	-1.249141e-09	-3.824286e+01	-8.372464e+01
1.200000e-07	-5.378623e-06	-1.238822e-09	-3.821174e+01	-8.373530e+01
1.300000e-07	-5.373939e-06	-1.236977e-09	-3.817847e+01	-8.375724e+01
1.400000e-07	-5.368861e-06	-1.196034e-09	-3.814239e+01	-8.379020e+01
1.500000e-07	-5.363393e-06	-1.241471e-09	-3.810354e+01	-8.383380e+01
1.600000e-07	-5.357577e-06	-1.292450e-09	-3.806222e+01	-8.388759e+01
1.700000e-07	-5.351405e-06	-1.225896e-09	-3.801838e+01	-8.395100e+01
1.800000e-07	-5.344767e-06	-1.200378e-09	-3.797122e+01	-8.402336e+01
1.900000e-07	-5.337714e-06	-1.242365e-09	-3.792111e+01	-8.410393e+01
2.000000e-07	-5.330406e-06	-1.325826e-09	-3.786919e+01	-8.419187e+01
2.100000e-07	-5.322860e-06	-1.261609e-09	-3.781558e+01	-8.428626e+01
2.200000e-07	-5.314980e-06	-1.264832e-09	-3.775960e+01	-8.438613e+01
2.300000e-07	-5.306899e-06	-1.329039e-09	-3.770219e+01	-8.449042e+01
2.400000e-07	-5.298599e-06	-1.369391e-09	-3.764322e+01	-8.459805e+01
2.500000e-07	-5.289722e-06	-1.325826e-09	-3.758015e+01	-8.470786e+01
2.600000e-07	-5.280189e-06	-1.373246e-09	-3.751243e+01	-8.481869e+01
2.700000e-07	-5.270018e-06	-1.405552e-09	-3.744017e+01	-8.492933e+01
2.800000e-07	-5.259318e-06	-1.370148e-09	-3.736416e+01	-8.503857e+01
2.900000e-07	-5.248165e-06	-1.316885e-09	-3.728492e+01	-8.514519e+01
3.000000e-07	-5.236605e-06	-1.348860e-09	-3.720279e+01	-8.524800e+01
3.100000e-07	-5.224619e-06	-1.368538e-09	-3.711764e+01	-8.534579e+01
3.200000e-07	-5.212217e-06	-1.334350e-09	-3.702953e+01	-8.543740e+01
3.300000e-07	-5.199465e-06	-1.344835e-09	-3.693894e+01	-8.552171e+01
3.400000e-07	-5.186292e-06	-1.378252e-09	-3.684535e+01	-8.559765e+01
3.500000e-07	-5.172742e-06	-1.367194e-09	-3.674909e+01	-8.566420e+01
3.600000e-07	-5.158808e-06	-1.346730e-09	-3.665010e+01	-8.572039e+01
3.700000e-07	-5.144492e-06	-1.358987e-09	-3.654839e+01	-8.576536e+01
3.800000e-07	-5.129730e-06	-1.335722e-09	-3.644351e+01	-8.579829e+01
3.900000e-07	-5.114224e-06	-1.306578e-09	-3.633336e+01	-8.581848e+01
4.000000e-07	-5.098113e-06	-1.330308e-09	-3.621889e+01	-8.582531e+01
4.100000e-07	-5.081503e-06	-1.354022e-09	-3.610089e+01	-8.581824e+01
4.200000e-07	-5.064476e-06	-1.316244e-09	-3.597992e+01	-8.579686e+01
4.300000e-07	-5.047328e-06	-1.328266e-09	-3.585810e+01	-8.576084e+01
4.400000e-07	-5.029975e-06	-1.347309e-09	-3.573482e+01	-8.570996e+01
4.500000e-07	-5.012327e-06	-1.342786e-09	-3.560944e+01	-8.564411e+01
4.600000e-07	-4.994361e-06	-1.310620e-09	-3.548180e+01	-8.556329e+01
4.700000e-07	-4.975995e-06	-1.330621e-09	-3.535132e+01	-8.546758e+01
4.800000e-07	-4.957260e-06	-1.319271e-09	-3.521822e+01	-8.535718e+01
4.900000e-07	-4.938136e-06	-1.316179e-09	-3.508236e+01	-8.523238e+01
5.000000e-07	-4.918590e-06	-1.305233e-09	-3.494350e+01	-8.509357e+01
5.100000e-07	-4.898820e-06	-1.302016e-09	-3.480304e+01	-8.494121e+01
5.200000e-07	-4.878838e-06	-1.285560e-09	-3.466108e+01	-8.477587e+01
5.300000e-07	-4.858627e-06	-1.309489e-09	-3.451750e+01	-8.459818e+01
5.400000e-07	-4.838217e-06	-1.308114e-09	-3.437250e+01	-8.440882e+01
5.500000e-07	-4.817423e-06	-1.299971e-09	-3.422477e+01	-8.420856e+01
5.600000e-07	-4.796159e-06	-1.294630e-09	-3.407370e+01	-8.399821e+01
5.700000e-07	-4.774519e-06	-1.304562e-09	-3.391996e+01	-8.377862e+01
5.800000e-07	-4.752636e-06	-1.282316e-09	-3.376450e+01	-8.355067e+01
5.900000e-07	-4.730574e-06	-1.263410e-09	-3.360776e+01	-8.331528e+01
6.000000e-07	-4.708141e-06	-1.256802e-09	-3.344839e+01	-8.307337e+01
6.100000e-07	-4.685275e-06	-1.262176e-09	-3.328594e+01	-8.282587e+01
6.200000e-07	-4.662029e-06	-1.269387e-09	-3.312079e+01	-8.257373e+01
6.300000e-07	-4.638414e-06	-1.272577e-09	-3.295302e+01	-8.231785e+01
6.400000e-07	-4.614627e-06	-1.272584e-09	-3.278403e+01	-8.205913e+01
6.500000e-07	-4.590754e-06	-1.275021e-09	-3.261443e+01	-8.179845e+01
6.600000e-07	-4.566618e-06	-1.277214e-09	-3.244296e+01	-8.153663e+01
6.700000e-07	-4.542184e-06	-1.260510e-09	-3.226937e+01	-8.127447e+01
6.800000e-07	-4.517381e-06	-1.246677e-09	-3.209316e+01	-8.101271e+01
6.900000e-07	-4.492219e-06	-1.238708e-09	-3.191440e+01	-8.075203e+01
7.000000e-07	-4.466598e-06	-1.243772e-09	-3.173238e+01	-8.049304e+01
7.100000e-07	-4.440378e-06	-1.238343e-09	-3.154610e+01	-8.023632e+01
7.200000e-07	-4.413702e-06	-1.238983e-09	-3.135658e+01	-7.998234e+01
7.300000e-07	-4.386578e-06	-1.237411e-09	-3.116389e+01	-7.973152e+01
7.400000e-07	-4.359050e-06	-1.246778e-09	-3.096831e+01	-7.948419e+01
7.500000e-07	-4.331303e-06	-1.238858e-09	-3.077119e+01	-7.924062e+01
7.600000e-07	-4.303394e-06	-1.232678e-09	-3.057291e+01	-7.900100e+01
7.700000e-07	-4.275332e-06	-1.220408e-09	-3.037355e+01	-7.876543e+01
7.800000e-07	-4.246966e-06	-1.221754e-09	-3.017203e+01	-7.853396e+01
7.900000e-07	-4.218253e-06	-1.213395e-09	-2.996804e+01	-7.830655e+01
8.000000e-07	-4.189295e-06	-1.208544e-09	-2.976231e+01	-7.808310e+01
8.100000e-07	-4.160016e-06	-1.201409e-09	-2.955431e+01	-7.786344e+01
8.200000e-07	-4.130485e-06	-1.205889e-09	-2.934450e+01	-7.764733e+01
8.300000e-07	-4.100744e-06	-1.210203e-09	-2.913322e+01	-7.743449e+01
8.400000e-07	-4.070698e-06	-1.213640e-09	-2.891976e+01	-7.722458e+01
8.500000e-07	-4.040361e-06	-1.207472e-09	-2.870423e+01	-7.701722e+01
8.600000e-07	-4.009740e-06	-1.204924e-09	-2.848669e+01	-7.681199e+01
8.700000e-07	-3.978732e-06	-1.199965e-09	-2.826639e+01	-7.660842e+01
8.800000e-07	-3.947420e-06	-1.192344e-09	-2.804394e+01	-7.640603e+01
8.900000e-07	-3.915966e-06	-1.179360e-09	-2.782049e+01	-7.620433e+01
9.000000e-07	-3.884354e-06	-1.173385e-09	-2.759590e+01	-7.600279e+01
9.100000e-07	-3.852544e-06	-1.175984e-09	-2.736991e+01	-7.580089e+01
9.200000e-07	-3.820535e-06	-1.183488e-09	-2.714250e+01	-7.559811e+01
9.300000e-07	-3.788360e-06	-1.188222e-09	-2.691392e+01	-7.539394e+01
9.400000e-07	-3.755962e-06	-1.188836e-09	-2.668375e+01	-7.518788e+01
9.500000e-07	-3.723263e-06	-1.188726e-09	-2.645145e+01	-7.497943e+01
9.600000e-07	-3.690174e-06	-1.183082e-09	-2.621637e+01	-7.476814e+01
9.700000e-07	-3.656719e-06	-1.172146e-09	-2.597870e+01	-7.455358e+01
9.800000e-07	-3.623001e-06	-1.155381e-09	-2.573915e+01	-7.433536e+01
9.900000e-07	-3.588889e-06	-1.149126e-09	-2.549681e+01	-7.411310e+01
1.000000e-06	-3.554308e-06	-1.150274e-09	-2.525113e+01	-7.388650e+01
1.010000e-06	-3.519329e-06	-1.157656e-09	-2.500263e+01	-7.365527e+01
1.020000e-06	-3.484073e-06	-1.157132e-09	-2.475216e+01	-7.341919e+01
1.030000e-06	-3.448630e-06	-1.154330e-09	-2.450035e+01	-7.317807e+01
1.040000e-06	-3.412950e-06	-1.147759e-09	-2.424687e+01	-7.293177e+01
1.050000e-06	-3.377032e-06	-1.143025e-09	-2.399169e+01	-7.268020e+01
1.060000e-06	-3.340962e-06	-1.132288e-09	-2.373544e+01	-7.242332e+01
1.070000e-06	-3.304695e-06	-1.124159e-09	-2.347778e+01	-7.216114e+01
1.080000e-06	-3.268185e-06	-1.117613e-09	-2.321840e+01	-7.189368e+01
1.090000e-06	-3.231458e-06	-1.117273e-09	-2.295748e+01	-7.162105e+01
1.100000e-06	-3.194553e-06	-1.115842e-09	-2.269529e+01	-7.134337e+01
1.110000e-06	-3.157436e-06	-1.114231e-09	-2.243161e+01	-7.106080e+01
1.120000e-06	-3.120007e-06	-1.109948e-09	-2.216569e+01	-7.077352e+01
1.130000e-06	-3.082289e-06	-1.106480e-09	-2.189773e+01	-7.048177e+01
1.140000e-06	-3.044475e-06	-1.098877e-09	-2.162909e+01	-7.018578e+01
1.150000e-06	-3.006519e-06	-1.091291e-09	-2.135943e+01	-6.988582e+01
1.160000e-06	-2.968315e-06	-1.082631e-09	-2.108802e+01	-6.958215e+01
1.170000e-06	-2.929922e-06	-1.079150e-09	-2.081525e+01	-6.927506e+01
1.180000e-06	-2.891326e-06	-1.075648e-09	-2.054106e+01	-6.896483e+01
1.190000e-06	-2.852555e-06	-1.068736e-09	-2.026561e+01	-6.865176e+01
1.200000e-06	-2.813572e-06	-1.061082e-09	-1.998866e+01	-6.833611e+01
1.210000e-06	-2.774404e-06	-1.057756e-09	-1.971040e+01	-6.801816e+01
1.220000e-06	-2.735081e-06	-1.055727e-09	-1.943103e+01	-6.769816e+01
1.230000e-06	-2.695580e-06	-1.051663e-09	-1.915041e+01	-6.737634e+01
1.240000e-06	-2.655908e-06	-1.045893e-09	-1.886856e+01	-6.705292e+01
1.250000e-06	-2.616106e-06	-1.039130e-09	-1.858579e+01	-6.672806e+01
1.260000e-06	-2.576169e-06	-1.035709e-09	-1.830206e+01	-6.640193e+01
1.270000e-06	-2.536116e-06	-1.028740e-09	-1.801752e+01	-6.607464e+01
1.280000e-06	-2.495976e-06	-1.018516e-09	-1.773235e+01	-6.574627e+01
1.290000e-06	-2.455738e-06	-1.009980e-09	-1.744648e+01	-6.541688e+01
1.300000e-06	-2.415345e-06	-1.007855e-09	-1.715951e+01	-6.508647e+01
1.310000e-06	-2.374765e-06	-1.004834e-09	-1.687121e+01	-6.475501e+01
1.320000e-06	-2.334029e-06	-9.983397e-10	-1.658181e+01	-6.442243e+01
1.330000e-06	-2.293064e-06	-9.892842e-10	-1.629078e+01	-6.408862e+01
1.340000e-06	-2.251862e-06	-9.858583e-10	-1.599807e+01	-6.375344e+01
1.350000e-06	-2.210398e-06	-9.833169e-10	-1.570349e+01	-6.341668e+01
1.360000e-06	-2.168698e-06	-9.780826e-10	-1.540724e+01	-6.307815e+01
1.370000e-06	-2.126677e-06	-9.688502e-10	-1.510870e+01	-6.273757e+01
1.380000e-06	-2.084356e-06	-9.628024e-10	-1.480804e+01	-6.239467e+01
1.390000e-06	-2.041739e-06	-9.587512e-10	-1.450528e+01	-6.204913e+01
1.400000e-06	-1.998808e-06	-9.533074e-10	-1.420028e+01	-6.170060e+01
1.410000e-06	-1.955768e-06	-9.425220e-10	-1.389450e+01	-6.134872e+01
1.420000e-06	-1.912554e-06	-9.344535e-10	-1.358750e+01	-6.099311e+01
1.430000e-06	-1.869151e-06	-9.329027e-10	-1.327915e+01	-6.063336e+01
1.440000e-06	-1.825556e-06	-9.339798e-10	-1.296943e+01	-6.026906e+01
1.450000e-06	-1.781873e-06	-9.307111e-10	-1.265909e+01	-5.989979e+01
1.460000e-06	-1.738149e-06	-9.244995e-10	-1.234845e+01	-5.952511e+01
1.470000e-06	-1.694262e-06	-9.184851e-10	-1.203667e+01	-5.914460e+01
1.480000e-06	-1.650333e-06	-9.116887e-10	-1.172458e+01	-5.875782e+01
1.490000e-06	-1.606388e-06	-9.034787e-10	-1.141238e+01	-5.836433e+01
1.500000e-06	-1.562350e-06	-8.961409e-10	-1.109952e+01	-5.796372e+01
1.510000e-06	-1.518224e-06	-8.925010e-10	-1.078603e+01	-5.755557e+01
1.520000e-06	-1.474039e-06	-8.913380e-10	-1.047212e+01	-5.713947e+01
1.530000e-06	-1.429732e-06	-8.856738e-10	-1.015735e+01	-5.671502e+01
1.540000e-06	-1.385386e-06	-8.762182e-10	-9.842296e+00	-5.628186e+01
1.550000e-06	-1.340998e-06	-8.650957e-10	-9.526949e+00	-5.583960e+01
1.560000e-06	-1.296545e-06	-8.550353e-10	-9.211136e+00	-5.538789e+01
1.570000e-06	-1.252032e-06	-8.480572e-10	-8.894900e+00	-5.492639e+01
1.580000e-06	-1.207420e-06	-8.437683e-10	-8.577961e+00	-5.445478e+01
1.590000e-06	-1.162762e-06	-8.396793e-10	-8.260694e+00	-5.397275e+01
1.600000e-06	-1.117975e-06	-8.307882e-10	-7.942511e+00	-5.347998e+01
1.610000e-06	-1.073029e-06	-8.200749e-10	-7.623200e+00	-5.297620e+01
1.620000e-06	-1.028038e-06	-8.084839e-10	-7.303562e+00	-5.246111e+01
1.630000e-06	-9.829916e-07	-7.974044e-10	-6.983539e+00	-5.193445e+01
1.640000e-06	-9.378141e-07	-7.897549e-10	-6.662581e+00	-5.139593e+01
1.650000e-06	-8.925684e-07	-7.851231e-10	-6.341138e+00	-5.084529e+01
1.660000e-06	-8.472697e-07	-7.795051e-10	-6.019320e+00	-5.028225e+01
1.670000e-06	-8.019093e-07	-7.729503e-10	-5.697062e+00	-4.970654e+01
1.680000e-06	-7.565256e-07	-7.642552e-10	-5.374640e+00	-4.911786e+01
1.690000e-06	-7.111531e-07	-7.526112e-10	-5.052296e+00	-4.851591e+01
1.700000e-06	-6.656580e-07	-7.368317e-10	-4.729083e+00	-4.790039e+01
1.710000e-06	-6.201170e-07	-7.231011e-10	-4.405542e+00	-4.727096e+01
1.720000e-06	-5.746005e-07	-7.146963e-10	-4.082176e+00	-4.662727e+01
1.730000e-06	-5.289776e-07	-7.100595e-10	-3.758054e+00	-4.596896e+01
1.740000e-06	-4.832907e-07	-7.043423e-10	-3.433477e+00	-4.529562e+01
1.750000e-06	-4.375665e-07	-6.954987e-10	-3.108635e+00	-4.460683e+01
1.760000e-06	-3.918381e-07	-6.829515e-10	-2.783764e+00	-4.390215e+01
1.770000e-06	-3.460443e-07	-6.686422e-10	-2.458428e+00	-4.318108e+01
1.780000e-06	-3.002167e-07	-6.508618e-10	-2.132851e+00	-4.244312e+01
1.790000e-06	-2.544014e-07	-6.339745e-10	-1.807362e+00	-4.168773e+01
1.800000e-06	-2.085059e-07	-6.202246e-10	-1.481304e+00	-4.091435e+01
1.810000e-06	-1.626781e-07	-6.083283e-10	-1.155726e+00	-4.012237e+01
1.820000e-06	-1.168400e-07	-6.001353e-10	-8.300752e-01	-3.931117e+01
1.830000e-06	-7.088280e-08	-5.919919e-10	-5.035778e-01	-3.848011e+01
1.840000e-06	-2.498999e-08	-5.812383e-10	-1.775382e-01	-3.762851e+01
1.850000e-06	2.086925e-08	-5.707271e-10	1.482629e-01	-3.675570e+01
1.860000e-06	6.671839e-08	-5.571081e-10	4.739923e-01	-3.586098e+01
1.870000e-06	1.125570e-07	-5.392548e-10	7.996472e-01	-3.494363e+01
1.880000e-06	1.583636e-07	-5.206008e-10	1.125074e+00	-3.400295e+01
1.890000e-06	2.041294e-07	-5.012836e-10	1.450211e+00	-3.303824e+01
1.900000e-06	2.499273e-07	-4.823442e-10	1.775577e+00	-3.204878e+01
1.910000e-06	2.957156e-07	-4.636948e-10	2.100874e+00	-3.103390e+01
1.920000e-06	3.414201e-07	-4.458854e-10	2.425575e+00	-2.999293e+01
1.930000e-06	3.870770e-07	-4.294178e-10	2.749940e+00	-2.892524e+01
1.940000e-06	4.327287e-07	-4.144826e-10	3.074266e+00	-2.783024e+01
1.950000e-06	4.783255e-07	-3.971023e-10	3.398203e+00	-2.670737e+01
1.960000e-06	5.238654e-07	-3.788461e-10	3.721735e+00	-2.555613e+01
1.970000e-06	5.694093e-07	-3.585350e-10	4.045296e+00	-2.437609e+01
1.980000e-06	6.149699e-07	-3.341629e-10	4.368975e+00	-2.316686e+01
1.990000e-06	6.604972e-07	-3.089382e-10	4.692418e+00	-2.192816e+01
2.000000e-06	7.058981e-07	-2.857815e-10	5.014963e+00	-2.065975e+01
2.010000e-06	7.512479e-07	-2.666602e-10	5.337145e+00	-1.936152e+01
2.020000e-06	7.966179e-07	-2.497186e-10	5.659471e+00	-1.803342e+01
2.030000e-06	8.419545e-07	-2.313269e-10	5.981558e+00	-1.667552e+01
2.040000e-06	8.871600e-07	-2.121819e-10	6.302715e+00	-1.528800e+01
2.050000e-06	9.321804e-07	-1.927039e-10	6.622557e+00	-1.387113e+01
2.060000e-06	9.771686e-07	-1.709062e-10	6.942170e+00	-1.242530e+01
2.070000e-06	1.022213e-06	-1.448119e-10	7.262183e+00	-1.095103e+01
2.080000e-06	1.067140e-06	-1.162841e-10	7.581357e+00	-9.448943e+00
2.090000e-06	1.111971e-06	-9.081836e-11	7.899853e+00	-7.919797e+00
2.100000e-06	1.156728e-06	-6.848817e-11	8.217825e+00	-6.364461e+00
2.110000e-06	1.201373e-06	-4.690284e-11	8.535003e+00	-4.783927e+00
2.120000e-06	1.246003e-06	-2.462539e-11	8.852070e+00	-3.179308e+00
2.130000e-06	1.290530e-06	-2.956801e-12	9.168403e+00	-1.551834e+00
2.140000e-06	1.334887e-06	1.708856e-11	9.483538e+00	9.715262e-02
2.150000e-06	1.379178e-06	3.949013e-11	9.798196e+00	1.766197e+00
2.160000e-06	1.423404e-06	6.638896e-11	1.011240e+01	3.453742e+00
2.170000e-06	1.467536e-06	9.457330e-11	1.042592e+01	5.158128e+00
2.180000e-06	1.511655e-06	1.202361e-10	1.073936e+01	6.877606e+00
2.190000e-06	1.555770e-06	1.443892e-10	1.105277e+01	8.610341e+00
2.200000e-06	1.599824e-06	1.689725e-10	1.136575e+01	1.035442e+01
2.210000e-06	1.643807e-06	1.936775e-10	1.167822e+01	1.210787e+01
2.220000e-06	1.687771e-06	2.172453e-10	1.199055e+01	1.386864e+01
2.230000e-06	1.731650e-06	2.412294e-10	1.230228e+01	1.563465e+01
2.240000e-06	1.775423e-06	2.702255e-10	1.261326e+01	1.740377e+01
2.250000e-06	1.819142e-06	3.032828e-10	1.292386e+01	1.917386e+01
2.260000e-06	1.862744e-06	3.339192e-10	1.323363e+01	2.094274e+01
2.270000e-06	1.906152e-06	3.611590e-10	1.354202e+01	2.270824e+01
2.280000e-06	1.949343e-06	3.862758e-10	1.384886e+01	2.446819e+01
2.290000e-06	1.992370e-06	4.095904e-10	1.415454e+01	2.622043e+01
2.300000e-06	2.035278e-06	4.317031e-10	1.445938e+01	2.796285e+01
2.310000e-06	2.077913e-06	4.539321e-10	1.476227e+01	2.969335e+01
2.320000e-06	2.120157e-06	4.793118e-10	1.506238e+01	3.140990e+01
2.330000e-06	2.162043e-06	5.082057e-10	1.535996e+01	3.311052e+01
2.340000e-06	2.203606e-06	5.360973e-10	1.565524e+01	3.479330e+01
2.350000e-06	2.245077e-06	5.607728e-10	1.594986e+01	3.645641e+01
2.360000e-06	2.286372e-06	5.843998e-10	1.624324e+01	3.809809e+01
2.370000e-06	2.327283e-06	6.087161e-10	1.653389e+01	3.971670e+01
2.380000e-06	2.367924e-06	6.342289e-10	1.682261e+01	4.131068e+01
2.390000e-06	2.408367e-06	6.591569e-10	1.710994e+01	4.287857e+01
2.400000e-06	2.448656e-06	6.835757e-10	1.739616e+01	4.441905e+01
2.410000e-06	2.488822e-06	7.061415e-10	1.768152e+01	4.593087e+01
2.420000e-06	2.528929e-06	7.277145e-10	1.796645e+01	4.741295e+01
2.430000e-06	2.568982e-06	7.513213e-10	1.825100e+01	4.886429e+01
2.440000e-06	2.608935e-06	7.766314e-10	1.853485e+01	5.028403e+01
2.450000e-06	2.648746e-06	7.984965e-10	1.881768e+01	5.167142e+01
2.460000e-06	2.688408e-06	8.185027e-10	1.909945e+01	5.302585e+01
2.470000e-06	2.727977e-06	8.401786e-10	1.938056e+01	5.434680e+01
2.480000e-06	2.767398e-06	8.606680e-10	1.966062e+01	5.563391e+01
2.490000e-06	2.806563e-06	8.790010e-10	1.993887e+01	5.688690e+01
2.500000e-06	2.845453e-06	8.960411e-10	2.021516e+01	5.810561e+01
2.510000e-06	2.884118e-06	9.156959e-10	2.048985e+01	5.928999e+01
2.520000e-06	2.922622e-06	9.383016e-10	2.076340e+01	6.044009e+01
2.530000e-06	2.960940e-06	9.606014e-10	2.103562e+01	6.155605e+01
2.540000e-06	2.999068e-06	9.808822e-10	2.130650e+01	6.263810e+01
2.550000e-06	3.037076e-06	9.986149e-10	2.157652e+01	6.368656e+01
2.560000e-06	3.074869e-06	1.014419e-09	2.184502e+01	6.470181e+01
2.570000e-06	3.112321e-06	1.028718e-09	2.211109e+01	6.568431e+01
2.580000e-06	3.149557e-06	1.040098e-09	2.237563e+01	6.663458e+01
2.590000e-06	3.186642e-06	1.049541e-09	2.263909e+01	6.755318e+01
2.600000e-06	3.223566e-06	1.064656e-09	2.290142e+01	6.844073e+01
2.610000e-06	3.260172e-06	1.085805e-09	2.316148e+01	6.929786e+01
2.620000e-06	3.296445e-06	1.106175e-09	2.341917e+01	7.012526e+01
2.630000e-06	3.332669e-06	1.122892e-09	2.367652e+01	7.092363e+01
2.640000e-06	3.368748e-06	1.135787e-09	2.393284e+01	7.169368e+01
2.650000e-06	3.404680e-06	1.145390e-09	2.418812e+01	7.243613e+01
2.660000e-06	3.440541e-06	1.151410e-09	2.444288e+01	7.315171e+01
2.670000e-06	3.476218e-06	1.153854e-09	2.469635e+01	7.384113e+01
2.680000e-06	3.511682e-06	1.158051e-09	2.494830e+01	7.450512e+01
2.690000e-06	3.546769e-06	1.170494e-09	2.519757e+01	7.514436e+01
2.700000e-06	3.581416e-06	1.188313e-09	2.544371e+01	7.575955e+01
2.710000e-06	3.615690e-06	1.205119e-09	2.568721e+01	7.635133e+01
2.720000e-06	3.649513e-06	1.215366e-09	2.592750e+01	7.692036e+01
2.730000e-06	3.682877e-06	1.221526e-09	2.616453e+01	7.746725e+01
2.740000e-06	3.715814e-06	1.227068e-09	2.639853e+01	7.799258e+01
2.750000e-06	3.748359e-06	1.229864e-09	2.662974e+01	7.849691e+01
2.760000e-06	3.780731e-06	1.229689e-09	2.685973e+01	7.898077e+01
2.770000e-06	3.812938e-06	1.229711e-09	2.708853e+01	7.944468e+01
2.780000e-06	3.844964e-06	1.235045e-09	2.731605e+01	7.988912e+01
2.790000e-06	3.876858e-06	1.244907e-09	2.754264e+01	8.031452e+01
2.800000e-06	3.908578e-06	1.251559e-09	2.776799e+01	8.072134e+01
2.810000e-06	3.940004e-06	1.252578e-09	2.799126e+01	8.110998e+01
2.820000e-06	3.971166e-06	1.253483e-09	2.821264e+01	8.148084e+01
2.830000e-06	4.002127e-06	1.257743e-09	2.843260e+01	8.183429e+01
2.840000e-06	4.032691e-06	1.260892e-09	2.864974e+01	8.217071e+01
2.850000e-06	4.062919e-06	1.262253e-09	2.886449e+01	8.249045e+01
2.860000e-06	4.092974e-06	1.265137e-09	2.907801e+01	8.279388e+01
2.870000e-06	4.122837e-06	1.268531e-09	2.929017e+01	8.308134e+01
2.880000e-06	4.152477e-06	1.271032e-09	2.950074e+01	8.335320e+01
2.890000e-06	4.181843e-06	1.270968e-09	2.970937e+01	8.360981e+01
2.900000e-06	4.210846e-06	1.272194e-09	2.991542e+01	8.385156e+01
2.910000e-06	4.239483e-06	1.275884e-09	3.011887e+01	8.407881e+01
2.920000e-06	4.267807e-06	1.278343e-09	3.032009e+01	8.429198e+01
2.930000e-06	4.295940e-06	1.278529e-09	3.051996e+01	8.449147e+01
2.940000e-06	4.323996e-06	1.278315e-09	3.071928e+01	8.467772e+01
2.950000e-06	4.351948e-06	1.278705e-09	3.091786e+01	8.485118e+01
2.960000e-06	4.379692e-06	1.279938e-09	3.111496e+01	8.501232e+01
2.970000e-06	4.407149e-06	1.282010e-09	3.131003e+01	8.516165e+01
2.980000e-06	4.434161e-06	1.283388e-09	3.150193e+01	8.529966e+01
2.990000e-06	4.460518e-06	1.285481e-09	3.168918e+01	8.542691e+01
3.000000e-06	4.486204e-06	1.288408e-09	3.187166e+01	8.554395e+01
3.010000e-06	4.511370e-06	1.292207e-09	3.205045e+01	8.565136e+01
3.020000e-06	4.536075e-06	1.296729e-09	3.222597e+01	8.574972e+01
3.030000e-06	4.560401e-06	1.301292e-09	3.239879e+01	8.583964e+01
3.040000e-06	4.584483e-06	1.305303e-09	3.256988e+01	8.592174e+01
3.050000e-06	4.608396e-06	1.308586e-09	3.273976e+01	8.599665e+01
3.060000e-06	4.632200e-06	1.309044e-09	3.290888e+01	8.606498e+01
3.070000e-06	4.655746e-06	1.306108e-09	3.307615e+01	8.612737e+01
3.080000e-06	4.678857e-06	1.305301e-09	3.324034e+01	8.618444e+01
3.090000e-06	4.701605e-06	1.309529e-09	3.340196e+01	8.623681e+01
3.100000e-06	4.724119e-06	1.315256e-09	3.356190e+01	8.628506e+01
3.110000e-06	4.746396e-06	1.317886e-09	3.372016e+01	8.632979e+01
3.120000e-06	4.768340e-06	1.318365e-09	3.387607e+01	8.637155e+01
3.130000e-06	4.789852e-06	1.320228e-09	3.402889e+01	8.641086e+01
3.140000e-06	4.811021e-06	1.323037e-09	3.417928e+01	8.644822e+01
3.150000e-06	4.831863e-06	1.323941e-09	3.432736e+01	8.648410e+01
3.160000e-06	4.852320e-06	1.321895e-09	3.447269e+01	8.651890e+01
3.170000e-06	4.872563e-06	1.320313e-09	3.461650e+01	8.655300e+01
3.180000e-06	4.892642e-06	1.322278e-09	3.475915e+01	8.658672e+01
3.190000e-06	4.912511e-06	1.323992e-09	3.490031e+01	8.662033e+01
3.200000e-06	4.932161e-06	1.325171e-09	3.503991e+01	8.665405e+01
3.210000e-06	4.951501e-06	1.326906e-09	3.517731e+01	8.668803e+01
3.220000e-06	4.970467e-06	1.326817e-09	3.531205e+01	8.672238e+01
3.230000e-06	4.989057e-06	1.328903e-09	3.544412e+01	8.675714e+01
3.240000e-06	5.007225e-06	1.332654e-09	3.557319e+01	8.679230e+01
3.250000e-06	5.024907e-06	1.331506e-09	3.569881e+01	8.682778e+01
3.260000e-06	5.042234e-06	1.325037e-09	3.582191e+01	8.686345e+01
3.270000e-06	5.059308e-06	1.317976e-09	3.594321e+01	8.689913e+01
3.280000e-06	5.076169e-06	1.317019e-09	3.606299e+01	8.693458e+01
3.290000e-06	5.092729e-06	1.323564e-09	3.618064e+01	8.696951e+01
3.300000e-06	5.108784e-06	1.330759e-09	3.629470e+01	8.700360e+01
3.310000e-06	5.124175e-06	1.334766e-09	3.640405e+01	8.703646e+01
3.320000e-06	5.139028e-06	1.339478e-09	3.650957e+01	8.706769e+01
3.330000e-06	5.153482e-06	1.344470e-09	3.661226e+01	8.709685e+01
3.340000e-06	5.167535e-06	1.340752e-09	3.671209e+01	8.712349e+01
3.350000e-06	5.181272e-06	1.331305e-09	3.680969e+01	8.714711e+01
3.360000e-06	5.194691e-06	1.325698e-09	3.690502e+01	8.716723e+01
3.370000e-06	5.207745e-06	1.325014e-09	3.699776e+01	8.718335e+01
3.380000e-06	5.220463e-06	1.325562e-09	3.708811e+01	8.719498e+01
3.390000e-06	5.232837e-06	1.327878e-09	3.717603e+01	8.720164e+01
3.400000e-06	5.244867e-06	1.332918e-09	3.726149e+01	8.720286e+01
3.410000e-06	5.256541e-06	1.338851e-09	3.734443e+01	8.719820e+01
3.420000e-06	5.267780e-06	1.337753e-09	3.742427e+01	8.718726e+01
3.430000e-06	5.278310e-06	1.327349e-09	3.749908e+01	8.716967e+01
3.440000e-06	5.288112e-06	1.317460e-09	3.756872e+01	8.714509e+01
3.450000e-06	5.297399e-06	1.313718e-09	3.763469e+01	8.711327e+01
3.460000e-06	5.306139e-06	1.314598e-09	3.769679e+01	8.707397e+01
3.470000e-06	5.314468e-06	1.315770e-09	3.775596e+01	8.702705e+01
3.480000e-06	5.322587e-06	1.318581e-09	3.781364e+01	8.697241e+01
3.490000e-06	5.330539e-06	1.324223e-09	3.787013e+01	8.691005e+01
3.500000e-06	5.338273e-06	1.327937e-09	3.792508e+01	8.684000e+01
3.510000e-06	5.345632e-06	1.324627e-09	3.797736e+01	8.676240e+01
3.520000e-06	5.352503e-06	1.318852e-09	3.802618e+01	8.667745e+01
3.530000e-06	5.359042e-06	1.313057e-09	3.807263e+01	8.658543e+01
3.540000e-06	5.365275e-06	1.310296e-09	3.811691e+01	8.648670e+01
3.550000e-06	5.371120e-06	1.309124e-09	3.815844e+01	8.638170e+01
3.560000e-06	5.376562e-06	1.308407e-09	3.819710e+01	8.627091e+01
3.570000e-06	5.381589e-06	1.310048e-09	3.823281e+01	8.615492e+01
3.580000e-06	5.386285e-06	1.310196e-09	3.826617e+01	8.603438e+01
3.590000e-06	5.390658e-06	1.308705e-09	3.829725e+01	8.590997e+01
3.600000e-06	5.394781e-06	1.307086e-09	3.832654e+01	8.578246e+01
3.610000e-06	5.398694e-06	1.306112e-09	3.835433e+01	8.565265e+01
3.620000e-06	5.402351e-06	1.306461e-09	3.838031e+01	8.552139e+01
3.630000e-06	5.405654e-06	1.303988e-09	3.840378e+01	8.538956e+01
3.640000e-06	5.408347e-06	1.301171e-09	3.842291e+01	8.525809e+01
3.650000e-06	5.410378e-06	1.299737e-09	3.843734e+01	8.512788e+01
3.660000e-06	5.411750e-06	1.302208e-09	3.844709e+01	8.499990e+01
3.670000e-06	5.412657e-06	1.305732e-09	3.845353e+01	8.487507e+01
3.680000e-06	5.413232e-06	1.306798e-09	3.845762e+01	8.475433e+01
3.690000e-06	5.413508e-06	1.308533e-09	3.845958e+01	8.463859e+01
3.700000e-06	5.413567e-06	1.307541e-09	3.846000e+01	8.452874e+01
3.710000e-06	5.413262e-06	1.307278e-09	3.845783e+01	8.442563e+01
3.720000e-06	5.412663e-06	1.304990e-09	3.845357e+01	8.433006e+01
3.730000e-06	5.411721e-06	1.298342e-09	3.844688e+01	8.424279e+01
3.740000e-06	5.410331e-06	1.291104e-09	3.843701e+01	8.416450e+01
3.750000e-06	5.408570e-06	1.287299e-09	3.842449e+01	8.409581e+01
3.760000e-06	5.406478e-06	1.291138e-09	3.840963e+01	8.403726e+01
3.770000e-06	5.404140e-06	1.275725e-09	3.839303e+01	8.398930e+01
3.780000e-06	5.401383e-06	1.259264e-09	3.837344e+01	8.395231e+01
3.790000e-06	5.398178e-06	1.269442e-09	3.835067e+01	8.392655e+01
3.800000e-06	5.394528e-06	1.244265e-09	3.832474e+01	8.391220e+01
3.810000e-06	5.390507e-06	1.222297e-09	3.829617e+01	8.390933e+01
3.820000e-06	5.386396e-06	1.235045e-09	3.826696e+01	8.391790e+01
3.830000e-06	5.382179e-06	1.249253e-09	3.823700e+01	8.393779e+01
3.840000e-06	5.377473e-06	1.247327e-09	3.820357e+01	8.396874e+01
3.850000e-06	5.372068e-06	1.185877e-09	3.816518e+01	8.401040e+01
3.860000e-06	5.366162e-06	1.223423e-09	3.812321e+01	8.406234e+01
3.870000e-06	5.359931e-06	1.284538e-09	3.807895e+01	8.412400e+01
3.880000e-06	5.353284e-06	1.252024e-09	3.803172e+01	8.419472e+01
3.890000e-06	5.346040e-06	1.164449e-09	3.798026e+01	8.427379e+01
3.900000e-06	5.338375e-06	1.196335e-09	3.792580e+01	8.436037e+01
3.910000e-06	5.330429e-06	1.294450e-09	3.786935e+01	8.445356e+01
3.920000e-06	5.322144e-06	1.223599e-09	3.781050e+01	8.455239e+01
3.930000e-06	5.313477e-06	1.149920e-09	3.774892e+01	8.465583e+01
3.940000e-06	5.304580e-06	1.212176e-09	3.768571e+01	8.476279e+01
3.950000e-06	5.295264e-06	1.307619e-09	3.761953e+01	8.487213e+01
3.960000e-06	5.285420e-06	1.213893e-09	3.754960e+01	8.498268e+01
3.970000e-06	5.275343e-06	1.179266e-09	3.747800e+01	8.509324e+01
3.980000e-06	5.264994e-06	1.296762e-09	3.740448e+01	8.520261e+01
3.990000e-06	5.254167e-06	1.355802e-09	3.732756e+01	8.530956e+01
4.000000e-06	5.242880e-06	1.281988e-09	3.724737e+01	8.541289e+01
4.010000e-06	5.231324e-06	1.296368e-09	3.716527e+01	8.551141e+01
4.020000e-06	5.219340e-06	1.378944e-09	3.708013e+01	8.560394e+01
4.030000e-06	5.206896e-06	1.344740e-09	3.699173e+01	8.568935e+01
4.040000e-06	5.194097e-06	1.260322e-09	3.690080e+01	8.576657e+01
4.050000e-06	5.180934e-06	1.308135e-09	3.680729e+01	8.583455e+01
4.060000e-06	5.167069e-06	1.332522e-09	3.670878e+01	8.589234e+01
4.070000e-06	5.152501e-06	1.295634e-09	3.660529e+01	8.593905e+01
4.080000e-06	5.137510e-06	1.299386e-09	3.649878e+01	8.597385e+01
4.090000e-06	5.122059e-06	1.330759e-09	3.638901e+01	8.599602e+01
4.100000e-06	5.106290e-06	1.283174e-09	3.627699e+01	8.600492e+01
4.110000e-06	5.090296e-06	1.258736e-09	3.616336e+01	8.600001e+01
4.120000e-06	5.073983e-06	1.302251e-09	3.604747e+01	8.598084e+01
4.130000e-06	5.057277e-06	1.277272e-09	3.592878e+01	8.594709e+01
4.140000e-06	5.040175e-06	1.245910e-09	3.580728e+01	8.589851e+01
4.150000e-06	5.022694e-06	1.281299e-09	3.568309e+01	8.583496e+01
4.160000e-06	5.004922e-06	1.306573e-09	3.555683e+01	8.575644e+01
4.170000e-06	4.986889e-06	1.262795e-09	3.542872e+01	8.566301e+01
4.180000e-06	4.968521e-06	1.260679e-09	3.529823e+01	8.555484e+01
4.190000e-06	4.949802e-06	1.259161e-09	3.516524e+01	8.543223e+01
4.200000e-06	4.930670e-06	1.245871e-09	3.502932e+01	8.529553e+01
4.210000e-06	4.911113e-06	1.237686e-09	3.489037e+01	8.514521e+01
4.220000e-06	4.891320e-06	1.252561e-09	3.474976e+01	8.498180e+01
4.230000e-06	4.871386e-06	1.237067e-09	3.460814e+01	8.480592e+01
4.240000e-06	4.851299e-06	1.253051e-09	3.446544e+01	8.461827e+01
4.250000e-06	4.830940e-06	1.259682e-09	3.432080e+01	8.441958e+01
4.260000e-06	4.810163e-06	1.239300e-09	3.417319e+01	8.421066e+01
4.270000e-06	4.788926e-06	1.218280e-09	3.402232e+01	8.399235e+01
4.280000e-06	4.767086e-06	1.233677e-09	3.386716e+01	8.376554e+01
4.290000e-06	4.744655e-06	1.224462e-09	3.370780e+01	8.353113e+01
4.300000e-06	4.721766e-06	1.217483e-09	3.354518e+01	8.329005e+01
4.310000e-06	4.698442e-06	1.213282e-09	3.337948e+01	8.304324e+01
4.320000e-06	4.674775e-06	1.215761e-09	3.321134e+01	8.279161e+01
4.330000e-06	4.650874e-06	1.211204e-09	3.304154e+01	8.253610e+01
4.340000e-06	4.626815e-06	1.206370e-09	3.287062e+01	8.227760e+01
4.350000e-06	4.602520e-06	1.184456e-09	3.269802e+01	8.201699e+01
4.360000e-06	4.577928e-06	1.180523e-09	3.252331e+01	8.175512e+01
4.370000e-06	4.553019e-06	1.188480e-09	3.234635e+01	8.149277e+01
4.380000e-06	4.527769e-06	1.189748e-09	3.216696e+01	8.123070e+01
4.390000e-06	4.502213e-06	1.185258e-09	3.198540e+01	8.096960e+01
4.400000e-06	4.476350e-06	1.183805e-09	3.180166e+01	8.071010e+01
4.410000e-06	4.450134e-06	1.181143e-09	3.161541e+01	8.045278e+01
4.420000e-06	4.423617e-06	1.173810e-09	3.142703e+01	8.019812e+01
4.430000e-06	4.396846e-06	1.164570e-09	3.123683e+01	7.994655e+01
4.440000e-06	4.369771e-06	1.155702e-09	3.104448e+01	7.969843e+01
4.450000e-06	4.342347e-06	1.163735e-09	3.084965e+01	7.945402e+01
4.460000e-06	4.314675e-06	1.169887e-09	3.065306e+01	7.921354e+01
4.470000e-06	4.286856e-06	1.168180e-09	3.045542e+01	7.897710e+01
4.480000e-06	4.258882e-06	1.159869e-09	3.025669e+01	7.874476e+01
4.490000e-06	4.230613e-06	1.163007e-09	3.005585e+01	7.851649e+01
4.500000e-06	4.202016e-06	1.160765e-09	2.985269e+01	7.829219e+01
4.510000e-06	4.172997e-06	1.158176e-09	2.964653e+01	7.807172e+01
4.520000e-06	4.143487e-06	1.148202e-09	2.943688e+01	7.785485e+01
4.530000e-06	4.113560e-06	1.150347e-09	2.922426e+01	7.764129e+01
4.540000e-06	4.083147e-06	1.155437e-09	2.900820e+01	7.743073e+01
4.550000e-06	4.052247e-06	1.161307e-09	2.878867e+01	7.722279e+01
4.560000e-06	4.020998e-06	1.151790e-09	2.856667e+01	7.701703e+01
4.570000e-06	3.989467e-06	1.145761e-09	2.834266e+01	7.681303e+01
4.580000e-06	3.957698e-06	1.142809e-09	2.811696e+01	7.661029e+01
4.590000e-06	3.925784e-06	1.146442e-09	2.789023e+01	7.640831e+01
4.600000e-06	3.893726e-06	1.140014e-09	2.766248e+01	7.620659e+01
4.610000e-06	3.861476e-06	1.134631e-09	2.743337e+01	7.600460e+01
4.620000e-06	3.828952e-06	1.133526e-09	2.720230e+01	7.580181e+01
4.630000e-06	3.796138e-06	1.138062e-09	2.696918e+01	7.559772e+01
4.640000e-06	3.763127e-06	1.133997e-09	2.673466e+01	7.539181e+01
4.650000e-06	3.729849e-06	1.125446e-09	2.649824e+01	7.518360e+01
4.660000e-06	3.696174e-06	1.117611e-09	2.625900e+01	7.497262e+01
4.670000e-06	3.662306e-06	1.115983e-09	2.601838e+01	7.475844e+01
4.680000e-06	3.628327e-06	1.115264e-09	2.577698e+01	7.454066e+01
4.690000e-06	3.594079e-06	1.108376e-09	2.553368e+01	7.431891e+01
4.700000e-06	3.559504e-06	1.101880e-09	2.528804e+01	7.409286e+01
4.710000e-06	3.524693e-06	1.101461e-09	2.504073e+01	7.386223e+01
4.720000e-06	3.489684e-06	1.102190e-09	2.479202e+01	7.362678e+01
4.730000e-06	3.454384e-06	1.098038e-09	2.454123e+01	7.338632e+01
4.740000e-06	3.418839e-06	1.092569e-09	2.428871e+01	7.314070e+01
4.750000e-06	3.383164e-06	1.086580e-09	2.403526e+01	7.288982e+01
4.760000e-06	3.347305e-06	1.085369e-09	2.378050e+01	7.263364e+01
4.770000e-06	3.311344e-06	1.082674e-09	2.352502e+01	7.237214e+01
4.780000e-06	3.275319e-06	1.077768e-09	2.326908e+01	7.210537e+01
4.790000e-06	3.239111e-06	1.067982e-09	2.301185e+01	7.183340e+01
4.800000e-06	3.202633e-06	1.062439e-09	2.275270e+01	7.155636e+01
4.810000e-06	3.165889e-06	1.056130e-09	2.249166e+01	7.127440e+01
4.820000e-06	3.128800e-06	1.051623e-09	2.222816e+01	7.098770e+01
4.830000e-06	3.091361e-06	1.044917e-09	2.196218e+01	7.069649e+01
4.840000e-06	3.053603e-06	1.043323e-09	2.169394e+01	7.040100e+01
4.850000e-06	3.015455e-06	1.042172e-09	2.142292e+01	7.010148e+01
4.860000e-06	2.976952e-06	1.040543e-09	2.114937e+01	6.979822e+01
4.870000e-06	2.938033e-06	1.032498e-09	2.087288e+01	6.949149e+01
4.880000e-06	2.898783e-06	1.025484e-09	2.059403e+01	6.918157e+01
4.890000e-06	2.859265e-06	1.019512e-09	2.031329e+01	6.886876e+01
4.900000e-06	2.819565e-06	1.013719e-09	2.003124e+01	6.855333e+01
4.910000e-06	2.779787e-06	1.004809e-09	1.974864e+01	6.823556e+01
4.920000e-06	2.739903e-06	9.991548e-10	1.946529e+01	6.791569e+01
4.930000e-06	2.699913e-06	9.954406e-10	1.918119e+01	6.759397e+01
4.940000e-06	2.659817e-06	9.925472e-10	1.889633e+01	6.727060e+01
4.950000e-06	2.619563e-06	9.894222e-10	1.861035e+01	6.694578e+01
4.960000e-06	2.579189e-06	9.846688e-10	1.832352e+01	6.661966e+01
4.970000e-06	2.538659e-06	9.804516e-10	1.803558e+01	6.629237e+01
4.980000e-06	2.497963e-06	9.788317e-10	1.774646e+01	6.596398e+01
4.990000e-06	2.457158e-06	9.755649e-10	1.745657e+01	6.563457e+01
5.000000e-06	2.416197e-06	9.702084e-10	1.716556e+01	6.530414e+01
5.010000e-06	2.375009e-06	9.650989e-10	1.687295e+01	6.497267e+01
5.020000e-06	2.333495e-06	9.579179e-10	1.657802e+01	6.464009e+01
5.030000e-06	2.291806e-06	9.501777e-10	1.628184e+01	6.430630e+01
5.040000e-06	2.250063e-06	9.431153e-10	1.598529e+01	6.397116e+01
5.050000e-06	2.208230e-06	9.408670e-10	1.568809e+01	6.363450e+01
5.060000e-06	2.166258e-06	9.405246e-10	1.538991e+01	6.329608e+01
5.070000e-06	2.124124e-06	9.411713e-10	1.509057e+01	6.295568e+01
5.080000e-06	2.081781e-06	9.368960e-10	1.478975e+01	6.261299e+01
5.090000e-06	2.039276e-06	9.319993e-10	1.448778e+01	6.226772e+01
5.100000e-06	1.996661e-06	9.272710e-10	1.418503e+01	6.191952e+01
5.110000e-06	1.953875e-06	9.223350e-10	1.388105e+01	6.156804e+01
5.120000e-06	1.910936e-06	9.162069e-10	1.357600e+01	6.121288e+01
5.130000e-06	1.867913e-06	9.114511e-10	1.327035e+01	6.085366e+01
5.140000e-06	1.824661e-06	9.084842e-10	1.296307e+01	6.048996e+01
5.150000e-06	1.781217e-06	9.073183e-10	1.265443e+01	6.012135e+01
5.160000e-06	1.737774e-06	9.047819e-10	1.234580e+01	5.974741e+01
5.170000e-06	1.694201e-06	8.993260e-10	1.203623e+01	5.936771e+01
5.180000e-06	1.650536e-06	8.942666e-10	1.172602e+01	5.898181e+01
5.190000e-06	1.606846e-06	8.901038e-10	1.141563e+01	5.858928e+01
5.200000e-06	1.563048e-06	8.854348e-10	1.110447e+01	5.818969e+01
5.210000e-06	1.519155e-06	8.810944e-10	1.079264e+01	5.778263e+01
5.220000e-06	1.475224e-06	8.763620e-10	1.048054e+01	5.736769e+01
5.230000e-06	1.431244e-06	8.748627e-10	1.016809e+01	5.694448e+01
5.240000e-06	1.387229e-06	8.709886e-10	9.855388e+00	5.651260e+01
5.250000e-06	1.343177e-06	8.639092e-10	9.542428e+00	5.607169e+01
5.260000e-06	1.299087e-06	8.582741e-10	9.229196e+00	5.562138e+01
5.270000e-06	1.254979e-06	8.544754e-10	8.915840e+00	5.516135e+01
5.280000e-06	1.210846e-06	8.476246e-10	8.602305e+00	5.469126e+01
5.290000e-06	1.166684e-06	8.383578e-10	8.288561e+00	5.421079e+01
5.300000e-06	1.122424e-06	8.319241e-10	7.974116e+00	5.371964e+01
5.310000e-06	1.078065e-06	8.271296e-10	7.658974e+00	5.321752e+01
5.320000e-06	1.033611e-06	8.190294e-10	7.343160e+00	5.270415e+01
5.330000e-06	9.890969e-07	8.087915e-10	7.026913e+00	5.217924e+01
5.340000e-06	9.444900e-07	8.025285e-10	6.710009e+00	5.164253e+01
5.350000e-06	8.997654e-07	7.985235e-10	6.392269e+00	5.109373e+01
5.360000e-06	8.550234e-07	7.903751e-10	6.074405e+00	5.053259e+01
5.370000e-06	8.102051e-07	7.779733e-10	5.755999e+00	4.995881e+01
5.380000e-06	7.652975e-07	7.667577e-10	5.436959e+00	4.937212e+01
5.390000e-06	7.204030e-07	7.576057e-10	5.118011e+00	4.877222e+01
5.400000e-06	6.754362e-07	7.491775e-10	4.798551e+00	4.815879e+01
5.410000e-06	6.303439e-07	7.387829e-10	4.478198e+00	4.753151e+01
5.420000e-06	5.851377e-07	7.285708e-10	4.157037e+00	4.689003e+01
5.430000e-06	5.398798e-07	7.195941e-10	3.835507e+00	4.623399e+01
5.440000e-06	4.946362e-07	7.087636e-10	3.514080e+00	4.556299e+01
5.450000e-06	4.494422e-07	6.931389e-10	3.193005e+00	4.487662e+01
5.460000e-06	4.042216e-07	6.763500e-10	2.871741e+00	4.417442e+01
5.470000e-06	3.589235e-07	6.634053e-10	2.549927e+00	4.345593e+01
5.480000e-06	3.136629e-07	6.550878e-10	2.228378e+00	4.272063e+01
5.490000e-06	2.683852e-07	6.451405e-10	1.906709e+00	4.196799e+01
5.500000e-06	2.230141e-07	6.334622e-10	1.584376e+00	4.119746e+01
5.510000e-06	1.775602e-07	6.228752e-10	1.261454e+00	4.040843e+01
5.520000e-06	1.320977e-07	6.104812e-10	9.384710e-01	3.960028e+01
5.530000e-06	8.675237e-08	5.939074e-10	6.163211e-01	3.877239e+01
5.540000e-06	4.139818e-08	5.772412e-10	2.941081e-01	3.792407e+01
5.550000e-06	-4.032931e-09	5.630953e-10	-2.865144e-02	3.705465e+01
5.560000e-06	-4.948952e-08	5.509766e-10	-3.515920e-01	3.616344e+01
5.570000e-06	-9.497738e-08	5.389968e-10	-6.747547e-01	3.524972e+01
5.580000e-06	-1.404842e-07	5.246892e-10	-9.980524e-01	3.431279e+01
5.590000e-06	-1.859962e-07	5.077890e-10	-1.321386e+00	3.335193e+01
5.600000e-06	-2.314426e-07	4.914388e-10	-1.644255e+00	3.236645e+01
5.610000e-06	-2.767882e-07	4.742876e-10	-1.966407e+00	3.135566e+01
5.620000e-06	-3.221237e-07	4.571320e-10	-2.288487e+00	3.031890e+01
5.630000e-06	-3.675577e-07	4.421122e-10	-2.611267e+00	2.925551e+01
5.640000e-06	-4.129509e-07	4.281086e-10	-2.933757e+00	2.816491e+01
5.650000e-06	-4.582631e-07	4.135987e-10	-3.255672e+00	2.704653e+01
5.660000e-06	-5.035377e-07	3.979540e-10	-3.577320e+00	2.589986e+01
5.670000e-06	-5.487217e-07	3.825015e-10	-3.898323e+00	2.472446e+01
5.680000e-06	-5.937166e-07	3.640819e-10	-4.217984e+00	2.351993e+01
5.690000e-06	-6.385532e-07	3.422797e-10	-4.536520e+00	2.228596e+01
5.700000e-06	-6.833833e-07	3.174974e-10	-4.855010e+00	2.102232e+01
5.710000e-06	-7.281991e-07	2.938252e-10	-5.173398e+00	1.972887e+01
5.720000e-06	-7.729869e-07	2.780222e-10	-5.491587e+00	1.840556e+01
5.730000e-06	-8.177545e-07	2.653272e-10	-5.809632e+00	1.705243e+01
5.740000e-06	-8.624669e-07	2.504275e-10	-6.127287e+00	1.566963e+01
5.750000e-06	-9.070707e-07	2.336436e-10	-6.444168e+00	1.425743e+01
5.760000e-06	-9.515876e-07	2.151455e-10	-6.760433e+00	1.281621e+01
5.770000e-06	-9.959912e-07	1.908699e-10	-7.075892e+00	1.134645e+01
5.780000e-06	-1.040308e-06	1.616909e-10	-7.390735e+00	9.848757e+00
5.790000e-06	-1.084659e-06	1.329740e-10	-7.705820e+00	8.323872e+00
5.800000e-06	-1.128889e-06	1.077108e-10	-8.020046e+00	6.772643e+00
5.810000e-06	-1.173027e-06	8.648439e-11	-8.333619e+00	5.196043e+00
5.820000e-06	-1.217149e-06	6.705990e-11	-8.647078e+00	3.595164e+00
5.830000e-06	-1.261246e-06	5.011637e-11	-8.960365e+00	1.971217e+00
5.840000e-06	-1.305315e-06	3.374340e-11	-9.273445e+00	3.255263e-01
5.850000e-06	-1.349284e-06	1.184004e-11	-9.585815e+00	-1.340473e+00
5.860000e-06	-1.393222e-06	-1.688224e-11	-9.897966e+00	-3.025238e+00
5.870000e-06	-1.437118e-06	-4.790611e-11	-1.020982e+01	-4.727128e+00
5.880000e-06	-1.480975e-06	-7.813814e-11	-1.052140e+01	-6.444408e+00
5.890000e-06	-1.524779e-06	-1.056694e-10	-1.083260e+01	-8.175256e+00
5.900000e-06	-1.568495e-06	-1.298839e-10	-1.114318e+01	-9.917773e+00
5.910000e-06	-1.612148e-06	-1.515726e-10	-1.145330e+01	-1.166999e+01
5.920000e-06	-1.655696e-06	-1.721731e-10	-1.176268e+01	-1.342987e+01
5.930000e-06	-1.699163e-06	-1.938012e-10	-1.207149e+01	-1.519535e+01
5.940000e-06	-1.742563e-06	-2.195673e-10	-1.237982e+01	-1.696430e+01
5.950000e-06	-1.785836e-06	-2.479919e-10	-1.268725e+01	-1.873457e+01
5.960000e-06	-1.828933e-06	-2.779938e-10	-1.299342e+01	-2.050399e+01
5.970000e-06	-1.871910e-06	-3.060863e-10	-1.329874e+01	-2.227040e+01
5.980000e-06	-1.914760e-06	-3.338339e-10	-1.360317e+01	-2.403161e+01
5.990000e-06	-1.957413e-06	-3.594459e-10	-1.390619e+01	-2.578548e+01
6.000000e-06	-1.999947e-06	-3.834600e-10	-1.420837e+01	-2.752987e+01
6.010000e-06	-2.042384e-06	-4.110677e-10	-1.450986e+01	-2.926270e+01
6.020000e-06	-2.084644e-06	-4.401689e-10	-1.481009e+01	-3.098190e+01
6.030000e-06	-2.126684e-06	-4.700187e-10	-1.510875e+01	-3.268550e+01
6.040000e-06	-2.168633e-06	-4.979502e-10	-1.540677e+01	-3.437158e+01
6.050000e-06	-2.210486e-06	-5.239727e-10	-1.570412e+01	-3.603828e+01
6.060000e-06	-2.252128e-06	-5.486763e-10	-1.599996e+01	-3.768384e+01
6.070000e-06	-2.293669e-06	-5.730640e-10	-1.629508e+01	-3.930660e+01
6.080000e-06	-2.335099e-06	-5.963219e-10	-1.658942e+01	-4.090498e+01
6.090000e-06	-2.376313e-06	-6.207547e-10	-1.688221e+01	-4.247751e+01
6.100000e-06	-2.417314e-06	-6.470667e-10	-1.717350e+01	-4.402283e+01
6.110000e-06	-2.458055e-06	-6.768716e-10	-1.746294e+01	-4.553970e+01
6.120000e-06	-2.498537e-06	-7.044161e-10	-1.775054e+01	-4.702700e+01
6.130000e-06	-2.538862e-06	-7.255905e-10	-1.803702e+01	-4.848372e+01
6.140000e-06	-2.579043e-06	-7.419891e-10	-1.832248e+01	-4.990897e+01
6.150000e-06	-2.619117e-06	-7.599915e-10	-1.860718e+01	-5.130199e+01
6.160000e-06	-2.659179e-06	-7.809927e-10	-1.889180e+01	-5.266214e+01
6.170000e-06	-2.699186e-06	-8.018147e-10	-1.917602e+01	-5.398890e+01
6.180000e-06	-2.739049e-06	-8.206070e-10	-1.945923e+01	-5.528187e+01
6.190000e-06	-2.778736e-06	-8.419512e-10	-1.974118e+01	-5.654075e+01
6.200000e-06	-2.818305e-06	-8.649166e-10	-2.002229e+01	-5.776537e+01
6.210000e-06	-2.857804e-06	-8.832972e-10	-2.030290e+01	-5.895566e+01
6.220000e-06	-2.897187e-06	-9.006607e-10	-2.058270e+01	-6.011166e+01
6.230000e-06	-2.936290e-06	-9.183444e-10	-2.086050e+01	-6.123348e+01
6.240000e-06	-2.975085e-06	-9.356318e-10	-2.113611e+01	-6.232136e+01
6.250000e-06	-3.013561e-06	-9.481514e-10	-2.140946e+01	-6.337558e+01
6.260000e-06	-3.051538e-06	-9.573348e-10	-2.167926e+01	-6.439653e+01
6.270000e-06	-3.089111e-06	-9.705601e-10	-2.194620e+01	-6.538465e+01
6.280000e-06	-3.126348e-06	-9.876610e-10	-2.221074e+01	-6.634044e+01
6.290000e-06	-3.163175e-06	-1.002838e-09	-2.247237e+01	-6.726447e+01
6.300000e-06	-3.199675e-06	-1.017196e-09	-2.273168e+01	-6.815734e+01
6.310000e-06	-3.235915e-06	-1.031361e-09	-2.298915e+01	-6.901969e+01
6.320000e-06	-3.272010e-06	-1.044388e-09	-2.324558e+01	-6.985219e+01
6.330000e-06	-3.308028e-06	-1.056985e-09	-2.350147e+01	-7.065554e+01
6.340000e-06	-3.343946e-06	-1.070880e-09	-2.375664e+01	-7.143045e+01
6.350000e-06	-3.379749e-06	-1.084470e-09	-2.401100e+01	-7.217765e+01
6.360000e-06	-3.415409e-06	-1.096693e-09	-2.426434e+01	-7.289784e+01
6.370000e-06	-3.450899e-06	-1.103939e-09	-2.451647e+01	-7.359177e+01
6.380000e-06	-3.486130e-06	-1.107218e-09	-2.476677e+01	-7.426014e+01
6.390000e-06	-3.520991e-06	-1.109417e-09	-2.501443e+01	-7.490365e+01
6.400000e-06	-3.555536e-06	-1.117983e-09	-2.525985e+01	-7.552299e+01
6.410000e-06	-3.589872e-06	-1.132162e-09	-2.550379e+01	-7.611882e+01
6.420000e-06	-3.624035e-06	-1.146315e-09	-2.574649e+01	-7.669179e+01
6.430000e-06	-3.657969e-06	-1.157665e-09	-2.598758e+01	-7.724252e+01
6.440000e-06	-3.691696e-06	-1.164598e-09	-2.622719e+01	-7.777159e+01
6.450000e-06	-3.725172e-06	-1.167823e-09	-2.646501e+01	-7.827957e+01
6.460000e-06	-3.758338e-06	-1.168211e-09	-2.670063e+01	-7.876701e+01
6.470000e-06	-3.791201e-06	-1.168448e-09	-2.693410e+01	-7.923440e+01
6.480000e-06	-3.823736e-06	-1.172880e-09	-2.716524e+01	-7.968224e+01
6.490000e-06	-3.856011e-06	-1.181235e-09	-2.739454e+01	-8.011098e+01
6.500000e-06	-3.888083e-06	-1.190778e-09	-2.762239e+01	-8.052106e+01
6.510000e-06	-3.920022e-06	-1.199975e-09	-2.784929e+01	-8.091289e+01
6.520000e-06	-3.951856e-06	-1.207773e-09	-2.807546e+01	-8.128688e+01
6.530000e-06	-3.983477e-06	-1.213049e-09	-2.830010e+01	-8.164340e+01
6.540000e-06	-4.014823e-06	-1.214630e-09	-2.852280e+01	-8.198282e+01
6.550000e-06	-4.045786e-06	-1.213335e-09	-2.874277e+01	-8.230551e+01
6.560000e-06	-4.076255e-06	-1.213213e-09	-2.895923e+01	-8.261182e+01
6.570000e-06	-4.106264e-06	-1.218001e-09	-2.917243e+01	-8.290211e+01
6.580000e-06	-4.135686e-06	-1.224433e-09	-2.938145e+01	-8.317674e+01
6.590000e-06	-4.164587e-06	-1.230094e-09	-2.958678e+01	-8.343606e+01
6.600000e-06	-4.193164e-06	-1.233907e-09	-2.978980e+01	-8.368045e+01
6.610000e-06	-4.221488e-06	-1.238166e-09	-2.999102e+01	-8.391028e+01
6.620000e-06	-4.249581e-06	-1.241204e-09	-3.019061e+01	-8.412596e+01
6.630000e-06	-4.277473e-06	-1.241782e-09	-3.038876e+01	-8.432789e+01
6.640000e-06	-4.305234e-06	-1.241457e-09	-3.058599e+01	-8.451651e+01
6.650000e-06	-4.332765e-06	-1.241493e-09	-3.078158e+01	-8.469226e+01
6.660000e-06	-4.360058e-06	-1.243235e-09	-3.097547e+01	-8.485562e+01
6.670000e-06	-4.387023e-06	-1.246339e-09	-3.116704e+01	-8.500707e+01
6.680000e-06	-4.413584e-06	-1.248761e-09	-3.135575e+01	-8.514712e+01
6.690000e-06	-4.439890e-06	-1.252376e-09	-3.154263e+01	-8.527632e+01
6.700000e-06	-4.465921e-06	-1.257149e-09	-3.172757e+01	-8.539521e+01
6.710000e-06	-4.491640e-06	-1.260571e-09	-3.191029e+01	-8.550437e+01
6.720000e-06	-4.517022e-06	-1.262353e-09	-3.209061e+01	-8.560439e+01
6.730000e-06	-4.542012e-06	-1.263862e-09	-3.226815e+01	-8.569587e+01
6.740000e-06	-4.566558e-06	-1.264819e-09	-3.244253e+01	-8.577943e+01
6.750000e-06	-4.590844e-06	-1.266585e-09	-3.261507e+01	-8.585568e+01
6.760000e-06	-4.614934e-06	-1.270201e-09	-3.278621e+01	-8.592526e+01
6.770000e-06	-4.638844e-06	-1.274851e-09	-3.295607e+01	-8.598879e+01
6.780000e-06	-4.662597e-06	-1.280610e-09	-3.312482e+01	-8.604689e+01
6.790000e-06	-4.686101e-06	-1.285544e-09	-3.329181e+01	-8.610019e+01
6.800000e-06	-4.709341e-06	-1.287895e-09	-3.345691e+01	-8.614928e+01
6.810000e-06	-4.732156e-06	-1.287516e-09	-3.361900e+01	-8.619475e+01
6.820000e-06	-4.754300e-06	-1.286417e-09	-3.377632e+01	-8.623716e+01
6.830000e-06	-4.775752e-06	-1.285332e-09	-3.392872e+01	-8.627703e+01
6.840000e-06	-4.796734e-06	-1.285479e-09	-3.407779e+01	-8.631488e+01
6.850000e-06	-4.817379e-06	-1.285933e-09	-3.422446e+01	-8.635117e+01
6.860000e-06	-4.837706e-06	-1.288176e-09	-3.436886e+01	-8.638631e+01
6.870000e-06	-4.857767e-06	-1.294359e-09	-3.451138e+01	-8.642070e+01
6.880000e-06	-4.877678e-06	-1.300598e-09	-3.465284e+01	-8.645465e+01
6.890000e-06	-4.897351e-06	-1.302739e-09	-3.479260e+01	-8.648846e+01
6.900000e-06	-4.916690e-06	-1.301535e-09	-3.493000e+01	-8.652233e+01
6.910000e-06	-4.935645e-06	-1.300564e-09	-3.506466e+01	-8.655646e+01
6.920000e-06	-4.954145e-06	-1.301619e-09	-3.519609e+01	-8.659093e+01
6.930000e-06	-4.972301e-06	-1.301826e-09	-3.532508e+01	-8.662582e+01
6.940000e-06	-4.990252e-06	-1.301005e-09	-3.545261e+01	-8.666110e+01
6.950000e-06	-5.007920e-06	-1.303703e-09	-3.557813e+01	-8.669673e+01
6.960000e-06	-5.025201e-06	-1.308989e-09	-3.570090e+01	-8.673257e+01
6.970000e-06	-5.042065e-06	-1.311749e-09	-3.582071e+01	-8.676846e+01
6.980000e-06	-5.058542e-06	-1.310627e-09	-3.593776e+01	-8.680416e+01
6.990000e-06	-5.074784e-06	-1.306268e-09	-3.605315e+01	-8.683939e+01
7.000000e-06	-5.090828e-06	-1.302377e-09	-3.616714e+01	-8.687383e+01
7.010000e-06	-5.106587e-06	-1.301284e-09	-3.627910e+01	-8.690711e+01
7.020000e-06	-5.122047e-06	-1.301825e-09	-3.638893e+01	-8.693884e+01
7.030000e-06	-5.137151e-06	-1.302590e-09	-3.649623e+01	-8.696857e+01
7.040000e-06	-5.151602e-06	-1.300655e-09	-3.659890e+01	-8.699585e+01
7.050000e-06	-5.165323e-06	-1.296285e-09	-3.669638e+01	-8.702020e+01
7.060000e-06	-5.178473e-06	-1.293601e-09	-3.678980e+01	-8.704113e+01
7.070000e-06	-5.191089e-06	-1.292740e-09	-3.687943e+01	-8.705814e+01
7.080000e-06	-5.203301e-06	-1.290309e-09	-3.696619e+01	-8.707075e+01
7.090000e-06	-5.215237e-06	-1.288986e-09	-3.705098e+01	-8.707846e+01
7.100000e-06	-5.226878e-06	-1.291585e-09	-3.713369e+01	-8.708081e+01
7.110000e-06	-5.238092e-06	-1.295143e-09	-3.721336e+01	-8.707735e+01
7.120000e-06	-5.248868e-06	-1.294062e-09	-3.728991e+01	-8.706768e+01
7.130000e-06	-5.259334e-06	-1.288214e-09	-3.736427e+01	-8.705141e+01
7.140000e-06	-5.269422e-06	-1.282550e-09	-3.743593e+01	-8.702821e+01
7.150000e-06	-5.279169e-06	-1.281772e-09	-3.750519e+01	-8.699780e+01
7.160000e-06	-5.288680e-06	-1.282561e-09	-3.757275e+01	-8.695995e+01
7.170000e-06	-5.297730e-06	-1.279533e-09	-3.763705e+01	-8.691450e+01
7.180000e-06	-5.306356e-06	-1.275293e-09	-3.769833e+01	-8.686135e+01
7.190000e-06	-5.314654e-06	-1.273674e-09	-3.775728e+01	-8.680046e+01
7.200000e-06	-5.322719e-06	-1.274791e-09	-3.781458e+01	-8.673188e+01
7.210000e-06	-5.330635e-06	-1.273451e-09	-3.787082e+01	-8.665572e+01
7.220000e-06	-5.338225e-06	-1.268838e-09	-3.792474e+01	-8.657217e+01
7.230000e-06	-5.345497e-06	-1.265921e-09	-3.797640e+01	-8.648150e+01
7.240000e-06	-5.352263e-06	-1.266046e-09	-3.802447e+01	-8.638405e+01
7.250000e-06	-5.358455e-06	-1.267365e-09	-3.806846e+01	-8.628025e+01
7.260000e-06	-5.364019e-06	-1.266406e-09	-3.810799e+01	-8.617058e+01
7.270000e-06	-5.368849e-06	-1.264729e-09	-3.814230e+01	-8.605561e+01
7.280000e-06	-5.373245e-06	-1.264398e-09	-3.817354e+01	-8.593597e+01
7.290000e-06	-5.377412e-06	-1.261248e-09	-3.820314e+01	-8.581234e+01
7.300000e-06	-5.381392e-06	-1.256106e-09	-3.823142e+01	-8.568548e+01
7.310000e-06	-5.385154e-06	-1.252296e-09	-3.825814e+01	-8.555619e+01
7.320000e-06	-5.388618e-06	-1.251760e-09	-3.828275e+01	-8.542530e+01
7.330000e-06	-5.391676e-06	-1.253796e-09	-3.830448e+01	-8.529370e+01
7.340000e-06	-5.394312e-06	-1.256946e-09	-3.832320e+01	-8.516230e+01
7.350000e-06	-5.396607e-06	-1.259434e-09	-3.833950e+01	-8.503201e+01
7.360000e-06	-5.398636e-06	-1.259207e-09	-3.835392e+01	-8.490378e+01
7.370000e-06	-5.400425e-06	-1.253724e-09	-3.836663e+01	-8.477855e+01
7.380000e-06	-5.401753e-06	-1.244712e-09	-3.837606e+01	-8.465726e+01
7.390000e-06	-5.402491e-06	-1.239313e-09	-3.838131e+01	-8.454082e+01
7.400000e-06	-5.402955e-06	-1.239584e-09	-3.838460e+01	-8.443012e+01
