# Temperatura_=_20.0
# Concentracion g/m^3_=_4090.0
# C_Vs_to_Am_M_A/Vsm_=_65563218390.804596
# pendiente_HvsI_1/m_=_3716.3
# ordenada_HvsI_A/m_=_1297.0
# frecuencia_Hz_=_135081.84500426555

Tiempo_(s)	Campo_(V.s)	Magnetizacion_(V.s)	Campo_(kA/m)	Magnetizacion_(A/m)
0.000000e+00	-5.404636e-06	-1.288260e-09	-3.838723e+01	-8.688726e+01
1.000000e-08	-5.404753e-06	-1.286413e-09	-3.838806e+01	-8.674324e+01
2.000000e-08	-5.404636e-06	-1.282832e-09	-3.838723e+01	-8.660458e+01
3.000000e-08	-5.404305e-06	-1.277565e-09	-3.838487e+01	-8.647192e+01
4.000000e-08	-5.403676e-06	-1.272752e-09	-3.838041e+01	-8.634588e+01
5.000000e-08	-5.402576e-06	-1.269842e-09	-3.837260e+01	-8.622700e+01
6.000000e-08	-5.400950e-06	-1.268320e-09	-3.836105e+01	-8.611579e+01
7.000000e-08	-5.398632e-06	-1.270631e-09	-3.834458e+01	-8.601266e+01
8.000000e-08	-5.395515e-06	-1.273398e-09	-3.832244e+01	-8.591798e+01
9.000000e-08	-5.391759e-06	-1.286793e-09	-3.829576e+01	-8.583201e+01
1.000000e-07	-5.387641e-06	-1.300920e-09	-3.826652e+01	-8.575497e+01
1.100000e-07	-5.383409e-06	-1.287080e-09	-3.823646e+01	-8.568696e+01
1.200000e-07	-5.379037e-06	-1.261936e-09	-3.820541e+01	-8.562802e+01
1.300000e-07	-5.374341e-06	-1.257978e-09	-3.817205e+01	-8.557810e+01
1.400000e-07	-5.369184e-06	-1.284530e-09	-3.813542e+01	-8.553707e+01
1.500000e-07	-5.363609e-06	-1.277956e-09	-3.809583e+01	-8.550469e+01
1.600000e-07	-5.357756e-06	-1.231185e-09	-3.805425e+01	-8.548067e+01
1.700000e-07	-5.351603e-06	-1.222272e-09	-3.801055e+01	-8.546460e+01
1.800000e-07	-5.344980e-06	-1.245722e-09	-3.796351e+01	-8.545604e+01
1.900000e-07	-5.337900e-06	-1.280730e-09	-3.791322e+01	-8.545442e+01
2.000000e-07	-5.330567e-06	-1.255818e-09	-3.786114e+01	-8.545914e+01
2.100000e-07	-5.323026e-06	-1.249723e-09	-3.780758e+01	-8.546950e+01
2.200000e-07	-5.315156e-06	-1.254358e-09	-3.775168e+01	-8.548478e+01
2.300000e-07	-5.307009e-06	-1.291881e-09	-3.769382e+01	-8.550418e+01
2.400000e-07	-5.298598e-06	-1.297779e-09	-3.763408e+01	-8.552684e+01
2.500000e-07	-5.289652e-06	-1.308662e-09	-3.757054e+01	-8.555189e+01
2.600000e-07	-5.279954e-06	-1.326204e-09	-3.750165e+01	-8.557841e+01
2.700000e-07	-5.269699e-06	-1.343839e-09	-3.742882e+01	-8.560546e+01
2.800000e-07	-5.258951e-06	-1.340673e-09	-3.735248e+01	-8.563209e+01
2.900000e-07	-5.247631e-06	-1.322367e-09	-3.727208e+01	-8.565733e+01
3.000000e-07	-5.235876e-06	-1.309839e-09	-3.718858e+01	-8.568021e+01
3.100000e-07	-5.223788e-06	-1.312482e-09	-3.710273e+01	-8.569980e+01
3.200000e-07	-5.211404e-06	-1.342759e-09	-3.701477e+01	-8.571514e+01
3.300000e-07	-5.198683e-06	-1.345080e-09	-3.692442e+01	-8.572533e+01
3.400000e-07	-5.185550e-06	-1.335152e-09	-3.683114e+01	-8.572950e+01
3.500000e-07	-5.171912e-06	-1.326731e-09	-3.673427e+01	-8.572682e+01
3.600000e-07	-5.157893e-06	-1.346528e-09	-3.663470e+01	-8.571648e+01
3.700000e-07	-5.143574e-06	-1.331110e-09	-3.653299e+01	-8.569777e+01
3.800000e-07	-5.128806e-06	-1.307469e-09	-3.642810e+01	-8.567002e+01
3.900000e-07	-5.113463e-06	-1.295142e-09	-3.631913e+01	-8.563261e+01
4.000000e-07	-5.097471e-06	-1.317460e-09	-3.620554e+01	-8.558502e+01
4.100000e-07	-5.080958e-06	-1.326835e-09	-3.608826e+01	-8.552678e+01
4.200000e-07	-5.064068e-06	-1.326830e-09	-3.596830e+01	-8.545753e+01
4.300000e-07	-5.046898e-06	-1.312834e-09	-3.584634e+01	-8.537695e+01
4.400000e-07	-5.029492e-06	-1.316517e-09	-3.572271e+01	-8.528484e+01
4.500000e-07	-5.011821e-06	-1.311495e-09	-3.559720e+01	-8.518105e+01
4.600000e-07	-4.993862e-06	-1.298406e-09	-3.546964e+01	-8.506554e+01
4.700000e-07	-4.975534e-06	-1.277878e-09	-3.533947e+01	-8.493834e+01
4.800000e-07	-4.956748e-06	-1.282054e-09	-3.520604e+01	-8.479956e+01
4.900000e-07	-4.937487e-06	-1.289364e-09	-3.506924e+01	-8.464939e+01
5.000000e-07	-4.917873e-06	-1.294873e-09	-3.492992e+01	-8.448809e+01
5.100000e-07	-4.898001e-06	-1.292171e-09	-3.478878e+01	-8.431602e+01
5.200000e-07	-4.877909e-06	-1.289943e-09	-3.464607e+01	-8.413356e+01
5.300000e-07	-4.857610e-06	-1.284514e-09	-3.450190e+01	-8.394118e+01
5.400000e-07	-4.837102e-06	-1.284374e-09	-3.435623e+01	-8.373942e+01
5.500000e-07	-4.816342e-06	-1.276907e-09	-3.420878e+01	-8.352883e+01
5.600000e-07	-4.795229e-06	-1.263456e-09	-3.405882e+01	-8.331005e+01
5.700000e-07	-4.773722e-06	-1.262598e-09	-3.390607e+01	-8.308372e+01
5.800000e-07	-4.751843e-06	-1.269734e-09	-3.375067e+01	-8.285052e+01
5.900000e-07	-4.729697e-06	-1.264448e-09	-3.359337e+01	-8.261117e+01
6.000000e-07	-4.707312e-06	-1.255605e-09	-3.343438e+01	-8.236639e+01
6.100000e-07	-4.684537e-06	-1.260975e-09	-3.327262e+01	-8.211691e+01
6.200000e-07	-4.661336e-06	-1.261989e-09	-3.310783e+01	-8.186346e+01
6.300000e-07	-4.637844e-06	-1.256205e-09	-3.294098e+01	-8.160676e+01
6.400000e-07	-4.614106e-06	-1.250928e-09	-3.277237e+01	-8.134753e+01
6.500000e-07	-4.590124e-06	-1.251345e-09	-3.260204e+01	-8.108646e+01
6.600000e-07	-4.565989e-06	-1.245484e-09	-3.243062e+01	-8.082421e+01
6.700000e-07	-4.541653e-06	-1.244627e-09	-3.225776e+01	-8.056142e+01
6.800000e-07	-4.516970e-06	-1.241015e-09	-3.208245e+01	-8.029868e+01
6.900000e-07	-4.491761e-06	-1.237731e-09	-3.190340e+01	-8.003655e+01
7.000000e-07	-4.466007e-06	-1.234192e-09	-3.172048e+01	-7.977552e+01
7.100000e-07	-4.439770e-06	-1.235787e-09	-3.153413e+01	-7.951605e+01
7.200000e-07	-4.412986e-06	-1.229935e-09	-3.134389e+01	-7.925854e+01
7.300000e-07	-4.385702e-06	-1.226541e-09	-3.115010e+01	-7.900333e+01
7.400000e-07	-4.358114e-06	-1.221455e-09	-3.095415e+01	-7.875070e+01
7.500000e-07	-4.330346e-06	-1.220632e-09	-3.075693e+01	-7.850088e+01
7.600000e-07	-4.302371e-06	-1.217615e-09	-3.055822e+01	-7.825402e+01
7.700000e-07	-4.274282e-06	-1.218495e-09	-3.035872e+01	-7.801024e+01
7.800000e-07	-4.246004e-06	-1.215872e-09	-3.015787e+01	-7.776956e+01
7.900000e-07	-4.217369e-06	-1.215358e-09	-2.995449e+01	-7.753197e+01
8.000000e-07	-4.188354e-06	-1.213485e-09	-2.974841e+01	-7.729741e+01
8.100000e-07	-4.158978e-06	-1.209148e-09	-2.953976e+01	-7.706573e+01
8.200000e-07	-4.129365e-06	-1.201683e-09	-2.932943e+01	-7.683676e+01
8.300000e-07	-4.099501e-06	-1.197348e-09	-2.911731e+01	-7.661029e+01
8.400000e-07	-4.069319e-06	-1.193476e-09	-2.890294e+01	-7.638603e+01
8.500000e-07	-4.038946e-06	-1.191509e-09	-2.868721e+01	-7.616367e+01
8.600000e-07	-4.008446e-06	-1.190559e-09	-2.847058e+01	-7.594289e+01
8.700000e-07	-3.977712e-06	-1.188979e-09	-2.825229e+01	-7.572330e+01
8.800000e-07	-3.946605e-06	-1.186205e-09	-2.803135e+01	-7.550452e+01
8.900000e-07	-3.915152e-06	-1.181890e-09	-2.780795e+01	-7.528612e+01
9.000000e-07	-3.883463e-06	-1.175251e-09	-2.758287e+01	-7.506768e+01
9.100000e-07	-3.851618e-06	-1.168640e-09	-2.735669e+01	-7.484876e+01
9.200000e-07	-3.819651e-06	-1.167578e-09	-2.712964e+01	-7.462893e+01
9.300000e-07	-3.787455e-06	-1.167570e-09	-2.690096e+01	-7.440775e+01
9.400000e-07	-3.754977e-06	-1.167674e-09	-2.667028e+01	-7.418478e+01
9.500000e-07	-3.722184e-06	-1.163163e-09	-2.643736e+01	-7.395962e+01
9.600000e-07	-3.689038e-06	-1.159390e-09	-2.620194e+01	-7.373185e+01
9.700000e-07	-3.655550e-06	-1.153468e-09	-2.596408e+01	-7.350111e+01
9.800000e-07	-3.621657e-06	-1.146823e-09	-2.572335e+01	-7.326703e+01
9.900000e-07	-3.587277e-06	-1.136468e-09	-2.547917e+01	-7.302928e+01
1.000000e-06	-3.552532e-06	-1.129570e-09	-2.523238e+01	-7.278757e+01
1.010000e-06	-3.517552e-06	-1.128403e-09	-2.498393e+01	-7.254163e+01
1.020000e-06	-3.482260e-06	-1.131045e-09	-2.473327e+01	-7.229123e+01
1.030000e-06	-3.446588e-06	-1.127008e-09	-2.447990e+01	-7.203617e+01
1.040000e-06	-3.410678e-06	-1.119723e-09	-2.422484e+01	-7.177630e+01
1.050000e-06	-3.374630e-06	-1.112540e-09	-2.396881e+01	-7.151150e+01
1.060000e-06	-3.338479e-06	-1.107122e-09	-2.371204e+01	-7.124168e+01
1.070000e-06	-3.302202e-06	-1.098691e-09	-2.345438e+01	-7.096679e+01
1.080000e-06	-3.265752e-06	-1.090428e-09	-2.319549e+01	-7.068683e+01
1.090000e-06	-3.229123e-06	-1.085354e-09	-2.293532e+01	-7.040182e+01
1.100000e-06	-3.192211e-06	-1.087007e-09	-2.267315e+01	-7.011181e+01
1.110000e-06	-3.155019e-06	-1.090286e-09	-2.240899e+01	-6.981690e+01
1.120000e-06	-3.117642e-06	-1.087517e-09	-2.214351e+01	-6.951719e+01
1.130000e-06	-3.080030e-06	-1.075147e-09	-2.187637e+01	-6.921282e+01
1.140000e-06	-3.042177e-06	-1.063448e-09	-2.160751e+01	-6.890396e+01
1.150000e-06	-3.004132e-06	-1.057611e-09	-2.133729e+01	-6.859077e+01
1.160000e-06	-2.965915e-06	-1.053553e-09	-2.106585e+01	-6.827346e+01
1.170000e-06	-2.927473e-06	-1.048851e-09	-2.079281e+01	-6.795222e+01
1.180000e-06	-2.888845e-06	-1.046496e-09	-2.051845e+01	-6.762726e+01
1.190000e-06	-2.850035e-06	-1.044988e-09	-2.024279e+01	-6.729880e+01
1.200000e-06	-2.810977e-06	-1.039783e-09	-1.996538e+01	-6.696705e+01
1.210000e-06	-2.771674e-06	-1.033686e-09	-1.968622e+01	-6.663221e+01
1.220000e-06	-2.732105e-06	-1.028749e-09	-1.940518e+01	-6.629448e+01
1.230000e-06	-2.692435e-06	-1.024420e-09	-1.912342e+01	-6.595406e+01
1.240000e-06	-2.652587e-06	-1.017319e-09	-1.884039e+01	-6.561112e+01
1.250000e-06	-2.612587e-06	-1.011606e-09	-1.855628e+01	-6.526581e+01
1.260000e-06	-2.572613e-06	-1.008154e-09	-1.827237e+01	-6.491827e+01
1.270000e-06	-2.532510e-06	-1.006460e-09	-1.798753e+01	-6.456861e+01
1.280000e-06	-2.492237e-06	-1.001742e-09	-1.770148e+01	-6.421693e+01
1.290000e-06	-2.451855e-06	-9.959260e-10	-1.741466e+01	-6.386329e+01
1.300000e-06	-2.411321e-06	-9.895979e-10	-1.712677e+01	-6.350772e+01
1.310000e-06	-2.370670e-06	-9.820118e-10	-1.683804e+01	-6.315023e+01
1.320000e-06	-2.329837e-06	-9.728262e-10	-1.654801e+01	-6.279080e+01
1.330000e-06	-2.288751e-06	-9.646390e-10	-1.625619e+01	-6.242938e+01
1.340000e-06	-2.247545e-06	-9.608731e-10	-1.596352e+01	-6.206587e+01
1.350000e-06	-2.206131e-06	-9.609504e-10	-1.566938e+01	-6.170017e+01
1.360000e-06	-2.164467e-06	-9.584714e-10	-1.537345e+01	-6.133214e+01
1.370000e-06	-2.122524e-06	-9.515165e-10	-1.507554e+01	-6.096160e+01
1.380000e-06	-2.080137e-06	-9.405139e-10	-1.477448e+01	-6.058837e+01
1.390000e-06	-2.037440e-06	-9.288265e-10	-1.447122e+01	-6.021220e+01
1.400000e-06	-1.994584e-06	-9.185541e-10	-1.416683e+01	-5.983286e+01
1.410000e-06	-1.951561e-06	-9.103726e-10	-1.386125e+01	-5.945007e+01
1.420000e-06	-1.908383e-06	-9.042229e-10	-1.355457e+01	-5.906355e+01
1.430000e-06	-1.865011e-06	-9.030909e-10	-1.324652e+01	-5.867298e+01
1.440000e-06	-1.821486e-06	-9.038246e-10	-1.293737e+01	-5.827802e+01
1.450000e-06	-1.777798e-06	-9.000397e-10	-1.262708e+01	-5.787835e+01
1.460000e-06	-1.733978e-06	-8.906590e-10	-1.231583e+01	-5.747359e+01
1.470000e-06	-1.690109e-06	-8.813147e-10	-1.200425e+01	-5.706339e+01
1.480000e-06	-1.646196e-06	-8.743019e-10	-1.169235e+01	-5.664737e+01
1.490000e-06	-1.602256e-06	-8.652432e-10	-1.138026e+01	-5.622513e+01
1.500000e-06	-1.558174e-06	-8.561972e-10	-1.106717e+01	-5.579630e+01
1.510000e-06	-1.513969e-06	-8.520946e-10	-1.075319e+01	-5.536046e+01
1.520000e-06	-1.469715e-06	-8.513962e-10	-1.043887e+01	-5.491723e+01
1.530000e-06	-1.425369e-06	-8.460735e-10	-1.012390e+01	-5.446619e+01
1.540000e-06	-1.380919e-06	-8.348874e-10	-9.808180e+00	-5.400695e+01
1.550000e-06	-1.336490e-06	-8.222164e-10	-9.492618e+00	-5.353910e+01
1.560000e-06	-1.292094e-06	-8.095272e-10	-9.177288e+00	-5.306222e+01
1.570000e-06	-1.247591e-06	-7.986002e-10	-8.861199e+00	-5.257591e+01
1.580000e-06	-1.202937e-06	-7.914957e-10	-8.544037e+00	-5.207976e+01
1.590000e-06	-1.158160e-06	-7.859639e-10	-8.226002e+00	-5.157336e+01
1.600000e-06	-1.113326e-06	-7.797198e-10	-7.907561e+00	-5.105629e+01
1.610000e-06	-1.068437e-06	-7.711756e-10	-7.588733e+00	-5.052813e+01
1.620000e-06	-1.023463e-06	-7.587625e-10	-7.269295e+00	-4.998847e+01
1.630000e-06	-9.784278e-07	-7.439816e-10	-6.949428e+00	-4.943687e+01
1.640000e-06	-9.332258e-07	-7.292457e-10	-6.628374e+00	-4.887290e+01
1.650000e-06	-8.879624e-07	-7.175133e-10	-6.306884e+00	-4.829611e+01
1.660000e-06	-8.427416e-07	-7.094315e-10	-5.985697e+00	-4.770606e+01
1.670000e-06	-7.974553e-07	-7.041729e-10	-5.664044e+00	-4.710228e+01
1.680000e-06	-7.520645e-07	-7.014504e-10	-5.341649e+00	-4.648430e+01
1.690000e-06	-7.065462e-07	-6.953235e-10	-5.018349e+00	-4.585163e+01
1.700000e-06	-6.609249e-07	-6.835333e-10	-4.694317e+00	-4.520376e+01
1.710000e-06	-6.152246e-07	-6.676213e-10	-4.369724e+00	-4.454018e+01
1.720000e-06	-5.695405e-07	-6.558273e-10	-4.045246e+00	-4.386036e+01
1.730000e-06	-5.238415e-07	-6.470316e-10	-3.720662e+00	-4.316375e+01
1.740000e-06	-4.780967e-07	-6.379226e-10	-3.395753e+00	-4.244977e+01
1.750000e-06	-4.323811e-07	-6.302622e-10	-3.071051e+00	-4.171786e+01
1.760000e-06	-3.866622e-07	-6.233770e-10	-2.746325e+00	-4.096739e+01
1.770000e-06	-3.408079e-07	-6.126356e-10	-2.420639e+00	-4.019778e+01
1.780000e-06	-2.949718e-07	-5.963957e-10	-2.095081e+00	-3.940838e+01
1.790000e-06	-2.492194e-07	-5.784474e-10	-1.770117e+00	-3.859855e+01
1.800000e-06	-2.033380e-07	-5.642817e-10	-1.444238e+00	-3.776764e+01
1.810000e-06	-1.573653e-07	-5.549409e-10	-1.117711e+00	-3.691501e+01
1.820000e-06	-1.114316e-07	-5.459721e-10	-7.914595e-01	-3.603997e+01
1.830000e-06	-6.550298e-08	-5.335897e-10	-4.652446e-01	-3.514188e+01
1.840000e-06	-1.959028e-08	-5.175540e-10	-1.391429e-01	-3.422006e+01
1.850000e-06	2.633989e-08	-5.014422e-10	1.870830e-01	-3.327386e+01
1.860000e-06	7.224858e-08	-4.837052e-10	5.131562e-01	-3.230265e+01
1.870000e-06	1.180986e-07	-4.656569e-10	8.388131e-01	-3.130578e+01
1.880000e-06	1.639884e-07	-4.516011e-10	1.164752e+00	-3.028267e+01
1.890000e-06	2.098664e-07	-4.424218e-10	1.490607e+00	-2.923273e+01
1.900000e-06	2.556729e-07	-4.317042e-10	1.815955e+00	-2.815541e+01
1.910000e-06	3.014559e-07	-4.172843e-10	2.141135e+00	-2.705022e+01
1.920000e-06	3.473163e-07	-3.974374e-10	2.466865e+00	-2.591669e+01
1.930000e-06	3.931309e-07	-3.750010e-10	2.792270e+00	-2.475441e+01
1.940000e-06	4.388426e-07	-3.518737e-10	3.116945e+00	-2.356304e+01
1.950000e-06	4.845587e-07	-3.282627e-10	3.441650e+00	-2.234229e+01
1.960000e-06	5.302965e-07	-3.091919e-10	3.766510e+00	-2.109194e+01
1.970000e-06	5.760407e-07	-2.955554e-10	4.091415e+00	-1.981186e+01
1.980000e-06	6.216789e-07	-2.816595e-10	4.415567e+00	-1.850198e+01
1.990000e-06	6.671374e-07	-2.634158e-10	4.738442e+00	-1.716233e+01
2.000000e-06	7.125449e-07	-2.407350e-10	5.060956e+00	-1.579304e+01
2.010000e-06	7.579553e-07	-2.161835e-10	5.383490e+00	-1.439432e+01
2.020000e-06	8.032444e-07	-1.920610e-10	5.705162e+00	-1.296649e+01
2.030000e-06	8.484620e-07	-1.662041e-10	6.026327e+00	-1.150997e+01
2.040000e-06	8.936562e-07	-1.407181e-10	6.347326e+00	-1.002529e+01
2.050000e-06	9.388081e-07	-1.197537e-10	6.668023e+00	-8.513083e+00
2.060000e-06	9.839328e-07	-1.032051e-10	6.988528e+00	-6.974102e+00
2.070000e-06	1.028934e-06	-8.428580e-11	7.308153e+00	-5.409203e+00
2.080000e-06	1.073809e-06	-5.832198e-11	7.626887e+00	-3.819355e+00
2.090000e-06	1.118619e-06	-2.953135e-11	7.945156e+00	-2.205639e+00
2.100000e-06	1.163320e-06	-1.835543e-12	8.262650e+00	-5.692431e-01
2.110000e-06	1.207916e-06	2.638094e-11	8.579402e+00	1.088538e+00
2.120000e-06	1.252497e-06	5.568320e-11	8.896047e+00	2.766308e+00
2.130000e-06	1.297013e-06	7.903010e-11	9.212229e+00	4.462569e+00
2.140000e-06	1.341426e-06	9.562852e-11	9.527675e+00	6.175730e+00
2.150000e-06	1.385784e-06	1.139104e-10	9.842733e+00	7.904114e+00
2.160000e-06	1.430060e-06	1.399687e-10	1.015721e+01	9.645959e+00
2.170000e-06	1.474290e-06	1.723762e-10	1.047136e+01	1.139943e+01
2.180000e-06	1.518444e-06	2.013636e-10	1.078497e+01	1.316262e+01
2.190000e-06	1.562497e-06	2.275573e-10	1.109787e+01	1.493357e+01
2.200000e-06	1.606531e-06	2.518172e-10	1.141063e+01	1.671027e+01
2.210000e-06	1.650508e-06	2.752027e-10	1.172298e+01	1.849065e+01
2.220000e-06	1.694407e-06	2.970544e-10	1.203478e+01	2.027264e+01
2.230000e-06	1.738313e-06	3.210280e-10	1.234662e+01	2.205413e+01
2.240000e-06	1.782183e-06	3.551386e-10	1.265822e+01	2.383299e+01
2.250000e-06	1.825965e-06	3.931967e-10	1.296919e+01	2.560712e+01
2.260000e-06	1.869615e-06	4.259546e-10	1.327922e+01	2.737438e+01
2.270000e-06	1.913098e-06	4.525082e-10	1.358806e+01	2.913270e+01
2.280000e-06	1.956399e-06	4.756588e-10	1.389562e+01	3.088001e+01
2.290000e-06	1.999557e-06	4.975438e-10	1.420215e+01	3.261429e+01
2.300000e-06	2.042434e-06	5.175601e-10	1.450669e+01	3.433356e+01
2.310000e-06	2.084974e-06	5.389476e-10	1.480884e+01	3.603592e+01
2.320000e-06	2.127224e-06	5.676377e-10	1.510892e+01	3.771951e+01
2.330000e-06	2.169139e-06	6.038447e-10	1.540663e+01	3.938256e+01
2.340000e-06	2.210761e-06	6.357153e-10	1.570226e+01	4.102340e+01
2.350000e-06	2.252036e-06	6.568527e-10	1.599542e+01	4.264042e+01
2.360000e-06	2.293162e-06	6.752654e-10	1.628752e+01	4.423213e+01
2.370000e-06	2.334176e-06	6.976230e-10	1.657883e+01	4.579713e+01
2.380000e-06	2.374820e-06	7.201851e-10	1.686751e+01	4.733415e+01
2.390000e-06	2.415200e-06	7.379185e-10	1.715432e+01	4.884202e+01
2.400000e-06	2.455474e-06	7.573556e-10	1.744037e+01	5.031968e+01
2.410000e-06	2.495617e-06	7.840011e-10	1.772549e+01	5.176619e+01
2.420000e-06	2.535682e-06	8.156784e-10	1.801006e+01	5.318075e+01
2.430000e-06	2.575675e-06	8.429170e-10	1.829411e+01	5.456265e+01
2.440000e-06	2.615615e-06	8.623272e-10	1.857779e+01	5.591133e+01
2.450000e-06	2.655529e-06	8.804906e-10	1.886129e+01	5.722633e+01
2.460000e-06	2.695318e-06	9.022365e-10	1.914389e+01	5.850732e+01
2.470000e-06	2.734867e-06	9.205845e-10	1.942479e+01	5.975407e+01
2.480000e-06	2.774208e-06	9.322060e-10	1.970422e+01	6.096648e+01
2.490000e-06	2.813288e-06	9.459510e-10	1.998179e+01	6.214455e+01
2.500000e-06	2.852046e-06	9.680547e-10	2.025708e+01	6.328837e+01
2.510000e-06	2.890571e-06	9.931308e-10	2.053071e+01	6.439814e+01
2.520000e-06	2.928906e-06	1.012862e-09	2.080299e+01	6.547416e+01
2.530000e-06	2.967064e-06	1.027745e-09	2.107401e+01	6.651679e+01
2.540000e-06	3.005037e-06	1.044251e-09	2.134372e+01	6.752647e+01
2.550000e-06	3.042866e-06	1.061263e-09	2.161241e+01	6.850374e+01
2.560000e-06	3.080593e-06	1.072432e-09	2.188037e+01	6.944916e+01
2.570000e-06	3.118185e-06	1.079220e-09	2.214737e+01	7.036338e+01
2.580000e-06	3.155576e-06	1.089830e-09	2.241295e+01	7.124708e+01
2.590000e-06	3.192712e-06	1.104851e-09	2.267671e+01	7.210097e+01
2.600000e-06	3.229539e-06	1.121494e-09	2.293828e+01	7.292580e+01
2.610000e-06	3.266076e-06	1.136683e-09	2.319779e+01	7.372236e+01
2.620000e-06	3.302467e-06	1.150797e-09	2.345626e+01	7.449144e+01
2.630000e-06	3.338700e-06	1.163998e-09	2.371361e+01	7.523382e+01
2.640000e-06	3.374746e-06	1.171463e-09	2.396963e+01	7.595032e+01
2.650000e-06	3.410690e-06	1.175462e-09	2.422493e+01	7.664174e+01
2.660000e-06	3.446545e-06	1.179725e-09	2.447960e+01	7.730885e+01
2.670000e-06	3.482224e-06	1.186354e-09	2.473301e+01	7.795244e+01
2.680000e-06	3.517691e-06	1.195623e-09	2.498492e+01	7.857325e+01
2.690000e-06	3.552818e-06	1.205829e-09	2.523442e+01	7.917201e+01
2.700000e-06	3.587501e-06	1.217736e-09	2.548076e+01	7.974943e+01
2.710000e-06	3.621778e-06	1.232458e-09	2.572422e+01	8.030617e+01
2.720000e-06	3.655599e-06	1.245607e-09	2.596444e+01	8.084287e+01
2.730000e-06	3.688894e-06	1.253758e-09	2.620092e+01	8.136013e+01
2.740000e-06	3.721697e-06	1.258333e-09	2.643391e+01	8.185851e+01
2.750000e-06	3.754235e-06	1.262947e-09	2.666501e+01	8.233855e+01
2.760000e-06	3.786591e-06	1.267618e-09	2.689482e+01	8.280073e+01
2.770000e-06	3.818762e-06	1.270488e-09	2.712332e+01	8.324552e+01
2.780000e-06	3.850851e-06	1.275895e-09	2.735124e+01	8.367333e+01
2.790000e-06	3.882817e-06	1.286634e-09	2.757829e+01	8.408455e+01
2.800000e-06	3.914616e-06	1.297655e-09	2.780414e+01	8.447956e+01
2.810000e-06	3.946257e-06	1.304563e-09	2.802888e+01	8.485867e+01
2.820000e-06	3.977661e-06	1.307644e-09	2.825193e+01	8.522221e+01
2.830000e-06	4.008722e-06	1.310234e-09	2.847254e+01	8.557045e+01
2.840000e-06	4.039340e-06	1.311512e-09	2.869001e+01	8.590367e+01
2.850000e-06	4.069564e-06	1.309458e-09	2.890468e+01	8.622212e+01
2.860000e-06	4.099536e-06	1.308477e-09	2.911756e+01	8.652605e+01
2.870000e-06	4.129296e-06	1.312542e-09	2.932894e+01	8.681570e+01
2.880000e-06	4.158817e-06	1.320559e-09	2.953861e+01	8.709130e+01
2.890000e-06	4.188054e-06	1.326731e-09	2.974627e+01	8.735310e+01
2.900000e-06	4.216982e-06	1.331769e-09	2.995174e+01	8.760134e+01
2.910000e-06	4.245582e-06	1.337929e-09	3.015488e+01	8.783626e+01
2.920000e-06	4.273961e-06	1.342433e-09	3.035644e+01	8.805813e+01
2.930000e-06	4.302151e-06	1.341792e-09	3.055666e+01	8.826723e+01
2.940000e-06	4.330129e-06	1.337390e-09	3.075538e+01	8.846385e+01
2.950000e-06	4.358002e-06	1.334621e-09	3.095336e+01	8.864829e+01
2.960000e-06	4.385675e-06	1.337207e-09	3.114991e+01	8.882089e+01
2.970000e-06	4.413045e-06	1.344214e-09	3.134430e+01	8.898199e+01
2.980000e-06	4.439978e-06	1.350127e-09	3.153560e+01	8.913197e+01
2.990000e-06	4.466319e-06	1.356383e-09	3.172269e+01	8.927122e+01
3.000000e-06	4.492076e-06	1.363550e-09	3.190563e+01	8.940016e+01
3.010000e-06	4.517261e-06	1.366682e-09	3.208452e+01	8.951922e+01
3.020000e-06	4.541999e-06	1.363072e-09	3.226022e+01	8.962884e+01
3.030000e-06	4.566372e-06	1.356929e-09	3.243334e+01	8.972952e+01
3.040000e-06	4.590507e-06	1.354760e-09	3.260475e+01	8.982172e+01
3.050000e-06	4.614503e-06	1.357067e-09	3.277519e+01	8.990594e+01
3.060000e-06	4.638237e-06	1.361095e-09	3.294376e+01	8.998271e+01
3.070000e-06	4.661706e-06	1.365664e-09	3.311046e+01	9.005252e+01
3.080000e-06	4.684773e-06	1.372955e-09	3.327430e+01	9.011589e+01
3.090000e-06	4.707412e-06	1.380181e-09	3.343509e+01	9.017335e+01
3.100000e-06	4.729766e-06	1.378843e-09	3.359386e+01	9.022539e+01
3.110000e-06	4.751850e-06	1.370386e-09	3.375072e+01	9.027252e+01
3.120000e-06	4.773678e-06	1.363134e-09	3.390576e+01	9.031522e+01
3.130000e-06	4.795206e-06	1.360246e-09	3.405866e+01	9.035396e+01
3.140000e-06	4.816438e-06	1.361036e-09	3.420947e+01	9.038918e+01
3.150000e-06	4.837333e-06	1.365588e-09	3.435788e+01	9.042130e+01
3.160000e-06	4.857868e-06	1.372182e-09	3.450373e+01	9.045072e+01
3.170000e-06	4.878116e-06	1.377917e-09	3.464754e+01	9.047777e+01
3.180000e-06	4.898187e-06	1.378887e-09	3.479010e+01	9.050279e+01
3.190000e-06	4.918037e-06	1.373725e-09	3.493109e+01	9.052604e+01
3.200000e-06	4.937569e-06	1.367649e-09	3.506982e+01	9.054776e+01
3.210000e-06	4.956810e-06	1.363602e-09	3.520647e+01	9.056814e+01
3.220000e-06	4.975625e-06	1.362092e-09	3.534012e+01	9.058731e+01
3.230000e-06	4.993909e-06	1.362104e-09	3.546998e+01	9.060538e+01
3.240000e-06	5.011816e-06	1.363334e-09	3.559716e+01	9.062238e+01
3.250000e-06	5.029390e-06	1.368124e-09	3.572199e+01	9.063831e+01
3.260000e-06	5.046725e-06	1.374665e-09	3.584511e+01	9.065312e+01
3.270000e-06	5.063823e-06	1.374203e-09	3.596656e+01	9.066672e+01
3.280000e-06	5.080489e-06	1.368616e-09	3.608493e+01	9.067895e+01
3.290000e-06	5.096853e-06	1.366122e-09	3.620115e+01	9.068963e+01
3.300000e-06	5.112758e-06	1.367724e-09	3.631412e+01	9.069853e+01
3.310000e-06	5.128045e-06	1.367728e-09	3.642270e+01	9.070540e+01
3.320000e-06	5.142819e-06	1.366476e-09	3.652764e+01	9.070992e+01
3.330000e-06	5.157191e-06	1.369787e-09	3.662972e+01	9.071177e+01
3.340000e-06	5.171325e-06	1.373368e-09	3.673010e+01	9.071062e+01
3.350000e-06	5.185139e-06	1.371865e-09	3.682822e+01	9.070608e+01
3.360000e-06	5.198519e-06	1.368982e-09	3.692325e+01	9.069777e+01
3.370000e-06	5.211448e-06	1.368802e-09	3.701508e+01	9.068531e+01
3.380000e-06	5.223979e-06	1.369344e-09	3.710408e+01	9.066830e+01
3.390000e-06	5.236187e-06	1.369366e-09	3.719079e+01	9.064636e+01
3.400000e-06	5.248088e-06	1.368348e-09	3.727532e+01	9.061911e+01
3.410000e-06	5.259687e-06	1.368834e-09	3.735771e+01	9.058619e+01
3.420000e-06	5.270856e-06	1.368128e-09	3.743703e+01	9.054726e+01
3.430000e-06	5.281417e-06	1.363398e-09	3.751205e+01	9.050201e+01
3.440000e-06	5.291311e-06	1.359079e-09	3.758232e+01	9.045017e+01
3.450000e-06	5.300437e-06	1.359766e-09	3.764714e+01	9.039149e+01
3.460000e-06	5.309004e-06	1.364227e-09	3.770799e+01	9.032579e+01
3.470000e-06	5.317348e-06	1.366648e-09	3.776725e+01	9.025291e+01
3.480000e-06	5.325527e-06	1.365110e-09	3.782534e+01	9.017277e+01
3.490000e-06	5.333494e-06	1.364302e-09	3.788193e+01	9.008533e+01
3.500000e-06	5.341144e-06	1.364767e-09	3.793627e+01	8.999060e+01
3.510000e-06	5.348399e-06	1.362585e-09	3.798780e+01	8.988867e+01
3.520000e-06	5.355240e-06	1.358590e-09	3.803639e+01	8.977969e+01
3.530000e-06	5.361695e-06	1.355416e-09	3.808224e+01	8.966386e+01
3.540000e-06	5.367784e-06	1.356300e-09	3.812548e+01	8.954145e+01
3.550000e-06	5.373542e-06	1.358146e-09	3.816638e+01	8.941280e+01
3.560000e-06	5.378960e-06	1.356473e-09	3.820486e+01	8.927829e+01
3.570000e-06	5.383959e-06	1.355224e-09	3.824037e+01	8.913838e+01
3.580000e-06	5.388550e-06	1.356477e-09	3.827298e+01	8.899359e+01
3.590000e-06	5.392856e-06	1.355367e-09	3.830356e+01	8.884447e+01
3.600000e-06	5.396963e-06	1.351224e-09	3.833273e+01	8.869164e+01
3.610000e-06	5.400859e-06	1.348366e-09	3.836040e+01	8.853575e+01
3.620000e-06	5.404439e-06	1.348699e-09	3.838583e+01	8.837749e+01
3.630000e-06	5.407452e-06	1.348552e-09	3.840723e+01	8.821760e+01
3.640000e-06	5.409974e-06	1.347248e-09	3.842514e+01	8.805683e+01
3.650000e-06	5.412084e-06	1.347205e-09	3.844013e+01	8.789595e+01
3.660000e-06	5.413504e-06	1.349385e-09	3.845021e+01	8.773574e+01
3.670000e-06	5.414292e-06	1.353031e-09	3.845581e+01	8.757701e+01
3.680000e-06	5.414694e-06	1.352029e-09	3.845867e+01	8.742053e+01
3.690000e-06	5.414882e-06	1.347591e-09	3.846000e+01	8.726709e+01
3.700000e-06	5.414867e-06	1.347093e-09	3.845990e+01	8.711745e+01
3.710000e-06	5.414533e-06	1.348184e-09	3.845752e+01	8.697234e+01
3.720000e-06	5.413810e-06	1.345878e-09	3.845239e+01	8.683247e+01
3.730000e-06	5.412713e-06	1.339177e-09	3.844460e+01	8.669851e+01
3.740000e-06	5.411309e-06	1.331562e-09	3.843463e+01	8.657106e+01
3.750000e-06	5.409562e-06	1.327461e-09	3.842222e+01	8.645069e+01
3.760000e-06	5.407509e-06	1.325656e-09	3.840764e+01	8.633790e+01
3.770000e-06	5.405157e-06	1.323052e-09	3.839093e+01	8.623313e+01
3.780000e-06	5.402450e-06	1.309419e-09	3.837170e+01	8.613675e+01
3.790000e-06	5.399302e-06	1.283055e-09	3.834935e+01	8.604905e+01
3.800000e-06	5.395594e-06	1.280326e-09	3.832301e+01	8.597025e+01
3.810000e-06	5.391539e-06	1.311713e-09	3.829421e+01	8.590046e+01
3.820000e-06	5.387444e-06	1.321975e-09	3.826512e+01	8.583975e+01
3.830000e-06	5.383214e-06	1.296989e-09	3.823507e+01	8.578807e+01
3.840000e-06	5.378514e-06	1.259646e-09	3.820169e+01	8.574530e+01
3.850000e-06	5.372992e-06	1.287433e-09	3.816247e+01	8.571123e+01
3.860000e-06	5.366851e-06	1.307858e-09	3.811886e+01	8.568558e+01
3.870000e-06	5.360408e-06	1.278358e-09	3.807309e+01	8.566795e+01
3.880000e-06	5.353476e-06	1.235187e-09	3.802386e+01	8.565791e+01
3.890000e-06	5.346063e-06	1.249461e-09	3.797120e+01	8.565491e+01
3.900000e-06	5.338330e-06	1.301712e-09	3.791628e+01	8.565835e+01
3.910000e-06	5.330365e-06	1.286555e-09	3.785970e+01	8.566756e+01
3.920000e-06	5.322086e-06	1.256832e-09	3.780090e+01	8.568181e+01
3.930000e-06	5.313361e-06	1.243293e-09	3.773894e+01	8.570031e+01
3.940000e-06	5.304264e-06	1.263756e-09	3.767432e+01	8.572222e+01
3.950000e-06	5.294868e-06	1.237373e-09	3.760758e+01	8.574667e+01
3.960000e-06	5.285095e-06	1.233197e-09	3.753817e+01	8.577275e+01
3.970000e-06	5.274855e-06	1.250101e-09	3.746544e+01	8.579951e+01
3.980000e-06	5.264336e-06	1.283760e-09	3.739073e+01	8.582601e+01
3.990000e-06	5.253546e-06	1.289693e-09	3.731409e+01	8.585128e+01
4.000000e-06	5.242224e-06	1.300239e-09	3.723368e+01	8.587436e+01
4.010000e-06	5.230462e-06	1.313320e-09	3.715013e+01	8.589430e+01
4.020000e-06	5.218431e-06	1.307725e-09	3.706468e+01	8.591014e+01
4.030000e-06	5.205994e-06	1.301877e-09	3.697634e+01	8.592099e+01
4.040000e-06	5.193158e-06	1.307142e-09	3.688517e+01	8.592596e+01
4.050000e-06	5.179859e-06	1.297912e-09	3.679072e+01	8.592421e+01
4.060000e-06	5.165970e-06	1.281578e-09	3.669207e+01	8.591493e+01
4.070000e-06	5.151429e-06	1.299101e-09	3.658879e+01	8.589740e+01
4.080000e-06	5.136244e-06	1.321434e-09	3.648094e+01	8.587093e+01
4.090000e-06	5.120715e-06	1.303551e-09	3.637064e+01	8.583491e+01
4.100000e-06	5.104956e-06	1.273717e-09	3.625870e+01	8.578878e+01
4.110000e-06	5.088846e-06	1.278797e-09	3.614428e+01	8.573209e+01
4.120000e-06	5.072427e-06	1.280776e-09	3.602766e+01	8.566443e+01
4.130000e-06	5.055678e-06	1.271508e-09	3.590870e+01	8.558549e+01
4.140000e-06	5.038476e-06	1.254334e-09	3.578653e+01	8.549504e+01
4.150000e-06	5.020914e-06	1.264720e-09	3.566179e+01	8.539294e+01
4.160000e-06	5.003054e-06	1.275004e-09	3.553494e+01	8.527912e+01
4.170000e-06	4.984967e-06	1.282687e-09	3.540646e+01	8.515360e+01
4.180000e-06	4.966641e-06	1.267474e-09	3.527631e+01	8.501647e+01
4.190000e-06	4.947956e-06	1.259452e-09	3.514359e+01	8.486791e+01
4.200000e-06	4.928836e-06	1.253268e-09	3.500779e+01	8.470819e+01
4.210000e-06	4.909372e-06	1.252921e-09	3.486954e+01	8.453762e+01
4.220000e-06	4.889697e-06	1.242318e-09	3.472980e+01	8.435659e+01
4.230000e-06	4.869865e-06	1.239294e-09	3.458894e+01	8.416557e+01
4.240000e-06	4.849842e-06	1.233330e-09	3.444672e+01	8.396506e+01
4.250000e-06	4.829543e-06	1.239635e-09	3.430254e+01	8.375564e+01
4.260000e-06	4.808843e-06	1.244047e-09	3.415552e+01	8.353791e+01
4.270000e-06	4.787523e-06	1.235493e-09	3.400409e+01	8.331253e+01
4.280000e-06	4.765613e-06	1.227630e-09	3.384847e+01	8.308016e+01
4.290000e-06	4.743253e-06	1.240140e-09	3.368966e+01	8.284153e+01
4.300000e-06	4.720282e-06	1.238143e-09	3.352650e+01	8.259734e+01
4.310000e-06	4.696775e-06	1.214896e-09	3.335954e+01	8.234832e+01
4.320000e-06	4.673060e-06	1.202805e-09	3.319110e+01	8.209521e+01
4.330000e-06	4.649165e-06	1.207575e-09	3.302138e+01	8.183874e+01
4.340000e-06	4.625093e-06	1.199967e-09	3.285040e+01	8.157962e+01
4.350000e-06	4.600795e-06	1.187670e-09	3.267783e+01	8.131855e+01
4.360000e-06	4.576116e-06	1.185411e-09	3.250254e+01	8.105618e+01
4.370000e-06	4.551005e-06	1.184737e-09	3.232418e+01	8.079318e+01
4.380000e-06	4.525521e-06	1.185354e-09	3.214318e+01	8.053012e+01
4.390000e-06	4.499754e-06	1.184220e-09	3.196017e+01	8.026758e+01
4.400000e-06	4.473752e-06	1.177740e-09	3.177549e+01	8.000607e+01
4.410000e-06	4.447466e-06	1.166983e-09	3.158879e+01	7.974605e+01
4.420000e-06	4.420865e-06	1.163432e-09	3.139985e+01	7.948792e+01
4.430000e-06	4.394033e-06	1.155253e-09	3.120927e+01	7.923204e+01
4.440000e-06	4.366874e-06	1.147169e-09	3.101637e+01	7.897870e+01
4.450000e-06	4.339393e-06	1.143333e-09	3.082118e+01	7.872813e+01
4.460000e-06	4.311711e-06	1.145813e-09	3.062457e+01	7.848051e+01
4.470000e-06	4.283845e-06	1.145795e-09	3.042665e+01	7.823594e+01
4.480000e-06	4.255811e-06	1.146477e-09	3.022753e+01	7.799448e+01
4.490000e-06	4.227582e-06	1.145013e-09	3.002703e+01	7.775612e+01
4.500000e-06	4.199108e-06	1.147153e-09	2.982478e+01	7.752079e+01
4.510000e-06	4.170244e-06	1.142119e-09	2.961977e+01	7.728838e+01
4.520000e-06	4.140952e-06	1.133005e-09	2.941173e+01	7.705871e+01
4.530000e-06	4.111109e-06	1.127963e-09	2.919976e+01	7.683157e+01
4.540000e-06	4.080629e-06	1.132108e-09	2.898327e+01	7.660669e+01
4.550000e-06	4.049753e-06	1.129125e-09	2.876397e+01	7.638378e+01
4.560000e-06	4.018490e-06	1.121922e-09	2.854192e+01	7.616250e+01
4.570000e-06	3.986872e-06	1.118475e-09	2.831735e+01	7.594247e+01
4.580000e-06	3.955120e-06	1.123286e-09	2.809183e+01	7.572331e+01
4.590000e-06	3.923226e-06	1.122265e-09	2.786530e+01	7.550462e+01
4.600000e-06	3.891123e-06	1.113301e-09	2.763727e+01	7.528595e+01
4.610000e-06	3.858721e-06	1.103736e-09	2.740713e+01	7.506688e+01
4.620000e-06	3.826123e-06	1.100497e-09	2.717561e+01	7.484696e+01
4.630000e-06	3.793367e-06	1.096319e-09	2.694295e+01	7.462577e+01
4.640000e-06	3.760364e-06	1.087965e-09	2.670854e+01	7.440286e+01
4.650000e-06	3.727067e-06	1.081911e-09	2.647204e+01	7.417783e+01
4.660000e-06	3.693446e-06	1.081844e-09	2.623325e+01	7.395026e+01
4.670000e-06	3.659609e-06	1.084008e-09	2.599292e+01	7.371977e+01
4.680000e-06	3.625508e-06	1.082501e-09	2.575071e+01	7.348601e+01
4.690000e-06	3.591128e-06	1.077212e-09	2.550652e+01	7.324863e+01
4.700000e-06	3.556472e-06	1.073677e-09	2.526037e+01	7.300733e+01
4.710000e-06	3.521502e-06	1.071638e-09	2.501199e+01	7.276185e+01
4.720000e-06	3.486376e-06	1.064593e-09	2.476250e+01	7.251194e+01
4.730000e-06	3.451076e-06	1.057648e-09	2.451178e+01	7.225741e+01
4.740000e-06	3.415520e-06	1.052681e-09	2.425923e+01	7.199808e+01
4.750000e-06	3.379813e-06	1.053488e-09	2.400562e+01	7.173384e+01
4.760000e-06	3.343944e-06	1.051126e-09	2.375086e+01	7.146459e+01
4.770000e-06	3.307955e-06	1.045786e-09	2.349524e+01	7.119029e+01
4.780000e-06	3.271871e-06	1.040768e-09	2.323895e+01	7.091091e+01
4.790000e-06	3.235605e-06	1.036021e-09	2.298136e+01	7.062647e+01
4.800000e-06	3.199121e-06	1.030957e-09	2.272223e+01	7.033702e+01
4.810000e-06	3.162347e-06	1.024639e-09	2.246103e+01	7.004266e+01
4.820000e-06	3.125129e-06	1.017812e-09	2.219670e+01	6.974347e+01
4.830000e-06	3.087424e-06	1.014682e-09	2.192888e+01	6.943960e+01
4.840000e-06	3.049401e-06	1.011960e-09	2.165882e+01	6.913121e+01
4.850000e-06	3.011113e-06	1.008974e-09	2.138687e+01	6.881847e+01
4.860000e-06	2.972430e-06	1.004930e-09	2.111213e+01	6.850157e+01
4.870000e-06	2.933343e-06	1.003619e-09	2.083451e+01	6.818070e+01
4.880000e-06	2.893949e-06	1.002321e-09	2.055470e+01	6.785608e+01
4.890000e-06	2.854392e-06	9.968651e-10	2.027374e+01	6.752793e+01
4.900000e-06	2.814767e-06	9.890845e-10	1.999230e+01	6.719644e+01
4.910000e-06	2.775012e-06	9.866539e-10	1.970993e+01	6.686184e+01
4.920000e-06	2.735101e-06	9.878767e-10	1.942646e+01	6.652431e+01
4.930000e-06	2.695027e-06	9.861088e-10	1.914183e+01	6.618406e+01
4.940000e-06	2.654781e-06	9.822845e-10	1.885598e+01	6.584126e+01
4.950000e-06	2.614516e-06	9.808691e-10	1.856999e+01	6.549607e+01
4.960000e-06	2.574211e-06	9.768507e-10	1.828372e+01	6.514863e+01
4.970000e-06	2.533680e-06	9.691167e-10	1.799584e+01	6.479906e+01
4.980000e-06	2.492962e-06	9.624376e-10	1.770663e+01	6.444744e+01
4.990000e-06	2.452067e-06	9.589847e-10	1.741617e+01	6.409386e+01
5.000000e-06	2.410951e-06	9.576121e-10	1.712414e+01	6.373835e+01
5.010000e-06	2.369705e-06	9.535030e-10	1.683118e+01	6.338091e+01
5.020000e-06	2.328289e-06	9.461502e-10	1.653702e+01	6.302154e+01
5.030000e-06	2.286739e-06	9.410067e-10	1.624190e+01	6.266019e+01
5.040000e-06	2.245009e-06	9.380226e-10	1.594551e+01	6.229677e+01
5.050000e-06	2.203069e-06	9.322429e-10	1.564762e+01	6.193118e+01
5.060000e-06	2.161031e-06	9.255232e-10	1.534905e+01	6.156329e+01
5.070000e-06	2.118822e-06	9.213500e-10	1.504925e+01	6.119291e+01
5.080000e-06	2.076487e-06	9.172100e-10	1.474856e+01	6.081988e+01
5.090000e-06	2.034071e-06	9.118922e-10	1.444729e+01	6.044395e+01
5.100000e-06	1.991498e-06	9.065599e-10	1.414491e+01	6.006489e+01
5.110000e-06	1.948736e-06	9.024678e-10	1.384119e+01	5.968243e+01
5.120000e-06	1.905766e-06	9.027959e-10	1.353599e+01	5.929629e+01
5.130000e-06	1.862651e-06	8.998069e-10	1.322976e+01	5.890615e+01
5.140000e-06	1.819391e-06	8.924895e-10	1.292249e+01	5.851168e+01
5.150000e-06	1.775980e-06	8.870256e-10	1.261416e+01	5.811255e+01
5.160000e-06	1.732512e-06	8.852861e-10	1.230542e+01	5.770841e+01
5.170000e-06	1.688955e-06	8.806490e-10	1.199605e+01	5.729887e+01
5.180000e-06	1.645302e-06	8.714581e-10	1.168600e+01	5.688358e+01
5.190000e-06	1.601589e-06	8.613486e-10	1.137553e+01	5.646214e+01
5.200000e-06	1.557801e-06	8.544173e-10	1.106451e+01	5.603417e+01
5.210000e-06	1.513962e-06	8.500028e-10	1.075314e+01	5.559926e+01
5.220000e-06	1.470106e-06	8.428845e-10	1.044164e+01	5.515702e+01
5.230000e-06	1.426158e-06	8.346938e-10	1.012950e+01	5.470705e+01
5.240000e-06	1.382153e-06	8.305747e-10	9.816944e+00	5.424894e+01
5.250000e-06	1.338138e-06	8.283566e-10	9.504325e+00	5.378228e+01
5.260000e-06	1.294052e-06	8.223475e-10	9.191198e+00	5.330667e+01
5.270000e-06	1.249900e-06	8.127866e-10	8.877602e+00	5.282170e+01
5.280000e-06	1.205651e-06	8.027554e-10	8.563312e+00	5.232695e+01
5.290000e-06	1.161343e-06	7.925115e-10	8.248611e+00	5.182202e+01
5.300000e-06	1.117067e-06	7.822449e-10	7.934136e+00	5.130650e+01
5.310000e-06	1.072698e-06	7.723239e-10	7.618996e+00	5.077995e+01
5.320000e-06	1.028141e-06	7.652696e-10	7.302526e+00	5.024197e+01
5.330000e-06	9.835473e-07	7.630618e-10	6.985790e+00	4.969212e+01
5.340000e-06	9.389185e-07	7.632314e-10	6.668808e+00	4.912998e+01
5.350000e-06	8.942866e-07	7.572200e-10	6.351803e+00	4.855509e+01
5.360000e-06	8.495980e-07	7.433017e-10	6.034396e+00	4.796702e+01
5.370000e-06	8.046726e-07	7.301817e-10	5.715306e+00	4.736530e+01
5.380000e-06	7.596199e-07	7.196867e-10	5.395313e+00	4.674945e+01
5.390000e-06	7.145595e-07	7.116912e-10	5.075264e+00	4.611899e+01
5.400000e-06	6.694644e-07	7.048968e-10	4.754970e+00	4.547343e+01
5.410000e-06	6.242915e-07	6.977559e-10	4.434123e+00	4.481224e+01
5.420000e-06	5.790907e-07	6.896482e-10	4.113078e+00	4.413490e+01
5.430000e-06	5.338487e-07	6.786918e-10	3.791739e+00	4.344086e+01
5.440000e-06	4.885926e-07	6.656858e-10	3.470302e+00	4.272956e+01
5.450000e-06	4.432541e-07	6.521457e-10	3.148278e+00	4.200040e+01
5.460000e-06	3.978201e-07	6.385374e-10	2.825576e+00	4.125281e+01
5.470000e-06	3.524517e-07	6.265100e-10	2.503341e+00	4.048616e+01
5.480000e-06	3.071168e-07	6.178010e-10	2.181342e+00	3.969984e+01
5.490000e-06	2.617184e-07	6.103350e-10	1.858893e+00	3.889319e+01
5.500000e-06	2.162592e-07	5.995441e-10	1.536013e+00	3.806558e+01
5.510000e-06	1.707869e-07	5.853438e-10	1.213039e+00	3.721635e+01
5.520000e-06	1.253301e-07	5.706370e-10	8.901755e-01	3.634483e+01
5.530000e-06	7.987008e-08	5.578478e-10	5.672891e-01	3.545036e+01
5.540000e-06	3.436209e-08	5.459325e-10	2.440618e-01	3.453227e+01
5.550000e-06	-1.114593e-08	5.333422e-10	-7.916564e-02	3.358992e+01
5.560000e-06	-5.665037e-08	5.201066e-10	-4.023677e-01	3.262265e+01
5.570000e-06	-1.021341e-07	5.063302e-10	-7.254222e-01	3.162984e+01
5.580000e-06	-1.475900e-07	4.917109e-10	-1.048280e+00	3.061088e+01
5.590000e-06	-1.929793e-07	4.748160e-10	-1.370664e+00	2.956518e+01
5.600000e-06	-2.383096e-07	4.525067e-10	-1.692629e+00	2.849220e+01
5.610000e-06	-2.837653e-07	4.310352e-10	-2.015485e+00	2.739142e+01
5.620000e-06	-3.292414e-07	4.148822e-10	-2.338486e+00	2.626238e+01
5.630000e-06	-3.744785e-07	3.988622e-10	-2.659789e+00	2.510465e+01
5.640000e-06	-4.197016e-07	3.811833e-10	-2.980993e+00	2.391789e+01
5.650000e-06	-4.649725e-07	3.641558e-10	-3.302536e+00	2.270179e+01
5.660000e-06	-5.101253e-07	3.458090e-10	-3.623241e+00	2.145612e+01
5.670000e-06	-5.551944e-07	3.252613e-10	-3.943351e+00	2.018073e+01
5.680000e-06	-6.002168e-07	3.038285e-10	-4.263129e+00	1.887555e+01
5.690000e-06	-6.452164e-07	2.802833e-10	-4.582745e+00	1.754059e+01
5.700000e-06	-6.901587e-07	2.547936e-10	-4.901954e+00	1.617596e+01
5.710000e-06	-7.349927e-07	2.315600e-10	-5.220395e+00	1.478186e+01
5.720000e-06	-7.797332e-07	2.151139e-10	-5.538170e+00	1.335859e+01
5.730000e-06	-8.244278e-07	2.040241e-10	-5.855620e+00	1.190656e+01
5.740000e-06	-8.690750e-07	1.885297e-10	-6.172734e+00	1.042626e+01
5.750000e-06	-9.137414e-07	1.655293e-10	-6.489984e+00	8.918330e+00
5.760000e-06	-9.583558e-07	1.367635e-10	-6.806864e+00	7.383490e+00
5.770000e-06	-1.002850e-06	1.050337e-10	-7.122891e+00	5.822580e+00
5.780000e-06	-1.047243e-06	7.359540e-11	-7.438202e+00	4.236554e+00
5.790000e-06	-1.091477e-06	4.444528e-11	-7.752376e+00	2.626471e+00
5.800000e-06	-1.135656e-06	2.141372e-11	-8.066164e+00	9.935023e-01
5.810000e-06	-1.179813e-06	5.758791e-12	-8.379795e+00	-6.610746e-01
5.820000e-06	-1.223914e-06	-4.657694e-12	-8.693028e+00	-2.335879e+00
5.830000e-06	-1.267954e-06	-2.280771e-11	-9.005834e+00	-4.029431e+00
5.840000e-06	-1.311914e-06	-5.260467e-11	-9.318061e+00	-5.740156e+00
5.850000e-06	-1.355835e-06	-8.609364e-11	-9.630020e+00	-7.466388e+00
5.860000e-06	-1.399714e-06	-1.190739e-10	-9.941677e+00	-9.206381e+00
5.870000e-06	-1.443543e-06	-1.520227e-10	-1.025298e+01	-1.095831e+01
5.880000e-06	-1.487343e-06	-1.843036e-10	-1.056407e+01	-1.272028e+01
5.890000e-06	-1.531106e-06	-2.109467e-10	-1.087491e+01	-1.449034e+01
5.900000e-06	-1.574825e-06	-2.273866e-10	-1.118543e+01	-1.626649e+01
5.910000e-06	-1.618475e-06	-2.427832e-10	-1.149546e+01	-1.804667e+01
5.920000e-06	-1.662026e-06	-2.666784e-10	-1.180479e+01	-1.982880e+01
5.930000e-06	-1.705506e-06	-2.991373e-10	-1.211361e+01	-2.161078e+01
5.940000e-06	-1.748850e-06	-3.327578e-10	-1.242147e+01	-2.339050e+01
5.950000e-06	-1.792004e-06	-3.646773e-10	-1.272797e+01	-2.516582e+01
5.960000e-06	-1.835107e-06	-3.966929e-10	-1.303412e+01	-2.693464e+01
5.970000e-06	-1.878128e-06	-4.273556e-10	-1.333969e+01	-2.869486e+01
5.980000e-06	-1.920893e-06	-4.507844e-10	-1.364343e+01	-3.044441e+01
5.990000e-06	-1.963559e-06	-4.685479e-10	-1.394647e+01	-3.218127e+01
6.000000e-06	-2.006082e-06	-4.898841e-10	-1.424850e+01	-3.390344e+01
6.010000e-06	-2.048447e-06	-5.176404e-10	-1.454940e+01	-3.560901e+01
6.020000e-06	-2.090673e-06	-5.474108e-10	-1.484931e+01	-3.729612e+01
6.030000e-06	-2.132723e-06	-5.755156e-10	-1.514798e+01	-3.896298e+01
6.040000e-06	-2.174683e-06	-6.044042e-10	-1.544601e+01	-4.060790e+01
6.050000e-06	-2.216483e-06	-6.341158e-10	-1.574290e+01	-4.222926e+01
6.060000e-06	-2.258140e-06	-6.601143e-10	-1.603877e+01	-4.382555e+01
6.070000e-06	-2.299613e-06	-6.806004e-10	-1.633334e+01	-4.539537e+01
6.080000e-06	-2.340878e-06	-6.990759e-10	-1.662643e+01	-4.693740e+01
6.090000e-06	-2.382045e-06	-7.205039e-10	-1.691882e+01	-4.845047e+01
6.100000e-06	-2.423000e-06	-7.443812e-10	-1.720972e+01	-4.993349e+01
6.110000e-06	-2.463721e-06	-7.685458e-10	-1.749894e+01	-5.138552e+01
6.120000e-06	-2.504272e-06	-7.950450e-10	-1.778696e+01	-5.280572e+01
6.130000e-06	-2.544626e-06	-8.185920e-10	-1.807358e+01	-5.419338e+01
6.140000e-06	-2.584848e-06	-8.364083e-10	-1.835926e+01	-5.554789e+01
6.150000e-06	-2.624925e-06	-8.529013e-10	-1.864392e+01	-5.686880e+01
6.160000e-06	-2.664914e-06	-8.698226e-10	-1.892794e+01	-5.815574e+01
6.170000e-06	-2.704792e-06	-8.875280e-10	-1.921119e+01	-5.940847e+01
6.180000e-06	-2.744602e-06	-9.060779e-10	-1.949394e+01	-6.062688e+01
6.190000e-06	-2.784385e-06	-9.223637e-10	-1.977651e+01	-6.181093e+01
6.200000e-06	-2.824026e-06	-9.357999e-10	-2.005807e+01	-6.296071e+01
6.210000e-06	-2.863529e-06	-9.496234e-10	-2.033864e+01	-6.407641e+01
6.220000e-06	-2.902894e-06	-9.643470e-10	-2.061824e+01	-6.515829e+01
6.230000e-06	-2.942021e-06	-9.769416e-10	-2.089614e+01	-6.620672e+01
6.240000e-06	-2.980814e-06	-9.914271e-10	-2.117168e+01	-6.722213e+01
6.250000e-06	-3.019229e-06	-1.009631e-09	-2.144452e+01	-6.820502e+01
6.260000e-06	-3.057268e-06	-1.028560e-09	-2.171470e+01	-6.915598e+01
6.270000e-06	-3.094937e-06	-1.044792e-09	-2.198225e+01	-7.007561e+01
6.280000e-06	-3.132231e-06	-1.057625e-09	-2.224713e+01	-7.096461e+01
6.290000e-06	-3.169118e-06	-1.069441e-09	-2.250913e+01	-7.182368e+01
6.300000e-06	-3.205734e-06	-1.081707e-09	-2.276920e+01	-7.265358e+01
6.310000e-06	-3.242157e-06	-1.091199e-09	-2.302790e+01	-7.345506e+01
6.320000e-06	-3.278286e-06	-1.097942e-09	-2.328451e+01	-7.422892e+01
6.330000e-06	-3.314198e-06	-1.108260e-09	-2.353958e+01	-7.497597e+01
6.340000e-06	-3.350048e-06	-1.123643e-09	-2.379422e+01	-7.569699e+01
6.350000e-06	-3.385821e-06	-1.141324e-09	-2.404830e+01	-7.639280e+01
6.360000e-06	-3.421399e-06	-1.154524e-09	-2.430099e+01	-7.706417e+01
6.370000e-06	-3.456736e-06	-1.161893e-09	-2.455198e+01	-7.771189e+01
6.380000e-06	-3.491833e-06	-1.168034e-09	-2.480126e+01	-7.833671e+01
6.390000e-06	-3.526755e-06	-1.174044e-09	-2.504930e+01	-7.893937e+01
6.400000e-06	-3.561359e-06	-1.181043e-09	-2.529508e+01	-7.952056e+01
6.410000e-06	-3.595632e-06	-1.188657e-09	-2.553851e+01	-8.008097e+01
6.420000e-06	-3.629676e-06	-1.199088e-09	-2.578031e+01	-8.062123e+01
6.430000e-06	-3.663520e-06	-1.211129e-09	-2.602069e+01	-8.114195e+01
6.440000e-06	-3.697171e-06	-1.218096e-09	-2.625971e+01	-8.164371e+01
6.450000e-06	-3.730526e-06	-1.221676e-09	-2.649661e+01	-8.212704e+01
6.460000e-06	-3.763553e-06	-1.225406e-09	-2.673119e+01	-8.259243e+01
6.470000e-06	-3.796229e-06	-1.230803e-09	-2.696328e+01	-8.304034e+01
6.480000e-06	-3.828654e-06	-1.239639e-09	-2.719358e+01	-8.347122e+01
6.490000e-06	-3.860900e-06	-1.249526e-09	-2.742261e+01	-8.388545e+01
6.500000e-06	-3.892925e-06	-1.256951e-09	-2.765008e+01	-8.428340e+01
6.510000e-06	-3.924807e-06	-1.264269e-09	-2.787652e+01	-8.466541e+01
6.520000e-06	-3.956562e-06	-1.268808e-09	-2.810207e+01	-8.503178e+01
6.530000e-06	-3.988049e-06	-1.269115e-09	-2.832571e+01	-8.538282e+01
6.540000e-06	-4.019260e-06	-1.269065e-09	-2.854739e+01	-8.571879e+01
6.550000e-06	-4.050130e-06	-1.272312e-09	-2.876665e+01	-8.603995e+01
6.560000e-06	-4.080498e-06	-1.279298e-09	-2.898234e+01	-8.634655e+01
6.570000e-06	-4.110369e-06	-1.287351e-09	-2.919450e+01	-8.663883e+01
6.580000e-06	-4.139681e-06	-1.294737e-09	-2.940270e+01	-8.691702e+01
6.590000e-06	-4.168444e-06	-1.298464e-09	-2.960699e+01	-8.718137e+01
6.600000e-06	-4.196840e-06	-1.299297e-09	-2.980867e+01	-8.743211e+01
6.610000e-06	-4.224986e-06	-1.300326e-09	-3.000859e+01	-8.766950e+01
6.620000e-06	-4.253002e-06	-1.301923e-09	-3.020758e+01	-8.789380e+01
6.630000e-06	-4.280913e-06	-1.304963e-09	-3.040582e+01	-8.810527e+01
6.640000e-06	-4.308674e-06	-1.309989e-09	-3.060300e+01	-8.830421e+01
6.650000e-06	-4.336153e-06	-1.315153e-09	-3.079817e+01	-8.849093e+01
6.660000e-06	-4.363307e-06	-1.319269e-09	-3.099104e+01	-8.866574e+01
6.670000e-06	-4.390220e-06	-1.322005e-09	-3.118219e+01	-8.882900e+01
6.680000e-06	-4.416772e-06	-1.323972e-09	-3.137078e+01	-8.898107e+01
6.690000e-06	-4.442922e-06	-1.324374e-09	-3.155651e+01	-8.912235e+01
6.700000e-06	-4.468823e-06	-1.323452e-09	-3.174048e+01	-8.925324e+01
6.710000e-06	-4.494435e-06	-1.324595e-09	-3.192239e+01	-8.937418e+01
6.720000e-06	-4.519670e-06	-1.329146e-09	-3.210163e+01	-8.948561e+01
6.730000e-06	-4.544565e-06	-1.334517e-09	-3.227845e+01	-8.958801e+01
6.740000e-06	-4.569200e-06	-1.337880e-09	-3.245342e+01	-8.968185e+01
6.750000e-06	-4.593553e-06	-1.340564e-09	-3.262639e+01	-8.976764e+01
6.760000e-06	-4.617645e-06	-1.343385e-09	-3.279751e+01	-8.984587e+01
6.770000e-06	-4.641565e-06	-1.345032e-09	-3.296740e+01	-8.991707e+01
6.780000e-06	-4.665270e-06	-1.344961e-09	-3.313577e+01	-8.998175e+01
6.790000e-06	-4.688814e-06	-1.345828e-09	-3.330300e+01	-9.004042e+01
6.800000e-06	-4.712011e-06	-1.346893e-09	-3.346775e+01	-9.009360e+01
6.810000e-06	-4.734642e-06	-1.346852e-09	-3.362849e+01	-9.014177e+01
6.820000e-06	-4.756813e-06	-1.346442e-09	-3.378597e+01	-9.018544e+01
6.830000e-06	-4.778397e-06	-1.346602e-09	-3.393927e+01	-9.022508e+01
6.840000e-06	-4.799350e-06	-1.348186e-09	-3.408810e+01	-9.026112e+01
6.850000e-06	-4.819878e-06	-1.348587e-09	-3.423390e+01	-9.029400e+01
6.860000e-06	-4.840030e-06	-1.348351e-09	-3.437703e+01	-9.032410e+01
6.870000e-06	-4.859979e-06	-1.348743e-09	-3.451872e+01	-9.035179e+01
6.880000e-06	-4.879795e-06	-1.350801e-09	-3.465947e+01	-9.037740e+01
6.890000e-06	-4.899419e-06	-1.352199e-09	-3.479885e+01	-9.040119e+01
6.900000e-06	-4.918794e-06	-1.352329e-09	-3.493646e+01	-9.042341e+01
6.910000e-06	-4.937717e-06	-1.354828e-09	-3.507087e+01	-9.044427e+01
6.920000e-06	-4.956140e-06	-1.357520e-09	-3.520172e+01	-9.046390e+01
6.930000e-06	-4.974252e-06	-1.356888e-09	-3.533036e+01	-9.048241e+01
6.940000e-06	-4.992153e-06	-1.354636e-09	-3.545750e+01	-9.049986e+01
6.950000e-06	-5.009815e-06	-1.353261e-09	-3.558295e+01	-9.051623e+01
6.960000e-06	-5.027151e-06	-1.354484e-09	-3.570609e+01	-9.053151e+01
6.970000e-06	-5.044062e-06	-1.355455e-09	-3.582620e+01	-9.054558e+01
6.980000e-06	-5.060609e-06	-1.354179e-09	-3.594372e+01	-9.055831e+01
6.990000e-06	-5.076865e-06	-1.351848e-09	-3.605919e+01	-9.056953e+01
7.000000e-06	-5.092881e-06	-1.350343e-09	-3.617294e+01	-9.057902e+01
7.010000e-06	-5.108685e-06	-1.350474e-09	-3.628519e+01	-9.058650e+01
7.020000e-06	-5.124238e-06	-1.349334e-09	-3.639566e+01	-9.059170e+01
7.030000e-06	-5.139388e-06	-1.348876e-09	-3.650326e+01	-9.059429e+01
7.040000e-06	-5.153862e-06	-1.349127e-09	-3.660607e+01	-9.059393e+01
7.050000e-06	-5.167580e-06	-1.349067e-09	-3.670350e+01	-9.059024e+01
7.060000e-06	-5.180790e-06	-1.346978e-09	-3.679733e+01	-9.058285e+01
7.070000e-06	-5.193537e-06	-1.344015e-09	-3.688787e+01	-9.057138e+01
7.080000e-06	-5.205780e-06	-1.342421e-09	-3.697482e+01	-9.055542e+01
7.090000e-06	-5.217698e-06	-1.341799e-09	-3.705947e+01	-9.053459e+01
7.100000e-06	-5.229352e-06	-1.340815e-09	-3.714224e+01	-9.050852e+01
7.110000e-06	-5.240590e-06	-1.338405e-09	-3.722207e+01	-9.047683e+01
7.120000e-06	-5.251363e-06	-1.336641e-09	-3.729858e+01	-9.043919e+01
7.130000e-06	-5.261740e-06	-1.337379e-09	-3.737229e+01	-9.039528e+01
7.140000e-06	-5.271801e-06	-1.337241e-09	-3.744375e+01	-9.034482e+01
7.150000e-06	-5.281590e-06	-1.334734e-09	-3.751327e+01	-9.028756e+01
7.160000e-06	-5.290956e-06	-1.330781e-09	-3.757980e+01	-9.022331e+01
7.170000e-06	-5.299909e-06	-1.326415e-09	-3.764339e+01	-9.015190e+01
7.180000e-06	-5.308568e-06	-1.323577e-09	-3.770489e+01	-9.007324e+01
7.190000e-06	-5.316889e-06	-1.321320e-09	-3.776399e+01	-8.998728e+01
7.200000e-06	-5.324933e-06	-1.321685e-09	-3.782112e+01	-8.989403e+01
7.210000e-06	-5.332786e-06	-1.325211e-09	-3.787690e+01	-8.979356e+01
7.220000e-06	-5.340407e-06	-1.327174e-09	-3.793103e+01	-8.968601e+01
7.230000e-06	-5.347688e-06	-1.324279e-09	-3.798274e+01	-8.957156e+01
7.240000e-06	-5.354482e-06	-1.320221e-09	-3.803100e+01	-8.945049e+01
7.250000e-06	-5.360618e-06	-1.316351e-09	-3.807459e+01	-8.932312e+01
7.260000e-06	-5.366067e-06	-1.312069e-09	-3.811328e+01	-8.918982e+01
7.270000e-06	-5.370943e-06	-1.306244e-09	-3.814792e+01	-8.905105e+01
7.280000e-06	-5.375348e-06	-1.300848e-09	-3.817921e+01	-8.890730e+01
7.290000e-06	-5.379433e-06	-1.301038e-09	-3.820822e+01	-8.875912e+01
7.300000e-06	-5.383310e-06	-1.303211e-09	-3.823576e+01	-8.860713e+01
7.310000e-06	-5.387019e-06	-1.306577e-09	-3.826210e+01	-8.845197e+01
7.320000e-06	-5.390530e-06	-1.306643e-09	-3.828704e+01	-8.829432e+01
7.330000e-06	-5.393623e-06	-1.305199e-09	-3.830901e+01	-8.813492e+01
7.340000e-06	-5.396203e-06	-1.304305e-09	-3.832733e+01	-8.797450e+01
7.350000e-06	-5.398415e-06	-1.300902e-09	-3.834304e+01	-8.781385e+01
7.360000e-06	-5.400332e-06	-1.294563e-09	-3.835666e+01	-8.765375e+01
7.370000e-06	-5.401979e-06	-1.286862e-09	-3.836836e+01	-8.749498e+01
7.380000e-06	-5.403230e-06	-1.284503e-09	-3.837724e+01	-8.733833e+01
7.390000e-06	-5.403980e-06	-1.287209e-09	-3.838257e+01	-8.718460e+01
7.400000e-06	-5.404377e-06	-1.288884e-09	-3.838539e+01	-8.703454e+01
