# Temperatura_=_10.87
# Concentracion g/m^3_=_4090.0
# C_Vs_to_Am_M_A/Vsm_=_65563218390.804596
# pendiente_HvsI_1/m_=_3716.3
# ordenada_HvsI_A/m_=_1297.0
# frecuencia_Hz_=_135088.4212489344

Tiempo_(s)	Campo_(V.s)	Magnetizacion_(V.s)	Campo_(kA/m)	Magnetizacion_(A/m)
0.000000e+00	-5.417915e-06	-1.281698e-09	-3.838420e+01	-8.585776e+01
1.000000e-08	-5.418063e-06	-1.275464e-09	-3.838525e+01	-8.574544e+01
2.000000e-08	-5.417994e-06	-1.272482e-09	-3.838476e+01	-8.564058e+01
3.000000e-08	-5.417782e-06	-1.269528e-09	-3.838325e+01	-8.554390e+01
4.000000e-08	-5.417280e-06	-1.265634e-09	-3.837970e+01	-8.545606e+01
5.000000e-08	-5.416303e-06	-1.265315e-09	-3.837278e+01	-8.537764e+01
6.000000e-08	-5.414716e-06	-1.275133e-09	-3.836153e+01	-8.530916e+01
7.000000e-08	-5.412492e-06	-1.266270e-09	-3.834578e+01	-8.525103e+01
8.000000e-08	-5.409625e-06	-1.223314e-09	-3.832547e+01	-8.520361e+01
9.000000e-08	-5.406156e-06	-1.238091e-09	-3.830089e+01	-8.516712e+01
1.000000e-07	-5.402252e-06	-1.351739e-09	-3.827323e+01	-8.514172e+01
1.100000e-07	-5.397961e-06	-1.345198e-09	-3.824283e+01	-8.512746e+01
1.200000e-07	-5.393531e-06	-1.197803e-09	-3.821144e+01	-8.512427e+01
1.300000e-07	-5.389046e-06	-1.202779e-09	-3.817967e+01	-8.513200e+01
1.400000e-07	-5.384122e-06	-1.334110e-09	-3.814479e+01	-8.515039e+01
1.500000e-07	-5.378624e-06	-1.357355e-09	-3.810583e+01	-8.517908e+01
1.600000e-07	-5.372752e-06	-1.158224e-09	-3.806423e+01	-8.521761e+01
1.700000e-07	-5.366597e-06	-1.167478e-09	-3.802063e+01	-8.526542e+01
1.800000e-07	-5.359914e-06	-1.333979e-09	-3.797328e+01	-8.532186e+01
1.900000e-07	-5.352728e-06	-1.362417e-09	-3.792237e+01	-8.538619e+01
2.000000e-07	-5.345407e-06	-1.237091e-09	-3.787050e+01	-8.545760e+01
2.100000e-07	-5.337994e-06	-1.276315e-09	-3.781798e+01	-8.553520e+01
2.200000e-07	-5.330164e-06	-1.386240e-09	-3.776251e+01	-8.561802e+01
2.300000e-07	-5.321879e-06	-1.316361e-09	-3.770382e+01	-8.570506e+01
2.400000e-07	-5.313500e-06	-1.252942e-09	-3.764445e+01	-8.579524e+01
2.500000e-07	-5.304853e-06	-1.369621e-09	-3.758319e+01	-8.588745e+01
2.600000e-07	-5.295324e-06	-1.448536e-09	-3.751568e+01	-8.598055e+01
2.700000e-07	-5.285059e-06	-1.327879e-09	-3.744296e+01	-8.607339e+01
2.800000e-07	-5.274424e-06	-1.351909e-09	-3.736761e+01	-8.616478e+01
2.900000e-07	-5.263276e-06	-1.461731e-09	-3.728863e+01	-8.625356e+01
3.000000e-07	-5.251679e-06	-1.391554e-09	-3.720647e+01	-8.633856e+01
3.100000e-07	-5.239752e-06	-1.268328e-09	-3.712197e+01	-8.641863e+01
3.200000e-07	-5.227446e-06	-1.380320e-09	-3.703478e+01	-8.649266e+01
3.300000e-07	-5.214721e-06	-1.454577e-09	-3.694463e+01	-8.655957e+01
3.400000e-07	-5.201617e-06	-1.360051e-09	-3.685180e+01	-8.661833e+01
3.500000e-07	-5.188083e-06	-1.330747e-09	-3.675591e+01	-8.666797e+01
3.600000e-07	-5.174121e-06	-1.432410e-09	-3.665700e+01	-8.670758e+01
3.700000e-07	-5.159733e-06	-1.397333e-09	-3.655506e+01	-8.673634e+01
3.800000e-07	-5.144978e-06	-1.343550e-09	-3.645053e+01	-8.675347e+01
3.900000e-07	-5.129645e-06	-1.355442e-09	-3.634190e+01	-8.675833e+01
4.000000e-07	-5.113654e-06	-1.354065e-09	-3.622861e+01	-8.675033e+01
4.100000e-07	-5.097224e-06	-1.318247e-09	-3.611220e+01	-8.672898e+01
4.200000e-07	-5.080473e-06	-1.378910e-09	-3.599353e+01	-8.669391e+01
4.300000e-07	-5.063376e-06	-1.391844e-09	-3.587240e+01	-8.664483e+01
4.400000e-07	-5.045987e-06	-1.325838e-09	-3.574921e+01	-8.658155e+01
4.500000e-07	-5.028412e-06	-1.337577e-09	-3.562470e+01	-8.650400e+01
4.600000e-07	-5.010470e-06	-1.392193e-09	-3.549758e+01	-8.641220e+01
4.700000e-07	-4.992157e-06	-1.352197e-09	-3.536784e+01	-8.630628e+01
4.800000e-07	-4.973427e-06	-1.304899e-09	-3.523514e+01	-8.618644e+01
4.900000e-07	-4.954232e-06	-1.333402e-09	-3.509915e+01	-8.605301e+01
5.000000e-07	-4.934663e-06	-1.342759e-09	-3.496051e+01	-8.590638e+01
5.100000e-07	-4.914846e-06	-1.334775e-09	-3.482012e+01	-8.574705e+01
5.200000e-07	-4.894826e-06	-1.326838e-09	-3.467828e+01	-8.557557e+01
5.300000e-07	-4.874615e-06	-1.312195e-09	-3.453509e+01	-8.539258e+01
5.400000e-07	-4.854122e-06	-1.310200e-09	-3.438991e+01	-8.519878e+01
5.500000e-07	-4.833284e-06	-1.347109e-09	-3.424228e+01	-8.499493e+01
5.600000e-07	-4.812052e-06	-1.328824e-09	-3.409185e+01	-8.478182e+01
5.700000e-07	-4.790435e-06	-1.294341e-09	-3.393870e+01	-8.456030e+01
5.800000e-07	-4.768546e-06	-1.295338e-09	-3.378363e+01	-8.433125e+01
5.900000e-07	-4.746351e-06	-1.311268e-09	-3.362638e+01	-8.409554e+01
6.000000e-07	-4.723858e-06	-1.286462e-09	-3.346702e+01	-8.385410e+01
6.100000e-07	-4.701124e-06	-1.274582e-09	-3.330596e+01	-8.360783e+01
6.200000e-07	-4.678064e-06	-1.273625e-09	-3.314259e+01	-8.335763e+01
6.300000e-07	-4.654595e-06	-1.288593e-09	-3.297632e+01	-8.310438e+01
6.400000e-07	-4.630813e-06	-1.300501e-09	-3.280783e+01	-8.284896e+01
6.500000e-07	-4.606819e-06	-1.298500e-09	-3.263784e+01	-8.259219e+01
6.600000e-07	-4.582667e-06	-1.274184e-09	-3.246673e+01	-8.233486e+01
6.700000e-07	-4.558302e-06	-1.276992e-09	-3.229411e+01	-8.207773e+01
6.800000e-07	-4.533579e-06	-1.283152e-09	-3.211896e+01	-8.182149e+01
6.900000e-07	-4.508393e-06	-1.271154e-09	-3.194052e+01	-8.156677e+01
7.000000e-07	-4.482656e-06	-1.250562e-09	-3.175819e+01	-8.131416e+01
7.100000e-07	-4.456427e-06	-1.254486e-09	-3.157236e+01	-8.106415e+01
7.200000e-07	-4.429656e-06	-1.265439e-09	-3.138270e+01	-8.081719e+01
7.300000e-07	-4.402441e-06	-1.265091e-09	-3.118989e+01	-8.057363e+01
7.400000e-07	-4.374923e-06	-1.253015e-09	-3.099493e+01	-8.033377e+01
7.500000e-07	-4.347062e-06	-1.248404e-09	-3.079755e+01	-8.009782e+01
7.600000e-07	-4.318993e-06	-1.262992e-09	-3.059869e+01	-7.986592e+01
7.700000e-07	-4.290831e-06	-1.269194e-09	-3.039917e+01	-7.963813e+01
7.800000e-07	-4.262446e-06	-1.255985e-09	-3.019807e+01	-7.941443e+01
7.900000e-07	-4.233727e-06	-1.239071e-09	-2.999461e+01	-7.919475e+01
8.000000e-07	-4.204750e-06	-1.235006e-09	-2.978931e+01	-7.897894e+01
8.100000e-07	-4.175423e-06	-1.231429e-09	-2.958154e+01	-7.876678e+01
8.200000e-07	-4.145739e-06	-1.223923e-09	-2.937123e+01	-7.855801e+01
8.300000e-07	-4.115860e-06	-1.215706e-09	-2.915956e+01	-7.835230e+01
8.400000e-07	-4.085715e-06	-1.223124e-09	-2.894599e+01	-7.814926e+01
8.500000e-07	-4.055293e-06	-1.233965e-09	-2.873046e+01	-7.794849e+01
8.600000e-07	-4.024612e-06	-1.236418e-09	-2.851309e+01	-7.774952e+01
8.700000e-07	-3.993634e-06	-1.220879e-09	-2.829362e+01	-7.755188e+01
8.800000e-07	-3.962408e-06	-1.207946e-09	-2.807239e+01	-7.735505e+01
8.900000e-07	-3.930881e-06	-1.200722e-09	-2.784904e+01	-7.715851e+01
9.000000e-07	-3.899114e-06	-1.195527e-09	-2.762398e+01	-7.696172e+01
9.100000e-07	-3.867211e-06	-1.180459e-09	-2.739796e+01	-7.676414e+01
9.200000e-07	-3.835209e-06	-1.178205e-09	-2.717123e+01	-7.656525e+01
9.300000e-07	-3.803017e-06	-1.191502e-09	-2.694316e+01	-7.636451e+01
9.400000e-07	-3.770520e-06	-1.208654e-09	-2.671293e+01	-7.616141e+01
9.500000e-07	-3.737812e-06	-1.207016e-09	-2.648120e+01	-7.595547e+01
9.600000e-07	-3.704840e-06	-1.197101e-09	-2.624761e+01	-7.574624e+01
9.700000e-07	-3.671451e-06	-1.185239e-09	-2.601106e+01	-7.553327e+01
9.800000e-07	-3.637573e-06	-1.175481e-09	-2.577104e+01	-7.531618e+01
9.900000e-07	-3.603127e-06	-1.159899e-09	-2.552701e+01	-7.509463e+01
1.000000e-06	-3.568292e-06	-1.146929e-09	-2.528021e+01	-7.486829e+01
1.010000e-06	-3.533177e-06	-1.149303e-09	-2.503143e+01	-7.463691e+01
1.020000e-06	-3.497697e-06	-1.163461e-09	-2.478007e+01	-7.440027e+01
1.030000e-06	-3.461934e-06	-1.167645e-09	-2.452669e+01	-7.415820e+01
1.040000e-06	-3.425992e-06	-1.160131e-09	-2.427206e+01	-7.391060e+01
1.050000e-06	-3.389964e-06	-1.152539e-09	-2.401682e+01	-7.365738e+01
1.060000e-06	-3.353849e-06	-1.146815e-09	-2.376095e+01	-7.339853e+01
1.070000e-06	-3.317538e-06	-1.135844e-09	-2.350370e+01	-7.313408e+01
1.080000e-06	-3.281072e-06	-1.118061e-09	-2.324535e+01	-7.286410e+01
1.090000e-06	-3.244403e-06	-1.110691e-09	-2.298556e+01	-7.258870e+01
1.100000e-06	-3.207402e-06	-1.117009e-09	-2.272342e+01	-7.230804e+01
1.110000e-06	-3.170144e-06	-1.125022e-09	-2.245946e+01	-7.202230e+01
1.120000e-06	-3.132665e-06	-1.121417e-09	-2.219393e+01	-7.173172e+01
1.130000e-06	-3.094952e-06	-1.111316e-09	-2.192675e+01	-7.143653e+01
1.140000e-06	-3.057092e-06	-1.104443e-09	-2.165852e+01	-7.113701e+01
1.150000e-06	-3.019038e-06	-1.100988e-09	-2.138892e+01	-7.083346e+01
1.160000e-06	-2.980830e-06	-1.090420e-09	-2.111823e+01	-7.052617e+01
1.170000e-06	-2.942434e-06	-1.079557e-09	-2.084620e+01	-7.021545e+01
1.180000e-06	-2.903754e-06	-1.074543e-09	-2.057217e+01	-6.990164e+01
1.190000e-06	-2.864839e-06	-1.076195e-09	-2.029647e+01	-6.958502e+01
1.200000e-06	-2.825702e-06	-1.072861e-09	-2.001919e+01	-6.926593e+01
1.210000e-06	-2.786287e-06	-1.066862e-09	-1.973995e+01	-6.894465e+01
1.220000e-06	-2.746768e-06	-1.063373e-09	-1.945998e+01	-6.862146e+01
1.230000e-06	-2.707163e-06	-1.065522e-09	-1.917939e+01	-6.829662e+01
1.240000e-06	-2.667344e-06	-1.061840e-09	-1.889728e+01	-6.797036e+01
1.250000e-06	-2.627444e-06	-1.053247e-09	-1.861460e+01	-6.764291e+01
1.260000e-06	-2.587429e-06	-1.044710e-09	-1.833111e+01	-6.731443e+01
1.270000e-06	-2.547278e-06	-1.041023e-09	-1.804665e+01	-6.698506e+01
1.280000e-06	-2.507000e-06	-1.035643e-09	-1.776129e+01	-6.665492e+01
1.290000e-06	-2.466544e-06	-1.027113e-09	-1.747468e+01	-6.632408e+01
1.300000e-06	-2.425909e-06	-1.018760e-09	-1.718679e+01	-6.599257e+01
1.310000e-06	-2.385230e-06	-1.014856e-09	-1.689859e+01	-6.566038e+01
1.320000e-06	-2.344403e-06	-1.013514e-09	-1.660935e+01	-6.532747e+01
1.330000e-06	-2.303327e-06	-1.006848e-09	-1.631834e+01	-6.499375e+01
1.340000e-06	-2.261947e-06	-9.991189e-10	-1.602517e+01	-6.465909e+01
1.350000e-06	-2.220214e-06	-9.983235e-10	-1.572951e+01	-6.432334e+01
1.360000e-06	-2.178272e-06	-9.980134e-10	-1.543236e+01	-6.398630e+01
1.370000e-06	-2.136044e-06	-9.898849e-10	-1.513319e+01	-6.364773e+01
1.380000e-06	-2.093463e-06	-9.774986e-10	-1.483152e+01	-6.330737e+01
1.390000e-06	-2.050602e-06	-9.698344e-10	-1.452786e+01	-6.296494e+01
1.400000e-06	-2.007499e-06	-9.669377e-10	-1.422249e+01	-6.262011e+01
1.410000e-06	-1.964339e-06	-9.625578e-10	-1.391671e+01	-6.227255e+01
1.420000e-06	-1.921152e-06	-9.567638e-10	-1.361075e+01	-6.192190e+01
1.430000e-06	-1.877751e-06	-9.530912e-10	-1.330327e+01	-6.156778e+01
1.440000e-06	-1.834146e-06	-9.528539e-10	-1.299434e+01	-6.120980e+01
1.450000e-06	-1.790387e-06	-9.474939e-10	-1.268432e+01	-6.084758e+01
1.460000e-06	-1.746545e-06	-9.382548e-10	-1.237371e+01	-6.048071e+01
1.470000e-06	-1.702679e-06	-9.296399e-10	-1.206294e+01	-6.010879e+01
1.480000e-06	-1.658675e-06	-9.233368e-10	-1.175119e+01	-5.973140e+01
1.490000e-06	-1.614542e-06	-9.172740e-10	-1.143852e+01	-5.934816e+01
1.500000e-06	-1.570398e-06	-9.121584e-10	-1.112577e+01	-5.895866e+01
1.510000e-06	-1.526199e-06	-9.087773e-10	-1.081263e+01	-5.856252e+01
1.520000e-06	-1.481890e-06	-9.048688e-10	-1.049872e+01	-5.815936e+01
1.530000e-06	-1.437472e-06	-8.957484e-10	-1.018403e+01	-5.774882e+01
1.540000e-06	-1.393031e-06	-8.842247e-10	-9.869181e+00	-5.733054e+01
1.550000e-06	-1.348632e-06	-8.750306e-10	-9.554624e+00	-5.690418e+01
1.560000e-06	-1.304136e-06	-8.683761e-10	-9.239388e+00	-5.646942e+01
1.570000e-06	-1.259464e-06	-8.631509e-10	-8.922902e+00	-5.602593e+01
1.580000e-06	-1.214701e-06	-8.596896e-10	-8.605766e+00	-5.557341e+01
1.590000e-06	-1.169934e-06	-8.564216e-10	-8.288612e+00	-5.511158e+01
1.600000e-06	-1.125047e-06	-8.531649e-10	-7.970598e+00	-5.464014e+01
1.610000e-06	-1.079919e-06	-8.467757e-10	-7.650881e+00	-5.415883e+01
1.620000e-06	-1.034768e-06	-8.368033e-10	-7.331004e+00	-5.366737e+01
1.630000e-06	-9.896608e-07	-8.239659e-10	-7.011431e+00	-5.316549e+01
1.640000e-06	-9.443982e-07	-8.121303e-10	-6.690760e+00	-5.265292e+01
1.650000e-06	-8.990625e-07	-8.028645e-10	-6.369571e+00	-5.212940e+01
1.660000e-06	-8.537282e-07	-7.942246e-10	-6.048391e+00	-5.159464e+01
1.670000e-06	-8.082507e-07	-7.883069e-10	-5.726198e+00	-5.104836e+01
1.680000e-06	-7.626989e-07	-7.849710e-10	-5.403478e+00	-5.049025e+01
1.690000e-06	-7.171432e-07	-7.783970e-10	-5.080731e+00	-4.992000e+01
1.700000e-06	-6.715128e-07	-7.673473e-10	-4.757454e+00	-4.933727e+01
1.710000e-06	-6.258771e-07	-7.553867e-10	-4.434139e+00	-4.874169e+01
1.720000e-06	-5.802565e-07	-7.455170e-10	-4.110932e+00	-4.813287e+01
1.730000e-06	-5.345183e-07	-7.346326e-10	-3.786891e+00	-4.751041e+01
1.740000e-06	-4.886673e-07	-7.227716e-10	-3.462052e+00	-4.687384e+01
1.750000e-06	-4.428176e-07	-7.130125e-10	-3.137222e+00	-4.622269e+01
1.760000e-06	-3.969679e-07	-7.053976e-10	-2.812391e+00	-4.555644e+01
1.770000e-06	-3.511008e-07	-6.947695e-10	-2.487437e+00	-4.487453e+01
1.780000e-06	-3.052496e-07	-6.815125e-10	-2.162596e+00	-4.417637e+01
1.790000e-06	-2.593463e-07	-6.724743e-10	-1.837385e+00	-4.346133e+01
1.800000e-06	-2.133915e-07	-6.656597e-10	-1.511811e+00	-4.272876e+01
1.810000e-06	-1.675066e-07	-6.565648e-10	-1.186731e+00	-4.197793e+01
1.820000e-06	-1.216444e-07	-6.404027e-10	-8.618114e-01	-4.120814e+01
1.830000e-06	-7.562128e-08	-6.246053e-10	-5.357527e-01	-4.041860e+01
1.840000e-06	-2.953663e-08	-6.118252e-10	-2.092576e-01	-3.960852e+01
1.850000e-06	1.642749e-08	-6.002259e-10	1.163835e-01	-3.877710e+01
1.860000e-06	6.241792e-08	-5.849786e-10	4.422110e-01	-3.792349e+01
1.870000e-06	1.084551e-07	-5.691380e-10	7.683700e-01	-3.704685e+01
1.880000e-06	1.544504e-07	-5.610207e-10	1.094232e+00	-3.614631e+01
1.890000e-06	2.004083e-07	-5.562849e-10	1.419829e+00	-3.522102e+01
1.900000e-06	2.463424e-07	-5.406921e-10	1.745257e+00	-3.427012e+01
1.910000e-06	2.922420e-07	-5.145726e-10	2.070441e+00	-3.329276e+01
1.920000e-06	3.380739e-07	-4.907634e-10	2.395146e+00	-3.228811e+01
1.930000e-06	3.838962e-07	-4.718997e-10	2.719782e+00	-3.125539e+01
1.940000e-06	4.297185e-07	-4.521662e-10	3.044418e+00	-3.019382e+01
1.950000e-06	4.754205e-07	-4.320329e-10	3.368202e+00	-2.910269e+01
1.960000e-06	5.211270e-07	-4.175106e-10	3.692018e+00	-2.798132e+01
1.970000e-06	5.668846e-07	-4.083695e-10	4.016197e+00	-2.682910e+01
1.980000e-06	6.126037e-07	-3.952101e-10	4.340101e+00	-2.564551e+01
1.990000e-06	6.582768e-07	-3.719679e-10	4.663681e+00	-2.443007e+01
2.000000e-06	7.038792e-07	-3.435316e-10	4.986759e+00	-2.318240e+01
2.010000e-06	7.493822e-07	-3.189733e-10	5.309134e+00	-2.190222e+01
2.020000e-06	7.948624e-07	-2.984016e-10	5.631347e+00	-2.058934e+01
2.030000e-06	8.404039e-07	-2.768240e-10	5.953993e+00	-1.924369e+01
2.040000e-06	8.858802e-07	-2.549569e-10	6.276179e+00	-1.786528e+01
2.050000e-06	9.312338e-07	-2.357361e-10	6.597494e+00	-1.645428e+01
2.060000e-06	9.764138e-07	-2.190332e-10	6.917580e+00	-1.501094e+01
2.070000e-06	1.021542e-06	-1.970902e-10	7.237299e+00	-1.353567e+01
2.080000e-06	1.066652e-06	-1.691038e-10	7.556888e+00	-1.202899e+01
2.090000e-06	1.111632e-06	-1.410626e-10	7.875560e+00	-1.049156e+01
2.100000e-06	1.156534e-06	-1.172977e-10	8.193671e+00	-8.924158e+00
2.110000e-06	1.201398e-06	-9.530359e-11	8.511520e+00	-7.327712e+00
2.120000e-06	1.246082e-06	-6.934110e-11	8.828096e+00	-5.703273e+00
2.130000e-06	1.290594e-06	-4.348734e-11	9.143449e+00	-4.052023e+00
2.140000e-06	1.335031e-06	-2.294554e-11	9.458271e+00	-2.375269e+00
2.150000e-06	1.379429e-06	-1.458337e-12	9.772812e+00	-6.744454e-01
2.160000e-06	1.423814e-06	2.622000e-11	1.008727e+01	1.048898e+00
2.170000e-06	1.468168e-06	5.889495e-11	1.040150e+01	2.793096e+00
2.180000e-06	1.512434e-06	8.733954e-11	1.071512e+01	4.556378e+00
2.190000e-06	1.556596e-06	1.100165e-10	1.102799e+01	6.336876e+00
2.200000e-06	1.600679e-06	1.343065e-10	1.134030e+01	8.132627e+00
2.210000e-06	1.644688e-06	1.593222e-10	1.165209e+01	9.941590e+00
2.220000e-06	1.688664e-06	1.818027e-10	1.196365e+01	1.176165e+01
2.230000e-06	1.732630e-06	2.062777e-10	1.227513e+01	1.359063e+01
2.240000e-06	1.776540e-06	2.392287e-10	1.258622e+01	1.542629e+01
2.250000e-06	1.820354e-06	2.762056e-10	1.289663e+01	1.726638e+01
2.260000e-06	1.864047e-06	3.081773e-10	1.320618e+01	1.910859e+01
2.270000e-06	1.907491e-06	3.348732e-10	1.351396e+01	2.095060e+01
2.280000e-06	1.950787e-06	3.602429e-10	1.382070e+01	2.279009e+01
2.290000e-06	1.994040e-06	3.860813e-10	1.412714e+01	2.462475e+01
2.300000e-06	2.037134e-06	4.080324e-10	1.443244e+01	2.645227e+01
2.310000e-06	2.079943e-06	4.295103e-10	1.473573e+01	2.827039e+01
2.320000e-06	2.122482e-06	4.575097e-10	1.503710e+01	3.007688e+01
2.330000e-06	2.164804e-06	4.921235e-10	1.533694e+01	3.186956e+01
2.340000e-06	2.206756e-06	5.265836e-10	1.563416e+01	3.364630e+01
2.350000e-06	2.248433e-06	5.531893e-10	1.592943e+01	3.540507e+01
2.360000e-06	2.289953e-06	5.773890e-10	1.622359e+01	3.714390e+01
2.370000e-06	2.331120e-06	6.036944e-10	1.651524e+01	3.886091e+01
2.380000e-06	2.371980e-06	6.300925e-10	1.680472e+01	4.055432e+01
2.390000e-06	2.412633e-06	6.528786e-10	1.709273e+01	4.222245e+01
2.400000e-06	2.453096e-06	6.751745e-10	1.737940e+01	4.386375e+01
2.410000e-06	2.493408e-06	7.013585e-10	1.766500e+01	4.547675e+01
2.420000e-06	2.533547e-06	7.319594e-10	1.794937e+01	4.706012e+01
2.430000e-06	2.573566e-06	7.639164e-10	1.823289e+01	4.861266e+01
2.440000e-06	2.613511e-06	7.943230e-10	1.851589e+01	5.013327e+01
2.450000e-06	2.653388e-06	8.194051e-10	1.879841e+01	5.162101e+01
2.460000e-06	2.693180e-06	8.400606e-10	1.908032e+01	5.307502e+01
2.470000e-06	2.732819e-06	8.611837e-10	1.936115e+01	5.449462e+01
2.480000e-06	2.772325e-06	8.787751e-10	1.964104e+01	5.587921e+01
2.490000e-06	2.811622e-06	8.949559e-10	1.991944e+01	5.722833e+01
2.500000e-06	2.850724e-06	9.142818e-10	2.019647e+01	5.854164e+01
2.510000e-06	2.889639e-06	9.386669e-10	2.047217e+01	5.981892e+01
2.520000e-06	2.928262e-06	9.661842e-10	2.074580e+01	6.106004e+01
2.530000e-06	2.966659e-06	9.934435e-10	2.101783e+01	6.226500e+01
2.540000e-06	3.004850e-06	1.016909e-09	2.128840e+01	6.343388e+01
2.550000e-06	3.042893e-06	1.035351e-09	2.155792e+01	6.456687e+01
2.560000e-06	3.080764e-06	1.046834e-09	2.182623e+01	6.566423e+01
2.570000e-06	3.118377e-06	1.053872e-09	2.209271e+01	6.672630e+01
2.580000e-06	3.155822e-06	1.062031e-09	2.235799e+01	6.775351e+01
2.590000e-06	3.193091e-06	1.074916e-09	2.262203e+01	6.874633e+01
2.600000e-06	3.230080e-06	1.093457e-09	2.288409e+01	6.970531e+01
2.610000e-06	3.266826e-06	1.117254e-09	2.314442e+01	7.063102e+01
2.620000e-06	3.303357e-06	1.142447e-09	2.340323e+01	7.152411e+01
2.630000e-06	3.339642e-06	1.164264e-09	2.366030e+01	7.238522e+01
2.640000e-06	3.375771e-06	1.176884e-09	2.391626e+01	7.321505e+01
2.650000e-06	3.411796e-06	1.182417e-09	2.417149e+01	7.401432e+01
2.660000e-06	3.447689e-06	1.184878e-09	2.442577e+01	7.478373e+01
2.670000e-06	3.483434e-06	1.185304e-09	2.467902e+01	7.552403e+01
2.680000e-06	3.519019e-06	1.189898e-09	2.493113e+01	7.623594e+01
2.690000e-06	3.554369e-06	1.202450e-09	2.518157e+01	7.692019e+01
2.700000e-06	3.589316e-06	1.220620e-09	2.542916e+01	7.757751e+01
2.710000e-06	3.623865e-06	1.240259e-09	2.567393e+01	7.820861e+01
2.720000e-06	3.658014e-06	1.255576e-09	2.591586e+01	7.881418e+01
2.730000e-06	3.691644e-06	1.263256e-09	2.615412e+01	7.939490e+01
2.740000e-06	3.724874e-06	1.269075e-09	2.638954e+01	7.995144e+01
2.750000e-06	3.757831e-06	1.273552e-09	2.662303e+01	8.048442e+01
2.760000e-06	3.790497e-06	1.274501e-09	2.685446e+01	8.099447e+01
2.770000e-06	3.822830e-06	1.272579e-09	2.708353e+01	8.148218e+01
2.780000e-06	3.854914e-06	1.277730e-09	2.731083e+01	8.194813e+01
2.790000e-06	3.886902e-06	1.292367e-09	2.753746e+01	8.239286e+01
2.800000e-06	3.918707e-06	1.305477e-09	2.776279e+01	8.281692e+01
2.810000e-06	3.950299e-06	1.310291e-09	2.798661e+01	8.322081e+01
2.820000e-06	3.981675e-06	1.312762e-09	2.820890e+01	8.360503e+01
2.830000e-06	4.012755e-06	1.317592e-09	2.842909e+01	8.397007e+01
2.840000e-06	4.043444e-06	1.321205e-09	2.864651e+01	8.431639e+01
2.850000e-06	4.073752e-06	1.320793e-09	2.886123e+01	8.464448e+01
2.860000e-06	4.103910e-06	1.321840e-09	2.907489e+01	8.495478e+01
2.870000e-06	4.133892e-06	1.327913e-09	2.928730e+01	8.524775e+01
2.880000e-06	4.163574e-06	1.335980e-09	2.949759e+01	8.552385e+01
2.890000e-06	4.192912e-06	1.337445e-09	2.970544e+01	8.578354e+01
2.900000e-06	4.221962e-06	1.334989e-09	2.991126e+01	8.602728e+01
2.910000e-06	4.250803e-06	1.339099e-09	3.011558e+01	8.625556e+01
2.920000e-06	4.279304e-06	1.346125e-09	3.031750e+01	8.646884e+01
2.930000e-06	4.307518e-06	1.346981e-09	3.051739e+01	8.666763e+01
2.940000e-06	4.335568e-06	1.342521e-09	3.071612e+01	8.685244e+01
2.950000e-06	4.363502e-06	1.341737e-09	3.091402e+01	8.702380e+01
2.960000e-06	4.391327e-06	1.348266e-09	3.111115e+01	8.718225e+01
2.970000e-06	4.418926e-06	1.352946e-09	3.130668e+01	8.732835e+01
2.980000e-06	4.446026e-06	1.349281e-09	3.149867e+01	8.746267e+01
2.990000e-06	4.472512e-06	1.348775e-09	3.168632e+01	8.758580e+01
3.000000e-06	4.498473e-06	1.357261e-09	3.187025e+01	8.769836e+01
3.010000e-06	4.523779e-06	1.364792e-09	3.204953e+01	8.780095e+01
3.020000e-06	4.548509e-06	1.364066e-09	3.222473e+01	8.789422e+01
3.030000e-06	4.572991e-06	1.364340e-09	3.239818e+01	8.797880e+01
3.040000e-06	4.597250e-06	1.371180e-09	3.257005e+01	8.805534e+01
3.050000e-06	4.621242e-06	1.376266e-09	3.274002e+01	8.812449e+01
3.060000e-06	4.645015e-06	1.373968e-09	3.290845e+01	8.818690e+01
3.070000e-06	4.668543e-06	1.368724e-09	3.307514e+01	8.824321e+01
3.080000e-06	4.691767e-06	1.370183e-09	3.323967e+01	8.829407e+01
3.090000e-06	4.714639e-06	1.378520e-09	3.340171e+01	8.834009e+01
3.100000e-06	4.737168e-06	1.381886e-09	3.356132e+01	8.838187e+01
3.110000e-06	4.759433e-06	1.379472e-09	3.371906e+01	8.842002e+01
3.120000e-06	4.781432e-06	1.380083e-09	3.387492e+01	8.845509e+01
3.130000e-06	4.803082e-06	1.386382e-09	3.402831e+01	8.848760e+01
3.140000e-06	4.824396e-06	1.389563e-09	3.417930e+01	8.851805e+01
3.150000e-06	4.845352e-06	1.385125e-09	3.432777e+01	8.854690e+01
3.160000e-06	4.865907e-06	1.380586e-09	3.447340e+01	8.857455e+01
3.170000e-06	4.886162e-06	1.382960e-09	3.461689e+01	8.860139e+01
3.180000e-06	4.906224e-06	1.388808e-09	3.475903e+01	8.862771e+01
3.190000e-06	4.926079e-06	1.389756e-09	3.489970e+01	8.865380e+01
3.200000e-06	4.945726e-06	1.388341e-09	3.503889e+01	8.867986e+01
3.210000e-06	4.965168e-06	1.391779e-09	3.517663e+01	8.870603e+01
3.220000e-06	4.984221e-06	1.396875e-09	3.531162e+01	8.873243e+01
3.230000e-06	5.002698e-06	1.396858e-09	3.544252e+01	8.875909e+01
3.240000e-06	5.020707e-06	1.392683e-09	3.557011e+01	8.878600e+01
3.250000e-06	5.038429e-06	1.392604e-09	3.569566e+01	8.881306e+01
3.260000e-06	5.055875e-06	1.398591e-09	3.581926e+01	8.884017e+01
3.270000e-06	5.073030e-06	1.404449e-09	3.594080e+01	8.886712e+01
3.280000e-06	5.089820e-06	1.403529e-09	3.605975e+01	8.889368e+01
3.290000e-06	5.106347e-06	1.399506e-09	3.617684e+01	8.891958e+01
3.300000e-06	5.122496e-06	1.398317e-09	3.629125e+01	8.894447e+01
3.310000e-06	5.138124e-06	1.394448e-09	3.640197e+01	8.896800e+01
3.320000e-06	5.153177e-06	1.389423e-09	3.650862e+01	8.898976e+01
3.330000e-06	5.167779e-06	1.388927e-09	3.661206e+01	8.900932e+01
3.340000e-06	5.182036e-06	1.393330e-09	3.671307e+01	8.902623e+01
3.350000e-06	5.195861e-06	1.397309e-09	3.681102e+01	8.904001e+01
3.360000e-06	5.209405e-06	1.397785e-09	3.690697e+01	8.905018e+01
3.370000e-06	5.222559e-06	1.395382e-09	3.700016e+01	8.905627e+01
3.380000e-06	5.235229e-06	1.390951e-09	3.708993e+01	8.905778e+01
3.390000e-06	5.247530e-06	1.384804e-09	3.717708e+01	8.905426e+01
3.400000e-06	5.259542e-06	1.379250e-09	3.726218e+01	8.904524e+01
3.410000e-06	5.271200e-06	1.377020e-09	3.734477e+01	8.903031e+01
3.420000e-06	5.282397e-06	1.376350e-09	3.742410e+01	8.900906e+01
3.430000e-06	5.292994e-06	1.376415e-09	3.749917e+01	8.898114e+01
3.440000e-06	5.302922e-06	1.378067e-09	3.756951e+01	8.894624e+01
3.450000e-06	5.312259e-06	1.377032e-09	3.763566e+01	8.890409e+01
3.460000e-06	5.321120e-06	1.376691e-09	3.769844e+01	8.885449e+01
3.470000e-06	5.329570e-06	1.375605e-09	3.775830e+01	8.879730e+01
3.480000e-06	5.337710e-06	1.373973e-09	3.781597e+01	8.873242e+01
3.490000e-06	5.345627e-06	1.372348e-09	3.787206e+01	8.865987e+01
3.500000e-06	5.353318e-06	1.369767e-09	3.792655e+01	8.857968e+01
3.510000e-06	5.360766e-06	1.367825e-09	3.797932e+01	8.849199e+01
3.520000e-06	5.367759e-06	1.364459e-09	3.802886e+01	8.839701e+01
3.530000e-06	5.374231e-06	1.361843e-09	3.807471e+01	8.829503e+01
3.540000e-06	5.380370e-06	1.362505e-09	3.811820e+01	8.818640e+01
3.550000e-06	5.386175e-06	1.365307e-09	3.815933e+01	8.807154e+01
3.560000e-06	5.391585e-06	1.366449e-09	3.819766e+01	8.795096e+01
3.570000e-06	5.396710e-06	1.365922e-09	3.823397e+01	8.782522e+01
3.580000e-06	5.401511e-06	1.363701e-09	3.826798e+01	8.769497e+01
3.590000e-06	5.405928e-06	1.359886e-09	3.829928e+01	8.756088e+01
3.600000e-06	5.410059e-06	1.355133e-09	3.832854e+01	8.742371e+01
3.610000e-06	5.413948e-06	1.350614e-09	3.835609e+01	8.728424e+01
3.620000e-06	5.417566e-06	1.349055e-09	3.838173e+01	8.714332e+01
3.630000e-06	5.420839e-06	1.350891e-09	3.840491e+01	8.700181e+01
3.640000e-06	5.423549e-06	1.354158e-09	3.842412e+01	8.686060e+01
3.650000e-06	5.425625e-06	1.359073e-09	3.843882e+01	8.672061e+01
3.660000e-06	5.427136e-06	1.362019e-09	3.844953e+01	8.658275e+01
3.670000e-06	5.427985e-06	1.364414e-09	3.845554e+01	8.644795e+01
3.680000e-06	5.428381e-06	1.363211e-09	3.845835e+01	8.631711e+01
3.690000e-06	5.428588e-06	1.356844e-09	3.845981e+01	8.619113e+01
3.700000e-06	5.428614e-06	1.350812e-09	3.846000e+01	8.607088e+01
3.710000e-06	5.428390e-06	1.348739e-09	3.845841e+01	8.595718e+01
3.720000e-06	5.427811e-06	1.349990e-09	3.845431e+01	8.585081e+01
3.730000e-06	5.426881e-06	1.353210e-09	3.844772e+01	8.575251e+01
3.740000e-06	5.425600e-06	1.351936e-09	3.843865e+01	8.566294e+01
3.750000e-06	5.423979e-06	1.342736e-09	3.842716e+01	8.558271e+01
3.760000e-06	5.421981e-06	1.333082e-09	3.841301e+01	8.551233e+01
3.770000e-06	5.419643e-06	1.365311e-09	3.839644e+01	8.545224e+01
3.780000e-06	5.416998e-06	1.398882e-09	3.837770e+01	8.540280e+01
3.790000e-06	5.413935e-06	1.269984e-09	3.835600e+01	8.536427e+01
3.800000e-06	5.410419e-06	1.175757e-09	3.833109e+01	8.533681e+01
3.810000e-06	5.406452e-06	1.305235e-09	3.830299e+01	8.532048e+01
3.820000e-06	5.402231e-06	1.385679e-09	3.827308e+01	8.531524e+01
3.830000e-06	5.397877e-06	1.296069e-09	3.824224e+01	8.532096e+01
3.840000e-06	5.393228e-06	1.161026e-09	3.820930e+01	8.533738e+01
3.850000e-06	5.387841e-06	1.310792e-09	3.817113e+01	8.536418e+01
3.860000e-06	5.381533e-06	1.458591e-09	3.812644e+01	8.540089e+01
3.870000e-06	5.374992e-06	1.272700e-09	3.808010e+01	8.544698e+01
3.880000e-06	5.368372e-06	1.119424e-09	3.803320e+01	8.550182e+01
3.890000e-06	5.361080e-06	1.266853e-09	3.798154e+01	8.556468e+01
3.900000e-06	5.353226e-06	1.419411e-09	3.792590e+01	8.563476e+01
3.910000e-06	5.345209e-06	1.224992e-09	3.786910e+01	8.571118e+01
3.920000e-06	5.336945e-06	1.158719e-09	3.781055e+01	8.579299e+01
3.930000e-06	5.328350e-06	1.356172e-09	3.774966e+01	8.587919e+01
3.940000e-06	5.319467e-06	1.381750e-09	3.768672e+01	8.596871e+01
3.950000e-06	5.310252e-06	1.142978e-09	3.762144e+01	8.606045e+01
3.960000e-06	5.300550e-06	1.180899e-09	3.755270e+01	8.615327e+01
3.970000e-06	5.290319e-06	1.402902e-09	3.748022e+01	8.624602e+01
3.980000e-06	5.279873e-06	1.321639e-09	3.740622e+01	8.633753e+01
3.990000e-06	5.269127e-06	1.165715e-09	3.733008e+01	8.642661e+01
4.000000e-06	5.257850e-06	1.350009e-09	3.725019e+01	8.651211e+01
4.010000e-06	5.246136e-06	1.480424e-09	3.716720e+01	8.659287e+01
4.020000e-06	5.234085e-06	1.265786e-09	3.708182e+01	8.666777e+01
4.030000e-06	5.221690e-06	1.204652e-09	3.699401e+01	8.673573e+01
4.040000e-06	5.208845e-06	1.391453e-09	3.690300e+01	8.679571e+01
4.050000e-06	5.195565e-06	1.365392e-09	3.680892e+01	8.684672e+01
4.060000e-06	5.181777e-06	1.189606e-09	3.671124e+01	8.688786e+01
4.070000e-06	5.167183e-06	1.289105e-09	3.660784e+01	8.691826e+01
4.080000e-06	5.151822e-06	1.386195e-09	3.649901e+01	8.693718e+01
4.090000e-06	5.136129e-06	1.288125e-09	3.638783e+01	8.694391e+01
4.100000e-06	5.120259e-06	1.258483e-09	3.627540e+01	8.693788e+01
4.110000e-06	5.104140e-06	1.327230e-09	3.616120e+01	8.691858e+01
4.120000e-06	5.087720e-06	1.259898e-09	3.604487e+01	8.688560e+01
4.130000e-06	5.071042e-06	1.229840e-09	3.592671e+01	8.683866e+01
4.140000e-06	5.053967e-06	1.302844e-09	3.580574e+01	8.677755e+01
4.150000e-06	5.036506e-06	1.286201e-09	3.568204e+01	8.670217e+01
4.160000e-06	5.018735e-06	1.220361e-09	3.555614e+01	8.661253e+01
4.170000e-06	5.000633e-06	1.289959e-09	3.542789e+01	8.650873e+01
4.180000e-06	4.982203e-06	1.312633e-09	3.529732e+01	8.639099e+01
4.190000e-06	4.963471e-06	1.243626e-09	3.516461e+01	8.625958e+01
4.200000e-06	4.944390e-06	1.231820e-09	3.502942e+01	8.611491e+01
4.210000e-06	4.924911e-06	1.253446e-09	3.489142e+01	8.595745e+01
4.220000e-06	4.905183e-06	1.240487e-09	3.475166e+01	8.578774e+01
4.230000e-06	4.885217e-06	1.245672e-09	3.461020e+01	8.560641e+01
4.240000e-06	4.865058e-06	1.243388e-09	3.446738e+01	8.541415e+01
4.250000e-06	4.844687e-06	1.225523e-09	3.432306e+01	8.521171e+01
4.260000e-06	4.823998e-06	1.253852e-09	3.417649e+01	8.499987e+01
4.270000e-06	4.802834e-06	1.260789e-09	3.402654e+01	8.477949e+01
4.280000e-06	4.780954e-06	1.219220e-09	3.387153e+01	8.455142e+01
4.290000e-06	4.758526e-06	1.213459e-09	3.371264e+01	8.431655e+01
4.300000e-06	4.735622e-06	1.240078e-09	3.355037e+01	8.407579e+01
4.310000e-06	4.712240e-06	1.224508e-09	3.338471e+01	8.383005e+01
4.320000e-06	4.688577e-06	1.212369e-09	3.321707e+01	8.358023e+01
4.330000e-06	4.664673e-06	1.202578e-09	3.304772e+01	8.332722e+01
4.340000e-06	4.640568e-06	1.194487e-09	3.287694e+01	8.307189e+01
4.350000e-06	4.616280e-06	1.201925e-09	3.270487e+01	8.281508e+01
4.360000e-06	4.591626e-06	1.205689e-09	3.253020e+01	8.255758e+01
4.370000e-06	4.566513e-06	1.177450e-09	3.235229e+01	8.230016e+01
4.380000e-06	4.541084e-06	1.182353e-09	3.217213e+01	8.204351e+01
4.390000e-06	4.515334e-06	1.202918e-09	3.198970e+01	8.178829e+01
4.400000e-06	4.489351e-06	1.197151e-09	3.180562e+01	8.153508e+01
4.410000e-06	4.463138e-06	1.169486e-09	3.161991e+01	8.128439e+01
4.420000e-06	4.436624e-06	1.165146e-09	3.143206e+01	8.103668e+01
4.430000e-06	4.409793e-06	1.172383e-09	3.124198e+01	8.079233e+01
4.440000e-06	4.382586e-06	1.178131e-09	3.104922e+01	8.055162e+01
4.450000e-06	4.355048e-06	1.167340e-09	3.085413e+01	8.031480e+01
4.460000e-06	4.327263e-06	1.162165e-09	3.065727e+01	8.008200e+01
4.470000e-06	4.299288e-06	1.175495e-09	3.045908e+01	7.985331e+01
4.480000e-06	4.271158e-06	1.183323e-09	3.025979e+01	7.962873e+01
4.490000e-06	4.242858e-06	1.168055e-09	3.005930e+01	7.940817e+01
4.500000e-06	4.214350e-06	1.160668e-09	2.985732e+01	7.919152e+01
4.510000e-06	4.185521e-06	1.165730e-09	2.965308e+01	7.897856e+01
4.520000e-06	4.156155e-06	1.167395e-09	2.944503e+01	7.876904e+01
4.530000e-06	4.126112e-06	1.162190e-09	2.923219e+01	7.856263e+01
4.540000e-06	4.095580e-06	1.156674e-09	2.901588e+01	7.835896e+01
4.550000e-06	4.064700e-06	1.159409e-09	2.879710e+01	7.815763e+01
4.560000e-06	4.033387e-06	1.161202e-09	2.857526e+01	7.795819e+01
4.570000e-06	4.001740e-06	1.156024e-09	2.835105e+01	7.776015e+01
4.580000e-06	3.969935e-06	1.146470e-09	2.812572e+01	7.756301e+01
4.590000e-06	3.938030e-06	1.146005e-09	2.789969e+01	7.736624e+01
4.600000e-06	3.906025e-06	1.151944e-09	2.767294e+01	7.716932e+01
4.610000e-06	3.873833e-06	1.155339e-09	2.744487e+01	7.697171e+01
4.620000e-06	3.841404e-06	1.144265e-09	2.721512e+01	7.677286e+01
4.630000e-06	3.808636e-06	1.131879e-09	2.698297e+01	7.657225e+01
4.640000e-06	3.775501e-06	1.121782e-09	2.674822e+01	7.636937e+01
4.650000e-06	3.742065e-06	1.117013e-09	2.651134e+01	7.616373e+01
4.660000e-06	3.708383e-06	1.109751e-09	2.627271e+01	7.595486e+01
4.670000e-06	3.674514e-06	1.108105e-09	2.603276e+01	7.574233e+01
4.680000e-06	3.640434e-06	1.113473e-09	2.579131e+01	7.552575e+01
4.690000e-06	3.606158e-06	1.121437e-09	2.554848e+01	7.530475e+01
4.700000e-06	3.571606e-06	1.116822e-09	2.530369e+01	7.507902e+01
4.710000e-06	3.536753e-06	1.106977e-09	2.505676e+01	7.484828e+01
4.720000e-06	3.501628e-06	1.098310e-09	2.480792e+01	7.461232e+01
4.730000e-06	3.466268e-06	1.092313e-09	2.455741e+01	7.437096e+01
4.740000e-06	3.430725e-06	1.083640e-09	2.430559e+01	7.412407e+01
4.750000e-06	3.395020e-06	1.079748e-09	2.405263e+01	7.387158e+01
4.760000e-06	3.359161e-06	1.082430e-09	2.379858e+01	7.361346e+01
4.770000e-06	3.323112e-06	1.085967e-09	2.354319e+01	7.334973e+01
4.780000e-06	3.286921e-06	1.082110e-09	2.328678e+01	7.308045e+01
4.790000e-06	3.250592e-06	1.072236e-09	2.302941e+01	7.280573e+01
4.800000e-06	3.214069e-06	1.061453e-09	2.277065e+01	7.252573e+01
4.810000e-06	3.177275e-06	1.054669e-09	2.250998e+01	7.224061e+01
4.820000e-06	3.140173e-06	1.050480e-09	2.224712e+01	7.195061e+01
4.830000e-06	3.102824e-06	1.044645e-09	2.198252e+01	7.165596e+01
4.840000e-06	3.065043e-06	1.039077e-09	2.171485e+01	7.135693e+01
4.850000e-06	3.026774e-06	1.035702e-09	2.144373e+01	7.105382e+01
4.860000e-06	2.988032e-06	1.032206e-09	2.116925e+01	7.074692e+01
4.870000e-06	2.948936e-06	1.025206e-09	2.089227e+01	7.043654e+01
4.880000e-06	2.909593e-06	1.019251e-09	2.061353e+01	7.012301e+01
4.890000e-06	2.870016e-06	1.014191e-09	2.033314e+01	6.980663e+01
4.900000e-06	2.830363e-06	1.010215e-09	2.005221e+01	6.948772e+01
4.910000e-06	2.790594e-06	1.004601e-09	1.977047e+01	6.916657e+01
4.920000e-06	2.750709e-06	9.999124e-10	1.948789e+01	6.884347e+01
4.930000e-06	2.710693e-06	9.957586e-10	1.920440e+01	6.851867e+01
4.940000e-06	2.670550e-06	9.936286e-10	1.892000e+01	6.819243e+01
4.950000e-06	2.630319e-06	9.930535e-10	1.863497e+01	6.786495e+01
4.960000e-06	2.589912e-06	9.904597e-10	1.834870e+01	6.753642e+01
4.970000e-06	2.549368e-06	9.846713e-10	1.806146e+01	6.720698e+01
4.980000e-06	2.508653e-06	9.830276e-10	1.777301e+01	6.687676e+01
4.990000e-06	2.467673e-06	9.819424e-10	1.748268e+01	6.654582e+01
5.000000e-06	2.426552e-06	9.792494e-10	1.719135e+01	6.621421e+01
5.010000e-06	2.385241e-06	9.707929e-10	1.689867e+01	6.588193e+01
5.020000e-06	2.343744e-06	9.602703e-10	1.660468e+01	6.554893e+01
5.030000e-06	2.302186e-06	9.510738e-10	1.631026e+01	6.521514e+01
5.040000e-06	2.260474e-06	9.474738e-10	1.601474e+01	6.488044e+01
5.050000e-06	2.218522e-06	9.464026e-10	1.571752e+01	6.454467e+01
5.060000e-06	2.176413e-06	9.445866e-10	1.541919e+01	6.420764e+01
5.070000e-06	2.134197e-06	9.431358e-10	1.512010e+01	6.386914e+01
5.080000e-06	2.091871e-06	9.419122e-10	1.482024e+01	6.352889e+01
5.090000e-06	2.049280e-06	9.371803e-10	1.451849e+01	6.318661e+01
5.100000e-06	2.006469e-06	9.280813e-10	1.421519e+01	6.284199e+01
5.110000e-06	1.963550e-06	9.185290e-10	1.391112e+01	6.249470e+01
5.120000e-06	1.920467e-06	9.139595e-10	1.360589e+01	6.214438e+01
5.130000e-06	1.877201e-06	9.135725e-10	1.329937e+01	6.179065e+01
5.140000e-06	1.833824e-06	9.120748e-10	1.299206e+01	6.143314e+01
5.150000e-06	1.790383e-06	9.104351e-10	1.268429e+01	6.107144e+01
5.160000e-06	1.746826e-06	9.084581e-10	1.237570e+01	6.070517e+01
5.170000e-06	1.703198e-06	9.052449e-10	1.206661e+01	6.033390e+01
5.180000e-06	1.659482e-06	8.984904e-10	1.175690e+01	5.995724e+01
5.190000e-06	1.615661e-06	8.886808e-10	1.144644e+01	5.957479e+01
5.200000e-06	1.571803e-06	8.801873e-10	1.113572e+01	5.918615e+01
5.210000e-06	1.527884e-06	8.766058e-10	1.082457e+01	5.879094e+01
5.220000e-06	1.483911e-06	8.735341e-10	1.051304e+01	5.838876e+01
5.230000e-06	1.439926e-06	8.704951e-10	1.020141e+01	5.797927e+01
5.240000e-06	1.395893e-06	8.672067e-10	9.889457e+00	5.756209e+01
5.250000e-06	1.351820e-06	8.628408e-10	9.577210e+00	5.713689e+01
5.260000e-06	1.307713e-06	8.592389e-10	9.264728e+00	5.670334e+01
5.270000e-06	1.263561e-06	8.504413e-10	8.951925e+00	5.626111e+01
5.280000e-06	1.219393e-06	8.382174e-10	8.639010e+00	5.580991e+01
5.290000e-06	1.175209e-06	8.298515e-10	8.325977e+00	5.534944e+01
5.300000e-06	1.130885e-06	8.242930e-10	8.011960e+00	5.487941e+01
5.310000e-06	1.086448e-06	8.201637e-10	7.697139e+00	5.439955e+01
5.320000e-06	1.041844e-06	8.134880e-10	7.381130e+00	5.390959e+01
5.330000e-06	9.970634e-07	8.066852e-10	7.063876e+00	5.340925e+01
5.340000e-06	9.522949e-07	8.007523e-10	6.746705e+00	5.289828e+01
5.350000e-06	9.074733e-07	7.929825e-10	6.429159e+00	5.237639e+01
5.360000e-06	8.624609e-07	7.815877e-10	6.110260e+00	5.184331e+01
5.370000e-06	8.174025e-07	7.682894e-10	5.791036e+00	5.129876e+01
5.380000e-06	7.723485e-07	7.581071e-10	5.471842e+00	5.074244e+01
5.390000e-06	7.272514e-07	7.520166e-10	5.152344e+00	5.017402e+01
5.400000e-06	6.821268e-07	7.458003e-10	4.832650e+00	4.959318e+01
5.410000e-06	6.368585e-07	7.371152e-10	4.511939e+00	4.899956e+01
5.420000e-06	5.914687e-07	7.268883e-10	4.190367e+00	4.839277e+01
5.430000e-06	5.460678e-07	7.177292e-10	3.868716e+00	4.777240e+01
5.440000e-06	5.007464e-07	7.083886e-10	3.547628e+00	4.713800e+01
5.450000e-06	4.554472e-07	6.965474e-10	3.226698e+00	4.648911e+01
5.460000e-06	4.099978e-07	6.831713e-10	2.904704e+00	4.582520e+01
5.470000e-06	3.644485e-07	6.722739e-10	2.582001e+00	4.514573e+01
5.480000e-06	3.189786e-07	6.633257e-10	2.259862e+00	4.445011e+01
5.490000e-06	2.735010e-07	6.544971e-10	1.937667e+00	4.373772e+01
5.500000e-06	2.279264e-07	6.431069e-10	1.614786e+00	4.300791e+01
5.510000e-06	1.823097e-07	6.296159e-10	1.291606e+00	4.225996e+01
5.520000e-06	1.367004e-07	6.155951e-10	9.684787e-01	4.149317e+01
5.530000e-06	9.115848e-08	6.024532e-10	6.458288e-01	4.070676e+01
5.540000e-06	4.554005e-08	5.917408e-10	3.226367e-01	3.989996e+01
5.550000e-06	-1.274246e-10	5.800628e-10	-9.027626e-04	3.907194e+01
5.560000e-06	-4.577368e-08	5.682807e-10	-3.242919e-01	3.822188e+01
5.570000e-06	-9.146862e-08	5.561809e-10	-6.480260e-01	3.734892e+01
5.580000e-06	-1.371174e-07	5.421733e-10	-9.714330e-01	3.645222e+01
5.590000e-06	-1.827247e-07	5.270213e-10	-1.294546e+00	3.553090e+01
5.600000e-06	-2.282865e-07	5.099960e-10	-1.617337e+00	3.458411e+01
5.610000e-06	-2.738694e-07	4.934668e-10	-1.940277e+00	3.361101e+01
5.620000e-06	-3.194862e-07	4.796686e-10	-2.263458e+00	3.261076e+01
5.630000e-06	-3.649859e-07	4.660931e-10	-2.585809e+00	3.158256e+01
5.640000e-06	-4.104382e-07	4.520408e-10	-2.907823e+00	3.052564e+01
5.650000e-06	-4.558142e-07	4.381179e-10	-3.229298e+00	2.943927e+01
5.660000e-06	-5.011414e-07	4.240844e-10	-3.550427e+00	2.832277e+01
5.670000e-06	-5.464351e-07	4.075835e-10	-3.871318e+00	2.717553e+01
5.680000e-06	-5.916749e-07	3.875266e-10	-4.191828e+00	2.599699e+01
5.690000e-06	-6.369351e-07	3.669193e-10	-4.512482e+00	2.478667e+01
5.700000e-06	-6.821848e-07	3.448376e-10	-4.833061e+00	2.354419e+01
5.710000e-06	-7.273619e-07	3.211540e-10	-5.153127e+00	2.226923e+01
5.720000e-06	-7.723913e-07	3.030350e-10	-5.472146e+00	2.096160e+01
5.730000e-06	-8.173098e-07	2.882731e-10	-5.790379e+00	1.962120e+01
5.740000e-06	-8.621791e-07	2.734762e-10	-6.108264e+00	1.824804e+01
5.750000e-06	-9.070103e-07	2.585910e-10	-6.425878e+00	1.684224e+01
5.760000e-06	-9.518264e-07	2.416526e-10	-6.743386e+00	1.540406e+01
5.770000e-06	-9.965079e-07	2.165512e-10	-7.059940e+00	1.393386e+01
5.780000e-06	-1.041050e-06	1.863712e-10	-7.375509e+00	1.243217e+01
5.790000e-06	-1.085550e-06	1.570353e-10	-7.690774e+00	1.089960e+01
5.800000e-06	-1.129962e-06	1.300528e-10	-8.005423e+00	9.336919e+00
5.810000e-06	-1.174221e-06	1.068082e-10	-8.318980e+00	7.745034e+00
5.820000e-06	-1.218373e-06	9.207499e-11	-8.631784e+00	6.124971e+00
5.830000e-06	-1.262571e-06	7.883968e-11	-8.944910e+00	4.477891e+00
5.840000e-06	-1.306712e-06	6.131272e-11	-9.257638e+00	2.805081e+00
5.850000e-06	-1.350744e-06	3.899478e-11	-9.569588e+00	1.107954e+00
5.860000e-06	-1.394720e-06	1.023593e-11	-9.881143e+00	-6.119592e-01
5.870000e-06	-1.438620e-06	-2.224778e-11	-1.019217e+01	-2.353012e+00
5.880000e-06	-1.482496e-06	-5.864574e-11	-1.050301e+01	-4.113452e+00
5.890000e-06	-1.526340e-06	-9.207199e-11	-1.081363e+01	-5.891425e+00
5.900000e-06	-1.570118e-06	-1.182273e-10	-1.112379e+01	-7.684985e+00
5.910000e-06	-1.613825e-06	-1.379081e-10	-1.143343e+01	-9.492101e+00
5.920000e-06	-1.657502e-06	-1.571638e-10	-1.174287e+01	-1.131067e+01
5.930000e-06	-1.701130e-06	-1.768960e-10	-1.205196e+01	-1.313853e+01
5.940000e-06	-1.744652e-06	-2.012239e-10	-1.236030e+01	-1.497345e+01
5.950000e-06	-1.788099e-06	-2.319000e-10	-1.266811e+01	-1.681316e+01
5.960000e-06	-1.831427e-06	-2.667080e-10	-1.297508e+01	-1.865539e+01
5.970000e-06	-1.874516e-06	-3.016762e-10	-1.328035e+01	-2.049781e+01
5.980000e-06	-1.917401e-06	-3.351713e-10	-1.358418e+01	-2.233809e+01
5.990000e-06	-1.960206e-06	-3.629167e-10	-1.388744e+01	-2.417392e+01
6.000000e-06	-2.002820e-06	-3.868103e-10	-1.418934e+01	-2.600301e+01
6.010000e-06	-2.045268e-06	-4.109102e-10	-1.449007e+01	-2.782306e+01
6.020000e-06	-2.087599e-06	-4.339507e-10	-1.478997e+01	-2.963185e+01
6.030000e-06	-2.129757e-06	-4.584706e-10	-1.508865e+01	-3.142719e+01
6.040000e-06	-2.171798e-06	-4.878354e-10	-1.538650e+01	-3.320694e+01
6.050000e-06	-2.213706e-06	-5.194016e-10	-1.568340e+01	-3.496906e+01
6.060000e-06	-2.255453e-06	-5.497759e-10	-1.597916e+01	-3.671155e+01
6.070000e-06	-2.297065e-06	-5.781541e-10	-1.627398e+01	-3.843254e+01
6.080000e-06	-2.338556e-06	-6.039790e-10	-1.656793e+01	-4.013021e+01
6.090000e-06	-2.379958e-06	-6.270112e-10	-1.686124e+01	-4.180288e+01
6.100000e-06	-2.421196e-06	-6.476227e-10	-1.715340e+01	-4.344896e+01
6.110000e-06	-2.462152e-06	-6.681641e-10	-1.744356e+01	-4.506698e+01
6.120000e-06	-2.502895e-06	-6.934696e-10	-1.773221e+01	-4.665559e+01
6.130000e-06	-2.543383e-06	-7.196290e-10	-1.801905e+01	-4.821356e+01
6.140000e-06	-2.583676e-06	-7.419679e-10	-1.830452e+01	-4.973978e+01
6.150000e-06	-2.623878e-06	-7.669931e-10	-1.858934e+01	-5.123326e+01
6.160000e-06	-2.663952e-06	-7.938053e-10	-1.887325e+01	-5.269316e+01
6.170000e-06	-2.703902e-06	-8.189737e-10	-1.915628e+01	-5.411875e+01
6.180000e-06	-2.743771e-06	-8.382933e-10	-1.943874e+01	-5.550942e+01
6.190000e-06	-2.783607e-06	-8.544680e-10	-1.972097e+01	-5.686469e+01
6.200000e-06	-2.823374e-06	-8.711348e-10	-2.000271e+01	-5.818420e+01
6.210000e-06	-2.862981e-06	-8.895246e-10	-2.028331e+01	-5.946770e+01
6.220000e-06	-2.902408e-06	-9.068120e-10	-2.056264e+01	-6.071506e+01
6.230000e-06	-2.941638e-06	-9.236810e-10	-2.084056e+01	-6.192626e+01
6.240000e-06	-2.980562e-06	-9.443771e-10	-2.111633e+01	-6.310135e+01
6.250000e-06	-3.019246e-06	-9.669656e-10	-2.139040e+01	-6.424052e+01
6.260000e-06	-3.057604e-06	-9.857569e-10	-2.166215e+01	-6.534400e+01
6.270000e-06	-3.095403e-06	-9.975259e-10	-2.192994e+01	-6.641214e+01
6.280000e-06	-3.132791e-06	-1.006452e-09	-2.219483e+01	-6.744534e+01
6.290000e-06	-3.169825e-06	-1.019502e-09	-2.245720e+01	-6.844407e+01
6.300000e-06	-3.206511e-06	-1.036768e-09	-2.271711e+01	-6.940885e+01
6.310000e-06	-3.242960e-06	-1.052796e-09	-2.297534e+01	-7.034028e+01
6.320000e-06	-3.279122e-06	-1.065200e-09	-2.323153e+01	-7.123897e+01
6.330000e-06	-3.315130e-06	-1.078740e-09	-2.348664e+01	-7.210558e+01
6.340000e-06	-3.351055e-06	-1.094869e-09	-2.374116e+01	-7.294078e+01
6.350000e-06	-3.386890e-06	-1.108598e-09	-2.399504e+01	-7.374530e+01
6.360000e-06	-3.422632e-06	-1.115644e-09	-2.424826e+01	-7.451985e+01
6.370000e-06	-3.458209e-06	-1.120790e-09	-2.450031e+01	-7.526516e+01
6.380000e-06	-3.493624e-06	-1.126455e-09	-2.475121e+01	-7.598196e+01
6.390000e-06	-3.528755e-06	-1.132546e-09	-2.500011e+01	-7.667099e+01
6.400000e-06	-3.563590e-06	-1.138826e-09	-2.524690e+01	-7.733296e+01
6.410000e-06	-3.598159e-06	-1.144974e-09	-2.549181e+01	-7.796859e+01
6.420000e-06	-3.632425e-06	-1.156661e-09	-2.573457e+01	-7.857858e+01
6.430000e-06	-3.666388e-06	-1.169759e-09	-2.597519e+01	-7.916360e+01
6.440000e-06	-3.700146e-06	-1.181643e-09	-2.621435e+01	-7.972433e+01
6.450000e-06	-3.733637e-06	-1.189105e-09	-2.645163e+01	-8.026141e+01
6.460000e-06	-3.766836e-06	-1.195700e-09	-2.668683e+01	-8.077545e+01
6.470000e-06	-3.799820e-06	-1.199839e-09	-2.692051e+01	-8.126706e+01
6.480000e-06	-3.832442e-06	-1.201223e-09	-2.715163e+01	-8.173680e+01
6.490000e-06	-3.864765e-06	-1.202595e-09	-2.738063e+01	-8.218524e+01
6.500000e-06	-3.896835e-06	-1.205137e-09	-2.760783e+01	-8.261292e+01
6.510000e-06	-3.928738e-06	-1.213115e-09	-2.783386e+01	-8.302034e+01
6.520000e-06	-3.960565e-06	-1.225391e-09	-2.805934e+01	-8.340802e+01
6.530000e-06	-3.992178e-06	-1.236348e-09	-2.828330e+01	-8.377643e+01
6.540000e-06	-4.023626e-06	-1.244879e-09	-2.850611e+01	-8.412606e+01
6.550000e-06	-4.054763e-06	-1.249653e-09	-2.872670e+01	-8.445736e+01
6.560000e-06	-4.085518e-06	-1.251142e-09	-2.894459e+01	-8.477081e+01
6.570000e-06	-4.115835e-06	-1.248113e-09	-2.915938e+01	-8.506685e+01
6.580000e-06	-4.145420e-06	-1.244101e-09	-2.936898e+01	-8.534594e+01
6.590000e-06	-4.174402e-06	-1.245758e-09	-2.957431e+01	-8.560854e+01
6.600000e-06	-4.203060e-06	-1.252057e-09	-2.977734e+01	-8.585512e+01
6.610000e-06	-4.231388e-06	-1.262080e-09	-2.997804e+01	-8.608615e+01
6.620000e-06	-4.259411e-06	-1.271200e-09	-3.017657e+01	-8.630210e+01
6.630000e-06	-4.287286e-06	-1.278477e-09	-3.037405e+01	-8.650349e+01
6.640000e-06	-4.315077e-06	-1.281837e-09	-3.057094e+01	-8.669081e+01
6.650000e-06	-4.342730e-06	-1.281554e-09	-3.076685e+01	-8.686458e+01
6.660000e-06	-4.370049e-06	-1.278950e-09	-3.096040e+01	-8.702535e+01
6.670000e-06	-4.396881e-06	-1.278529e-09	-3.115050e+01	-8.717368e+01
6.680000e-06	-4.423403e-06	-1.283489e-09	-3.133840e+01	-8.731013e+01
6.690000e-06	-4.449669e-06	-1.289661e-09	-3.152449e+01	-8.743530e+01
6.700000e-06	-4.475624e-06	-1.293755e-09	-3.170837e+01	-8.754978e+01
6.710000e-06	-4.501367e-06	-1.294430e-09	-3.189075e+01	-8.765421e+01
6.720000e-06	-4.526768e-06	-1.295374e-09	-3.207071e+01	-8.774920e+01
6.730000e-06	-4.551789e-06	-1.295845e-09	-3.224797e+01	-8.783539e+01
6.740000e-06	-4.576477e-06	-1.291118e-09	-3.242288e+01	-8.791344e+01
6.750000e-06	-4.600857e-06	-1.292105e-09	-3.259560e+01	-8.798399e+01
6.760000e-06	-4.624906e-06	-1.298435e-09	-3.276599e+01	-8.804768e+01
6.770000e-06	-4.648777e-06	-1.309611e-09	-3.293510e+01	-8.810518e+01
6.780000e-06	-4.672602e-06	-1.314507e-09	-3.310389e+01	-8.815711e+01
6.790000e-06	-4.696176e-06	-1.313695e-09	-3.327091e+01	-8.820410e+01
6.800000e-06	-4.719381e-06	-1.313629e-09	-3.343531e+01	-8.824676e+01
6.810000e-06	-4.742161e-06	-1.311317e-09	-3.359669e+01	-8.828569e+01
6.820000e-06	-4.764395e-06	-1.308675e-09	-3.375422e+01	-8.832144e+01
6.830000e-06	-4.786031e-06	-1.306832e-09	-3.390750e+01	-8.835455e+01
6.840000e-06	-4.807101e-06	-1.311586e-09	-3.405678e+01	-8.838552e+01
6.850000e-06	-4.827684e-06	-1.323798e-09	-3.420260e+01	-8.841482e+01
6.860000e-06	-4.847939e-06	-1.332119e-09	-3.434610e+01	-8.844286e+01
6.870000e-06	-4.867974e-06	-1.331451e-09	-3.448804e+01	-8.847002e+01
6.880000e-06	-4.887878e-06	-1.324980e-09	-3.462906e+01	-8.849662e+01
6.890000e-06	-4.907586e-06	-1.317460e-09	-3.476868e+01	-8.852294e+01
6.900000e-06	-4.927024e-06	-1.313655e-09	-3.490640e+01	-8.854920e+01
6.910000e-06	-4.946096e-06	-1.314238e-09	-3.504151e+01	-8.857556e+01
6.920000e-06	-4.964791e-06	-1.321473e-09	-3.517396e+01	-8.860213e+01
6.930000e-06	-4.983117e-06	-1.332983e-09	-3.530379e+01	-8.862896e+01
6.940000e-06	-5.001069e-06	-1.341189e-09	-3.543098e+01	-8.865603e+01
6.950000e-06	-5.018750e-06	-1.342161e-09	-3.555624e+01	-8.868329e+01
6.960000e-06	-5.036108e-06	-1.336538e-09	-3.567922e+01	-8.871061e+01
6.970000e-06	-5.053090e-06	-1.327024e-09	-3.579953e+01	-8.873781e+01
6.980000e-06	-5.069703e-06	-1.320186e-09	-3.591723e+01	-8.876467e+01
6.990000e-06	-5.086004e-06	-1.317393e-09	-3.603272e+01	-8.879091e+01
7.000000e-06	-5.102097e-06	-1.320932e-09	-3.614673e+01	-8.881621e+01
7.010000e-06	-5.117967e-06	-1.327608e-09	-3.625917e+01	-8.884020e+01
7.020000e-06	-5.133516e-06	-1.334090e-09	-3.636932e+01	-8.886250e+01
7.030000e-06	-5.148654e-06	-1.337143e-09	-3.647657e+01	-8.888266e+01
7.040000e-06	-5.163230e-06	-1.334868e-09	-3.657983e+01	-8.890025e+01
7.050000e-06	-5.177244e-06	-1.326848e-09	-3.667912e+01	-8.891480e+01
7.060000e-06	-5.190725e-06	-1.319014e-09	-3.677463e+01	-8.892582e+01
7.070000e-06	-5.203568e-06	-1.314927e-09	-3.686562e+01	-8.893283e+01
7.080000e-06	-5.215868e-06	-1.315226e-09	-3.695276e+01	-8.893535e+01
7.090000e-06	-5.227866e-06	-1.318646e-09	-3.703776e+01	-8.893291e+01
7.100000e-06	-5.239587e-06	-1.323248e-09	-3.712080e+01	-8.892505e+01
7.110000e-06	-5.250905e-06	-1.324480e-09	-3.720099e+01	-8.891134e+01
7.120000e-06	-5.261862e-06	-1.322472e-09	-3.727861e+01	-8.889138e+01
7.130000e-06	-5.272423e-06	-1.319901e-09	-3.735343e+01	-8.886481e+01
7.140000e-06	-5.282544e-06	-1.316365e-09	-3.742513e+01	-8.883130e+01
7.150000e-06	-5.292352e-06	-1.313323e-09	-3.749463e+01	-8.879059e+01
7.160000e-06	-5.301885e-06	-1.311075e-09	-3.756216e+01	-8.874245e+01
7.170000e-06	-5.310917e-06	-1.307959e-09	-3.762615e+01	-8.868674e+01
7.180000e-06	-5.319523e-06	-1.305450e-09	-3.768712e+01	-8.862336e+01
7.190000e-06	-5.327839e-06	-1.305471e-09	-3.774604e+01	-8.855229e+01
7.200000e-06	-5.335897e-06	-1.306412e-09	-3.780313e+01	-8.847358e+01
7.210000e-06	-5.343822e-06	-1.311136e-09	-3.785927e+01	-8.838734e+01
7.220000e-06	-5.351552e-06	-1.315395e-09	-3.791404e+01	-8.829377e+01
7.230000e-06	-5.358933e-06	-1.314850e-09	-3.796633e+01	-8.819315e+01
7.240000e-06	-5.365787e-06	-1.311511e-09	-3.801489e+01	-8.808580e+01
7.250000e-06	-5.372144e-06	-1.308676e-09	-3.805992e+01	-8.797216e+01
7.260000e-06	-5.377924e-06	-1.305867e-09	-3.810087e+01	-8.785270e+01
7.270000e-06	-5.383023e-06	-1.303521e-09	-3.813700e+01	-8.772800e+01
7.280000e-06	-5.387520e-06	-1.302733e-09	-3.816886e+01	-8.759866e+01
7.290000e-06	-5.391631e-06	-1.302999e-09	-3.819799e+01	-8.746537e+01
7.300000e-06	-5.395580e-06	-1.303908e-09	-3.822596e+01	-8.732887e+01
7.310000e-06	-5.399365e-06	-1.304207e-09	-3.825277e+01	-8.718994e+01
7.320000e-06	-5.402831e-06	-1.302272e-09	-3.827733e+01	-8.704941e+01
7.330000e-06	-5.405910e-06	-1.299924e-09	-3.829915e+01	-8.690815e+01
7.340000e-06	-5.408613e-06	-1.297882e-09	-3.831829e+01	-8.676704e+01
7.350000e-06	-5.410912e-06	-1.296224e-09	-3.833458e+01	-8.662699e+01
7.360000e-06	-5.412922e-06	-1.294114e-09	-3.834882e+01	-8.648892e+01
7.370000e-06	-5.414708e-06	-1.290624e-09	-3.836148e+01	-8.635376e+01
7.380000e-06	-5.416094e-06	-1.289262e-09	-3.837129e+01	-8.622241e+01
7.390000e-06	-5.417057e-06	-1.290799e-09	-3.837812e+01	-8.609577e+01
7.400000e-06	-5.417614e-06	-1.289380e-09	-3.838206e+01	-8.597472e+01
