# Temperatura_=_2.04
# Concentracion g/m^3_=_4090.0
# C_Vs_to_Am_M_A/Vsm_=_65563218390.804596
# pendiente_HvsI_1/m_=_3716.3
# ordenada_HvsI_A/m_=_1297.0
# frecuencia_Hz_=_135083.12852598928

Tiempo_(s)	Campo_(V.s)	Magnetizacion_(V.s)	Campo_(kA/m)	Magnetizacion_(A/m)
0.000000e+00	-5.401339e-06	-1.556350e-09	-3.838787e+01	-1.023077e+02
1.000000e-08	-5.401543e-06	-1.554825e-09	-3.838932e+01	-1.021974e+02
2.000000e-08	-5.401476e-06	-1.550665e-09	-3.838885e+01	-1.020960e+02
3.000000e-08	-5.401027e-06	-1.547772e-09	-3.838565e+01	-1.020041e+02
4.000000e-08	-5.400163e-06	-1.545095e-09	-3.837952e+01	-1.019223e+02
5.000000e-08	-5.398878e-06	-1.542465e-09	-3.837038e+01	-1.018509e+02
6.000000e-08	-5.396971e-06	-1.542967e-09	-3.835683e+01	-1.017904e+02
7.000000e-08	-5.394386e-06	-1.553048e-09	-3.833846e+01	-1.017410e+02
8.000000e-08	-5.391258e-06	-1.567534e-09	-3.831622e+01	-1.017029e+02
9.000000e-08	-5.387593e-06	-1.556352e-09	-3.829018e+01	-1.016761e+02
1.000000e-07	-5.383509e-06	-1.523352e-09	-3.826115e+01	-1.016606e+02
1.100000e-07	-5.379112e-06	-1.493490e-09	-3.822990e+01	-1.016562e+02
1.200000e-07	-5.374609e-06	-1.571286e-09	-3.819790e+01	-1.016629e+02
1.300000e-07	-5.369889e-06	-1.592643e-09	-3.816435e+01	-1.016801e+02
1.400000e-07	-5.364597e-06	-1.554307e-09	-3.812674e+01	-1.017075e+02
1.500000e-07	-5.358945e-06	-1.486107e-09	-3.808657e+01	-1.017445e+02
1.600000e-07	-5.353159e-06	-1.561409e-09	-3.804545e+01	-1.017906e+02
1.700000e-07	-5.346901e-06	-1.609020e-09	-3.800098e+01	-1.018450e+02
1.800000e-07	-5.339995e-06	-1.537506e-09	-3.795189e+01	-1.019069e+02
1.900000e-07	-5.332761e-06	-1.459182e-09	-3.790048e+01	-1.019754e+02
2.000000e-07	-5.325490e-06	-1.538834e-09	-3.784881e+01	-1.020497e+02
2.100000e-07	-5.318017e-06	-1.619201e-09	-3.779569e+01	-1.021287e+02
2.200000e-07	-5.310130e-06	-1.583230e-09	-3.773964e+01	-1.022113e+02
2.300000e-07	-5.302004e-06	-1.571517e-09	-3.768189e+01	-1.022965e+02
2.400000e-07	-5.293656e-06	-1.647403e-09	-3.762256e+01	-1.023831e+02
2.500000e-07	-5.284694e-06	-1.676724e-09	-3.755886e+01	-1.024700e+02
2.600000e-07	-5.274990e-06	-1.607710e-09	-3.748989e+01	-1.025559e+02
2.700000e-07	-5.264696e-06	-1.639250e-09	-3.741674e+01	-1.026398e+02
2.800000e-07	-5.253956e-06	-1.673664e-09	-3.734041e+01	-1.027203e+02
2.900000e-07	-5.242783e-06	-1.613735e-09	-3.726100e+01	-1.027965e+02
3.000000e-07	-5.231136e-06	-1.553765e-09	-3.717822e+01	-1.028670e+02
3.100000e-07	-5.219174e-06	-1.647924e-09	-3.709321e+01	-1.029309e+02
3.200000e-07	-5.206849e-06	-1.675155e-09	-3.700561e+01	-1.029871e+02
3.300000e-07	-5.194118e-06	-1.605159e-09	-3.691513e+01	-1.030345e+02
3.400000e-07	-5.181012e-06	-1.566788e-09	-3.682198e+01	-1.030723e+02
3.500000e-07	-5.167473e-06	-1.648453e-09	-3.672576e+01	-1.030996e+02
3.600000e-07	-5.153470e-06	-1.632066e-09	-3.662624e+01	-1.031156e+02
3.700000e-07	-5.138984e-06	-1.590774e-09	-3.652329e+01	-1.031195e+02
3.800000e-07	-5.123969e-06	-1.568475e-09	-3.641657e+01	-1.031108e+02
3.900000e-07	-5.108374e-06	-1.598356e-09	-3.630574e+01	-1.030890e+02
4.000000e-07	-5.092309e-06	-1.591585e-09	-3.619157e+01	-1.030536e+02
4.100000e-07	-5.075887e-06	-1.618276e-09	-3.607485e+01	-1.030044e+02
4.200000e-07	-5.059034e-06	-1.609565e-09	-3.595507e+01	-1.029410e+02
4.300000e-07	-5.041920e-06	-1.578971e-09	-3.583345e+01	-1.028635e+02
4.400000e-07	-5.024637e-06	-1.592904e-09	-3.571061e+01	-1.027717e+02
4.500000e-07	-5.006968e-06	-1.624491e-09	-3.558504e+01	-1.026659e+02
4.600000e-07	-4.988842e-06	-1.586537e-09	-3.545621e+01	-1.025461e+02
4.700000e-07	-4.970328e-06	-1.543296e-09	-3.532463e+01	-1.024128e+02
4.800000e-07	-4.951413e-06	-1.571276e-09	-3.519020e+01	-1.022662e+02
4.900000e-07	-4.932125e-06	-1.596750e-09	-3.505312e+01	-1.021069e+02
5.000000e-07	-4.912569e-06	-1.581628e-09	-3.491413e+01	-1.019354e+02
5.100000e-07	-4.892840e-06	-1.551151e-09	-3.477392e+01	-1.017524e+02
5.200000e-07	-4.872927e-06	-1.558102e-09	-3.463239e+01	-1.015585e+02
5.300000e-07	-4.852666e-06	-1.576208e-09	-3.448839e+01	-1.013546e+02
5.400000e-07	-4.832141e-06	-1.589111e-09	-3.434252e+01	-1.011413e+02
5.500000e-07	-4.811384e-06	-1.550961e-09	-3.419500e+01	-1.009197e+02
5.600000e-07	-4.790236e-06	-1.532602e-09	-3.404470e+01	-1.006905e+02
5.700000e-07	-4.768714e-06	-1.546255e-09	-3.389174e+01	-1.004546e+02
5.800000e-07	-4.746888e-06	-1.563723e-09	-3.373662e+01	-1.002131e+02
5.900000e-07	-4.724717e-06	-1.531746e-09	-3.357905e+01	-9.996680e+01
6.000000e-07	-4.702136e-06	-1.524560e-09	-3.341856e+01	-9.971664e+01
6.100000e-07	-4.679130e-06	-1.539406e-09	-3.325506e+01	-9.946353e+01
6.200000e-07	-4.655872e-06	-1.560567e-09	-3.308976e+01	-9.920835e+01
6.300000e-07	-4.632409e-06	-1.545060e-09	-3.292301e+01	-9.895195e+01
6.400000e-07	-4.608763e-06	-1.524620e-09	-3.275495e+01	-9.869514e+01
6.500000e-07	-4.584890e-06	-1.509581e-09	-3.258528e+01	-9.843867e+01
6.600000e-07	-4.560665e-06	-1.526521e-09	-3.241312e+01	-9.818326e+01
6.700000e-07	-4.536148e-06	-1.525698e-09	-3.223887e+01	-9.792953e+01
6.800000e-07	-4.511294e-06	-1.507573e-09	-3.206223e+01	-9.767808e+01
6.900000e-07	-4.485949e-06	-1.497961e-09	-3.188210e+01	-9.742938e+01
7.000000e-07	-4.459991e-06	-1.517438e-09	-3.169762e+01	-9.718388e+01
7.100000e-07	-4.433378e-06	-1.518984e-09	-3.150847e+01	-9.694193e+01
7.200000e-07	-4.406372e-06	-1.501004e-09	-3.131654e+01	-9.670377e+01
7.300000e-07	-4.379156e-06	-1.484306e-09	-3.112311e+01	-9.646962e+01
7.400000e-07	-4.351666e-06	-1.490169e-09	-3.092774e+01	-9.623955e+01
7.500000e-07	-4.323919e-06	-1.499991e-09	-3.073053e+01	-9.601361e+01
7.600000e-07	-4.295935e-06	-1.493068e-09	-3.053165e+01	-9.579172e+01
7.700000e-07	-4.267761e-06	-1.479652e-09	-3.033142e+01	-9.557377e+01
7.800000e-07	-4.239368e-06	-1.482045e-09	-3.012962e+01	-9.535954e+01
7.900000e-07	-4.210703e-06	-1.494252e-09	-2.992590e+01	-9.514876e+01
8.000000e-07	-4.181775e-06	-1.486928e-09	-2.972031e+01	-9.494109e+01
8.100000e-07	-4.152557e-06	-1.470761e-09	-2.951265e+01	-9.473614e+01
8.200000e-07	-4.122979e-06	-1.462004e-09	-2.930243e+01	-9.453346e+01
8.300000e-07	-4.093099e-06	-1.470618e-09	-2.909007e+01	-9.433255e+01
8.400000e-07	-4.062959e-06	-1.469393e-09	-2.887587e+01	-9.413290e+01
8.500000e-07	-4.032530e-06	-1.460962e-09	-2.865960e+01	-9.393394e+01
8.600000e-07	-4.001914e-06	-1.451012e-09	-2.844201e+01	-9.373508e+01
8.700000e-07	-3.971040e-06	-1.458068e-09	-2.822259e+01	-9.353574e+01
8.800000e-07	-3.939844e-06	-1.459405e-09	-2.800088e+01	-9.333531e+01
8.900000e-07	-3.908499e-06	-1.451649e-09	-2.777810e+01	-9.313319e+01
9.000000e-07	-3.876936e-06	-1.432769e-09	-2.755378e+01	-9.292879e+01
9.100000e-07	-3.845131e-06	-1.429787e-09	-2.732774e+01	-9.272154e+01
9.200000e-07	-3.813181e-06	-1.430223e-09	-2.710067e+01	-9.251088e+01
9.300000e-07	-3.780959e-06	-1.428453e-09	-2.687167e+01	-9.229630e+01
9.400000e-07	-3.748469e-06	-1.419401e-09	-2.664075e+01	-9.207731e+01
9.500000e-07	-3.715733e-06	-1.420475e-09	-2.640810e+01	-9.185347e+01
9.600000e-07	-3.682583e-06	-1.422657e-09	-2.617250e+01	-9.162439e+01
9.700000e-07	-3.648972e-06	-1.417716e-09	-2.593362e+01	-9.138973e+01
9.800000e-07	-3.614887e-06	-1.399785e-09	-2.569138e+01	-9.114921e+01
9.900000e-07	-3.580505e-06	-1.389002e-09	-2.544702e+01	-9.090261e+01
1.000000e-06	-3.545846e-06	-1.387231e-09	-2.520069e+01	-9.064975e+01
1.010000e-06	-3.510840e-06	-1.388259e-09	-2.495190e+01	-9.039053e+01
1.020000e-06	-3.475573e-06	-1.384745e-09	-2.470125e+01	-9.012493e+01
1.030000e-06	-3.440065e-06	-1.383378e-09	-2.444889e+01	-8.985295e+01
1.040000e-06	-3.404361e-06	-1.383864e-09	-2.419514e+01	-8.957469e+01
1.050000e-06	-3.368483e-06	-1.380178e-09	-2.394016e+01	-8.929028e+01
1.060000e-06	-3.332412e-06	-1.368744e-09	-2.368380e+01	-8.899994e+01
1.070000e-06	-3.296152e-06	-1.353078e-09	-2.342609e+01	-8.870390e+01
1.080000e-06	-3.259682e-06	-1.342846e-09	-2.316690e+01	-8.840247e+01
1.090000e-06	-3.222923e-06	-1.340485e-09	-2.290564e+01	-8.809600e+01
1.100000e-06	-3.185987e-06	-1.343183e-09	-2.264313e+01	-8.778487e+01
1.110000e-06	-3.148873e-06	-1.340981e-09	-2.237936e+01	-8.746949e+01
1.120000e-06	-3.111511e-06	-1.338658e-09	-2.211383e+01	-8.715032e+01
1.130000e-06	-3.073933e-06	-1.333806e-09	-2.184676e+01	-8.682780e+01
1.140000e-06	-3.036082e-06	-1.327497e-09	-2.157774e+01	-8.650243e+01
1.150000e-06	-2.997986e-06	-1.316813e-09	-2.130699e+01	-8.617468e+01
1.160000e-06	-2.959826e-06	-1.310502e-09	-2.103579e+01	-8.584503e+01
1.170000e-06	-2.921551e-06	-1.307681e-09	-2.076376e+01	-8.551396e+01
1.180000e-06	-2.883070e-06	-1.308051e-09	-2.049027e+01	-8.518193e+01
1.190000e-06	-2.844291e-06	-1.303244e-09	-2.021467e+01	-8.484938e+01
1.200000e-06	-2.805208e-06	-1.299311e-09	-1.993690e+01	-8.451670e+01
1.210000e-06	-2.765978e-06	-1.297809e-09	-1.965809e+01	-8.418429e+01
1.220000e-06	-2.726620e-06	-1.297360e-09	-1.937837e+01	-8.385248e+01
1.230000e-06	-2.687101e-06	-1.289960e-09	-1.909750e+01	-8.352155e+01
1.240000e-06	-2.647416e-06	-1.280556e-09	-1.881546e+01	-8.319175e+01
1.250000e-06	-2.607595e-06	-1.274993e-09	-1.853245e+01	-8.286326e+01
1.260000e-06	-2.567696e-06	-1.276757e-09	-1.824888e+01	-8.253622e+01
1.270000e-06	-2.527724e-06	-1.276182e-09	-1.796479e+01	-8.221070e+01
1.280000e-06	-2.487688e-06	-1.274633e-09	-1.768025e+01	-8.188670e+01
1.290000e-06	-2.447516e-06	-1.270136e-09	-1.739475e+01	-8.156418e+01
1.300000e-06	-2.407132e-06	-1.265140e-09	-1.710773e+01	-8.124300e+01
1.310000e-06	-2.366540e-06	-1.254742e-09	-1.681925e+01	-8.092300e+01
1.320000e-06	-2.325709e-06	-1.243972e-09	-1.652905e+01	-8.060392e+01
1.330000e-06	-2.284604e-06	-1.237910e-09	-1.623691e+01	-8.028547e+01
1.340000e-06	-2.243316e-06	-1.239367e-09	-1.594348e+01	-7.996727e+01
1.350000e-06	-2.201818e-06	-1.245140e-09	-1.564855e+01	-7.964892e+01
1.360000e-06	-2.159923e-06	-1.247668e-09	-1.535080e+01	-7.932994e+01
1.370000e-06	-2.117744e-06	-1.241577e-09	-1.505102e+01	-7.900981e+01
1.380000e-06	-2.075296e-06	-1.227759e-09	-1.474934e+01	-7.868798e+01
1.390000e-06	-2.032611e-06	-1.214678e-09	-1.444597e+01	-7.836385e+01
1.400000e-06	-1.989794e-06	-1.203658e-09	-1.414167e+01	-7.803679e+01
1.410000e-06	-1.946779e-06	-1.197603e-09	-1.383596e+01	-7.770614e+01
1.420000e-06	-1.903581e-06	-1.194967e-09	-1.352894e+01	-7.737124e+01
1.430000e-06	-1.860288e-06	-1.194657e-09	-1.322126e+01	-7.703138e+01
1.440000e-06	-1.816815e-06	-1.195738e-09	-1.291229e+01	-7.668588e+01
1.450000e-06	-1.773124e-06	-1.193421e-09	-1.260178e+01	-7.633403e+01
1.460000e-06	-1.729338e-06	-1.182309e-09	-1.229058e+01	-7.597515e+01
1.470000e-06	-1.685481e-06	-1.170206e-09	-1.197889e+01	-7.560854e+01
1.480000e-06	-1.641536e-06	-1.160454e-09	-1.166657e+01	-7.523354e+01
1.490000e-06	-1.597532e-06	-1.155356e-09	-1.135383e+01	-7.484950e+01
1.500000e-06	-1.553460e-06	-1.148836e-09	-1.104060e+01	-7.445580e+01
1.510000e-06	-1.509313e-06	-1.144251e-09	-1.072684e+01	-7.405185e+01
1.520000e-06	-1.465096e-06	-1.141762e-09	-1.041259e+01	-7.363708e+01
1.530000e-06	-1.420811e-06	-1.139699e-09	-1.009785e+01	-7.321098e+01
1.540000e-06	-1.376550e-06	-1.129701e-09	-9.783280e+00	-7.277306e+01
1.550000e-06	-1.332260e-06	-1.117911e-09	-9.468511e+00	-7.232287e+01
1.560000e-06	-1.287860e-06	-1.107657e-09	-9.152953e+00	-7.186003e+01
1.570000e-06	-1.243382e-06	-1.100626e-09	-8.836844e+00	-7.138416e+01
1.580000e-06	-1.198757e-06	-1.094139e-09	-8.519691e+00	-7.089495e+01
1.590000e-06	-1.154023e-06	-1.086335e-09	-8.201758e+00	-7.039213e+01
1.600000e-06	-1.109287e-06	-1.078112e-09	-7.883818e+00	-6.987545e+01
1.610000e-06	-1.064480e-06	-1.071199e-09	-7.565367e+00	-6.934472e+01
1.620000e-06	-1.019466e-06	-1.061269e-09	-7.245452e+00	-6.879976e+01
1.630000e-06	-9.742494e-07	-1.049940e-09	-6.924091e+00	-6.824043e+01
1.640000e-06	-9.291324e-07	-1.039036e-09	-6.603440e+00	-6.766663e+01
1.650000e-06	-8.840641e-07	-1.030659e-09	-6.283135e+00	-6.707826e+01
1.660000e-06	-8.388974e-07	-1.022520e-09	-5.962130e+00	-6.647523e+01
1.670000e-06	-7.936575e-07	-1.013148e-09	-5.640605e+00	-6.585748e+01
1.680000e-06	-7.482899e-07	-1.004002e-09	-5.318174e+00	-6.522495e+01
1.690000e-06	-7.028216e-07	-9.936203e-10	-4.995025e+00	-6.457756e+01
1.700000e-06	-6.572188e-07	-9.836223e-10	-4.670922e+00	-6.391523e+01
1.710000e-06	-6.116444e-07	-9.726045e-10	-4.347020e+00	-6.323787e+01
1.720000e-06	-5.660521e-07	-9.632787e-10	-4.022991e+00	-6.254537e+01
1.730000e-06	-5.204029e-07	-9.549757e-10	-3.698557e+00	-6.183759e+01
1.740000e-06	-4.747234e-07	-9.455061e-10	-3.373908e+00	-6.111435e+01
1.750000e-06	-4.290030e-07	-9.328205e-10	-3.048968e+00	-6.037544e+01
1.760000e-06	-3.833745e-07	-9.218946e-10	-2.724682e+00	-5.962060e+01
1.770000e-06	-3.378030e-07	-9.096295e-10	-2.400801e+00	-5.884953e+01
1.780000e-06	-2.921617e-07	-8.959984e-10	-2.076423e+00	-5.806187e+01
1.790000e-06	-2.464118e-07	-8.815291e-10	-1.751274e+00	-5.725720e+01
1.800000e-06	-2.006285e-07	-8.688706e-10	-1.425887e+00	-5.643507e+01
1.810000e-06	-1.547908e-07	-8.576453e-10	-1.100114e+00	-5.559494e+01
1.820000e-06	-1.089633e-07	-8.465150e-10	-7.744131e-01	-5.473622e+01
1.830000e-06	-6.314020e-08	-8.340286e-10	-4.487439e-01	-5.385827e+01
1.840000e-06	-1.733308e-08	-8.220894e-10	-1.231880e-01	-5.296036e+01
1.850000e-06	2.837417e-08	-8.106463e-10	2.016581e-01	-5.204174e+01
1.860000e-06	7.415296e-08	-7.990781e-10	5.270127e-01	-5.110158e+01
1.870000e-06	1.200385e-07	-7.852289e-10	8.531261e-01	-5.013901e+01
1.880000e-06	1.659524e-07	-7.707527e-10	1.179441e+00	-4.915310e+01
1.890000e-06	2.118405e-07	-7.551619e-10	1.505572e+00	-4.814289e+01
1.900000e-06	2.576809e-07	-7.375272e-10	1.831365e+00	-4.710737e+01
1.910000e-06	3.035273e-07	-7.184523e-10	2.157199e+00	-4.604553e+01
1.920000e-06	3.493316e-07	-6.994368e-10	2.482736e+00	-4.495630e+01
1.930000e-06	3.951440e-07	-6.816773e-10	2.808329e+00	-4.383863e+01
1.940000e-06	4.408953e-07	-6.658073e-10	3.133488e+00	-4.269144e+01
1.950000e-06	4.865602e-07	-6.476299e-10	3.458033e+00	-4.151368e+01
1.960000e-06	5.321739e-07	-6.292524e-10	3.782215e+00	-4.030430e+01
1.970000e-06	5.776433e-07	-6.110969e-10	4.105370e+00	-3.906229e+01
1.980000e-06	6.230961e-07	-5.887427e-10	4.428408e+00	-3.778665e+01
1.990000e-06	6.686236e-07	-5.655792e-10	4.751977e+00	-3.647645e+01
2.000000e-06	7.140646e-07	-5.432410e-10	5.074931e+00	-3.513083e+01
2.010000e-06	7.594190e-07	-5.225850e-10	5.397269e+00	-3.374896e+01
2.020000e-06	8.047571e-07	-5.037966e-10	5.719492e+00	-3.233014e+01
2.030000e-06	8.500243e-07	-4.853085e-10	6.041210e+00	-3.087371e+01
2.040000e-06	8.952435e-07	-4.625895e-10	6.362587e+00	-2.937914e+01
2.050000e-06	9.403998e-07	-4.374539e-10	6.683518e+00	-2.784601e+01
2.060000e-06	9.854355e-07	-4.127794e-10	7.003591e+00	-2.627400e+01
2.070000e-06	1.030332e-06	-3.865913e-10	7.322674e+00	-2.466294e+01
2.080000e-06	1.075166e-06	-3.598742e-10	7.641317e+00	-2.301279e+01
2.090000e-06	1.119904e-06	-3.325911e-10	7.959270e+00	-2.132362e+01
2.100000e-06	1.164555e-06	-3.056827e-10	8.276615e+00	-1.959569e+01
2.110000e-06	1.209205e-06	-2.806887e-10	8.593941e+00	-1.782938e+01
2.120000e-06	1.253715e-06	-2.556813e-10	8.910283e+00	-1.602524e+01
2.130000e-06	1.298131e-06	-2.285504e-10	9.225953e+00	-1.418397e+01
2.140000e-06	1.342498e-06	-1.981261e-10	9.541274e+00	-1.230644e+01
2.150000e-06	1.386733e-06	-1.673702e-10	9.855653e+00	-1.039366e+01
2.160000e-06	1.430886e-06	-1.368375e-10	1.016945e+01	-8.446816e+00
2.170000e-06	1.474975e-06	-1.044913e-10	1.048280e+01	-6.467234e+00
2.180000e-06	1.519023e-06	-7.225379e-11	1.079585e+01	-4.456402e+00
2.190000e-06	1.563033e-06	-4.516841e-11	1.110864e+01	-2.415953e+00
2.200000e-06	1.606976e-06	-1.937645e-11	1.142094e+01	-3.476633e-01
2.210000e-06	1.650860e-06	9.065723e-12	1.173283e+01	1.746556e+00
2.220000e-06	1.694698e-06	4.317106e-11	1.204439e+01	3.864666e+00
2.230000e-06	1.738483e-06	8.113602e-11	1.235558e+01	6.004507e+00
2.240000e-06	1.782211e-06	1.211786e-10	1.266636e+01	8.163811e+00
2.250000e-06	1.825795e-06	1.590351e-10	1.297611e+01	1.034021e+01
2.260000e-06	1.869223e-06	1.942854e-10	1.328476e+01	1.253125e+01
2.270000e-06	1.912547e-06	2.256762e-10	1.359267e+01	1.473439e+01
2.280000e-06	1.955738e-06	2.545316e-10	1.389963e+01	1.694704e+01
2.290000e-06	1.998788e-06	2.842296e-10	1.420559e+01	1.916654e+01
2.300000e-06	2.041608e-06	3.180265e-10	1.450992e+01	2.139020e+01
2.310000e-06	2.084225e-06	3.542018e-10	1.481280e+01	2.361531e+01
2.320000e-06	2.126623e-06	3.924647e-10	1.511413e+01	2.583914e+01
2.330000e-06	2.168712e-06	4.311306e-10	1.541326e+01	2.805896e+01
2.340000e-06	2.210420e-06	4.638254e-10	1.570968e+01	3.027205e+01
2.350000e-06	2.251880e-06	4.925614e-10	1.600434e+01	3.247572e+01
2.360000e-06	2.293108e-06	5.203264e-10	1.629736e+01	3.466732e+01
2.370000e-06	2.334055e-06	5.522515e-10	1.658837e+01	3.684425e+01
2.380000e-06	2.374712e-06	5.877377e-10	1.687732e+01	3.900397e+01
2.390000e-06	2.415080e-06	6.242233e-10	1.716422e+01	4.114402e+01
2.400000e-06	2.455327e-06	6.589587e-10	1.745026e+01	4.326201e+01
2.410000e-06	2.495480e-06	6.912642e-10	1.773564e+01	4.535567e+01
2.420000e-06	2.535549e-06	7.218446e-10	1.802040e+01	4.742279e+01
2.430000e-06	2.575530e-06	7.528230e-10	1.830456e+01	4.946130e+01
2.440000e-06	2.615390e-06	7.828161e-10	1.858785e+01	5.146926e+01
2.450000e-06	2.655110e-06	8.116447e-10	1.887014e+01	5.344481e+01
2.460000e-06	2.694675e-06	8.429372e-10	1.915133e+01	5.538626e+01
2.470000e-06	2.734104e-06	8.767996e-10	1.943156e+01	5.729202e+01
2.480000e-06	2.773445e-06	9.072343e-10	1.971116e+01	5.916066e+01
2.490000e-06	2.812607e-06	9.324476e-10	1.998949e+01	6.099087e+01
2.500000e-06	2.851593e-06	9.560560e-10	2.026656e+01	6.278148e+01
2.510000e-06	2.890396e-06	9.827943e-10	2.054234e+01	6.453148e+01
2.520000e-06	2.928872e-06	1.011374e-09	2.081579e+01	6.623996e+01
2.530000e-06	2.967090e-06	1.039863e-09	2.108742e+01	6.790619e+01
2.540000e-06	3.005168e-06	1.067250e-09	2.135804e+01	6.952953e+01
2.550000e-06	3.043060e-06	1.091638e-09	2.162734e+01	7.110951e+01
2.560000e-06	3.080681e-06	1.111670e-09	2.189471e+01	7.264575e+01
2.570000e-06	3.118095e-06	1.130262e-09	2.216062e+01	7.413803e+01
2.580000e-06	3.155360e-06	1.147682e-09	2.242547e+01	7.558621e+01
2.590000e-06	3.192435e-06	1.167259e-09	2.268897e+01	7.699029e+01
2.600000e-06	3.229256e-06	1.191374e-09	2.295065e+01	7.835036e+01
2.610000e-06	3.265761e-06	1.217594e-09	2.321010e+01	7.966660e+01
2.620000e-06	3.302098e-06	1.243345e-09	2.346835e+01	8.093932e+01
2.630000e-06	3.338338e-06	1.265083e-09	2.372591e+01	8.216887e+01
2.640000e-06	3.374373e-06	1.281559e-09	2.398201e+01	8.335570e+01
2.650000e-06	3.410205e-06	1.290811e-09	2.423668e+01	8.450033e+01
2.660000e-06	3.445927e-06	1.299214e-09	2.449056e+01	8.560334e+01
2.670000e-06	3.481474e-06	1.307428e-09	2.474319e+01	8.666538e+01
2.680000e-06	3.516796e-06	1.319326e-09	2.499423e+01	8.768713e+01
2.690000e-06	3.551967e-06	1.338946e-09	2.524419e+01	8.866933e+01
2.700000e-06	3.586776e-06	1.362923e-09	2.549158e+01	8.961275e+01
2.710000e-06	3.621138e-06	1.385781e-09	2.573580e+01	9.051820e+01
2.720000e-06	3.655002e-06	1.401852e-09	2.597647e+01	9.138650e+01
2.730000e-06	3.688426e-06	1.409949e-09	2.621402e+01	9.221851e+01
2.740000e-06	3.721501e-06	1.413503e-09	2.644909e+01	9.301510e+01
2.750000e-06	3.754149e-06	1.415427e-09	2.668113e+01	9.377714e+01
2.760000e-06	3.786519e-06	1.421650e-09	2.691118e+01	9.450553e+01
2.770000e-06	3.818630e-06	1.431786e-09	2.713939e+01	9.520115e+01
2.780000e-06	3.850536e-06	1.447451e-09	2.736615e+01	9.586491e+01
2.790000e-06	3.882322e-06	1.468849e-09	2.759206e+01	9.649771e+01
2.800000e-06	3.913983e-06	1.486448e-09	2.781708e+01	9.710042e+01
2.810000e-06	3.945433e-06	1.492339e-09	2.804060e+01	9.767395e+01
2.820000e-06	3.976585e-06	1.489790e-09	2.826200e+01	9.821918e+01
2.830000e-06	4.007421e-06	1.489304e-09	2.848115e+01	9.873699e+01
2.840000e-06	4.037936e-06	1.493733e-09	2.869803e+01	9.922824e+01
2.850000e-06	4.068152e-06	1.502086e-09	2.891277e+01	9.969381e+01
2.860000e-06	4.098186e-06	1.512047e-09	2.912623e+01	1.001346e+02
2.870000e-06	4.127981e-06	1.524987e-09	2.933799e+01	1.005513e+02
2.880000e-06	4.157475e-06	1.540000e-09	2.954760e+01	1.009450e+02
2.890000e-06	4.186703e-06	1.548961e-09	2.975533e+01	1.013163e+02
2.900000e-06	4.215620e-06	1.548750e-09	2.996085e+01	1.016662e+02
2.910000e-06	4.244237e-06	1.547102e-09	3.016423e+01	1.019954e+02
2.920000e-06	4.272552e-06	1.548685e-09	3.036547e+01	1.023049e+02
2.930000e-06	4.300638e-06	1.552483e-09	3.056508e+01	1.025953e+02
2.940000e-06	4.328575e-06	1.554530e-09	3.076363e+01	1.028676e+02
2.950000e-06	4.356374e-06	1.558992e-09	3.096120e+01	1.031225e+02
2.960000e-06	4.383868e-06	1.568736e-09	3.115660e+01	1.033608e+02
2.970000e-06	4.411008e-06	1.578940e-09	3.134949e+01	1.035833e+02
2.980000e-06	4.437844e-06	1.581983e-09	3.154021e+01	1.037909e+02
2.990000e-06	4.464238e-06	1.579797e-09	3.172780e+01	1.039843e+02
3.000000e-06	4.490069e-06	1.578570e-09	3.191138e+01	1.041643e+02
3.010000e-06	4.515353e-06	1.580678e-09	3.209108e+01	1.043316e+02
3.020000e-06	4.540127e-06	1.584227e-09	3.226715e+01	1.044871e+02
3.030000e-06	4.564430e-06	1.587192e-09	3.243987e+01	1.046314e+02
3.040000e-06	4.588520e-06	1.591457e-09	3.261109e+01	1.047654e+02
3.050000e-06	4.612434e-06	1.597088e-09	3.278105e+01	1.048896e+02
3.060000e-06	4.636066e-06	1.597974e-09	3.294900e+01	1.050049e+02
3.070000e-06	4.659423e-06	1.592827e-09	3.311500e+01	1.051118e+02
3.080000e-06	4.682507e-06	1.590425e-09	3.327906e+01	1.052111e+02
3.090000e-06	4.705271e-06	1.593729e-09	3.344085e+01	1.053034e+02
3.100000e-06	4.727656e-06	1.596958e-09	3.359994e+01	1.053892e+02
3.110000e-06	4.749701e-06	1.596756e-09	3.375661e+01	1.054691e+02
3.120000e-06	4.771432e-06	1.595891e-09	3.391106e+01	1.055437e+02
3.130000e-06	4.792855e-06	1.596822e-09	3.406332e+01	1.056135e+02
3.140000e-06	4.813992e-06	1.597942e-09	3.421354e+01	1.056788e+02
3.150000e-06	4.834804e-06	1.597032e-09	3.436145e+01	1.057400e+02
3.160000e-06	4.855256e-06	1.597211e-09	3.450680e+01	1.057977e+02
3.170000e-06	4.875431e-06	1.601325e-09	3.465019e+01	1.058519e+02
3.180000e-06	4.895419e-06	1.606398e-09	3.479225e+01	1.059031e+02
3.190000e-06	4.915212e-06	1.606583e-09	3.493292e+01	1.059514e+02
3.200000e-06	4.934774e-06	1.603549e-09	3.507195e+01	1.059970e+02
3.210000e-06	4.954083e-06	1.602472e-09	3.520917e+01	1.060400e+02
3.220000e-06	4.972934e-06	1.602336e-09	3.534316e+01	1.060804e+02
3.230000e-06	4.991241e-06	1.598855e-09	3.547326e+01	1.061183e+02
3.240000e-06	5.009157e-06	1.594364e-09	3.560059e+01	1.061537e+02
3.250000e-06	5.026758e-06	1.595809e-09	3.572569e+01	1.061864e+02
3.260000e-06	5.043973e-06	1.602821e-09	3.584803e+01	1.062163e+02
3.270000e-06	5.060946e-06	1.606624e-09	3.596866e+01	1.062432e+02
3.280000e-06	5.077719e-06	1.606587e-09	3.608787e+01	1.062670e+02
3.290000e-06	5.094046e-06	1.606270e-09	3.620391e+01	1.062874e+02
3.300000e-06	5.109787e-06	1.604547e-09	3.631578e+01	1.063041e+02
3.310000e-06	5.124960e-06	1.598873e-09	3.642362e+01	1.063169e+02
3.320000e-06	5.139743e-06	1.592576e-09	3.652868e+01	1.063253e+02
3.330000e-06	5.154246e-06	1.590277e-09	3.663176e+01	1.063291e+02
3.340000e-06	5.168366e-06	1.594449e-09	3.673211e+01	1.063279e+02
3.350000e-06	5.182155e-06	1.599245e-09	3.683011e+01	1.063214e+02
3.360000e-06	5.195603e-06	1.599039e-09	3.692568e+01	1.063093e+02
3.370000e-06	5.208525e-06	1.594509e-09	3.701752e+01	1.062911e+02
3.380000e-06	5.221069e-06	1.589708e-09	3.710668e+01	1.062666e+02
3.390000e-06	5.233342e-06	1.588195e-09	3.719390e+01	1.062354e+02
3.400000e-06	5.245243e-06	1.587573e-09	3.727848e+01	1.061974e+02
3.410000e-06	5.256759e-06	1.588036e-09	3.736033e+01	1.061521e+02
3.420000e-06	5.267835e-06	1.587241e-09	3.743904e+01	1.060995e+02
3.430000e-06	5.278202e-06	1.585328e-09	3.751272e+01	1.060394e+02
3.440000e-06	5.287903e-06	1.584300e-09	3.758167e+01	1.059716e+02
3.450000e-06	5.297131e-06	1.582954e-09	3.764725e+01	1.058961e+02
3.460000e-06	5.305864e-06	1.582643e-09	3.770932e+01	1.058129e+02
3.470000e-06	5.314187e-06	1.583927e-09	3.776848e+01	1.057220e+02
3.480000e-06	5.322218e-06	1.584718e-09	3.782555e+01	1.056236e+02
3.490000e-06	5.329985e-06	1.585284e-09	3.788075e+01	1.055178e+02
3.500000e-06	5.337513e-06	1.586788e-09	3.793425e+01	1.054050e+02
3.510000e-06	5.344799e-06	1.586973e-09	3.798604e+01	1.052853e+02
3.520000e-06	5.351740e-06	1.584776e-09	3.803537e+01	1.051592e+02
3.530000e-06	5.358213e-06	1.580572e-09	3.808137e+01	1.050271e+02
3.540000e-06	5.364313e-06	1.576708e-09	3.812472e+01	1.048896e+02
3.550000e-06	5.370110e-06	1.574628e-09	3.816593e+01	1.047472e+02
3.560000e-06	5.375532e-06	1.573353e-09	3.820446e+01	1.046006e+02
3.570000e-06	5.380470e-06	1.573258e-09	3.823956e+01	1.044504e+02
3.580000e-06	5.384988e-06	1.573715e-09	3.827166e+01	1.042974e+02
3.590000e-06	5.389286e-06	1.573866e-09	3.830221e+01	1.041424e+02
3.600000e-06	5.393363e-06	1.572847e-09	3.833118e+01	1.039861e+02
3.610000e-06	5.397223e-06	1.569507e-09	3.835862e+01	1.038295e+02
3.620000e-06	5.400732e-06	1.565706e-09	3.838355e+01	1.036734e+02
3.630000e-06	5.403831e-06	1.564180e-09	3.840558e+01	1.035187e+02
3.640000e-06	5.406466e-06	1.564083e-09	3.842431e+01	1.033663e+02
3.650000e-06	5.408501e-06	1.564509e-09	3.843877e+01	1.032171e+02
3.660000e-06	5.409896e-06	1.566810e-09	3.844869e+01	1.030720e+02
3.670000e-06	5.410797e-06	1.572692e-09	3.845509e+01	1.029319e+02
3.680000e-06	5.411308e-06	1.576531e-09	3.845872e+01	1.027977e+02
3.690000e-06	5.411488e-06	1.574305e-09	3.846000e+01	1.026701e+02
3.700000e-06	5.411440e-06	1.568133e-09	3.845966e+01	1.025500e+02
3.710000e-06	5.411076e-06	1.563109e-09	3.845707e+01	1.024380e+02
3.720000e-06	5.410393e-06	1.560825e-09	3.845222e+01	1.023348e+02
3.730000e-06	5.409318e-06	1.556862e-09	3.844458e+01	1.022411e+02
3.740000e-06	5.407895e-06	1.548840e-09	3.843446e+01	1.021574e+02
3.750000e-06	5.406177e-06	1.542109e-09	3.842226e+01	1.020841e+02
3.760000e-06	5.404159e-06	1.534437e-09	3.840791e+01	1.020215e+02
3.770000e-06	5.401794e-06	1.518206e-09	3.839110e+01	1.019700e+02
3.780000e-06	5.398999e-06	1.499807e-09	3.837124e+01	1.019298e+02
3.790000e-06	5.395685e-06	1.523375e-09	3.834769e+01	1.019009e+02
3.800000e-06	5.391879e-06	1.583128e-09	3.832064e+01	1.018833e+02
3.810000e-06	5.387843e-06	1.543926e-09	3.829195e+01	1.018769e+02
3.820000e-06	5.383732e-06	1.474314e-09	3.826274e+01	1.018815e+02
3.830000e-06	5.379462e-06	1.461443e-09	3.823239e+01	1.018968e+02
3.840000e-06	5.374655e-06	1.530300e-09	3.819823e+01	1.019223e+02
3.850000e-06	5.369061e-06	1.515970e-09	3.815847e+01	1.019576e+02
3.860000e-06	5.363050e-06	1.433696e-09	3.811575e+01	1.020020e+02
3.870000e-06	5.356938e-06	1.463426e-09	3.807231e+01	1.020549e+02
3.880000e-06	5.350234e-06	1.561216e-09	3.802466e+01	1.021154e+02
3.890000e-06	5.342759e-06	1.568349e-09	3.797154e+01	1.021827e+02
3.900000e-06	5.335000e-06	1.449021e-09	3.791639e+01	1.022558e+02
3.910000e-06	5.327084e-06	1.482549e-09	3.786013e+01	1.023339e+02
3.920000e-06	5.318700e-06	1.537415e-09	3.780055e+01	1.024158e+02
3.930000e-06	5.309841e-06	1.475873e-09	3.773758e+01	1.025004e+02
3.940000e-06	5.300818e-06	1.379623e-09	3.767346e+01	1.025866e+02
3.950000e-06	5.291514e-06	1.504622e-09	3.760734e+01	1.026733e+02
3.960000e-06	5.281650e-06	1.609872e-09	3.753723e+01	1.027593e+02
3.970000e-06	5.271428e-06	1.528876e-09	3.746458e+01	1.028434e+02
3.980000e-06	5.261016e-06	1.478345e-09	3.739058e+01	1.029244e+02
3.990000e-06	5.250177e-06	1.627743e-09	3.731354e+01	1.030011e+02
4.000000e-06	5.238859e-06	1.668072e-09	3.723311e+01	1.030725e+02
4.010000e-06	5.227288e-06	1.548985e-09	3.715087e+01	1.031373e+02
4.020000e-06	5.215353e-06	1.579209e-09	3.706605e+01	1.031947e+02
4.030000e-06	5.202828e-06	1.700685e-09	3.697703e+01	1.032434e+02
4.040000e-06	5.189907e-06	1.650041e-09	3.688520e+01	1.032827e+02
4.050000e-06	5.176642e-06	1.506567e-09	3.679093e+01	1.033115e+02
4.060000e-06	5.162581e-06	1.579449e-09	3.669100e+01	1.033292e+02
4.070000e-06	5.147733e-06	1.655960e-09	3.658547e+01	1.033350e+02
4.080000e-06	5.132598e-06	1.608496e-09	3.647790e+01	1.033283e+02
4.090000e-06	5.117114e-06	1.557579e-09	3.636786e+01	1.033085e+02
4.100000e-06	5.101200e-06	1.614386e-09	3.625475e+01	1.032751e+02
4.110000e-06	5.085047e-06	1.611096e-09	3.613995e+01	1.032280e+02
4.120000e-06	5.068672e-06	1.586065e-09	3.602358e+01	1.031668e+02
4.130000e-06	5.051960e-06	1.576269e-09	3.590480e+01	1.030914e+02
4.140000e-06	5.034862e-06	1.556475e-09	3.578328e+01	1.030018e+02
4.150000e-06	5.017400e-06	1.528070e-09	3.565918e+01	1.028981e+02
4.160000e-06	4.999612e-06	1.588335e-09	3.553275e+01	1.027805e+02
4.170000e-06	4.981516e-06	1.608957e-09	3.540414e+01	1.026492e+02
4.180000e-06	4.963105e-06	1.570899e-09	3.527330e+01	1.025046e+02
4.190000e-06	4.944302e-06	1.555396e-09	3.513967e+01	1.023471e+02
4.200000e-06	4.925045e-06	1.588359e-09	3.500280e+01	1.021774e+02
4.210000e-06	4.905462e-06	1.581357e-09	3.486362e+01	1.019961e+02
4.220000e-06	4.885667e-06	1.546612e-09	3.472294e+01	1.018037e+02
4.230000e-06	4.865735e-06	1.529701e-09	3.458128e+01	1.016012e+02
4.240000e-06	4.845610e-06	1.548303e-09	3.443825e+01	1.013892e+02
4.250000e-06	4.825223e-06	1.579375e-09	3.429335e+01	1.011687e+02
4.260000e-06	4.804419e-06	1.567641e-09	3.414550e+01	1.009405e+02
4.270000e-06	4.783086e-06	1.539700e-09	3.399388e+01	1.007055e+02
4.280000e-06	4.761214e-06	1.547902e-09	3.383844e+01	1.004646e+02
4.290000e-06	4.738756e-06	1.569245e-09	3.367883e+01	1.002189e+02
4.300000e-06	4.715856e-06	1.540089e-09	3.351607e+01	9.996906e+01
4.310000e-06	4.692551e-06	1.517871e-09	3.335044e+01	9.971617e+01
4.320000e-06	4.668916e-06	1.517792e-09	3.318247e+01	9.946107e+01
4.330000e-06	4.645058e-06	1.529413e-09	3.301291e+01	9.920461e+01
4.340000e-06	4.620913e-06	1.525304e-09	3.284130e+01	9.894760e+01
4.350000e-06	4.596521e-06	1.515393e-09	3.266795e+01	9.869082e+01
4.360000e-06	4.571764e-06	1.492581e-09	3.249200e+01	9.843497e+01
4.370000e-06	4.546680e-06	1.506522e-09	3.231372e+01	9.818072e+01
4.380000e-06	4.521320e-06	1.519420e-09	3.213349e+01	9.792864e+01
4.390000e-06	4.495636e-06	1.506562e-09	3.195095e+01	9.767924e+01
4.400000e-06	4.469702e-06	1.481142e-09	3.176663e+01	9.743298e+01
4.410000e-06	4.443502e-06	1.491741e-09	3.158042e+01	9.719020e+01
4.420000e-06	4.416977e-06	1.498656e-09	3.139191e+01	9.695119e+01
4.430000e-06	4.390123e-06	1.487880e-09	3.120105e+01	9.671614e+01
4.440000e-06	4.362919e-06	1.465167e-09	3.100771e+01	9.648519e+01
4.450000e-06	4.335383e-06	1.466071e-09	3.081201e+01	9.625835e+01
4.460000e-06	4.307611e-06	1.479518e-09	3.061464e+01	9.603558e+01
4.470000e-06	4.279709e-06	1.483373e-09	3.041633e+01	9.581678e+01
4.480000e-06	4.251670e-06	1.466961e-09	3.021706e+01	9.560174e+01
4.490000e-06	4.223377e-06	1.464504e-09	3.001598e+01	9.539019e+01
4.500000e-06	4.194865e-06	1.473227e-09	2.981334e+01	9.518182e+01
4.510000e-06	4.166015e-06	1.470515e-09	2.960830e+01	9.497624e+01
4.520000e-06	4.136659e-06	1.453196e-09	2.939966e+01	9.477300e+01
4.530000e-06	4.106825e-06	1.443352e-09	2.918763e+01	9.457163e+01
4.540000e-06	4.076500e-06	1.450781e-09	2.897210e+01	9.437160e+01
4.550000e-06	4.045634e-06	1.458408e-09	2.875273e+01	9.417235e+01
4.560000e-06	4.014287e-06	1.452865e-09	2.852995e+01	9.397331e+01
4.570000e-06	3.982672e-06	1.440236e-09	2.830526e+01	9.377388e+01
4.580000e-06	3.950927e-06	1.442116e-09	2.807964e+01	9.357347e+01
4.590000e-06	3.918990e-06	1.446865e-09	2.785266e+01	9.337146e+01
4.600000e-06	3.886826e-06	1.443354e-09	2.762407e+01	9.316727e+01
4.610000e-06	3.854505e-06	1.428279e-09	2.739436e+01	9.296033e+01
4.620000e-06	3.822034e-06	1.423876e-09	2.716359e+01	9.275006e+01
4.630000e-06	3.789171e-06	1.427198e-09	2.693003e+01	9.253596e+01
4.640000e-06	3.755979e-06	1.427194e-09	2.669413e+01	9.231753e+01
4.650000e-06	3.722596e-06	1.412399e-09	2.645687e+01	9.209431e+01
4.660000e-06	3.688918e-06	1.404111e-09	2.621752e+01	9.186593e+01
4.670000e-06	3.655061e-06	1.402665e-09	2.597689e+01	9.163201e+01
4.680000e-06	3.621027e-06	1.404494e-09	2.573501e+01	9.139228e+01
4.690000e-06	3.586710e-06	1.393972e-09	2.549112e+01	9.114649e+01
4.700000e-06	3.552142e-06	1.386999e-09	2.524544e+01	9.089447e+01
4.710000e-06	3.517281e-06	1.386685e-09	2.499768e+01	9.063611e+01
4.720000e-06	3.482127e-06	1.390088e-09	2.474783e+01	9.037136e+01
4.730000e-06	3.446778e-06	1.382917e-09	2.449660e+01	9.010023e+01
4.740000e-06	3.411195e-06	1.375019e-09	2.424371e+01	8.982280e+01
4.750000e-06	3.375424e-06	1.374377e-09	2.398948e+01	8.953920e+01
4.760000e-06	3.339540e-06	1.377171e-09	2.373445e+01	8.924962e+01
4.770000e-06	3.303556e-06	1.371377e-09	2.347871e+01	8.895430e+01
4.780000e-06	3.267465e-06	1.361008e-09	2.322221e+01	8.865354e+01
4.790000e-06	3.231204e-06	1.353343e-09	2.296450e+01	8.834767e+01
4.800000e-06	3.194737e-06	1.351337e-09	2.270532e+01	8.803708e+01
4.810000e-06	3.158031e-06	1.346503e-09	2.244445e+01	8.772217e+01
4.820000e-06	3.121042e-06	1.338906e-09	2.218157e+01	8.740339e+01
4.830000e-06	3.083604e-06	1.335058e-09	2.191549e+01	8.708119e+01
4.840000e-06	3.045760e-06	1.335305e-09	2.164653e+01	8.675605e+01
4.850000e-06	3.007568e-06	1.334709e-09	2.137510e+01	8.642846e+01
4.860000e-06	2.969057e-06	1.326655e-09	2.110139e+01	8.609888e+01
4.870000e-06	2.930221e-06	1.315546e-09	2.082538e+01	8.576781e+01
4.880000e-06	2.891006e-06	1.309695e-09	2.054667e+01	8.543570e+01
4.890000e-06	2.851554e-06	1.309476e-09	2.026629e+01	8.510299e+01
4.900000e-06	2.811962e-06	1.305894e-09	1.998490e+01	8.477010e+01
4.910000e-06	2.772164e-06	1.301715e-09	1.970205e+01	8.443741e+01
4.920000e-06	2.732192e-06	1.300328e-09	1.941797e+01	8.410527e+01
4.930000e-06	2.692176e-06	1.302616e-09	1.913357e+01	8.377396e+01
4.940000e-06	2.652073e-06	1.298993e-09	1.884856e+01	8.344375e+01
4.950000e-06	2.611801e-06	1.291629e-09	1.856234e+01	8.311483e+01
4.960000e-06	2.571381e-06	1.282223e-09	1.827507e+01	8.278733e+01
4.970000e-06	2.530885e-06	1.279193e-09	1.798726e+01	8.246135e+01
4.980000e-06	2.490202e-06	1.276185e-09	1.769812e+01	8.213689e+01
4.990000e-06	2.449300e-06	1.271319e-09	1.740743e+01	8.181391e+01
5.000000e-06	2.408208e-06	1.266105e-09	1.711538e+01	8.149232e+01
5.010000e-06	2.366905e-06	1.262735e-09	1.682184e+01	8.117192e+01
5.020000e-06	2.325407e-06	1.256188e-09	1.652691e+01	8.085250e+01
5.030000e-06	2.283792e-06	1.249839e-09	1.623114e+01	8.053376e+01
5.040000e-06	2.242013e-06	1.243112e-09	1.593422e+01	8.021534e+01
5.050000e-06	2.200117e-06	1.237219e-09	1.563646e+01	7.989683e+01
5.060000e-06	2.158132e-06	1.232748e-09	1.533806e+01	7.957778e+01
5.070000e-06	2.115855e-06	1.228798e-09	1.503760e+01	7.925768e+01
5.080000e-06	2.073334e-06	1.222723e-09	1.473540e+01	7.893596e+01
5.090000e-06	2.030759e-06	1.218050e-09	1.443281e+01	7.861205e+01
5.100000e-06	1.988136e-06	1.213174e-09	1.412989e+01	7.828531e+01
5.110000e-06	1.945433e-06	1.206950e-09	1.382639e+01	7.795510e+01
5.120000e-06	1.902560e-06	1.203629e-09	1.352169e+01	7.762074e+01
5.130000e-06	1.859442e-06	1.201743e-09	1.321525e+01	7.728155e+01
5.140000e-06	1.816217e-06	1.199324e-09	1.290804e+01	7.693683e+01
5.150000e-06	1.772856e-06	1.195437e-09	1.259987e+01	7.658588e+01
5.160000e-06	1.729299e-06	1.188440e-09	1.229031e+01	7.622801e+01
5.170000e-06	1.685632e-06	1.179653e-09	1.197996e+01	7.586253e+01
5.180000e-06	1.641919e-06	1.172706e-09	1.166929e+01	7.548876e+01
5.190000e-06	1.598149e-06	1.162853e-09	1.135821e+01	7.510606e+01
5.200000e-06	1.554314e-06	1.154342e-09	1.104667e+01	7.471381e+01
5.210000e-06	1.510403e-06	1.149557e-09	1.073459e+01	7.431139e+01
5.220000e-06	1.466436e-06	1.145079e-09	1.042211e+01	7.389826e+01
5.230000e-06	1.422447e-06	1.138985e-09	1.010948e+01	7.347387e+01
5.240000e-06	1.378356e-06	1.131288e-09	9.796119e+00	7.303774e+01
5.250000e-06	1.334144e-06	1.124376e-09	9.481901e+00	7.258942e+01
5.260000e-06	1.289900e-06	1.118300e-09	9.167454e+00	7.212850e+01
5.270000e-06	1.245692e-06	1.110154e-09	8.853262e+00	7.165462e+01
5.280000e-06	1.201457e-06	1.100973e-09	8.538877e+00	7.116745e+01
5.290000e-06	1.157211e-06	1.091040e-09	8.224415e+00	7.066670e+01
5.300000e-06	1.112937e-06	1.082847e-09	7.909758e+00	7.015214e+01
5.310000e-06	1.068524e-06	1.074599e-09	7.594109e+00	6.962355e+01
5.320000e-06	1.023987e-06	1.066455e-09	7.277581e+00	6.908076e+01
5.330000e-06	9.794012e-07	1.057739e-09	6.960705e+00	6.852363e+01
5.340000e-06	9.347699e-07	1.052149e-09	6.643506e+00	6.795204e+01
5.350000e-06	8.901212e-07	1.045968e-09	6.326183e+00	6.736589e+01
5.360000e-06	8.453888e-07	1.035862e-09	6.008265e+00	6.676510e+01
5.370000e-06	8.005813e-07	1.022648e-09	5.689814e+00	6.614961e+01
5.380000e-06	7.557658e-07	1.010757e-09	5.371305e+00	6.551933e+01
5.390000e-06	7.108273e-07	1.000153e-09	5.051923e+00	6.487421e+01
5.400000e-06	6.658188e-07	9.908064e-10	4.732043e+00	6.421417e+01
5.410000e-06	6.208166e-07	9.813143e-10	4.412207e+00	6.353911e+01
5.420000e-06	5.757850e-07	9.719524e-10	4.092163e+00	6.284894e+01
5.430000e-06	5.307089e-07	9.649410e-10	3.771803e+00	6.214351e+01
5.440000e-06	4.856002e-07	9.574656e-10	3.451210e+00	6.142265e+01
5.450000e-06	4.404353e-07	9.469243e-10	3.130219e+00	6.068616e+01
5.460000e-06	3.952048e-07	9.332451e-10	2.808761e+00	5.993378e+01
5.470000e-06	3.498471e-07	9.218626e-10	2.486399e+00	5.916523e+01
5.480000e-06	3.043909e-07	9.116180e-10	2.163337e+00	5.838015e+01
5.490000e-06	2.589817e-07	8.990205e-10	1.840609e+00	5.757814e+01
5.500000e-06	2.136057e-07	8.846796e-10	1.518117e+00	5.675875e+01
5.510000e-06	1.682036e-07	8.718752e-10	1.195440e+00	5.592145e+01
5.520000e-06	1.228349e-07	8.618014e-10	8.730000e-01	5.506566e+01
5.530000e-06	7.745057e-08	8.529851e-10	5.504491e-01	5.419075e+01
5.540000e-06	3.203629e-08	8.416746e-10	2.276852e-01	5.329602e+01
5.550000e-06	-1.328916e-08	8.267249e-10	-9.444745e-02	5.238069e+01
5.560000e-06	-5.861187e-08	8.105703e-10	-4.165606e-01	5.144397e+01
5.570000e-06	-1.040968e-07	7.944296e-10	-7.398270e-01	5.048499e+01
5.580000e-06	-1.496754e-07	7.754750e-10	-1.063758e+00	4.950283e+01
5.590000e-06	-1.952050e-07	7.553680e-10	-1.387342e+00	4.849652e+01
5.600000e-06	-2.406441e-07	7.377565e-10	-1.710283e+00	4.746509e+01
5.610000e-06	-2.859234e-07	7.264506e-10	-2.032087e+00	4.640750e+01
5.620000e-06	-3.311826e-07	7.165489e-10	-2.353749e+00	4.532270e+01
5.630000e-06	-3.764982e-07	7.008695e-10	-2.675812e+00	4.420963e+01
5.640000e-06	-4.217656e-07	6.800223e-10	-2.997531e+00	4.306723e+01
5.650000e-06	-4.669413e-07	6.593784e-10	-3.318600e+00	4.189443e+01
5.660000e-06	-5.119450e-07	6.387138e-10	-3.638446e+00	4.069018e+01
5.670000e-06	-5.569339e-07	6.189920e-10	-3.958187e+00	3.945347e+01
5.680000e-06	-6.019208e-07	5.988125e-10	-4.277913e+00	3.818329e+01
5.690000e-06	-6.468117e-07	5.766578e-10	-4.596957e+00	3.687871e+01
5.700000e-06	-6.916697e-07	5.545609e-10	-4.915768e+00	3.553884e+01
5.710000e-06	-7.364609e-07	5.346876e-10	-5.234103e+00	3.416286e+01
5.720000e-06	-7.811936e-07	5.171543e-10	-5.552024e+00	3.275003e+01
5.730000e-06	-8.258198e-07	4.994622e-10	-5.869186e+00	3.129969e+01
5.740000e-06	-8.704286e-07	4.817557e-10	-6.186226e+00	2.981131e+01
5.750000e-06	-9.150422e-07	4.613491e-10	-6.503299e+00	2.828442e+01
5.760000e-06	-9.595818e-07	4.369005e-10	-6.819847e+00	2.671870e+01
5.770000e-06	-1.004102e-06	4.081996e-10	-7.136256e+00	2.511395e+01
5.780000e-06	-1.048564e-06	3.780964e-10	-7.452251e+00	2.347009e+01
5.790000e-06	-1.092871e-06	3.459504e-10	-7.767147e+00	2.178721e+01
5.800000e-06	-1.137055e-06	3.157836e-10	-8.081170e+00	2.006550e+01
5.810000e-06	-1.181209e-06	2.924787e-10	-8.394972e+00	1.830535e+01
5.820000e-06	-1.225340e-06	2.747969e-10	-8.708621e+00	1.650726e+01
5.830000e-06	-1.269401e-06	2.542187e-10	-9.021765e+00	1.467192e+01
5.840000e-06	-1.313413e-06	2.266025e-10	-9.334563e+00	1.280016e+01
5.850000e-06	-1.357446e-06	1.947314e-10	-9.647509e+00	1.089297e+01
5.860000e-06	-1.401440e-06	1.619038e-10	-9.960179e+00	8.951500e+00
5.870000e-06	-1.445372e-06	1.298471e-10	-1.027241e+01	6.977065e+00
5.880000e-06	-1.489252e-06	9.755660e-11	-1.058427e+01	4.971123e+00
5.890000e-06	-1.533116e-06	6.640543e-11	-1.089601e+01	2.935281e+00
5.900000e-06	-1.576944e-06	4.002681e-11	-1.120751e+01	8.712937e-01
5.910000e-06	-1.620678e-06	1.489420e-11	-1.151832e+01	-1.218951e+00
5.920000e-06	-1.664259e-06	-1.289864e-11	-1.182806e+01	-3.333435e+00
5.930000e-06	-1.707718e-06	-4.315508e-11	-1.213693e+01	-5.470018e+00
5.940000e-06	-1.751102e-06	-7.706221e-11	-1.244526e+01	-7.626450e+00
5.950000e-06	-1.794313e-06	-1.154578e-10	-1.275237e+01	-9.800377e+00
5.960000e-06	-1.837357e-06	-1.556067e-10	-1.305828e+01	-1.198936e+01
5.970000e-06	-1.880353e-06	-1.910396e-10	-1.336386e+01	-1.419087e+01
5.980000e-06	-1.923194e-06	-2.231186e-10	-1.366834e+01	-1.640232e+01
5.990000e-06	-1.965816e-06	-2.551900e-10	-1.397126e+01	-1.862108e+01
6.000000e-06	-2.008348e-06	-2.881187e-10	-1.427354e+01	-2.084444e+01
6.010000e-06	-2.050788e-06	-3.218660e-10	-1.457516e+01	-2.306971e+01
6.020000e-06	-2.093034e-06	-3.567935e-10	-1.487541e+01	-2.529415e+01
6.030000e-06	-2.135071e-06	-3.956871e-10	-1.517417e+01	-2.751504e+01
6.040000e-06	-2.177034e-06	-4.368384e-10	-1.547240e+01	-2.972965e+01
6.050000e-06	-2.218897e-06	-4.712326e-10	-1.576993e+01	-3.193528e+01
6.060000e-06	-2.260602e-06	-4.993278e-10	-1.606633e+01	-3.412928e+01
6.070000e-06	-2.302100e-06	-5.311442e-10	-1.636126e+01	-3.630905e+01
6.080000e-06	-2.343411e-06	-5.671895e-10	-1.665486e+01	-3.847202e+01
6.090000e-06	-2.384505e-06	-5.990384e-10	-1.694692e+01	-4.061572e+01
6.100000e-06	-2.425408e-06	-6.286670e-10	-1.723763e+01	-4.273776e+01
6.110000e-06	-2.466216e-06	-6.610731e-10	-1.752765e+01	-4.483584e+01
6.120000e-06	-2.506851e-06	-6.960099e-10	-1.781645e+01	-4.690774e+01
6.130000e-06	-2.547285e-06	-7.288224e-10	-1.810382e+01	-4.895137e+01
6.140000e-06	-2.587507e-06	-7.553478e-10	-1.838968e+01	-5.096476e+01
6.150000e-06	-2.627580e-06	-7.820804e-10	-1.867448e+01	-5.294604e+01
6.160000e-06	-2.667579e-06	-8.150940e-10	-1.895875e+01	-5.489349e+01
6.170000e-06	-2.707557e-06	-8.474732e-10	-1.924289e+01	-5.680552e+01
6.180000e-06	-2.747486e-06	-8.746543e-10	-1.952667e+01	-5.868064e+01
6.190000e-06	-2.787312e-06	-9.001177e-10	-1.980972e+01	-6.051755e+01
6.200000e-06	-2.826967e-06	-9.262155e-10	-2.009155e+01	-6.231505e+01
6.210000e-06	-2.866437e-06	-9.528075e-10	-2.037206e+01	-6.407209e+01
6.220000e-06	-2.905673e-06	-9.775946e-10	-2.065091e+01	-6.578776e+01
6.230000e-06	-2.944529e-06	-9.992499e-10	-2.092707e+01	-6.746128e+01
6.240000e-06	-2.983041e-06	-1.022935e-09	-2.120078e+01	-6.909202e+01
6.250000e-06	-3.021191e-06	-1.050532e-09	-2.147192e+01	-7.067946e+01
6.260000e-06	-3.059007e-06	-1.078198e-09	-2.174067e+01	-7.222322e+01
6.270000e-06	-3.096426e-06	-1.101452e-09	-2.200662e+01	-7.372305e+01
6.280000e-06	-3.133405e-06	-1.120008e-09	-2.226943e+01	-7.517879e+01
6.290000e-06	-3.170141e-06	-1.137769e-09	-2.253052e+01	-7.659043e+01
6.300000e-06	-3.206686e-06	-1.153350e-09	-2.279025e+01	-7.795803e+01
6.310000e-06	-3.243031e-06	-1.168163e-09	-2.304856e+01	-7.928177e+01
6.320000e-06	-3.279200e-06	-1.184624e-09	-2.330561e+01	-8.056192e+01
6.330000e-06	-3.315218e-06	-1.205785e-09	-2.356160e+01	-8.179885e+01
6.340000e-06	-3.351081e-06	-1.230727e-09	-2.381648e+01	-8.299297e+01
6.350000e-06	-3.386818e-06	-1.254161e-09	-2.407046e+01	-8.414480e+01
6.360000e-06	-3.422351e-06	-1.270166e-09	-2.432300e+01	-8.525492e+01
6.370000e-06	-3.457666e-06	-1.279269e-09	-2.457399e+01	-8.632395e+01
6.380000e-06	-3.492693e-06	-1.287125e-09	-2.482293e+01	-8.735258e+01
6.390000e-06	-3.527476e-06	-1.295308e-09	-2.507013e+01	-8.834153e+01
6.400000e-06	-3.562089e-06	-1.307769e-09	-2.531613e+01	-8.929157e+01
6.410000e-06	-3.596427e-06	-1.325642e-09	-2.556017e+01	-9.020349e+01
6.420000e-06	-3.630500e-06	-1.345397e-09	-2.580234e+01	-9.107814e+01
6.430000e-06	-3.664365e-06	-1.364878e-09	-2.604302e+01	-9.191635e+01
6.440000e-06	-3.698015e-06	-1.378914e-09	-2.628217e+01	-9.271898e+01
6.450000e-06	-3.731372e-06	-1.387409e-09	-2.651924e+01	-9.348693e+01
6.460000e-06	-3.764433e-06	-1.394647e-09	-2.675421e+01	-9.422107e+01
6.470000e-06	-3.797179e-06	-1.403060e-09	-2.698694e+01	-9.492230e+01
6.480000e-06	-3.829637e-06	-1.415168e-09	-2.721763e+01	-9.559152e+01
6.490000e-06	-3.861877e-06	-1.429289e-09	-2.744676e+01	-9.622962e+01
6.500000e-06	-3.893987e-06	-1.443259e-09	-2.767496e+01	-9.683750e+01
6.510000e-06	-3.925951e-06	-1.456292e-09	-2.790214e+01	-9.741604e+01
6.520000e-06	-3.957651e-06	-1.468065e-09	-2.812743e+01	-9.796613e+01
6.530000e-06	-3.989023e-06	-1.476087e-09	-2.835039e+01	-9.848866e+01
6.540000e-06	-4.020087e-06	-1.480302e-09	-2.857117e+01	-9.898449e+01
6.550000e-06	-4.050780e-06	-1.485228e-09	-2.878931e+01	-9.945449e+01
6.560000e-06	-4.081002e-06	-1.492888e-09	-2.900410e+01	-9.989952e+01
6.570000e-06	-4.110685e-06	-1.501907e-09	-2.921506e+01	-1.003204e+02
6.580000e-06	-4.139882e-06	-1.509558e-09	-2.942257e+01	-1.007181e+02
6.590000e-06	-4.168771e-06	-1.514747e-09	-2.962788e+01	-1.010933e+02
6.600000e-06	-4.197316e-06	-1.520183e-09	-2.983076e+01	-1.014469e+02
6.610000e-06	-4.225641e-06	-1.526652e-09	-3.003206e+01	-1.017797e+02
6.620000e-06	-4.253817e-06	-1.531171e-09	-3.023231e+01	-1.020926e+02
6.630000e-06	-4.281692e-06	-1.533628e-09	-3.043043e+01	-1.023864e+02
6.640000e-06	-4.309305e-06	-1.538375e-09	-3.062667e+01	-1.026618e+02
6.650000e-06	-4.336754e-06	-1.543231e-09	-3.082176e+01	-1.029198e+02
6.660000e-06	-4.363927e-06	-1.545921e-09	-3.101488e+01	-1.031610e+02
6.670000e-06	-4.390717e-06	-1.548585e-09	-3.120528e+01	-1.033863e+02
6.680000e-06	-4.417138e-06	-1.552747e-09	-3.139306e+01	-1.035966e+02
6.690000e-06	-4.443270e-06	-1.557846e-09	-3.157878e+01	-1.037925e+02
6.700000e-06	-4.469107e-06	-1.561102e-09	-3.176241e+01	-1.039748e+02
6.710000e-06	-4.494509e-06	-1.562755e-09	-3.194294e+01	-1.041444e+02
6.720000e-06	-4.519580e-06	-1.565878e-09	-3.212112e+01	-1.043020e+02
6.730000e-06	-4.544423e-06	-1.570504e-09	-3.229768e+01	-1.044484e+02
6.740000e-06	-4.569047e-06	-1.574225e-09	-3.247268e+01	-1.045842e+02
6.750000e-06	-4.593447e-06	-1.576459e-09	-3.264610e+01	-1.047102e+02
6.760000e-06	-4.617570e-06	-1.578932e-09	-3.281754e+01	-1.048272e+02
6.770000e-06	-4.641477e-06	-1.582245e-09	-3.298746e+01	-1.049357e+02
6.780000e-06	-4.665124e-06	-1.585090e-09	-3.315551e+01	-1.050364e+02
6.790000e-06	-4.688378e-06	-1.587428e-09	-3.332079e+01	-1.051300e+02
6.800000e-06	-4.711340e-06	-1.588794e-09	-3.348398e+01	-1.052171e+02
6.810000e-06	-4.733966e-06	-1.588367e-09	-3.364478e+01	-1.052982e+02
6.820000e-06	-4.756008e-06	-1.587893e-09	-3.380144e+01	-1.053738e+02
6.830000e-06	-4.777467e-06	-1.588401e-09	-3.395395e+01	-1.054445e+02
6.840000e-06	-4.798359e-06	-1.588879e-09	-3.410243e+01	-1.055107e+02
6.850000e-06	-4.818840e-06	-1.589115e-09	-3.424799e+01	-1.055729e+02
6.860000e-06	-4.839123e-06	-1.591458e-09	-3.439215e+01	-1.056313e+02
6.870000e-06	-4.859150e-06	-1.595621e-09	-3.453448e+01	-1.056863e+02
6.880000e-06	-4.878961e-06	-1.596902e-09	-3.467528e+01	-1.057382e+02
6.890000e-06	-4.898539e-06	-1.596351e-09	-3.481442e+01	-1.057872e+02
6.900000e-06	-4.917715e-06	-1.597207e-09	-3.495071e+01	-1.058334e+02
6.910000e-06	-4.936480e-06	-1.599691e-09	-3.508407e+01	-1.058771e+02
6.920000e-06	-4.954926e-06	-1.602259e-09	-3.521517e+01	-1.059181e+02
6.930000e-06	-4.973129e-06	-1.601574e-09	-3.534454e+01	-1.059567e+02
6.940000e-06	-4.991086e-06	-1.601144e-09	-3.547216e+01	-1.059926e+02
6.950000e-06	-5.008689e-06	-1.604957e-09	-3.559727e+01	-1.060260e+02
6.960000e-06	-5.025909e-06	-1.608922e-09	-3.571965e+01	-1.060566e+02
6.970000e-06	-5.042719e-06	-1.608561e-09	-3.583912e+01	-1.060842e+02
6.980000e-06	-5.059163e-06	-1.606508e-09	-3.595599e+01	-1.061088e+02
6.990000e-06	-5.075431e-06	-1.607448e-09	-3.607161e+01	-1.061300e+02
7.000000e-06	-5.091527e-06	-1.609479e-09	-3.618600e+01	-1.061475e+02
7.010000e-06	-5.107362e-06	-1.608128e-09	-3.629855e+01	-1.061612e+02
7.020000e-06	-5.122858e-06	-1.605024e-09	-3.640868e+01	-1.061705e+02
7.030000e-06	-5.137679e-06	-1.605926e-09	-3.651401e+01	-1.061754e+02
7.040000e-06	-5.151864e-06	-1.609702e-09	-3.661483e+01	-1.061753e+02
7.050000e-06	-5.165420e-06	-1.610619e-09	-3.671117e+01	-1.061699e+02
7.060000e-06	-5.178412e-06	-1.606969e-09	-3.680350e+01	-1.061589e+02
7.070000e-06	-5.191068e-06	-1.604770e-09	-3.689345e+01	-1.061420e+02
7.080000e-06	-5.203345e-06	-1.605758e-09	-3.698071e+01	-1.061187e+02
7.090000e-06	-5.215344e-06	-1.607692e-09	-3.706598e+01	-1.060889e+02
7.100000e-06	-5.226948e-06	-1.607679e-09	-3.714846e+01	-1.060522e+02
7.110000e-06	-5.238050e-06	-1.605495e-09	-3.722736e+01	-1.060084e+02
7.120000e-06	-5.248774e-06	-1.605961e-09	-3.730357e+01	-1.059572e+02
7.130000e-06	-5.259200e-06	-1.606505e-09	-3.737768e+01	-1.058986e+02
7.140000e-06	-5.269230e-06	-1.604312e-09	-3.744896e+01	-1.058323e+02
7.150000e-06	-5.278876e-06	-1.600748e-09	-3.751752e+01	-1.057583e+02
7.160000e-06	-5.288209e-06	-1.597355e-09	-3.758384e+01	-1.056766e+02
7.170000e-06	-5.297185e-06	-1.594218e-09	-3.764764e+01	-1.055872e+02
7.180000e-06	-5.305790e-06	-1.592844e-09	-3.770880e+01	-1.054902e+02
7.190000e-06	-5.314072e-06	-1.592592e-09	-3.776765e+01	-1.053859e+02
7.200000e-06	-5.322121e-06	-1.592910e-09	-3.782486e+01	-1.052744e+02
7.210000e-06	-5.329992e-06	-1.595545e-09	-3.788080e+01	-1.051560e+02
7.220000e-06	-5.337559e-06	-1.596778e-09	-3.793458e+01	-1.050312e+02
7.230000e-06	-5.344651e-06	-1.593300e-09	-3.798498e+01	-1.049003e+02
7.240000e-06	-5.351194e-06	-1.587375e-09	-3.803149e+01	-1.047638e+02
7.250000e-06	-5.357154e-06	-1.584772e-09	-3.807385e+01	-1.046224e+02
7.260000e-06	-5.362508e-06	-1.583574e-09	-3.811189e+01	-1.044767e+02
7.270000e-06	-5.367352e-06	-1.582641e-09	-3.814633e+01	-1.043272e+02
7.280000e-06	-5.371890e-06	-1.582226e-09	-3.817857e+01	-1.041748e+02
7.290000e-06	-5.376182e-06	-1.580185e-09	-3.820908e+01	-1.040203e+02
7.300000e-06	-5.380208e-06	-1.576603e-09	-3.823769e+01	-1.038644e+02
7.310000e-06	-5.383919e-06	-1.573262e-09	-3.826407e+01	-1.037080e+02
7.320000e-06	-5.387217e-06	-1.570539e-09	-3.828750e+01	-1.035519e+02
7.330000e-06	-5.390120e-06	-1.568047e-09	-3.830814e+01	-1.033971e+02
7.340000e-06	-5.392660e-06	-1.567823e-09	-3.832619e+01	-1.032445e+02
7.350000e-06	-5.394942e-06	-1.570552e-09	-3.834241e+01	-1.030949e+02
7.360000e-06	-5.397011e-06	-1.571545e-09	-3.835711e+01	-1.029493e+02
7.370000e-06	-5.398609e-06	-1.566150e-09	-3.836847e+01	-1.028086e+02
7.380000e-06	-5.399762e-06	-1.559256e-09	-3.837666e+01	-1.026735e+02
7.390000e-06	-5.400538e-06	-1.555369e-09	-3.838218e+01	-1.025450e+02
7.400000e-06	-5.401005e-06	-1.554846e-09	-3.838550e+01	-1.024237e+02
