# Temperatura_=_-1.5
# Concentracion g/m^3_=_4090.0
# C_Vs_to_Am_M_A/Vsm_=_65563218390.804596
# pendiente_HvsI_1/m_=_3716.3
# ordenada_HvsI_A/m_=_1297.0
# frecuencia_Hz_=_135071.20413615162

Tiempo_(s)	Campo_(V.s)	Magnetizacion_(V.s)	Campo_(kA/m)	Magnetizacion_(A/m)
0.000000e+00	-5.408452e-06	-2.097829e-09	-3.838866e+01	-1.397117e+02
1.000000e-08	-5.408675e-06	-2.090365e-09	-3.839024e+01	-1.395936e+02
2.000000e-08	-5.408624e-06	-2.086069e-09	-3.838988e+01	-1.394828e+02
3.000000e-08	-5.408277e-06	-2.083353e-09	-3.838742e+01	-1.393801e+02
4.000000e-08	-5.407584e-06	-2.084409e-09	-3.838250e+01	-1.392861e+02
5.000000e-08	-5.406422e-06	-2.090501e-09	-3.837425e+01	-1.392015e+02
6.000000e-08	-5.404723e-06	-2.101756e-09	-3.836219e+01	-1.391267e+02
7.000000e-08	-5.402389e-06	-2.109922e-09	-3.834563e+01	-1.390624e+02
8.000000e-08	-5.399369e-06	-2.071653e-09	-3.832419e+01	-1.390088e+02
9.000000e-08	-5.395861e-06	-2.020674e-09	-3.829929e+01	-1.389661e+02
1.000000e-07	-5.391903e-06	-2.068623e-09	-3.827120e+01	-1.389347e+02
1.100000e-07	-5.387556e-06	-2.165761e-09	-3.824034e+01	-1.389144e+02
1.200000e-07	-5.383046e-06	-2.096903e-09	-3.820833e+01	-1.389053e+02
1.300000e-07	-5.378366e-06	-2.008431e-09	-3.817511e+01	-1.389073e+02
1.400000e-07	-5.373387e-06	-2.053344e-09	-3.813977e+01	-1.389200e+02
1.500000e-07	-5.367929e-06	-2.202801e-09	-3.810103e+01	-1.389432e+02
1.600000e-07	-5.362002e-06	-2.124886e-09	-3.805896e+01	-1.389763e+02
1.700000e-07	-5.355743e-06	-1.980411e-09	-3.801454e+01	-1.390188e+02
1.800000e-07	-5.349087e-06	-2.026366e-09	-3.796729e+01	-1.390700e+02
1.900000e-07	-5.342047e-06	-2.177332e-09	-3.791733e+01	-1.391292e+02
2.000000e-07	-5.334669e-06	-2.147547e-09	-3.786496e+01	-1.391955e+02
2.100000e-07	-5.327077e-06	-2.064431e-09	-3.781107e+01	-1.392679e+02
2.200000e-07	-5.319268e-06	-2.138235e-09	-3.775564e+01	-1.393456e+02
2.300000e-07	-5.311107e-06	-2.207963e-09	-3.769772e+01	-1.394274e+02
2.400000e-07	-5.302600e-06	-2.153364e-09	-3.763734e+01	-1.395121e+02
2.500000e-07	-5.293673e-06	-2.132987e-09	-3.757397e+01	-1.395988e+02
2.600000e-07	-5.284087e-06	-2.238912e-09	-3.750593e+01	-1.396860e+02
2.700000e-07	-5.273895e-06	-2.224573e-09	-3.743358e+01	-1.397726e+02
2.800000e-07	-5.263272e-06	-2.158321e-09	-3.735819e+01	-1.398573e+02
2.900000e-07	-5.252123e-06	-2.194641e-09	-3.727905e+01	-1.399390e+02
3.000000e-07	-5.240509e-06	-2.255753e-09	-3.719661e+01	-1.400162e+02
3.100000e-07	-5.228506e-06	-2.163114e-09	-3.711142e+01	-1.400878e+02
3.200000e-07	-5.216081e-06	-2.137912e-09	-3.702323e+01	-1.401526e+02
3.300000e-07	-5.203206e-06	-2.217919e-09	-3.693184e+01	-1.402094e+02
3.400000e-07	-5.189965e-06	-2.239536e-09	-3.683786e+01	-1.402570e+02
3.500000e-07	-5.176368e-06	-2.160513e-09	-3.674135e+01	-1.402945e+02
3.600000e-07	-5.162449e-06	-2.191487e-09	-3.664256e+01	-1.403207e+02
3.700000e-07	-5.148098e-06	-2.215207e-09	-3.654069e+01	-1.403348e+02
3.800000e-07	-5.133131e-06	-2.178934e-09	-3.643446e+01	-1.403359e+02
3.900000e-07	-5.117672e-06	-2.154935e-09	-3.632473e+01	-1.403232e+02
4.000000e-07	-5.101776e-06	-2.187874e-09	-3.621190e+01	-1.402960e+02
4.100000e-07	-5.085190e-06	-2.155634e-09	-3.609418e+01	-1.402539e+02
4.200000e-07	-5.068200e-06	-2.144003e-09	-3.597358e+01	-1.401963e+02
4.300000e-07	-5.051034e-06	-2.186980e-09	-3.585174e+01	-1.401229e+02
4.400000e-07	-5.033540e-06	-2.183025e-09	-3.572757e+01	-1.400334e+02
4.500000e-07	-5.015823e-06	-2.134826e-09	-3.560182e+01	-1.399277e+02
4.600000e-07	-4.997836e-06	-2.142482e-09	-3.547415e+01	-1.398057e+02
4.700000e-07	-4.979491e-06	-2.167758e-09	-3.534394e+01	-1.396676e+02
4.800000e-07	-4.960754e-06	-2.138283e-09	-3.521094e+01	-1.395135e+02
4.900000e-07	-4.941545e-06	-2.119422e-09	-3.507460e+01	-1.393436e+02
5.000000e-07	-4.921983e-06	-2.124132e-09	-3.493575e+01	-1.391585e+02
5.100000e-07	-4.902304e-06	-2.132907e-09	-3.479607e+01	-1.389586e+02
5.200000e-07	-4.882401e-06	-2.129271e-09	-3.465480e+01	-1.387444e+02
5.300000e-07	-4.862188e-06	-2.127165e-09	-3.451133e+01	-1.385165e+02
5.400000e-07	-4.841706e-06	-2.109309e-09	-3.436595e+01	-1.382759e+02
5.500000e-07	-4.820900e-06	-2.118745e-09	-3.421828e+01	-1.380231e+02
5.600000e-07	-4.799678e-06	-2.125652e-09	-3.406764e+01	-1.377591e+02
5.700000e-07	-4.778064e-06	-2.114845e-09	-3.391422e+01	-1.374847e+02
5.800000e-07	-4.756163e-06	-2.085675e-09	-3.375878e+01	-1.372009e+02
5.900000e-07	-4.734024e-06	-2.085152e-09	-3.360164e+01	-1.369087e+02
6.000000e-07	-4.711602e-06	-2.087154e-09	-3.344249e+01	-1.366090e+02
6.100000e-07	-4.688772e-06	-2.089929e-09	-3.328044e+01	-1.363028e+02
6.200000e-07	-4.665530e-06	-2.074982e-09	-3.311547e+01	-1.359911e+02
6.300000e-07	-4.642011e-06	-2.072288e-09	-3.294854e+01	-1.356749e+02
6.400000e-07	-4.618287e-06	-2.081272e-09	-3.278014e+01	-1.353551e+02
6.500000e-07	-4.594415e-06	-2.091554e-09	-3.261071e+01	-1.350327e+02
6.600000e-07	-4.570365e-06	-2.068335e-09	-3.244000e+01	-1.347086e+02
6.700000e-07	-4.545997e-06	-2.049867e-09	-3.226704e+01	-1.343835e+02
6.800000e-07	-4.521240e-06	-2.049743e-09	-3.209132e+01	-1.340583e+02
6.900000e-07	-4.496065e-06	-2.054403e-09	-3.191263e+01	-1.337337e+02
7.000000e-07	-4.470434e-06	-2.039437e-09	-3.173070e+01	-1.334103e+02
7.100000e-07	-4.444320e-06	-2.024610e-09	-3.154535e+01	-1.330887e+02
7.200000e-07	-4.417628e-06	-2.024738e-09	-3.135589e+01	-1.327696e+02
7.300000e-07	-4.390406e-06	-2.039285e-09	-3.116267e+01	-1.324531e+02
7.400000e-07	-4.362837e-06	-2.042758e-09	-3.096699e+01	-1.321398e+02
7.500000e-07	-4.335027e-06	-2.027486e-09	-3.076959e+01	-1.318299e+02
7.600000e-07	-4.307060e-06	-2.017070e-09	-3.057109e+01	-1.315235e+02
7.700000e-07	-4.278915e-06	-2.020875e-09	-3.037132e+01	-1.312208e+02
7.800000e-07	-4.250504e-06	-2.019329e-09	-3.016966e+01	-1.309218e+02
7.900000e-07	-4.221781e-06	-2.001190e-09	-2.996578e+01	-1.306264e+02
8.000000e-07	-4.192786e-06	-1.990686e-09	-2.975998e+01	-1.303344e+02
8.100000e-07	-4.163478e-06	-1.993783e-09	-2.955196e+01	-1.300456e+02
8.200000e-07	-4.133828e-06	-2.002549e-09	-2.934151e+01	-1.297599e+02
8.300000e-07	-4.103902e-06	-1.995103e-09	-2.912909e+01	-1.294767e+02
8.400000e-07	-4.073801e-06	-1.982272e-09	-2.891544e+01	-1.291957e+02
8.500000e-07	-4.043493e-06	-1.975022e-09	-2.870032e+01	-1.289164e+02
8.600000e-07	-4.012874e-06	-1.981241e-09	-2.848299e+01	-1.286384e+02
8.700000e-07	-3.982026e-06	-1.976706e-09	-2.826403e+01	-1.283611e+02
8.800000e-07	-3.950862e-06	-1.965823e-09	-2.804283e+01	-1.280840e+02
8.900000e-07	-3.919371e-06	-1.955777e-09	-2.781931e+01	-1.278063e+02
9.000000e-07	-3.887701e-06	-1.956388e-09	-2.759452e+01	-1.275277e+02
9.100000e-07	-3.855847e-06	-1.949546e-09	-2.736842e+01	-1.272473e+02
9.200000e-07	-3.823802e-06	-1.940881e-09	-2.714097e+01	-1.269648e+02
9.300000e-07	-3.791595e-06	-1.934510e-09	-2.691237e+01	-1.266793e+02
9.400000e-07	-3.759169e-06	-1.939729e-09	-2.668221e+01	-1.263904e+02
9.500000e-07	-3.726415e-06	-1.941570e-09	-2.644972e+01	-1.260976e+02
9.600000e-07	-3.693318e-06	-1.935997e-09	-2.621481e+01	-1.258002e+02
9.700000e-07	-3.659804e-06	-1.925799e-09	-2.597693e+01	-1.254978e+02
9.800000e-07	-3.625794e-06	-1.920158e-09	-2.573553e+01	-1.251900e+02
9.900000e-07	-3.591356e-06	-1.913802e-09	-2.549109e+01	-1.248764e+02
1.000000e-06	-3.556610e-06	-1.904132e-09	-2.524446e+01	-1.245565e+02
1.010000e-06	-3.521603e-06	-1.893398e-09	-2.499599e+01	-1.242302e+02
1.020000e-06	-3.486332e-06	-1.889022e-09	-2.474564e+01	-1.238971e+02
1.030000e-06	-3.450788e-06	-1.886884e-09	-2.449335e+01	-1.235571e+02
1.040000e-06	-3.414995e-06	-1.880679e-09	-2.423929e+01	-1.232100e+02
1.050000e-06	-3.379050e-06	-1.871006e-09	-2.398417e+01	-1.228558e+02
1.060000e-06	-3.342986e-06	-1.863605e-09	-2.372818e+01	-1.224945e+02
1.070000e-06	-3.306732e-06	-1.862470e-09	-2.347086e+01	-1.221260e+02
1.080000e-06	-3.270266e-06	-1.858399e-09	-2.321203e+01	-1.217506e+02
1.090000e-06	-3.233540e-06	-1.849981e-09	-2.295135e+01	-1.213682e+02
1.100000e-06	-3.196555e-06	-1.840198e-09	-2.268883e+01	-1.209792e+02
1.110000e-06	-3.159379e-06	-1.833346e-09	-2.242496e+01	-1.205837e+02
1.120000e-06	-3.121931e-06	-1.825831e-09	-2.215916e+01	-1.201820e+02
1.130000e-06	-3.084268e-06	-1.817796e-09	-2.189183e+01	-1.197745e+02
1.140000e-06	-3.046434e-06	-1.809328e-09	-2.162329e+01	-1.193613e+02
1.150000e-06	-3.008429e-06	-1.807178e-09	-2.135353e+01	-1.189429e+02
1.160000e-06	-2.970310e-06	-1.808408e-09	-2.108297e+01	-1.185197e+02
1.170000e-06	-2.931906e-06	-1.808406e-09	-2.081038e+01	-1.180919e+02
1.180000e-06	-2.893233e-06	-1.799579e-09	-2.053588e+01	-1.176601e+02
1.190000e-06	-2.854400e-06	-1.787415e-09	-2.026025e+01	-1.172244e+02
1.200000e-06	-2.815262e-06	-1.775983e-09	-1.998246e+01	-1.167853e+02
1.210000e-06	-2.775834e-06	-1.769576e-09	-1.970259e+01	-1.163431e+02
1.220000e-06	-2.736284e-06	-1.763485e-09	-1.942187e+01	-1.158981e+02
1.230000e-06	-2.696655e-06	-1.760682e-09	-1.914059e+01	-1.154506e+02
1.240000e-06	-2.656995e-06	-1.759658e-09	-1.885909e+01	-1.150009e+02
1.250000e-06	-2.617260e-06	-1.759520e-09	-1.857706e+01	-1.145490e+02
1.260000e-06	-2.577347e-06	-1.754741e-09	-1.829376e+01	-1.140953e+02
1.270000e-06	-2.537304e-06	-1.744828e-09	-1.800953e+01	-1.136398e+02
1.280000e-06	-2.497157e-06	-1.733188e-09	-1.772458e+01	-1.131826e+02
1.290000e-06	-2.456873e-06	-1.721099e-09	-1.743864e+01	-1.127237e+02
1.300000e-06	-2.416425e-06	-1.709420e-09	-1.715155e+01	-1.122630e+02
1.310000e-06	-2.375830e-06	-1.698781e-09	-1.686341e+01	-1.118005e+02
1.320000e-06	-2.335131e-06	-1.690371e-09	-1.657453e+01	-1.113360e+02
1.330000e-06	-2.294216e-06	-1.686481e-09	-1.628412e+01	-1.108693e+02
1.340000e-06	-2.252839e-06	-1.685620e-09	-1.599043e+01	-1.104001e+02
1.350000e-06	-2.211062e-06	-1.684125e-09	-1.569390e+01	-1.099282e+02
1.360000e-06	-2.169052e-06	-1.678396e-09	-1.539572e+01	-1.094532e+02
1.370000e-06	-2.126806e-06	-1.668508e-09	-1.509586e+01	-1.089747e+02
1.380000e-06	-2.084375e-06	-1.658034e-09	-1.479469e+01	-1.084922e+02
1.390000e-06	-2.041696e-06	-1.647035e-09	-1.449176e+01	-1.080052e+02
1.400000e-06	-1.998796e-06	-1.634202e-09	-1.418726e+01	-1.075133e+02
1.410000e-06	-1.955694e-06	-1.621365e-09	-1.388132e+01	-1.070159e+02
1.420000e-06	-1.912438e-06	-1.612643e-09	-1.357430e+01	-1.065124e+02
1.430000e-06	-1.869083e-06	-1.609072e-09	-1.326656e+01	-1.060022e+02
1.440000e-06	-1.825558e-06	-1.608997e-09	-1.295763e+01	-1.054847e+02
1.450000e-06	-1.781890e-06	-1.607879e-09	-1.264768e+01	-1.049594e+02
1.460000e-06	-1.738097e-06	-1.603581e-09	-1.233684e+01	-1.044255e+02
1.470000e-06	-1.694179e-06	-1.593628e-09	-1.202511e+01	-1.038826e+02
1.480000e-06	-1.650208e-06	-1.578521e-09	-1.171301e+01	-1.033299e+02
1.490000e-06	-1.606229e-06	-1.560528e-09	-1.140086e+01	-1.027669e+02
1.500000e-06	-1.562174e-06	-1.546066e-09	-1.108816e+01	-1.021930e+02
1.510000e-06	-1.518058e-06	-1.538543e-09	-1.077502e+01	-1.016078e+02
1.520000e-06	-1.473946e-06	-1.537532e-09	-1.046193e+01	-1.010105e+02
1.530000e-06	-1.429744e-06	-1.535014e-09	-1.014818e+01	-1.004008e+02
1.540000e-06	-1.385475e-06	-1.527562e-09	-9.833968e+00	-9.977822e+01
1.550000e-06	-1.341190e-06	-1.515545e-09	-9.519633e+00	-9.914226e+01
1.560000e-06	-1.296772e-06	-1.500148e-09	-9.204363e+00	-9.849254e+01
1.570000e-06	-1.252202e-06	-1.483261e-09	-8.888005e+00	-9.782871e+01
1.580000e-06	-1.207519e-06	-1.468519e-09	-8.570850e+00	-9.715043e+01
1.590000e-06	-1.162759e-06	-1.456650e-09	-8.253148e+00	-9.645740e+01
1.600000e-06	-1.117937e-06	-1.449984e-09	-7.935005e+00	-9.574935e+01
1.610000e-06	-1.073010e-06	-1.445626e-09	-7.616118e+00	-9.502605e+01
1.620000e-06	-1.027932e-06	-1.439437e-09	-7.296160e+00	-9.428729e+01
1.630000e-06	-9.828013e-07	-1.428723e-09	-6.975827e+00	-9.353287e+01
1.640000e-06	-9.376914e-07	-1.413860e-09	-6.655641e+00	-9.276263e+01
1.650000e-06	-8.925311e-07	-1.395283e-09	-6.335098e+00	-9.197640e+01
1.660000e-06	-8.472140e-07	-1.374904e-09	-6.013442e+00	-9.117405e+01
1.670000e-06	-8.017904e-07	-1.359858e-09	-5.691030e+00	-9.035543e+01
1.680000e-06	-7.563194e-07	-1.353233e-09	-5.368281e+00	-8.952038e+01
1.690000e-06	-7.107572e-07	-1.349168e-09	-5.044885e+00	-8.866876e+01
1.700000e-06	-6.651399e-07	-1.341776e-09	-4.721098e+00	-8.780039e+01
1.710000e-06	-6.194861e-07	-1.331584e-09	-4.397051e+00	-8.691507e+01
1.720000e-06	-5.738094e-07	-1.319122e-09	-4.072843e+00	-8.601259e+01
1.730000e-06	-5.280686e-07	-1.300915e-09	-3.748179e+00	-8.509268e+01
1.740000e-06	-4.822824e-07	-1.278347e-09	-3.423193e+00	-8.415505e+01
1.750000e-06	-4.365427e-07	-1.257828e-09	-3.098537e+00	-8.319936e+01
1.760000e-06	-3.908021e-07	-1.243415e-09	-2.773875e+00	-8.222520e+01
1.770000e-06	-3.450528e-07	-1.234087e-09	-2.449151e+00	-8.123212e+01
1.780000e-06	-2.992609e-07	-1.223153e-09	-2.124125e+00	-8.021960e+01
1.790000e-06	-2.534141e-07	-1.209063e-09	-1.798709e+00	-7.918707e+01
1.800000e-06	-2.075377e-07	-1.191407e-09	-1.473082e+00	-7.813387e+01
1.810000e-06	-1.616422e-07	-1.171108e-09	-1.147320e+00	-7.705929e+01
1.820000e-06	-1.157781e-07	-1.148611e-09	-8.217817e-01	-7.596254e+01
1.830000e-06	-6.989893e-08	-1.126996e-09	-4.961357e-01	-7.484275e+01
1.840000e-06	-2.403495e-08	-1.108626e-09	-1.705977e-01	-7.369899e+01
1.850000e-06	2.184120e-08	-1.094799e-09	1.550267e-01	-7.253026e+01
1.860000e-06	6.773293e-08	-1.083570e-09	4.807617e-01	-7.133548e+01
1.870000e-06	1.135713e-07	-1.072248e-09	8.061181e-01	-7.011353e+01
1.880000e-06	1.594729e-07	-1.058983e-09	1.131923e+00	-6.886321e+01
1.890000e-06	2.054008e-07	-1.041029e-09	1.457914e+00	-6.758327e+01
1.900000e-06	2.512791e-07	-1.016147e-09	1.783555e+00	-6.627243e+01
1.910000e-06	2.972000e-07	-9.856135e-10	2.109496e+00	-6.492935e+01
1.920000e-06	3.430709e-07	-9.545035e-10	2.435083e+00	-6.355266e+01
1.930000e-06	3.887898e-07	-9.292767e-10	2.759592e+00	-6.214100e+01
1.940000e-06	4.345171e-07	-9.075826e-10	3.084160e+00	-6.069297e+01
1.950000e-06	4.802492e-07	-8.854036e-10	3.408762e+00	-5.920716e+01
1.960000e-06	5.258746e-07	-8.651257e-10	3.732606e+00	-5.768221e+01
1.970000e-06	5.713988e-07	-8.454050e-10	4.055732e+00	-5.611675e+01
1.980000e-06	6.169260e-07	-8.201509e-10	4.378880e+00	-5.450946e+01
1.990000e-06	6.624298e-07	-7.900042e-10	4.701862e+00	-5.285907e+01
2.000000e-06	7.079118e-07	-7.599958e-10	5.024688e+00	-5.116436e+01
2.010000e-06	7.533320e-07	-7.336993e-10	5.347076e+00	-4.942420e+01
2.020000e-06	7.986910e-07	-7.080388e-10	5.669030e+00	-4.763753e+01
2.030000e-06	8.440604e-07	-6.783536e-10	5.991058e+00	-4.580340e+01
2.040000e-06	8.893425e-07	-6.475937e-10	6.312465e+00	-4.392096e+01
2.050000e-06	9.344922e-07	-6.196611e-10	6.632933e+00	-4.198952e+01
2.060000e-06	9.796258e-07	-5.914488e-10	6.953288e+00	-4.000847e+01
2.070000e-06	1.024702e-06	-5.598539e-10	7.273231e+00	-3.797739e+01
2.080000e-06	1.069597e-06	-5.270891e-10	7.591891e+00	-3.589600e+01
2.090000e-06	1.114446e-06	-4.950367e-10	7.910231e+00	-3.376418e+01
2.100000e-06	1.159281e-06	-4.631470e-10	8.228460e+00	-3.158200e+01
2.110000e-06	1.204021e-06	-4.291218e-10	8.546023e+00	-2.934968e+01
2.120000e-06	1.248682e-06	-3.922595e-10	8.863023e+00	-2.706767e+01
2.130000e-06	1.293246e-06	-3.569657e-10	9.179330e+00	-2.473656e+01
2.140000e-06	1.337696e-06	-3.248169e-10	9.494834e+00	-2.235718e+01
2.150000e-06	1.382022e-06	-2.906787e-10	9.809453e+00	-1.993053e+01
2.160000e-06	1.426245e-06	-2.550541e-10	1.012335e+01	-1.745782e+01
2.170000e-06	1.470450e-06	-2.177408e-10	1.043711e+01	-1.494044e+01
2.180000e-06	1.514594e-06	-1.821245e-10	1.075044e+01	-1.237998e+01
2.190000e-06	1.558639e-06	-1.463730e-10	1.106306e+01	-9.778249e+00
2.200000e-06	1.602616e-06	-1.072746e-10	1.137521e+01	-7.137201e+00
2.210000e-06	1.646571e-06	-6.663153e-11	1.168720e+01	-4.458993e+00
2.220000e-06	1.690532e-06	-2.721294e-11	1.199923e+01	-1.745951e+00
2.230000e-06	1.734459e-06	1.361097e-11	1.231102e+01	9.994357e-01
2.240000e-06	1.778256e-06	5.863975e-11	1.262189e+01	3.774524e+00
2.250000e-06	1.821939e-06	1.042835e-10	1.293194e+01	6.576526e+00
2.260000e-06	1.865563e-06	1.480055e-10	1.324158e+01	9.402524e+00
2.270000e-06	1.909103e-06	1.895602e-10	1.355063e+01	1.224948e+01
2.280000e-06	1.952496e-06	2.301146e-10	1.385862e+01	1.511425e+01
2.290000e-06	1.995629e-06	2.708420e-10	1.416478e+01	1.799360e+01
2.300000e-06	2.038406e-06	3.102161e-10	1.446841e+01	2.088423e+01
2.310000e-06	2.080996e-06	3.504228e-10	1.477071e+01	2.378277e+01
2.320000e-06	2.123456e-06	3.952795e-10	1.507208e+01	2.668580e+01
2.330000e-06	2.165693e-06	4.420885e-10	1.537188e+01	2.958989e+01
2.340000e-06	2.207622e-06	4.873348e-10	1.566949e+01	3.249157e+01
2.350000e-06	2.249257e-06	5.296836e-10	1.596500e+01	3.538742e+01
2.360000e-06	2.290644e-06	5.719104e-10	1.625877e+01	3.827399e+01
2.370000e-06	2.331681e-06	6.139578e-10	1.655004e+01	4.114789e+01
2.380000e-06	2.372405e-06	6.552225e-10	1.683910e+01	4.400579e+01
2.390000e-06	2.412901e-06	6.966032e-10	1.712654e+01	4.684442e+01
2.400000e-06	2.453237e-06	7.399908e-10	1.741283e+01	4.966057e+01
2.410000e-06	2.493419e-06	7.841172e-10	1.769804e+01	5.245114e+01
2.420000e-06	2.533501e-06	8.284436e-10	1.798254e+01	5.521315e+01
2.430000e-06	2.573584e-06	8.738111e-10	1.826704e+01	5.794372e+01
2.440000e-06	2.613579e-06	9.190992e-10	1.855093e+01	6.064010e+01
2.450000e-06	2.653443e-06	9.611581e-10	1.883388e+01	6.329969e+01
2.460000e-06	2.693164e-06	1.001802e-09	1.911581e+01	6.592001e+01
2.470000e-06	2.732741e-06	1.040586e-09	1.939673e+01	6.849878e+01
2.480000e-06	2.772127e-06	1.075793e-09	1.967629e+01	7.103384e+01
2.490000e-06	2.811320e-06	1.109073e-09	1.995447e+01	7.352321e+01
2.500000e-06	2.850313e-06	1.145056e-09	2.023124e+01	7.596509e+01
2.510000e-06	2.889088e-06	1.184339e-09	2.050646e+01	7.835785e+01
2.520000e-06	2.927642e-06	1.223878e-09	2.078012e+01	8.070002e+01
2.530000e-06	2.965922e-06	1.262406e-09	2.105182e+01	8.299032e+01
2.540000e-06	3.003958e-06	1.299608e-09	2.132180e+01	8.522764e+01
2.550000e-06	3.041811e-06	1.333909e-09	2.159047e+01	8.741105e+01
2.560000e-06	3.079544e-06	1.361907e-09	2.185830e+01	8.953977e+01
2.570000e-06	3.117097e-06	1.386758e-09	2.212485e+01	9.161322e+01
2.580000e-06	3.154432e-06	1.412053e-09	2.238985e+01	9.363094e+01
2.590000e-06	3.191576e-06	1.439617e-09	2.265349e+01	9.559267e+01
2.600000e-06	3.228496e-06	1.471841e-09	2.291555e+01	9.749827e+01
2.610000e-06	3.265147e-06	1.507121e-09	2.317569e+01	9.934774e+01
2.620000e-06	3.301522e-06	1.539858e-09	2.343388e+01	1.011412e+02
2.630000e-06	3.337736e-06	1.567995e-09	2.369092e+01	1.028791e+02
2.640000e-06	3.373872e-06	1.592195e-09	2.394741e+01	1.045616e+02
2.650000e-06	3.409910e-06	1.612511e-09	2.420321e+01	1.061893e+02
2.660000e-06	3.445735e-06	1.628918e-09	2.445749e+01	1.077629e+02
2.670000e-06	3.481333e-06	1.644369e-09	2.471016e+01	1.092830e+02
2.680000e-06	3.516772e-06	1.662653e-09	2.496170e+01	1.107504e+02
2.690000e-06	3.551918e-06	1.686505e-09	2.521116e+01	1.121660e+02
2.700000e-06	3.586658e-06	1.714463e-09	2.545774e+01	1.135307e+02
2.710000e-06	3.620885e-06	1.741794e-09	2.570068e+01	1.148455e+02
2.720000e-06	3.654735e-06	1.764592e-09	2.594095e+01	1.161115e+02
2.730000e-06	3.688240e-06	1.783569e-09	2.617877e+01	1.173298e+02
2.740000e-06	3.721331e-06	1.798830e-09	2.641364e+01	1.185014e+02
2.750000e-06	3.754066e-06	1.810101e-09	2.664599e+01	1.196276e+02
2.760000e-06	3.786514e-06	1.821414e-09	2.687630e+01	1.207095e+02
2.770000e-06	3.818764e-06	1.834799e-09	2.710521e+01	1.217482e+02
2.780000e-06	3.850834e-06	1.852810e-09	2.733284e+01	1.227451e+02
2.790000e-06	3.882746e-06	1.874552e-09	2.755935e+01	1.237013e+02
2.800000e-06	3.914478e-06	1.892772e-09	2.778458e+01	1.246180e+02
2.810000e-06	3.945962e-06	1.905522e-09	2.800805e+01	1.254964e+02
2.820000e-06	3.977180e-06	1.913677e-09	2.822963e+01	1.263377e+02
2.830000e-06	4.008109e-06	1.922437e-09	2.844916e+01	1.271432e+02
2.840000e-06	4.038681e-06	1.931444e-09	2.866616e+01	1.279139e+02
2.850000e-06	4.068940e-06	1.940125e-09	2.888094e+01	1.286511e+02
2.860000e-06	4.098975e-06	1.950758e-09	2.909412e+01	1.293558e+02
2.870000e-06	4.128724e-06	1.964964e-09	2.930527e+01	1.300293e+02
2.880000e-06	4.158207e-06	1.980347e-09	2.951455e+01	1.306727e+02
2.890000e-06	4.187507e-06	1.991559e-09	2.972251e+01	1.312869e+02
2.900000e-06	4.216475e-06	1.999053e-09	2.992813e+01	1.318732e+02
2.910000e-06	4.245073e-06	2.005196e-09	3.013111e+01	1.324326e+02
2.920000e-06	4.273488e-06	2.010742e-09	3.033279e+01	1.329661e+02
2.930000e-06	4.301686e-06	2.013368e-09	3.053294e+01	1.334747e+02
2.940000e-06	4.329689e-06	2.015225e-09	3.073171e+01	1.339595e+02
2.950000e-06	4.357595e-06	2.021660e-09	3.092978e+01	1.344214e+02
2.960000e-06	4.385297e-06	2.031685e-09	3.112640e+01	1.348614e+02
2.970000e-06	4.412647e-06	2.041401e-09	3.132054e+01	1.352805e+02
2.980000e-06	4.439546e-06	2.047703e-09	3.151146e+01	1.356795e+02
2.990000e-06	4.465962e-06	2.051664e-09	3.169895e+01	1.360595e+02
3.000000e-06	4.491761e-06	2.054862e-09	3.188207e+01	1.364213e+02
3.010000e-06	4.517009e-06	2.058023e-09	3.206128e+01	1.367658e+02
3.020000e-06	4.541819e-06	2.063834e-09	3.223738e+01	1.370938e+02
3.030000e-06	4.566255e-06	2.073661e-09	3.241083e+01	1.374063e+02
3.040000e-06	4.590395e-06	2.085118e-09	3.258217e+01	1.377039e+02
3.050000e-06	4.614272e-06	2.091864e-09	3.275165e+01	1.379877e+02
3.060000e-06	4.637970e-06	2.092812e-09	3.291985e+01	1.382582e+02
3.070000e-06	4.661427e-06	2.091512e-09	3.308635e+01	1.385163e+02
3.080000e-06	4.684536e-06	2.093055e-09	3.325037e+01	1.387627e+02
3.090000e-06	4.707264e-06	2.097027e-09	3.341170e+01	1.389981e+02
3.100000e-06	4.729667e-06	2.103155e-09	3.357071e+01	1.392232e+02
3.110000e-06	4.751829e-06	2.109408e-09	3.372802e+01	1.394386e+02
3.120000e-06	4.773697e-06	2.115327e-09	3.388323e+01	1.396449e+02
3.130000e-06	4.795201e-06	2.120417e-09	3.403587e+01	1.398427e+02
3.140000e-06	4.816413e-06	2.122095e-09	3.418642e+01	1.400325e+02
3.150000e-06	4.837295e-06	2.119514e-09	3.433465e+01	1.402148e+02
3.160000e-06	4.857826e-06	2.118531e-09	3.448037e+01	1.403901e+02
3.170000e-06	4.878162e-06	2.122517e-09	3.462471e+01	1.405587e+02
3.180000e-06	4.898294e-06	2.128680e-09	3.476761e+01	1.407210e+02
3.190000e-06	4.918105e-06	2.133104e-09	3.490822e+01	1.408773e+02
3.200000e-06	4.937672e-06	2.134830e-09	3.504711e+01	1.410278e+02
3.210000e-06	4.957010e-06	2.136986e-09	3.518437e+01	1.411728e+02
3.220000e-06	4.975941e-06	2.140447e-09	3.531874e+01	1.413124e+02
3.230000e-06	4.994368e-06	2.143120e-09	3.544953e+01	1.414468e+02
3.240000e-06	5.012291e-06	2.143780e-09	3.557675e+01	1.415759e+02
3.250000e-06	5.029775e-06	2.144941e-09	3.570085e+01	1.416999e+02
3.260000e-06	5.047016e-06	2.147059e-09	3.582322e+01	1.418186e+02
3.270000e-06	5.064118e-06	2.149018e-09	3.594461e+01	1.419319e+02
3.280000e-06	5.080981e-06	2.151395e-09	3.606431e+01	1.420399e+02
3.290000e-06	5.097485e-06	2.154007e-09	3.618145e+01	1.421422e+02
3.300000e-06	5.113537e-06	2.156154e-09	3.629539e+01	1.422388e+02
3.310000e-06	5.129082e-06	2.158463e-09	3.640572e+01	1.423293e+02
3.320000e-06	5.144121e-06	2.160366e-09	3.651246e+01	1.424136e+02
3.330000e-06	5.158740e-06	2.162253e-09	3.661623e+01	1.424913e+02
3.340000e-06	5.172916e-06	2.164584e-09	3.671685e+01	1.425621e+02
3.350000e-06	5.186629e-06	2.167057e-09	3.681418e+01	1.426258e+02
3.360000e-06	5.200006e-06	2.167571e-09	3.690913e+01	1.426821e+02
3.370000e-06	5.213026e-06	2.163765e-09	3.700155e+01	1.427305e+02
3.380000e-06	5.225672e-06	2.157720e-09	3.709130e+01	1.427709e+02
3.390000e-06	5.237938e-06	2.155450e-09	3.717837e+01	1.428029e+02
3.400000e-06	5.249849e-06	2.157753e-09	3.726291e+01	1.428262e+02
3.410000e-06	5.261455e-06	2.160271e-09	3.734529e+01	1.428406e+02
3.420000e-06	5.272629e-06	2.158385e-09	3.742460e+01	1.428459e+02
3.430000e-06	5.283181e-06	2.154685e-09	3.749950e+01	1.428418e+02
3.440000e-06	5.293053e-06	2.152789e-09	3.756957e+01	1.428283e+02
3.450000e-06	5.302398e-06	2.150895e-09	3.763590e+01	1.428051e+02
3.460000e-06	5.311239e-06	2.147877e-09	3.769865e+01	1.427723e+02
3.470000e-06	5.319603e-06	2.146699e-09	3.775802e+01	1.427299e+02
3.480000e-06	5.327683e-06	2.149187e-09	3.781537e+01	1.426779e+02
3.490000e-06	5.335571e-06	2.154007e-09	3.787136e+01	1.426165e+02
3.500000e-06	5.343233e-06	2.156702e-09	3.792574e+01	1.425457e+02
3.510000e-06	5.350546e-06	2.154220e-09	3.797765e+01	1.424660e+02
3.520000e-06	5.357365e-06	2.150726e-09	3.802605e+01	1.423776e+02
3.530000e-06	5.363833e-06	2.148307e-09	3.807196e+01	1.422809e+02
3.540000e-06	5.370065e-06	2.146191e-09	3.811619e+01	1.421763e+02
3.550000e-06	5.375917e-06	2.145641e-09	3.815773e+01	1.420644e+02
3.560000e-06	5.381434e-06	2.146521e-09	3.819689e+01	1.419458e+02
3.570000e-06	5.386585e-06	2.148097e-09	3.823345e+01	1.418211e+02
3.580000e-06	5.391295e-06	2.147673e-09	3.826688e+01	1.416910e+02
3.590000e-06	5.395650e-06	2.143841e-09	3.829779e+01	1.415563e+02
3.600000e-06	5.399740e-06	2.139422e-09	3.832682e+01	1.414179e+02
3.610000e-06	5.403628e-06	2.136272e-09	3.835442e+01	1.412764e+02
3.620000e-06	5.407285e-06	2.135189e-09	3.838038e+01	1.411330e+02
3.630000e-06	5.410555e-06	2.135425e-09	3.840359e+01	1.409884e+02
3.640000e-06	5.413267e-06	2.138939e-09	3.842283e+01	1.408436e+02
3.650000e-06	5.415384e-06	2.143934e-09	3.843786e+01	1.406996e+02
3.660000e-06	5.416894e-06	2.143692e-09	3.844858e+01	1.405573e+02
3.670000e-06	5.417822e-06	2.141163e-09	3.845516e+01	1.404177e+02
3.680000e-06	5.418316e-06	2.139804e-09	3.845867e+01	1.402818e+02
3.690000e-06	5.418503e-06	2.138123e-09	3.846000e+01	1.401505e+02
3.700000e-06	5.418409e-06	2.136521e-09	3.845933e+01	1.400247e+02
3.710000e-06	5.418059e-06	2.136261e-09	3.845685e+01	1.399052e+02
3.720000e-06	5.417403e-06	2.137882e-09	3.845219e+01	1.397929e+02
3.730000e-06	5.416414e-06	2.139967e-09	3.844517e+01	1.396886e+02
3.740000e-06	5.415142e-06	2.136184e-09	3.843614e+01	1.395928e+02
3.750000e-06	5.413513e-06	2.119843e-09	3.842458e+01	1.395064e+02
3.760000e-06	5.411546e-06	2.089700e-09	3.841062e+01	1.394298e+02
3.770000e-06	5.409198e-06	2.082777e-09	3.839395e+01	1.393635e+02
3.780000e-06	5.406458e-06	2.142480e-09	3.837451e+01	1.393078e+02
3.790000e-06	5.403323e-06	2.147213e-09	3.835226e+01	1.392631e+02
3.800000e-06	5.399772e-06	2.028725e-09	3.832705e+01	1.392295e+02
3.810000e-06	5.395922e-06	2.022685e-09	3.829972e+01	1.392072e+02
3.820000e-06	5.391826e-06	2.120409e-09	3.827065e+01	1.391960e+02
3.830000e-06	5.387507e-06	2.149222e-09	3.823999e+01	1.391960e+02
3.840000e-06	5.382797e-06	1.998101e-09	3.820656e+01	1.392067e+02
3.850000e-06	5.377399e-06	1.951898e-09	3.816825e+01	1.392279e+02
3.860000e-06	5.371302e-06	2.139650e-09	3.812497e+01	1.392592e+02
3.870000e-06	5.364732e-06	2.182652e-09	3.807834e+01	1.393000e+02
3.880000e-06	5.357838e-06	2.013461e-09	3.802941e+01	1.393495e+02
3.890000e-06	5.350559e-06	1.944722e-09	3.797774e+01	1.394072e+02
3.900000e-06	5.342844e-06	2.138105e-09	3.792298e+01	1.394722e+02
3.910000e-06	5.334787e-06	2.137294e-09	3.786579e+01	1.395434e+02
3.920000e-06	5.326493e-06	1.951970e-09	3.780692e+01	1.396201e+02
3.930000e-06	5.317860e-06	1.966856e-09	3.774564e+01	1.397010e+02
3.940000e-06	5.308868e-06	2.169799e-09	3.768182e+01	1.397852e+02
3.950000e-06	5.299507e-06	2.117549e-09	3.761538e+01	1.398713e+02
3.960000e-06	5.289741e-06	1.957002e-09	3.754606e+01	1.399583e+02
3.970000e-06	5.279576e-06	2.061636e-09	3.747391e+01	1.400449e+02
3.980000e-06	5.269050e-06	2.212610e-09	3.739920e+01	1.401298e+02
3.990000e-06	5.258170e-06	2.101571e-09	3.732197e+01	1.402118e+02
4.000000e-06	5.246910e-06	2.034498e-09	3.724205e+01	1.402897e+02
4.010000e-06	5.235327e-06	2.208211e-09	3.715983e+01	1.403621e+02
4.020000e-06	5.223332e-06	2.247216e-09	3.707470e+01	1.404279e+02
4.030000e-06	5.210885e-06	2.101149e-09	3.698635e+01	1.404858e+02
4.040000e-06	5.197952e-06	2.101100e-09	3.689455e+01	1.405349e+02
4.050000e-06	5.184523e-06	2.216233e-09	3.679923e+01	1.405739e+02
4.060000e-06	5.170523e-06	2.133241e-09	3.669986e+01	1.406018e+02
4.070000e-06	5.155828e-06	2.068464e-09	3.659556e+01	1.406178e+02
4.080000e-06	5.140569e-06	2.151959e-09	3.648725e+01	1.406208e+02
4.090000e-06	5.125008e-06	2.183015e-09	3.637680e+01	1.406103e+02
4.100000e-06	5.109234e-06	2.111284e-09	3.626484e+01	1.405854e+02
4.110000e-06	5.093177e-06	2.143077e-09	3.615087e+01	1.405456e+02
4.120000e-06	5.076795e-06	2.159445e-09	3.603459e+01	1.404904e+02
4.130000e-06	5.060183e-06	2.091312e-09	3.591668e+01	1.404194e+02
4.140000e-06	5.043202e-06	2.083152e-09	3.579615e+01	1.403323e+02
4.150000e-06	5.025857e-06	2.147277e-09	3.567303e+01	1.402291e+02
4.160000e-06	5.008232e-06	2.116299e-09	3.554794e+01	1.401096e+02
4.170000e-06	4.990187e-06	2.093533e-09	3.541985e+01	1.399740e+02
4.180000e-06	4.971713e-06	2.137729e-09	3.528873e+01	1.398223e+02
4.190000e-06	4.952903e-06	2.145726e-09	3.515522e+01	1.396548e+02
4.200000e-06	4.933739e-06	2.104358e-09	3.501919e+01	1.394720e+02
4.210000e-06	4.914222e-06	2.095078e-09	3.488066e+01	1.392743e+02
4.220000e-06	4.894475e-06	2.095923e-09	3.474050e+01	1.390622e+02
4.230000e-06	4.874554e-06	2.089909e-09	3.459911e+01	1.388363e+02
4.240000e-06	4.854465e-06	2.100891e-09	3.445652e+01	1.385975e+02
4.250000e-06	4.834123e-06	2.099560e-09	3.431213e+01	1.383465e+02
4.260000e-06	4.813346e-06	2.092613e-09	3.416466e+01	1.380840e+02
4.270000e-06	4.791979e-06	2.097325e-09	3.401299e+01	1.378111e+02
4.280000e-06	4.770032e-06	2.098107e-09	3.385721e+01	1.375286e+02
4.290000e-06	4.747562e-06	2.076527e-09	3.369773e+01	1.372375e+02
4.300000e-06	4.724625e-06	2.067462e-09	3.353492e+01	1.369388e+02
4.310000e-06	4.701260e-06	2.059753e-09	3.336908e+01	1.366334e+02
4.320000e-06	4.677566e-06	2.064758e-09	3.320090e+01	1.363223e+02
4.330000e-06	4.653640e-06	2.062170e-09	3.303108e+01	1.360066e+02
4.340000e-06	4.629468e-06	2.045950e-09	3.285951e+01	1.356871e+02
4.350000e-06	4.605022e-06	2.031787e-09	3.268599e+01	1.353649e+02
4.360000e-06	4.580230e-06	2.045789e-09	3.251002e+01	1.350407e+02
4.370000e-06	4.555177e-06	2.036787e-09	3.233219e+01	1.347155e+02
4.380000e-06	4.529887e-06	2.020571e-09	3.215269e+01	1.343900e+02
4.390000e-06	4.504225e-06	2.020766e-09	3.197054e+01	1.340651e+02
4.400000e-06	4.478259e-06	2.033402e-09	3.178624e+01	1.337412e+02
4.410000e-06	4.452010e-06	2.026308e-09	3.159993e+01	1.334191e+02
4.420000e-06	4.425458e-06	2.013661e-09	3.141146e+01	1.330993e+02
4.430000e-06	4.398529e-06	1.998868e-09	3.122032e+01	1.327821e+02
4.440000e-06	4.371199e-06	1.999562e-09	3.102634e+01	1.324681e+02
4.450000e-06	4.343628e-06	2.004105e-09	3.083064e+01	1.321574e+02
4.460000e-06	4.315920e-06	1.999794e-09	3.063398e+01	1.318502e+02
4.470000e-06	4.288087e-06	1.992729e-09	3.043642e+01	1.315466e+02
4.480000e-06	4.260073e-06	1.999769e-09	3.023758e+01	1.312468e+02
4.490000e-06	4.231810e-06	2.005109e-09	3.003697e+01	1.309505e+02
4.500000e-06	4.203320e-06	1.997158e-09	2.983475e+01	1.306578e+02
4.510000e-06	4.174415e-06	1.983946e-09	2.962958e+01	1.303683e+02
4.520000e-06	4.144925e-06	1.975219e-09	2.942027e+01	1.300818e+02
4.530000e-06	4.114909e-06	1.976595e-09	2.920722e+01	1.297980e+02
4.540000e-06	4.084467e-06	1.979443e-09	2.899114e+01	1.295164e+02
4.550000e-06	4.053622e-06	1.976521e-09	2.877221e+01	1.292367e+02
4.560000e-06	4.022381e-06	1.971569e-09	2.855047e+01	1.289583e+02
4.570000e-06	3.990819e-06	1.973507e-09	2.832644e+01	1.286807e+02
4.580000e-06	3.959039e-06	1.972541e-09	2.810087e+01	1.284033e+02
4.590000e-06	3.927150e-06	1.962561e-09	2.787453e+01	1.281256e+02
4.600000e-06	3.895129e-06	1.947791e-09	2.764724e+01	1.278469e+02
4.610000e-06	3.862885e-06	1.947398e-09	2.741838e+01	1.275667e+02
4.620000e-06	3.830371e-06	1.950900e-09	2.718759e+01	1.272843e+02
4.630000e-06	3.797530e-06	1.949431e-09	2.695450e+01	1.269992e+02
4.640000e-06	3.764385e-06	1.937787e-09	2.671924e+01	1.267107e+02
4.650000e-06	3.731044e-06	1.932164e-09	2.648258e+01	1.264183e+02
4.660000e-06	3.697550e-06	1.928992e-09	2.624485e+01	1.261215e+02
4.670000e-06	3.663794e-06	1.922990e-09	2.600525e+01	1.258198e+02
4.680000e-06	3.629710e-06	1.910784e-09	2.576333e+01	1.255127e+02
4.690000e-06	3.595366e-06	1.905041e-09	2.551955e+01	1.251998e+02
4.700000e-06	3.560797e-06	1.905352e-09	2.527419e+01	1.248808e+02
4.710000e-06	3.526022e-06	1.907129e-09	2.502736e+01	1.245553e+02
4.720000e-06	3.490967e-06	1.900274e-09	2.477854e+01	1.242232e+02
4.730000e-06	3.455674e-06	1.890701e-09	2.452803e+01	1.238841e+02
4.740000e-06	3.420162e-06	1.881904e-09	2.427598e+01	1.235380e+02
4.750000e-06	3.384419e-06	1.875702e-09	2.402227e+01	1.231848e+02
4.760000e-06	3.348552e-06	1.867745e-09	2.376769e+01	1.228244e+02
4.770000e-06	3.312585e-06	1.859839e-09	2.351241e+01	1.224569e+02
4.780000e-06	3.276465e-06	1.856614e-09	2.325602e+01	1.220824e+02
4.790000e-06	3.240146e-06	1.857640e-09	2.299824e+01	1.217010e+02
4.800000e-06	3.203604e-06	1.852674e-09	2.273886e+01	1.213128e+02
4.810000e-06	3.166815e-06	1.842022e-09	2.247774e+01	1.209182e+02
4.820000e-06	3.129656e-06	1.832026e-09	2.221399e+01	1.205173e+02
4.830000e-06	3.092229e-06	1.825340e-09	2.194834e+01	1.201104e+02
4.840000e-06	3.054477e-06	1.819750e-09	2.168038e+01	1.196980e+02
4.850000e-06	3.016222e-06	1.811822e-09	2.140885e+01	1.192802e+02
4.860000e-06	2.977595e-06	1.805315e-09	2.113468e+01	1.188575e+02
4.870000e-06	2.938605e-06	1.802656e-09	2.085793e+01	1.184303e+02
4.880000e-06	2.899312e-06	1.800512e-09	2.057903e+01	1.179989e+02
4.890000e-06	2.859830e-06	1.790867e-09	2.029879e+01	1.175636e+02
4.900000e-06	2.820166e-06	1.778918e-09	2.001726e+01	1.171248e+02
4.910000e-06	2.780354e-06	1.770627e-09	1.973468e+01	1.166829e+02
4.920000e-06	2.740385e-06	1.767783e-09	1.945098e+01	1.162381e+02
4.930000e-06	2.700313e-06	1.762543e-09	1.916656e+01	1.157908e+02
4.940000e-06	2.660175e-06	1.757196e-09	1.888166e+01	1.153412e+02
4.950000e-06	2.619936e-06	1.754447e-09	1.859605e+01	1.148895e+02
4.960000e-06	2.579582e-06	1.753242e-09	1.830962e+01	1.144358e+02
4.970000e-06	2.539036e-06	1.746490e-09	1.802182e+01	1.139804e+02
4.980000e-06	2.498255e-06	1.738353e-09	1.773237e+01	1.135233e+02
4.990000e-06	2.457277e-06	1.732166e-09	1.744151e+01	1.130644e+02
5.000000e-06	2.416214e-06	1.728326e-09	1.715005e+01	1.126038e+02
5.010000e-06	2.374982e-06	1.720225e-09	1.685739e+01	1.121414e+02
5.020000e-06	2.333586e-06	1.707513e-09	1.656356e+01	1.116770e+02
5.030000e-06	2.292128e-06	1.697423e-09	1.626930e+01	1.112104e+02
5.040000e-06	2.250512e-06	1.693019e-09	1.597392e+01	1.107415e+02
5.050000e-06	2.208659e-06	1.686377e-09	1.567684e+01	1.102699e+02
5.060000e-06	2.166601e-06	1.678813e-09	1.537832e+01	1.097952e+02
5.070000e-06	2.124383e-06	1.675048e-09	1.507866e+01	1.093170e+02
5.080000e-06	2.082000e-06	1.672732e-09	1.477783e+01	1.088350e+02
5.090000e-06	2.039512e-06	1.667099e-09	1.447625e+01	1.083486e+02
5.100000e-06	1.996855e-06	1.656351e-09	1.417348e+01	1.078573e+02
5.110000e-06	1.953995e-06	1.644944e-09	1.386926e+01	1.073607e+02
5.120000e-06	1.910988e-06	1.638820e-09	1.356401e+01	1.068580e+02
5.130000e-06	1.867876e-06	1.635640e-09	1.325800e+01	1.063487e+02
5.140000e-06	1.824669e-06	1.630549e-09	1.295132e+01	1.058323e+02
5.150000e-06	1.781292e-06	1.624121e-09	1.264344e+01	1.053081e+02
5.160000e-06	1.737795e-06	1.617913e-09	1.233470e+01	1.047755e+02
5.170000e-06	1.694227e-06	1.612725e-09	1.202546e+01	1.042339e+02
5.180000e-06	1.650560e-06	1.602541e-09	1.171551e+01	1.036826e+02
5.190000e-06	1.606787e-06	1.587742e-09	1.140481e+01	1.031212e+02
5.200000e-06	1.562972e-06	1.575026e-09	1.109382e+01	1.025489e+02
5.210000e-06	1.519132e-06	1.566846e-09	1.078265e+01	1.019654e+02
5.220000e-06	1.475202e-06	1.560047e-09	1.047084e+01	1.013699e+02
5.230000e-06	1.431220e-06	1.553203e-09	1.015866e+01	1.007621e+02
5.240000e-06	1.387208e-06	1.546158e-09	9.846266e+00	1.001415e+02
5.250000e-06	1.343139e-06	1.538570e-09	9.533466e+00	9.950757e+01
5.260000e-06	1.299050e-06	1.531179e-09	9.220526e+00	9.885996e+01
5.270000e-06	1.254915e-06	1.519286e-09	8.907266e+00	9.819828e+01
5.280000e-06	1.210673e-06	1.501560e-09	8.593239e+00	9.752221e+01
5.290000e-06	1.166418e-06	1.486135e-09	8.279117e+00	9.683143e+01
5.300000e-06	1.122123e-06	1.476696e-09	7.964718e+00	9.612569e+01
5.310000e-06	1.077697e-06	1.467665e-09	7.649390e+00	9.540472e+01
5.320000e-06	1.033105e-06	1.453598e-09	7.332877e+00	9.466833e+01
5.330000e-06	9.884250e-07	1.442332e-09	7.015743e+00	9.391631e+01
5.340000e-06	9.436941e-07	1.434367e-09	6.698248e+00	9.314849e+01
5.350000e-06	8.989218e-07	1.422888e-09	6.380458e+00	9.236472e+01
5.360000e-06	8.540833e-07	1.406818e-09	6.062199e+00	9.156485e+01
5.370000e-06	8.091828e-07	1.392635e-09	5.743499e+00	9.074872e+01
5.380000e-06	7.642126e-07	1.382206e-09	5.424306e+00	8.991620e+01
5.390000e-06	7.190923e-07	1.373206e-09	5.104046e+00	8.906714e+01
5.400000e-06	6.739508e-07	1.362055e-09	4.783637e+00	8.820135e+01
5.410000e-06	6.287789e-07	1.350526e-09	4.463011e+00	8.731865e+01
5.420000e-06	5.836010e-07	1.337631e-09	4.142342e+00	8.641883e+01
5.430000e-06	5.383813e-07	1.322594e-09	3.821377e+00	8.550162e+01
5.440000e-06	4.931277e-07	1.305638e-09	3.500171e+00	8.456675e+01
5.450000e-06	4.479021e-07	1.288207e-09	3.179165e+00	8.361387e+01
5.460000e-06	4.026276e-07	1.273221e-09	2.857811e+00	8.264259e+01
5.470000e-06	3.572498e-07	1.262437e-09	2.535724e+00	8.165248e+01
5.480000e-06	3.117840e-07	1.251404e-09	2.213012e+00	8.064302e+01
5.490000e-06	2.662628e-07	1.235386e-09	1.889907e+00	7.961365e+01
5.500000e-06	2.207661e-07	1.217766e-09	1.566976e+00	7.856372e+01
5.510000e-06	1.753412e-07	1.200559e-09	1.244555e+00	7.749254e+01
5.520000e-06	1.298979e-07	1.181776e-09	9.220026e-01	7.639932e+01
5.530000e-06	8.447149e-08	1.162828e-09	5.995703e-01	7.528321e+01
5.540000e-06	3.898602e-08	1.146831e-09	2.767189e-01	7.414329e+01
5.550000e-06	-6.518225e-09	1.132292e-09	-4.626572e-02	7.297858e+01
5.560000e-06	-5.198941e-08	1.118070e-09	-3.690157e-01	7.178800e+01
5.570000e-06	-9.754398e-08	1.101163e-09	-6.923575e-01	7.057043e+01
5.580000e-06	-1.430744e-07	1.080257e-09	-1.015528e+00	6.932470e+01
5.590000e-06	-1.885451e-07	1.057267e-09	-1.338275e+00	6.804957e+01
5.600000e-06	-2.340180e-07	1.033928e-09	-1.661036e+00	6.674375e+01
5.610000e-06	-2.794203e-07	1.011830e-09	-1.983297e+00	6.540591e+01
5.620000e-06	-3.248015e-07	9.920218e-10	-2.305409e+00	6.403470e+01
5.630000e-06	-3.701612e-07	9.714496e-10	-2.627368e+00	6.262875e+01
5.640000e-06	-4.154791e-07	9.508099e-10	-2.949030e+00	6.118665e+01
5.650000e-06	-4.608300e-07	9.304086e-10	-3.270926e+00	5.970702e+01
5.660000e-06	-5.061809e-07	9.090233e-10	-3.592822e+00	5.818846e+01
5.670000e-06	-5.513535e-07	8.859270e-10	-3.913453e+00	5.662963e+01
5.680000e-06	-5.963955e-07	8.623587e-10	-4.233156e+00	5.502918e+01
5.690000e-06	-6.413485e-07	8.352410e-10	-4.552228e+00	5.338584e+01
5.700000e-06	-6.862791e-07	8.065791e-10	-4.871142e+00	5.169837e+01
5.710000e-06	-7.312573e-07	7.787973e-10	-5.190392e+00	4.996564e+01
5.720000e-06	-7.761287e-07	7.532788e-10	-5.508885e+00	4.818657e+01
5.730000e-06	-8.209335e-07	7.306006e-10	-5.826905e+00	4.636019e+01
5.740000e-06	-8.656408e-07	7.087502e-10	-6.144233e+00	4.448564e+01
5.750000e-06	-9.102316e-07	6.851262e-10	-6.460734e+00	4.256218e+01
5.760000e-06	-9.547586e-07	6.573521e-10	-6.776783e+00	4.058922e+01
5.770000e-06	-9.992136e-07	6.240503e-10	-7.092320e+00	3.856628e+01
5.780000e-06	-1.043637e-06	5.873649e-10	-7.407635e+00	3.649307e+01
5.790000e-06	-1.088086e-06	5.493719e-10	-7.723125e+00	3.436943e+01
5.800000e-06	-1.132437e-06	5.109152e-10	-8.037923e+00	3.219541e+01
5.810000e-06	-1.176683e-06	4.778442e-10	-8.351982e+00	2.997120e+01
5.820000e-06	-1.220856e-06	4.511478e-10	-8.665515e+00	2.769721e+01
5.830000e-06	-1.264894e-06	4.236968e-10	-8.978096e+00	2.537402e+01
5.840000e-06	-1.308902e-06	3.898204e-10	-9.290460e+00	2.300240e+01
5.850000e-06	-1.352911e-06	3.540574e-10	-9.602826e+00	2.058333e+01
5.860000e-06	-1.396862e-06	3.173356e-10	-9.914789e+00	1.811798e+01
5.870000e-06	-1.440778e-06	2.775200e-10	-1.022650e+01	1.560771e+01
5.880000e-06	-1.484680e-06	2.356955e-10	-1.053811e+01	1.305410e+01
5.890000e-06	-1.528540e-06	1.934173e-10	-1.084943e+01	1.045889e+01
5.900000e-06	-1.572301e-06	1.574308e-10	-1.116004e+01	7.824033e+00
5.910000e-06	-1.615972e-06	1.241511e-10	-1.147001e+01	5.151640e+00
5.920000e-06	-1.659587e-06	8.647187e-11	-1.177958e+01	2.444015e+00
5.930000e-06	-1.703078e-06	4.375544e-11	-1.208828e+01	-2.963821e-01
5.940000e-06	-1.746390e-06	-2.133299e-12	-1.239570e+01	-3.066931e+00
5.950000e-06	-1.789569e-06	-4.977825e-11	-1.270218e+01	-5.864868e+00
5.960000e-06	-1.832681e-06	-9.727543e-11	-1.300819e+01	-8.687295e+00
5.970000e-06	-1.875706e-06	-1.408782e-10	-1.331358e+01	-1.153119e+01
5.980000e-06	-1.918537e-06	-1.809447e-10	-1.361759e+01	-1.439344e+01
5.990000e-06	-1.961111e-06	-2.204355e-10	-1.391977e+01	-1.727081e+01
6.000000e-06	-2.003528e-06	-2.653149e-10	-1.422085e+01	-2.016001e+01
6.010000e-06	-2.045921e-06	-3.159737e-10	-1.452174e+01	-2.305769e+01
6.020000e-06	-2.088269e-06	-3.708091e-10	-1.482233e+01	-2.596043e+01
6.030000e-06	-2.130500e-06	-4.260140e-10	-1.512208e+01	-2.886480e+01
6.040000e-06	-2.172553e-06	-4.758315e-10	-1.542057e+01	-3.176735e+01
6.050000e-06	-2.214410e-06	-5.182092e-10	-1.571767e+01	-3.466463e+01
6.060000e-06	-2.256107e-06	-5.559951e-10	-1.601363e+01	-3.755320e+01
6.070000e-06	-2.297662e-06	-5.943069e-10	-1.630858e+01	-4.042967e+01
6.080000e-06	-2.339069e-06	-6.363901e-10	-1.660248e+01	-4.329069e+01
6.090000e-06	-2.380323e-06	-6.824288e-10	-1.689530e+01	-4.613297e+01
6.100000e-06	-2.421438e-06	-7.303499e-10	-1.718713e+01	-4.895330e+01
6.110000e-06	-2.462319e-06	-7.781601e-10	-1.747730e+01	-5.174857e+01
6.120000e-06	-2.502962e-06	-8.265028e-10	-1.776578e+01	-5.451577e+01
6.130000e-06	-2.543399e-06	-8.694774e-10	-1.805279e+01	-5.725199e+01
6.140000e-06	-2.583630e-06	-9.053470e-10	-1.833835e+01	-5.995448e+01
6.150000e-06	-2.623752e-06	-9.401699e-10	-1.862313e+01	-6.262059e+01
6.160000e-06	-2.663808e-06	-9.784941e-10	-1.890745e+01	-6.524785e+01
6.170000e-06	-2.703782e-06	-1.020066e-09	-1.919118e+01	-6.783391e+01
6.180000e-06	-2.743663e-06	-1.063872e-09	-1.947425e+01	-7.037662e+01
6.190000e-06	-2.783410e-06	-1.107009e-09	-1.975637e+01	-7.287396e+01
6.200000e-06	-2.823008e-06	-1.148415e-09	-2.003743e+01	-7.532409e+01
6.210000e-06	-2.862461e-06	-1.187576e-09	-2.031747e+01	-7.772536e+01
6.220000e-06	-2.901700e-06	-1.219660e-09	-2.059598e+01	-8.007628e+01
6.230000e-06	-2.940748e-06	-1.245632e-09	-2.087314e+01	-8.237553e+01
6.240000e-06	-2.979512e-06	-1.274079e-09	-2.114828e+01	-8.462197e+01
6.250000e-06	-3.017859e-06	-1.310950e-09	-2.142047e+01	-8.681464e+01
6.260000e-06	-3.055791e-06	-1.350264e-09	-2.168970e+01	-8.895275e+01
6.270000e-06	-3.093354e-06	-1.385857e-09	-2.195632e+01	-9.103566e+01
6.280000e-06	-3.130606e-06	-1.416337e-09	-2.222073e+01	-9.306292e+01
6.290000e-06	-3.167542e-06	-1.445365e-09	-2.248290e+01	-9.503421e+01
6.300000e-06	-3.204138e-06	-1.473107e-09	-2.274265e+01	-9.694939e+01
6.310000e-06	-3.240453e-06	-1.497060e-09	-2.300042e+01	-9.880843e+01
6.320000e-06	-3.276633e-06	-1.521143e-09	-2.325722e+01	-1.006115e+02
6.330000e-06	-3.312665e-06	-1.550839e-09	-2.351297e+01	-1.023588e+02
6.340000e-06	-3.348494e-06	-1.582093e-09	-2.376728e+01	-1.040507e+02
6.350000e-06	-3.384194e-06	-1.611802e-09	-2.402068e+01	-1.056877e+02
6.360000e-06	-3.419747e-06	-1.636090e-09	-2.427303e+01	-1.072705e+02
6.370000e-06	-3.455057e-06	-1.655051e-09	-2.452365e+01	-1.087997e+02
6.380000e-06	-3.490140e-06	-1.672300e-09	-2.477267e+01	-1.102760e+02
6.390000e-06	-3.524934e-06	-1.689279e-09	-2.501963e+01	-1.117004e+02
6.400000e-06	-3.559449e-06	-1.707375e-09	-2.526462e+01	-1.130738e+02
6.410000e-06	-3.593809e-06	-1.727401e-09	-2.550850e+01	-1.143971e+02
6.420000e-06	-3.627948e-06	-1.750094e-09	-2.575081e+01	-1.156713e+02
6.430000e-06	-3.661798e-06	-1.774183e-09	-2.599108e+01	-1.168977e+02
6.440000e-06	-3.695454e-06	-1.793985e-09	-2.622997e+01	-1.180773e+02
6.450000e-06	-3.728898e-06	-1.807946e-09	-2.646735e+01	-1.192111e+02
6.460000e-06	-3.762032e-06	-1.819642e-09	-2.670253e+01	-1.203005e+02
6.470000e-06	-3.794868e-06	-1.830841e-09	-2.693560e+01	-1.213466e+02
6.480000e-06	-3.827445e-06	-1.844220e-09	-2.716683e+01	-1.223506e+02
6.490000e-06	-3.859737e-06	-1.860178e-09	-2.739603e+01	-1.233137e+02
6.500000e-06	-3.891785e-06	-1.877849e-09	-2.762350e+01	-1.242371e+02
6.510000e-06	-3.923668e-06	-1.895041e-09	-2.784981e+01	-1.251221e+02
6.520000e-06	-3.955395e-06	-1.909064e-09	-2.807500e+01	-1.259697e+02
6.530000e-06	-3.986870e-06	-1.919190e-09	-2.829841e+01	-1.267813e+02
6.540000e-06	-4.017988e-06	-1.926536e-09	-2.851928e+01	-1.275579e+02
6.550000e-06	-4.048753e-06	-1.933760e-09	-2.873765e+01	-1.283008e+02
6.560000e-06	-4.079134e-06	-1.944563e-09	-2.895329e+01	-1.290111e+02
6.570000e-06	-4.109095e-06	-1.956557e-09	-2.916595e+01	-1.296900e+02
6.580000e-06	-4.138659e-06	-1.967558e-09	-2.937580e+01	-1.303385e+02
6.590000e-06	-4.167739e-06	-1.975232e-09	-2.958220e+01	-1.309578e+02
6.600000e-06	-4.196344e-06	-1.983247e-09	-2.978524e+01	-1.315489e+02
6.610000e-06	-4.224658e-06	-1.992122e-09	-2.998620e+01	-1.321129e+02
6.620000e-06	-4.252715e-06	-2.001083e-09	-3.018536e+01	-1.326508e+02
6.630000e-06	-4.280605e-06	-2.009152e-09	-3.038331e+01	-1.331638e+02
6.640000e-06	-4.308337e-06	-2.016019e-09	-3.058015e+01	-1.336527e+02
6.650000e-06	-4.335783e-06	-2.023514e-09	-3.077496e+01	-1.341185e+02
6.660000e-06	-4.362979e-06	-2.031225e-09	-3.096799e+01	-1.345623e+02
6.670000e-06	-4.389900e-06	-2.038479e-09	-3.115907e+01	-1.349851e+02
6.680000e-06	-4.416458e-06	-2.045156e-09	-3.134758e+01	-1.353876e+02
6.690000e-06	-4.442765e-06	-2.052341e-09	-3.153431e+01	-1.357709e+02
6.700000e-06	-4.468782e-06	-2.060473e-09	-3.171898e+01	-1.361359e+02
6.710000e-06	-4.494355e-06	-2.068031e-09	-3.190049e+01	-1.364834e+02
6.720000e-06	-4.519571e-06	-2.072582e-09	-3.207947e+01	-1.368143e+02
6.730000e-06	-4.544535e-06	-2.073515e-09	-3.225666e+01	-1.371296e+02
6.740000e-06	-4.569145e-06	-2.074383e-09	-3.243134e+01	-1.374299e+02
6.750000e-06	-4.593435e-06	-2.080380e-09	-3.260375e+01	-1.377161e+02
6.760000e-06	-4.617574e-06	-2.089415e-09	-3.277508e+01	-1.379890e+02
6.770000e-06	-4.641493e-06	-2.097131e-09	-3.294486e+01	-1.382493e+02
6.780000e-06	-4.665170e-06	-2.102792e-09	-3.311292e+01	-1.384978e+02
6.790000e-06	-4.688648e-06	-2.109365e-09	-3.327956e+01	-1.387352e+02
6.800000e-06	-4.711806e-06	-2.114636e-09	-3.344393e+01	-1.389622e+02
6.810000e-06	-4.734583e-06	-2.114464e-09	-3.360560e+01	-1.391794e+02
6.820000e-06	-4.756821e-06	-2.111043e-09	-3.376345e+01	-1.393874e+02
6.830000e-06	-4.778452e-06	-2.112559e-09	-3.391698e+01	-1.395868e+02
6.840000e-06	-4.799630e-06	-2.118999e-09	-3.406730e+01	-1.397782e+02
6.850000e-06	-4.820355e-06	-2.126240e-09	-3.421441e+01	-1.399619e+02
6.860000e-06	-4.840656e-06	-2.130915e-09	-3.435850e+01	-1.401385e+02
6.870000e-06	-4.860703e-06	-2.134247e-09	-3.450079e+01	-1.403084e+02
6.880000e-06	-4.880535e-06	-2.137260e-09	-3.464156e+01	-1.404720e+02
6.890000e-06	-4.900099e-06	-2.138575e-09	-3.478042e+01	-1.406295e+02
6.900000e-06	-4.919393e-06	-2.138795e-09	-3.491737e+01	-1.407812e+02
6.910000e-06	-4.938416e-06	-2.141429e-09	-3.505239e+01	-1.409273e+02
6.920000e-06	-4.957094e-06	-2.146610e-09	-3.518497e+01	-1.410680e+02
6.930000e-06	-4.975397e-06	-2.153023e-09	-3.531488e+01	-1.412035e+02
6.940000e-06	-4.993372e-06	-2.157201e-09	-3.544246e+01	-1.413337e+02
6.950000e-06	-5.010992e-06	-2.157931e-09	-3.556753e+01	-1.414587e+02
6.960000e-06	-5.028299e-06	-2.158524e-09	-3.569037e+01	-1.415785e+02
6.970000e-06	-5.045374e-06	-2.158409e-09	-3.581157e+01	-1.416930e+02
6.980000e-06	-5.062084e-06	-2.156542e-09	-3.593017e+01	-1.418021e+02
6.990000e-06	-5.078371e-06	-2.152960e-09	-3.604578e+01	-1.419056e+02
7.000000e-06	-5.094435e-06	-2.152887e-09	-3.615980e+01	-1.420034e+02
7.010000e-06	-5.110311e-06	-2.155514e-09	-3.627248e+01	-1.420951e+02
7.020000e-06	-5.125870e-06	-2.156005e-09	-3.638292e+01	-1.421807e+02
7.030000e-06	-5.141027e-06	-2.155964e-09	-3.649051e+01	-1.422597e+02
7.040000e-06	-5.155608e-06	-2.156574e-09	-3.659400e+01	-1.423320e+02
7.050000e-06	-5.169460e-06	-2.157295e-09	-3.669232e+01	-1.423971e+02
7.060000e-06	-5.182721e-06	-2.157027e-09	-3.678644e+01	-1.424548e+02
7.070000e-06	-5.195508e-06	-2.154642e-09	-3.687721e+01	-1.425048e+02
7.080000e-06	-5.207872e-06	-2.153568e-09	-3.696496e+01	-1.425468e+02
7.090000e-06	-5.219851e-06	-2.155241e-09	-3.704999e+01	-1.425804e+02
7.100000e-06	-5.231376e-06	-2.156545e-09	-3.713179e+01	-1.426054e+02
7.110000e-06	-5.242539e-06	-2.154074e-09	-3.721102e+01	-1.426216e+02
7.120000e-06	-5.253419e-06	-2.150230e-09	-3.728825e+01	-1.426286e+02
7.130000e-06	-5.263945e-06	-2.149458e-09	-3.736296e+01	-1.426263e+02
7.140000e-06	-5.274152e-06	-2.151482e-09	-3.743541e+01	-1.426145e+02
7.150000e-06	-5.283985e-06	-2.152156e-09	-3.750520e+01	-1.425932e+02
7.160000e-06	-5.293357e-06	-2.150801e-09	-3.757173e+01	-1.425623e+02
7.170000e-06	-5.302315e-06	-2.150253e-09	-3.763531e+01	-1.425217e+02
7.180000e-06	-5.310987e-06	-2.151565e-09	-3.769686e+01	-1.424715e+02
7.190000e-06	-5.319421e-06	-2.149588e-09	-3.775672e+01	-1.424118e+02
7.200000e-06	-5.327583e-06	-2.144519e-09	-3.781466e+01	-1.423429e+02
7.210000e-06	-5.335494e-06	-2.140736e-09	-3.787081e+01	-1.422648e+02
7.220000e-06	-5.343095e-06	-2.139049e-09	-3.792476e+01	-1.421781e+02
7.230000e-06	-5.350344e-06	-2.137835e-09	-3.797621e+01	-1.420829e+02
7.240000e-06	-5.357089e-06	-2.135712e-09	-3.802409e+01	-1.419798e+02
7.250000e-06	-5.363290e-06	-2.136332e-09	-3.806811e+01	-1.418693e+02
7.260000e-06	-5.369028e-06	-2.141107e-09	-3.810883e+01	-1.417520e+02
7.270000e-06	-5.374129e-06	-2.143232e-09	-3.814504e+01	-1.416285e+02
7.280000e-06	-5.378672e-06	-2.139387e-09	-3.817728e+01	-1.414995e+02
7.290000e-06	-5.382875e-06	-2.133529e-09	-3.820711e+01	-1.413658e+02
7.300000e-06	-5.386753e-06	-2.126742e-09	-3.823464e+01	-1.412281e+02
7.310000e-06	-5.390370e-06	-2.119426e-09	-3.826031e+01	-1.410873e+02
7.320000e-06	-5.393751e-06	-2.114028e-09	-3.828431e+01	-1.409443e+02
7.330000e-06	-5.396810e-06	-2.114542e-09	-3.830603e+01	-1.408001e+02
7.340000e-06	-5.399484e-06	-2.120876e-09	-3.832501e+01	-1.406555e+02
7.350000e-06	-5.401803e-06	-2.128798e-09	-3.834146e+01	-1.405115e+02
7.360000e-06	-5.403839e-06	-2.132232e-09	-3.835592e+01	-1.403691e+02
7.370000e-06	-5.405610e-06	-2.127842e-09	-3.836849e+01	-1.402292e+02
7.380000e-06	-5.406899e-06	-2.117769e-09	-3.837763e+01	-1.400929e+02
7.390000e-06	-5.407678e-06	-2.109006e-09	-3.838316e+01	-1.399609e+02
7.400000e-06	-5.408135e-06	-2.104050e-09	-3.838641e+01	-1.398344e+02
