# Temperatura_=_14.47
# Concentracion g/m^3_=_4090.0
# C_Vs_to_Am_M_A/Vsm_=_65563218390.804596
# pendiente_HvsI_1/m_=_3716.3
# ordenada_HvsI_A/m_=_1297.0
# frecuencia_Hz_=_135087.49422971104

Tiempo_(s)	Campo_(V.s)	Magnetizacion_(V.s)	Campo_(kA/m)	Magnetizacion_(A/m)
0.000000e+00	-5.402641e-06	-1.304878e-09	-3.839199e+01	-8.767455e+01
1.000000e-08	-5.402635e-06	-1.301576e-09	-3.839195e+01	-8.756559e+01
2.000000e-08	-5.402417e-06	-1.299208e-09	-3.839040e+01	-8.746497e+01
3.000000e-08	-5.401938e-06	-1.299493e-09	-3.838699e+01	-8.737343e+01
4.000000e-08	-5.401017e-06	-1.303103e-09	-3.838045e+01	-8.729162e+01
5.000000e-08	-5.399529e-06	-1.302742e-09	-3.836987e+01	-8.722014e+01
6.000000e-08	-5.397351e-06	-1.292042e-09	-3.835440e+01	-8.715947e+01
7.000000e-08	-5.394557e-06	-1.290059e-09	-3.833454e+01	-8.711004e+01
8.000000e-08	-5.391218e-06	-1.316887e-09	-3.831081e+01	-8.707215e+01
9.000000e-08	-5.387271e-06	-1.340144e-09	-3.828277e+01	-8.704602e+01
1.000000e-07	-5.382929e-06	-1.311211e-09	-3.825192e+01	-8.703175e+01
1.100000e-07	-5.378552e-06	-1.301731e-09	-3.822081e+01	-8.702935e+01
1.200000e-07	-5.374122e-06	-1.289993e-09	-3.818933e+01	-8.703871e+01
1.300000e-07	-5.369304e-06	-1.316324e-09	-3.815509e+01	-8.705960e+01
1.400000e-07	-5.363976e-06	-1.292831e-09	-3.811723e+01	-8.709170e+01
1.500000e-07	-5.358338e-06	-1.273119e-09	-3.807717e+01	-8.713458e+01
1.600000e-07	-5.352409e-06	-1.287239e-09	-3.803504e+01	-8.718769e+01
1.700000e-07	-5.345990e-06	-1.303506e-09	-3.798942e+01	-8.725039e+01
1.800000e-07	-5.339089e-06	-1.328522e-09	-3.794038e+01	-8.732195e+01
1.900000e-07	-5.331817e-06	-1.329525e-09	-3.788871e+01	-8.740154e+01
2.000000e-07	-5.324404e-06	-1.345353e-09	-3.783603e+01	-8.748824e+01
2.100000e-07	-5.316795e-06	-1.316202e-09	-3.778196e+01	-8.758106e+01
2.200000e-07	-5.308878e-06	-1.339660e-09	-3.772569e+01	-8.767895e+01
2.300000e-07	-5.300713e-06	-1.373701e-09	-3.766767e+01	-8.778079e+01
2.400000e-07	-5.292163e-06	-1.403812e-09	-3.760692e+01	-8.788540e+01
2.500000e-07	-5.282845e-06	-1.389941e-09	-3.754070e+01	-8.799158e+01
2.600000e-07	-5.272729e-06	-1.425150e-09	-3.746881e+01	-8.809809e+01
2.700000e-07	-5.262066e-06	-1.457109e-09	-3.739304e+01	-8.820367e+01
2.800000e-07	-5.250958e-06	-1.438888e-09	-3.731411e+01	-8.830705e+01
2.900000e-07	-5.239422e-06	-1.390838e-09	-3.723213e+01	-8.840696e+01
3.000000e-07	-5.227457e-06	-1.407668e-09	-3.714711e+01	-8.850215e+01
3.100000e-07	-5.215105e-06	-1.440934e-09	-3.705933e+01	-8.859139e+01
3.200000e-07	-5.202409e-06	-1.446606e-09	-3.696911e+01	-8.867348e+01
3.300000e-07	-5.189368e-06	-1.444009e-09	-3.687644e+01	-8.874728e+01
3.400000e-07	-5.175920e-06	-1.446326e-09	-3.678088e+01	-8.881168e+01
3.500000e-07	-5.161987e-06	-1.440351e-09	-3.668186e+01	-8.886566e+01
3.600000e-07	-5.147758e-06	-1.439960e-09	-3.658076e+01	-8.890824e+01
3.700000e-07	-5.133196e-06	-1.430843e-09	-3.647727e+01	-8.893856e+01
3.800000e-07	-5.118009e-06	-1.396231e-09	-3.636935e+01	-8.895580e+01
3.900000e-07	-5.102092e-06	-1.395023e-09	-3.625624e+01	-8.895926e+01
4.000000e-07	-5.085563e-06	-1.430655e-09	-3.613879e+01	-8.894834e+01
4.100000e-07	-5.068778e-06	-1.445874e-09	-3.601951e+01	-8.892253e+01
4.200000e-07	-5.051659e-06	-1.416861e-09	-3.589786e+01	-8.888142e+01
4.300000e-07	-5.034261e-06	-1.422646e-09	-3.577422e+01	-8.882473e+01
4.400000e-07	-5.016733e-06	-1.432968e-09	-3.564967e+01	-8.875226e+01
4.500000e-07	-4.998849e-06	-1.423049e-09	-3.552258e+01	-8.866393e+01
4.600000e-07	-4.980597e-06	-1.397801e-09	-3.539288e+01	-8.855978e+01
4.700000e-07	-4.961998e-06	-1.398499e-09	-3.526071e+01	-8.843993e+01
4.800000e-07	-4.942961e-06	-1.389113e-09	-3.512543e+01	-8.830461e+01
4.900000e-07	-4.923531e-06	-1.401721e-09	-3.498736e+01	-8.815416e+01
5.000000e-07	-4.903835e-06	-1.401032e-09	-3.484740e+01	-8.798900e+01
5.100000e-07	-4.883961e-06	-1.384474e-09	-3.470617e+01	-8.780964e+01
5.200000e-07	-4.863908e-06	-1.369672e-09	-3.456367e+01	-8.761667e+01
5.300000e-07	-4.843614e-06	-1.393895e-09	-3.441946e+01	-8.741075e+01
5.400000e-07	-4.822949e-06	-1.390253e-09	-3.427261e+01	-8.719261e+01
5.500000e-07	-4.801917e-06	-1.367338e-09	-3.412315e+01	-8.696304e+01
5.600000e-07	-4.780507e-06	-1.361596e-09	-3.397101e+01	-8.672288e+01
5.700000e-07	-4.758742e-06	-1.377931e-09	-3.381635e+01	-8.647299e+01
5.800000e-07	-4.736675e-06	-1.368857e-09	-3.365953e+01	-8.621428e+01
5.900000e-07	-4.714310e-06	-1.351699e-09	-3.350060e+01	-8.594768e+01
6.000000e-07	-4.691676e-06	-1.340187e-09	-3.333976e+01	-8.567412e+01
6.100000e-07	-4.668640e-06	-1.339216e-09	-3.317607e+01	-8.539454e+01
6.200000e-07	-4.645217e-06	-1.341290e-09	-3.300962e+01	-8.510988e+01
6.300000e-07	-4.621515e-06	-1.342788e-09	-3.284119e+01	-8.482104e+01
6.400000e-07	-4.597651e-06	-1.336860e-09	-3.267161e+01	-8.452891e+01
6.500000e-07	-4.573649e-06	-1.335273e-09	-3.250105e+01	-8.423436e+01
6.600000e-07	-4.549359e-06	-1.339937e-09	-3.232844e+01	-8.393821e+01
6.700000e-07	-4.524734e-06	-1.330361e-09	-3.215345e+01	-8.364122e+01
6.800000e-07	-4.499602e-06	-1.308427e-09	-3.197486e+01	-8.334410e+01
6.900000e-07	-4.474003e-06	-1.293455e-09	-3.179295e+01	-8.304753e+01
7.000000e-07	-4.447828e-06	-1.296885e-09	-3.160694e+01	-8.275209e+01
7.100000e-07	-4.421154e-06	-1.297402e-09	-3.141739e+01	-8.245831e+01
7.200000e-07	-4.394102e-06	-1.296288e-09	-3.122516e+01	-8.216665e+01
7.300000e-07	-4.366640e-06	-1.292754e-09	-3.103001e+01	-8.187749e+01
7.400000e-07	-4.338992e-06	-1.298821e-09	-3.083354e+01	-8.159114e+01
7.500000e-07	-4.311123e-06	-1.294748e-09	-3.063550e+01	-8.130785e+01
7.600000e-07	-4.283070e-06	-1.286098e-09	-3.043615e+01	-8.102776e+01
7.700000e-07	-4.254852e-06	-1.273291e-09	-3.023563e+01	-8.075096e+01
7.800000e-07	-4.226394e-06	-1.269466e-09	-3.003340e+01	-8.047748e+01
7.900000e-07	-4.197634e-06	-1.264371e-09	-2.982903e+01	-8.020727e+01
8.000000e-07	-4.168487e-06	-1.261005e-09	-2.962190e+01	-7.994020e+01
8.100000e-07	-4.138996e-06	-1.254264e-09	-2.941233e+01	-7.967609e+01
8.200000e-07	-4.109245e-06	-1.255018e-09	-2.920092e+01	-7.941473e+01
8.300000e-07	-4.079237e-06	-1.253187e-09	-2.898768e+01	-7.915582e+01
8.400000e-07	-4.048957e-06	-1.250421e-09	-2.877250e+01	-7.889904e+01
8.500000e-07	-4.018382e-06	-1.241011e-09	-2.855523e+01	-7.864401e+01
8.600000e-07	-3.987525e-06	-1.236196e-09	-2.833596e+01	-7.839034e+01
8.700000e-07	-3.956443e-06	-1.233181e-09	-2.811508e+01	-7.813761e+01
8.800000e-07	-3.925108e-06	-1.228026e-09	-2.789242e+01	-7.788536e+01
8.900000e-07	-3.893556e-06	-1.214342e-09	-2.766820e+01	-7.763314e+01
9.000000e-07	-3.861825e-06	-1.205369e-09	-2.744272e+01	-7.738049e+01
9.100000e-07	-3.829853e-06	-1.205082e-09	-2.721552e+01	-7.712694e+01
9.200000e-07	-3.797661e-06	-1.208857e-09	-2.698676e+01	-7.687204e+01
9.300000e-07	-3.765299e-06	-1.208880e-09	-2.675679e+01	-7.661534e+01
9.400000e-07	-3.732769e-06	-1.206375e-09	-2.652563e+01	-7.635643e+01
9.500000e-07	-3.699966e-06	-1.204880e-09	-2.629252e+01	-7.609490e+01
9.600000e-07	-3.666690e-06	-1.201096e-09	-2.605606e+01	-7.583039e+01
9.700000e-07	-3.632934e-06	-1.189715e-09	-2.581618e+01	-7.556255e+01
9.800000e-07	-3.598717e-06	-1.173610e-09	-2.557303e+01	-7.529110e+01
9.900000e-07	-3.564049e-06	-1.167028e-09	-2.532667e+01	-7.501576e+01
1.000000e-06	-3.529028e-06	-1.166412e-09	-2.507781e+01	-7.473632e+01
1.010000e-06	-3.493687e-06	-1.167538e-09	-2.482667e+01	-7.445261e+01
1.020000e-06	-3.458202e-06	-1.166886e-09	-2.457451e+01	-7.416450e+01
1.030000e-06	-3.422580e-06	-1.168880e-09	-2.432137e+01	-7.387192e+01
1.040000e-06	-3.386765e-06	-1.166560e-09	-2.406687e+01	-7.357483e+01
1.050000e-06	-3.350834e-06	-1.160187e-09	-2.381153e+01	-7.327324e+01
1.060000e-06	-3.314715e-06	-1.148309e-09	-2.355487e+01	-7.296720e+01
1.070000e-06	-3.278363e-06	-1.138777e-09	-2.329655e+01	-7.265681e+01
1.080000e-06	-3.241801e-06	-1.130055e-09	-2.303673e+01	-7.234221e+01
1.090000e-06	-3.205066e-06	-1.127017e-09	-2.277569e+01	-7.202356e+01
1.100000e-06	-3.168096e-06	-1.126688e-09	-2.251298e+01	-7.170106e+01
1.110000e-06	-3.130790e-06	-1.128268e-09	-2.224787e+01	-7.137496e+01
1.120000e-06	-3.093213e-06	-1.124328e-09	-2.198084e+01	-7.104550e+01
1.130000e-06	-3.055470e-06	-1.117756e-09	-2.171264e+01	-7.071295e+01
1.140000e-06	-3.017613e-06	-1.110668e-09	-2.144362e+01	-7.037761e+01
1.150000e-06	-2.979525e-06	-1.106515e-09	-2.117296e+01	-7.003976e+01
1.160000e-06	-2.941095e-06	-1.100832e-09	-2.089987e+01	-6.969971e+01
1.170000e-06	-2.902520e-06	-1.093781e-09	-2.062575e+01	-6.935775e+01
1.180000e-06	-2.863841e-06	-1.087631e-09	-2.035089e+01	-6.901418e+01
1.190000e-06	-2.824935e-06	-1.084360e-09	-2.007442e+01	-6.866927e+01
1.200000e-06	-2.785812e-06	-1.081824e-09	-1.979640e+01	-6.832330e+01
1.210000e-06	-2.746500e-06	-1.078775e-09	-1.951705e+01	-6.797649e+01
1.220000e-06	-2.706981e-06	-1.074575e-09	-1.923622e+01	-6.762907e+01
1.230000e-06	-2.667338e-06	-1.071036e-09	-1.895451e+01	-6.728123e+01
1.240000e-06	-2.627627e-06	-1.065473e-09	-1.867232e+01	-6.693312e+01
1.250000e-06	-2.587786e-06	-1.057228e-09	-1.838920e+01	-6.658486e+01
1.260000e-06	-2.547856e-06	-1.047910e-09	-1.810545e+01	-6.623653e+01
1.270000e-06	-2.507825e-06	-1.039363e-09	-1.782098e+01	-6.588816e+01
1.280000e-06	-2.467694e-06	-1.035647e-09	-1.753581e+01	-6.553977e+01
1.290000e-06	-2.427471e-06	-1.030596e-09	-1.724998e+01	-6.519130e+01
1.300000e-06	-2.387044e-06	-1.023694e-09	-1.696270e+01	-6.484267e+01
1.310000e-06	-2.346351e-06	-1.017646e-09	-1.667353e+01	-6.449374e+01
1.320000e-06	-2.305467e-06	-1.014638e-09	-1.638300e+01	-6.414434e+01
1.330000e-06	-2.264326e-06	-1.008594e-09	-1.609064e+01	-6.379426e+01
1.340000e-06	-2.222913e-06	-1.003370e-09	-1.579636e+01	-6.344323e+01
1.350000e-06	-2.181246e-06	-1.000907e-09	-1.550026e+01	-6.309096e+01
1.360000e-06	-2.139253e-06	-9.979950e-10	-1.520186e+01	-6.273712e+01
1.370000e-06	-2.096909e-06	-9.918800e-10	-1.490095e+01	-6.238134e+01
1.380000e-06	-2.054347e-06	-9.850355e-10	-1.459850e+01	-6.202324e+01
1.390000e-06	-2.011655e-06	-9.778671e-10	-1.429513e+01	-6.166240e+01
1.400000e-06	-1.968718e-06	-9.724986e-10	-1.399001e+01	-6.129836e+01
1.410000e-06	-1.925589e-06	-9.664738e-10	-1.368353e+01	-6.093068e+01
1.420000e-06	-1.882281e-06	-9.611079e-10	-1.337577e+01	-6.055887e+01
1.430000e-06	-1.838807e-06	-9.578820e-10	-1.306685e+01	-6.018244e+01
1.440000e-06	-1.795252e-06	-9.565114e-10	-1.275734e+01	-5.980092e+01
1.450000e-06	-1.751587e-06	-9.512622e-10	-1.244705e+01	-5.941379e+01
1.460000e-06	-1.707814e-06	-9.415876e-10	-1.213599e+01	-5.902056e+01
1.470000e-06	-1.663956e-06	-9.307338e-10	-1.182432e+01	-5.862073e+01
1.480000e-06	-1.619983e-06	-9.234736e-10	-1.151185e+01	-5.821384e+01
1.490000e-06	-1.575942e-06	-9.203009e-10	-1.119888e+01	-5.779939e+01
1.500000e-06	-1.531870e-06	-9.152238e-10	-1.088570e+01	-5.737693e+01
1.510000e-06	-1.487778e-06	-9.055127e-10	-1.057238e+01	-5.694602e+01
1.520000e-06	-1.443664e-06	-8.965903e-10	-1.025889e+01	-5.650623e+01
1.530000e-06	-1.399443e-06	-8.884512e-10	-9.944653e+00	-5.605714e+01
1.540000e-06	-1.355067e-06	-8.775812e-10	-9.629316e+00	-5.559836e+01
1.550000e-06	-1.310580e-06	-8.647452e-10	-9.313182e+00	-5.512954e+01
1.560000e-06	-1.266118e-06	-8.545015e-10	-8.997226e+00	-5.465031e+01
1.570000e-06	-1.221617e-06	-8.516765e-10	-8.680995e+00	-5.416034e+01
1.580000e-06	-1.176930e-06	-8.475565e-10	-8.363443e+00	-5.365934e+01
1.590000e-06	-1.132088e-06	-8.387502e-10	-8.044786e+00	-5.314699e+01
1.600000e-06	-1.087121e-06	-8.304724e-10	-7.725246e+00	-5.262303e+01
1.610000e-06	-1.042123e-06	-8.237544e-10	-7.405484e+00	-5.208718e+01
1.620000e-06	-9.971167e-07	-8.138855e-10	-7.085663e+00	-5.153920e+01
1.630000e-06	-9.520097e-07	-7.997114e-10	-6.765126e+00	-5.097884e+01
1.640000e-06	-9.067943e-07	-7.844470e-10	-6.443818e+00	-5.040585e+01
1.650000e-06	-8.615482e-07	-7.762452e-10	-6.122293e+00	-4.982000e+01
1.660000e-06	-8.162812e-07	-7.726568e-10	-5.800618e+00	-4.922104e+01
1.670000e-06	-7.708969e-07	-7.706444e-10	-5.478111e+00	-4.860872e+01
1.680000e-06	-7.253629e-07	-7.660831e-10	-5.154539e+00	-4.798278e+01
1.690000e-06	-6.798406e-07	-7.583546e-10	-4.831051e+00	-4.734297e+01
1.700000e-06	-6.343301e-07	-7.459659e-10	-4.507646e+00	-4.668897e+01
1.710000e-06	-5.887387e-07	-7.303489e-10	-4.183667e+00	-4.602050e+01
1.720000e-06	-5.431301e-07	-7.137832e-10	-3.859565e+00	-4.533722e+01
1.730000e-06	-4.975097e-07	-7.002397e-10	-3.535379e+00	-4.463877e+01
1.740000e-06	-4.518725e-07	-6.926529e-10	-3.211075e+00	-4.392478e+01
1.750000e-06	-4.061761e-07	-6.874929e-10	-2.886349e+00	-4.319481e+01
1.760000e-06	-3.604164e-07	-6.780992e-10	-2.561174e+00	-4.244844e+01
1.770000e-06	-3.146470e-07	-6.654955e-10	-2.235929e+00	-4.168519e+01
1.780000e-06	-2.688006e-07	-6.531879e-10	-1.910138e+00	-4.090453e+01
1.790000e-06	-2.229164e-07	-6.396135e-10	-1.584078e+00	-4.010593e+01
1.800000e-06	-1.770998e-07	-6.230093e-10	-1.258498e+00	-3.928881e+01
1.810000e-06	-1.312640e-07	-6.052806e-10	-9.327817e-01	-3.845257e+01
1.820000e-06	-8.544344e-08	-5.924740e-10	-6.071741e-01	-3.759657e+01
1.830000e-06	-3.967074e-08	-5.830918e-10	-2.819063e-01	-3.672016e+01
1.840000e-06	6.098870e-09	-5.710089e-10	4.333950e-02	-3.582264e+01
1.850000e-06	5.182457e-08	-5.556173e-10	3.682733e-01	-3.490331e+01
1.860000e-06	9.753111e-08	-5.417499e-10	6.930709e-01	-3.396148e+01
1.870000e-06	1.433005e-07	-5.301365e-10	1.018315e+00	-3.299640e+01
1.880000e-06	1.891104e-07	-5.160967e-10	1.343847e+00	-3.200736e+01
1.890000e-06	2.348183e-07	-4.949548e-10	1.668655e+00	-3.099365e+01
1.900000e-06	2.804551e-07	-4.722645e-10	1.992957e+00	-2.995454e+01
1.910000e-06	3.261925e-07	-4.530268e-10	2.317974e+00	-2.888936e+01
1.920000e-06	3.719810e-07	-4.344819e-10	2.643353e+00	-2.779743e+01
1.930000e-06	4.177550e-07	-4.113687e-10	2.968631e+00	-2.667813e+01
1.940000e-06	4.634394e-07	-3.897208e-10	3.293271e+00	-2.553086e+01
1.950000e-06	5.090471e-07	-3.745386e-10	3.617366e+00	-2.435510e+01
1.960000e-06	5.546846e-07	-3.601856e-10	3.941673e+00	-2.315036e+01
1.970000e-06	6.002707e-07	-3.382744e-10	4.265615e+00	-2.191622e+01
1.980000e-06	6.457254e-07	-3.148029e-10	4.588623e+00	-2.065235e+01
1.990000e-06	6.911395e-07	-2.950415e-10	4.911343e+00	-1.935848e+01
2.000000e-06	7.365445e-07	-2.730776e-10	5.233998e+00	-1.803445e+01
2.010000e-06	7.817837e-07	-2.485792e-10	5.555474e+00	-1.668018e+01
2.020000e-06	8.269465e-07	-2.253193e-10	5.876408e+00	-1.529570e+01
2.030000e-06	8.721845e-07	-2.044949e-10	6.197876e+00	-1.388114e+01
2.040000e-06	9.173730e-07	-1.833499e-10	6.518992e+00	-1.243675e+01
2.050000e-06	9.625090e-07	-1.584643e-10	6.839735e+00	-1.096290e+01
2.060000e-06	1.007509e-06	-1.313642e-10	7.159512e+00	-9.460066e+00
2.070000e-06	1.052308e-06	-1.076393e-10	7.477862e+00	-7.928857e+00
2.080000e-06	1.097110e-06	-8.653626e-11	7.796228e+00	-6.370008e+00
2.090000e-06	1.141902e-06	-6.455597e-11	8.114532e+00	-4.784375e+00
2.100000e-06	1.186584e-06	-4.021821e-11	8.432045e+00	-3.172942e+00
2.110000e-06	1.231153e-06	-1.445997e-11	8.748763e+00	-1.536816e+00
2.120000e-06	1.275583e-06	1.251205e-11	9.064485e+00	1.227728e-01
2.130000e-06	1.319936e-06	3.871021e-11	9.379664e+00	1.804477e+00
2.140000e-06	1.364273e-06	6.452451e-11	9.694732e+00	3.506832e+00
2.150000e-06	1.408584e-06	9.009190e-11	1.000961e+01	5.228267e+00
2.160000e-06	1.452846e-06	1.137916e-10	1.032415e+01	6.967104e+00
2.170000e-06	1.496983e-06	1.387653e-10	1.063779e+01	8.721569e+00
2.180000e-06	1.541069e-06	1.645707e-10	1.095107e+01	1.048980e+01
2.190000e-06	1.585113e-06	1.903052e-10	1.126405e+01	1.226986e+01
2.200000e-06	1.629095e-06	2.158313e-10	1.157660e+01	1.405972e+01
2.210000e-06	1.673064e-06	2.435577e-10	1.188905e+01	1.585732e+01
2.220000e-06	1.717005e-06	2.737045e-10	1.220130e+01	1.766052e+01
2.230000e-06	1.760843e-06	3.032535e-10	1.251282e+01	1.946716e+01
2.240000e-06	1.804537e-06	3.292859e-10	1.282332e+01	2.127504e+01
2.250000e-06	1.848094e-06	3.545921e-10	1.313284e+01	2.308195e+01
2.260000e-06	1.891465e-06	3.838816e-10	1.344104e+01	2.488566e+01
2.270000e-06	1.934780e-06	4.127194e-10	1.374884e+01	2.668397e+01
2.280000e-06	1.977976e-06	4.380903e-10	1.405580e+01	2.847467e+01
2.290000e-06	2.020927e-06	4.639082e-10	1.436101e+01	3.025559e+01
2.300000e-06	2.063688e-06	4.909360e-10	1.466488e+01	3.202460e+01
2.310000e-06	2.106099e-06	5.192804e-10	1.496626e+01	3.377963e+01
2.320000e-06	2.148194e-06	5.461337e-10	1.526540e+01	3.551865e+01
2.330000e-06	2.190073e-06	5.704762e-10	1.556299e+01	3.723973e+01
2.340000e-06	2.231684e-06	5.965189e-10	1.585868e+01	3.894099e+01
2.350000e-06	2.272999e-06	6.233167e-10	1.615228e+01	4.062066e+01
2.360000e-06	2.314029e-06	6.475430e-10	1.644384e+01	4.227706e+01
2.370000e-06	2.354844e-06	6.724609e-10	1.673388e+01	4.390861e+01
2.380000e-06	2.395409e-06	7.003614e-10	1.702214e+01	4.551384e+01
2.390000e-06	2.435789e-06	7.283025e-10	1.730909e+01	4.709140e+01
2.400000e-06	2.476065e-06	7.521545e-10	1.759529e+01	4.864007e+01
2.410000e-06	2.516248e-06	7.728657e-10	1.788084e+01	5.015873e+01
2.420000e-06	2.556334e-06	7.956246e-10	1.816570e+01	5.164639e+01
2.430000e-06	2.596250e-06	8.197712e-10	1.844935e+01	5.310220e+01
2.440000e-06	2.636076e-06	8.413831e-10	1.873236e+01	5.452543e+01
2.450000e-06	2.675818e-06	8.613105e-10	1.901477e+01	5.591546e+01
2.460000e-06	2.715411e-06	8.839492e-10	1.929612e+01	5.727181e+01
2.470000e-06	2.754808e-06	9.058357e-10	1.957609e+01	5.859412e+01
2.480000e-06	2.793993e-06	9.227484e-10	1.985454e+01	5.988215e+01
2.490000e-06	2.832989e-06	9.370392e-10	2.013165e+01	6.113575e+01
2.500000e-06	2.871683e-06	9.557968e-10	2.040662e+01	6.235492e+01
2.510000e-06	2.910181e-06	9.785003e-10	2.068019e+01	6.353971e+01
2.520000e-06	2.948511e-06	1.002137e-09	2.095257e+01	6.469031e+01
2.530000e-06	2.986541e-06	1.024204e-09	2.122282e+01	6.580698e+01
2.540000e-06	3.024347e-06	1.042136e-09	2.149147e+01	6.689005e+01
2.550000e-06	3.062040e-06	1.056359e-09	2.175932e+01	6.793996e+01
2.560000e-06	3.099665e-06	1.067978e-09	2.202669e+01	6.895717e+01
2.570000e-06	3.137117e-06	1.077492e-09	2.229283e+01	6.994223e+01
2.580000e-06	3.174224e-06	1.087265e-09	2.255652e+01	7.089572e+01
2.590000e-06	3.211057e-06	1.102610e-09	2.281826e+01	7.181828e+01
2.600000e-06	3.247752e-06	1.123658e-09	2.307902e+01	7.271056e+01
2.610000e-06	3.284197e-06	1.145712e-09	2.333801e+01	7.357326e+01
2.620000e-06	3.320409e-06	1.163433e-09	2.359533e+01	7.440707e+01
2.630000e-06	3.356500e-06	1.175383e-09	2.385180e+01	7.521270e+01
2.640000e-06	3.392435e-06	1.184124e-09	2.410716e+01	7.599088e+01
2.650000e-06	3.428215e-06	1.189530e-09	2.436142e+01	7.674231e+01
2.660000e-06	3.463905e-06	1.190947e-09	2.461504e+01	7.746769e+01
2.670000e-06	3.499453e-06	1.195350e-09	2.486765e+01	7.816772e+01
2.680000e-06	3.534763e-06	1.206366e-09	2.511856e+01	7.884305e+01
2.690000e-06	3.569652e-06	1.221740e-09	2.536649e+01	7.949433e+01
2.700000e-06	3.604072e-06	1.238337e-09	2.561109e+01	8.012218e+01
2.710000e-06	3.638142e-06	1.252131e-09	2.585319e+01	8.072718e+01
2.720000e-06	3.671820e-06	1.261128e-09	2.609251e+01	8.130989e+01
2.730000e-06	3.704894e-06	1.270048e-09	2.632754e+01	8.187083e+01
2.740000e-06	3.737523e-06	1.276743e-09	2.655941e+01	8.241049e+01
2.750000e-06	3.769943e-06	1.280975e-09	2.678979e+01	8.292934e+01
2.760000e-06	3.802161e-06	1.285750e-09	2.701873e+01	8.342779e+01
2.770000e-06	3.834193e-06	1.290995e-09	2.724636e+01	8.390624e+01
2.780000e-06	3.866075e-06	1.297750e-09	2.747292e+01	8.436507e+01
2.790000e-06	3.897854e-06	1.304685e-09	2.769874e+01	8.480461e+01
2.800000e-06	3.929430e-06	1.309848e-09	2.792313e+01	8.522518e+01
2.810000e-06	3.960771e-06	1.312899e-09	2.814584e+01	8.562709e+01
2.820000e-06	3.991815e-06	1.316020e-09	2.836645e+01	8.601063e+01
2.830000e-06	4.022455e-06	1.320631e-09	2.858418e+01	8.637606e+01
2.840000e-06	4.052752e-06	1.326083e-09	2.879947e+01	8.672366e+01
2.850000e-06	4.082808e-06	1.330287e-09	2.901306e+01	8.705370e+01
2.860000e-06	4.112682e-06	1.333737e-09	2.922534e+01	8.736643e+01
2.870000e-06	4.142314e-06	1.336934e-09	2.943591e+01	8.766215e+01
2.880000e-06	4.171635e-06	1.340241e-09	2.964427e+01	8.794112e+01
2.890000e-06	4.200611e-06	1.342824e-09	2.985018e+01	8.820365e+01
2.900000e-06	4.229264e-06	1.346120e-09	3.005379e+01	8.845005e+01
2.910000e-06	4.257750e-06	1.350834e-09	3.025622e+01	8.868067e+01
2.920000e-06	4.286002e-06	1.354429e-09	3.045698e+01	8.889585e+01
2.930000e-06	4.314029e-06	1.355576e-09	3.065615e+01	8.909599e+01
2.940000e-06	4.341962e-06	1.354404e-09	3.085464e+01	8.928150e+01
2.950000e-06	4.369741e-06	1.352343e-09	3.105205e+01	8.945283e+01
2.960000e-06	4.397237e-06	1.353432e-09	3.124744e+01	8.961045e+01
2.970000e-06	4.424301e-06	1.358531e-09	3.143975e+01	8.975487e+01
2.980000e-06	4.450955e-06	1.362637e-09	3.162916e+01	8.988662e+01
2.990000e-06	4.477021e-06	1.363257e-09	3.181440e+01	9.000627e+01
3.000000e-06	4.502368e-06	1.363336e-09	3.199451e+01	9.011441e+01
3.010000e-06	4.527225e-06	1.365209e-09	3.217115e+01	9.021167e+01
3.020000e-06	4.551688e-06	1.367447e-09	3.234499e+01	9.029868e+01
3.030000e-06	4.575841e-06	1.369456e-09	3.251662e+01	9.037612e+01
3.040000e-06	4.599837e-06	1.372334e-09	3.268714e+01	9.044465e+01
3.050000e-06	4.623704e-06	1.373471e-09	3.285675e+01	9.050497e+01
3.060000e-06	4.647263e-06	1.373282e-09	3.302416e+01	9.055778e+01
3.070000e-06	4.670537e-06	1.373416e-09	3.318955e+01	9.060378e+01
3.080000e-06	4.693497e-06	1.373682e-09	3.335271e+01	9.064368e+01
3.090000e-06	4.716034e-06	1.372536e-09	3.351285e+01	9.067816e+01
3.100000e-06	4.738275e-06	1.368865e-09	3.367091e+01	9.070789e+01
3.110000e-06	4.760228e-06	1.366290e-09	3.382690e+01	9.073355e+01
3.120000e-06	4.781817e-06	1.368521e-09	3.398032e+01	9.075577e+01
3.130000e-06	4.803044e-06	1.374780e-09	3.413116e+01	9.077514e+01
3.140000e-06	4.823939e-06	1.379036e-09	3.427965e+01	9.079224e+01
3.150000e-06	4.844490e-06	1.378900e-09	3.442569e+01	9.080759e+01
3.160000e-06	4.864766e-06	1.379199e-09	3.456977e+01	9.082169e+01
3.170000e-06	4.884885e-06	1.381710e-09	3.471274e+01	9.083496e+01
3.180000e-06	4.904853e-06	1.381265e-09	3.485463e+01	9.084778e+01
3.190000e-06	4.924552e-06	1.375631e-09	3.499461e+01	9.086048e+01
3.200000e-06	4.944004e-06	1.371266e-09	3.513285e+01	9.087332e+01
3.210000e-06	4.963040e-06	1.372464e-09	3.526812e+01	9.088650e+01
3.220000e-06	4.981551e-06	1.374991e-09	3.539966e+01	9.090016e+01
3.230000e-06	4.999596e-06	1.375782e-09	3.552789e+01	9.091437e+01
3.240000e-06	5.017258e-06	1.375665e-09	3.565340e+01	9.092915e+01
3.250000e-06	5.034659e-06	1.378815e-09	3.577705e+01	9.094443e+01
3.260000e-06	5.051748e-06	1.381783e-09	3.589849e+01	9.096011e+01
3.270000e-06	5.068640e-06	1.379057e-09	3.601853e+01	9.097601e+01
3.280000e-06	5.085372e-06	1.374398e-09	3.613743e+01	9.099190e+01
3.290000e-06	5.101742e-06	1.373695e-09	3.625375e+01	9.100748e+01
3.300000e-06	5.117517e-06	1.377311e-09	3.636586e+01	9.102242e+01
3.310000e-06	5.132708e-06	1.380807e-09	3.647381e+01	9.103635e+01
3.320000e-06	5.147416e-06	1.381554e-09	3.657832e+01	9.104884e+01
3.330000e-06	5.161629e-06	1.381734e-09	3.667932e+01	9.105945e+01
3.340000e-06	5.175432e-06	1.384484e-09	3.677741e+01	9.106769e+01
3.350000e-06	5.188949e-06	1.384730e-09	3.687346e+01	9.107308e+01
3.360000e-06	5.202133e-06	1.380821e-09	3.696715e+01	9.107510e+01
3.370000e-06	5.214924e-06	1.376127e-09	3.705804e+01	9.107324e+01
3.380000e-06	5.227348e-06	1.372921e-09	3.714633e+01	9.106700e+01
3.390000e-06	5.239496e-06	1.371721e-09	3.723265e+01	9.105588e+01
3.400000e-06	5.251371e-06	1.370436e-09	3.731705e+01	9.103940e+01
3.410000e-06	5.262858e-06	1.367342e-09	3.739867e+01	9.101710e+01
3.420000e-06	5.273754e-06	1.364860e-09	3.747610e+01	9.098859e+01
3.430000e-06	5.283924e-06	1.366874e-09	3.754837e+01	9.095347e+01
3.440000e-06	5.293416e-06	1.369707e-09	3.761582e+01	9.091143e+01
3.450000e-06	5.302277e-06	1.368667e-09	3.767878e+01	9.086218e+01
3.460000e-06	5.310687e-06	1.367252e-09	3.773855e+01	9.080553e+01
3.470000e-06	5.318873e-06	1.368349e-09	3.779672e+01	9.074133e+01
3.480000e-06	5.326843e-06	1.367434e-09	3.785336e+01	9.066949e+01
3.490000e-06	5.334593e-06	1.361739e-09	3.790843e+01	9.059001e+01
3.500000e-06	5.342060e-06	1.354662e-09	3.796149e+01	9.050298e+01
3.510000e-06	5.349119e-06	1.352500e-09	3.801165e+01	9.040853e+01
3.520000e-06	5.355779e-06	1.354486e-09	3.805898e+01	9.030691e+01
3.530000e-06	5.362058e-06	1.357303e-09	3.810360e+01	9.019842e+01
3.540000e-06	5.367922e-06	1.361468e-09	3.814527e+01	9.008346e+01
3.550000e-06	5.373395e-06	1.364229e-09	3.818416e+01	8.996249e+01
3.560000e-06	5.378486e-06	1.362510e-09	3.822034e+01	8.983606e+01
3.570000e-06	5.383254e-06	1.354173e-09	3.825422e+01	8.970477e+01
3.580000e-06	5.387693e-06	1.343014e-09	3.828577e+01	8.956932e+01
3.590000e-06	5.391819e-06	1.337088e-09	3.831509e+01	8.943043e+01
3.600000e-06	5.395755e-06	1.337842e-09	3.834305e+01	8.928892e+01
3.610000e-06	5.399471e-06	1.340961e-09	3.836946e+01	8.914562e+01
3.620000e-06	5.403002e-06	1.345185e-09	3.839456e+01	8.900143e+01
3.630000e-06	5.406123e-06	1.349146e-09	3.841673e+01	8.885726e+01
3.640000e-06	5.408525e-06	1.349197e-09	3.843380e+01	8.871405e+01
3.650000e-06	5.410151e-06	1.344670e-09	3.844536e+01	8.857278e+01
3.660000e-06	5.411223e-06	1.339867e-09	3.845297e+01	8.843440e+01
3.670000e-06	5.411914e-06	1.338323e-09	3.845788e+01	8.829989e+01
3.680000e-06	5.412205e-06	1.338214e-09	3.845995e+01	8.817017e+01
3.690000e-06	5.412212e-06	1.339197e-09	3.846000e+01	8.804620e+01
3.700000e-06	5.411981e-06	1.340478e-09	3.845836e+01	8.792885e+01
3.710000e-06	5.411478e-06	1.341194e-09	3.845479e+01	8.781898e+01
3.720000e-06	5.410628e-06	1.339948e-09	3.844874e+01	8.771738e+01
3.730000e-06	5.409435e-06	1.332890e-09	3.844027e+01	8.762480e+01
3.740000e-06	5.407869e-06	1.323614e-09	3.842914e+01	8.754190e+01
3.750000e-06	5.405915e-06	1.324068e-09	3.841526e+01	8.746928e+01
3.760000e-06	5.403661e-06	1.334032e-09	3.839924e+01	8.740744e+01
3.770000e-06	5.401098e-06	1.307512e-09	3.838102e+01	8.735680e+01
3.780000e-06	5.398132e-06	1.254130e-09	3.835995e+01	8.731769e+01
3.790000e-06	5.394643e-06	1.258019e-09	3.833515e+01	8.729031e+01
3.800000e-06	5.390663e-06	1.276545e-09	3.830687e+01	8.727480e+01
3.810000e-06	5.386463e-06	1.298928e-09	3.827703e+01	8.727116e+01
3.820000e-06	5.382254e-06	1.281299e-09	3.824712e+01	8.727928e+01
3.830000e-06	5.377835e-06	1.258627e-09	3.821572e+01	8.729897e+01
3.840000e-06	5.372765e-06	1.299270e-09	3.817969e+01	8.732990e+01
3.850000e-06	5.366984e-06	1.293756e-09	3.813861e+01	8.737164e+01
3.860000e-06	5.360742e-06	1.273271e-09	3.809425e+01	8.742366e+01
3.870000e-06	5.354075e-06	1.239886e-09	3.804687e+01	8.748534e+01
3.880000e-06	5.346951e-06	1.260365e-09	3.799625e+01	8.755593e+01
3.890000e-06	5.339291e-06	1.273934e-09	3.794182e+01	8.763463e+01
3.900000e-06	5.331277e-06	1.276743e-09	3.788487e+01	8.772052e+01
3.910000e-06	5.323086e-06	1.286821e-09	3.782666e+01	8.781262e+01
3.920000e-06	5.314542e-06	1.271345e-09	3.776594e+01	8.790987e+01
3.930000e-06	5.305703e-06	1.255956e-09	3.770313e+01	8.801117e+01
3.940000e-06	5.296562e-06	1.253203e-09	3.763817e+01	8.811534e+01
3.950000e-06	5.286910e-06	1.285781e-09	3.756959e+01	8.822118e+01
3.960000e-06	5.276811e-06	1.276808e-09	3.749782e+01	8.832746e+01
3.970000e-06	5.266463e-06	1.284258e-09	3.742429e+01	8.843290e+01
3.980000e-06	5.255800e-06	1.330428e-09	3.734852e+01	8.853626e+01
3.990000e-06	5.244729e-06	1.363148e-09	3.726984e+01	8.863625e+01
4.000000e-06	5.233247e-06	1.336774e-09	3.718825e+01	8.873162e+01
4.010000e-06	5.221412e-06	1.342957e-09	3.710415e+01	8.882115e+01
4.020000e-06	5.209229e-06	1.384094e-09	3.701758e+01	8.890363e+01
4.030000e-06	5.196576e-06	1.393042e-09	3.692766e+01	8.897790e+01
4.040000e-06	5.183319e-06	1.359071e-09	3.683345e+01	8.904288e+01
4.050000e-06	5.169552e-06	1.368882e-09	3.673563e+01	8.909750e+01
4.060000e-06	5.155225e-06	1.382693e-09	3.663381e+01	8.914082e+01
4.070000e-06	5.140215e-06	1.390976e-09	3.652715e+01	8.917193e+01
4.080000e-06	5.124816e-06	1.391524e-09	3.641773e+01	8.919003e+01
4.090000e-06	5.109133e-06	1.374143e-09	3.630628e+01	8.919441e+01
4.100000e-06	5.093141e-06	1.341419e-09	3.619264e+01	8.918445e+01
4.110000e-06	5.076923e-06	1.351235e-09	3.607739e+01	8.915964e+01
4.120000e-06	5.060394e-06	1.371429e-09	3.595993e+01	8.911957e+01
4.130000e-06	5.043492e-06	1.344905e-09	3.583982e+01	8.906393e+01
4.140000e-06	5.026231e-06	1.334517e-09	3.571717e+01	8.899252e+01
4.150000e-06	5.008657e-06	1.364974e-09	3.559228e+01	8.890526e+01
4.160000e-06	4.990800e-06	1.371648e-09	3.546538e+01	8.880217e+01
4.170000e-06	4.972545e-06	1.344721e-09	3.533566e+01	8.868336e+01
4.180000e-06	4.953909e-06	1.343919e-09	3.520323e+01	8.854907e+01
4.190000e-06	4.934932e-06	1.330521e-09	3.506838e+01	8.839961e+01
4.200000e-06	4.915641e-06	1.318131e-09	3.493130e+01	8.823540e+01
4.210000e-06	4.896044e-06	1.324375e-09	3.479203e+01	8.805694e+01
4.220000e-06	4.876198e-06	1.325984e-09	3.465101e+01	8.786483e+01
4.230000e-06	4.856157e-06	1.304443e-09	3.450859e+01	8.765970e+01
4.240000e-06	4.835923e-06	1.321741e-09	3.436480e+01	8.744230e+01
4.250000e-06	4.815454e-06	1.333357e-09	3.421935e+01	8.721339e+01
4.260000e-06	4.794510e-06	1.313370e-09	3.407052e+01	8.697382e+01
4.270000e-06	4.773095e-06	1.297775e-09	3.391834e+01	8.672445e+01
4.280000e-06	4.751143e-06	1.312251e-09	3.376235e+01	8.646619e+01
4.290000e-06	4.728433e-06	1.301873e-09	3.360097e+01	8.619996e+01
4.300000e-06	4.705074e-06	1.282740e-09	3.343497e+01	8.592669e+01
4.310000e-06	4.681387e-06	1.272628e-09	3.326665e+01	8.564732e+01
4.320000e-06	4.657517e-06	1.273909e-09	3.309703e+01	8.536278e+01
4.330000e-06	4.633442e-06	1.274689e-09	3.292595e+01	8.507400e+01
4.340000e-06	4.609169e-06	1.278351e-09	3.275345e+01	8.478186e+01
4.350000e-06	4.584682e-06	1.270285e-09	3.257945e+01	8.448723e+01
4.360000e-06	4.559911e-06	1.266654e-09	3.240342e+01	8.419092e+01
4.370000e-06	4.534786e-06	1.266333e-09	3.222488e+01	8.389372e+01
4.380000e-06	4.509179e-06	1.263099e-09	3.204292e+01	8.359633e+01
4.390000e-06	4.483214e-06	1.249561e-09	3.185840e+01	8.329943e+01
4.400000e-06	4.457019e-06	1.235646e-09	3.167226e+01	8.300362e+01
4.410000e-06	4.430523e-06	1.234070e-09	3.148397e+01	8.270943e+01
4.420000e-06	4.403799e-06	1.240828e-09	3.129407e+01	8.241732e+01
4.430000e-06	4.376771e-06	1.240813e-09	3.110200e+01	8.212769e+01
4.440000e-06	4.349387e-06	1.233950e-09	3.090741e+01	8.184084e+01
4.450000e-06	4.321760e-06	1.233093e-09	3.071108e+01	8.155702e+01
4.460000e-06	4.293990e-06	1.231592e-09	3.051374e+01	8.127641e+01
4.470000e-06	4.266061e-06	1.225765e-09	3.031528e+01	8.099908e+01
4.480000e-06	4.237895e-06	1.217000e-09	3.011513e+01	8.072507e+01
4.490000e-06	4.209430e-06	1.217846e-09	2.991285e+01	8.045433e+01
4.500000e-06	4.180659e-06	1.219602e-09	2.970840e+01	8.018675e+01
4.510000e-06	4.151548e-06	1.220972e-09	2.950154e+01	7.992215e+01
4.520000e-06	4.121898e-06	1.215562e-09	2.929083e+01	7.966031e+01
4.530000e-06	4.091725e-06	1.213403e-09	2.907642e+01	7.940096e+01
4.540000e-06	4.061003e-06	1.212658e-09	2.885811e+01	7.914375e+01
4.550000e-06	4.029783e-06	1.212588e-09	2.863625e+01	7.888834e+01
4.560000e-06	3.998324e-06	1.206701e-09	2.841270e+01	7.863432e+01
4.570000e-06	3.966574e-06	1.201575e-09	2.818708e+01	7.838126e+01
4.580000e-06	3.934662e-06	1.197528e-09	2.796031e+01	7.812874e+01
4.590000e-06	3.902675e-06	1.195005e-09	2.773300e+01	7.787628e+01
4.600000e-06	3.870529e-06	1.184165e-09	2.750457e+01	7.762342e+01
4.610000e-06	3.838173e-06	1.173562e-09	2.727464e+01	7.736971e+01
4.620000e-06	3.805525e-06	1.167853e-09	2.704264e+01	7.711468e+01
4.630000e-06	3.772571e-06	1.171542e-09	2.680846e+01	7.685790e+01
4.640000e-06	3.739347e-06	1.172915e-09	2.657237e+01	7.659893e+01
4.650000e-06	3.705920e-06	1.171067e-09	2.633483e+01	7.633738e+01
4.660000e-06	3.672248e-06	1.164204e-09	2.609555e+01	7.607288e+01
4.670000e-06	3.638313e-06	1.158381e-09	2.585441e+01	7.580507e+01
4.680000e-06	3.604229e-06	1.150547e-09	2.561220e+01	7.553367e+01
4.690000e-06	3.569913e-06	1.140851e-09	2.536834e+01	7.525841e+01
4.700000e-06	3.535247e-06	1.135250e-09	2.512201e+01	7.497906e+01
4.710000e-06	3.500283e-06	1.137072e-09	2.487354e+01	7.469546e+01
4.720000e-06	3.465100e-06	1.139988e-09	2.462353e+01	7.440747e+01
4.730000e-06	3.429678e-06	1.137837e-09	2.437181e+01	7.411501e+01
4.740000e-06	3.393985e-06	1.133044e-09	2.411818e+01	7.381803e+01
4.750000e-06	3.358125e-06	1.127595e-09	2.386335e+01	7.351656e+01
4.760000e-06	3.322182e-06	1.119530e-09	2.360793e+01	7.321063e+01
4.770000e-06	3.286129e-06	1.108593e-09	2.335173e+01	7.290035e+01
4.780000e-06	3.249918e-06	1.100524e-09	2.309441e+01	7.258583e+01
4.790000e-06	3.213519e-06	1.097487e-09	2.283575e+01	7.226726e+01
4.800000e-06	3.176919e-06	1.098600e-09	2.257567e+01	7.194482e+01
4.810000e-06	3.140055e-06	1.094185e-09	2.231371e+01	7.161875e+01
4.820000e-06	3.102863e-06	1.087938e-09	2.204942e+01	7.128930e+01
4.830000e-06	3.065278e-06	1.082162e-09	2.178234e+01	7.095675e+01
4.840000e-06	3.027255e-06	1.078734e-09	2.151213e+01	7.062137e+01
4.850000e-06	2.988780e-06	1.072146e-09	2.123872e+01	7.028346e+01
4.860000e-06	2.949968e-06	1.065277e-09	2.096292e+01	6.994333e+01
4.870000e-06	2.910881e-06	1.060813e-09	2.068517e+01	6.960126e+01
4.880000e-06	2.871562e-06	1.059363e-09	2.040575e+01	6.925756e+01
4.890000e-06	2.831987e-06	1.054800e-09	2.012453e+01	6.891250e+01
4.900000e-06	2.792161e-06	1.048513e-09	1.984152e+01	6.856634e+01
4.910000e-06	2.752259e-06	1.041764e-09	1.955797e+01	6.821934e+01
4.920000e-06	2.712311e-06	1.038024e-09	1.927410e+01	6.787171e+01
4.930000e-06	2.672270e-06	1.033182e-09	1.898956e+01	6.752364e+01
4.940000e-06	2.632135e-06	1.028521e-09	1.870435e+01	6.717529e+01
4.950000e-06	2.591879e-06	1.023613e-09	1.841829e+01	6.682679e+01
4.960000e-06	2.551393e-06	1.019259e-09	1.813059e+01	6.647820e+01
4.970000e-06	2.510747e-06	1.015007e-09	1.784175e+01	6.612959e+01
4.980000e-06	2.469975e-06	1.010667e-09	1.755202e+01	6.578094e+01
4.990000e-06	2.428996e-06	1.005540e-09	1.726081e+01	6.543223e+01
5.000000e-06	2.387831e-06	9.994439e-10	1.696829e+01	6.508336e+01
5.010000e-06	2.346476e-06	9.917619e-10	1.667442e+01	6.473421e+01
5.020000e-06	2.304995e-06	9.843703e-10	1.637964e+01	6.438460e+01
5.030000e-06	2.263369e-06	9.807294e-10	1.608385e+01	6.403432e+01
5.040000e-06	2.221532e-06	9.762160e-10	1.578654e+01	6.368312e+01
5.050000e-06	2.179580e-06	9.693582e-10	1.548843e+01	6.333071e+01
5.060000e-06	2.137491e-06	9.631872e-10	1.518934e+01	6.297676e+01
5.070000e-06	2.095240e-06	9.579851e-10	1.488909e+01	6.262091e+01
5.080000e-06	2.052885e-06	9.518934e-10	1.458811e+01	6.226276e+01
5.090000e-06	2.010442e-06	9.458361e-10	1.428651e+01	6.190191e+01
5.100000e-06	1.967836e-06	9.399930e-10	1.398374e+01	6.153790e+01
5.110000e-06	1.925087e-06	9.372458e-10	1.367996e+01	6.117028e+01
5.120000e-06	1.882159e-06	9.358434e-10	1.337491e+01	6.079858e+01
5.130000e-06	1.838975e-06	9.336368e-10	1.306804e+01	6.042230e+01
5.140000e-06	1.795699e-06	9.310844e-10	1.276051e+01	6.004096e+01
5.150000e-06	1.752313e-06	9.282580e-10	1.245221e+01	5.965406e+01
5.160000e-06	1.708734e-06	9.213343e-10	1.214252e+01	5.926110e+01
5.170000e-06	1.665093e-06	9.109301e-10	1.183240e+01	5.886159e+01
5.180000e-06	1.621387e-06	8.991267e-10	1.152182e+01	5.845505e+01
5.190000e-06	1.577527e-06	8.903983e-10	1.121015e+01	5.804099e+01
5.200000e-06	1.533650e-06	8.880851e-10	1.089835e+01	5.761897e+01
5.210000e-06	1.489756e-06	8.870245e-10	1.058643e+01	5.718852e+01
5.220000e-06	1.445757e-06	8.828512e-10	1.027377e+01	5.674922e+01
5.230000e-06	1.401736e-06	8.769000e-10	9.960953e+00	5.630067e+01
5.240000e-06	1.357673e-06	8.717607e-10	9.647829e+00	5.584246e+01
5.250000e-06	1.313540e-06	8.657521e-10	9.334216e+00	5.537423e+01
5.260000e-06	1.269380e-06	8.570591e-10	9.020410e+00	5.489562e+01
5.270000e-06	1.225199e-06	8.469258e-10	8.706453e+00	5.440631e+01
5.280000e-06	1.180998e-06	8.375523e-10	8.392349e+00	5.390598e+01
5.290000e-06	1.136688e-06	8.307534e-10	8.077477e+00	5.339433e+01
5.300000e-06	1.092259e-06	8.233719e-10	7.761761e+00	5.287109e+01
5.310000e-06	1.047751e-06	8.157471e-10	7.445480e+00	5.233599e+01
5.320000e-06	1.003157e-06	8.075445e-10	7.128589e+00	5.178878e+01
5.330000e-06	9.585323e-07	7.990639e-10	6.811477e+00	5.122920e+01
5.340000e-06	9.139357e-07	7.917883e-10	6.494567e+00	5.065702e+01
5.350000e-06	8.692939e-07	7.828424e-10	6.177335e+00	5.007199e+01
5.360000e-06	8.246215e-07	7.720175e-10	5.859886e+00	4.947387e+01
5.370000e-06	7.799867e-07	7.639031e-10	5.542704e+00	4.886242e+01
5.380000e-06	7.351894e-07	7.563442e-10	5.224368e+00	4.823738e+01
5.390000e-06	6.901741e-07	7.490343e-10	4.904482e+00	4.759847e+01
5.400000e-06	6.450909e-07	7.397226e-10	4.584114e+00	4.694542e+01
5.410000e-06	5.999436e-07	7.271583e-10	4.263291e+00	4.627791e+01
5.420000e-06	5.546242e-07	7.156068e-10	3.941244e+00	4.559562e+01
5.430000e-06	5.093128e-07	7.076685e-10	3.619255e+00	4.489819e+01
5.440000e-06	4.641876e-07	6.994447e-10	3.298588e+00	4.418525e+01
5.450000e-06	4.190005e-07	6.863763e-10	2.977481e+00	4.345638e+01
5.460000e-06	3.736114e-07	6.717899e-10	2.654939e+00	4.271114e+01
5.470000e-06	3.281620e-07	6.600274e-10	2.331969e+00	4.194905e+01
5.480000e-06	2.827493e-07	6.516427e-10	2.009259e+00	4.116961e+01
5.490000e-06	2.373677e-07	6.404862e-10	1.686771e+00	4.037227e+01
5.500000e-06	1.919409e-07	6.244521e-10	1.363961e+00	3.955647e+01
5.510000e-06	1.465069e-07	6.075001e-10	1.041100e+00	3.872159e+01
5.520000e-06	1.010740e-07	5.930054e-10	7.182473e-01	3.786700e+01
5.530000e-06	5.562301e-08	5.809285e-10	3.952655e-01	3.699206e+01
5.540000e-06	1.021002e-08	5.687685e-10	7.255398e-02	3.609607e+01
5.550000e-06	-3.524335e-08	5.555308e-10	-2.504446e-01	3.517833e+01
5.560000e-06	-8.074675e-08	5.433711e-10	-5.737987e-01	3.423814e+01
5.570000e-06	-1.262242e-07	5.314398e-10	-8.969683e-01	3.327478e+01
5.580000e-06	-1.717002e-07	5.168351e-10	-1.220128e+00	3.228751e+01
5.590000e-06	-2.171983e-07	4.971196e-10	-1.543444e+00	3.127562e+01
5.600000e-06	-2.626656e-07	4.777461e-10	-1.866542e+00	3.023840e+01
5.610000e-06	-3.080341e-07	4.635548e-10	-2.188937e+00	2.917516e+01
5.620000e-06	-3.532978e-07	4.500485e-10	-2.510588e+00	2.808523e+01
5.630000e-06	-3.985535e-07	4.339053e-10	-2.832182e+00	2.696798e+01
5.640000e-06	-4.439059e-07	4.174499e-10	-3.154463e+00	2.582281e+01
5.650000e-06	-4.891843e-07	4.016153e-10	-3.476218e+00	2.464918e+01
5.660000e-06	-5.342347e-07	3.853570e-10	-3.796353e+00	2.344662e+01
5.670000e-06	-5.792659e-07	3.669089e-10	-4.116352e+00	2.221469e+01
5.680000e-06	-6.242884e-07	3.447199e-10	-4.436289e+00	2.095305e+01
5.690000e-06	-6.691723e-07	3.209720e-10	-4.755240e+00	1.966143e+01
5.700000e-06	-7.140088e-07	2.977663e-10	-5.073855e+00	1.833967e+01
5.710000e-06	-7.587743e-07	2.767301e-10	-5.391966e+00	1.698766e+01
5.720000e-06	-8.034515e-07	2.597759e-10	-5.709449e+00	1.560544e+01
5.730000e-06	-8.480539e-07	2.459772e-10	-6.026400e+00	1.419312e+01
5.740000e-06	-8.926875e-07	2.317250e-10	-6.343573e+00	1.275095e+01
5.750000e-06	-9.373349e-07	2.139184e-10	-6.660844e+00	1.127928e+01
5.760000e-06	-9.818263e-07	1.912842e-10	-6.977007e+00	9.778583e+00
5.770000e-06	-1.026263e-06	1.628523e-10	-7.292781e+00	8.249457e+00
5.780000e-06	-1.070658e-06	1.320875e-10	-7.608259e+00	6.692625e+00
5.790000e-06	-1.114909e-06	1.037047e-10	-7.922713e+00	5.108932e+00
5.800000e-06	-1.159069e-06	7.923439e-11	-8.236524e+00	3.499353e+00
5.810000e-06	-1.203188e-06	5.928036e-11	-8.550034e+00	1.864984e+00
5.820000e-06	-1.247274e-06	4.133777e-11	-8.863322e+00	2.070444e-01
5.830000e-06	-1.291314e-06	2.237546e-11	-9.176274e+00	-1.473127e+00
5.840000e-06	-1.335306e-06	-3.642293e-14	-9.488890e+00	-3.174076e+00
5.850000e-06	-1.379286e-06	-2.512235e-11	-9.801414e+00	-4.894239e+00
5.860000e-06	-1.423240e-06	-5.232275e-11	-1.011376e+01	-6.631948e+00
5.870000e-06	-1.467169e-06	-8.298037e-11	-1.042593e+01	-8.385437e+00
5.880000e-06	-1.511038e-06	-1.127780e-10	-1.073767e+01	-1.015285e+01
5.890000e-06	-1.554827e-06	-1.372109e-10	-1.104884e+01	-1.193225e+01
5.900000e-06	-1.598504e-06	-1.570663e-10	-1.135922e+01	-1.372163e+01
5.910000e-06	-1.642108e-06	-1.756681e-10	-1.166907e+01	-1.551892e+01
5.920000e-06	-1.685681e-06	-1.979847e-10	-1.197871e+01	-1.732200e+01
5.930000e-06	-1.729183e-06	-2.233384e-10	-1.228784e+01	-1.912869e+01
5.940000e-06	-1.772502e-06	-2.506064e-10	-1.259567e+01	-2.093681e+01
5.950000e-06	-1.815624e-06	-2.818850e-10	-1.290210e+01	-2.274414e+01
5.960000e-06	-1.858673e-06	-3.149521e-10	-1.320801e+01	-2.454846e+01
5.970000e-06	-1.901577e-06	-3.459824e-10	-1.351290e+01	-2.634755e+01
5.980000e-06	-1.944243e-06	-3.730247e-10	-1.381609e+01	-2.813922e+01
5.990000e-06	-1.986760e-06	-3.988930e-10	-1.411822e+01	-2.992129e+01
6.000000e-06	-2.029229e-06	-4.262285e-10	-1.442001e+01	-3.169164e+01
6.010000e-06	-2.071544e-06	-4.521155e-10	-1.472071e+01	-3.344816e+01
6.020000e-06	-2.113654e-06	-4.759967e-10	-1.501994e+01	-3.518885e+01
6.030000e-06	-2.155649e-06	-5.023675e-10	-1.531837e+01	-3.691175e+01
6.040000e-06	-2.197571e-06	-5.314785e-10	-1.561627e+01	-3.861499e+01
6.050000e-06	-2.239352e-06	-5.608326e-10	-1.591318e+01	-4.029678e+01
6.060000e-06	-2.280960e-06	-5.877886e-10	-1.620885e+01	-4.195544e+01
6.070000e-06	-2.322402e-06	-6.110014e-10	-1.650335e+01	-4.358937e+01
6.080000e-06	-2.363678e-06	-6.335197e-10	-1.679665e+01	-4.519710e+01
6.090000e-06	-2.404752e-06	-6.555307e-10	-1.708853e+01	-4.677728e+01
6.100000e-06	-2.445573e-06	-6.760391e-10	-1.737862e+01	-4.832865e+01
6.110000e-06	-2.486221e-06	-6.988564e-10	-1.766747e+01	-4.985011e+01
6.120000e-06	-2.526720e-06	-7.258652e-10	-1.795525e+01	-5.134064e+01
6.130000e-06	-2.567055e-06	-7.527742e-10	-1.824188e+01	-5.279939e+01
6.140000e-06	-2.607240e-06	-7.779259e-10	-1.852744e+01	-5.422561e+01
6.150000e-06	-2.647354e-06	-8.014519e-10	-1.881250e+01	-5.561869e+01
6.160000e-06	-2.687324e-06	-8.240086e-10	-1.909653e+01	-5.697812e+01
6.170000e-06	-2.727171e-06	-8.450194e-10	-1.937970e+01	-5.830353e+01
6.180000e-06	-2.767025e-06	-8.620628e-10	-1.966290e+01	-5.959468e+01
6.190000e-06	-2.806759e-06	-8.759412e-10	-1.994526e+01	-6.085141e+01
6.200000e-06	-2.846343e-06	-8.907713e-10	-2.022654e+01	-6.207370e+01
6.210000e-06	-2.885711e-06	-9.092124e-10	-2.050630e+01	-6.326161e+01
6.220000e-06	-2.924775e-06	-9.294603e-10	-2.078390e+01	-6.441530e+01
6.230000e-06	-2.963555e-06	-9.481629e-10	-2.105947e+01	-6.553504e+01
6.240000e-06	-3.001946e-06	-9.664079e-10	-2.133229e+01	-6.662116e+01
6.250000e-06	-3.039919e-06	-9.860475e-10	-2.160212e+01	-6.767406e+01
6.260000e-06	-3.077482e-06	-1.005498e-09	-2.186905e+01	-6.869424e+01
6.270000e-06	-3.114663e-06	-1.019711e-09	-2.213327e+01	-6.968221e+01
6.280000e-06	-3.151536e-06	-1.029518e-09	-2.239529e+01	-7.063857e+01
6.290000e-06	-3.188080e-06	-1.040232e-09	-2.265498e+01	-7.156393e+01
6.300000e-06	-3.224388e-06	-1.052489e-09	-2.291299e+01	-7.245897e+01
6.310000e-06	-3.260557e-06	-1.063187e-09	-2.317002e+01	-7.332436e+01
6.320000e-06	-3.296585e-06	-1.072327e-09	-2.342603e+01	-7.416080e+01
6.330000e-06	-3.332552e-06	-1.085067e-09	-2.368162e+01	-7.496901e+01
6.340000e-06	-3.368395e-06	-1.103119e-09	-2.393633e+01	-7.574971e+01
6.350000e-06	-3.404103e-06	-1.121771e-09	-2.419007e+01	-7.650360e+01
6.360000e-06	-3.439601e-06	-1.132887e-09	-2.444233e+01	-7.723138e+01
6.370000e-06	-3.474775e-06	-1.136885e-09	-2.469228e+01	-7.793375e+01
6.380000e-06	-3.509680e-06	-1.140011e-09	-2.494032e+01	-7.861137e+01
6.390000e-06	-3.544321e-06	-1.145619e-09	-2.518648e+01	-7.926488e+01
6.400000e-06	-3.578701e-06	-1.152710e-09	-2.543079e+01	-7.989492e+01
6.410000e-06	-3.612814e-06	-1.161438e-09	-2.567321e+01	-8.050205e+01
6.420000e-06	-3.646751e-06	-1.175671e-09	-2.591437e+01	-8.108686e+01
6.430000e-06	-3.680391e-06	-1.191163e-09	-2.615342e+01	-8.164985e+01
6.440000e-06	-3.713739e-06	-1.201885e-09	-2.639040e+01	-8.219152e+01
6.450000e-06	-3.746804e-06	-1.207124e-09	-2.662536e+01	-8.271234e+01
6.460000e-06	-3.779580e-06	-1.210571e-09	-2.685827e+01	-8.321273e+01
6.470000e-06	-3.812178e-06	-1.217993e-09	-2.708992e+01	-8.369310e+01
6.480000e-06	-3.844552e-06	-1.225075e-09	-2.731997e+01	-8.415380e+01
6.490000e-06	-3.876662e-06	-1.227711e-09	-2.754815e+01	-8.459519e+01
6.500000e-06	-3.908614e-06	-1.230323e-09	-2.777520e+01	-8.501759e+01
6.510000e-06	-3.940424e-06	-1.239509e-09	-2.800125e+01	-8.542130e+01
6.520000e-06	-3.972014e-06	-1.251625e-09	-2.822574e+01	-8.580661e+01
6.530000e-06	-4.003366e-06	-1.258702e-09	-2.844853e+01	-8.617380e+01
6.540000e-06	-4.034276e-06	-1.261387e-09	-2.866818e+01	-8.652313e+01
6.550000e-06	-4.064753e-06	-1.266414e-09	-2.888475e+01	-8.685487e+01
6.560000e-06	-4.094927e-06	-1.272492e-09	-2.909918e+01	-8.716930e+01
6.570000e-06	-4.124554e-06	-1.274079e-09	-2.930971e+01	-8.746667e+01
6.580000e-06	-4.153549e-06	-1.274684e-09	-2.951575e+01	-8.774728e+01
6.590000e-06	-4.182174e-06	-1.280119e-09	-2.971917e+01	-8.801143e+01
6.600000e-06	-4.210478e-06	-1.288777e-09	-2.992030e+01	-8.825942e+01
6.610000e-06	-4.238560e-06	-1.296838e-09	-3.011985e+01	-8.849159e+01
6.620000e-06	-4.266571e-06	-1.300924e-09	-3.031891e+01	-8.870830e+01
6.630000e-06	-4.294415e-06	-1.302817e-09	-3.051677e+01	-8.890994e+01
6.640000e-06	-4.322037e-06	-1.305662e-09	-3.071305e+01	-8.909691e+01
6.650000e-06	-4.349426e-06	-1.306872e-09	-3.090768e+01	-8.926966e+01
6.660000e-06	-4.376443e-06	-1.305431e-09	-3.109967e+01	-8.942866e+01
6.670000e-06	-4.403061e-06	-1.305385e-09	-3.128882e+01	-8.957441e+01
6.680000e-06	-4.429401e-06	-1.312044e-09	-3.147600e+01	-8.970745e+01
6.690000e-06	-4.455441e-06	-1.319728e-09	-3.166104e+01	-8.982834e+01
6.700000e-06	-4.481163e-06	-1.321723e-09	-3.184383e+01	-8.993768e+01
6.710000e-06	-4.506624e-06	-1.322473e-09	-3.202476e+01	-9.003607e+01
6.720000e-06	-4.531693e-06	-1.326107e-09	-3.220290e+01	-9.012417e+01
6.730000e-06	-4.556315e-06	-1.329238e-09	-3.237787e+01	-9.020263e+01
6.740000e-06	-4.580643e-06	-1.328685e-09	-3.255075e+01	-9.027213e+01
6.750000e-06	-4.604791e-06	-1.328572e-09	-3.272234e+01	-9.033337e+01
6.760000e-06	-4.628796e-06	-1.334435e-09	-3.289293e+01	-9.038703e+01
6.770000e-06	-4.652641e-06	-1.341974e-09	-3.306238e+01	-9.043383e+01
6.780000e-06	-4.676206e-06	-1.347235e-09	-3.322983e+01	-9.047447e+01
6.790000e-06	-4.699432e-06	-1.349453e-09	-3.339488e+01	-9.050962e+01
6.800000e-06	-4.722161e-06	-1.348815e-09	-3.355640e+01	-9.053999e+01
6.810000e-06	-4.744428e-06	-1.346953e-09	-3.371463e+01	-9.056622e+01
6.820000e-06	-4.766284e-06	-1.344959e-09	-3.386994e+01	-9.058895e+01
6.830000e-06	-4.787473e-06	-1.345612e-09	-3.402051e+01	-9.060879e+01
6.840000e-06	-4.808118e-06	-1.350714e-09	-3.416722e+01	-9.062632e+01
6.850000e-06	-4.828444e-06	-1.358330e-09	-3.431166e+01	-9.064206e+01
6.860000e-06	-4.848494e-06	-1.361710e-09	-3.445414e+01	-9.065649e+01
6.870000e-06	-4.868379e-06	-1.359574e-09	-3.459544e+01	-9.067007e+01
6.880000e-06	-4.888110e-06	-1.357924e-09	-3.473565e+01	-9.068317e+01
6.890000e-06	-4.907467e-06	-1.357772e-09	-3.487320e+01	-9.069613e+01
6.900000e-06	-4.926464e-06	-1.358346e-09	-3.500820e+01	-9.070920e+01
6.910000e-06	-4.945201e-06	-1.358716e-09	-3.514135e+01	-9.072260e+01
6.920000e-06	-4.963579e-06	-1.360980e-09	-3.527195e+01	-9.073647e+01
6.930000e-06	-4.981637e-06	-1.367298e-09	-3.540027e+01	-9.075090e+01
6.940000e-06	-4.999422e-06	-1.371241e-09	-3.552666e+01	-9.076588e+01
6.950000e-06	-5.016872e-06	-1.369470e-09	-3.565066e+01	-9.078139e+01
6.960000e-06	-5.033942e-06	-1.366585e-09	-3.577196e+01	-9.079730e+01
6.970000e-06	-5.050596e-06	-1.365643e-09	-3.589030e+01	-9.081344e+01
6.980000e-06	-5.066944e-06	-1.364666e-09	-3.600648e+01	-9.082959e+01
6.990000e-06	-5.083095e-06	-1.364136e-09	-3.612125e+01	-9.084547e+01
7.000000e-06	-5.099063e-06	-1.366567e-09	-3.623472e+01	-9.086073e+01
7.010000e-06	-5.114772e-06	-1.371394e-09	-3.634635e+01	-9.087502e+01
7.020000e-06	-5.130058e-06	-1.374434e-09	-3.645498e+01	-9.088790e+01
7.030000e-06	-5.144768e-06	-1.371734e-09	-3.655951e+01	-9.089894e+01
7.040000e-06	-5.158812e-06	-1.365952e-09	-3.665930e+01	-9.090766e+01
7.050000e-06	-5.172296e-06	-1.360897e-09	-3.675512e+01	-9.091356e+01
7.060000e-06	-5.185208e-06	-1.357179e-09	-3.684687e+01	-9.091613e+01
7.070000e-06	-5.197538e-06	-1.356500e-09	-3.693450e+01	-9.091487e+01
7.080000e-06	-5.209580e-06	-1.359168e-09	-3.702007e+01	-9.090927e+01
7.090000e-06	-5.221415e-06	-1.365097e-09	-3.710417e+01	-9.089883e+01
7.100000e-06	-5.232924e-06	-1.370581e-09	-3.718596e+01	-9.088307e+01
7.110000e-06	-5.243969e-06	-1.370026e-09	-3.726444e+01	-9.086153e+01
7.120000e-06	-5.254590e-06	-1.364111e-09	-3.733992e+01	-9.083380e+01
7.130000e-06	-5.264891e-06	-1.357446e-09	-3.741312e+01	-9.079950e+01
7.140000e-06	-5.274908e-06	-1.354397e-09	-3.748430e+01	-9.075831e+01
7.150000e-06	-5.284508e-06	-1.352974e-09	-3.755252e+01	-9.070993e+01
7.160000e-06	-5.293628e-06	-1.350984e-09	-3.761733e+01	-9.065416e+01
7.170000e-06	-5.302459e-06	-1.351981e-09	-3.768008e+01	-9.059084e+01
7.180000e-06	-5.310926e-06	-1.355553e-09	-3.774025e+01	-9.051989e+01
7.190000e-06	-5.319057e-06	-1.357183e-09	-3.779803e+01	-9.044131e+01
7.200000e-06	-5.327037e-06	-1.355540e-09	-3.785474e+01	-9.035515e+01
7.210000e-06	-5.334792e-06	-1.352291e-09	-3.790985e+01	-9.026157e+01
7.220000e-06	-5.342225e-06	-1.348398e-09	-3.796267e+01	-9.016079e+01
7.230000e-06	-5.349249e-06	-1.344276e-09	-3.801258e+01	-9.005312e+01
7.240000e-06	-5.355695e-06	-1.342417e-09	-3.805839e+01	-8.993894e+01
7.250000e-06	-5.361506e-06	-1.343382e-09	-3.809968e+01	-8.981870e+01
7.260000e-06	-5.366603e-06	-1.345912e-09	-3.813590e+01	-8.969296e+01
7.270000e-06	-5.371210e-06	-1.347110e-09	-3.816864e+01	-8.956231e+01
7.280000e-06	-5.375499e-06	-1.343766e-09	-3.819911e+01	-8.942743e+01
7.290000e-06	-5.379489e-06	-1.337553e-09	-3.822747e+01	-8.928906e+01
7.300000e-06	-5.383384e-06	-1.331809e-09	-3.825515e+01	-8.914799e+01
7.310000e-06	-5.387042e-06	-1.325635e-09	-3.828114e+01	-8.900506e+01
7.320000e-06	-5.390188e-06	-1.321917e-09	-3.830350e+01	-8.886116e+01
7.330000e-06	-5.392867e-06	-1.323946e-09	-3.832254e+01	-8.871721e+01
7.340000e-06	-5.395250e-06	-1.329619e-09	-3.833947e+01	-8.857414e+01
7.350000e-06	-5.397382e-06	-1.333563e-09	-3.835462e+01	-8.843293e+01
7.360000e-06	-5.399301e-06	-1.330460e-09	-3.836825e+01	-8.829453e+01
7.370000e-06	-5.400746e-06	-1.324345e-09	-3.837852e+01	-8.815991e+01
7.380000e-06	-5.401651e-06	-1.318792e-09	-3.838496e+01	-8.803002e+01
7.390000e-06	-5.402239e-06	-1.313320e-09	-3.838914e+01	-8.790578e+01
7.400000e-06	-5.402520e-06	-1.309228e-09	-3.839113e+01	-8.778810e+01
