# Temperatura_=_11.49
# Concentracion g/m^3_=_4090.0
# C_Vs_to_Am_M_A/Vsm_=_65563218390.804596
# pendiente_HvsI_1/m_=_3716.3
# ordenada_HvsI_A/m_=_1297.0
# frecuencia_Hz_=_135084.37653917912

Tiempo_(s)	Campo_(V.s)	Magnetizacion_(V.s)	Campo_(kA/m)	Magnetizacion_(A/m)
0.000000e+00	-5.417146e-06	-1.251381e-09	-3.838596e+01	-8.510713e+01
1.000000e-08	-5.417309e-06	-1.248088e-09	-3.838712e+01	-8.498197e+01
2.000000e-08	-5.417266e-06	-1.247497e-09	-3.838681e+01	-8.486806e+01
3.000000e-08	-5.416991e-06	-1.245521e-09	-3.838487e+01	-8.476635e+01
4.000000e-08	-5.416476e-06	-1.239482e-09	-3.838122e+01	-8.467765e+01
5.000000e-08	-5.415513e-06	-1.233358e-09	-3.837439e+01	-8.460273e+01
6.000000e-08	-5.413978e-06	-1.231704e-09	-3.836352e+01	-8.454222e+01
7.000000e-08	-5.411781e-06	-1.241877e-09	-3.834795e+01	-8.449664e+01
8.000000e-08	-5.408895e-06	-1.244660e-09	-3.832750e+01	-8.446642e+01
9.000000e-08	-5.405392e-06	-1.214781e-09	-3.830267e+01	-8.445182e+01
1.000000e-07	-5.401348e-06	-1.220589e-09	-3.827402e+01	-8.445301e+01
1.100000e-07	-5.397051e-06	-1.310737e-09	-3.824357e+01	-8.447002e+01
1.200000e-07	-5.392663e-06	-1.281136e-09	-3.821248e+01	-8.450272e+01
1.300000e-07	-5.388117e-06	-1.200430e-09	-3.818026e+01	-8.455088e+01
1.400000e-07	-5.383194e-06	-1.171452e-09	-3.814538e+01	-8.461412e+01
1.500000e-07	-5.377873e-06	-1.294266e-09	-3.810767e+01	-8.469192e+01
1.600000e-07	-5.372130e-06	-1.310779e-09	-3.806698e+01	-8.478363e+01
1.700000e-07	-5.365935e-06	-1.177283e-09	-3.802308e+01	-8.488849e+01
1.800000e-07	-5.359410e-06	-1.191122e-09	-3.797685e+01	-8.500562e+01
1.900000e-07	-5.352570e-06	-1.303817e-09	-3.792838e+01	-8.513401e+01
2.000000e-07	-5.345382e-06	-1.348101e-09	-3.787744e+01	-8.527255e+01
2.100000e-07	-5.337845e-06	-1.236861e-09	-3.782404e+01	-8.542004e+01
2.200000e-07	-5.330068e-06	-1.284120e-09	-3.776893e+01	-8.557519e+01
2.300000e-07	-5.322009e-06	-1.365959e-09	-3.771182e+01	-8.573663e+01
2.400000e-07	-5.313581e-06	-1.368812e-09	-3.765210e+01	-8.590294e+01
2.500000e-07	-5.304649e-06	-1.319469e-09	-3.758881e+01	-8.607263e+01
2.600000e-07	-5.295197e-06	-1.409185e-09	-3.752183e+01	-8.624417e+01
2.700000e-07	-5.285028e-06	-1.450198e-09	-3.744977e+01	-8.641602e+01
2.800000e-07	-5.274266e-06	-1.391447e-09	-3.737351e+01	-8.658661e+01
2.900000e-07	-5.263072e-06	-1.371352e-09	-3.729419e+01	-8.675438e+01
3.000000e-07	-5.251346e-06	-1.432584e-09	-3.721111e+01	-8.691777e+01
3.100000e-07	-5.239262e-06	-1.397909e-09	-3.712548e+01	-8.707527e+01
3.200000e-07	-5.226859e-06	-1.340821e-09	-3.703759e+01	-8.722538e+01
3.300000e-07	-5.214117e-06	-1.403198e-09	-3.694730e+01	-8.736667e+01
3.400000e-07	-5.201006e-06	-1.440264e-09	-3.685440e+01	-8.749777e+01
3.500000e-07	-5.187485e-06	-1.382681e-09	-3.675858e+01	-8.761738e+01
3.600000e-07	-5.173610e-06	-1.371506e-09	-3.666027e+01	-8.772430e+01
3.700000e-07	-5.159396e-06	-1.410973e-09	-3.655955e+01	-8.781741e+01
3.800000e-07	-5.144637e-06	-1.366410e-09	-3.645496e+01	-8.789570e+01
3.900000e-07	-5.129272e-06	-1.334316e-09	-3.634609e+01	-8.795828e+01
4.000000e-07	-5.113307e-06	-1.369884e-09	-3.623296e+01	-8.800437e+01
4.100000e-07	-5.096805e-06	-1.378820e-09	-3.611602e+01	-8.803332e+01
4.200000e-07	-5.079878e-06	-1.349415e-09	-3.599608e+01	-8.804459e+01
4.300000e-07	-5.062675e-06	-1.386591e-09	-3.587418e+01	-8.803781e+01
4.400000e-07	-5.045224e-06	-1.388106e-09	-3.575052e+01	-8.801272e+01
4.500000e-07	-5.027500e-06	-1.352477e-09	-3.562493e+01	-8.796918e+01
4.600000e-07	-5.009525e-06	-1.333846e-09	-3.549756e+01	-8.790721e+01
4.700000e-07	-4.991187e-06	-1.358070e-09	-3.536761e+01	-8.782696e+01
4.800000e-07	-4.972405e-06	-1.332048e-09	-3.523452e+01	-8.772868e+01
4.900000e-07	-4.953148e-06	-1.335143e-09	-3.509807e+01	-8.761278e+01
5.000000e-07	-4.933545e-06	-1.338959e-09	-3.495916e+01	-8.747977e+01
5.100000e-07	-4.913748e-06	-1.339701e-09	-3.481888e+01	-8.733027e+01
5.200000e-07	-4.893756e-06	-1.331473e-09	-3.467722e+01	-8.716500e+01
5.300000e-07	-4.873541e-06	-1.343851e-09	-3.453397e+01	-8.698478e+01
5.400000e-07	-4.853038e-06	-1.317716e-09	-3.438869e+01	-8.679053e+01
5.500000e-07	-4.832238e-06	-1.313152e-09	-3.424130e+01	-8.658322e+01
5.600000e-07	-4.811045e-06	-1.324503e-09	-3.409112e+01	-8.636390e+01
5.700000e-07	-4.789481e-06	-1.322719e-09	-3.393832e+01	-8.613366e+01
5.800000e-07	-4.767644e-06	-1.298293e-09	-3.378359e+01	-8.589366e+01
5.900000e-07	-4.745564e-06	-1.302147e-09	-3.362712e+01	-8.564506e+01
6.000000e-07	-4.723124e-06	-1.300922e-09	-3.346811e+01	-8.538905e+01
6.100000e-07	-4.700262e-06	-1.299019e-09	-3.330611e+01	-8.512682e+01
6.200000e-07	-4.677126e-06	-1.300311e-09	-3.314217e+01	-8.485958e+01
6.300000e-07	-4.653687e-06	-1.291645e-09	-3.297609e+01	-8.458849e+01
6.400000e-07	-4.629946e-06	-1.287036e-09	-3.280786e+01	-8.431469e+01
6.500000e-07	-4.606045e-06	-1.300603e-09	-3.263849e+01	-8.403931e+01
6.600000e-07	-4.581891e-06	-1.300796e-09	-3.246734e+01	-8.376339e+01
6.700000e-07	-4.557471e-06	-1.278819e-09	-3.229430e+01	-8.348793e+01
6.800000e-07	-4.532745e-06	-1.276820e-09	-3.211908e+01	-8.321389e+01
6.900000e-07	-4.507450e-06	-1.279895e-09	-3.193985e+01	-8.294211e+01
7.000000e-07	-4.481623e-06	-1.275875e-09	-3.175683e+01	-8.267338e+01
7.100000e-07	-4.455348e-06	-1.261584e-09	-3.157065e+01	-8.240839e+01
7.200000e-07	-4.428659e-06	-1.263973e-09	-3.138153e+01	-8.214776e+01
7.300000e-07	-4.401497e-06	-1.268886e-09	-3.118906e+01	-8.189199e+01
7.400000e-07	-4.373849e-06	-1.279830e-09	-3.099315e+01	-8.164149e+01
7.500000e-07	-4.345973e-06	-1.268062e-09	-3.079562e+01	-8.139659e+01
7.600000e-07	-4.317973e-06	-1.259150e-09	-3.059721e+01	-8.115749e+01
7.700000e-07	-4.289784e-06	-1.254045e-09	-3.039746e+01	-8.092433e+01
7.800000e-07	-4.261444e-06	-1.257325e-09	-3.019664e+01	-8.069712e+01
7.900000e-07	-4.232854e-06	-1.243293e-09	-2.999405e+01	-8.047579e+01
8.000000e-07	-4.203839e-06	-1.235050e-09	-2.978846e+01	-8.026019e+01
8.100000e-07	-4.174476e-06	-1.235519e-09	-2.958039e+01	-8.005007e+01
8.200000e-07	-4.144837e-06	-1.246419e-09	-2.937036e+01	-7.984510e+01
8.300000e-07	-4.114930e-06	-1.245049e-09	-2.915844e+01	-7.964489e+01
8.400000e-07	-4.084765e-06	-1.239727e-09	-2.894470e+01	-7.944898e+01
8.500000e-07	-4.054335e-06	-1.232317e-09	-2.872907e+01	-7.925685e+01
8.600000e-07	-4.023689e-06	-1.232975e-09	-2.851191e+01	-7.906791e+01
8.700000e-07	-3.992758e-06	-1.224544e-09	-2.829273e+01	-7.888156e+01
8.800000e-07	-3.961559e-06	-1.212000e-09	-2.807166e+01	-7.869714e+01
8.900000e-07	-3.930090e-06	-1.201910e-09	-2.784867e+01	-7.851399e+01
9.000000e-07	-3.898352e-06	-1.205796e-09	-2.762377e+01	-7.833139e+01
9.100000e-07	-3.866479e-06	-1.211038e-09	-2.739792e+01	-7.814867e+01
9.200000e-07	-3.834479e-06	-1.210687e-09	-2.717116e+01	-7.796511e+01
9.300000e-07	-3.802247e-06	-1.207067e-09	-2.694277e+01	-7.778002e+01
9.400000e-07	-3.769741e-06	-1.208872e-09	-2.671243e+01	-7.759274e+01
9.500000e-07	-3.736925e-06	-1.211524e-09	-2.647990e+01	-7.740261e+01
9.600000e-07	-3.703707e-06	-1.204751e-09	-2.624451e+01	-7.720902e+01
9.700000e-07	-3.670081e-06	-1.194069e-09	-2.600624e+01	-7.701138e+01
9.800000e-07	-3.636043e-06	-1.186131e-09	-2.576505e+01	-7.680916e+01
9.900000e-07	-3.601524e-06	-1.185181e-09	-2.552045e+01	-7.660188e+01
1.000000e-06	-3.566684e-06	-1.179950e-09	-2.527357e+01	-7.638910e+01
1.010000e-06	-3.531623e-06	-1.176548e-09	-2.502513e+01	-7.617045e+01
1.020000e-06	-3.496184e-06	-1.176384e-09	-2.477400e+01	-7.594561e+01
1.030000e-06	-3.460475e-06	-1.181315e-09	-2.452097e+01	-7.571434e+01
1.040000e-06	-3.424682e-06	-1.178066e-09	-2.426734e+01	-7.547643e+01
1.050000e-06	-3.388731e-06	-1.169549e-09	-2.401259e+01	-7.523177e+01
1.060000e-06	-3.352615e-06	-1.158995e-09	-2.375667e+01	-7.498028e+01
1.070000e-06	-3.316337e-06	-1.154732e-09	-2.349960e+01	-7.472198e+01
1.080000e-06	-3.279833e-06	-1.146308e-09	-2.324093e+01	-7.445691e+01
1.090000e-06	-3.243061e-06	-1.138149e-09	-2.298037e+01	-7.418520e+01
1.100000e-06	-3.206058e-06	-1.131899e-09	-2.271817e+01	-7.390700e+01
1.110000e-06	-3.168825e-06	-1.135755e-09	-2.245433e+01	-7.362253e+01
1.120000e-06	-3.131335e-06	-1.137601e-09	-2.218868e+01	-7.333206e+01
1.130000e-06	-3.093667e-06	-1.133902e-09	-2.192176e+01	-7.303588e+01
1.140000e-06	-3.055762e-06	-1.120908e-09	-2.165317e+01	-7.273433e+01
1.150000e-06	-3.017633e-06	-1.110947e-09	-2.138298e+01	-7.242776e+01
1.160000e-06	-2.979371e-06	-1.104785e-09	-2.111186e+01	-7.211657e+01
1.170000e-06	-2.940895e-06	-1.099178e-09	-2.083922e+01	-7.180114e+01
1.180000e-06	-2.902282e-06	-1.089267e-09	-2.056561e+01	-7.148189e+01
1.190000e-06	-2.863531e-06	-1.082473e-09	-2.029101e+01	-7.115921e+01
1.200000e-06	-2.824412e-06	-1.082389e-09	-2.001382e+01	-7.083353e+01
1.210000e-06	-2.785082e-06	-1.085868e-09	-1.973513e+01	-7.050523e+01
1.220000e-06	-2.745644e-06	-1.082473e-09	-1.945567e+01	-7.017469e+01
1.230000e-06	-2.706016e-06	-1.074298e-09	-1.917486e+01	-6.984228e+01
1.240000e-06	-2.666200e-06	-1.066299e-09	-1.889273e+01	-6.950831e+01
1.250000e-06	-2.626243e-06	-1.057595e-09	-1.860959e+01	-6.917310e+01
1.260000e-06	-2.586214e-06	-1.049924e-09	-1.832594e+01	-6.883691e+01
1.270000e-06	-2.546119e-06	-1.041804e-09	-1.804183e+01	-6.849997e+01
1.280000e-06	-2.505872e-06	-1.035966e-09	-1.775664e+01	-6.816245e+01
1.290000e-06	-2.465520e-06	-1.034401e-09	-1.747071e+01	-6.782450e+01
1.300000e-06	-2.425116e-06	-1.035855e-09	-1.718440e+01	-6.748621e+01
1.310000e-06	-2.384606e-06	-1.030999e-09	-1.689735e+01	-6.714762e+01
1.320000e-06	-2.343859e-06	-1.022165e-09	-1.660861e+01	-6.680872e+01
1.330000e-06	-2.302761e-06	-1.012397e-09	-1.631739e+01	-6.646947e+01
1.340000e-06	-2.261408e-06	-1.005194e-09	-1.602437e+01	-6.612975e+01
1.350000e-06	-2.219716e-06	-9.994912e-10	-1.572893e+01	-6.578943e+01
1.360000e-06	-2.177736e-06	-9.967994e-10	-1.543146e+01	-6.544830e+01
1.370000e-06	-2.135553e-06	-9.931447e-10	-1.513256e+01	-6.510613e+01
1.380000e-06	-2.093068e-06	-9.894594e-10	-1.483150e+01	-6.476263e+01
1.390000e-06	-2.050371e-06	-9.841521e-10	-1.452895e+01	-6.441750e+01
1.400000e-06	-2.007503e-06	-9.773788e-10	-1.422519e+01	-6.407037e+01
1.410000e-06	-1.964469e-06	-9.660520e-10	-1.392025e+01	-6.372087e+01
1.420000e-06	-1.921249e-06	-9.601559e-10	-1.361400e+01	-6.336860e+01
1.430000e-06	-1.877793e-06	-9.589566e-10	-1.330607e+01	-6.301312e+01
1.440000e-06	-1.834213e-06	-9.579872e-10	-1.299725e+01	-6.265398e+01
1.450000e-06	-1.790548e-06	-9.530409e-10	-1.268785e+01	-6.229074e+01
1.460000e-06	-1.746745e-06	-9.467283e-10	-1.237746e+01	-6.192291e+01
1.470000e-06	-1.702807e-06	-9.415294e-10	-1.206611e+01	-6.155003e+01
1.480000e-06	-1.658766e-06	-9.358230e-10	-1.175403e+01	-6.117162e+01
1.490000e-06	-1.614647e-06	-9.265336e-10	-1.144141e+01	-6.078720e+01
1.500000e-06	-1.570481e-06	-9.188485e-10	-1.112845e+01	-6.039632e+01
1.510000e-06	-1.526227e-06	-9.185268e-10	-1.081486e+01	-5.999852e+01
1.520000e-06	-1.481939e-06	-9.202091e-10	-1.050104e+01	-5.959334e+01
1.530000e-06	-1.437605e-06	-9.131090e-10	-1.018689e+01	-5.918037e+01
1.540000e-06	-1.393168e-06	-9.011279e-10	-9.872007e+00	-5.875919e+01
1.550000e-06	-1.348732e-06	-8.919757e-10	-9.557134e+00	-5.832940e+01
1.560000e-06	-1.304312e-06	-8.849887e-10	-9.242368e+00	-5.789063e+01
1.570000e-06	-1.259741e-06	-8.787241e-10	-8.926537e+00	-5.744251e+01
1.580000e-06	-1.214985e-06	-8.701842e-10	-8.609398e+00	-5.698471e+01
1.590000e-06	-1.170211e-06	-8.651406e-10	-8.292130e+00	-5.651691e+01
1.600000e-06	-1.125421e-06	-8.623300e-10	-7.974750e+00	-5.603879e+01
1.610000e-06	-1.080482e-06	-8.564964e-10	-7.656310e+00	-5.555006e+01
1.620000e-06	-1.035370e-06	-8.469986e-10	-7.336646e+00	-5.505046e+01
1.630000e-06	-9.901504e-07	-8.380296e-10	-7.016218e+00	-5.453970e+01
1.640000e-06	-9.448015e-07	-8.320934e-10	-6.694875e+00	-5.401752e+01
1.650000e-06	-8.994449e-07	-8.266631e-10	-6.373478e+00	-5.348367e+01
1.660000e-06	-8.540557e-07	-8.158259e-10	-6.051849e+00	-5.293788e+01
1.670000e-06	-8.084660e-07	-8.035794e-10	-5.728800e+00	-5.237990e+01
1.680000e-06	-7.628181e-07	-7.943455e-10	-5.405338e+00	-5.180945e+01
1.690000e-06	-7.172438e-07	-7.870169e-10	-5.082399e+00	-5.122625e+01
1.700000e-06	-6.717055e-07	-7.758251e-10	-4.759714e+00	-5.062999e+01
1.710000e-06	-6.260927e-07	-7.647086e-10	-4.436501e+00	-5.002037e+01
1.720000e-06	-5.803470e-07	-7.588465e-10	-4.112346e+00	-4.939704e+01
1.730000e-06	-5.345167e-07	-7.551503e-10	-3.787592e+00	-4.875964e+01
1.740000e-06	-4.886740e-07	-7.444397e-10	-3.462750e+00	-4.810776e+01
1.750000e-06	-4.428010e-07	-7.265243e-10	-3.137694e+00	-4.744097e+01
1.760000e-06	-3.969531e-07	-7.120750e-10	-2.812814e+00	-4.675882e+01
1.770000e-06	-3.510524e-07	-7.006768e-10	-2.487562e+00	-4.606079e+01
1.780000e-06	-3.049862e-07	-6.894360e-10	-2.161136e+00	-4.534635e+01
1.790000e-06	-2.589695e-07	-6.782101e-10	-1.835061e+00	-4.461491e+01
1.800000e-06	-2.130182e-07	-6.713183e-10	-1.509450e+00	-4.386587e+01
1.810000e-06	-1.671284e-07	-6.634155e-10	-1.184274e+00	-4.309856e+01
1.820000e-06	-1.213052e-07	-6.481316e-10	-8.595700e-01	-4.231230e+01
1.830000e-06	-7.540270e-08	-6.291330e-10	-5.343045e-01	-4.150634e+01
1.840000e-06	-2.948497e-08	-6.119842e-10	-2.089309e-01	-4.067995e+01
1.850000e-06	1.647690e-08	-6.034520e-10	1.167555e-01	-3.983232e+01
1.860000e-06	6.244958e-08	-5.979631e-10	4.425185e-01	-3.896265e+01
1.870000e-06	1.083771e-07	-5.878672e-10	7.679618e-01	-3.807011e+01
1.880000e-06	1.543234e-07	-5.748277e-10	1.093538e+00	-3.715385e+01
1.890000e-06	2.002269e-07	-5.591247e-10	1.418810e+00	-3.621303e+01
1.900000e-06	2.460897e-07	-5.376300e-10	1.743795e+00	-3.524679e+01
1.910000e-06	2.919763e-07	-5.115371e-10	2.068947e+00	-3.425430e+01
1.920000e-06	3.378244e-07	-4.879684e-10	2.393828e+00	-3.323472e+01
1.930000e-06	3.836429e-07	-4.730404e-10	2.718498e+00	-3.218726e+01
1.940000e-06	4.294549e-07	-4.651932e-10	3.043123e+00	-3.111114e+01
1.950000e-06	4.752901e-07	-4.546474e-10	3.367912e+00	-3.000564e+01
1.960000e-06	5.212061e-07	-4.374878e-10	3.693273e+00	-2.887006e+01
1.970000e-06	5.670370e-07	-4.168123e-10	4.018031e+00	-2.770380e+01
1.980000e-06	6.126942e-07	-3.940121e-10	4.341559e+00	-2.650630e+01
1.990000e-06	6.582780e-07	-3.705057e-10	4.664566e+00	-2.527708e+01
2.000000e-06	7.038179e-07	-3.460121e-10	4.987262e+00	-2.401575e+01
2.010000e-06	7.493786e-07	-3.275827e-10	5.310106e+00	-2.272202e+01
2.020000e-06	7.948882e-07	-3.155447e-10	5.632587e+00	-2.139569e+01
2.030000e-06	8.402493e-07	-3.011914e-10	5.954017e+00	-2.003667e+01
2.040000e-06	8.855993e-07	-2.806635e-10	6.275368e+00	-1.864499e+01
2.050000e-06	9.308812e-07	-2.575955e-10	6.596236e+00	-1.722080e+01
2.060000e-06	9.760648e-07	-2.340245e-10	6.916407e+00	-1.576437e+01
2.070000e-06	1.021200e-06	-2.096725e-10	7.236237e+00	-1.427611e+01
2.080000e-06	1.066215e-06	-1.837725e-10	7.555214e+00	-1.275655e+01
2.090000e-06	1.111143e-06	-1.572470e-10	7.873572e+00	-1.120638e+01
2.100000e-06	1.156063e-06	-1.341290e-10	8.191874e+00	-9.626393e+00
2.110000e-06	1.200907e-06	-1.125380e-10	8.509644e+00	-8.017549e+00
2.120000e-06	1.245532e-06	-8.759056e-11	8.825852e+00	-6.380933e+00
2.130000e-06	1.290053e-06	-5.981432e-11	9.141331e+00	-4.717765e+00
2.140000e-06	1.334590e-06	-3.387590e-11	9.456921e+00	-3.029398e+00
2.150000e-06	1.378998e-06	-1.111957e-11	9.771598e+00	-1.317315e+00
2.160000e-06	1.423341e-06	1.368819e-11	1.008581e+01	4.168804e-01
2.170000e-06	1.467713e-06	4.030372e-11	1.040023e+01	2.171467e+00
2.180000e-06	1.511965e-06	6.487124e-11	1.071380e+01	3.944615e+00
2.190000e-06	1.556123e-06	8.715663e-11	1.102671e+01	5.734389e+00
2.200000e-06	1.600252e-06	1.121154e-10	1.133941e+01	7.538766e+00
2.210000e-06	1.644293e-06	1.404076e-10	1.165148e+01	9.355636e+00
2.220000e-06	1.688287e-06	1.679341e-10	1.196323e+01	1.118282e+01
2.230000e-06	1.732197e-06	1.942210e-10	1.227437e+01	1.301807e+01
2.240000e-06	1.776020e-06	2.225057e-10	1.258490e+01	1.485909e+01
2.250000e-06	1.819748e-06	2.532188e-10	1.289475e+01	1.670355e+01
2.260000e-06	1.863343e-06	2.827717e-10	1.320367e+01	1.854910e+01
2.270000e-06	1.906890e-06	3.096646e-10	1.351225e+01	2.039336e+01
2.280000e-06	1.950365e-06	3.375607e-10	1.382031e+01	2.223396e+01
2.290000e-06	1.993608e-06	3.693277e-10	1.412673e+01	2.406854e+01
2.300000e-06	2.036668e-06	3.992849e-10	1.443185e+01	2.589475e+01
2.310000e-06	2.079591e-06	4.249255e-10	1.473601e+01	2.771031e+01
2.320000e-06	2.122145e-06	4.512382e-10	1.503754e+01	2.951295e+01
2.330000e-06	2.164286e-06	4.807044e-10	1.533616e+01	3.130049e+01
2.340000e-06	2.206333e-06	5.092262e-10	1.563410e+01	3.307081e+01
2.350000e-06	2.248179e-06	5.339697e-10	1.593062e+01	3.482185e+01
2.360000e-06	2.289652e-06	5.580706e-10	1.622450e+01	3.655168e+01
2.370000e-06	2.330750e-06	5.866303e-10	1.651573e+01	3.825844e+01
2.380000e-06	2.371575e-06	6.160096e-10	1.680501e+01	3.994039e+01
2.390000e-06	2.412311e-06	6.404653e-10	1.709366e+01	4.159590e+01
2.400000e-06	2.452920e-06	6.619670e-10	1.738142e+01	4.322345e+01
2.410000e-06	2.493329e-06	6.842531e-10	1.766776e+01	4.482167e+01
2.420000e-06	2.533535e-06	7.088562e-10	1.795266e+01	4.638931e+01
2.430000e-06	2.573650e-06	7.360855e-10	1.823692e+01	4.792523e+01
2.440000e-06	2.613640e-06	7.641462e-10	1.852029e+01	4.942845e+01
2.450000e-06	2.653493e-06	7.905190e-10	1.880269e+01	5.089812e+01
2.460000e-06	2.693259e-06	8.151979e-10	1.908447e+01	5.233351e+01
2.470000e-06	2.732939e-06	8.385305e-10	1.936564e+01	5.373403e+01
2.480000e-06	2.772420e-06	8.567303e-10	1.964540e+01	5.509924e+01
2.490000e-06	2.811665e-06	8.720756e-10	1.992350e+01	5.642879e+01
2.500000e-06	2.850754e-06	8.897610e-10	2.020048e+01	5.772248e+01
2.510000e-06	2.889619e-06	9.121509e-10	2.047587e+01	5.898023e+01
2.520000e-06	2.928252e-06	9.370477e-10	2.074963e+01	6.020204e+01
2.530000e-06	2.966689e-06	9.622132e-10	2.102200e+01	6.138805e+01
2.540000e-06	3.004852e-06	9.848833e-10	2.129242e+01	6.253849e+01
2.550000e-06	3.042741e-06	1.003229e-09	2.156090e+01	6.365366e+01
2.560000e-06	3.080508e-06	1.017016e-09	2.182852e+01	6.473398e+01
2.570000e-06	3.118128e-06	1.027791e-09	2.209509e+01	6.577991e+01
2.580000e-06	3.155520e-06	1.039179e-09	2.236005e+01	6.679199e+01
2.590000e-06	3.192706e-06	1.051389e-09	2.262355e+01	6.777082e+01
2.600000e-06	3.229734e-06	1.069844e-09	2.288594e+01	6.871704e+01
2.610000e-06	3.266562e-06	1.093833e-09	2.314690e+01	6.963134e+01
2.620000e-06	3.303113e-06	1.118788e-09	2.340590e+01	7.051444e+01
2.630000e-06	3.339478e-06	1.137262e-09	2.366358e+01	7.136708e+01
2.640000e-06	3.375664e-06	1.145835e-09	2.392000e+01	7.219002e+01
2.650000e-06	3.411679e-06	1.148950e-09	2.417520e+01	7.298401e+01
2.660000e-06	3.447516e-06	1.147493e-09	2.442914e+01	7.374984e+01
2.670000e-06	3.483110e-06	1.148251e-09	2.468136e+01	7.448826e+01
2.680000e-06	3.518548e-06	1.156201e-09	2.493248e+01	7.520002e+01
2.690000e-06	3.553739e-06	1.171423e-09	2.518184e+01	7.588586e+01
2.700000e-06	3.588535e-06	1.191421e-09	2.542841e+01	7.654650e+01
2.710000e-06	3.622970e-06	1.211897e-09	2.567241e+01	7.718264e+01
2.720000e-06	3.656969e-06	1.226279e-09	2.591333e+01	7.779494e+01
2.730000e-06	3.690513e-06	1.230935e-09	2.615102e+01	7.838403e+01
2.740000e-06	3.723630e-06	1.228475e-09	2.638569e+01	7.895054e+01
2.750000e-06	3.756460e-06	1.224721e-09	2.661832e+01	7.949503e+01
2.760000e-06	3.789011e-06	1.225704e-09	2.684898e+01	8.001806e+01
2.770000e-06	3.821276e-06	1.232348e-09	2.707761e+01	8.052014e+01
2.780000e-06	3.853392e-06	1.244333e-09	2.730518e+01	8.100177e+01
2.790000e-06	3.885332e-06	1.261568e-09	2.753151e+01	8.146340e+01
2.800000e-06	3.917113e-06	1.275909e-09	2.775671e+01	8.190546e+01
2.810000e-06	3.948679e-06	1.278820e-09	2.798039e+01	8.232838e+01
2.820000e-06	3.979982e-06	1.271703e-09	2.820220e+01	8.273255e+01
2.830000e-06	4.010953e-06	1.266402e-09	2.842166e+01	8.311835e+01
2.840000e-06	4.041584e-06	1.266945e-09	2.863872e+01	8.348615e+01
2.850000e-06	4.071962e-06	1.269570e-09	2.885397e+01	8.383631e+01
2.860000e-06	4.102102e-06	1.273783e-09	2.906755e+01	8.416918e+01
2.870000e-06	4.132012e-06	1.282315e-09	2.927949e+01	8.448512e+01
2.880000e-06	4.161640e-06	1.293464e-09	2.948943e+01	8.478449e+01
2.890000e-06	4.190975e-06	1.300562e-09	2.969730e+01	8.506766e+01
2.900000e-06	4.220063e-06	1.300046e-09	2.990342e+01	8.533501e+01
2.910000e-06	4.248892e-06	1.294229e-09	3.010770e+01	8.558694e+01
2.920000e-06	4.277401e-06	1.292266e-09	3.030972e+01	8.582384e+01
2.930000e-06	4.305646e-06	1.295497e-09	3.050986e+01	8.604616e+01
2.940000e-06	4.333731e-06	1.300357e-09	3.070888e+01	8.625435e+01
2.950000e-06	4.361656e-06	1.305576e-09	3.090675e+01	8.644889e+01
2.960000e-06	4.389284e-06	1.310096e-09	3.110252e+01	8.663026e+01
2.970000e-06	4.416537e-06	1.314978e-09	3.129564e+01	8.679900e+01
2.980000e-06	4.443479e-06	1.316213e-09	3.148655e+01	8.695566e+01
2.990000e-06	4.470070e-06	1.314018e-09	3.167497e+01	8.710082e+01
3.000000e-06	4.496103e-06	1.313784e-09	3.185944e+01	8.723505e+01
3.010000e-06	4.521517e-06	1.319200e-09	3.203953e+01	8.735899e+01
3.020000e-06	4.546398e-06	1.328276e-09	3.221583e+01	8.747327e+01
3.030000e-06	4.570883e-06	1.335750e-09	3.238933e+01	8.757853e+01
3.040000e-06	4.595082e-06	1.339895e-09	3.256081e+01	8.767543e+01
3.050000e-06	4.619057e-06	1.339690e-09	3.273070e+01	8.776464e+01
3.060000e-06	4.642805e-06	1.338423e-09	3.289898e+01	8.784683e+01
3.070000e-06	4.666348e-06	1.337225e-09	3.306580e+01	8.792266e+01
3.080000e-06	4.689635e-06	1.336280e-09	3.323081e+01	8.799279e+01
3.090000e-06	4.712565e-06	1.338196e-09	3.339329e+01	8.805788e+01
3.100000e-06	4.735110e-06	1.343662e-09	3.355305e+01	8.811854e+01
3.110000e-06	4.757213e-06	1.348305e-09	3.370967e+01	8.817539e+01
3.120000e-06	4.779000e-06	1.349604e-09	3.386405e+01	8.822899e+01
3.130000e-06	4.800561e-06	1.348837e-09	3.401684e+01	8.827989e+01
3.140000e-06	4.821854e-06	1.347503e-09	3.416772e+01	8.832859e+01
3.150000e-06	4.842839e-06	1.345446e-09	3.431642e+01	8.837554e+01
3.160000e-06	4.863507e-06	1.343655e-09	3.446287e+01	8.842115e+01
3.170000e-06	4.883871e-06	1.345720e-09	3.460717e+01	8.846577e+01
3.180000e-06	4.903962e-06	1.352357e-09	3.474953e+01	8.850970e+01
3.190000e-06	4.923828e-06	1.358376e-09	3.489030e+01	8.855317e+01
3.200000e-06	4.943479e-06	1.362607e-09	3.502955e+01	8.859635e+01
3.210000e-06	4.962834e-06	1.365593e-09	3.516670e+01	8.863934e+01
3.220000e-06	4.981690e-06	1.365775e-09	3.530031e+01	8.868218e+01
3.230000e-06	5.000042e-06	1.362206e-09	3.543036e+01	8.872486e+01
3.240000e-06	5.018057e-06	1.357481e-09	3.555802e+01	8.876726e+01
3.250000e-06	5.035774e-06	1.357443e-09	3.568356e+01	8.880923e+01
3.260000e-06	5.053232e-06	1.364107e-09	3.580727e+01	8.885055e+01
3.270000e-06	5.070362e-06	1.367870e-09	3.592865e+01	8.889093e+01
3.280000e-06	5.086918e-06	1.364882e-09	3.604597e+01	8.893004e+01
3.290000e-06	5.103146e-06	1.363855e-09	3.616096e+01	8.896747e+01
3.300000e-06	5.119200e-06	1.367639e-09	3.627472e+01	8.900280e+01
3.310000e-06	5.134867e-06	1.370803e-09	3.638573e+01	8.903552e+01
3.320000e-06	5.150079e-06	1.369951e-09	3.649352e+01	8.906513e+01
3.330000e-06	5.164845e-06	1.370381e-09	3.659815e+01	8.909107e+01
3.340000e-06	5.179194e-06	1.372566e-09	3.669984e+01	8.911278e+01
3.350000e-06	5.193171e-06	1.370708e-09	3.679887e+01	8.912967e+01
3.360000e-06	5.206790e-06	1.364504e-09	3.689538e+01	8.914117e+01
3.370000e-06	5.219956e-06	1.357868e-09	3.698867e+01	8.914667e+01
3.380000e-06	5.232682e-06	1.354755e-09	3.707885e+01	8.914562e+01
3.390000e-06	5.245065e-06	1.354966e-09	3.716659e+01	8.913746e+01
3.400000e-06	5.257152e-06	1.356459e-09	3.725224e+01	8.912168e+01
3.410000e-06	5.268881e-06	1.358302e-09	3.733535e+01	8.909778e+01
3.420000e-06	5.280215e-06	1.358950e-09	3.741567e+01	8.906533e+01
3.430000e-06	5.291024e-06	1.358752e-09	3.749226e+01	8.902396e+01
3.440000e-06	5.301163e-06	1.356433e-09	3.756411e+01	8.897334e+01
3.450000e-06	5.310623e-06	1.351969e-09	3.763114e+01	8.891322e+01
3.460000e-06	5.319490e-06	1.348895e-09	3.769398e+01	8.884342e+01
3.470000e-06	5.327988e-06	1.348274e-09	3.775419e+01	8.876386e+01
3.480000e-06	5.336163e-06	1.349562e-09	3.781212e+01	8.867452e+01
3.490000e-06	5.344103e-06	1.351333e-09	3.786838e+01	8.857548e+01
3.500000e-06	5.351850e-06	1.351524e-09	3.792328e+01	8.846692e+01
3.510000e-06	5.359209e-06	1.351131e-09	3.797542e+01	8.834910e+01
3.520000e-06	5.366141e-06	1.349366e-09	3.802454e+01	8.822239e+01
3.530000e-06	5.372703e-06	1.344710e-09	3.807104e+01	8.808725e+01
3.540000e-06	5.378920e-06	1.339507e-09	3.811510e+01	8.794422e+01
3.550000e-06	5.384818e-06	1.336585e-09	3.815689e+01	8.779396e+01
3.560000e-06	5.390280e-06	1.336063e-09	3.819559e+01	8.763720e+01
3.570000e-06	5.395315e-06	1.336002e-09	3.823127e+01	8.747475e+01
3.580000e-06	5.400012e-06	1.336172e-09	3.826455e+01	8.730752e+01
3.590000e-06	5.404363e-06	1.334270e-09	3.829539e+01	8.713646e+01
3.600000e-06	5.408458e-06	1.330620e-09	3.832440e+01	8.696263e+01
3.610000e-06	5.412379e-06	1.327665e-09	3.835219e+01	8.678709e+01
3.620000e-06	5.416043e-06	1.326164e-09	3.837815e+01	8.661101e+01
3.630000e-06	5.419393e-06	1.325463e-09	3.840188e+01	8.643554e+01
3.640000e-06	5.422268e-06	1.324998e-09	3.842226e+01	8.626190e+01
3.650000e-06	5.424451e-06	1.326448e-09	3.843773e+01	8.609130e+01
3.660000e-06	5.425947e-06	1.329237e-09	3.844833e+01	8.592498e+01
3.670000e-06	5.426892e-06	1.330724e-09	3.845502e+01	8.576415e+01
3.680000e-06	5.427398e-06	1.331104e-09	3.845861e+01	8.561002e+01
3.690000e-06	5.427594e-06	1.329319e-09	3.846000e+01	8.546376e+01
3.700000e-06	5.427593e-06	1.326964e-09	3.845999e+01	8.532650e+01
3.710000e-06	5.427351e-06	1.326366e-09	3.845828e+01	8.519932e+01
3.720000e-06	5.426802e-06	1.325752e-09	3.845438e+01	8.508324e+01
3.730000e-06	5.425835e-06	1.323231e-09	3.844753e+01	8.497919e+01
3.740000e-06	5.424484e-06	1.318881e-09	3.843796e+01	8.488803e+01
3.750000e-06	5.422807e-06	1.313752e-09	3.842608e+01	8.481053e+01
3.760000e-06	5.420748e-06	1.306187e-09	3.841149e+01	8.474733e+01
3.770000e-06	5.418342e-06	1.285701e-09	3.839444e+01	8.469900e+01
3.780000e-06	5.415685e-06	1.300355e-09	3.837561e+01	8.466595e+01
3.790000e-06	5.412674e-06	1.328144e-09	3.835427e+01	8.464850e+01
3.800000e-06	5.409126e-06	1.236973e-09	3.832913e+01	8.464682e+01
3.810000e-06	5.405114e-06	1.188610e-09	3.830070e+01	8.466095e+01
3.820000e-06	5.400925e-06	1.263169e-09	3.827102e+01	8.469082e+01
3.830000e-06	5.396616e-06	1.312957e-09	3.824049e+01	8.473619e+01
3.840000e-06	5.391916e-06	1.246127e-09	3.820718e+01	8.479670e+01
3.850000e-06	5.386628e-06	1.142245e-09	3.816971e+01	8.487188e+01
3.860000e-06	5.380857e-06	1.268296e-09	3.812882e+01	8.496108e+01
3.870000e-06	5.374626e-06	1.348271e-09	3.808467e+01	8.506358e+01
3.880000e-06	5.367905e-06	1.222831e-09	3.803704e+01	8.517849e+01
3.890000e-06	5.360692e-06	1.118182e-09	3.798593e+01	8.530483e+01
3.900000e-06	5.353033e-06	1.256300e-09	3.793166e+01	8.544152e+01
3.910000e-06	5.345066e-06	1.355821e-09	3.787520e+01	8.558737e+01
3.920000e-06	5.336796e-06	1.184578e-09	3.781660e+01	8.574110e+01
3.930000e-06	5.328189e-06	1.133767e-09	3.775561e+01	8.590135e+01
3.940000e-06	5.319212e-06	1.286085e-09	3.769200e+01	8.606671e+01
3.950000e-06	5.309886e-06	1.330968e-09	3.762592e+01	8.623570e+01
3.960000e-06	5.300261e-06	1.159852e-09	3.755772e+01	8.640681e+01
3.970000e-06	5.290317e-06	1.196516e-09	3.748725e+01	8.657848e+01
3.980000e-06	5.279878e-06	1.361965e-09	3.741328e+01	8.674915e+01
3.990000e-06	5.268974e-06	1.335650e-09	3.733602e+01	8.691726e+01
4.000000e-06	5.257746e-06	1.227441e-09	3.725645e+01	8.708125e+01
4.010000e-06	5.246136e-06	1.339024e-09	3.717418e+01	8.723959e+01
4.020000e-06	5.234052e-06	1.436466e-09	3.708856e+01	8.739080e+01
4.030000e-06	5.221564e-06	1.322782e-09	3.700007e+01	8.753341e+01
4.040000e-06	5.208675e-06	1.266864e-09	3.690874e+01	8.766607e+01
4.050000e-06	5.195406e-06	1.378339e-09	3.681471e+01	8.778744e+01
4.060000e-06	5.181527e-06	1.348024e-09	3.671636e+01	8.789632e+01
4.070000e-06	5.166808e-06	1.262451e-09	3.661206e+01	8.799156e+01
4.080000e-06	5.151539e-06	1.323337e-09	3.650387e+01	8.807215e+01
4.090000e-06	5.136027e-06	1.374738e-09	3.639395e+01	8.813717e+01
4.100000e-06	5.120308e-06	1.303754e-09	3.628256e+01	8.818582e+01
4.110000e-06	5.104325e-06	1.310841e-09	3.616931e+01	8.821742e+01
4.120000e-06	5.088002e-06	1.359943e-09	3.605365e+01	8.823144e+01
4.130000e-06	5.071324e-06	1.294909e-09	3.593547e+01	8.822745e+01
4.140000e-06	5.054373e-06	1.265972e-09	3.581535e+01	8.820518e+01
4.150000e-06	5.037002e-06	1.314077e-09	3.569226e+01	8.816448e+01
4.160000e-06	5.019211e-06	1.309448e-09	3.556619e+01	8.810534e+01
4.170000e-06	5.001117e-06	1.273153e-09	3.543798e+01	8.802788e+01
4.180000e-06	4.982699e-06	1.317697e-09	3.530746e+01	8.793235e+01
4.190000e-06	4.963890e-06	1.321253e-09	3.517419e+01	8.781912e+01
4.200000e-06	4.944740e-06	1.293426e-09	3.503849e+01	8.768868e+01
4.210000e-06	4.925284e-06	1.284247e-09	3.490062e+01	8.754164e+01
4.220000e-06	4.905574e-06	1.278164e-09	3.476096e+01	8.737870e+01
4.230000e-06	4.885720e-06	1.254674e-09	3.462027e+01	8.720068e+01
4.240000e-06	4.865651e-06	1.279962e-09	3.447807e+01	8.700846e+01
4.250000e-06	4.845284e-06	1.274559e-09	3.433374e+01	8.680302e+01
4.260000e-06	4.824501e-06	1.259987e-09	3.418647e+01	8.658538e+01
4.270000e-06	4.803169e-06	1.277123e-09	3.403532e+01	8.635665e+01
4.280000e-06	4.781200e-06	1.288086e-09	3.387964e+01	8.611796e+01
4.290000e-06	4.758707e-06	1.252371e-09	3.372026e+01	8.587047e+01
4.300000e-06	4.735768e-06	1.252978e-09	3.355771e+01	8.561537e+01
4.310000e-06	4.712387e-06	1.251746e-09	3.339203e+01	8.535386e+01
4.320000e-06	4.688749e-06	1.236698e-09	3.322454e+01	8.508713e+01
4.330000e-06	4.664892e-06	1.234699e-09	3.305548e+01	8.481636e+01
4.340000e-06	4.640819e-06	1.235486e-09	3.288490e+01	8.454270e+01
4.350000e-06	4.616531e-06	1.212446e-09	3.271280e+01	8.426727e+01
4.360000e-06	4.591915e-06	1.221395e-09	3.253837e+01	8.399113e+01
4.370000e-06	4.566930e-06	1.234130e-09	3.236133e+01	8.371529e+01
4.380000e-06	4.541611e-06	1.219476e-09	3.218192e+01	8.344071e+01
4.390000e-06	4.516034e-06	1.211724e-09	3.200067e+01	8.316826e+01
4.400000e-06	4.490138e-06	1.220495e-09	3.181717e+01	8.289873e+01
4.410000e-06	4.463821e-06	1.213200e-09	3.163069e+01	8.263284e+01
4.420000e-06	4.437155e-06	1.198362e-09	3.144173e+01	8.237121e+01
4.430000e-06	4.410200e-06	1.191458e-09	3.125073e+01	8.211435e+01
4.440000e-06	4.382958e-06	1.187532e-09	3.105770e+01	8.186272e+01
4.450000e-06	4.355423e-06	1.193920e-09	3.086258e+01	8.161662e+01
4.460000e-06	4.327707e-06	1.194757e-09	3.066619e+01	8.137631e+01
4.470000e-06	4.299858e-06	1.194020e-09	3.046885e+01	8.114192e+01
4.480000e-06	4.271860e-06	1.196084e-09	3.027045e+01	8.091348e+01
4.490000e-06	4.243685e-06	1.203886e-09	3.007081e+01	8.069094e+01
4.500000e-06	4.215137e-06	1.197084e-09	2.986851e+01	8.047416e+01
4.510000e-06	4.186169e-06	1.192010e-09	2.966324e+01	8.026291e+01
4.520000e-06	4.156739e-06	1.185312e-09	2.945471e+01	8.005687e+01
4.530000e-06	4.126708e-06	1.184496e-09	2.924190e+01	7.985566e+01
4.540000e-06	4.096166e-06	1.185079e-09	2.902548e+01	7.965883e+01
4.550000e-06	4.065203e-06	1.191279e-09	2.880608e+01	7.946587e+01
4.560000e-06	4.033901e-06	1.187141e-09	2.858428e+01	7.927620e+01
4.570000e-06	4.002395e-06	1.186939e-09	2.836102e+01	7.908923e+01
4.580000e-06	3.970699e-06	1.184013e-09	2.813642e+01	7.890430e+01
4.590000e-06	3.938794e-06	1.179885e-09	2.791035e+01	7.872074e+01
4.600000e-06	3.906736e-06	1.170079e-09	2.768318e+01	7.853786e+01
4.610000e-06	3.874450e-06	1.167831e-09	2.745440e+01	7.835497e+01
4.620000e-06	3.841799e-06	1.166047e-09	2.722303e+01	7.817136e+01
4.630000e-06	3.808891e-06	1.162775e-09	2.698985e+01	7.798634e+01
4.640000e-06	3.775781e-06	1.153164e-09	2.675523e+01	7.779923e+01
4.650000e-06	3.742414e-06	1.148670e-09	2.651879e+01	7.760938e+01
4.660000e-06	3.708860e-06	1.146203e-09	2.628103e+01	7.741616e+01
4.670000e-06	3.675064e-06	1.142814e-09	2.604155e+01	7.721900e+01
4.680000e-06	3.640980e-06	1.138592e-09	2.580003e+01	7.701734e+01
4.690000e-06	3.606630e-06	1.137574e-09	2.555662e+01	7.681070e+01
4.700000e-06	3.571962e-06	1.137030e-09	2.531097e+01	7.659863e+01
4.710000e-06	3.537017e-06	1.132951e-09	2.506335e+01	7.638074e+01
4.720000e-06	3.501880e-06	1.124960e-09	2.481436e+01	7.615671e+01
4.730000e-06	3.466566e-06	1.118161e-09	2.456413e+01	7.592629e+01
4.740000e-06	3.431013e-06	1.118475e-09	2.431220e+01	7.568926e+01
4.750000e-06	3.395238e-06	1.118615e-09	2.405870e+01	7.544549e+01
4.760000e-06	3.359324e-06	1.119482e-09	2.380421e+01	7.519491e+01
4.770000e-06	3.323354e-06	1.115306e-09	2.354933e+01	7.493750e+01
4.780000e-06	3.287299e-06	1.111244e-09	2.329384e+01	7.467332e+01
4.790000e-06	3.250947e-06	1.102997e-09	2.303625e+01	7.440246e+01
4.800000e-06	3.214319e-06	1.094205e-09	2.277671e+01	7.412509e+01
4.810000e-06	3.177549e-06	1.083586e-09	2.251616e+01	7.384141e+01
4.820000e-06	3.140515e-06	1.080103e-09	2.225373e+01	7.355168e+01
4.830000e-06	3.103010e-06	1.081264e-09	2.198797e+01	7.325619e+01
4.840000e-06	3.065006e-06	1.084599e-09	2.171867e+01	7.295527e+01
4.850000e-06	3.026597e-06	1.082080e-09	2.144650e+01	7.264928e+01
4.860000e-06	2.987750e-06	1.076270e-09	2.117124e+01	7.233859e+01
4.870000e-06	2.948564e-06	1.065348e-09	2.089356e+01	7.202360e+01
4.880000e-06	2.909223e-06	1.055667e-09	2.061479e+01	7.170472e+01
4.890000e-06	2.869723e-06	1.046533e-09	2.033490e+01	7.138235e+01
4.900000e-06	2.830081e-06	1.040701e-09	2.005399e+01	7.105690e+01
4.910000e-06	2.790310e-06	1.037407e-09	1.977217e+01	7.072877e+01
4.920000e-06	2.750411e-06	1.040009e-09	1.948945e+01	7.039834e+01
4.930000e-06	2.710414e-06	1.042151e-09	1.920602e+01	7.006598e+01
4.940000e-06	2.670334e-06	1.040986e-09	1.892202e+01	6.973201e+01
4.950000e-06	2.630129e-06	1.035884e-09	1.863713e+01	6.939676e+01
4.960000e-06	2.589800e-06	1.026220e-09	1.835136e+01	6.906047e+01
4.970000e-06	2.549230e-06	1.014634e-09	1.806388e+01	6.872340e+01
4.980000e-06	2.508385e-06	1.007703e-09	1.777445e+01	6.838573e+01
4.990000e-06	2.467352e-06	1.006938e-09	1.748369e+01	6.804761e+01
5.000000e-06	2.426124e-06	1.006691e-09	1.719154e+01	6.770913e+01
5.010000e-06	2.384724e-06	1.003225e-09	1.689819e+01	6.737035e+01
5.020000e-06	2.343189e-06	9.971471e-10	1.660387e+01	6.703127e+01
5.030000e-06	2.301531e-06	9.917783e-10	1.630868e+01	6.669184e+01
5.040000e-06	2.259764e-06	9.842311e-10	1.601272e+01	6.635198e+01
5.050000e-06	2.217899e-06	9.749202e-10	1.571606e+01	6.601153e+01
5.060000e-06	2.175866e-06	9.687304e-10	1.541822e+01	6.567031e+01
5.070000e-06	2.133639e-06	9.699014e-10	1.511900e+01	6.532809e+01
5.080000e-06	2.091220e-06	9.698489e-10	1.481841e+01	6.498460e+01
5.090000e-06	2.048595e-06	9.668111e-10	1.451637e+01	6.463952e+01
5.100000e-06	2.005822e-06	9.602331e-10	1.421328e+01	6.429251e+01
5.110000e-06	1.962849e-06	9.546256e-10	1.390878e+01	6.394320e+01
5.120000e-06	1.919696e-06	9.499513e-10	1.360299e+01	6.359118e+01
5.130000e-06	1.876448e-06	9.470451e-10	1.329653e+01	6.323603e+01
5.140000e-06	1.833079e-06	9.445846e-10	1.298922e+01	6.287730e+01
5.150000e-06	1.789622e-06	9.430005e-10	1.268128e+01	6.251453e+01
5.160000e-06	1.746051e-06	9.387840e-10	1.237254e+01	6.214726e+01
5.170000e-06	1.702430e-06	9.335986e-10	1.206344e+01	6.177502e+01
5.180000e-06	1.658759e-06	9.288658e-10	1.175398e+01	6.139732e+01
5.190000e-06	1.615013e-06	9.216301e-10	1.144400e+01	6.101370e+01
5.200000e-06	1.571189e-06	9.148247e-10	1.113347e+01	6.062369e+01
5.210000e-06	1.527311e-06	9.100731e-10	1.082254e+01	6.022683e+01
5.220000e-06	1.483394e-06	9.044956e-10	1.051135e+01	5.982268e+01
5.230000e-06	1.439428e-06	9.007186e-10	1.019980e+01	5.941080e+01
5.240000e-06	1.395418e-06	8.957174e-10	9.887951e+00	5.899078e+01
5.250000e-06	1.351362e-06	8.914079e-10	9.575766e+00	5.856221e+01
5.260000e-06	1.307273e-06	8.853627e-10	9.263356e+00	5.812472e+01
5.270000e-06	1.263068e-06	8.788659e-10	8.950112e+00	5.767795e+01
5.280000e-06	1.218755e-06	8.694627e-10	8.636110e+00	5.722155e+01
5.290000e-06	1.174436e-06	8.587110e-10	8.322071e+00	5.675519e+01
5.300000e-06	1.130014e-06	8.492877e-10	8.007294e+00	5.627857e+01
5.310000e-06	1.085429e-06	8.388698e-10	7.691366e+00	5.579140e+01
5.320000e-06	1.040798e-06	8.304708e-10	7.375106e+00	5.529339e+01
5.330000e-06	9.961587e-07	8.259546e-10	7.058793e+00	5.478426e+01
5.340000e-06	9.515123e-07	8.236444e-10	6.742428e+00	5.426377e+01
5.350000e-06	9.068393e-07	8.164516e-10	6.425875e+00	5.373165e+01
5.360000e-06	8.620042e-07	8.053826e-10	6.108173e+00	5.318763e+01
5.370000e-06	8.170584e-07	7.953019e-10	5.789686e+00	5.263146e+01
5.380000e-06	7.720674e-07	7.874822e-10	5.470879e+00	5.206287e+01
5.390000e-06	7.269710e-07	7.780101e-10	5.151326e+00	5.148157e+01
5.400000e-06	6.818455e-07	7.676153e-10	4.831566e+00	5.088728e+01
5.410000e-06	6.366063e-07	7.603430e-10	4.511000e+00	5.027967e+01
5.420000e-06	5.912287e-07	7.552407e-10	4.189454e+00	4.965841e+01
5.430000e-06	5.458662e-07	7.466564e-10	3.868015e+00	4.902314e+01
5.440000e-06	5.004449e-07	7.307807e-10	3.546159e+00	4.837346e+01
5.450000e-06	4.550158e-07	7.123236e-10	3.224247e+00	4.770895e+01
5.460000e-06	4.095913e-07	7.009121e-10	2.902369e+00	4.702916e+01
5.470000e-06	3.641396e-07	6.930217e-10	2.580297e+00	4.633357e+01
5.480000e-06	3.187380e-07	6.833565e-10	2.258581e+00	4.562167e+01
5.490000e-06	2.732674e-07	6.710175e-10	1.936376e+00	4.489287e+01
5.500000e-06	2.276508e-07	6.608284e-10	1.613136e+00	4.414657e+01
5.510000e-06	1.820674e-07	6.514144e-10	1.290132e+00	4.338211e+01
5.520000e-06	1.365634e-07	6.375233e-10	9.676897e-01	4.259882e+01
5.530000e-06	9.099330e-08	6.203715e-10	6.447796e-01	4.179596e+01
5.540000e-06	4.532691e-08	6.071836e-10	3.211871e-01	4.097279e+01
5.550000e-06	-2.993651e-10	5.968243e-10	-2.121305e-03	4.012851e+01
5.560000e-06	-4.593224e-08	5.849405e-10	-3.254764e-01	3.926234e+01
5.570000e-06	-9.152716e-08	5.696708e-10	-6.485626e-01	3.837343e+01
5.580000e-06	-1.369603e-07	5.544839e-10	-9.705025e-01	3.746094e+01
5.590000e-06	-1.824384e-07	5.411235e-10	-1.292761e+00	3.652404e+01
5.600000e-06	-2.279485e-07	5.269295e-10	-1.615246e+00	3.556186e+01
5.610000e-06	-2.734093e-07	5.123301e-10	-1.937382e+00	3.457356e+01
5.620000e-06	-3.188470e-07	4.988264e-10	-2.259354e+00	3.355832e+01
5.630000e-06	-3.643773e-07	4.849929e-10	-2.581982e+00	3.251532e+01
5.640000e-06	-4.099971e-07	4.684418e-10	-2.905245e+00	3.144379e+01
5.650000e-06	-4.554106e-07	4.503088e-10	-3.227045e+00	3.034299e+01
5.660000e-06	-5.006376e-07	4.328659e-10	-3.547524e+00	2.921223e+01
5.670000e-06	-5.459173e-07	4.174298e-10	-3.868377e+00	2.805089e+01
5.680000e-06	-5.912300e-07	3.999280e-10	-4.189463e+00	2.685839e+01
5.690000e-06	-6.364097e-07	3.795776e-10	-4.509607e+00	2.563425e+01
5.700000e-06	-6.814918e-07	3.594283e-10	-4.829059e+00	2.437806e+01
5.710000e-06	-7.265160e-07	3.396778e-10	-5.148101e+00	2.308951e+01
5.720000e-06	-7.714599e-07	3.221357e-10	-5.466575e+00	2.176838e+01
5.730000e-06	-8.164000e-07	3.072863e-10	-5.785021e+00	2.041457e+01
5.740000e-06	-8.612418e-07	2.922811e-10	-6.102770e+00	1.902809e+01
5.750000e-06	-9.058988e-07	2.756305e-10	-6.419210e+00	1.760907e+01
5.760000e-06	-9.504843e-07	2.554322e-10	-6.735143e+00	1.615775e+01
5.770000e-06	-9.950484e-07	2.294681e-10	-7.050926e+00	1.467452e+01
5.780000e-06	-1.039577e-06	2.006585e-10	-7.366455e+00	1.315990e+01
5.790000e-06	-1.083988e-06	1.730411e-10	-7.681151e+00	1.161453e+01
5.800000e-06	-1.128269e-06	1.475882e-10	-7.994931e+00	1.003922e+01
5.810000e-06	-1.172501e-06	1.251966e-10	-8.308354e+00	8.434871e+00
5.820000e-06	-1.216706e-06	1.085302e-10	-8.621594e+00	6.802564e+00
5.830000e-06	-1.260853e-06	9.344945e-11	-8.934420e+00	5.143493e+00
5.840000e-06	-1.304903e-06	7.284471e-11	-9.246560e+00	3.458988e+00
5.850000e-06	-1.348928e-06	4.684447e-11	-9.558522e+00	1.750512e+00
5.860000e-06	-1.392882e-06	1.709371e-11	-9.869982e+00	1.964687e-02
5.870000e-06	-1.436781e-06	-1.256856e-11	-1.018105e+01	-1.731904e+00
5.880000e-06	-1.480714e-06	-4.090806e-11	-1.049236e+01	-3.502328e+00
5.890000e-06	-1.524652e-06	-7.012562e-11	-1.080370e+01	-5.289708e+00
5.900000e-06	-1.568504e-06	-9.553962e-11	-1.111444e+01	-7.092033e+00
5.910000e-06	-1.612279e-06	-1.155615e-10	-1.142463e+01	-8.907209e+00
5.920000e-06	-1.656003e-06	-1.374446e-10	-1.173445e+01	-1.073306e+01
5.930000e-06	-1.699634e-06	-1.630708e-10	-1.204362e+01	-1.256736e+01
5.940000e-06	-1.743094e-06	-1.936166e-10	-1.235158e+01	-1.440782e+01
5.950000e-06	-1.786387e-06	-2.266481e-10	-1.265836e+01	-1.625212e+01
5.960000e-06	-1.829580e-06	-2.596646e-10	-1.296443e+01	-1.809789e+01
5.970000e-06	-1.872682e-06	-2.898590e-10	-1.326985e+01	-1.994276e+01
5.980000e-06	-1.915701e-06	-3.168935e-10	-1.357468e+01	-2.178438e+01
5.990000e-06	-1.958497e-06	-3.409651e-10	-1.387793e+01	-2.362036e+01
6.000000e-06	-2.001068e-06	-3.637568e-10	-1.417959e+01	-2.544837e+01
6.010000e-06	-2.043625e-06	-3.920151e-10	-1.448115e+01	-2.726609e+01
6.020000e-06	-2.086073e-06	-4.276318e-10	-1.478194e+01	-2.907128e+01
6.030000e-06	-2.128310e-06	-4.632347e-10	-1.508123e+01	-3.086173e+01
6.040000e-06	-2.170410e-06	-4.934786e-10	-1.537955e+01	-3.263529e+01
6.050000e-06	-2.212351e-06	-5.186398e-10	-1.567675e+01	-3.438993e+01
6.060000e-06	-2.254127e-06	-5.400621e-10	-1.597277e+01	-3.612366e+01
6.070000e-06	-2.295804e-06	-5.597206e-10	-1.626810e+01	-3.783463e+01
6.080000e-06	-2.337356e-06	-5.815785e-10	-1.656253e+01	-3.952107e+01
6.090000e-06	-2.378726e-06	-6.090452e-10	-1.685568e+01	-4.118133e+01
6.100000e-06	-2.419825e-06	-6.408359e-10	-1.714691e+01	-4.281388e+01
6.110000e-06	-2.460736e-06	-6.727861e-10	-1.743681e+01	-4.441732e+01
6.120000e-06	-2.501572e-06	-7.003830e-10	-1.772617e+01	-4.599037e+01
6.130000e-06	-2.542140e-06	-7.227273e-10	-1.801364e+01	-4.753189e+01
6.140000e-06	-2.582449e-06	-7.402746e-10	-1.829927e+01	-4.904086e+01
6.150000e-06	-2.622656e-06	-7.540491e-10	-1.858417e+01	-5.051641e+01
6.160000e-06	-2.662720e-06	-7.700826e-10	-1.886806e+01	-5.195780e+01
6.170000e-06	-2.702678e-06	-7.917592e-10	-1.915121e+01	-5.336441e+01
6.180000e-06	-2.742592e-06	-8.170446e-10	-1.943404e+01	-5.473576e+01
6.190000e-06	-2.782414e-06	-8.419447e-10	-1.971622e+01	-5.607152e+01
6.200000e-06	-2.822142e-06	-8.629974e-10	-1.999773e+01	-5.737143e+01
6.210000e-06	-2.861763e-06	-8.810590e-10	-2.027849e+01	-5.863541e+01
6.220000e-06	-2.901223e-06	-8.959107e-10	-2.055810e+01	-5.986344e+01
6.230000e-06	-2.940475e-06	-9.085754e-10	-2.083625e+01	-6.105564e+01
6.240000e-06	-2.979479e-06	-9.207366e-10	-2.111262e+01	-6.221223e+01
6.250000e-06	-3.018139e-06	-9.364299e-10	-2.138657e+01	-6.333349e+01
6.260000e-06	-3.056343e-06	-9.556108e-10	-2.165728e+01	-6.441983e+01
6.270000e-06	-3.094130e-06	-9.741596e-10	-2.192504e+01	-6.547169e+01
6.280000e-06	-3.131651e-06	-9.910553e-10	-2.219092e+01	-6.648961e+01
6.290000e-06	-3.168825e-06	-1.006644e-09	-2.245433e+01	-6.747417e+01
6.300000e-06	-3.205550e-06	-1.021356e-09	-2.271457e+01	-6.842602e+01
6.310000e-06	-3.242007e-06	-1.033268e-09	-2.297290e+01	-6.934583e+01
6.320000e-06	-3.278268e-06	-1.040629e-09	-2.322985e+01	-7.023432e+01
6.330000e-06	-3.314357e-06	-1.051380e-09	-2.348557e+01	-7.109222e+01
6.340000e-06	-3.350299e-06	-1.068597e-09	-2.374026e+01	-7.192029e+01
6.350000e-06	-3.386108e-06	-1.085584e-09	-2.399400e+01	-7.271930e+01
6.360000e-06	-3.421831e-06	-1.099463e-09	-2.424714e+01	-7.349000e+01
6.370000e-06	-3.457433e-06	-1.109122e-09	-2.449942e+01	-7.423318e+01
6.380000e-06	-3.492835e-06	-1.115904e-09	-2.475027e+01	-7.494957e+01
6.390000e-06	-3.527919e-06	-1.122728e-09	-2.499887e+01	-7.563992e+01
6.400000e-06	-3.562681e-06	-1.128414e-09	-2.524520e+01	-7.630495e+01
6.410000e-06	-3.597191e-06	-1.132206e-09	-2.548974e+01	-7.694536e+01
6.420000e-06	-3.631437e-06	-1.138402e-09	-2.573241e+01	-7.756182e+01
6.430000e-06	-3.665431e-06	-1.150036e-09	-2.597329e+01	-7.815498e+01
6.440000e-06	-3.699210e-06	-1.162024e-09	-2.621265e+01	-7.872545e+01
6.450000e-06	-3.732713e-06	-1.170879e-09	-2.645005e+01	-7.927381e+01
6.460000e-06	-3.765845e-06	-1.176309e-09	-2.668482e+01	-7.980062e+01
6.470000e-06	-3.798722e-06	-1.182077e-09	-2.691779e+01	-8.030640e+01
6.480000e-06	-3.831363e-06	-1.188499e-09	-2.714909e+01	-8.079164e+01
6.490000e-06	-3.863716e-06	-1.191935e-09	-2.737834e+01	-8.125680e+01
6.500000e-06	-3.895880e-06	-1.197516e-09	-2.760626e+01	-8.170234e+01
6.510000e-06	-3.927822e-06	-1.207306e-09	-2.783259e+01	-8.212866e+01
6.520000e-06	-3.959574e-06	-1.221718e-09	-2.805759e+01	-8.253617e+01
6.530000e-06	-3.991142e-06	-1.233065e-09	-2.828128e+01	-8.292524e+01
6.540000e-06	-4.022500e-06	-1.237359e-09	-2.850348e+01	-8.329625e+01
6.550000e-06	-4.053582e-06	-1.237550e-09	-2.872373e+01	-8.364956e+01
6.560000e-06	-4.084332e-06	-1.237190e-09	-2.894162e+01	-8.398553e+01
6.570000e-06	-4.114628e-06	-1.237445e-09	-2.915630e+01	-8.430450e+01
6.580000e-06	-4.144442e-06	-1.239390e-09	-2.936757e+01	-8.460685e+01
6.590000e-06	-4.173739e-06	-1.243725e-09	-2.957516e+01	-8.489293e+01
6.600000e-06	-4.202468e-06	-1.252565e-09	-2.977874e+01	-8.516313e+01
6.610000e-06	-4.230812e-06	-1.260967e-09	-2.997959e+01	-8.541784e+01
6.620000e-06	-4.258896e-06	-1.266273e-09	-3.017859e+01	-8.565746e+01
6.630000e-06	-4.286790e-06	-1.270051e-09	-3.037625e+01	-8.588242e+01
6.640000e-06	-4.314504e-06	-1.272693e-09	-3.057263e+01	-8.609317e+01
6.650000e-06	-4.342040e-06	-1.273550e-09	-3.076775e+01	-8.629018e+01
6.660000e-06	-4.369377e-06	-1.272314e-09	-3.096146e+01	-8.647395e+01
6.670000e-06	-4.396416e-06	-1.273460e-09	-3.115306e+01	-8.664500e+01
6.680000e-06	-4.423048e-06	-1.277767e-09	-3.134177e+01	-8.680387e+01
6.690000e-06	-4.449326e-06	-1.282986e-09	-3.152798e+01	-8.695114e+01
6.700000e-06	-4.475293e-06	-1.284984e-09	-3.171198e+01	-8.708739e+01
6.710000e-06	-4.500947e-06	-1.285926e-09	-3.189376e+01	-8.721324e+01
6.720000e-06	-4.526324e-06	-1.289407e-09	-3.207359e+01	-8.732932e+01
6.730000e-06	-4.551337e-06	-1.294514e-09	-3.225083e+01	-8.743628e+01
6.740000e-06	-4.576033e-06	-1.295445e-09	-3.242583e+01	-8.753476e+01
6.750000e-06	-4.600483e-06	-1.295105e-09	-3.259908e+01	-8.762545e+01
6.760000e-06	-4.624662e-06	-1.299273e-09	-3.277042e+01	-8.770900e+01
6.770000e-06	-4.648638e-06	-1.307223e-09	-3.294031e+01	-8.778608e+01
6.780000e-06	-4.672430e-06	-1.310340e-09	-3.310890e+01	-8.785736e+01
6.790000e-06	-4.696016e-06	-1.310541e-09	-3.327603e+01	-8.792348e+01
6.800000e-06	-4.719292e-06	-1.311954e-09	-3.344096e+01	-8.798507e+01
6.810000e-06	-4.742082e-06	-1.314477e-09	-3.360245e+01	-8.804275e+01
6.820000e-06	-4.764374e-06	-1.315710e-09	-3.376042e+01	-8.809710e+01
6.830000e-06	-4.786174e-06	-1.316801e-09	-3.391489e+01	-8.814865e+01
6.840000e-06	-4.807456e-06	-1.318650e-09	-3.406570e+01	-8.819792e+01
6.850000e-06	-4.828139e-06	-1.321304e-09	-3.421225e+01	-8.824537e+01
6.860000e-06	-4.848364e-06	-1.320436e-09	-3.435557e+01	-8.829142e+01
6.870000e-06	-4.868415e-06	-1.317228e-09	-3.449765e+01	-8.833642e+01
6.880000e-06	-4.888260e-06	-1.317317e-09	-3.463827e+01	-8.838068e+01
6.890000e-06	-4.907889e-06	-1.319974e-09	-3.477736e+01	-8.842445e+01
6.900000e-06	-4.927259e-06	-1.325346e-09	-3.491462e+01	-8.846791e+01
6.910000e-06	-4.946323e-06	-1.328860e-09	-3.504971e+01	-8.851117e+01
6.920000e-06	-4.965048e-06	-1.331230e-09	-3.518239e+01	-8.855427e+01
6.930000e-06	-4.983363e-06	-1.330536e-09	-3.531217e+01	-8.859722e+01
6.940000e-06	-5.001308e-06	-1.325371e-09	-3.543933e+01	-8.863991e+01
6.950000e-06	-5.019006e-06	-1.318150e-09	-3.556474e+01	-8.868221e+01
6.960000e-06	-5.036394e-06	-1.314272e-09	-3.568795e+01	-8.872389e+01
6.970000e-06	-5.053373e-06	-1.317012e-09	-3.580826e+01	-8.876469e+01
6.980000e-06	-5.069973e-06	-1.324520e-09	-3.592589e+01	-8.880428e+01
6.990000e-06	-5.086312e-06	-1.329227e-09	-3.604167e+01	-8.884226e+01
7.000000e-06	-5.102353e-06	-1.329663e-09	-3.615534e+01	-8.887820e+01
7.010000e-06	-5.118124e-06	-1.327586e-09	-3.626709e+01	-8.891163e+01
7.020000e-06	-5.133643e-06	-1.322915e-09	-3.637706e+01	-8.894203e+01
7.030000e-06	-5.148803e-06	-1.314545e-09	-3.648449e+01	-8.896886e+01
7.040000e-06	-5.163505e-06	-1.307071e-09	-3.658866e+01	-8.899156e+01
7.050000e-06	-5.177472e-06	-1.306272e-09	-3.668763e+01	-8.900954e+01
7.060000e-06	-5.190734e-06	-1.311396e-09	-3.678161e+01	-8.902221e+01
7.070000e-06	-5.203456e-06	-1.315145e-09	-3.687175e+01	-8.902899e+01
7.080000e-06	-5.215744e-06	-1.314375e-09	-3.695883e+01	-8.902931e+01
7.090000e-06	-5.227690e-06	-1.312098e-09	-3.704348e+01	-8.902261e+01
7.100000e-06	-5.239371e-06	-1.310651e-09	-3.712625e+01	-8.900837e+01
7.110000e-06	-5.250713e-06	-1.305702e-09	-3.720662e+01	-8.898609e+01
7.120000e-06	-5.261614e-06	-1.296424e-09	-3.728386e+01	-8.895534e+01
7.130000e-06	-5.272117e-06	-1.290982e-09	-3.735829e+01	-8.891571e+01
7.140000e-06	-5.282225e-06	-1.291615e-09	-3.742991e+01	-8.886689e+01
7.150000e-06	-5.292040e-06	-1.293927e-09	-3.749946e+01	-8.880860e+01
7.160000e-06	-5.301534e-06	-1.292693e-09	-3.756674e+01	-8.874067e+01
7.170000e-06	-5.310640e-06	-1.290020e-09	-3.763126e+01	-8.866297e+01
7.180000e-06	-5.319366e-06	-1.287829e-09	-3.769309e+01	-8.857550e+01
7.190000e-06	-5.327724e-06	-1.283990e-09	-3.775232e+01	-8.847830e+01
7.200000e-06	-5.335827e-06	-1.278597e-09	-3.780974e+01	-8.837155e+01
7.210000e-06	-5.343701e-06	-1.277275e-09	-3.786553e+01	-8.825549e+01
7.220000e-06	-5.351371e-06	-1.280279e-09	-3.791988e+01	-8.813047e+01
7.230000e-06	-5.358767e-06	-1.282507e-09	-3.797229e+01	-8.799694e+01
7.240000e-06	-5.365707e-06	-1.278677e-09	-3.802146e+01	-8.785542e+01
7.250000e-06	-5.371994e-06	-1.274338e-09	-3.806601e+01	-8.770656e+01
7.260000e-06	-5.377590e-06	-1.273754e-09	-3.810567e+01	-8.755106e+01
7.270000e-06	-5.382634e-06	-1.273826e-09	-3.814141e+01	-8.738974e+01
7.280000e-06	-5.387168e-06	-1.271016e-09	-3.817354e+01	-8.722348e+01
7.290000e-06	-5.391365e-06	-1.268303e-09	-3.820328e+01	-8.705323e+01
7.300000e-06	-5.395351e-06	-1.268879e-09	-3.823152e+01	-8.688002e+01
7.310000e-06	-5.399073e-06	-1.268503e-09	-3.825790e+01	-8.670493e+01
7.320000e-06	-5.402527e-06	-1.264084e-09	-3.828237e+01	-8.652909e+01
7.330000e-06	-5.405604e-06	-1.260497e-09	-3.830418e+01	-8.635368e+01
7.340000e-06	-5.408291e-06	-1.261103e-09	-3.832322e+01	-8.617989e+01
7.350000e-06	-5.410626e-06	-1.262586e-09	-3.833976e+01	-8.600894e+01
7.360000e-06	-5.412607e-06	-1.261894e-09	-3.835380e+01	-8.584206e+01
7.370000e-06	-5.414309e-06	-1.259953e-09	-3.836586e+01	-8.568047e+01
7.380000e-06	-5.415612e-06	-1.258794e-09	-3.837509e+01	-8.552537e+01
7.390000e-06	-5.416448e-06	-1.258547e-09	-3.838102e+01	-8.537796e+01
7.400000e-06	-5.416895e-06	-1.256398e-09	-3.838418e+01	-8.523936e+01
