# Temperatura_=_13.55
# Concentracion g/m^3_=_4090.0
# C_Vs_to_Am_M_A/Vsm_=_65563218390.804596
# pendiente_HvsI_1/m_=_3716.3
# ordenada_HvsI_A/m_=_1297.0
# frecuencia_Hz_=_135086.66167294214

Tiempo_(s)	Campo_(V.s)	Magnetizacion_(V.s)	Campo_(kA/m)	Magnetizacion_(A/m)
0.000000e+00	-5.416403e-06	-1.197888e-09	-3.838126e+01	-8.292488e+01
1.000000e-08	-5.416518e-06	-1.193520e-09	-3.838208e+01	-8.281077e+01
2.000000e-08	-5.416392e-06	-1.192194e-09	-3.838118e+01	-8.270333e+01
3.000000e-08	-5.415975e-06	-1.191552e-09	-3.837822e+01	-8.260327e+01
4.000000e-08	-5.415282e-06	-1.195135e-09	-3.837332e+01	-8.251121e+01
5.000000e-08	-5.414001e-06	-1.201154e-09	-3.836424e+01	-8.242775e+01
6.000000e-08	-5.411953e-06	-1.210615e-09	-3.834972e+01	-8.235340e+01
7.000000e-08	-5.409357e-06	-1.225537e-09	-3.833133e+01	-8.228859e+01
8.000000e-08	-5.406217e-06	-1.209845e-09	-3.830908e+01	-8.223368e+01
9.000000e-08	-5.402516e-06	-1.142929e-09	-3.828285e+01	-8.218893e+01
1.000000e-07	-5.398484e-06	-1.162019e-09	-3.825428e+01	-8.215453e+01
1.100000e-07	-5.394215e-06	-1.267705e-09	-3.822403e+01	-8.213054e+01
1.200000e-07	-5.389610e-06	-1.243473e-09	-3.819140e+01	-8.211697e+01
1.300000e-07	-5.384759e-06	-1.129602e-09	-3.815702e+01	-8.211370e+01
1.400000e-07	-5.379663e-06	-1.132168e-09	-3.812092e+01	-8.212053e+01
1.500000e-07	-5.374131e-06	-1.302700e-09	-3.808171e+01	-8.213714e+01
1.600000e-07	-5.368123e-06	-1.307160e-09	-3.803914e+01	-8.216314e+01
1.700000e-07	-5.361716e-06	-1.099706e-09	-3.799374e+01	-8.219805e+01
1.800000e-07	-5.354949e-06	-1.109017e-09	-3.794579e+01	-8.224127e+01
1.900000e-07	-5.347811e-06	-1.287836e-09	-3.789521e+01	-8.229213e+01
2.000000e-07	-5.340409e-06	-1.320947e-09	-3.784276e+01	-8.234990e+01
2.100000e-07	-5.332763e-06	-1.174703e-09	-3.778857e+01	-8.241375e+01
2.200000e-07	-5.324845e-06	-1.232318e-09	-3.773247e+01	-8.248279e+01
2.300000e-07	-5.316708e-06	-1.355098e-09	-3.767481e+01	-8.255607e+01
2.400000e-07	-5.308240e-06	-1.298720e-09	-3.761480e+01	-8.263260e+01
2.500000e-07	-5.299125e-06	-1.234173e-09	-3.755021e+01	-8.271132e+01
2.600000e-07	-5.289318e-06	-1.352961e-09	-3.748072e+01	-8.279116e+01
2.700000e-07	-5.279056e-06	-1.394365e-09	-3.740800e+01	-8.287101e+01
2.800000e-07	-5.268227e-06	-1.279598e-09	-3.733127e+01	-8.294976e+01
2.900000e-07	-5.256848e-06	-1.282230e-09	-3.725063e+01	-8.302629e+01
3.000000e-07	-5.245060e-06	-1.394966e-09	-3.716710e+01	-8.309946e+01
3.100000e-07	-5.232825e-06	-1.349777e-09	-3.708040e+01	-8.316818e+01
3.200000e-07	-5.220202e-06	-1.248462e-09	-3.699096e+01	-8.323135e+01
3.300000e-07	-5.207219e-06	-1.330520e-09	-3.689896e+01	-8.328794e+01
3.400000e-07	-5.193912e-06	-1.390602e-09	-3.680466e+01	-8.333692e+01
3.500000e-07	-5.180195e-06	-1.324734e-09	-3.670746e+01	-8.337735e+01
3.600000e-07	-5.166109e-06	-1.304936e-09	-3.660765e+01	-8.340833e+01
3.700000e-07	-5.151602e-06	-1.354826e-09	-3.650485e+01	-8.342902e+01
3.800000e-07	-5.136574e-06	-1.306163e-09	-3.639836e+01	-8.343866e+01
3.900000e-07	-5.121077e-06	-1.282033e-09	-3.628855e+01	-8.343657e+01
4.000000e-07	-5.104964e-06	-1.329833e-09	-3.617437e+01	-8.342216e+01
4.100000e-07	-5.088254e-06	-1.316207e-09	-3.605596e+01	-8.339493e+01
4.200000e-07	-5.071290e-06	-1.262389e-09	-3.593575e+01	-8.335445e+01
4.300000e-07	-5.054098e-06	-1.322419e-09	-3.581392e+01	-8.330043e+01
4.400000e-07	-5.036515e-06	-1.354386e-09	-3.568933e+01	-8.323263e+01
4.500000e-07	-5.018608e-06	-1.294478e-09	-3.556244e+01	-8.315094e+01
4.600000e-07	-5.000440e-06	-1.264136e-09	-3.543370e+01	-8.305533e+01
4.700000e-07	-4.981866e-06	-1.303844e-09	-3.530208e+01	-8.294589e+01
4.800000e-07	-4.962820e-06	-1.292773e-09	-3.516712e+01	-8.282279e+01
4.900000e-07	-4.943467e-06	-1.268833e-09	-3.502998e+01	-8.268628e+01
5.000000e-07	-4.923868e-06	-1.262153e-09	-3.489110e+01	-8.253673e+01
5.100000e-07	-4.904051e-06	-1.268903e-09	-3.475068e+01	-8.237457e+01
5.200000e-07	-4.884013e-06	-1.285706e-09	-3.460868e+01	-8.220032e+01
5.300000e-07	-4.863694e-06	-1.294812e-09	-3.446470e+01	-8.201457e+01
5.400000e-07	-4.843014e-06	-1.262956e-09	-3.431816e+01	-8.181798e+01
5.500000e-07	-4.821975e-06	-1.253254e-09	-3.416907e+01	-8.161126e+01
5.600000e-07	-4.800636e-06	-1.279709e-09	-3.401786e+01	-8.139518e+01
5.700000e-07	-4.779019e-06	-1.278111e-09	-3.386468e+01	-8.117055e+01
5.800000e-07	-4.757084e-06	-1.245363e-09	-3.370925e+01	-8.093823e+01
5.900000e-07	-4.734842e-06	-1.232485e-09	-3.355164e+01	-8.069908e+01
6.000000e-07	-4.712209e-06	-1.244402e-09	-3.339126e+01	-8.045399e+01
6.100000e-07	-4.689180e-06	-1.262885e-09	-3.322807e+01	-8.020387e+01
6.200000e-07	-4.665911e-06	-1.264521e-09	-3.306318e+01	-7.994963e+01
6.300000e-07	-4.642327e-06	-1.239467e-09	-3.289607e+01	-7.969214e+01
6.400000e-07	-4.618471e-06	-1.239407e-09	-3.272702e+01	-7.943230e+01
6.500000e-07	-4.594491e-06	-1.260748e-09	-3.255710e+01	-7.917095e+01
6.600000e-07	-4.570200e-06	-1.252401e-09	-3.238497e+01	-7.890892e+01
6.700000e-07	-4.545519e-06	-1.216820e-09	-3.221007e+01	-7.864699e+01
6.800000e-07	-4.520380e-06	-1.215736e-09	-3.203193e+01	-7.838589e+01
6.900000e-07	-4.494800e-06	-1.232446e-09	-3.185067e+01	-7.812633e+01
7.000000e-07	-4.468719e-06	-1.239864e-09	-3.166586e+01	-7.786892e+01
7.100000e-07	-4.442108e-06	-1.226687e-09	-3.147729e+01	-7.761423e+01
7.200000e-07	-4.415127e-06	-1.219925e-09	-3.128610e+01	-7.736277e+01
7.300000e-07	-4.387739e-06	-1.225934e-09	-3.109203e+01	-7.711498e+01
7.400000e-07	-4.360065e-06	-1.234960e-09	-3.089593e+01	-7.687122e+01
7.500000e-07	-4.332197e-06	-1.215503e-09	-3.069845e+01	-7.663179e+01
7.600000e-07	-4.304175e-06	-1.196761e-09	-3.049988e+01	-7.639691e+01
7.700000e-07	-4.275982e-06	-1.201564e-09	-3.030010e+01	-7.616672e+01
7.800000e-07	-4.247523e-06	-1.216538e-09	-3.009844e+01	-7.594131e+01
7.900000e-07	-4.218755e-06	-1.208561e-09	-2.989458e+01	-7.572067e+01
8.000000e-07	-4.189575e-06	-1.196135e-09	-2.968781e+01	-7.550477e+01
8.100000e-07	-4.160065e-06	-1.196075e-09	-2.947870e+01	-7.529346e+01
8.200000e-07	-4.130341e-06	-1.203346e-09	-2.926808e+01	-7.508656e+01
8.300000e-07	-4.100240e-06	-1.194889e-09	-2.905478e+01	-7.488382e+01
8.400000e-07	-4.069853e-06	-1.175331e-09	-2.883945e+01	-7.468496e+01
8.500000e-07	-4.039317e-06	-1.167369e-09	-2.862307e+01	-7.448963e+01
8.600000e-07	-4.008525e-06	-1.179476e-09	-2.840487e+01	-7.429744e+01
8.700000e-07	-3.977513e-06	-1.187273e-09	-2.818512e+01	-7.410797e+01
8.800000e-07	-3.946278e-06	-1.176392e-09	-2.796379e+01	-7.392078e+01
8.900000e-07	-3.914803e-06	-1.165852e-09	-2.774075e+01	-7.373538e+01
9.000000e-07	-3.883130e-06	-1.167111e-09	-2.751631e+01	-7.355129e+01
9.100000e-07	-3.851292e-06	-1.168368e-09	-2.729070e+01	-7.336800e+01
9.200000e-07	-3.819233e-06	-1.156860e-09	-2.706353e+01	-7.318500e+01
9.300000e-07	-3.786906e-06	-1.146531e-09	-2.683445e+01	-7.300179e+01
9.400000e-07	-3.754234e-06	-1.152403e-09	-2.660293e+01	-7.281786e+01
9.500000e-07	-3.721249e-06	-1.166378e-09	-2.636920e+01	-7.263272e+01
9.600000e-07	-3.688000e-06	-1.165634e-09	-2.613359e+01	-7.244591e+01
9.700000e-07	-3.654285e-06	-1.151179e-09	-2.589469e+01	-7.225697e+01
9.800000e-07	-3.620017e-06	-1.138556e-09	-2.565186e+01	-7.206548e+01
9.900000e-07	-3.585334e-06	-1.136562e-09	-2.540609e+01	-7.187105e+01
1.000000e-06	-3.550269e-06	-1.134941e-09	-2.515762e+01	-7.167333e+01
1.010000e-06	-3.514830e-06	-1.132589e-09	-2.490650e+01	-7.147198e+01
1.020000e-06	-3.479189e-06	-1.130150e-09	-2.465394e+01	-7.126674e+01
1.030000e-06	-3.443420e-06	-1.134694e-09	-2.440047e+01	-7.105736e+01
1.040000e-06	-3.407533e-06	-1.136511e-09	-2.414617e+01	-7.084363e+01
1.050000e-06	-3.371506e-06	-1.131276e-09	-2.389088e+01	-7.062541e+01
1.060000e-06	-3.335306e-06	-1.118924e-09	-2.363437e+01	-7.040259e+01
1.070000e-06	-3.298810e-06	-1.112854e-09	-2.337575e+01	-7.017508e+01
1.080000e-06	-3.262071e-06	-1.108225e-09	-2.311541e+01	-6.994287e+01
1.090000e-06	-3.225240e-06	-1.103048e-09	-2.285442e+01	-6.970595e+01
1.100000e-06	-3.188192e-06	-1.098627e-09	-2.259190e+01	-6.946437e+01
1.110000e-06	-3.150844e-06	-1.097412e-09	-2.232725e+01	-6.921822e+01
1.120000e-06	-3.113306e-06	-1.096199e-09	-2.206125e+01	-6.896760e+01
1.130000e-06	-3.075642e-06	-1.090240e-09	-2.179436e+01	-6.871264e+01
1.140000e-06	-3.037813e-06	-1.081167e-09	-2.152629e+01	-6.845352e+01
1.150000e-06	-2.999674e-06	-1.077582e-09	-2.125604e+01	-6.819042e+01
1.160000e-06	-2.961269e-06	-1.075249e-09	-2.098389e+01	-6.792353e+01
1.170000e-06	-2.922618e-06	-1.069697e-09	-2.071001e+01	-6.765306e+01
1.180000e-06	-2.883759e-06	-1.061221e-09	-2.043465e+01	-6.737924e+01
1.190000e-06	-2.844811e-06	-1.054050e-09	-2.015866e+01	-6.710228e+01
1.200000e-06	-2.805643e-06	-1.054547e-09	-1.988111e+01	-6.682241e+01
1.210000e-06	-2.766261e-06	-1.056122e-09	-1.960205e+01	-6.653985e+01
1.220000e-06	-2.726727e-06	-1.052301e-09	-1.932191e+01	-6.625479e+01
1.230000e-06	-2.687061e-06	-1.045899e-09	-1.904082e+01	-6.596744e+01
1.240000e-06	-2.647263e-06	-1.041922e-09	-1.875881e+01	-6.567797e+01
1.250000e-06	-2.607398e-06	-1.036082e-09	-1.847632e+01	-6.538655e+01
1.260000e-06	-2.567468e-06	-1.027776e-09	-1.819337e+01	-6.509331e+01
1.270000e-06	-2.527372e-06	-1.019372e-09	-1.790925e+01	-6.479835e+01
1.280000e-06	-2.487190e-06	-1.017811e-09	-1.762451e+01	-6.450177e+01
1.290000e-06	-2.446854e-06	-1.017907e-09	-1.733869e+01	-6.420362e+01
1.300000e-06	-2.406256e-06	-1.014336e-09	-1.705101e+01	-6.390392e+01
1.310000e-06	-2.365438e-06	-1.005821e-09	-1.676176e+01	-6.360267e+01
1.320000e-06	-2.324302e-06	-9.986186e-10	-1.647027e+01	-6.329983e+01
1.330000e-06	-2.282855e-06	-9.922809e-10	-1.617657e+01	-6.299532e+01
1.340000e-06	-2.241258e-06	-9.870435e-10	-1.588182e+01	-6.268905e+01
1.350000e-06	-2.199309e-06	-9.838549e-10	-1.558456e+01	-6.238088e+01
1.360000e-06	-2.157036e-06	-9.833429e-10	-1.528501e+01	-6.207065e+01
1.370000e-06	-2.114588e-06	-9.813770e-10	-1.498422e+01	-6.175816e+01
1.380000e-06	-2.071911e-06	-9.779239e-10	-1.468180e+01	-6.144320e+01
1.390000e-06	-2.028963e-06	-9.731003e-10	-1.437747e+01	-6.112551e+01
1.400000e-06	-1.985781e-06	-9.656338e-10	-1.407148e+01	-6.080483e+01
1.410000e-06	-1.942416e-06	-9.563225e-10	-1.376418e+01	-6.048088e+01
1.420000e-06	-1.898957e-06	-9.499049e-10	-1.345623e+01	-6.015333e+01
1.430000e-06	-1.855507e-06	-9.459260e-10	-1.314834e+01	-5.982187e+01
1.440000e-06	-1.811889e-06	-9.438744e-10	-1.283926e+01	-5.948617e+01
1.450000e-06	-1.768143e-06	-9.398570e-10	-1.252927e+01	-5.914586e+01
1.460000e-06	-1.724332e-06	-9.355380e-10	-1.221882e+01	-5.880060e+01
1.470000e-06	-1.680459e-06	-9.318052e-10	-1.190793e+01	-5.845003e+01
1.480000e-06	-1.636497e-06	-9.275947e-10	-1.159640e+01	-5.809377e+01
1.490000e-06	-1.592448e-06	-9.255775e-10	-1.128427e+01	-5.773146e+01
1.500000e-06	-1.548378e-06	-9.234204e-10	-1.097198e+01	-5.736273e+01
1.510000e-06	-1.504208e-06	-9.205479e-10	-1.065900e+01	-5.698722e+01
1.520000e-06	-1.459976e-06	-9.149667e-10	-1.034556e+01	-5.660456e+01
1.530000e-06	-1.415712e-06	-9.069528e-10	-1.003190e+01	-5.621440e+01
1.540000e-06	-1.371293e-06	-8.954677e-10	-9.717139e+00	-5.581638e+01
1.550000e-06	-1.326783e-06	-8.812458e-10	-9.401738e+00	-5.541015e+01
1.560000e-06	-1.282247e-06	-8.699429e-10	-9.086152e+00	-5.499538e+01
1.570000e-06	-1.237622e-06	-8.651926e-10	-8.769935e+00	-5.457172e+01
1.580000e-06	-1.192951e-06	-8.638259e-10	-8.453390e+00	-5.413884e+01
1.590000e-06	-1.148157e-06	-8.639114e-10	-8.135977e+00	-5.369641e+01
1.600000e-06	-1.103221e-06	-8.611018e-10	-7.817550e+00	-5.324411e+01
1.610000e-06	-1.058201e-06	-8.539310e-10	-7.498538e+00	-5.278160e+01
1.620000e-06	-1.013068e-06	-8.421694e-10	-7.178717e+00	-5.230855e+01
1.630000e-06	-9.678404e-07	-8.281740e-10	-6.858229e+00	-5.182465e+01
1.640000e-06	-9.225031e-07	-8.146134e-10	-6.536964e+00	-5.132953e+01
1.650000e-06	-8.771377e-07	-8.053385e-10	-6.215499e+00	-5.082287e+01
1.660000e-06	-8.317349e-07	-7.998503e-10	-5.893770e+00	-5.030430e+01
1.670000e-06	-7.862438e-07	-7.997445e-10	-5.571414e+00	-4.977345e+01
1.680000e-06	-7.406906e-07	-7.984851e-10	-5.248620e+00	-4.922994e+01
1.690000e-06	-6.950273e-07	-7.907297e-10	-4.925044e+00	-4.867336e+01
1.700000e-06	-6.492944e-07	-7.763686e-10	-4.600976e+00	-4.810329e+01
1.710000e-06	-6.035382e-07	-7.594184e-10	-4.276741e+00	-4.751928e+01
1.720000e-06	-5.578746e-07	-7.449085e-10	-3.953164e+00	-4.692086e+01
1.730000e-06	-5.122200e-07	-7.336437e-10	-3.629650e+00	-4.630752e+01
1.740000e-06	-4.663969e-07	-7.244450e-10	-3.304942e+00	-4.567875e+01
1.750000e-06	-4.204519e-07	-7.162540e-10	-2.979371e+00	-4.503398e+01
1.760000e-06	-3.744413e-07	-7.076816e-10	-2.653334e+00	-4.437263e+01
1.770000e-06	-3.285218e-07	-6.962812e-10	-2.327944e+00	-4.369409e+01
1.780000e-06	-2.827544e-07	-6.825059e-10	-2.003631e+00	-4.299771e+01
1.790000e-06	-2.369361e-07	-6.677912e-10	-1.678957e+00	-4.228282e+01
1.800000e-06	-1.910229e-07	-6.541661e-10	-1.353611e+00	-4.154872e+01
1.810000e-06	-1.451001e-07	-6.419691e-10	-1.028196e+00	-4.079469e+01
1.820000e-06	-9.919271e-08	-6.291319e-10	-7.028910e-01	-4.001998e+01
1.830000e-06	-5.327299e-08	-6.144003e-10	-3.774986e-01	-3.922382e+01
1.840000e-06	-7.285850e-09	-5.993236e-10	-5.162838e-02	-3.840543e+01
1.850000e-06	3.866884e-08	-5.873674e-10	2.740119e-01	-3.756402e+01
1.860000e-06	8.459283e-08	-5.786630e-10	5.994346e-01	-3.669879e+01
1.870000e-06	1.304973e-07	-5.698690e-10	9.247190e-01	-3.580895e+01
1.880000e-06	1.764290e-07	-5.601325e-10	1.250196e+00	-3.489369e+01
1.890000e-06	2.223943e-07	-5.464734e-10	1.575912e+00	-3.395224e+01
1.900000e-06	2.682517e-07	-5.275758e-10	1.900862e+00	-3.298382e+01
1.910000e-06	3.140488e-07	-5.042165e-10	2.225386e+00	-3.198771e+01
1.920000e-06	3.598210e-07	-4.828346e-10	2.549733e+00	-3.096318e+01
1.930000e-06	4.055602e-07	-4.641400e-10	2.873847e+00	-2.990958e+01
1.940000e-06	4.513312e-07	-4.460062e-10	3.198185e+00	-2.882627e+01
1.950000e-06	4.971596e-07	-4.288574e-10	3.522930e+00	-2.771270e+01
1.960000e-06	5.429395e-07	-4.181693e-10	3.847332e+00	-2.656836e+01
1.970000e-06	5.886548e-07	-4.073480e-10	4.171276e+00	-2.539282e+01
1.980000e-06	6.341991e-07	-3.870239e-10	4.494008e+00	-2.418571e+01
1.990000e-06	6.796253e-07	-3.586661e-10	4.815903e+00	-2.294678e+01
2.000000e-06	7.251629e-07	-3.305080e-10	5.138588e+00	-2.167583e+01
2.010000e-06	7.707416e-07	-3.096716e-10	5.461564e+00	-2.037280e+01
2.020000e-06	8.162382e-07	-2.929951e-10	5.783959e+00	-1.903770e+01
2.030000e-06	8.616405e-07	-2.736059e-10	6.105684e+00	-1.767067e+01
2.040000e-06	9.069465e-07	-2.535478e-10	6.426728e+00	-1.627195e+01
2.050000e-06	9.521942e-07	-2.371545e-10	6.747358e+00	-1.484191e+01
2.060000e-06	9.974330e-07	-2.183373e-10	7.067926e+00	-1.338104e+01
2.070000e-06	1.042577e-06	-1.916970e-10	7.387821e+00	-1.188994e+01
2.080000e-06	1.087657e-06	-1.611857e-10	7.707263e+00	-1.036937e+01
2.090000e-06	1.132635e-06	-1.364341e-10	8.025986e+00	-8.820169e+00
2.100000e-06	1.177348e-06	-1.186108e-10	8.342821e+00	-7.243342e+00
2.110000e-06	1.221982e-06	-1.002443e-10	8.659109e+00	-5.640001e+00
2.120000e-06	1.266599e-06	-7.597375e-11	8.975268e+00	-4.011386e+00
2.130000e-06	1.311110e-06	-5.096765e-11	9.290678e+00	-2.358856e+00
2.140000e-06	1.355576e-06	-2.803138e-11	9.605768e+00	-6.838878e-01
2.150000e-06	1.399944e-06	-3.493424e-12	9.920167e+00	1.011931e+00
2.160000e-06	1.444172e-06	2.345713e-11	1.023357e+01	2.726906e+00
2.170000e-06	1.488331e-06	5.070096e-11	1.054649e+01	4.459243e+00
2.180000e-06	1.532445e-06	7.430316e-11	1.085909e+01	6.207059e+00
2.190000e-06	1.576480e-06	9.504508e-11	1.117112e+01	7.968383e+00
2.200000e-06	1.620452e-06	1.195620e-10	1.148271e+01	9.741172e+00
2.210000e-06	1.664363e-06	1.478347e-10	1.179387e+01	1.152331e+01
2.220000e-06	1.708243e-06	1.778351e-10	1.210481e+01	1.331265e+01
2.230000e-06	1.752108e-06	2.069536e-10	1.241564e+01	1.510696e+01
2.240000e-06	1.795873e-06	2.363044e-10	1.272577e+01	1.690401e+01
2.250000e-06	1.839555e-06	2.649243e-10	1.303530e+01	1.870153e+01
2.260000e-06	1.883160e-06	2.925085e-10	1.334429e+01	2.049723e+01
2.270000e-06	1.926612e-06	3.177201e-10	1.365219e+01	2.228885e+01
2.280000e-06	1.969970e-06	3.437635e-10	1.395943e+01	2.407412e+01
2.290000e-06	2.013195e-06	3.752163e-10	1.426573e+01	2.585079e+01
2.300000e-06	2.056191e-06	4.053647e-10	1.457041e+01	2.761665e+01
2.310000e-06	2.098907e-06	4.310966e-10	1.487310e+01	2.936955e+01
2.320000e-06	2.141416e-06	4.551865e-10	1.517432e+01	3.110737e+01
2.330000e-06	2.183692e-06	4.794756e-10	1.547389e+01	3.282807e+01
2.340000e-06	2.225582e-06	5.045179e-10	1.577073e+01	3.452969e+01
2.350000e-06	2.267151e-06	5.301627e-10	1.606529e+01	3.621035e+01
2.360000e-06	2.308476e-06	5.557435e-10	1.635813e+01	3.786826e+01
2.370000e-06	2.349568e-06	5.838488e-10	1.664931e+01	3.950173e+01
2.380000e-06	2.390408e-06	6.133926e-10	1.693871e+01	4.110919e+01
2.390000e-06	2.431015e-06	6.400912e-10	1.722646e+01	4.268916e+01
2.400000e-06	2.471424e-06	6.625295e-10	1.751280e+01	4.424031e+01
2.410000e-06	2.511630e-06	6.838360e-10	1.779770e+01	4.576140e+01
2.420000e-06	2.551723e-06	7.077769e-10	1.808180e+01	4.725133e+01
2.430000e-06	2.591741e-06	7.336906e-10	1.836538e+01	4.870913e+01
2.440000e-06	2.631649e-06	7.559205e-10	1.864817e+01	5.013396e+01
2.450000e-06	2.671422e-06	7.750881e-10	1.893001e+01	5.152511e+01
2.460000e-06	2.711091e-06	7.988469e-10	1.921110e+01	5.288197e+01
2.470000e-06	2.750655e-06	8.229599e-10	1.949146e+01	5.420409e+01
2.480000e-06	2.790008e-06	8.421615e-10	1.977032e+01	5.549113e+01
2.490000e-06	2.829152e-06	8.593076e-10	2.004770e+01	5.674286e+01
2.500000e-06	2.868154e-06	8.784204e-10	2.032407e+01	5.795919e+01
2.510000e-06	2.906936e-06	9.030965e-10	2.059888e+01	5.914012e+01
2.520000e-06	2.945413e-06	9.300485e-10	2.087154e+01	6.028576e+01
2.530000e-06	2.983669e-06	9.527738e-10	2.114262e+01	6.139632e+01
2.540000e-06	3.021784e-06	9.711268e-10	2.141271e+01	6.247210e+01
2.550000e-06	3.059751e-06	9.855872e-10	2.168175e+01	6.351348e+01
2.560000e-06	3.097531e-06	9.966737e-10	2.194946e+01	6.452093e+01
2.570000e-06	3.135044e-06	1.006335e-09	2.221529e+01	6.549497e+01
2.580000e-06	3.172332e-06	1.015265e-09	2.247951e+01	6.643620e+01
2.590000e-06	3.209476e-06	1.029323e-09	2.274272e+01	6.734525e+01
2.600000e-06	3.246314e-06	1.050459e-09	2.300376e+01	6.822282e+01
2.610000e-06	3.282865e-06	1.073634e-09	2.326276e+01	6.906963e+01
2.620000e-06	3.319263e-06	1.091167e-09	2.352068e+01	6.988642e+01
2.630000e-06	3.355481e-06	1.099140e-09	2.377732e+01	7.067398e+01
2.640000e-06	3.391523e-06	1.103723e-09	2.403273e+01	7.143309e+01
2.650000e-06	3.427439e-06	1.110447e-09	2.428723e+01	7.216454e+01
2.660000e-06	3.463242e-06	1.116265e-09	2.454093e+01	7.286912e+01
2.670000e-06	3.498888e-06	1.121827e-09	2.479353e+01	7.354761e+01
2.680000e-06	3.534271e-06	1.130992e-09	2.504425e+01	7.420079e+01
2.690000e-06	3.569387e-06	1.145543e-09	2.529309e+01	7.482942e+01
2.700000e-06	3.604246e-06	1.161925e-09	2.554010e+01	7.543422e+01
2.710000e-06	3.638625e-06	1.172680e-09	2.578372e+01	7.601591e+01
2.720000e-06	3.672504e-06	1.174699e-09	2.602379e+01	7.657517e+01
2.730000e-06	3.705916e-06	1.177972e-09	2.626055e+01	7.711265e+01
2.740000e-06	3.738887e-06	1.186073e-09	2.649419e+01	7.762897e+01
2.750000e-06	3.771572e-06	1.192130e-09	2.672580e+01	7.812472e+01
2.760000e-06	3.803931e-06	1.194423e-09	2.695510e+01	7.860045e+01
2.770000e-06	3.836020e-06	1.197343e-09	2.718248e+01	7.905669e+01
2.780000e-06	3.867979e-06	1.207780e-09	2.740895e+01	7.949392e+01
2.790000e-06	3.899759e-06	1.219215e-09	2.763414e+01	7.991261e+01
2.800000e-06	3.931338e-06	1.222663e-09	2.785792e+01	8.031318e+01
2.810000e-06	3.962732e-06	1.219677e-09	2.808037e+01	8.069604e+01
2.820000e-06	3.993826e-06	1.218926e-09	2.830072e+01	8.106157e+01
2.830000e-06	4.024633e-06	1.223347e-09	2.851902e+01	8.141013e+01
2.840000e-06	4.055221e-06	1.227174e-09	2.873577e+01	8.174208e+01
2.850000e-06	4.085498e-06	1.228990e-09	2.895031e+01	8.205773e+01
2.860000e-06	4.115468e-06	1.234753e-09	2.916268e+01	8.235742e+01
2.870000e-06	4.145262e-06	1.247686e-09	2.937381e+01	8.264146e+01
2.880000e-06	4.174800e-06	1.258220e-09	2.958311e+01	8.291016e+01
2.890000e-06	4.204076e-06	1.257391e-09	2.979057e+01	8.316384e+01
2.900000e-06	4.233026e-06	1.252869e-09	2.999571e+01	8.340283e+01
2.910000e-06	4.261550e-06	1.252294e-09	3.019784e+01	8.362745e+01
2.920000e-06	4.289816e-06	1.252946e-09	3.039813e+01	8.383805e+01
2.930000e-06	4.317910e-06	1.251868e-09	3.059721e+01	8.403499e+01
2.940000e-06	4.345838e-06	1.253790e-09	3.079511e+01	8.421863e+01
2.950000e-06	4.373640e-06	1.262471e-09	3.099212e+01	8.438937e+01
2.960000e-06	4.401205e-06	1.274271e-09	3.118745e+01	8.454763e+01
2.970000e-06	4.428509e-06	1.280049e-09	3.138093e+01	8.469383e+01
2.980000e-06	4.455513e-06	1.275849e-09	3.157228e+01	8.482844e+01
2.990000e-06	4.481973e-06	1.271883e-09	3.175978e+01	8.495193e+01
3.000000e-06	4.507788e-06	1.271895e-09	3.194271e+01	8.506481e+01
3.010000e-06	4.533019e-06	1.270642e-09	3.212150e+01	8.516759e+01
3.020000e-06	4.557759e-06	1.269519e-09	3.229681e+01	8.526081e+01
3.030000e-06	4.582064e-06	1.274482e-09	3.246903e+01	8.534504e+01
3.040000e-06	4.606120e-06	1.285799e-09	3.263950e+01	8.542083e+01
3.050000e-06	4.630036e-06	1.295784e-09	3.280897e+01	8.548878e+01
3.060000e-06	4.653713e-06	1.296959e-09	3.297675e+01	8.554948e+01
3.070000e-06	4.677038e-06	1.292630e-09	3.314203e+01	8.560351e+01
3.080000e-06	4.700085e-06	1.290078e-09	3.330535e+01	8.565148e+01
3.090000e-06	4.722794e-06	1.289797e-09	3.346627e+01	8.569398e+01
3.100000e-06	4.745178e-06	1.288675e-09	3.362488e+01	8.573159e+01
3.110000e-06	4.767288e-06	1.287104e-09	3.378156e+01	8.576489e+01
3.120000e-06	4.788995e-06	1.290620e-09	3.393537e+01	8.579442e+01
3.130000e-06	4.810376e-06	1.298023e-09	3.408688e+01	8.582073e+01
3.140000e-06	4.831450e-06	1.302554e-09	3.423621e+01	8.584431e+01
3.150000e-06	4.852104e-06	1.302841e-09	3.438257e+01	8.586564e+01
3.160000e-06	4.872398e-06	1.300130e-09	3.452638e+01	8.588516e+01
3.170000e-06	4.892479e-06	1.298298e-09	3.466867e+01	8.590326e+01
3.180000e-06	4.912376e-06	1.297831e-09	3.480967e+01	8.592031e+01
3.190000e-06	4.932172e-06	1.296463e-09	3.494995e+01	8.593662e+01
3.200000e-06	4.951822e-06	1.297678e-09	3.508918e+01	8.595244e+01
3.210000e-06	4.971182e-06	1.302931e-09	3.522637e+01	8.596799e+01
3.220000e-06	4.990125e-06	1.308241e-09	3.536060e+01	8.598343e+01
3.230000e-06	5.008550e-06	1.312864e-09	3.549117e+01	8.599885e+01
3.240000e-06	5.026389e-06	1.314512e-09	3.561758e+01	8.601431e+01
3.250000e-06	5.043818e-06	1.313834e-09	3.574108e+01	8.602979e+01
3.260000e-06	5.061010e-06	1.313546e-09	3.586290e+01	8.604524e+01
3.270000e-06	5.077981e-06	1.310434e-09	3.598316e+01	8.606055e+01
3.280000e-06	5.094658e-06	1.307515e-09	3.610134e+01	8.607554e+01
3.290000e-06	5.111101e-06	1.309543e-09	3.621786e+01	8.609000e+01
3.300000e-06	5.127186e-06	1.315232e-09	3.633183e+01	8.610368e+01
3.310000e-06	5.142652e-06	1.320368e-09	3.644142e+01	8.611627e+01
3.320000e-06	5.157644e-06	1.323154e-09	3.654767e+01	8.612744e+01
3.330000e-06	5.172129e-06	1.323265e-09	3.665031e+01	8.613682e+01
3.340000e-06	5.186180e-06	1.321017e-09	3.674987e+01	8.614400e+01
3.350000e-06	5.199888e-06	1.315164e-09	3.684701e+01	8.614859e+01
3.360000e-06	5.213198e-06	1.309332e-09	3.694132e+01	8.615013e+01
3.370000e-06	5.226222e-06	1.306035e-09	3.703362e+01	8.614819e+01
3.380000e-06	5.238916e-06	1.303803e-09	3.712356e+01	8.614233e+01
3.390000e-06	5.251147e-06	1.306019e-09	3.721024e+01	8.613211e+01
3.400000e-06	5.263067e-06	1.312249e-09	3.729470e+01	8.611711e+01
3.410000e-06	5.274616e-06	1.315877e-09	3.737654e+01	8.609691e+01
3.420000e-06	5.285625e-06	1.313997e-09	3.745455e+01	8.607113e+01
3.430000e-06	5.296015e-06	1.308750e-09	3.752817e+01	8.603942e+01
3.440000e-06	5.305746e-06	1.303535e-09	3.759713e+01	8.600147e+01
3.450000e-06	5.314921e-06	1.300404e-09	3.766214e+01	8.595701e+01
3.460000e-06	5.323571e-06	1.299223e-09	3.772344e+01	8.590581e+01
3.470000e-06	5.331799e-06	1.300680e-09	3.778174e+01	8.584770e+01
3.480000e-06	5.339777e-06	1.305089e-09	3.783828e+01	8.578258e+01
3.490000e-06	5.347507e-06	1.307071e-09	3.789306e+01	8.571041e+01
3.500000e-06	5.354960e-06	1.303152e-09	3.794587e+01	8.563119e+01
3.510000e-06	5.362090e-06	1.297491e-09	3.799639e+01	8.554502e+01
3.520000e-06	5.368773e-06	1.293753e-09	3.804375e+01	8.545205e+01
3.530000e-06	5.375079e-06	1.293262e-09	3.808844e+01	8.535250e+01
3.540000e-06	5.381118e-06	1.294580e-09	3.813123e+01	8.524667e+01
3.550000e-06	5.386899e-06	1.293598e-09	3.817219e+01	8.513493e+01
3.560000e-06	5.392312e-06	1.290691e-09	3.821055e+01	8.501771e+01
3.570000e-06	5.397223e-06	1.291169e-09	3.824535e+01	8.489550e+01
3.580000e-06	5.401719e-06	1.293091e-09	3.827721e+01	8.476887e+01
3.590000e-06	5.405967e-06	1.291639e-09	3.830731e+01	8.463844e+01
3.600000e-06	5.410022e-06	1.289034e-09	3.833604e+01	8.450488e+01
3.610000e-06	5.413826e-06	1.288779e-09	3.836300e+01	8.436891e+01
3.620000e-06	5.417387e-06	1.292537e-09	3.838823e+01	8.423129e+01
3.630000e-06	5.420569e-06	1.295176e-09	3.841078e+01	8.409282e+01
3.640000e-06	5.423129e-06	1.293058e-09	3.842892e+01	8.395433e+01
3.650000e-06	5.424990e-06	1.291327e-09	3.844211e+01	8.381665e+01
3.660000e-06	5.426267e-06	1.291931e-09	3.845116e+01	8.368066e+01
3.670000e-06	5.427038e-06	1.294086e-09	3.845662e+01	8.354720e+01
3.680000e-06	5.427416e-06	1.293920e-09	3.845930e+01	8.341715e+01
3.690000e-06	5.427515e-06	1.291081e-09	3.846000e+01	8.329134e+01
3.700000e-06	5.427326e-06	1.289781e-09	3.845866e+01	8.317059e+01
3.710000e-06	5.426884e-06	1.293339e-09	3.845553e+01	8.305569e+01
3.720000e-06	5.426160e-06	1.297653e-09	3.845040e+01	8.294741e+01
3.730000e-06	5.424995e-06	1.295302e-09	3.844214e+01	8.284644e+01
3.740000e-06	5.423457e-06	1.287490e-09	3.843125e+01	8.275343e+01
3.750000e-06	5.421673e-06	1.278737e-09	3.841860e+01	8.266897e+01
3.760000e-06	5.419585e-06	1.255847e-09	3.840380e+01	8.259357e+01
3.770000e-06	5.417152e-06	1.230562e-09	3.838657e+01	8.252769e+01
3.780000e-06	5.414279e-06	1.276774e-09	3.836621e+01	8.247168e+01
3.790000e-06	5.410894e-06	1.316972e-09	3.834222e+01	8.242581e+01
3.800000e-06	5.407061e-06	1.224776e-09	3.831506e+01	8.239027e+01
3.810000e-06	5.402928e-06	1.172453e-09	3.828577e+01	8.236515e+01
3.820000e-06	5.398607e-06	1.262625e-09	3.825516e+01	8.235045e+01
3.830000e-06	5.394014e-06	1.314646e-09	3.822260e+01	8.234606e+01
3.840000e-06	5.388832e-06	1.205507e-09	3.818589e+01	8.235179e+01
3.850000e-06	5.383102e-06	1.096863e-09	3.814528e+01	8.236734e+01
3.860000e-06	5.377149e-06	1.265813e-09	3.810310e+01	8.239231e+01
3.870000e-06	5.370733e-06	1.390502e-09	3.805763e+01	8.242623e+01
3.880000e-06	5.363743e-06	1.216824e-09	3.800810e+01	8.246851e+01
3.890000e-06	5.356328e-06	1.097191e-09	3.795556e+01	8.251851e+01
3.900000e-06	5.348448e-06	1.280854e-09	3.789972e+01	8.257547e+01
3.910000e-06	5.340227e-06	1.372027e-09	3.784147e+01	8.263858e+01
3.920000e-06	5.331695e-06	1.121370e-09	3.778101e+01	8.270695e+01
3.930000e-06	5.322894e-06	1.077133e-09	3.771864e+01	8.277965e+01
3.940000e-06	5.313761e-06	1.326810e-09	3.765393e+01	8.285568e+01
3.950000e-06	5.304175e-06	1.361987e-09	3.758600e+01	8.293400e+01
3.960000e-06	5.294262e-06	1.110670e-09	3.751575e+01	8.301352e+01
3.970000e-06	5.284004e-06	1.169974e-09	3.744307e+01	8.309315e+01
3.980000e-06	5.273356e-06	1.416895e-09	3.736761e+01	8.317177e+01
3.990000e-06	5.262319e-06	1.343592e-09	3.728940e+01	8.324826e+01
4.000000e-06	5.250876e-06	1.178360e-09	3.720831e+01	8.332149e+01
4.010000e-06	5.239045e-06	1.341591e-09	3.712448e+01	8.339035e+01
4.020000e-06	5.226845e-06	1.479543e-09	3.703803e+01	8.345376e+01
4.030000e-06	5.214259e-06	1.294620e-09	3.694884e+01	8.351067e+01
4.040000e-06	5.201291e-06	1.215848e-09	3.685695e+01	8.356006e+01
4.050000e-06	5.187891e-06	1.374280e-09	3.676200e+01	8.360098e+01
4.060000e-06	5.173896e-06	1.359704e-09	3.666282e+01	8.363251e+01
4.070000e-06	5.159218e-06	1.241331e-09	3.655881e+01	8.365382e+01
4.080000e-06	5.143902e-06	1.318182e-09	3.645029e+01	8.366414e+01
4.090000e-06	5.128196e-06	1.378735e-09	3.633899e+01	8.366279e+01
4.100000e-06	5.112233e-06	1.290334e-09	3.622588e+01	8.364916e+01
4.110000e-06	5.096022e-06	1.292561e-09	3.611100e+01	8.362275e+01
4.120000e-06	5.079512e-06	1.344140e-09	3.599401e+01	8.358313e+01
4.130000e-06	5.062686e-06	1.247189e-09	3.587478e+01	8.352997e+01
4.140000e-06	5.045470e-06	1.219238e-09	3.575278e+01	8.346306e+01
4.150000e-06	5.027802e-06	1.311072e-09	3.562759e+01	8.338227e+01
4.160000e-06	5.009864e-06	1.310513e-09	3.550047e+01	8.328756e+01
4.170000e-06	4.991695e-06	1.245213e-09	3.537173e+01	8.317900e+01
4.180000e-06	4.973181e-06	1.287386e-09	3.524053e+01	8.305676e+01
4.190000e-06	4.954344e-06	1.311171e-09	3.510706e+01	8.292109e+01
4.200000e-06	4.935174e-06	1.274685e-09	3.497122e+01	8.277235e+01
4.210000e-06	4.915614e-06	1.248279e-09	3.483261e+01	8.261095e+01
4.220000e-06	4.895782e-06	1.241679e-09	3.469208e+01	8.243742e+01
4.230000e-06	4.875782e-06	1.243140e-09	3.455036e+01	8.225234e+01
4.240000e-06	4.855554e-06	1.274895e-09	3.440702e+01	8.205636e+01
4.250000e-06	4.835004e-06	1.261912e-09	3.426140e+01	8.185019e+01
4.260000e-06	4.814143e-06	1.237809e-09	3.411357e+01	8.163460e+01
4.270000e-06	4.792738e-06	1.260542e-09	3.396190e+01	8.141039e+01
4.280000e-06	4.770598e-06	1.269419e-09	3.380501e+01	8.117840e+01
4.290000e-06	4.747894e-06	1.237885e-09	3.364413e+01	8.093952e+01
4.300000e-06	4.724805e-06	1.228738e-09	3.348052e+01	8.069463e+01
4.310000e-06	4.701363e-06	1.222787e-09	3.331440e+01	8.044464e+01
4.320000e-06	4.677572e-06	1.218659e-09	3.314582e+01	8.019043e+01
4.330000e-06	4.653558e-06	1.232175e-09	3.297565e+01	7.993292e+01
4.340000e-06	4.629348e-06	1.214275e-09	3.280409e+01	7.967297e+01
4.350000e-06	4.604850e-06	1.182301e-09	3.263050e+01	7.941145e+01
4.360000e-06	4.580037e-06	1.204493e-09	3.245468e+01	7.914918e+01
4.370000e-06	4.554832e-06	1.222551e-09	3.227607e+01	7.888695e+01
4.380000e-06	4.529325e-06	1.191048e-09	3.209532e+01	7.862550e+01
4.390000e-06	4.503542e-06	1.183468e-09	3.191262e+01	7.836551e+01
4.400000e-06	4.477360e-06	1.201301e-09	3.172709e+01	7.810763e+01
4.410000e-06	4.450881e-06	1.200070e-09	3.153946e+01	7.785243e+01
4.420000e-06	4.424131e-06	1.182540e-09	3.134991e+01	7.760042e+01
4.430000e-06	4.397153e-06	1.167947e-09	3.115874e+01	7.735205e+01
4.440000e-06	4.369857e-06	1.162455e-09	3.096531e+01	7.710768e+01
4.450000e-06	4.342176e-06	1.175666e-09	3.076916e+01	7.686761e+01
4.460000e-06	4.314285e-06	1.174226e-09	3.057152e+01	7.663207e+01
4.470000e-06	4.286240e-06	1.163045e-09	3.037279e+01	7.640122e+01
4.480000e-06	4.258082e-06	1.166958e-09	3.017326e+01	7.617515e+01
4.490000e-06	4.229684e-06	1.181575e-09	2.997203e+01	7.595386e+01
4.500000e-06	4.200854e-06	1.175134e-09	2.976774e+01	7.573729e+01
4.510000e-06	4.171666e-06	1.162181e-09	2.956091e+01	7.552534e+01
4.520000e-06	4.141998e-06	1.150884e-09	2.935068e+01	7.531782e+01
4.530000e-06	4.111751e-06	1.149121e-09	2.913635e+01	7.511448e+01
4.540000e-06	4.081113e-06	1.151595e-09	2.891924e+01	7.491504e+01
4.550000e-06	4.050082e-06	1.148307e-09	2.869935e+01	7.471917e+01
4.560000e-06	4.018682e-06	1.138019e-09	2.847684e+01	7.452647e+01
4.570000e-06	3.987002e-06	1.140422e-09	2.825236e+01	7.433653e+01
4.580000e-06	3.955136e-06	1.148893e-09	2.802655e+01	7.414889e+01
4.590000e-06	3.923047e-06	1.147785e-09	2.779917e+01	7.396310e+01
4.600000e-06	3.890745e-06	1.135822e-09	2.757027e+01	7.377866e+01
4.610000e-06	3.858235e-06	1.127426e-09	2.733990e+01	7.359505e+01
4.620000e-06	3.825465e-06	1.124307e-09	2.710769e+01	7.341178e+01
4.630000e-06	3.792460e-06	1.116434e-09	2.687381e+01	7.322834e+01
4.640000e-06	3.759194e-06	1.099321e-09	2.663809e+01	7.304423e+01
4.650000e-06	3.725722e-06	1.091824e-09	2.640090e+01	7.285894e+01
4.660000e-06	3.692050e-06	1.098517e-09	2.616230e+01	7.267202e+01
4.670000e-06	3.658052e-06	1.105230e-09	2.592138e+01	7.248301e+01
4.680000e-06	3.623742e-06	1.107218e-09	2.567826e+01	7.229148e+01
4.690000e-06	3.589212e-06	1.103003e-09	2.543357e+01	7.209705e+01
4.700000e-06	3.554427e-06	1.098887e-09	2.518708e+01	7.189935e+01
4.710000e-06	3.519404e-06	1.089991e-09	2.493890e+01	7.169805e+01
4.720000e-06	3.484181e-06	1.077155e-09	2.468931e+01	7.149288e+01
4.730000e-06	3.448746e-06	1.065290e-09	2.443821e+01	7.128358e+01
4.740000e-06	3.413076e-06	1.062417e-09	2.418545e+01	7.106996e+01
4.750000e-06	3.377194e-06	1.067056e-09	2.393119e+01	7.085186e+01
4.760000e-06	3.341155e-06	1.073086e-09	2.367581e+01	7.062915e+01
4.770000e-06	3.304988e-06	1.072390e-09	2.341953e+01	7.040177e+01
4.780000e-06	3.268730e-06	1.067227e-09	2.316260e+01	7.016969e+01
4.790000e-06	3.232311e-06	1.056060e-09	2.290453e+01	6.993289e+01
4.800000e-06	3.195590e-06	1.044517e-09	2.264432e+01	6.969144e+01
4.810000e-06	3.158642e-06	1.033504e-09	2.238250e+01	6.944539e+01
4.820000e-06	3.121304e-06	1.028288e-09	2.211792e+01	6.919487e+01
4.830000e-06	3.083537e-06	1.026033e-09	2.185030e+01	6.894001e+01
4.840000e-06	3.045539e-06	1.026080e-09	2.158104e+01	6.868097e+01
4.850000e-06	3.007084e-06	1.027157e-09	2.130854e+01	6.841792e+01
4.860000e-06	2.968311e-06	1.027000e-09	2.103380e+01	6.815107e+01
4.870000e-06	2.929364e-06	1.022464e-09	2.075781e+01	6.788063e+01
4.880000e-06	2.890037e-06	1.015060e-09	2.047913e+01	6.760681e+01
4.890000e-06	2.850422e-06	1.005360e-09	2.019842e+01	6.732984e+01
4.900000e-06	2.810590e-06	9.971914e-10	1.991617e+01	6.704994e+01
4.910000e-06	2.770586e-06	9.922631e-10	1.963269e+01	6.676733e+01
4.920000e-06	2.730457e-06	9.916664e-10	1.934834e+01	6.648221e+01
4.930000e-06	2.690281e-06	9.935501e-10	1.906364e+01	6.619478e+01
4.940000e-06	2.650019e-06	9.956818e-10	1.877834e+01	6.590522e+01
4.950000e-06	2.609574e-06	9.971458e-10	1.849175e+01	6.561369e+01
4.960000e-06	2.568956e-06	9.933996e-10	1.820392e+01	6.532032e+01
4.970000e-06	2.528158e-06	9.851243e-10	1.791482e+01	6.502524e+01
4.980000e-06	2.487176e-06	9.756746e-10	1.762442e+01	6.472853e+01
4.990000e-06	2.446113e-06	9.694221e-10	1.733344e+01	6.443024e+01
5.000000e-06	2.404918e-06	9.666615e-10	1.704153e+01	6.413041e+01
5.010000e-06	2.363509e-06	9.644180e-10	1.674810e+01	6.382902e+01
5.020000e-06	2.322053e-06	9.607724e-10	1.645433e+01	6.352605e+01
5.030000e-06	2.280473e-06	9.611690e-10	1.615970e+01	6.322142e+01
5.040000e-06	2.238635e-06	9.611401e-10	1.586323e+01	6.291504e+01
5.050000e-06	2.196548e-06	9.551225e-10	1.556499e+01	6.260677e+01
5.060000e-06	2.154307e-06	9.472411e-10	1.526567e+01	6.229645e+01
5.070000e-06	2.111973e-06	9.425497e-10	1.496568e+01	6.198389e+01
5.080000e-06	2.069494e-06	9.373380e-10	1.466467e+01	6.166888e+01
5.090000e-06	2.026870e-06	9.319852e-10	1.436263e+01	6.135116e+01
5.100000e-06	1.984150e-06	9.275849e-10	1.405992e+01	6.103048e+01
5.110000e-06	1.941303e-06	9.264832e-10	1.375630e+01	6.070654e+01
5.120000e-06	1.898279e-06	9.250245e-10	1.345142e+01	6.037904e+01
5.130000e-06	1.855092e-06	9.213335e-10	1.314540e+01	6.004766e+01
5.140000e-06	1.811760e-06	9.167789e-10	1.283834e+01	5.971205e+01
5.150000e-06	1.768249e-06	9.115532e-10	1.253001e+01	5.937188e+01
5.160000e-06	1.724682e-06	9.053759e-10	1.222130e+01	5.902678e+01
5.170000e-06	1.681030e-06	8.999379e-10	1.191197e+01	5.867640e+01
5.180000e-06	1.637273e-06	8.934537e-10	1.160191e+01	5.832036e+01
5.190000e-06	1.593459e-06	8.855904e-10	1.129144e+01	5.795830e+01
5.200000e-06	1.549529e-06	8.803437e-10	1.098014e+01	5.758986e+01
5.210000e-06	1.505536e-06	8.758290e-10	1.066840e+01	5.721466e+01
5.220000e-06	1.461511e-06	8.726207e-10	1.035644e+01	5.683235e+01
5.230000e-06	1.417480e-06	8.706736e-10	1.004443e+01	5.644256e+01
5.240000e-06	1.373410e-06	8.689811e-10	9.732144e+00	5.604494e+01
5.250000e-06	1.329258e-06	8.663476e-10	9.419279e+00	5.563915e+01
5.260000e-06	1.285018e-06	8.600831e-10	9.105787e+00	5.522484e+01
5.270000e-06	1.240774e-06	8.496414e-10	8.792267e+00	5.480166e+01
5.280000e-06	1.196498e-06	8.331986e-10	8.478527e+00	5.436930e+01
5.290000e-06	1.152188e-06	8.188329e-10	8.164536e+00	5.392742e+01
5.300000e-06	1.107808e-06	8.121662e-10	7.850056e+00	5.347568e+01
5.310000e-06	1.063251e-06	8.120654e-10	7.534320e+00	5.301377e+01
5.320000e-06	1.018596e-06	8.121558e-10	7.217893e+00	5.254135e+01
5.330000e-06	9.738613e-07	8.096866e-10	6.900894e+00	5.205810e+01
5.340000e-06	9.289837e-07	8.055417e-10	6.582886e+00	5.156367e+01
5.350000e-06	8.840319e-07	7.979838e-10	6.264353e+00	5.105771e+01
5.360000e-06	8.390739e-07	7.824761e-10	5.945775e+00	5.053989e+01
5.370000e-06	7.941360e-07	7.650736e-10	5.627340e+00	5.000981e+01
5.380000e-06	7.491269e-07	7.541257e-10	5.308400e+00	4.946710e+01
5.390000e-06	7.040852e-07	7.501674e-10	4.989229e+00	4.891137e+01
5.400000e-06	6.589984e-07	7.481171e-10	4.669739e+00	4.834217e+01
5.410000e-06	6.137934e-07	7.419510e-10	4.349411e+00	4.775907e+01
5.420000e-06	5.685940e-07	7.308149e-10	4.029123e+00	4.716160e+01
5.430000e-06	5.233689e-07	7.170649e-10	3.708653e+00	4.654927e+01
5.440000e-06	4.780728e-07	7.029729e-10	3.387679e+00	4.592153e+01
5.450000e-06	4.326831e-07	6.864284e-10	3.066043e+00	4.527786e+01
5.460000e-06	3.872880e-07	6.713127e-10	2.744367e+00	4.461765e+01
5.470000e-06	3.419236e-07	6.647362e-10	2.422910e+00	4.394030e+01
5.480000e-06	2.965189e-07	6.640402e-10	2.101168e+00	4.324517e+01
5.490000e-06	2.511012e-07	6.583854e-10	1.779332e+00	4.253158e+01
5.500000e-06	2.056125e-07	6.461179e-10	1.456994e+00	4.179885e+01
5.510000e-06	1.601080e-07	6.305777e-10	1.134544e+00	4.104624e+01
5.520000e-06	1.145838e-07	6.171676e-10	8.119539e-01	4.027301e+01
5.530000e-06	6.901186e-08	6.044351e-10	4.890261e-01	3.947840e+01
5.540000e-06	2.361024e-08	5.904175e-10	1.673049e-01	3.866163e+01
5.550000e-06	-2.176239e-08	5.773565e-10	-1.542108e-01	3.782190e+01
5.560000e-06	-6.723426e-08	5.708005e-10	-4.764298e-01	3.695843e+01
5.570000e-06	-1.127266e-07	5.629200e-10	-7.987938e-01	3.607040e+01
5.580000e-06	-1.582375e-07	5.470552e-10	-1.121289e+00	3.515703e+01
5.590000e-06	-2.038176e-07	5.278583e-10	-1.444275e+00	3.421752e+01
5.600000e-06	-2.494869e-07	5.111912e-10	-1.767893e+00	3.325112e+01
5.610000e-06	-2.949748e-07	4.990659e-10	-2.090226e+00	3.225707e+01
5.620000e-06	-3.403293e-07	4.874119e-10	-2.411613e+00	3.123467e+01
5.630000e-06	-3.857379e-07	4.722676e-10	-2.733384e+00	3.018325e+01
5.640000e-06	-4.310638e-07	4.562697e-10	-3.054568e+00	2.910218e+01
5.650000e-06	-4.763633e-07	4.420302e-10	-3.375565e+00	2.799089e+01
5.660000e-06	-5.216918e-07	4.249183e-10	-3.696769e+00	2.684886e+01
5.670000e-06	-5.669828e-07	4.033888e-10	-4.017706e+00	2.567567e+01
5.680000e-06	-6.121183e-07	3.824885e-10	-4.337541e+00	2.447094e+01
5.690000e-06	-6.570903e-07	3.660543e-10	-4.656218e+00	2.323440e+01
5.700000e-06	-7.020357e-07	3.501668e-10	-4.974706e+00	2.196586e+01
5.710000e-06	-7.469836e-07	3.310562e-10	-5.293212e+00	2.066524e+01
5.720000e-06	-7.919023e-07	3.138051e-10	-5.611512e+00	1.933254e+01
5.730000e-06	-8.367407e-07	2.998369e-10	-5.929242e+00	1.796790e+01
5.740000e-06	-8.815471e-07	2.834661e-10	-6.246745e+00	1.657154e+01
5.750000e-06	-9.262803e-07	2.601956e-10	-6.563730e+00	1.514383e+01
5.760000e-06	-9.709228e-07	2.343047e-10	-6.880071e+00	1.368524e+01
5.770000e-06	-1.015559e-06	2.102941e-10	-7.196372e+00	1.219638e+01
5.780000e-06	-1.060141e-06	1.886138e-10	-7.512285e+00	1.067796e+01
5.790000e-06	-1.104578e-06	1.647995e-10	-7.827165e+00	9.130844e+00
5.800000e-06	-1.148953e-06	1.365395e-10	-8.141617e+00	7.556013e+00
5.810000e-06	-1.193270e-06	1.093198e-10	-8.455651e+00	5.954571e+00
5.820000e-06	-1.237464e-06	8.935378e-11	-8.768813e+00	4.327746e+00
5.830000e-06	-1.281612e-06	6.973968e-11	-9.081652e+00	2.676889e+00
5.840000e-06	-1.325735e-06	4.374051e-11	-9.394308e+00	1.003467e+00
5.850000e-06	-1.369815e-06	1.825663e-11	-9.706671e+00	-6.909426e-01
5.860000e-06	-1.413820e-06	-3.930613e-12	-1.001849e+01	-2.404653e+00
5.870000e-06	-1.457830e-06	-2.645676e-11	-1.033035e+01	-4.135880e+00
5.880000e-06	-1.501829e-06	-5.364640e-11	-1.064214e+01	-5.882745e+00
5.890000e-06	-1.545740e-06	-8.302633e-11	-1.095329e+01	-7.643286e+00
5.900000e-06	-1.589576e-06	-1.087138e-10	-1.126392e+01	-9.415464e+00
5.910000e-06	-1.633284e-06	-1.337101e-10	-1.157364e+01	-1.119717e+01
5.920000e-06	-1.676884e-06	-1.633513e-10	-1.188259e+01	-1.298626e+01
5.930000e-06	-1.720471e-06	-1.941329e-10	-1.219146e+01	-1.478051e+01
5.940000e-06	-1.764003e-06	-2.206753e-10	-1.249993e+01	-1.657768e+01
5.950000e-06	-1.807372e-06	-2.447550e-10	-1.280725e+01	-1.837551e+01
5.960000e-06	-1.850548e-06	-2.700603e-10	-1.311320e+01	-2.017172e+01
5.970000e-06	-1.893617e-06	-2.950009e-10	-1.341839e+01	-2.196403e+01
5.980000e-06	-1.936577e-06	-3.212280e-10	-1.372281e+01	-2.375018e+01
5.990000e-06	-1.979400e-06	-3.507416e-10	-1.402625e+01	-2.552791e+01
6.000000e-06	-2.022050e-06	-3.836740e-10	-1.432848e+01	-2.729503e+01
6.010000e-06	-2.064442e-06	-4.187677e-10	-1.462887e+01	-2.904935e+01
6.020000e-06	-2.106682e-06	-4.514129e-10	-1.492819e+01	-3.078877e+01
6.030000e-06	-2.148822e-06	-4.776315e-10	-1.522680e+01	-3.251124e+01
6.040000e-06	-2.190808e-06	-4.997627e-10	-1.552432e+01	-3.421479e+01
6.050000e-06	-2.232663e-06	-5.208917e-10	-1.582091e+01	-3.589753e+01
6.060000e-06	-2.274432e-06	-5.414733e-10	-1.611689e+01	-3.755767e+01
6.070000e-06	-2.316047e-06	-5.640852e-10	-1.641178e+01	-3.919350e+01
6.080000e-06	-2.357400e-06	-5.904982e-10	-1.670481e+01	-4.080345e+01
6.090000e-06	-2.398527e-06	-6.194623e-10	-1.699624e+01	-4.238603e+01
6.100000e-06	-2.439496e-06	-6.497450e-10	-1.728655e+01	-4.393989e+01
6.110000e-06	-2.480347e-06	-6.788694e-10	-1.757603e+01	-4.546379e+01
6.120000e-06	-2.520941e-06	-7.037467e-10	-1.786368e+01	-4.695663e+01
6.130000e-06	-2.561322e-06	-7.215430e-10	-1.814982e+01	-4.841741e+01
6.140000e-06	-2.601611e-06	-7.354208e-10	-1.843532e+01	-4.984528e+01
6.150000e-06	-2.641813e-06	-7.518123e-10	-1.872020e+01	-5.123952e+01
6.160000e-06	-2.681932e-06	-7.721259e-10	-1.900448e+01	-5.259952e+01
6.170000e-06	-2.721971e-06	-7.960500e-10	-1.928820e+01	-5.392482e+01
6.180000e-06	-2.761971e-06	-8.215553e-10	-1.957165e+01	-5.521505e+01
6.190000e-06	-2.801807e-06	-8.460777e-10	-1.985393e+01	-5.647000e+01
6.200000e-06	-2.841491e-06	-8.669563e-10	-2.013513e+01	-5.768955e+01
6.210000e-06	-2.881090e-06	-8.825978e-10	-2.041574e+01	-5.887369e+01
6.220000e-06	-2.920418e-06	-8.939602e-10	-2.069442e+01	-6.002253e+01
6.230000e-06	-2.959401e-06	-9.025827e-10	-2.097066e+01	-6.113627e+01
6.240000e-06	-2.998129e-06	-9.155163e-10	-2.124509e+01	-6.221520e+01
6.250000e-06	-3.036541e-06	-9.339228e-10	-2.151728e+01	-6.325970e+01
6.260000e-06	-3.074489e-06	-9.535052e-10	-2.178619e+01	-6.427022e+01
6.270000e-06	-3.112071e-06	-9.702077e-10	-2.205249e+01	-6.524728e+01
6.280000e-06	-3.149324e-06	-9.852206e-10	-2.231648e+01	-6.619149e+01
6.290000e-06	-3.186156e-06	-1.001796e-09	-2.257747e+01	-6.710346e+01
6.300000e-06	-3.222703e-06	-1.015654e-09	-2.283645e+01	-6.798389e+01
6.310000e-06	-3.258995e-06	-1.025110e-09	-2.309361e+01	-6.883350e+01
6.320000e-06	-3.295090e-06	-1.032762e-09	-2.334939e+01	-6.965303e+01
6.330000e-06	-3.331111e-06	-1.044786e-09	-2.360464e+01	-7.044326e+01
6.340000e-06	-3.367065e-06	-1.060724e-09	-2.385941e+01	-7.120498e+01
6.350000e-06	-3.402924e-06	-1.073581e-09	-2.411351e+01	-7.193897e+01
6.360000e-06	-3.438676e-06	-1.080872e-09	-2.436686e+01	-7.264602e+01
6.370000e-06	-3.474171e-06	-1.086787e-09	-2.461838e+01	-7.332692e+01
6.380000e-06	-3.509337e-06	-1.094352e-09	-2.486757e+01	-7.398245e+01
6.390000e-06	-3.544227e-06	-1.099652e-09	-2.511480e+01	-7.461335e+01
6.400000e-06	-3.578811e-06	-1.103821e-09	-2.535987e+01	-7.522038e+01
6.410000e-06	-3.613110e-06	-1.112321e-09	-2.560292e+01	-7.580423e+01
6.420000e-06	-3.647196e-06	-1.125888e-09	-2.584446e+01	-7.636560e+01
6.430000e-06	-3.681019e-06	-1.138301e-09	-2.608413e+01	-7.690514e+01
6.440000e-06	-3.714665e-06	-1.145062e-09	-2.632254e+01	-7.742347e+01
6.450000e-06	-3.748097e-06	-1.147447e-09	-2.655945e+01	-7.792117e+01
6.460000e-06	-3.781218e-06	-1.150780e-09	-2.679415e+01	-7.839882e+01
6.470000e-06	-3.813976e-06	-1.155892e-09	-2.702627e+01	-7.885693e+01
6.480000e-06	-3.846383e-06	-1.161605e-09	-2.725592e+01	-7.929599e+01
6.490000e-06	-3.878656e-06	-1.169409e-09	-2.748460e+01	-7.971647e+01
6.500000e-06	-3.910798e-06	-1.179098e-09	-2.771237e+01	-8.011880e+01
6.510000e-06	-3.942780e-06	-1.189980e-09	-2.793900e+01	-8.050338e+01
6.520000e-06	-3.974507e-06	-1.197428e-09	-2.816382e+01	-8.087061e+01
6.530000e-06	-4.005933e-06	-1.200088e-09	-2.838651e+01	-8.122084e+01
6.540000e-06	-4.037046e-06	-1.201662e-09	-2.860697e+01	-8.155442e+01
6.550000e-06	-4.067694e-06	-1.205918e-09	-2.882415e+01	-8.187169e+01
6.560000e-06	-4.097974e-06	-1.211569e-09	-2.903872e+01	-8.217296e+01
6.570000e-06	-4.127890e-06	-1.215883e-09	-2.925071e+01	-8.245855e+01
6.580000e-06	-4.157230e-06	-1.221324e-09	-2.945862e+01	-8.272879e+01
6.590000e-06	-4.186068e-06	-1.227593e-09	-2.966296e+01	-8.298398e+01
6.600000e-06	-4.214590e-06	-1.230679e-09	-2.986508e+01	-8.322444e+01
6.610000e-06	-4.242835e-06	-1.232062e-09	-3.006522e+01	-8.345051e+01
6.620000e-06	-4.270866e-06	-1.233438e-09	-3.026385e+01	-8.366253e+01
6.630000e-06	-4.298786e-06	-1.237343e-09	-3.046169e+01	-8.386086e+01
6.640000e-06	-4.326557e-06	-1.243240e-09	-3.065849e+01	-8.404586e+01
6.650000e-06	-4.354056e-06	-1.246977e-09	-3.085334e+01	-8.421792e+01
6.660000e-06	-4.381185e-06	-1.249542e-09	-3.104558e+01	-8.437747e+01
6.670000e-06	-4.407939e-06	-1.253365e-09	-3.123517e+01	-8.452492e+01
6.680000e-06	-4.434383e-06	-1.256792e-09	-3.142255e+01	-8.466075e+01
6.690000e-06	-4.460551e-06	-1.258352e-09	-3.160798e+01	-8.478541e+01
6.700000e-06	-4.486381e-06	-1.260790e-09	-3.179102e+01	-8.489942e+01
6.710000e-06	-4.511903e-06	-1.263671e-09	-3.197187e+01	-8.500329e+01
6.720000e-06	-4.537064e-06	-1.267017e-09	-3.215016e+01	-8.509755e+01
6.730000e-06	-4.561813e-06	-1.270582e-09	-3.232553e+01	-8.518277e+01
6.740000e-06	-4.586274e-06	-1.273331e-09	-3.249887e+01	-8.525951e+01
6.750000e-06	-4.610559e-06	-1.277110e-09	-3.267095e+01	-8.532836e+01
6.760000e-06	-4.634643e-06	-1.278283e-09	-3.284162e+01	-8.538990e+01
6.770000e-06	-4.658558e-06	-1.276949e-09	-3.301108e+01	-8.544473e+01
6.780000e-06	-4.682352e-06	-1.280189e-09	-3.317969e+01	-8.549345e+01
6.790000e-06	-4.705841e-06	-1.287268e-09	-3.334613e+01	-8.553665e+01
6.800000e-06	-4.728821e-06	-1.289960e-09	-3.350897e+01	-8.557491e+01
6.810000e-06	-4.751306e-06	-1.286532e-09	-3.366830e+01	-8.560881e+01
6.820000e-06	-4.773277e-06	-1.283826e-09	-3.382399e+01	-8.563890e+01
6.830000e-06	-4.794637e-06	-1.285521e-09	-3.397535e+01	-8.566572e+01
6.840000e-06	-4.815480e-06	-1.286655e-09	-3.412305e+01	-8.568977e+01
6.850000e-06	-4.835966e-06	-1.283060e-09	-3.426822e+01	-8.571154e+01
6.860000e-06	-4.856238e-06	-1.280086e-09	-3.441187e+01	-8.573146e+01
6.870000e-06	-4.876304e-06	-1.283204e-09	-3.455405e+01	-8.574993e+01
6.880000e-06	-4.896139e-06	-1.289675e-09	-3.469461e+01	-8.576732e+01
6.890000e-06	-4.915677e-06	-1.290972e-09	-3.483306e+01	-8.578394e+01
6.900000e-06	-4.934805e-06	-1.288259e-09	-3.496860e+01	-8.580006e+01
6.910000e-06	-4.953542e-06	-1.288053e-09	-3.510137e+01	-8.581590e+01
6.920000e-06	-4.971885e-06	-1.290835e-09	-3.523135e+01	-8.583160e+01
6.930000e-06	-4.990009e-06	-1.290304e-09	-3.535978e+01	-8.584729e+01
6.940000e-06	-5.008004e-06	-1.283707e-09	-3.548730e+01	-8.586301e+01
6.950000e-06	-5.025622e-06	-1.277421e-09	-3.561214e+01	-8.587876e+01
6.960000e-06	-5.042798e-06	-1.277366e-09	-3.573385e+01	-8.589448e+01
6.970000e-06	-5.059614e-06	-1.279372e-09	-3.585301e+01	-8.591007e+01
6.980000e-06	-5.076057e-06	-1.277020e-09	-3.596953e+01	-8.592536e+01
6.990000e-06	-5.092229e-06	-1.275518e-09	-3.608412e+01	-8.594014e+01
7.000000e-06	-5.108208e-06	-1.277703e-09	-3.619735e+01	-8.595416e+01
7.010000e-06	-5.123936e-06	-1.280540e-09	-3.630880e+01	-8.596712e+01
7.020000e-06	-5.139272e-06	-1.278879e-09	-3.641748e+01	-8.597868e+01
7.030000e-06	-5.154001e-06	-1.272534e-09	-3.652185e+01	-8.598849e+01
7.040000e-06	-5.168144e-06	-1.267553e-09	-3.662207e+01	-8.599614e+01
7.050000e-06	-5.181636e-06	-1.264284e-09	-3.671767e+01	-8.600122e+01
7.060000e-06	-5.194581e-06	-1.260244e-09	-3.680940e+01	-8.600330e+01
7.070000e-06	-5.207137e-06	-1.257613e-09	-3.689837e+01	-8.600193e+01
7.080000e-06	-5.219321e-06	-1.258892e-09	-3.698472e+01	-8.599668e+01
7.090000e-06	-5.231250e-06	-1.264048e-09	-3.706924e+01	-8.598711e+01
7.100000e-06	-5.242801e-06	-1.267482e-09	-3.715109e+01	-8.597278e+01
7.110000e-06	-5.253877e-06	-1.263537e-09	-3.722958e+01	-8.595330e+01
7.120000e-06	-5.264648e-06	-1.257519e-09	-3.730591e+01	-8.592826e+01
7.130000e-06	-5.275160e-06	-1.253983e-09	-3.738039e+01	-8.589733e+01
7.140000e-06	-5.285279e-06	-1.250159e-09	-3.745210e+01	-8.586017e+01
7.150000e-06	-5.294941e-06	-1.245455e-09	-3.752057e+01	-8.581652e+01
7.160000e-06	-5.304193e-06	-1.242838e-09	-3.758612e+01	-8.576616e+01
7.170000e-06	-5.313134e-06	-1.243693e-09	-3.764949e+01	-8.570890e+01
7.180000e-06	-5.321700e-06	-1.245665e-09	-3.771019e+01	-8.564463e+01
7.190000e-06	-5.329956e-06	-1.245086e-09	-3.776868e+01	-8.557331e+01
7.200000e-06	-5.338035e-06	-1.242996e-09	-3.782593e+01	-8.549494e+01
7.210000e-06	-5.345931e-06	-1.242963e-09	-3.788189e+01	-8.540961e+01
7.220000e-06	-5.353488e-06	-1.242015e-09	-3.793544e+01	-8.531746e+01
7.230000e-06	-5.360621e-06	-1.235197e-09	-3.798598e+01	-8.521872e+01
7.240000e-06	-5.367241e-06	-1.226871e-09	-3.803289e+01	-8.511366e+01
7.250000e-06	-5.373173e-06	-1.225747e-09	-3.807493e+01	-8.500267e+01
7.260000e-06	-5.378532e-06	-1.227733e-09	-3.811290e+01	-8.488615e+01
7.270000e-06	-5.383428e-06	-1.226540e-09	-3.814760e+01	-8.476460e+01
7.280000e-06	-5.387899e-06	-1.223296e-09	-3.817927e+01	-8.463858e+01
7.290000e-06	-5.392059e-06	-1.222719e-09	-3.820876e+01	-8.450871e+01
7.300000e-06	-5.396013e-06	-1.224748e-09	-3.823677e+01	-8.437565e+01
7.310000e-06	-5.399687e-06	-1.223675e-09	-3.826281e+01	-8.424012e+01
7.320000e-06	-5.402898e-06	-1.218134e-09	-3.828556e+01	-8.410287e+01
7.330000e-06	-5.405744e-06	-1.213629e-09	-3.830573e+01	-8.396470e+01
7.340000e-06	-5.408297e-06	-1.215255e-09	-3.832382e+01	-8.382644e+01
7.350000e-06	-5.410493e-06	-1.216192e-09	-3.833938e+01	-8.368893e+01
7.360000e-06	-5.412358e-06	-1.213469e-09	-3.835260e+01	-8.355303e+01
7.370000e-06	-5.413912e-06	-1.210445e-09	-3.836361e+01	-8.341960e+01
7.380000e-06	-5.415051e-06	-1.210021e-09	-3.837168e+01	-8.328949e+01
7.390000e-06	-5.415755e-06	-1.209781e-09	-3.837667e+01	-8.316356e+01
7.400000e-06	-5.416164e-06	-1.205447e-09	-3.837957e+01	-8.304262e+01
