# Temperatura_=_14.01
# Concentracion g/m^3_=_4090.0
# C_Vs_to_Am_M_A/Vsm_=_65563218390.804596
# pendiente_HvsI_1/m_=_3716.3
# ordenada_HvsI_A/m_=_1297.0
# frecuencia_Hz_=_135088.1960918596

Tiempo_(s)	Campo_(V.s)	Magnetizacion_(V.s)	Campo_(kA/m)	Magnetizacion_(A/m)
0.000000e+00	-5.427126e-06	-1.244975e-09	-3.837641e+01	-8.690148e+01
1.000000e-08	-5.427348e-06	-1.244319e-09	-3.837798e+01	-8.675404e+01
2.000000e-08	-5.427452e-06	-1.247294e-09	-3.837871e+01	-8.661337e+01
3.000000e-08	-5.427269e-06	-1.248828e-09	-3.837742e+01	-8.648030e+01
4.000000e-08	-5.426710e-06	-1.248880e-09	-3.837347e+01	-8.635561e+01
5.000000e-08	-5.425620e-06	-1.248593e-09	-3.836576e+01	-8.624000e+01
6.000000e-08	-5.423954e-06	-1.246072e-09	-3.835398e+01	-8.613411e+01
7.000000e-08	-5.421673e-06	-1.247515e-09	-3.833785e+01	-8.603851e+01
8.000000e-08	-5.418700e-06	-1.237424e-09	-3.831683e+01	-8.595366e+01
9.000000e-08	-5.415196e-06	-1.215784e-09	-3.829205e+01	-8.587994e+01
1.000000e-07	-5.411273e-06	-1.238330e-09	-3.826431e+01	-8.581764e+01
1.100000e-07	-5.406996e-06	-1.314553e-09	-3.823407e+01	-8.576696e+01
1.200000e-07	-5.402530e-06	-1.287293e-09	-3.820248e+01	-8.572797e+01
1.300000e-07	-5.398056e-06	-1.216380e-09	-3.817085e+01	-8.570065e+01
1.400000e-07	-5.393222e-06	-1.191616e-09	-3.813667e+01	-8.568490e+01
1.500000e-07	-5.387860e-06	-1.290690e-09	-3.809875e+01	-8.568047e+01
1.600000e-07	-5.382144e-06	-1.275218e-09	-3.805833e+01	-8.568706e+01
1.700000e-07	-5.376077e-06	-1.179628e-09	-3.801543e+01	-8.570421e+01
1.800000e-07	-5.369593e-06	-1.193054e-09	-3.796958e+01	-8.573142e+01
1.900000e-07	-5.362632e-06	-1.286688e-09	-3.792036e+01	-8.576806e+01
2.000000e-07	-5.355306e-06	-1.303588e-09	-3.786855e+01	-8.581343e+01
2.100000e-07	-5.347799e-06	-1.225216e-09	-3.781547e+01	-8.586673e+01
2.200000e-07	-5.340106e-06	-1.253899e-09	-3.776107e+01	-8.592709e+01
2.300000e-07	-5.332160e-06	-1.292529e-09	-3.770488e+01	-8.599360e+01
2.400000e-07	-5.323808e-06	-1.292583e-09	-3.764582e+01	-8.606525e+01
2.500000e-07	-5.314995e-06	-1.267079e-09	-3.758351e+01	-8.614099e+01
2.600000e-07	-5.305614e-06	-1.347398e-09	-3.751717e+01	-8.621974e+01
2.700000e-07	-5.295479e-06	-1.381372e-09	-3.744551e+01	-8.630037e+01
2.800000e-07	-5.284782e-06	-1.364537e-09	-3.736987e+01	-8.638174e+01
2.900000e-07	-5.273553e-06	-1.355496e-09	-3.729046e+01	-8.646268e+01
3.000000e-07	-5.261944e-06	-1.399782e-09	-3.720837e+01	-8.654204e+01
3.100000e-07	-5.249970e-06	-1.363666e-09	-3.712370e+01	-8.661866e+01
3.200000e-07	-5.237581e-06	-1.331249e-09	-3.703609e+01	-8.669139e+01
3.300000e-07	-5.224866e-06	-1.374953e-09	-3.694619e+01	-8.675911e+01
3.400000e-07	-5.211695e-06	-1.407933e-09	-3.685305e+01	-8.682076e+01
3.500000e-07	-5.198114e-06	-1.372129e-09	-3.675702e+01	-8.687528e+01
3.600000e-07	-5.184143e-06	-1.379316e-09	-3.665822e+01	-8.692170e+01
3.700000e-07	-5.169795e-06	-1.404927e-09	-3.655677e+01	-8.695909e+01
3.800000e-07	-5.154991e-06	-1.371632e-09	-3.645208e+01	-8.698660e+01
3.900000e-07	-5.139439e-06	-1.338632e-09	-3.634211e+01	-8.700345e+01
4.000000e-07	-5.123319e-06	-1.355237e-09	-3.622813e+01	-8.700893e+01
4.100000e-07	-5.106796e-06	-1.356736e-09	-3.611129e+01	-8.700244e+01
4.200000e-07	-5.089949e-06	-1.347466e-09	-3.599216e+01	-8.698343e+01
4.300000e-07	-5.072847e-06	-1.375804e-09	-3.587123e+01	-8.695150e+01
4.400000e-07	-5.055467e-06	-1.375129e-09	-3.574832e+01	-8.690628e+01
4.500000e-07	-5.037857e-06	-1.355070e-09	-3.562380e+01	-8.684755e+01
4.600000e-07	-5.019931e-06	-1.344926e-09	-3.549705e+01	-8.677515e+01
4.700000e-07	-5.001615e-06	-1.359318e-09	-3.536753e+01	-8.668905e+01
4.800000e-07	-4.982861e-06	-1.338034e-09	-3.523491e+01	-8.658928e+01
4.900000e-07	-4.963689e-06	-1.337935e-09	-3.509934e+01	-8.647598e+01
5.000000e-07	-4.944184e-06	-1.336776e-09	-3.496142e+01	-8.634939e+01
5.100000e-07	-4.924440e-06	-1.342368e-09	-3.482180e+01	-8.620981e+01
5.200000e-07	-4.904501e-06	-1.337318e-09	-3.468081e+01	-8.605764e+01
5.300000e-07	-4.884380e-06	-1.341183e-09	-3.453853e+01	-8.589336e+01
5.400000e-07	-4.863964e-06	-1.322383e-09	-3.439416e+01	-8.571748e+01
5.500000e-07	-4.843178e-06	-1.329271e-09	-3.424719e+01	-8.553062e+01
5.600000e-07	-4.821960e-06	-1.333749e-09	-3.409714e+01	-8.533343e+01
5.700000e-07	-4.800419e-06	-1.332068e-09	-3.394483e+01	-8.512661e+01
5.800000e-07	-4.778670e-06	-1.319143e-09	-3.379103e+01	-8.491090e+01
5.900000e-07	-4.756561e-06	-1.322064e-09	-3.363470e+01	-8.468707e+01
6.000000e-07	-4.734106e-06	-1.310178e-09	-3.347591e+01	-8.445591e+01
6.100000e-07	-4.711326e-06	-1.305460e-09	-3.331483e+01	-8.421824e+01
6.200000e-07	-4.688102e-06	-1.302187e-09	-3.315061e+01	-8.397487e+01
6.300000e-07	-4.664541e-06	-1.297934e-09	-3.298401e+01	-8.372661e+01
6.400000e-07	-4.640835e-06	-1.298458e-09	-3.281637e+01	-8.347426e+01
6.500000e-07	-4.616909e-06	-1.310993e-09	-3.264718e+01	-8.321860e+01
6.600000e-07	-4.592792e-06	-1.309285e-09	-3.247665e+01	-8.296040e+01
6.700000e-07	-4.568491e-06	-1.297588e-09	-3.230481e+01	-8.270037e+01
6.800000e-07	-4.543717e-06	-1.295941e-09	-3.212963e+01	-8.243921e+01
6.900000e-07	-4.518356e-06	-1.292533e-09	-3.195029e+01	-8.217756e+01
7.000000e-07	-4.492449e-06	-1.282930e-09	-3.176710e+01	-8.191602e+01
7.100000e-07	-4.465998e-06	-1.271975e-09	-3.158006e+01	-8.165511e+01
7.200000e-07	-4.439101e-06	-1.272324e-09	-3.138987e+01	-8.139532e+01
7.300000e-07	-4.411808e-06	-1.273106e-09	-3.119687e+01	-8.113708e+01
7.400000e-07	-4.384215e-06	-1.275784e-09	-3.100176e+01	-8.088073e+01
7.500000e-07	-4.356480e-06	-1.269389e-09	-3.080564e+01	-8.062657e+01
7.600000e-07	-4.328626e-06	-1.271744e-09	-3.060867e+01	-8.037482e+01
7.700000e-07	-4.300582e-06	-1.273341e-09	-3.041037e+01	-8.012565e+01
7.800000e-07	-4.272267e-06	-1.274120e-09	-3.021015e+01	-7.987914e+01
7.900000e-07	-4.243627e-06	-1.261861e-09	-3.000763e+01	-7.963532e+01
8.000000e-07	-4.214661e-06	-1.256067e-09	-2.980281e+01	-7.939417e+01
8.100000e-07	-4.185429e-06	-1.248523e-09	-2.959609e+01	-7.915560e+01
8.200000e-07	-4.155838e-06	-1.247613e-09	-2.938685e+01	-7.891945e+01
8.300000e-07	-4.125963e-06	-1.242353e-09	-2.917560e+01	-7.868553e+01
8.400000e-07	-4.095863e-06	-1.243191e-09	-2.896276e+01	-7.845359e+01
8.500000e-07	-4.065334e-06	-1.243331e-09	-2.874688e+01	-7.822336e+01
8.600000e-07	-4.034497e-06	-1.248411e-09	-2.852882e+01	-7.799449e+01
8.700000e-07	-4.003569e-06	-1.247394e-09	-2.831012e+01	-7.776663e+01
8.800000e-07	-3.972337e-06	-1.243448e-09	-2.808928e+01	-7.753941e+01
8.900000e-07	-3.940805e-06	-1.233104e-09	-2.786630e+01	-7.731242e+01
9.000000e-07	-3.909138e-06	-1.226560e-09	-2.764238e+01	-7.708523e+01
9.100000e-07	-3.877327e-06	-1.219970e-09	-2.741744e+01	-7.685742e+01
9.200000e-07	-3.845396e-06	-1.218423e-09	-2.719165e+01	-7.662857e+01
9.300000e-07	-3.813224e-06	-1.219520e-09	-2.696415e+01	-7.639825e+01
9.400000e-07	-3.780755e-06	-1.223766e-09	-2.673456e+01	-7.616603e+01
9.500000e-07	-3.747996e-06	-1.223577e-09	-2.650291e+01	-7.593153e+01
9.600000e-07	-3.714831e-06	-1.218671e-09	-2.626839e+01	-7.569434e+01
9.700000e-07	-3.681127e-06	-1.210325e-09	-2.603006e+01	-7.545410e+01
9.800000e-07	-3.646979e-06	-1.198366e-09	-2.578860e+01	-7.521049e+01
9.900000e-07	-3.612413e-06	-1.187753e-09	-2.554417e+01	-7.496320e+01
1.000000e-06	-3.577321e-06	-1.179536e-09	-2.529603e+01	-7.471196e+01
1.010000e-06	-3.541928e-06	-1.177367e-09	-2.504575e+01	-7.445652e+01
1.020000e-06	-3.506382e-06	-1.176020e-09	-2.479440e+01	-7.419671e+01
1.030000e-06	-3.470697e-06	-1.177070e-09	-2.454207e+01	-7.393235e+01
1.040000e-06	-3.434859e-06	-1.175177e-09	-2.428865e+01	-7.366334e+01
1.050000e-06	-3.398869e-06	-1.171343e-09	-2.403416e+01	-7.338961e+01
1.060000e-06	-3.362750e-06	-1.160805e-09	-2.377875e+01	-7.311110e+01
1.070000e-06	-3.326411e-06	-1.148866e-09	-2.352179e+01	-7.282785e+01
1.080000e-06	-3.289870e-06	-1.135538e-09	-2.326340e+01	-7.253987e+01
1.090000e-06	-3.253058e-06	-1.128468e-09	-2.300310e+01	-7.224726e+01
1.100000e-06	-3.215965e-06	-1.125430e-09	-2.274080e+01	-7.195014e+01
1.110000e-06	-3.178700e-06	-1.127081e-09	-2.247729e+01	-7.164864e+01
1.120000e-06	-3.141237e-06	-1.126837e-09	-2.221238e+01	-7.134293e+01
1.130000e-06	-3.103535e-06	-1.126327e-09	-2.194579e+01	-7.103323e+01
1.140000e-06	-3.065630e-06	-1.119044e-09	-2.167775e+01	-7.071974e+01
1.150000e-06	-3.027518e-06	-1.111389e-09	-2.140825e+01	-7.040270e+01
1.160000e-06	-2.989218e-06	-1.101379e-09	-2.113742e+01	-7.008236e+01
1.170000e-06	-2.950754e-06	-1.092700e-09	-2.086544e+01	-6.975897e+01
1.180000e-06	-2.912069e-06	-1.084226e-09	-2.059188e+01	-6.943279e+01
1.190000e-06	-2.873107e-06	-1.079350e-09	-2.031638e+01	-6.910409e+01
1.200000e-06	-2.833960e-06	-1.078765e-09	-2.003956e+01	-6.877311e+01
1.210000e-06	-2.794663e-06	-1.081781e-09	-1.976168e+01	-6.844011e+01
1.220000e-06	-2.755200e-06	-1.081626e-09	-1.948263e+01	-6.810530e+01
1.230000e-06	-2.715592e-06	-1.077701e-09	-1.920255e+01	-6.776891e+01
1.240000e-06	-2.675805e-06	-1.068139e-09	-1.892121e+01	-6.743112e+01
1.250000e-06	-2.635901e-06	-1.056417e-09	-1.863904e+01	-6.709212e+01
1.260000e-06	-2.595852e-06	-1.048314e-09	-1.835585e+01	-6.675204e+01
1.270000e-06	-2.555666e-06	-1.041970e-09	-1.807168e+01	-6.641099e+01
1.280000e-06	-2.515427e-06	-1.037625e-09	-1.778714e+01	-6.606906e+01
1.290000e-06	-2.475144e-06	-1.037445e-09	-1.750229e+01	-6.572629e+01
1.300000e-06	-2.434725e-06	-1.039245e-09	-1.721648e+01	-6.538270e+01
1.310000e-06	-2.394003e-06	-1.035968e-09	-1.692853e+01	-6.503827e+01
1.320000e-06	-2.353061e-06	-1.027471e-09	-1.663902e+01	-6.469293e+01
1.330000e-06	-2.311838e-06	-1.016660e-09	-1.634752e+01	-6.434661e+01
1.340000e-06	-2.270351e-06	-1.008000e-09	-1.605415e+01	-6.399916e+01
1.350000e-06	-2.228613e-06	-1.000199e-09	-1.575901e+01	-6.365042e+01
1.360000e-06	-2.186482e-06	-9.942793e-10	-1.546110e+01	-6.330019e+01
1.370000e-06	-2.144060e-06	-9.902028e-10	-1.516112e+01	-6.294825e+01
1.380000e-06	-2.101323e-06	-9.889594e-10	-1.485892e+01	-6.259433e+01
1.390000e-06	-2.058298e-06	-9.879683e-10	-1.455468e+01	-6.223814e+01
1.400000e-06	-2.015099e-06	-9.842435e-10	-1.424921e+01	-6.187938e+01
1.410000e-06	-1.971736e-06	-9.735869e-10	-1.394258e+01	-6.151770e+01
1.420000e-06	-1.928313e-06	-9.622752e-10	-1.363553e+01	-6.115273e+01
1.430000e-06	-1.884824e-06	-9.530569e-10	-1.332801e+01	-6.078412e+01
1.440000e-06	-1.841194e-06	-9.481866e-10	-1.301949e+01	-6.041146e+01
1.450000e-06	-1.797473e-06	-9.435740e-10	-1.271033e+01	-6.003435e+01
1.460000e-06	-1.753660e-06	-9.414469e-10	-1.240052e+01	-5.965239e+01
1.470000e-06	-1.709754e-06	-9.392655e-10	-1.209005e+01	-5.926514e+01
1.480000e-06	-1.665761e-06	-9.339493e-10	-1.177897e+01	-5.887219e+01
1.490000e-06	-1.621721e-06	-9.256173e-10	-1.146755e+01	-5.847311e+01
1.500000e-06	-1.577642e-06	-9.174468e-10	-1.115585e+01	-5.806748e+01
1.510000e-06	-1.533438e-06	-9.123255e-10	-1.084328e+01	-5.765488e+01
1.520000e-06	-1.489036e-06	-9.073063e-10	-1.052931e+01	-5.723489e+01
1.530000e-06	-1.444616e-06	-8.985427e-10	-1.021520e+01	-5.680711e+01
1.540000e-06	-1.400174e-06	-8.878787e-10	-9.900941e+00	-5.637112e+01
1.550000e-06	-1.355596e-06	-8.784966e-10	-9.585721e+00	-5.592655e+01
1.560000e-06	-1.311033e-06	-8.697535e-10	-9.270603e+00	-5.547299e+01
1.570000e-06	-1.266393e-06	-8.620155e-10	-8.954946e+00	-5.501008e+01
1.580000e-06	-1.221607e-06	-8.569812e-10	-8.638252e+00	-5.453743e+01
1.590000e-06	-1.176730e-06	-8.504984e-10	-8.320918e+00	-5.405470e+01
1.600000e-06	-1.131716e-06	-8.423767e-10	-8.002617e+00	-5.356153e+01
1.610000e-06	-1.086577e-06	-8.348860e-10	-7.683424e+00	-5.305756e+01
1.620000e-06	-1.041365e-06	-8.262578e-10	-7.363720e+00	-5.254245e+01
1.630000e-06	-9.960785e-07	-8.149840e-10	-7.043492e+00	-5.201585e+01
1.640000e-06	-9.506913e-07	-8.011520e-10	-6.722549e+00	-5.147743e+01
1.650000e-06	-9.051922e-07	-7.905718e-10	-6.400814e+00	-5.092683e+01
1.660000e-06	-8.596079e-07	-7.834524e-10	-6.078478e+00	-5.036370e+01
1.670000e-06	-8.139990e-07	-7.762688e-10	-5.755967e+00	-4.978769e+01
1.680000e-06	-7.684073e-07	-7.697832e-10	-5.433578e+00	-4.919844e+01
1.690000e-06	-7.228264e-07	-7.626206e-10	-5.111266e+00	-4.859555e+01
1.700000e-06	-6.771079e-07	-7.510262e-10	-4.787980e+00	-4.797865e+01
1.710000e-06	-6.312979e-07	-7.373125e-10	-4.464047e+00	-4.734731e+01
1.720000e-06	-5.855149e-07	-7.245742e-10	-4.140306e+00	-4.670112e+01
1.730000e-06	-5.397352e-07	-7.124565e-10	-3.816587e+00	-4.603962e+01
1.740000e-06	-4.939368e-07	-7.012781e-10	-3.492736e+00	-4.536236e+01
1.750000e-06	-4.481090e-07	-6.922402e-10	-3.168678e+00	-4.466882e+01
1.760000e-06	-4.021530e-07	-6.837498e-10	-2.843713e+00	-4.395851e+01
1.770000e-06	-3.561270e-07	-6.734655e-10	-2.518253e+00	-4.323087e+01
1.780000e-06	-3.100761e-07	-6.589514e-10	-2.192617e+00	-4.248534e+01
1.790000e-06	-2.639060e-07	-6.445099e-10	-1.866138e+00	-4.172134e+01
1.800000e-06	-2.177458e-07	-6.314250e-10	-1.539729e+00	-4.093825e+01
1.810000e-06	-1.717324e-07	-6.174349e-10	-1.214358e+00	-4.013544e+01
1.820000e-06	-1.257268e-07	-6.006836e-10	-8.890422e-01	-3.931226e+01
1.830000e-06	-7.967379e-08	-5.855622e-10	-5.633911e-01	-3.846803e+01
1.840000e-06	-3.374084e-08	-5.734135e-10	-2.385890e-01	-3.760207e+01
1.850000e-06	1.222060e-08	-5.641234e-10	8.641456e-02	-3.671368e+01
1.860000e-06	5.829914e-08	-5.529064e-10	4.122462e-01	-3.580217e+01
1.870000e-06	1.042648e-07	-5.395161e-10	7.372799e-01	-3.486683e+01
1.880000e-06	1.501805e-07	-5.265017e-10	1.061960e+00	-3.390697e+01
1.890000e-06	1.961758e-07	-5.116983e-10	1.387203e+00	-3.292189e+01
1.900000e-06	2.421292e-07	-4.918149e-10	1.712149e+00	-3.191092e+01
1.910000e-06	2.881428e-07	-4.709423e-10	2.037521e+00	-3.087340e+01
1.920000e-06	3.342080e-07	-4.540180e-10	2.363259e+00	-2.980871e+01
1.930000e-06	3.801467e-07	-4.379353e-10	2.688101e+00	-2.871626e+01
1.940000e-06	4.260920e-07	-4.206294e-10	3.012991e+00	-2.759549e+01
1.950000e-06	4.719634e-07	-4.006235e-10	3.337358e+00	-2.644591e+01
1.960000e-06	5.176583e-07	-3.820087e-10	3.660477e+00	-2.526705e+01
1.970000e-06	5.633084e-07	-3.636896e-10	3.983279e+00	-2.405855e+01
1.980000e-06	6.089788e-07	-3.440066e-10	4.306224e+00	-2.282008e+01
1.990000e-06	6.546175e-07	-3.227832e-10	4.628946e+00	-2.155141e+01
2.000000e-06	7.001992e-07	-3.020016e-10	4.951264e+00	-2.025237e+01
2.010000e-06	7.457908e-07	-2.846710e-10	5.273652e+00	-1.892290e+01
2.020000e-06	7.913833e-07	-2.677477e-10	5.596047e+00	-1.756301e+01
2.030000e-06	8.369184e-07	-2.468423e-10	5.918036e+00	-1.617283e+01
2.040000e-06	8.824027e-07	-2.227530e-10	6.239665e+00	-1.475259e+01
2.050000e-06	9.279759e-07	-1.995451e-10	6.561923e+00	-1.330262e+01
2.060000e-06	9.733697e-07	-1.784930e-10	6.882913e+00	-1.182336e+01
2.070000e-06	1.018570e-06	-1.550165e-10	7.202535e+00	-1.031537e+01
2.080000e-06	1.063754e-06	-1.302788e-10	7.522038e+00	-8.779318e+00
2.090000e-06	1.108797e-06	-1.077096e-10	7.840551e+00	-7.215993e+00
2.100000e-06	1.153724e-06	-8.771262e-11	8.158238e+00	-5.626299e+00
2.110000e-06	1.198605e-06	-6.587345e-11	8.475599e+00	-4.011253e+00
2.120000e-06	1.243376e-06	-3.738829e-11	8.792186e+00	-2.371987e+00
2.130000e-06	1.288059e-06	-8.089334e-12	9.108152e+00	-7.097466e-01
2.140000e-06	1.332645e-06	1.536741e-11	9.423427e+00	9.741184e-01
2.150000e-06	1.377098e-06	3.750345e-11	9.737762e+00	2.678152e+00
2.160000e-06	1.421474e-06	6.379794e-11	1.005156e+01	4.400800e+00
2.170000e-06	1.465742e-06	8.945702e-11	1.036459e+01	6.140413e+00
2.180000e-06	1.510005e-06	1.104652e-10	1.067758e+01	7.895259e+00
2.190000e-06	1.554239e-06	1.297950e-10	1.099037e+01	9.663521e+00
2.200000e-06	1.598375e-06	1.528239e-10	1.130246e+01	1.144332e+01
2.210000e-06	1.642427e-06	1.810400e-10	1.161396e+01	1.323269e+01
2.220000e-06	1.686409e-06	2.104679e-10	1.192497e+01	1.502965e+01
2.230000e-06	1.730341e-06	2.407598e-10	1.223563e+01	1.683213e+01
2.240000e-06	1.774226e-06	2.743833e-10	1.254594e+01	1.863806e+01
2.250000e-06	1.818014e-06	3.076540e-10	1.285558e+01	2.044533e+01
2.260000e-06	1.861717e-06	3.348951e-10	1.316461e+01	2.225182e+01
2.270000e-06	1.905331e-06	3.568929e-10	1.347302e+01	2.405539e+01
2.280000e-06	1.948868e-06	3.784517e-10	1.378088e+01	2.585392e+01
2.290000e-06	1.992351e-06	4.045339e-10	1.408836e+01	2.764531e+01
2.300000e-06	2.035617e-06	4.335601e-10	1.439430e+01	2.942749e+01
2.310000e-06	2.078601e-06	4.620987e-10	1.469825e+01	3.119839e+01
2.320000e-06	2.121359e-06	4.929575e-10	1.500060e+01	3.295604e+01
2.330000e-06	2.163920e-06	5.266004e-10	1.530156e+01	3.469849e+01
2.340000e-06	2.206221e-06	5.546062e-10	1.560068e+01	3.642386e+01
2.350000e-06	2.248214e-06	5.749573e-10	1.589762e+01	3.813035e+01
2.360000e-06	2.290059e-06	5.948954e-10	1.619351e+01	3.981623e+01
2.370000e-06	2.331520e-06	6.179744e-10	1.648670e+01	4.147988e+01
2.380000e-06	2.372478e-06	6.444209e-10	1.677631e+01	4.311973e+01
2.390000e-06	2.413184e-06	6.708549e-10	1.706416e+01	4.473436e+01
2.400000e-06	2.453783e-06	6.960464e-10	1.735124e+01	4.632241e+01
2.410000e-06	2.494183e-06	7.219320e-10	1.763692e+01	4.788266e+01
2.420000e-06	2.534387e-06	7.480559e-10	1.792121e+01	4.941397e+01
2.430000e-06	2.574514e-06	7.732179e-10	1.820496e+01	5.091534e+01
2.440000e-06	2.614469e-06	7.969250e-10	1.848749e+01	5.238587e+01
2.450000e-06	2.654363e-06	8.190698e-10	1.876959e+01	5.382478e+01
2.460000e-06	2.694172e-06	8.399851e-10	1.905109e+01	5.523139e+01
2.470000e-06	2.733837e-06	8.590936e-10	1.933157e+01	5.660514e+01
2.480000e-06	2.773371e-06	8.767154e-10	1.961112e+01	5.794559e+01
2.490000e-06	2.812739e-06	8.944173e-10	1.988950e+01	5.925239e+01
2.500000e-06	2.851935e-06	9.158017e-10	2.016667e+01	6.052531e+01
2.510000e-06	2.890951e-06	9.415965e-10	2.044256e+01	6.176420e+01
2.520000e-06	2.929712e-06	9.681344e-10	2.071664e+01	6.296902e+01
2.530000e-06	2.968180e-06	9.935247e-10	2.098866e+01	6.413982e+01
2.540000e-06	3.006487e-06	1.016278e-09	2.125954e+01	6.527672e+01
2.550000e-06	3.044557e-06	1.031310e-09	2.152874e+01	6.637993e+01
2.560000e-06	3.082443e-06	1.039792e-09	2.179664e+01	6.744973e+01
2.570000e-06	3.120176e-06	1.045995e-09	2.206346e+01	6.848646e+01
2.580000e-06	3.157660e-06	1.055805e-09	2.232852e+01	6.949052e+01
2.590000e-06	3.194944e-06	1.071315e-09	2.259216e+01	7.046235e+01
2.600000e-06	3.232052e-06	1.091668e-09	2.285456e+01	7.140245e+01
2.610000e-06	3.268917e-06	1.114696e-09	2.311524e+01	7.231135e+01
2.620000e-06	3.305529e-06	1.133979e-09	2.337412e+01	7.318961e+01
2.630000e-06	3.341924e-06	1.146729e-09	2.363149e+01	7.403781e+01
2.640000e-06	3.378068e-06	1.153375e-09	2.388707e+01	7.485656e+01
2.650000e-06	3.414029e-06	1.157092e-09	2.414136e+01	7.564647e+01
2.660000e-06	3.449905e-06	1.161667e-09	2.439504e+01	7.640816e+01
2.670000e-06	3.485720e-06	1.169579e-09	2.464830e+01	7.714225e+01
2.680000e-06	3.521332e-06	1.180526e-09	2.490012e+01	7.784936e+01
2.690000e-06	3.556719e-06	1.194982e-09	2.515035e+01	7.853010e+01
2.700000e-06	3.591934e-06	1.211169e-09	2.539936e+01	7.918509e+01
2.710000e-06	3.626887e-06	1.227261e-09	2.564652e+01	7.981489e+01
2.720000e-06	3.661433e-06	1.240320e-09	2.589080e+01	8.042010e+01
2.730000e-06	3.695430e-06	1.248527e-09	2.613121e+01	8.100126e+01
2.740000e-06	3.728813e-06	1.253914e-09	2.636727e+01	8.155891e+01
2.750000e-06	3.761689e-06	1.258189e-09	2.659974e+01	8.209359e+01
2.760000e-06	3.794271e-06	1.263739e-09	2.683013e+01	8.260578e+01
2.770000e-06	3.826611e-06	1.270038e-09	2.705881e+01	8.309597e+01
2.780000e-06	3.858685e-06	1.277313e-09	2.728562e+01	8.356464e+01
2.790000e-06	3.890583e-06	1.286206e-09	2.751117e+01	8.401222e+01
2.800000e-06	3.922355e-06	1.292429e-09	2.773584e+01	8.443917e+01
2.810000e-06	3.954024e-06	1.293217e-09	2.795978e+01	8.484590e+01
2.820000e-06	3.985469e-06	1.292644e-09	2.818213e+01	8.523284e+01
2.830000e-06	4.016567e-06	1.295595e-09	2.840203e+01	8.560040e+01
2.840000e-06	4.047330e-06	1.300418e-09	2.861957e+01	8.594898e+01
2.850000e-06	4.077826e-06	1.305100e-09	2.883521e+01	8.627899e+01
2.860000e-06	4.108032e-06	1.309482e-09	2.904881e+01	8.659084e+01
2.870000e-06	4.137941e-06	1.314771e-09	2.926030e+01	8.688495e+01
2.880000e-06	4.167574e-06	1.319080e-09	2.946984e+01	8.716174e+01
2.890000e-06	4.196927e-06	1.318065e-09	2.967740e+01	8.742165e+01
2.900000e-06	4.226025e-06	1.314718e-09	2.988316e+01	8.766512e+01
2.910000e-06	4.254884e-06	1.315337e-09	3.008722e+01	8.789262e+01
2.920000e-06	4.283406e-06	1.320221e-09	3.028891e+01	8.810463e+01
2.930000e-06	4.311570e-06	1.324671e-09	3.048807e+01	8.830165e+01
2.940000e-06	4.339581e-06	1.327001e-09	3.068614e+01	8.848421e+01
2.950000e-06	4.367434e-06	1.329585e-09	3.088309e+01	8.865285e+01
2.960000e-06	4.395121e-06	1.331182e-09	3.107887e+01	8.880814e+01
2.970000e-06	4.422604e-06	1.331326e-09	3.127321e+01	8.895066e+01
2.980000e-06	4.449759e-06	1.329488e-09	3.146523e+01	8.908102e+01
2.990000e-06	4.476452e-06	1.325638e-09	3.165398e+01	8.919986e+01
3.000000e-06	4.502592e-06	1.325370e-09	3.183883e+01	8.930782e+01
3.010000e-06	4.528158e-06	1.329268e-09	3.201961e+01	8.940557e+01
3.020000e-06	4.553179e-06	1.332595e-09	3.219654e+01	8.949378e+01
3.030000e-06	4.577796e-06	1.337116e-09	3.237061e+01	8.957315e+01
3.040000e-06	4.602088e-06	1.344302e-09	3.254239e+01	8.964437e+01
3.050000e-06	4.626080e-06	1.348862e-09	3.271204e+01	8.970813e+01
3.060000e-06	4.649864e-06	1.348679e-09	3.288022e+01	8.976516e+01
3.070000e-06	4.673511e-06	1.345088e-09	3.304743e+01	8.981612e+01
3.080000e-06	4.696902e-06	1.344148e-09	3.321284e+01	8.986173e+01
3.090000e-06	4.719937e-06	1.347420e-09	3.337572e+01	8.990263e+01
3.100000e-06	4.742535e-06	1.351049e-09	3.353552e+01	8.993950e+01
3.110000e-06	4.764769e-06	1.353915e-09	3.369274e+01	8.997294e+01
3.120000e-06	4.786714e-06	1.356325e-09	3.384792e+01	9.000358e+01
3.130000e-06	4.808393e-06	1.358821e-09	3.400121e+01	9.003196e+01
3.140000e-06	4.829783e-06	1.359597e-09	3.415246e+01	9.005863e+01
3.150000e-06	4.850781e-06	1.360417e-09	3.430095e+01	9.008405e+01
3.160000e-06	4.871463e-06	1.362604e-09	3.444719e+01	9.010868e+01
3.170000e-06	4.891841e-06	1.363807e-09	3.459130e+01	9.013288e+01
3.180000e-06	4.911955e-06	1.364904e-09	3.473352e+01	9.015701e+01
3.190000e-06	4.931894e-06	1.363962e-09	3.487451e+01	9.018132e+01
3.200000e-06	4.951617e-06	1.361396e-09	3.501398e+01	9.020604e+01
3.210000e-06	4.971039e-06	1.359920e-09	3.515132e+01	9.023131e+01
3.220000e-06	4.990187e-06	1.358867e-09	3.528672e+01	9.025724e+01
3.230000e-06	5.008951e-06	1.358561e-09	3.541940e+01	9.028383e+01
3.240000e-06	5.027201e-06	1.360824e-09	3.554845e+01	9.031107e+01
3.250000e-06	5.044968e-06	1.366025e-09	3.567409e+01	9.033884e+01
3.260000e-06	5.062360e-06	1.369815e-09	3.579707e+01	9.036700e+01
3.270000e-06	5.079527e-06	1.366981e-09	3.591846e+01	9.039532e+01
3.280000e-06	5.096455e-06	1.359643e-09	3.603816e+01	9.042352e+01
3.290000e-06	5.113108e-06	1.356446e-09	3.615592e+01	9.045128e+01
3.300000e-06	5.129451e-06	1.358569e-09	3.627149e+01	9.047822e+01
3.310000e-06	5.145328e-06	1.360953e-09	3.638376e+01	9.050392e+01
3.320000e-06	5.160697e-06	1.360355e-09	3.649243e+01	9.052793e+01
3.330000e-06	5.175527e-06	1.360109e-09	3.659730e+01	9.054975e+01
3.340000e-06	5.189850e-06	1.362551e-09	3.669858e+01	9.056887e+01
3.350000e-06	5.203769e-06	1.363261e-09	3.679700e+01	9.058475e+01
3.360000e-06	5.217291e-06	1.361425e-09	3.689262e+01	9.059683e+01
3.370000e-06	5.230466e-06	1.356759e-09	3.698578e+01	9.060457e+01
3.380000e-06	5.243214e-06	1.354182e-09	3.707593e+01	9.060741e+01
3.390000e-06	5.255634e-06	1.355794e-09	3.716375e+01	9.060480e+01
3.400000e-06	5.267671e-06	1.357683e-09	3.724887e+01	9.059622e+01
3.410000e-06	5.279319e-06	1.357050e-09	3.733123e+01	9.058117e+01
3.420000e-06	5.290644e-06	1.354870e-09	3.741132e+01	9.055917e+01
3.430000e-06	5.301471e-06	1.352120e-09	3.748788e+01	9.052979e+01
3.440000e-06	5.311765e-06	1.349090e-09	3.756067e+01	9.049265e+01
3.450000e-06	5.321403e-06	1.346074e-09	3.762882e+01	9.044741e+01
3.460000e-06	5.330359e-06	1.342676e-09	3.769215e+01	9.039379e+01
3.470000e-06	5.338837e-06	1.341326e-09	3.775210e+01	9.033158e+01
3.480000e-06	5.347005e-06	1.341664e-09	3.780986e+01	9.026064e+01
3.490000e-06	5.354902e-06	1.341581e-09	3.786570e+01	9.018089e+01
3.500000e-06	5.362537e-06	1.340790e-09	3.791969e+01	9.009233e+01
3.510000e-06	5.369950e-06	1.338983e-09	3.797211e+01	8.999505e+01
3.520000e-06	5.377010e-06	1.336398e-09	3.802203e+01	8.988920e+01
3.530000e-06	5.383635e-06	1.333323e-09	3.806888e+01	8.977502e+01
3.540000e-06	5.389863e-06	1.329006e-09	3.811291e+01	8.965283e+01
3.550000e-06	5.395757e-06	1.325322e-09	3.815459e+01	8.952303e+01
3.560000e-06	5.401235e-06	1.324400e-09	3.819333e+01	8.938609e+01
3.570000e-06	5.406286e-06	1.325376e-09	3.822905e+01	8.924257e+01
3.580000e-06	5.411034e-06	1.324615e-09	3.826262e+01	8.909309e+01
3.590000e-06	5.415398e-06	1.321606e-09	3.829348e+01	8.893834e+01
3.600000e-06	5.419491e-06	1.319397e-09	3.832242e+01	8.877908e+01
3.610000e-06	5.423384e-06	1.317756e-09	3.834995e+01	8.861610e+01
3.620000e-06	5.427011e-06	1.315242e-09	3.837560e+01	8.845027e+01
3.630000e-06	5.430276e-06	1.312550e-09	3.839869e+01	8.828248e+01
3.640000e-06	5.433074e-06	1.312121e-09	3.841847e+01	8.811368e+01
3.650000e-06	5.435407e-06	1.315399e-09	3.843497e+01	8.794481e+01
3.660000e-06	5.437191e-06	1.319340e-09	3.844758e+01	8.777685e+01
3.670000e-06	5.438241e-06	1.321434e-09	3.845501e+01	8.761080e+01
3.680000e-06	5.438734e-06	1.320697e-09	3.845850e+01	8.744763e+01
3.690000e-06	5.438947e-06	1.318398e-09	3.846000e+01	8.728833e+01
3.700000e-06	5.438882e-06	1.315496e-09	3.845954e+01	8.713383e+01
3.710000e-06	5.438578e-06	1.313265e-09	3.845739e+01	8.698507e+01
3.720000e-06	5.437921e-06	1.312173e-09	3.845274e+01	8.684294e+01
3.730000e-06	5.436876e-06	1.311334e-09	3.844535e+01	8.670828e+01
3.740000e-06	5.435543e-06	1.310654e-09	3.843593e+01	8.658186e+01
3.750000e-06	5.433859e-06	1.307939e-09	3.842402e+01	8.646442e+01
3.760000e-06	5.431828e-06	1.302001e-09	3.840966e+01	8.635660e+01
3.770000e-06	5.429511e-06	1.292729e-09	3.839328e+01	8.625898e+01
3.780000e-06	5.426845e-06	1.311970e-09	3.837442e+01	8.617203e+01
3.790000e-06	5.423763e-06	1.320856e-09	3.835263e+01	8.609616e+01
3.800000e-06	5.420212e-06	1.236283e-09	3.832752e+01	8.603167e+01
3.810000e-06	5.416229e-06	1.207489e-09	3.829936e+01	8.597877e+01
3.820000e-06	5.412057e-06	1.276689e-09	3.826985e+01	8.593755e+01
3.830000e-06	5.407778e-06	1.326112e-09	3.823959e+01	8.590803e+01
3.840000e-06	5.403253e-06	1.252765e-09	3.820760e+01	8.589009e+01
3.850000e-06	5.398166e-06	1.184072e-09	3.817163e+01	8.588352e+01
3.860000e-06	5.392329e-06	1.304647e-09	3.813035e+01	8.588802e+01
3.870000e-06	5.385985e-06	1.352357e-09	3.808550e+01	8.590318e+01
3.880000e-06	5.379308e-06	1.242015e-09	3.803828e+01	8.592848e+01
3.890000e-06	5.372112e-06	1.159404e-09	3.798739e+01	8.596332e+01
3.900000e-06	5.364393e-06	1.279776e-09	3.793281e+01	8.600701e+01
3.910000e-06	5.356375e-06	1.331130e-09	3.787611e+01	8.605877e+01
3.920000e-06	5.348080e-06	1.203301e-09	3.781746e+01	8.611775e+01
3.930000e-06	5.339378e-06	1.178368e-09	3.775592e+01	8.618303e+01
3.940000e-06	5.330360e-06	1.305315e-09	3.769216e+01	8.625362e+01
3.950000e-06	5.321080e-06	1.320353e-09	3.762653e+01	8.632848e+01
3.960000e-06	5.311421e-06	1.191501e-09	3.755823e+01	8.640653e+01
3.970000e-06	5.301313e-06	1.223916e-09	3.748676e+01	8.648665e+01
3.980000e-06	5.290798e-06	1.329886e-09	3.741240e+01	8.656771e+01
3.990000e-06	5.280015e-06	1.300503e-09	3.733615e+01	8.664853e+01
4.000000e-06	5.268858e-06	1.245441e-09	3.725726e+01	8.672796e+01
4.010000e-06	5.257286e-06	1.348771e-09	3.717543e+01	8.680484e+01
4.020000e-06	5.245369e-06	1.412075e-09	3.709116e+01	8.687802e+01
4.030000e-06	5.233026e-06	1.338150e-09	3.700388e+01	8.694639e+01
4.040000e-06	5.220166e-06	1.313328e-09	3.691295e+01	8.700884e+01
4.050000e-06	5.206917e-06	1.393335e-09	3.681926e+01	8.706435e+01
4.060000e-06	5.193061e-06	1.359101e-09	3.672129e+01	8.711192e+01
4.070000e-06	5.178498e-06	1.315079e-09	3.661831e+01	8.715060e+01
4.080000e-06	5.163432e-06	1.368174e-09	3.651177e+01	8.717954e+01
4.090000e-06	5.147892e-06	1.400419e-09	3.640189e+01	8.719794e+01
4.100000e-06	5.132009e-06	1.333823e-09	3.628957e+01	8.720509e+01
4.110000e-06	5.115851e-06	1.333269e-09	3.617532e+01	8.720036e+01
4.120000e-06	5.099486e-06	1.353588e-09	3.605959e+01	8.718320e+01
4.130000e-06	5.082890e-06	1.310567e-09	3.594224e+01	8.715317e+01
4.140000e-06	5.065885e-06	1.302736e-09	3.582199e+01	8.710991e+01
4.150000e-06	5.048400e-06	1.343330e-09	3.569836e+01	8.705317e+01
4.160000e-06	5.030549e-06	1.337426e-09	3.557212e+01	8.698279e+01
4.170000e-06	5.012425e-06	1.316088e-09	3.544397e+01	8.689870e+01
4.180000e-06	4.994105e-06	1.337284e-09	3.531443e+01	8.680092e+01
4.190000e-06	4.975459e-06	1.326608e-09	3.518258e+01	8.668960e+01
4.200000e-06	4.956292e-06	1.303986e-09	3.504704e+01	8.656493e+01
4.210000e-06	4.936794e-06	1.298930e-09	3.490916e+01	8.642722e+01
4.220000e-06	4.917091e-06	1.299664e-09	3.476984e+01	8.627684e+01
4.230000e-06	4.897160e-06	1.292895e-09	3.462890e+01	8.611426e+01
4.240000e-06	4.877050e-06	1.311317e-09	3.448670e+01	8.594001e+01
4.250000e-06	4.856672e-06	1.303154e-09	3.434261e+01	8.575466e+01
4.260000e-06	4.835995e-06	1.295966e-09	3.419639e+01	8.555887e+01
4.270000e-06	4.814862e-06	1.301406e-09	3.404695e+01	8.535333e+01
4.280000e-06	4.793119e-06	1.301755e-09	3.389321e+01	8.513878e+01
4.290000e-06	4.770693e-06	1.282787e-09	3.373463e+01	8.491597e+01
4.300000e-06	4.747667e-06	1.286199e-09	3.357180e+01	8.468571e+01
4.310000e-06	4.724273e-06	1.278768e-09	3.340638e+01	8.444880e+01
4.320000e-06	4.700574e-06	1.272184e-09	3.323880e+01	8.420604e+01
4.330000e-06	4.676619e-06	1.267079e-09	3.306941e+01	8.395827e+01
4.340000e-06	4.652508e-06	1.259160e-09	3.289891e+01	8.370627e+01
4.350000e-06	4.628185e-06	1.243805e-09	3.272692e+01	8.345084e+01
4.360000e-06	4.603557e-06	1.254288e-09	3.255277e+01	8.319273e+01
4.370000e-06	4.578569e-06	1.256195e-09	3.237607e+01	8.293269e+01
4.380000e-06	4.553182e-06	1.247345e-09	3.219656e+01	8.267140e+01
4.390000e-06	4.527454e-06	1.245190e-09	3.201463e+01	8.240952e+01
4.400000e-06	4.501457e-06	1.247524e-09	3.183080e+01	8.214764e+01
4.410000e-06	4.475232e-06	1.236097e-09	3.164536e+01	8.188632e+01
4.420000e-06	4.448664e-06	1.225827e-09	3.145749e+01	8.162605e+01
4.430000e-06	4.421708e-06	1.219257e-09	3.126688e+01	8.136724e+01
4.440000e-06	4.394407e-06	1.217338e-09	3.107382e+01	8.111028e+01
4.450000e-06	4.366807e-06	1.221071e-09	3.087866e+01	8.085547e+01
4.460000e-06	4.338969e-06	1.219283e-09	3.068181e+01	8.060303e+01
4.470000e-06	4.310993e-06	1.216266e-09	3.048399e+01	8.035315e+01
4.480000e-06	4.282885e-06	1.214512e-09	3.028523e+01	8.010592e+01
4.490000e-06	4.254580e-06	1.213810e-09	3.008508e+01	7.986138e+01
4.500000e-06	4.226028e-06	1.208214e-09	2.988318e+01	7.961952e+01
4.510000e-06	4.197033e-06	1.205152e-09	2.967815e+01	7.938025e+01
4.520000e-06	4.167550e-06	1.199092e-09	2.946967e+01	7.914344e+01
4.530000e-06	4.137627e-06	1.198456e-09	2.925807e+01	7.890889e+01
4.540000e-06	4.107075e-06	1.197003e-09	2.904204e+01	7.867637e+01
4.550000e-06	4.075908e-06	1.198689e-09	2.882165e+01	7.844560e+01
4.560000e-06	4.044431e-06	1.195105e-09	2.859907e+01	7.821625e+01
4.570000e-06	4.012749e-06	1.193420e-09	2.837504e+01	7.798798e+01
4.580000e-06	3.980894e-06	1.188902e-09	2.814978e+01	7.776041e+01
4.590000e-06	3.948947e-06	1.186384e-09	2.792388e+01	7.753313e+01
4.600000e-06	3.916823e-06	1.177843e-09	2.769672e+01	7.730573e+01
4.610000e-06	3.884402e-06	1.173394e-09	2.746747e+01	7.707779e+01
4.620000e-06	3.851696e-06	1.167674e-09	2.723619e+01	7.684887e+01
4.630000e-06	3.818724e-06	1.162420e-09	2.700304e+01	7.661854e+01
4.640000e-06	3.785508e-06	1.153064e-09	2.676817e+01	7.638640e+01
4.650000e-06	3.752129e-06	1.149061e-09	2.653213e+01	7.615203e+01
4.660000e-06	3.718502e-06	1.148267e-09	2.629435e+01	7.591504e+01
4.670000e-06	3.684564e-06	1.149105e-09	2.605437e+01	7.567506e+01
4.680000e-06	3.650398e-06	1.149764e-09	2.581277e+01	7.543176e+01
4.690000e-06	3.615983e-06	1.146830e-09	2.556942e+01	7.518483e+01
4.700000e-06	3.581240e-06	1.140160e-09	2.532374e+01	7.493399e+01
4.710000e-06	3.546260e-06	1.131434e-09	2.507639e+01	7.467900e+01
4.720000e-06	3.511089e-06	1.120141e-09	2.482769e+01	7.441965e+01
4.730000e-06	3.475649e-06	1.112037e-09	2.457709e+01	7.415579e+01
4.740000e-06	3.439996e-06	1.108468e-09	2.432497e+01	7.388729e+01
4.750000e-06	3.404219e-06	1.110177e-09	2.407199e+01	7.361407e+01
4.760000e-06	3.368302e-06	1.114931e-09	2.381801e+01	7.333609e+01
4.770000e-06	3.332271e-06	1.114642e-09	2.356323e+01	7.305335e+01
4.780000e-06	3.296153e-06	1.105593e-09	2.330783e+01	7.276588e+01
4.790000e-06	3.259848e-06	1.090220e-09	2.305111e+01	7.247377e+01
4.800000e-06	3.223243e-06	1.077592e-09	2.279226e+01	7.217711e+01
4.810000e-06	3.186360e-06	1.068764e-09	2.253146e+01	7.187606e+01
4.820000e-06	3.149102e-06	1.064381e-09	2.226800e+01	7.157077e+01
4.830000e-06	3.111445e-06	1.062523e-09	2.200172e+01	7.126144e+01
4.840000e-06	3.073393e-06	1.066024e-09	2.173265e+01	7.094829e+01
4.850000e-06	3.034994e-06	1.067845e-09	2.146112e+01	7.063156e+01
4.860000e-06	2.996295e-06	1.064469e-09	2.118746e+01	7.031147e+01
4.870000e-06	2.957305e-06	1.053733e-09	2.091176e+01	6.998830e+01
4.880000e-06	2.917982e-06	1.043315e-09	2.063370e+01	6.966230e+01
4.890000e-06	2.878321e-06	1.034278e-09	2.035325e+01	6.933373e+01
4.900000e-06	2.838537e-06	1.027228e-09	2.007192e+01	6.900284e+01
4.910000e-06	2.798656e-06	1.022549e-09	1.978992e+01	6.866988e+01
4.920000e-06	2.758648e-06	1.025050e-09	1.950701e+01	6.833508e+01
4.930000e-06	2.718499e-06	1.029134e-09	1.922311e+01	6.799867e+01
4.940000e-06	2.678312e-06	1.028586e-09	1.893894e+01	6.766083e+01
4.950000e-06	2.637972e-06	1.023958e-09	1.865368e+01	6.732175e+01
4.960000e-06	2.597485e-06	1.017243e-09	1.836740e+01	6.698156e+01
4.970000e-06	2.556859e-06	1.009581e-09	1.808012e+01	6.664040e+01
4.980000e-06	2.515986e-06	1.004532e-09	1.779109e+01	6.629833e+01
4.990000e-06	2.474945e-06	1.000528e-09	1.750088e+01	6.595543e+01
5.000000e-06	2.433723e-06	9.996083e-10	1.720940e+01	6.561171e+01
5.010000e-06	2.392247e-06	9.985171e-10	1.691611e+01	6.526714e+01
5.020000e-06	2.350607e-06	9.930594e-10	1.662166e+01	6.492169e+01
5.030000e-06	2.308941e-06	9.810690e-10	1.632703e+01	6.457527e+01
5.040000e-06	2.267140e-06	9.691563e-10	1.603145e+01	6.422774e+01
5.050000e-06	2.225129e-06	9.638012e-10	1.573438e+01	6.387896e+01
5.060000e-06	2.182956e-06	9.650755e-10	1.543616e+01	6.352872e+01
5.070000e-06	2.140647e-06	9.674993e-10	1.513699e+01	6.317681e+01
5.080000e-06	2.098247e-06	9.663061e-10	1.483717e+01	6.282297e+01
5.090000e-06	2.055726e-06	9.629894e-10	1.453649e+01	6.246691e+01
5.100000e-06	2.012965e-06	9.555247e-10	1.423413e+01	6.210832e+01
5.110000e-06	1.969983e-06	9.450829e-10	1.393019e+01	6.174687e+01
5.120000e-06	1.926860e-06	9.351112e-10	1.362525e+01	6.138221e+01
5.130000e-06	1.883613e-06	9.284886e-10	1.331945e+01	6.101396e+01
5.140000e-06	1.840225e-06	9.258485e-10	1.301264e+01	6.064173e+01
5.150000e-06	1.796665e-06	9.267582e-10	1.270462e+01	6.026512e+01
5.160000e-06	1.752976e-06	9.241625e-10	1.239568e+01	5.988372e+01
5.170000e-06	1.709183e-06	9.192131e-10	1.208601e+01	5.949711e+01
5.180000e-06	1.665326e-06	9.108827e-10	1.177589e+01	5.910486e+01
5.190000e-06	1.621453e-06	9.007790e-10	1.146565e+01	5.870656e+01
5.200000e-06	1.577534e-06	8.927794e-10	1.115509e+01	5.830178e+01
5.210000e-06	1.533568e-06	8.862163e-10	1.084420e+01	5.789010e+01
5.220000e-06	1.489527e-06	8.817681e-10	1.053277e+01	5.747110e+01
5.230000e-06	1.445456e-06	8.772629e-10	1.022114e+01	5.704437e+01
5.240000e-06	1.401395e-06	8.728503e-10	9.909572e+00	5.660951e+01
5.250000e-06	1.357293e-06	8.712096e-10	9.597719e+00	5.616612e+01
5.260000e-06	1.313113e-06	8.698517e-10	9.285316e+00	5.571381e+01
5.270000e-06	1.268858e-06	8.627906e-10	8.972373e+00	5.525221e+01
5.280000e-06	1.224539e-06	8.472948e-10	8.658986e+00	5.478094e+01
5.290000e-06	1.180121e-06	8.329350e-10	8.344899e+00	5.429964e+01
5.300000e-06	1.135623e-06	8.257899e-10	8.030243e+00	5.380796e+01
5.310000e-06	1.091041e-06	8.209782e-10	7.714992e+00	5.330554e+01
5.320000e-06	1.046373e-06	8.138397e-10	7.399133e+00	5.279203e+01
5.330000e-06	1.001617e-06	8.095559e-10	7.082659e+00	5.226710e+01
5.340000e-06	9.567747e-07	8.093746e-10	6.765566e+00	5.173040e+01
5.350000e-06	9.118271e-07	8.059294e-10	6.447731e+00	5.118158e+01
5.360000e-06	8.667697e-07	7.921629e-10	6.129121e+00	5.062030e+01
5.370000e-06	8.215790e-07	7.743157e-10	5.809567e+00	5.004619e+01
5.380000e-06	7.763311e-07	7.619318e-10	5.489609e+00	4.945889e+01
5.390000e-06	7.310162e-07	7.542908e-10	5.169178e+00	4.885803e+01
5.400000e-06	6.855469e-07	7.473058e-10	4.847654e+00	4.824322e+01
5.410000e-06	6.401548e-07	7.387882e-10	4.526677e+00	4.761404e+01
5.420000e-06	5.948243e-07	7.331059e-10	4.206135e+00	4.697009e+01
5.430000e-06	5.494410e-07	7.302440e-10	3.885219e+00	4.631090e+01
5.440000e-06	5.040924e-07	7.215505e-10	3.564549e+00	4.563602e+01
5.450000e-06	4.586182e-07	7.023886e-10	3.242991e+00	4.494496e+01
5.460000e-06	4.130127e-07	6.809398e-10	2.920505e+00	4.423721e+01
5.470000e-06	3.674287e-07	6.673405e-10	2.598170e+00	4.351222e+01
5.480000e-06	3.218534e-07	6.593121e-10	2.275897e+00	4.276944e+01
5.490000e-06	2.762778e-07	6.482433e-10	1.953622e+00	4.200829e+01
5.500000e-06	2.306280e-07	6.355594e-10	1.630821e+00	4.122815e+01
5.510000e-06	1.849893e-07	6.277676e-10	1.308100e+00	4.042840e+01
5.520000e-06	1.393440e-07	6.212460e-10	9.853324e-01	3.960839e+01
5.530000e-06	9.363118e-08	6.068504e-10	6.620868e-01	3.876744e+01
5.540000e-06	4.798189e-08	5.886238e-10	3.392906e-01	3.790487e+01
5.550000e-06	2.333838e-09	5.748212e-10	1.650309e-02	3.702000e+01
5.560000e-06	-4.332809e-08	5.644175e-10	-3.063825e-01	3.611212e+01
5.570000e-06	-8.895834e-08	5.495374e-10	-6.290442e-01	3.518053e+01
5.580000e-06	-1.346401e-07	5.314094e-10	-9.520700e-01	3.422453e+01
5.590000e-06	-1.803597e-07	5.167945e-10	-1.275363e+00	3.324343e+01
5.600000e-06	-2.260283e-07	5.060609e-10	-1.598296e+00	3.223654e+01
5.610000e-06	-2.716787e-07	4.945308e-10	-1.921101e+00	3.120322e+01
5.620000e-06	-3.172339e-07	4.782425e-10	-2.243231e+00	3.014283e+01
5.630000e-06	-3.627348e-07	4.595480e-10	-2.564978e+00	2.905477e+01
5.640000e-06	-4.082235e-07	4.423718e-10	-2.886639e+00	2.793849e+01
5.650000e-06	-4.535891e-07	4.234219e-10	-3.207429e+00	2.679346e+01
5.660000e-06	-4.989079e-07	4.007373e-10	-3.527888e+00	2.561924e+01
5.670000e-06	-5.441682e-07	3.809937e-10	-3.847934e+00	2.441543e+01
5.680000e-06	-5.894472e-07	3.665575e-10	-4.168112e+00	2.318171e+01
5.690000e-06	-6.346683e-07	3.538061e-10	-4.487880e+00	2.191781e+01
5.700000e-06	-6.797901e-07	3.349888e-10	-4.806946e+00	2.062356e+01
5.710000e-06	-7.249105e-07	3.099530e-10	-5.126003e+00	1.929889e+01
5.720000e-06	-7.699455e-07	2.887417e-10	-5.444455e+00	1.794379e+01
5.730000e-06	-8.148871e-07	2.711597e-10	-5.762247e+00	1.655838e+01
5.740000e-06	-8.597628e-07	2.505464e-10	-6.079574e+00	1.514285e+01
5.750000e-06	-9.046744e-07	2.258428e-10	-6.397153e+00	1.369754e+01
5.760000e-06	-9.495145e-07	2.049607e-10	-6.714227e+00	1.222285e+01
5.770000e-06	-9.942422e-07	1.865836e-10	-7.030507e+00	1.071933e+01
5.780000e-06	-1.038844e-06	1.615478e-10	-7.345898e+00	9.187631e+00
5.790000e-06	-1.083267e-06	1.289797e-10	-7.660023e+00	7.628519e+00
5.800000e-06	-1.127674e-06	9.768660e-11	-7.974031e+00	6.042879e+00
5.810000e-06	-1.172086e-06	7.525495e-11	-8.288083e+00	4.431710e+00
5.820000e-06	-1.216345e-06	5.801018e-11	-8.601043e+00	2.796125e+00
5.830000e-06	-1.260464e-06	4.036383e-11	-8.913019e+00	1.137349e+00
5.840000e-06	-1.304615e-06	1.922774e-11	-9.225223e+00	-5.432835e-01
5.850000e-06	-1.348763e-06	-4.205158e-12	-9.537402e+00	-2.244334e+00
5.860000e-06	-1.392827e-06	-3.072620e-11	-9.848986e+00	-3.964264e+00
5.870000e-06	-1.436849e-06	-6.301681e-11	-1.016028e+01	-5.701442e+00
5.880000e-06	-1.480848e-06	-9.747880e-11	-1.047140e+01	-7.454145e+00
5.890000e-06	-1.524807e-06	-1.266277e-10	-1.078225e+01	-9.220574e+00
5.900000e-06	-1.568707e-06	-1.471420e-10	-1.109267e+01	-1.099885e+01
5.910000e-06	-1.612569e-06	-1.641723e-10	-1.140283e+01	-1.278704e+01
5.920000e-06	-1.656372e-06	-1.836720e-10	-1.171257e+01	-1.458315e+01
5.930000e-06	-1.700064e-06	-2.056743e-10	-1.202153e+01	-1.638513e+01
5.940000e-06	-1.743661e-06	-2.319003e-10	-1.232981e+01	-1.819091e+01
5.950000e-06	-1.787174e-06	-2.651309e-10	-1.263750e+01	-1.999837e+01
5.960000e-06	-1.830572e-06	-3.027528e-10	-1.294438e+01	-2.180541e+01
5.970000e-06	-1.873793e-06	-3.369349e-10	-1.325000e+01	-2.360988e+01
5.980000e-06	-1.916805e-06	-3.635284e-10	-1.355415e+01	-2.540968e+01
5.990000e-06	-1.959630e-06	-3.868493e-10	-1.385698e+01	-2.720268e+01
6.000000e-06	-2.002322e-06	-4.115731e-10	-1.415886e+01	-2.898680e+01
6.010000e-06	-2.044891e-06	-4.371593e-10	-1.445988e+01	-3.076000e+01
6.020000e-06	-2.087332e-06	-4.634528e-10	-1.475999e+01	-3.252027e+01
6.030000e-06	-2.129661e-06	-4.933851e-10	-1.505930e+01	-3.426566e+01
6.040000e-06	-2.171793e-06	-5.268289e-10	-1.535723e+01	-3.599427e+01
6.050000e-06	-2.213770e-06	-5.582879e-10	-1.565406e+01	-3.770430e+01
6.060000e-06	-2.255640e-06	-5.843360e-10	-1.595013e+01	-3.939401e+01
6.070000e-06	-2.297368e-06	-6.086632e-10	-1.624520e+01	-4.106174e+01
6.080000e-06	-2.338998e-06	-6.345380e-10	-1.653958e+01	-4.270594e+01
6.090000e-06	-2.380455e-06	-6.576497e-10	-1.683273e+01	-4.432514e+01
6.100000e-06	-2.421679e-06	-6.772556e-10	-1.712423e+01	-4.591798e+01
6.110000e-06	-2.462711e-06	-6.995852e-10	-1.741437e+01	-4.748322e+01
6.120000e-06	-2.503498e-06	-7.271830e-10	-1.770279e+01	-4.901970e+01
6.130000e-06	-2.544035e-06	-7.561591e-10	-1.798944e+01	-5.052640e+01
6.140000e-06	-2.584448e-06	-7.810040e-10	-1.827520e+01	-5.200240e+01
6.150000e-06	-2.624734e-06	-8.022809e-10	-1.856007e+01	-5.344690e+01
6.160000e-06	-2.664872e-06	-8.227791e-10	-1.884390e+01	-5.485921e+01
6.170000e-06	-2.704938e-06	-8.418471e-10	-1.912722e+01	-5.623875e+01
6.180000e-06	-2.744911e-06	-8.581866e-10	-1.940987e+01	-5.758505e+01
6.190000e-06	-2.784778e-06	-8.754854e-10	-1.969179e+01	-5.889775e+01
6.200000e-06	-2.824549e-06	-8.961105e-10	-1.997301e+01	-6.017659e+01
6.210000e-06	-2.864150e-06	-9.175196e-10	-2.025304e+01	-6.142144e+01
6.220000e-06	-2.903566e-06	-9.358442e-10	-2.053176e+01	-6.263221e+01
6.230000e-06	-2.942774e-06	-9.491986e-10	-2.080901e+01	-6.380894e+01
6.240000e-06	-2.981724e-06	-9.622606e-10	-2.108443e+01	-6.495175e+01
6.250000e-06	-3.020333e-06	-9.791975e-10	-2.135745e+01	-6.606084e+01
6.260000e-06	-3.058654e-06	-9.970485e-10	-2.162842e+01	-6.713646e+01
6.270000e-06	-3.096626e-06	-1.011451e-09	-2.189693e+01	-6.817894e+01
6.280000e-06	-3.134270e-06	-1.024043e-09	-2.216312e+01	-6.918869e+01
6.290000e-06	-3.171477e-06	-1.038895e-09	-2.242622e+01	-7.016613e+01
6.300000e-06	-3.208141e-06	-1.052100e-09	-2.268548e+01	-7.111175e+01
6.310000e-06	-3.244500e-06	-1.059922e-09	-2.294258e+01	-7.202609e+01
6.320000e-06	-3.280714e-06	-1.067667e-09	-2.319866e+01	-7.290969e+01
6.330000e-06	-3.316922e-06	-1.079806e-09	-2.345469e+01	-7.376313e+01
6.340000e-06	-3.353071e-06	-1.096734e-09	-2.371031e+01	-7.458702e+01
6.350000e-06	-3.389049e-06	-1.114770e-09	-2.396471e+01	-7.538197e+01
6.360000e-06	-3.424767e-06	-1.128203e-09	-2.421729e+01	-7.614859e+01
6.370000e-06	-3.460322e-06	-1.136904e-09	-2.446871e+01	-7.688751e+01
6.380000e-06	-3.495716e-06	-1.142089e-09	-2.471898e+01	-7.759935e+01
6.390000e-06	-3.530778e-06	-1.143527e-09	-2.496691e+01	-7.828472e+01
6.400000e-06	-3.565534e-06	-1.146823e-09	-2.521268e+01	-7.894423e+01
6.410000e-06	-3.600084e-06	-1.156718e-09	-2.545699e+01	-7.957846e+01
6.420000e-06	-3.634353e-06	-1.170026e-09	-2.569932e+01	-8.018800e+01
6.430000e-06	-3.668381e-06	-1.183968e-09	-2.593993e+01	-8.077340e+01
6.440000e-06	-3.702257e-06	-1.196561e-09	-2.617948e+01	-8.133521e+01
6.450000e-06	-3.735892e-06	-1.204777e-09	-2.641732e+01	-8.187396e+01
6.460000e-06	-3.769189e-06	-1.210177e-09	-2.665277e+01	-8.239013e+01
6.470000e-06	-3.802226e-06	-1.212470e-09	-2.688638e+01	-8.288423e+01
6.480000e-06	-3.834988e-06	-1.215217e-09	-2.711805e+01	-8.335673e+01
6.490000e-06	-3.867393e-06	-1.221674e-09	-2.734720e+01	-8.380807e+01
6.500000e-06	-3.899616e-06	-1.232613e-09	-2.757505e+01	-8.423870e+01
6.510000e-06	-3.931627e-06	-1.244164e-09	-2.780141e+01	-8.464904e+01
6.520000e-06	-3.963408e-06	-1.253552e-09	-2.802614e+01	-8.503953e+01
6.530000e-06	-3.995052e-06	-1.262989e-09	-2.824990e+01	-8.541056e+01
6.540000e-06	-4.026464e-06	-1.270266e-09	-2.847202e+01	-8.576254e+01
6.550000e-06	-4.057581e-06	-1.273192e-09	-2.869206e+01	-8.609589e+01
6.560000e-06	-4.088404e-06	-1.272769e-09	-2.891001e+01	-8.641102e+01
6.570000e-06	-4.118737e-06	-1.274503e-09	-2.912450e+01	-8.670833e+01
6.580000e-06	-4.148516e-06	-1.277346e-09	-2.933507e+01	-8.698825e+01
6.590000e-06	-4.177767e-06	-1.279665e-09	-2.954192e+01	-8.725121e+01
6.600000e-06	-4.206586e-06	-1.281063e-09	-2.974571e+01	-8.749766e+01
6.610000e-06	-4.235089e-06	-1.285347e-09	-2.994725e+01	-8.772806e+01
6.620000e-06	-4.263288e-06	-1.292986e-09	-3.014665e+01	-8.794289e+01
6.630000e-06	-4.291271e-06	-1.297288e-09	-3.034452e+01	-8.814265e+01
6.640000e-06	-4.319149e-06	-1.297164e-09	-3.054166e+01	-8.832786e+01
6.650000e-06	-4.346897e-06	-1.296552e-09	-3.073787e+01	-8.849905e+01
6.660000e-06	-4.374324e-06	-1.296701e-09	-3.093181e+01	-8.865680e+01
6.670000e-06	-4.401358e-06	-1.297255e-09	-3.112297e+01	-8.880168e+01
6.680000e-06	-4.428018e-06	-1.295680e-09	-3.131150e+01	-8.893430e+01
6.690000e-06	-4.454437e-06	-1.295173e-09	-3.149831e+01	-8.905529e+01
6.700000e-06	-4.480573e-06	-1.299754e-09	-3.168313e+01	-8.916529e+01
6.710000e-06	-4.506397e-06	-1.307151e-09	-3.186573e+01	-8.926496e+01
6.720000e-06	-4.531829e-06	-1.313684e-09	-3.204557e+01	-8.935499e+01
6.730000e-06	-4.556892e-06	-1.316194e-09	-3.222279e+01	-8.943606e+01
6.740000e-06	-4.581734e-06	-1.315756e-09	-3.239846e+01	-8.950886e+01
6.750000e-06	-4.606260e-06	-1.314544e-09	-3.257188e+01	-8.957409e+01
6.760000e-06	-4.630455e-06	-1.314533e-09	-3.274297e+01	-8.963246e+01
6.770000e-06	-4.654502e-06	-1.314938e-09	-3.291302e+01	-8.968466e+01
6.780000e-06	-4.678399e-06	-1.317834e-09	-3.308199e+01	-8.973138e+01
6.790000e-06	-4.702015e-06	-1.324097e-09	-3.324899e+01	-8.977330e+01
6.800000e-06	-4.725412e-06	-1.330307e-09	-3.341443e+01	-8.981107e+01
6.810000e-06	-4.748308e-06	-1.331726e-09	-3.357634e+01	-8.984532e+01
6.820000e-06	-4.770627e-06	-1.329978e-09	-3.373416e+01	-8.987665e+01
6.830000e-06	-4.792419e-06	-1.327547e-09	-3.388826e+01	-8.990565e+01
6.840000e-06	-4.813649e-06	-1.326693e-09	-3.403838e+01	-8.993284e+01
6.850000e-06	-4.834498e-06	-1.327592e-09	-3.418580e+01	-8.995871e+01
6.860000e-06	-4.855017e-06	-1.329208e-09	-3.433090e+01	-8.998371e+01
6.870000e-06	-4.875229e-06	-1.331908e-09	-3.447382e+01	-9.000824e+01
6.880000e-06	-4.895174e-06	-1.332545e-09	-3.461486e+01	-9.003263e+01
6.890000e-06	-4.914825e-06	-1.330835e-09	-3.475382e+01	-9.005716e+01
6.900000e-06	-4.934151e-06	-1.329387e-09	-3.489048e+01	-9.008207e+01
6.910000e-06	-4.953176e-06	-1.326900e-09	-3.502501e+01	-9.010752e+01
6.920000e-06	-4.971843e-06	-1.326392e-09	-3.515700e+01	-9.013361e+01
6.930000e-06	-4.990165e-06	-1.329751e-09	-3.528656e+01	-9.016037e+01
6.940000e-06	-5.008285e-06	-1.336954e-09	-3.541469e+01	-9.018777e+01
6.950000e-06	-5.026094e-06	-1.344391e-09	-3.554063e+01	-9.021574e+01
6.960000e-06	-5.043528e-06	-1.346704e-09	-3.566390e+01	-9.024412e+01
6.970000e-06	-5.060642e-06	-1.343324e-09	-3.578492e+01	-9.027270e+01
6.980000e-06	-5.077401e-06	-1.337132e-09	-3.590343e+01	-9.030121e+01
6.990000e-06	-5.093777e-06	-1.332473e-09	-3.601923e+01	-9.032935e+01
7.000000e-06	-5.109884e-06	-1.330630e-09	-3.613312e+01	-9.035672e+01
7.010000e-06	-5.125743e-06	-1.331863e-09	-3.624526e+01	-9.038294e+01
7.020000e-06	-5.141307e-06	-1.335034e-09	-3.635532e+01	-9.040754e+01
7.030000e-06	-5.156564e-06	-1.339484e-09	-3.646320e+01	-9.043003e+01
7.040000e-06	-5.171214e-06	-1.340475e-09	-3.656680e+01	-9.044991e+01
7.050000e-06	-5.185082e-06	-1.333791e-09	-3.666486e+01	-9.046664e+01
7.060000e-06	-5.198463e-06	-1.326140e-09	-3.675949e+01	-9.047967e+01
7.070000e-06	-5.211452e-06	-1.322406e-09	-3.685133e+01	-9.048844e+01
7.080000e-06	-5.223907e-06	-1.322998e-09	-3.693941e+01	-9.049240e+01
7.090000e-06	-5.235963e-06	-1.324084e-09	-3.702466e+01	-9.049102e+01
7.100000e-06	-5.247729e-06	-1.326217e-09	-3.710785e+01	-9.048374e+01
7.110000e-06	-5.259113e-06	-1.327619e-09	-3.718835e+01	-9.047007e+01
7.120000e-06	-5.270046e-06	-1.324785e-09	-3.726566e+01	-9.044953e+01
7.130000e-06	-5.280592e-06	-1.318526e-09	-3.734024e+01	-9.042169e+01
7.140000e-06	-5.290824e-06	-1.309434e-09	-3.741259e+01	-9.038614e+01
7.150000e-06	-5.300772e-06	-1.307344e-09	-3.748293e+01	-9.034254e+01
7.160000e-06	-5.310351e-06	-1.312834e-09	-3.755067e+01	-9.029061e+01
7.170000e-06	-5.319506e-06	-1.316458e-09	-3.761541e+01	-9.023012e+01
7.180000e-06	-5.328252e-06	-1.314879e-09	-3.767725e+01	-9.016091e+01
7.190000e-06	-5.336658e-06	-1.313958e-09	-3.773669e+01	-9.008290e+01
7.200000e-06	-5.344841e-06	-1.312054e-09	-3.779455e+01	-8.999609e+01
7.210000e-06	-5.352867e-06	-1.305666e-09	-3.785131e+01	-8.990052e+01
7.220000e-06	-5.360606e-06	-1.296027e-09	-3.790604e+01	-8.979636e+01
7.230000e-06	-5.367889e-06	-1.288988e-09	-3.795754e+01	-8.968382e+01
7.240000e-06	-5.374721e-06	-1.291976e-09	-3.800584e+01	-8.956321e+01
7.250000e-06	-5.381099e-06	-1.301365e-09	-3.805095e+01	-8.943492e+01
7.260000e-06	-5.386818e-06	-1.305868e-09	-3.809138e+01	-8.929941e+01
7.270000e-06	-5.391845e-06	-1.304230e-09	-3.812693e+01	-8.915722e+01
7.280000e-06	-5.396375e-06	-1.300248e-09	-3.815896e+01	-8.900896e+01
7.290000e-06	-5.400637e-06	-1.293038e-09	-3.818910e+01	-8.885531e+01
7.300000e-06	-5.404729e-06	-1.280791e-09	-3.821803e+01	-8.869701e+01
7.310000e-06	-5.408572e-06	-1.267388e-09	-3.824521e+01	-8.853487e+01
7.320000e-06	-5.412095e-06	-1.260200e-09	-3.827013e+01	-8.836973e+01
7.330000e-06	-5.415205e-06	-1.264760e-09	-3.829211e+01	-8.820247e+01
7.340000e-06	-5.417907e-06	-1.278855e-09	-3.831122e+01	-8.803405e+01
7.350000e-06	-5.420275e-06	-1.290275e-09	-3.832797e+01	-8.786539e+01
7.360000e-06	-5.422328e-06	-1.289507e-09	-3.834249e+01	-8.769749e+01
7.370000e-06	-5.424079e-06	-1.279011e-09	-3.835487e+01	-8.753133e+01
7.380000e-06	-5.425428e-06	-1.266738e-09	-3.836440e+01	-8.736788e+01
7.390000e-06	-5.426300e-06	-1.256506e-09	-3.837057e+01	-8.720814e+01
7.400000e-06	-5.426811e-06	-1.249941e-09	-3.837418e+01	-8.705305e+01
