# Temperatura_=_9.37
# Concentracion g/m^3_=_4090.0
# C_Vs_to_Am_M_A/Vsm_=_65563218390.804596
# pendiente_HvsI_1/m_=_3716.3
# ordenada_HvsI_A/m_=_1297.0
# frecuencia_Hz_=_135085.64465830676

Tiempo_(s)	Campo_(V.s)	Magnetizacion_(V.s)	Campo_(kA/m)	Magnetizacion_(A/m)
0.000000e+00	-5.423062e-06	-1.320356e-09	-3.837795e+01	-8.917683e+01
1.000000e-08	-5.423187e-06	-1.311416e-09	-3.837883e+01	-8.904254e+01
2.000000e-08	-5.423151e-06	-1.306194e-09	-3.837858e+01	-8.891428e+01
3.000000e-08	-5.422866e-06	-1.303094e-09	-3.837657e+01	-8.879273e+01
4.000000e-08	-5.422180e-06	-1.301143e-09	-3.837171e+01	-8.867852e+01
5.000000e-08	-5.421016e-06	-1.301898e-09	-3.836348e+01	-8.857222e+01
6.000000e-08	-5.419282e-06	-1.303501e-09	-3.835120e+01	-8.847432e+01
7.000000e-08	-5.416916e-06	-1.293350e-09	-3.833446e+01	-8.838527e+01
8.000000e-08	-5.413925e-06	-1.285496e-09	-3.831329e+01	-8.830542e+01
9.000000e-08	-5.410319e-06	-1.316938e-09	-3.828777e+01	-8.823504e+01
1.000000e-07	-5.406178e-06	-1.378121e-09	-3.825847e+01	-8.817433e+01
1.100000e-07	-5.401694e-06	-1.349644e-09	-3.822673e+01	-8.812340e+01
1.200000e-07	-5.397181e-06	-1.255507e-09	-3.819480e+01	-8.808225e+01
1.300000e-07	-5.392622e-06	-1.258451e-09	-3.816253e+01	-8.805082e+01
1.400000e-07	-5.387678e-06	-1.358656e-09	-3.812754e+01	-8.802893e+01
1.500000e-07	-5.382189e-06	-1.349659e-09	-3.808870e+01	-8.801633e+01
1.600000e-07	-5.376383e-06	-1.237494e-09	-3.804762e+01	-8.801265e+01
1.700000e-07	-5.370314e-06	-1.217965e-09	-3.800466e+01	-8.801748e+01
1.800000e-07	-5.363766e-06	-1.349279e-09	-3.795832e+01	-8.803027e+01
1.900000e-07	-5.356537e-06	-1.365013e-09	-3.790716e+01	-8.805043e+01
2.000000e-07	-5.349052e-06	-1.289447e-09	-3.785420e+01	-8.807727e+01
2.100000e-07	-5.341590e-06	-1.274403e-09	-3.780139e+01	-8.811004e+01
2.200000e-07	-5.333841e-06	-1.351170e-09	-3.774655e+01	-8.814792e+01
2.300000e-07	-5.325826e-06	-1.340031e-09	-3.768983e+01	-8.819004e+01
2.400000e-07	-5.317586e-06	-1.305309e-09	-3.763152e+01	-8.823546e+01
2.500000e-07	-5.308815e-06	-1.364705e-09	-3.756945e+01	-8.828321e+01
2.600000e-07	-5.299271e-06	-1.428979e-09	-3.750191e+01	-8.833229e+01
2.700000e-07	-5.288954e-06	-1.411803e-09	-3.742889e+01	-8.838167e+01
2.800000e-07	-5.278149e-06	-1.407555e-09	-3.735243e+01	-8.843030e+01
2.900000e-07	-5.267032e-06	-1.442876e-09	-3.727376e+01	-8.847712e+01
3.000000e-07	-5.255453e-06	-1.392894e-09	-3.719181e+01	-8.852108e+01
3.100000e-07	-5.243433e-06	-1.348552e-09	-3.710675e+01	-8.856113e+01
3.200000e-07	-5.230975e-06	-1.399850e-09	-3.701859e+01	-8.859626e+01
3.300000e-07	-5.218104e-06	-1.460990e-09	-3.692751e+01	-8.862546e+01
3.400000e-07	-5.204821e-06	-1.405306e-09	-3.683351e+01	-8.864779e+01
3.500000e-07	-5.191218e-06	-1.386954e-09	-3.673724e+01	-8.866234e+01
3.600000e-07	-5.177266e-06	-1.418658e-09	-3.663850e+01	-8.866824e+01
3.700000e-07	-5.162943e-06	-1.418105e-09	-3.653714e+01	-8.866471e+01
3.800000e-07	-5.148080e-06	-1.363431e-09	-3.643196e+01	-8.865102e+01
3.900000e-07	-5.132600e-06	-1.365203e-09	-3.632241e+01	-8.862652e+01
4.000000e-07	-5.116595e-06	-1.376763e-09	-3.620915e+01	-8.859063e+01
4.100000e-07	-5.100071e-06	-1.389184e-09	-3.609221e+01	-8.854287e+01
4.200000e-07	-5.083190e-06	-1.405478e-09	-3.597274e+01	-8.848284e+01
4.300000e-07	-5.066064e-06	-1.411887e-09	-3.585155e+01	-8.841022e+01
4.400000e-07	-5.048672e-06	-1.376577e-09	-3.572846e+01	-8.832480e+01
4.500000e-07	-5.031037e-06	-1.374023e-09	-3.560367e+01	-8.822645e+01
4.600000e-07	-5.013118e-06	-1.386264e-09	-3.547685e+01	-8.811514e+01
4.700000e-07	-4.994734e-06	-1.369461e-09	-3.534676e+01	-8.799093e+01
4.800000e-07	-4.975877e-06	-1.339800e-09	-3.521331e+01	-8.785396e+01
4.900000e-07	-4.956589e-06	-1.355887e-09	-3.507681e+01	-8.770447e+01
5.000000e-07	-4.937014e-06	-1.375838e-09	-3.493828e+01	-8.754279e+01
5.100000e-07	-4.917236e-06	-1.367592e-09	-3.479832e+01	-8.736931e+01
5.200000e-07	-4.897278e-06	-1.346627e-09	-3.465708e+01	-8.718451e+01
5.300000e-07	-4.877099e-06	-1.337187e-09	-3.451428e+01	-8.698894e+01
5.400000e-07	-4.856656e-06	-1.344279e-09	-3.436961e+01	-8.678320e+01
5.500000e-07	-4.835885e-06	-1.352566e-09	-3.422262e+01	-8.656796e+01
5.600000e-07	-4.814668e-06	-1.344692e-09	-3.407247e+01	-8.634392e+01
5.700000e-07	-4.793073e-06	-1.329806e-09	-3.391964e+01	-8.611185e+01
5.800000e-07	-4.771191e-06	-1.332745e-09	-3.376479e+01	-8.587251e+01
5.900000e-07	-4.749009e-06	-1.332661e-09	-3.360781e+01	-8.562673e+01
6.000000e-07	-4.726502e-06	-1.318367e-09	-3.344853e+01	-8.537533e+01
6.100000e-07	-4.703591e-06	-1.299220e-09	-3.328639e+01	-8.511913e+01
6.200000e-07	-4.680351e-06	-1.300203e-09	-3.312193e+01	-8.485898e+01
6.300000e-07	-4.656937e-06	-1.309305e-09	-3.295624e+01	-8.459569e+01
6.400000e-07	-4.633263e-06	-1.320641e-09	-3.278870e+01	-8.433007e+01
6.500000e-07	-4.609364e-06	-1.313185e-09	-3.261957e+01	-8.406290e+01
6.600000e-07	-4.585261e-06	-1.304008e-09	-3.244900e+01	-8.379492e+01
6.700000e-07	-4.560816e-06	-1.299020e-09	-3.227600e+01	-8.352685e+01
6.800000e-07	-4.535920e-06	-1.298442e-09	-3.209982e+01	-8.325936e+01
6.900000e-07	-4.510449e-06	-1.281044e-09	-3.191957e+01	-8.299304e+01
7.000000e-07	-4.484413e-06	-1.269802e-09	-3.173532e+01	-8.272848e+01
7.100000e-07	-4.457915e-06	-1.271357e-09	-3.154780e+01	-8.246615e+01
7.200000e-07	-4.431011e-06	-1.285977e-09	-3.135740e+01	-8.220650e+01
7.300000e-07	-4.403689e-06	-1.286709e-09	-3.116405e+01	-8.194989e+01
7.400000e-07	-4.376013e-06	-1.278427e-09	-3.096819e+01	-8.169662e+01
7.500000e-07	-4.348150e-06	-1.269540e-09	-3.077101e+01	-8.144693e+01
7.600000e-07	-4.320235e-06	-1.269924e-09	-3.057346e+01	-8.120097e+01
7.700000e-07	-4.292152e-06	-1.265199e-09	-3.037472e+01	-8.095882e+01
7.800000e-07	-4.263816e-06	-1.256932e-09	-3.017419e+01	-8.072052e+01
7.900000e-07	-4.235151e-06	-1.250316e-09	-2.997134e+01	-8.048602e+01
8.000000e-07	-4.206168e-06	-1.253125e-09	-2.976623e+01	-8.025520e+01
8.100000e-07	-4.176882e-06	-1.255584e-09	-2.955898e+01	-8.002788e+01
8.200000e-07	-4.147227e-06	-1.250463e-09	-2.934912e+01	-7.980386e+01
8.300000e-07	-4.117327e-06	-1.241838e-09	-2.913752e+01	-7.958283e+01
8.400000e-07	-4.087230e-06	-1.236754e-09	-2.892453e+01	-7.936447e+01
8.500000e-07	-4.056759e-06	-1.236312e-09	-2.870889e+01	-7.914841e+01
8.600000e-07	-4.025861e-06	-1.233735e-09	-2.849023e+01	-7.893424e+01
8.700000e-07	-3.994765e-06	-1.228860e-09	-2.827017e+01	-7.872151e+01
8.800000e-07	-3.963529e-06	-1.224152e-09	-2.804912e+01	-7.850976e+01
8.900000e-07	-3.932117e-06	-1.224817e-09	-2.782682e+01	-7.829851e+01
9.000000e-07	-3.900502e-06	-1.219701e-09	-2.760309e+01	-7.808725e+01
9.100000e-07	-3.868687e-06	-1.208816e-09	-2.737794e+01	-7.787550e+01
9.200000e-07	-3.836769e-06	-1.199515e-09	-2.715206e+01	-7.766274e+01
9.300000e-07	-3.804590e-06	-1.202368e-09	-2.692434e+01	-7.744849e+01
9.400000e-07	-3.772030e-06	-1.208351e-09	-2.669392e+01	-7.723226e+01
9.500000e-07	-3.739151e-06	-1.208608e-09	-2.646124e+01	-7.701358e+01
9.600000e-07	-3.705924e-06	-1.202231e-09	-2.622610e+01	-7.679203e+01
9.700000e-07	-3.672273e-06	-1.197987e-09	-2.598796e+01	-7.656718e+01
9.800000e-07	-3.638127e-06	-1.189987e-09	-2.574632e+01	-7.633866e+01
9.900000e-07	-3.603548e-06	-1.180670e-09	-2.550161e+01	-7.610613e+01
1.000000e-06	-3.568570e-06	-1.168861e-09	-2.525407e+01	-7.586929e+01
1.010000e-06	-3.533256e-06	-1.165561e-09	-2.500416e+01	-7.562787e+01
1.020000e-06	-3.497695e-06	-1.169231e-09	-2.475250e+01	-7.538166e+01
1.030000e-06	-3.461990e-06	-1.173755e-09	-2.449983e+01	-7.513049e+01
1.040000e-06	-3.426177e-06	-1.170217e-09	-2.424639e+01	-7.487424e+01
1.050000e-06	-3.390199e-06	-1.164988e-09	-2.399178e+01	-7.461283e+01
1.060000e-06	-3.354032e-06	-1.158868e-09	-2.373583e+01	-7.434623e+01
1.070000e-06	-3.317708e-06	-1.151770e-09	-2.347877e+01	-7.407445e+01
1.080000e-06	-3.281212e-06	-1.140283e-09	-2.322049e+01	-7.379755e+01
1.090000e-06	-3.244425e-06	-1.131012e-09	-2.296016e+01	-7.351563e+01
1.100000e-06	-3.207289e-06	-1.128968e-09	-2.269736e+01	-7.322882e+01
1.110000e-06	-3.169892e-06	-1.132488e-09	-2.243270e+01	-7.293730e+01
1.120000e-06	-3.132321e-06	-1.132696e-09	-2.216682e+01	-7.264127e+01
1.130000e-06	-3.094617e-06	-1.126647e-09	-2.190000e+01	-7.234096e+01
1.140000e-06	-3.056798e-06	-1.121070e-09	-2.163236e+01	-7.203663e+01
1.150000e-06	-3.018687e-06	-1.116645e-09	-2.136266e+01	-7.172854e+01
1.160000e-06	-2.980291e-06	-1.110066e-09	-2.109094e+01	-7.141697e+01
1.170000e-06	-2.941777e-06	-1.100841e-09	-2.081838e+01	-7.110223e+01
1.180000e-06	-2.903073e-06	-1.096612e-09	-2.054448e+01	-7.078462e+01
1.190000e-06	-2.864032e-06	-1.095558e-09	-2.026819e+01	-7.046441e+01
1.200000e-06	-2.824754e-06	-1.093164e-09	-1.999023e+01	-7.014191e+01
1.210000e-06	-2.785391e-06	-1.085169e-09	-1.971167e+01	-6.981740e+01
1.220000e-06	-2.745869e-06	-1.075399e-09	-1.943198e+01	-6.949113e+01
1.230000e-06	-2.706160e-06	-1.068387e-09	-1.915097e+01	-6.916336e+01
1.240000e-06	-2.666359e-06	-1.064937e-09	-1.886930e+01	-6.883430e+01
1.250000e-06	-2.626500e-06	-1.059194e-09	-1.858723e+01	-6.850414e+01
1.260000e-06	-2.586555e-06	-1.055429e-09	-1.830455e+01	-6.817304e+01
1.270000e-06	-2.546451e-06	-1.053662e-09	-1.802074e+01	-6.784114e+01
1.280000e-06	-2.506214e-06	-1.051904e-09	-1.773599e+01	-6.750853e+01
1.290000e-06	-2.465828e-06	-1.044402e-09	-1.745019e+01	-6.717525e+01
1.300000e-06	-2.425228e-06	-1.031502e-09	-1.716287e+01	-6.684134e+01
1.310000e-06	-2.384422e-06	-1.017427e-09	-1.687409e+01	-6.650675e+01
1.320000e-06	-2.343379e-06	-1.008194e-09	-1.658363e+01	-6.617143e+01
1.330000e-06	-2.302054e-06	-1.003421e-09	-1.629118e+01	-6.583528e+01
1.340000e-06	-2.260574e-06	-1.002746e-09	-1.599764e+01	-6.549814e+01
1.350000e-06	-2.218812e-06	-1.006334e-09	-1.570210e+01	-6.515984e+01
1.360000e-06	-2.176696e-06	-1.010549e-09	-1.540406e+01	-6.482015e+01
1.370000e-06	-2.134284e-06	-1.006782e-09	-1.510391e+01	-6.447882e+01
1.380000e-06	-2.091486e-06	-9.930203e-10	-1.480104e+01	-6.413556e+01
1.390000e-06	-2.048460e-06	-9.759022e-10	-1.449655e+01	-6.379006e+01
1.400000e-06	-2.005298e-06	-9.617895e-10	-1.419111e+01	-6.344197e+01
1.410000e-06	-1.962032e-06	-9.526905e-10	-1.388492e+01	-6.309092e+01
1.420000e-06	-1.918610e-06	-9.506085e-10	-1.357763e+01	-6.273652e+01
1.430000e-06	-1.875019e-06	-9.549472e-10	-1.326915e+01	-6.237837e+01
1.440000e-06	-1.831304e-06	-9.616483e-10	-1.295978e+01	-6.201605e+01
1.450000e-06	-1.787504e-06	-9.650333e-10	-1.264981e+01	-6.164913e+01
1.460000e-06	-1.743665e-06	-9.574086e-10	-1.233958e+01	-6.127717e+01
1.470000e-06	-1.699800e-06	-9.411344e-10	-1.202915e+01	-6.089974e+01
1.480000e-06	-1.655871e-06	-9.259441e-10	-1.171828e+01	-6.051640e+01
1.490000e-06	-1.611849e-06	-9.157298e-10	-1.140674e+01	-6.012673e+01
1.500000e-06	-1.567773e-06	-9.085789e-10	-1.109482e+01	-5.973028e+01
1.510000e-06	-1.523700e-06	-9.066199e-10	-1.078293e+01	-5.932666e+01
1.520000e-06	-1.479494e-06	-9.085775e-10	-1.047009e+01	-5.891544e+01
1.530000e-06	-1.435099e-06	-9.091278e-10	-1.015592e+01	-5.849626e+01
1.540000e-06	-1.390633e-06	-9.026299e-10	-9.841239e+00	-5.806871e+01
1.550000e-06	-1.346029e-06	-8.884981e-10	-9.525588e+00	-5.763246e+01
1.560000e-06	-1.301326e-06	-8.716852e-10	-9.209232e+00	-5.718715e+01
1.570000e-06	-1.256620e-06	-8.590365e-10	-8.892856e+00	-5.673245e+01
1.580000e-06	-1.211833e-06	-8.524612e-10	-8.575905e+00	-5.626806e+01
1.590000e-06	-1.167081e-06	-8.489329e-10	-8.259202e+00	-5.579369e+01
1.600000e-06	-1.122255e-06	-8.445140e-10	-7.941977e+00	-5.530904e+01
1.610000e-06	-1.077181e-06	-8.411785e-10	-7.622999e+00	-5.481386e+01
1.620000e-06	-1.031955e-06	-8.350331e-10	-7.302945e+00	-5.430788e+01
1.630000e-06	-9.867005e-07	-8.245603e-10	-6.982687e+00	-5.379086e+01
1.640000e-06	-9.414564e-07	-8.115151e-10	-6.662503e+00	-5.326256e+01
1.650000e-06	-8.961665e-07	-8.003836e-10	-6.341996e+00	-5.272272e+01
1.660000e-06	-8.507116e-07	-7.933314e-10	-6.020320e+00	-5.217112e+01
1.670000e-06	-8.051227e-07	-7.873707e-10	-5.697696e+00	-5.160750e+01
1.680000e-06	-7.595883e-07	-7.802992e-10	-5.375458e+00	-5.103161e+01
1.690000e-06	-7.140527e-07	-7.726472e-10	-5.053212e+00	-5.044318e+01
1.700000e-06	-6.684555e-07	-7.636349e-10	-4.730529e+00	-4.984194e+01
1.710000e-06	-6.228081e-07	-7.536930e-10	-4.407491e+00	-4.922757e+01
1.720000e-06	-5.770601e-07	-7.428987e-10	-4.083742e+00	-4.859976e+01
1.730000e-06	-5.312867e-07	-7.329301e-10	-3.759812e+00	-4.795816e+01
1.740000e-06	-4.855104e-07	-7.249303e-10	-3.435862e+00	-4.730239e+01
1.750000e-06	-4.396523e-07	-7.170866e-10	-3.111334e+00	-4.663205e+01
1.760000e-06	-3.937580e-07	-7.076009e-10	-2.786549e+00	-4.594668e+01
1.770000e-06	-3.478861e-07	-6.949265e-10	-2.461922e+00	-4.524582e+01
1.780000e-06	-3.019867e-07	-6.811386e-10	-2.137101e+00	-4.452894e+01
1.790000e-06	-2.560086e-07	-6.698192e-10	-1.811723e+00	-4.379549e+01
1.800000e-06	-2.100258e-07	-6.605894e-10	-1.486312e+00	-4.304489e+01
1.810000e-06	-1.639842e-07	-6.491009e-10	-1.160484e+00	-4.227650e+01
1.820000e-06	-1.179155e-07	-6.376958e-10	-8.344649e-01	-4.148965e+01
1.830000e-06	-7.191338e-08	-6.278932e-10	-5.089170e-01	-4.068364e+01
1.840000e-06	-2.592761e-08	-6.170157e-10	-1.834846e-01	-3.985774e+01
1.850000e-06	1.996533e-08	-6.028086e-10	1.412908e-01	-3.901119e+01
1.860000e-06	6.586752e-08	-5.867447e-10	4.661316e-01	-3.814319e+01
1.870000e-06	1.118351e-07	-5.712434e-10	7.914353e-01	-3.725293e+01
1.880000e-06	1.577858e-07	-5.601359e-10	1.116619e+00	-3.633959e+01
1.890000e-06	2.038323e-07	-5.485359e-10	1.442482e+00	-3.540231e+01
1.900000e-06	2.498975e-07	-5.311662e-10	1.768476e+00	-3.444025e+01
1.910000e-06	2.959237e-07	-5.114961e-10	2.094194e+00	-3.345257e+01
1.920000e-06	3.417993e-07	-4.917526e-10	2.418847e+00	-3.243844e+01
1.930000e-06	3.875739e-07	-4.705253e-10	2.742785e+00	-3.139702e+01
1.940000e-06	4.334169e-07	-4.484868e-10	3.067207e+00	-3.032754e+01
1.950000e-06	4.792803e-07	-4.275335e-10	3.391773e+00	-2.922921e+01
1.960000e-06	5.250857e-07	-4.117625e-10	3.715929e+00	-2.810133e+01
1.970000e-06	5.708308e-07	-3.981863e-10	4.039658e+00	-2.694322e+01
1.980000e-06	6.165203e-07	-3.800908e-10	4.362994e+00	-2.575426e+01
1.990000e-06	6.621310e-07	-3.581769e-10	4.685772e+00	-2.453390e+01
2.000000e-06	7.077590e-07	-3.377445e-10	5.008672e+00	-2.328167e+01
2.010000e-06	7.534084e-07	-3.181141e-10	5.331724e+00	-2.199718e+01
2.020000e-06	7.989711e-07	-2.979694e-10	5.654163e+00	-2.068014e+01
2.030000e-06	8.444491e-07	-2.764037e-10	5.976002e+00	-1.933033e+01
2.040000e-06	8.899442e-07	-2.551020e-10	6.297962e+00	-1.794766e+01
2.050000e-06	9.353750e-07	-2.364865e-10	6.619467e+00	-1.653216e+01
2.060000e-06	9.806452e-07	-2.172776e-10	6.939835e+00	-1.508394e+01
2.070000e-06	1.025759e-06	-1.928300e-10	7.259096e+00	-1.360327e+01
2.080000e-06	1.070731e-06	-1.649924e-10	7.577357e+00	-1.209052e+01
2.090000e-06	1.115641e-06	-1.399601e-10	7.895172e+00	-1.054621e+01
2.100000e-06	1.160500e-06	-1.186345e-10	8.212635e+00	-8.970990e+00
2.110000e-06	1.205267e-06	-9.609929e-11	8.529441e+00	-7.365625e+00
2.120000e-06	1.249961e-06	-6.922269e-11	8.845730e+00	-5.731033e+00
2.130000e-06	1.294566e-06	-4.499878e-11	9.161393e+00	-4.068258e+00
2.140000e-06	1.339025e-06	-2.584524e-11	9.476016e+00	-2.378480e+00
2.150000e-06	1.383456e-06	-3.386669e-12	9.790448e+00	-6.630075e-01
2.160000e-06	1.427878e-06	2.589185e-11	1.010481e+01	1.076724e+00
2.170000e-06	1.472171e-06	5.417343e-11	1.041827e+01	2.839156e+00
2.180000e-06	1.516340e-06	7.920993e-11	1.073084e+01	4.622615e+00
2.190000e-06	1.560397e-06	1.053635e-10	1.104263e+01	6.425316e+00
2.200000e-06	1.604404e-06	1.344009e-10	1.135405e+01	8.245370e+00
2.210000e-06	1.648387e-06	1.627562e-10	1.166531e+01	1.008079e+01
2.220000e-06	1.692285e-06	1.889795e-10	1.197597e+01	1.192952e+01
2.230000e-06	1.736123e-06	2.166202e-10	1.228620e+01	1.378940e+01
2.240000e-06	1.779895e-06	2.479205e-10	1.259597e+01	1.565822e+01
2.250000e-06	1.823624e-06	2.797740e-10	1.290543e+01	1.753371e+01
2.260000e-06	1.867299e-06	3.086390e-10	1.321451e+01	1.941357e+01
2.270000e-06	1.910913e-06	3.347689e-10	1.352316e+01	2.129543e+01
2.280000e-06	1.954472e-06	3.615738e-10	1.383142e+01	2.317695e+01
2.290000e-06	1.997896e-06	3.903845e-10	1.413872e+01	2.505573e+01
2.300000e-06	2.041146e-06	4.186351e-10	1.444479e+01	2.692941e+01
2.310000e-06	2.084134e-06	4.457462e-10	1.474901e+01	2.879563e+01
2.320000e-06	2.126928e-06	4.741535e-10	1.505185e+01	3.065205e+01
2.330000e-06	2.169489e-06	5.027065e-10	1.535305e+01	3.249639e+01
2.340000e-06	2.211823e-06	5.294469e-10	1.565264e+01	3.432639e+01
2.350000e-06	2.253761e-06	5.556927e-10	1.594943e+01	3.613987e+01
2.360000e-06	2.295320e-06	5.827230e-10	1.624353e+01	3.793473e+01
2.370000e-06	2.336660e-06	6.114274e-10	1.653609e+01	3.970893e+01
2.380000e-06	2.377651e-06	6.420967e-10	1.682617e+01	4.146053e+01
2.390000e-06	2.418421e-06	6.720628e-10	1.711469e+01	4.318768e+01
2.400000e-06	2.458999e-06	6.982101e-10	1.740185e+01	4.488865e+01
2.410000e-06	2.499343e-06	7.204481e-10	1.768736e+01	4.656180e+01
2.420000e-06	2.539466e-06	7.427322e-10	1.797130e+01	4.820564e+01
2.430000e-06	2.579490e-06	7.692290e-10	1.825455e+01	4.981878e+01
2.440000e-06	2.619457e-06	7.980257e-10	1.853739e+01	5.139996e+01
2.450000e-06	2.659316e-06	8.238116e-10	1.881946e+01	5.294805e+01
2.460000e-06	2.699059e-06	8.472465e-10	1.910071e+01	5.446206e+01
2.470000e-06	2.738726e-06	8.721032e-10	1.938143e+01	5.594112e+01
2.480000e-06	2.778243e-06	8.965491e-10	1.966109e+01	5.738450e+01
2.490000e-06	2.817600e-06	9.167586e-10	1.993960e+01	5.879160e+01
2.500000e-06	2.856932e-06	9.317656e-10	2.021795e+01	6.016195e+01
2.510000e-06	2.896000e-06	9.517579e-10	2.049443e+01	6.149521e+01
2.520000e-06	2.934679e-06	9.809270e-10	2.076815e+01	6.279115e+01
2.530000e-06	2.973086e-06	1.011026e-09	2.103995e+01	6.404967e+01
2.540000e-06	3.011309e-06	1.032715e-09	2.131045e+01	6.527077e+01
2.550000e-06	3.049333e-06	1.047383e-09	2.157954e+01	6.645459e+01
2.560000e-06	3.087108e-06	1.060456e-09	2.184686e+01	6.760133e+01
2.570000e-06	3.124770e-06	1.072716e-09	2.211339e+01	6.871131e+01
2.580000e-06	3.162257e-06	1.082973e-09	2.237868e+01	6.978493e+01
2.590000e-06	3.199439e-06	1.093194e-09	2.264181e+01	7.082266e+01
2.600000e-06	3.236428e-06	1.113522e-09	2.290357e+01	7.182506e+01
2.610000e-06	3.273148e-06	1.143837e-09	2.316343e+01	7.279274e+01
2.620000e-06	3.309544e-06	1.171148e-09	2.342099e+01	7.372638e+01
2.630000e-06	3.345707e-06	1.186744e-09	2.367691e+01	7.462667e+01
2.640000e-06	3.381742e-06	1.193806e-09	2.393193e+01	7.549439e+01
2.650000e-06	3.417701e-06	1.197862e-09	2.418641e+01	7.633032e+01
2.660000e-06	3.453548e-06	1.199239e-09	2.444008e+01	7.713527e+01
2.670000e-06	3.489286e-06	1.200788e-09	2.469299e+01	7.791006e+01
2.680000e-06	3.524902e-06	1.210306e-09	2.494504e+01	7.865554e+01
2.690000e-06	3.560302e-06	1.231070e-09	2.519556e+01	7.937255e+01
2.700000e-06	3.595412e-06	1.258121e-09	2.544403e+01	8.006192e+01
2.710000e-06	3.630093e-06	1.280190e-09	2.568946e+01	8.072449e+01
2.720000e-06	3.664206e-06	1.290491e-09	2.593087e+01	8.136107e+01
2.730000e-06	3.697933e-06	1.290276e-09	2.616955e+01	8.197247e+01
2.740000e-06	3.731273e-06	1.287980e-09	2.640549e+01	8.255947e+01
2.750000e-06	3.764133e-06	1.286348e-09	2.663804e+01	8.312282e+01
2.760000e-06	3.796631e-06	1.287868e-09	2.686801e+01	8.366327e+01
2.770000e-06	3.828823e-06	1.295212e-09	2.709583e+01	8.418150e+01
2.780000e-06	3.860803e-06	1.311325e-09	2.732215e+01	8.467821e+01
2.790000e-06	3.892682e-06	1.330701e-09	2.754775e+01	8.515403e+01
2.800000e-06	3.924443e-06	1.342012e-09	2.777252e+01	8.560958e+01
2.810000e-06	3.956077e-06	1.343949e-09	2.799639e+01	8.604546e+01
2.820000e-06	3.987414e-06	1.341545e-09	2.821815e+01	8.646223e+01
2.830000e-06	4.018488e-06	1.342928e-09	2.843806e+01	8.686041e+01
2.840000e-06	4.049266e-06	1.344597e-09	2.865586e+01	8.724053e+01
2.850000e-06	4.079670e-06	1.345010e-09	2.887103e+01	8.760307e+01
2.860000e-06	4.109784e-06	1.348261e-09	2.908414e+01	8.794850e+01
2.870000e-06	4.139649e-06	1.355768e-09	2.929549e+01	8.827728e+01
2.880000e-06	4.169300e-06	1.363297e-09	2.950532e+01	8.858984e+01
2.890000e-06	4.198705e-06	1.365762e-09	2.971342e+01	8.888661e+01
2.900000e-06	4.227851e-06	1.365669e-09	2.991968e+01	8.916801e+01
2.910000e-06	4.256641e-06	1.369590e-09	3.012342e+01	8.943446e+01
2.920000e-06	4.285099e-06	1.373730e-09	3.032481e+01	8.968636e+01
2.930000e-06	4.313263e-06	1.371568e-09	3.052412e+01	8.992412e+01
2.940000e-06	4.341192e-06	1.367755e-09	3.072177e+01	9.014817e+01
2.950000e-06	4.369021e-06	1.367725e-09	3.091871e+01	9.035891e+01
2.960000e-06	4.396711e-06	1.371017e-09	3.111466e+01	9.055678e+01
2.970000e-06	4.424111e-06	1.374597e-09	3.130857e+01	9.074221e+01
2.980000e-06	4.451375e-06	1.375355e-09	3.150152e+01	9.091564e+01
2.990000e-06	4.478277e-06	1.377393e-09	3.169189e+01	9.107752e+01
3.000000e-06	4.504378e-06	1.382821e-09	3.187661e+01	9.122831e+01
3.010000e-06	4.529811e-06	1.385975e-09	3.205659e+01	9.136850e+01
3.020000e-06	4.554721e-06	1.386422e-09	3.223287e+01	9.149856e+01
3.030000e-06	4.579194e-06	1.388955e-09	3.240606e+01	9.161899e+01
3.040000e-06	4.603383e-06	1.393392e-09	3.257724e+01	9.173029e+01
3.050000e-06	4.627325e-06	1.395656e-09	3.274668e+01	9.183297e+01
3.060000e-06	4.651074e-06	1.395573e-09	3.291474e+01	9.192753e+01
3.070000e-06	4.674641e-06	1.396356e-09	3.308152e+01	9.201451e+01
3.080000e-06	4.697868e-06	1.401762e-09	3.324590e+01	9.209440e+01
3.090000e-06	4.720748e-06	1.408186e-09	3.340781e+01	9.216772e+01
3.100000e-06	4.743316e-06	1.409152e-09	3.356752e+01	9.223497e+01
3.110000e-06	4.765518e-06	1.405719e-09	3.372464e+01	9.229664e+01
3.120000e-06	4.787381e-06	1.403142e-09	3.387936e+01	9.235321e+01
3.130000e-06	4.808976e-06	1.402092e-09	3.403219e+01	9.240515e+01
3.140000e-06	4.830316e-06	1.400376e-09	3.418320e+01	9.245289e+01
3.150000e-06	4.851293e-06	1.398223e-09	3.433165e+01	9.249684e+01
3.160000e-06	4.871909e-06	1.401361e-09	3.447755e+01	9.253739e+01
3.170000e-06	4.892167e-06	1.407250e-09	3.462091e+01	9.257491e+01
3.180000e-06	4.912140e-06	1.409963e-09	3.476225e+01	9.260970e+01
3.190000e-06	4.931947e-06	1.408147e-09	3.490243e+01	9.264205e+01
3.200000e-06	4.951565e-06	1.405724e-09	3.504126e+01	9.267220e+01
3.210000e-06	4.970895e-06	1.407310e-09	3.517806e+01	9.270037e+01
3.220000e-06	4.989870e-06	1.408216e-09	3.531234e+01	9.272669e+01
3.230000e-06	5.008389e-06	1.407204e-09	3.544339e+01	9.275129e+01
3.240000e-06	5.026499e-06	1.407356e-09	3.557155e+01	9.277423e+01
3.250000e-06	5.044292e-06	1.410866e-09	3.569747e+01	9.279553e+01
3.260000e-06	5.061618e-06	1.414739e-09	3.582008e+01	9.281517e+01
3.270000e-06	5.078665e-06	1.414080e-09	3.594072e+01	9.283308e+01
3.280000e-06	5.095478e-06	1.412674e-09	3.605971e+01	9.284915e+01
3.290000e-06	5.112040e-06	1.415562e-09	3.617691e+01	9.286321e+01
3.300000e-06	5.128192e-06	1.418794e-09	3.629121e+01	9.287507e+01
3.310000e-06	5.143685e-06	1.418569e-09	3.640086e+01	9.288452e+01
3.320000e-06	5.158821e-06	1.418879e-09	3.650797e+01	9.289128e+01
3.330000e-06	5.173641e-06	1.421593e-09	3.661285e+01	9.289506e+01
3.340000e-06	5.187925e-06	1.423081e-09	3.671394e+01	9.289555e+01
3.350000e-06	5.201758e-06	1.419434e-09	3.681182e+01	9.289241e+01
3.360000e-06	5.215309e-06	1.413496e-09	3.690772e+01	9.288530e+01
3.370000e-06	5.228482e-06	1.411308e-09	3.700095e+01	9.287387e+01
3.380000e-06	5.241200e-06	1.411953e-09	3.709095e+01	9.285774e+01
3.390000e-06	5.253475e-06	1.410638e-09	3.717782e+01	9.283658e+01
3.400000e-06	5.265412e-06	1.407841e-09	3.726229e+01	9.281002e+01
3.410000e-06	5.277144e-06	1.408874e-09	3.734532e+01	9.277774e+01
3.420000e-06	5.288517e-06	1.410731e-09	3.742580e+01	9.273943e+01
3.430000e-06	5.299299e-06	1.408809e-09	3.750211e+01	9.269481e+01
3.440000e-06	5.309415e-06	1.402659e-09	3.757369e+01	9.264361e+01
3.450000e-06	5.318751e-06	1.396237e-09	3.763976e+01	9.258563e+01
3.460000e-06	5.327450e-06	1.394795e-09	3.770132e+01	9.252070e+01
3.470000e-06	5.335772e-06	1.397045e-09	3.776021e+01	9.244869e+01
3.480000e-06	5.343865e-06	1.397588e-09	3.781749e+01	9.236953e+01
3.490000e-06	5.351760e-06	1.396458e-09	3.787336e+01	9.228320e+01
3.500000e-06	5.359377e-06	1.396049e-09	3.792727e+01	9.218974e+01
3.510000e-06	5.366674e-06	1.394813e-09	3.797890e+01	9.208926e+01
3.520000e-06	5.373655e-06	1.392001e-09	3.802831e+01	9.198191e+01
3.530000e-06	5.380210e-06	1.387164e-09	3.807470e+01	9.186792e+01
3.540000e-06	5.386319e-06	1.385240e-09	3.811793e+01	9.174758e+01
3.550000e-06	5.392117e-06	1.385420e-09	3.815896e+01	9.162124e+01
3.560000e-06	5.397552e-06	1.385023e-09	3.819742e+01	9.148932e+01
3.570000e-06	5.402596e-06	1.384416e-09	3.823311e+01	9.135229e+01
3.580000e-06	5.407243e-06	1.380104e-09	3.826601e+01	9.121069e+01
3.590000e-06	5.411504e-06	1.378353e-09	3.829616e+01	9.106510e+01
3.600000e-06	5.415519e-06	1.375219e-09	3.832457e+01	9.091616e+01
3.610000e-06	5.419380e-06	1.370275e-09	3.835190e+01	9.076454e+01
3.620000e-06	5.422981e-06	1.365346e-09	3.837738e+01	9.061097e+01
3.630000e-06	5.426205e-06	1.364328e-09	3.840020e+01	9.045620e+01
3.640000e-06	5.429054e-06	1.369487e-09	3.842035e+01	9.030101e+01
3.650000e-06	5.431441e-06	1.373142e-09	3.843725e+01	9.014621e+01
3.660000e-06	5.433160e-06	1.373508e-09	3.844942e+01	8.999261e+01
3.670000e-06	5.434122e-06	1.372880e-09	3.845622e+01	8.984102e+01
3.680000e-06	5.434526e-06	1.371940e-09	3.845908e+01	8.969228e+01
3.690000e-06	5.434656e-06	1.367723e-09	3.846000e+01	8.954717e+01
3.700000e-06	5.434559e-06	1.363150e-09	3.845931e+01	8.940650e+01
3.710000e-06	5.434277e-06	1.362503e-09	3.845732e+01	8.927101e+01
3.720000e-06	5.433702e-06	1.365940e-09	3.845325e+01	8.914145e+01
3.730000e-06	5.432687e-06	1.368176e-09	3.844607e+01	8.901849e+01
3.740000e-06	5.431334e-06	1.363336e-09	3.843649e+01	8.890277e+01
3.750000e-06	5.429643e-06	1.355701e-09	3.842452e+01	8.879486e+01
3.760000e-06	5.427575e-06	1.359107e-09	3.840989e+01	8.869528e+01
3.770000e-06	5.425182e-06	1.372587e-09	3.839295e+01	8.860448e+01
3.780000e-06	5.422440e-06	1.350393e-09	3.837355e+01	8.852283e+01
3.790000e-06	5.419278e-06	1.261179e-09	3.835117e+01	8.845061e+01
3.800000e-06	5.415563e-06	1.227341e-09	3.832488e+01	8.838803e+01
3.810000e-06	5.411420e-06	1.311216e-09	3.829556e+01	8.833522e+01
3.820000e-06	5.407148e-06	1.376726e-09	3.826533e+01	8.829219e+01
3.830000e-06	5.402842e-06	1.290647e-09	3.823486e+01	8.825890e+01
3.840000e-06	5.398241e-06	1.236029e-09	3.820230e+01	8.823519e+01
3.850000e-06	5.392905e-06	1.329205e-09	3.816454e+01	8.822081e+01
3.860000e-06	5.386876e-06	1.403245e-09	3.812187e+01	8.821543e+01
3.870000e-06	5.380503e-06	1.283646e-09	3.807677e+01	8.821862e+01
3.880000e-06	5.373827e-06	1.171997e-09	3.802952e+01	8.822988e+01
3.890000e-06	5.366543e-06	1.275930e-09	3.797798e+01	8.824860e+01
3.900000e-06	5.358664e-06	1.348438e-09	3.792222e+01	8.827413e+01
3.910000e-06	5.350585e-06	1.269966e-09	3.786505e+01	8.830572e+01
3.920000e-06	5.342267e-06	1.221572e-09	3.780618e+01	8.834256e+01
3.930000e-06	5.333584e-06	1.347443e-09	3.774474e+01	8.838379e+01
3.940000e-06	5.324576e-06	1.345387e-09	3.768098e+01	8.842847e+01
3.950000e-06	5.315325e-06	1.215157e-09	3.761552e+01	8.847566e+01
3.960000e-06	5.305777e-06	1.202181e-09	3.754795e+01	8.852434e+01
3.970000e-06	5.295759e-06	1.331862e-09	3.747706e+01	8.857349e+01
3.980000e-06	5.285322e-06	1.321210e-09	3.740319e+01	8.862207e+01
3.990000e-06	5.274513e-06	1.257423e-09	3.732670e+01	8.866902e+01
4.000000e-06	5.263270e-06	1.349706e-09	3.724713e+01	8.871328e+01
4.010000e-06	5.251586e-06	1.437451e-09	3.716445e+01	8.875380e+01
4.020000e-06	5.239569e-06	1.358471e-09	3.707941e+01	8.878957e+01
4.030000e-06	5.227167e-06	1.308640e-09	3.699164e+01	8.881959e+01
4.040000e-06	5.214363e-06	1.388173e-09	3.690103e+01	8.884288e+01
4.050000e-06	5.201070e-06	1.374806e-09	3.680696e+01	8.885853e+01
4.060000e-06	5.187138e-06	1.293517e-09	3.670837e+01	8.886569e+01
4.070000e-06	5.172493e-06	1.330237e-09	3.660472e+01	8.886353e+01
4.080000e-06	5.157179e-06	1.408134e-09	3.649635e+01	8.885133e+01
4.090000e-06	5.141484e-06	1.367488e-09	3.638528e+01	8.882843e+01
4.100000e-06	5.125537e-06	1.324699e-09	3.627242e+01	8.879423e+01
4.110000e-06	5.109337e-06	1.335030e-09	3.615778e+01	8.874823e+01
4.120000e-06	5.092983e-06	1.327748e-09	3.604205e+01	8.869001e+01
4.130000e-06	5.076376e-06	1.299870e-09	3.592453e+01	8.861926e+01
4.140000e-06	5.059364e-06	1.328022e-09	3.580413e+01	8.853574e+01
4.150000e-06	5.041959e-06	1.329087e-09	3.568096e+01	8.843930e+01
4.160000e-06	5.024196e-06	1.314210e-09	3.555526e+01	8.832990e+01
4.170000e-06	5.006083e-06	1.328669e-09	3.542707e+01	8.820758e+01
4.180000e-06	4.987658e-06	1.350694e-09	3.529668e+01	8.807247e+01
4.190000e-06	4.968897e-06	1.311779e-09	3.516392e+01	8.792480e+01
4.200000e-06	4.949774e-06	1.286924e-09	3.502858e+01	8.776488e+01
4.210000e-06	4.930256e-06	1.296110e-09	3.489046e+01	8.759309e+01
4.220000e-06	4.910454e-06	1.308473e-09	3.475032e+01	8.740989e+01
4.230000e-06	4.890489e-06	1.298533e-09	3.460904e+01	8.721583e+01
4.240000e-06	4.870347e-06	1.293099e-09	3.446649e+01	8.701149e+01
4.250000e-06	4.850009e-06	1.290267e-09	3.432257e+01	8.679753e+01
4.260000e-06	4.829268e-06	1.290944e-09	3.417579e+01	8.657466e+01
4.270000e-06	4.807964e-06	1.281949e-09	3.402502e+01	8.634362e+01
4.280000e-06	4.786110e-06	1.267067e-09	3.387037e+01	8.610520e+01
4.290000e-06	4.763685e-06	1.263795e-09	3.371167e+01	8.586018e+01
4.300000e-06	4.740734e-06	1.272933e-09	3.354925e+01	8.560941e+01
4.310000e-06	4.717351e-06	1.275298e-09	3.338377e+01	8.535371e+01
4.320000e-06	4.693579e-06	1.262574e-09	3.321554e+01	8.509391e+01
4.330000e-06	4.669601e-06	1.248410e-09	3.304585e+01	8.483084e+01
4.340000e-06	4.645482e-06	1.239302e-09	3.287517e+01	8.456530e+01
4.350000e-06	4.621086e-06	1.237765e-09	3.270253e+01	8.429808e+01
4.360000e-06	4.596420e-06	1.231401e-09	3.252797e+01	8.402994e+01
4.370000e-06	4.571421e-06	1.223944e-09	3.235105e+01	8.376159e+01
4.380000e-06	4.546020e-06	1.224091e-09	3.217130e+01	8.349371e+01
4.390000e-06	4.520284e-06	1.236678e-09	3.198917e+01	8.322691e+01
4.400000e-06	4.494282e-06	1.233706e-09	3.180516e+01	8.296177e+01
4.410000e-06	4.467970e-06	1.215695e-09	3.161895e+01	8.269879e+01
4.420000e-06	4.441351e-06	1.199401e-09	3.143058e+01	8.243841e+01
4.430000e-06	4.414520e-06	1.201573e-09	3.124069e+01	8.218103e+01
4.440000e-06	4.387295e-06	1.202026e-09	3.104803e+01	8.192694e+01
4.450000e-06	4.359694e-06	1.199371e-09	3.085271e+01	8.167639e+01
4.460000e-06	4.331930e-06	1.194698e-09	3.065623e+01	8.142954e+01
4.470000e-06	4.303970e-06	1.199299e-09	3.045835e+01	8.118651e+01
4.480000e-06	4.275806e-06	1.199760e-09	3.025905e+01	8.094733e+01
4.490000e-06	4.247473e-06	1.197080e-09	3.005853e+01	8.071194e+01
4.500000e-06	4.218906e-06	1.190137e-09	2.985638e+01	8.048027e+01
4.510000e-06	4.190005e-06	1.188604e-09	2.965185e+01	8.025214e+01
4.520000e-06	4.160598e-06	1.186683e-09	2.944374e+01	8.002734e+01
4.530000e-06	4.130653e-06	1.185802e-09	2.923183e+01	7.980558e+01
4.540000e-06	4.100104e-06	1.186679e-09	2.901564e+01	7.958655e+01
4.550000e-06	4.069126e-06	1.186963e-09	2.879641e+01	7.936989e+01
4.560000e-06	4.037832e-06	1.181183e-09	2.857495e+01	7.915518e+01
4.570000e-06	4.006152e-06	1.176087e-09	2.835075e+01	7.894200e+01
4.580000e-06	3.974259e-06	1.174630e-09	2.812506e+01	7.872987e+01
4.590000e-06	3.942246e-06	1.173438e-09	2.789851e+01	7.851832e+01
4.600000e-06	3.910171e-06	1.172699e-09	2.767152e+01	7.830685e+01
4.610000e-06	3.877918e-06	1.173742e-09	2.744327e+01	7.809497e+01
4.620000e-06	3.845386e-06	1.169485e-09	2.721305e+01	7.788216e+01
4.630000e-06	3.812506e-06	1.160868e-09	2.698036e+01	7.766794e+01
4.640000e-06	3.779233e-06	1.152687e-09	2.674489e+01	7.745182e+01
4.650000e-06	3.745695e-06	1.145026e-09	2.650756e+01	7.723334e+01
4.660000e-06	3.711917e-06	1.140816e-09	2.626851e+01	7.701205e+01
4.670000e-06	3.677876e-06	1.137032e-09	2.602761e+01	7.678753e+01
4.680000e-06	3.643580e-06	1.138972e-09	2.578490e+01	7.655940e+01
4.690000e-06	3.609180e-06	1.141954e-09	2.554146e+01	7.632731e+01
4.700000e-06	3.574559e-06	1.141905e-09	2.529646e+01	7.609096e+01
4.710000e-06	3.539558e-06	1.138012e-09	2.504876e+01	7.585007e+01
4.720000e-06	3.504302e-06	1.132690e-09	2.479926e+01	7.560442e+01
4.730000e-06	3.468895e-06	1.124579e-09	2.454869e+01	7.535384e+01
4.740000e-06	3.433307e-06	1.116106e-09	2.429684e+01	7.509820e+01
4.750000e-06	3.397471e-06	1.109915e-09	2.404324e+01	7.483740e+01
4.760000e-06	3.361501e-06	1.109524e-09	2.378869e+01	7.457141e+01
4.770000e-06	3.325426e-06	1.107992e-09	2.353339e+01	7.430024e+01
4.780000e-06	3.289230e-06	1.109968e-09	2.327724e+01	7.402394e+01
4.790000e-06	3.252877e-06	1.109591e-09	2.301997e+01	7.374260e+01
4.800000e-06	3.216261e-06	1.106585e-09	2.276085e+01	7.345635e+01
4.810000e-06	3.179363e-06	1.097051e-09	2.249973e+01	7.316535e+01
4.820000e-06	3.142205e-06	1.085871e-09	2.223677e+01	7.286981e+01
4.830000e-06	3.104674e-06	1.076200e-09	2.197117e+01	7.256995e+01
4.840000e-06	3.066673e-06	1.069394e-09	2.170225e+01	7.226602e+01
4.850000e-06	3.028296e-06	1.065343e-09	2.143066e+01	7.195829e+01
4.860000e-06	2.989500e-06	1.063395e-09	2.115611e+01	7.164703e+01
4.870000e-06	2.950269e-06	1.061655e-09	2.087848e+01	7.133256e+01
4.880000e-06	2.910791e-06	1.060191e-09	2.059910e+01	7.101515e+01
4.890000e-06	2.871181e-06	1.055314e-09	2.031879e+01	7.069510e+01
4.900000e-06	2.831434e-06	1.046936e-09	2.003750e+01	7.037272e+01
4.910000e-06	2.791475e-06	1.038133e-09	1.975472e+01	7.004828e+01
4.920000e-06	2.751369e-06	1.032271e-09	1.947090e+01	6.972204e+01
4.930000e-06	2.711200e-06	1.029253e-09	1.918664e+01	6.939425e+01
4.940000e-06	2.670930e-06	1.028187e-09	1.890165e+01	6.906514e+01
4.950000e-06	2.630515e-06	1.030322e-09	1.861564e+01	6.873490e+01
4.960000e-06	2.589981e-06	1.030116e-09	1.832879e+01	6.840370e+01
4.970000e-06	2.549310e-06	1.025537e-09	1.804097e+01	6.807168e+01
4.980000e-06	2.508382e-06	1.018386e-09	1.775133e+01	6.773893e+01
4.990000e-06	2.467234e-06	1.012158e-09	1.746013e+01	6.740552e+01
5.000000e-06	2.425922e-06	1.008357e-09	1.716777e+01	6.707146e+01
5.010000e-06	2.384432e-06	1.003577e-09	1.687416e+01	6.673674e+01
5.020000e-06	2.342755e-06	9.952124e-10	1.657922e+01	6.640130e+01
5.030000e-06	2.300956e-06	9.899358e-10	1.628342e+01	6.606505e+01
5.040000e-06	2.259105e-06	9.886302e-10	1.598725e+01	6.572783e+01
5.050000e-06	2.217090e-06	9.855001e-10	1.568991e+01	6.538949e+01
5.060000e-06	2.174925e-06	9.785703e-10	1.539152e+01	6.504980e+01
5.070000e-06	2.132597e-06	9.734200e-10	1.509197e+01	6.470852e+01
5.080000e-06	2.090093e-06	9.695407e-10	1.479118e+01	6.436536e+01
5.090000e-06	2.047464e-06	9.663304e-10	1.448950e+01	6.402000e+01
5.100000e-06	2.004626e-06	9.610872e-10	1.418635e+01	6.367212e+01
5.110000e-06	1.961633e-06	9.544649e-10	1.388210e+01	6.332134e+01
5.120000e-06	1.918547e-06	9.497170e-10	1.357719e+01	6.296728e+01
5.130000e-06	1.875309e-06	9.479060e-10	1.327120e+01	6.260954e+01
5.140000e-06	1.831952e-06	9.440211e-10	1.296437e+01	6.224769e+01
5.150000e-06	1.788425e-06	9.398017e-10	1.265634e+01	6.188131e+01
5.160000e-06	1.744719e-06	9.344694e-10	1.234703e+01	6.150998e+01
5.170000e-06	1.700971e-06	9.313002e-10	1.203744e+01	6.113324e+01
5.180000e-06	1.657233e-06	9.260628e-10	1.172792e+01	6.075067e+01
5.190000e-06	1.613373e-06	9.178561e-10	1.141753e+01	6.036183e+01
5.200000e-06	1.569393e-06	9.096974e-10	1.110629e+01	5.996630e+01
5.210000e-06	1.525412e-06	9.026396e-10	1.079504e+01	5.956365e+01
5.220000e-06	1.481337e-06	8.978093e-10	1.048314e+01	5.915348e+01
5.230000e-06	1.437175e-06	8.944060e-10	1.017061e+01	5.873540e+01
5.240000e-06	1.393005e-06	8.933389e-10	9.858026e+00	5.830902e+01
5.250000e-06	1.348810e-06	8.924086e-10	9.545266e+00	5.787400e+01
5.260000e-06	1.304565e-06	8.900807e-10	9.232151e+00	5.742997e+01
5.270000e-06	1.260231e-06	8.807782e-10	8.918407e+00	5.697661e+01
5.280000e-06	1.215809e-06	8.658302e-10	8.604045e+00	5.651361e+01
5.290000e-06	1.171383e-06	8.517339e-10	8.289650e+00	5.604067e+01
5.300000e-06	1.126929e-06	8.433836e-10	7.975055e+00	5.555751e+01
5.310000e-06	1.082402e-06	8.384744e-10	7.659950e+00	5.506385e+01
5.320000e-06	1.037727e-06	8.338529e-10	7.343789e+00	5.455944e+01
5.330000e-06	9.929432e-07	8.298276e-10	7.026865e+00	5.404403e+01
5.340000e-06	9.481712e-07	8.266478e-10	6.710023e+00	5.351737e+01
5.350000e-06	9.033375e-07	8.182208e-10	6.392743e+00	5.297923e+01
5.360000e-06	8.584264e-07	8.045377e-10	6.074916e+00	5.242936e+01
5.370000e-06	8.133930e-07	7.886047e-10	5.756224e+00	5.186751e+01
5.380000e-06	7.682945e-07	7.749055e-10	5.437070e+00	5.129343e+01
5.390000e-06	7.231773e-07	7.677603e-10	5.117785e+00	5.070686e+01
5.400000e-06	6.779795e-07	7.675006e-10	4.797929e+00	5.010753e+01
5.410000e-06	6.327261e-07	7.655989e-10	4.477679e+00	4.949512e+01
5.420000e-06	5.874159e-07	7.588942e-10	4.157027e+00	4.886933e+01
5.430000e-06	5.420109e-07	7.478218e-10	3.835705e+00	4.822980e+01
5.440000e-06	4.965435e-07	7.328075e-10	3.513941e+00	4.757617e+01
5.450000e-06	4.510434e-07	7.180942e-10	3.191946e+00	4.690804e+01
5.460000e-06	4.054895e-07	7.030248e-10	2.869570e+00	4.622496e+01
5.470000e-06	3.599133e-07	6.911338e-10	2.547037e+00	4.552647e+01
5.480000e-06	3.143204e-07	6.849956e-10	2.224384e+00	4.481205e+01
5.490000e-06	2.686479e-07	6.792963e-10	1.901169e+00	4.408115e+01
5.500000e-06	2.230067e-07	6.690898e-10	1.578175e+00	4.333320e+01
5.510000e-06	1.774276e-07	6.537338e-10	1.255621e+00	4.256757e+01
5.520000e-06	1.318023e-07	6.372296e-10	9.327389e-01	4.178360e+01
5.530000e-06	8.612723e-08	6.237278e-10	6.095056e-01	4.098059e+01
5.540000e-06	4.044653e-08	6.124212e-10	2.862322e-01	4.015781e+01
5.550000e-06	-5.195594e-09	5.997057e-10	-3.676821e-02	3.931450e+01
5.560000e-06	-5.083329e-08	5.871072e-10	-3.597373e-01	3.844989e+01
5.570000e-06	-9.643556e-08	5.760094e-10	-6.824557e-01	3.756315e+01
5.580000e-06	-1.420699e-07	5.626116e-10	-1.005401e+00	3.665345e+01
5.590000e-06	-1.877837e-07	5.449353e-10	-1.328909e+00	3.571997e+01
5.600000e-06	-2.334747e-07	5.255643e-10	-1.652255e+00	3.476186e+01
5.610000e-06	-2.791189e-07	5.094572e-10	-1.975270e+00	3.377826e+01
5.620000e-06	-3.246707e-07	4.958832e-10	-2.297631e+00	3.276834e+01
5.630000e-06	-3.701975e-07	4.835560e-10	-2.619815e+00	3.173128e+01
5.640000e-06	-4.156448e-07	4.712430e-10	-2.941437e+00	3.066628e+01
5.650000e-06	-4.609767e-07	4.580622e-10	-3.262242e+00	2.957257e+01
5.660000e-06	-5.063998e-07	4.409071e-10	-3.583693e+00	2.844941e+01
5.670000e-06	-5.518826e-07	4.218463e-10	-3.905565e+00	2.729613e+01
5.680000e-06	-5.972787e-07	4.045227e-10	-4.226825e+00	2.611210e+01
5.690000e-06	-6.424834e-07	3.859247e-10	-4.546730e+00	2.489676e+01
5.700000e-06	-6.876075e-07	3.615420e-10	-4.866064e+00	2.364963e+01
5.710000e-06	-7.327523e-07	3.352656e-10	-5.185545e+00	2.237029e+01
5.720000e-06	-7.777865e-07	3.160851e-10	-5.504243e+00	2.105844e+01
5.730000e-06	-8.228003e-07	3.038852e-10	-5.822797e+00	1.971385e+01
5.740000e-06	-8.677266e-07	2.908753e-10	-6.140732e+00	1.833642e+01
5.750000e-06	-9.125258e-07	2.732675e-10	-6.457767e+00	1.692613e+01
5.760000e-06	-9.572675e-07	2.534382e-10	-6.774395e+00	1.548310e+01
5.770000e-06	-1.001958e-06	2.305667e-10	-7.090662e+00	1.400757e+01
5.780000e-06	-1.046667e-06	2.019984e-10	-7.407060e+00	1.249989e+01
5.790000e-06	-1.091240e-06	1.667839e-10	-7.722494e+00	1.096055e+01
5.800000e-06	-1.135687e-06	1.344236e-10	-8.037036e+00	9.390180e+00
5.810000e-06	-1.180084e-06	1.142100e-10	-8.351225e+00	7.789530e+00
5.820000e-06	-1.224382e-06	1.040250e-10	-8.664710e+00	6.159491e+00
5.830000e-06	-1.268584e-06	9.114680e-11	-8.977524e+00	4.501086e+00
5.840000e-06	-1.312714e-06	6.940463e-11	-9.289824e+00	2.815473e+00
5.850000e-06	-1.356821e-06	4.464093e-11	-9.601960e+00	1.103938e+00
5.860000e-06	-1.400916e-06	1.811218e-11	-9.914012e+00	-6.321038e-01
5.870000e-06	-1.444968e-06	-1.307345e-11	-1.022576e+01	-2.391115e+00
5.880000e-06	-1.488930e-06	-4.994857e-11	-1.053686e+01	-4.171439e+00
5.890000e-06	-1.532864e-06	-8.278552e-11	-1.084778e+01	-5.971310e+00
5.900000e-06	-1.576776e-06	-1.026127e-10	-1.115853e+01	-7.788855e+00
5.910000e-06	-1.620564e-06	-1.202029e-10	-1.146842e+01	-9.622108e+00
5.920000e-06	-1.664293e-06	-1.446649e-10	-1.177788e+01	-1.146901e+01
5.930000e-06	-1.707949e-06	-1.722631e-10	-1.208682e+01	-1.332743e+01
5.940000e-06	-1.751507e-06	-1.987619e-10	-1.239507e+01	-1.519517e+01
5.950000e-06	-1.794931e-06	-2.276716e-10	-1.270237e+01	-1.706996e+01
5.960000e-06	-1.838169e-06	-2.620632e-10	-1.300836e+01	-1.894949e+01
5.970000e-06	-1.881289e-06	-2.963170e-10	-1.331351e+01	-2.083144e+01
5.980000e-06	-1.924247e-06	-3.241156e-10	-1.361752e+01	-2.271343e+01
5.990000e-06	-1.967021e-06	-3.480503e-10	-1.392023e+01	-2.459308e+01
6.000000e-06	-2.009720e-06	-3.767688e-10	-1.422239e+01	-2.646802e+01
6.010000e-06	-2.052338e-06	-4.089127e-10	-1.452399e+01	-2.833589e+01
6.020000e-06	-2.094816e-06	-4.380823e-10	-1.482461e+01	-3.019436e+01
6.030000e-06	-2.137161e-06	-4.631651e-10	-1.512427e+01	-3.204111e+01
6.040000e-06	-2.179331e-06	-4.904613e-10	-1.542270e+01	-3.387391e+01
6.050000e-06	-2.221375e-06	-5.237298e-10	-1.572024e+01	-3.569054e+01
6.060000e-06	-2.263262e-06	-5.559206e-10	-1.601667e+01	-3.748890e+01
6.070000e-06	-2.304981e-06	-5.811951e-10	-1.631190e+01	-3.926693e+01
6.080000e-06	-2.346508e-06	-6.064461e-10	-1.660578e+01	-4.102267e+01
6.090000e-06	-2.387825e-06	-6.354479e-10	-1.689817e+01	-4.275427e+01
6.100000e-06	-2.429000e-06	-6.619583e-10	-1.718956e+01	-4.445996e+01
6.110000e-06	-2.469940e-06	-6.847979e-10	-1.747928e+01	-4.613811e+01
6.120000e-06	-2.510645e-06	-7.105656e-10	-1.776735e+01	-4.778718e+01
6.130000e-06	-2.551129e-06	-7.384419e-10	-1.805384e+01	-4.940578e+01
6.140000e-06	-2.591444e-06	-7.618831e-10	-1.833914e+01	-5.099262e+01
6.150000e-06	-2.631643e-06	-7.816734e-10	-1.862362e+01	-5.254654e+01
6.160000e-06	-2.671781e-06	-8.034534e-10	-1.890767e+01	-5.406655e+01
6.170000e-06	-2.711864e-06	-8.287570e-10	-1.919133e+01	-5.555173e+01
6.180000e-06	-2.751819e-06	-8.532021e-10	-1.947409e+01	-5.700136e+01
6.190000e-06	-2.791674e-06	-8.736528e-10	-1.975613e+01	-5.841479e+01
6.200000e-06	-2.831402e-06	-8.913090e-10	-2.003728e+01	-5.979154e+01
6.210000e-06	-2.871008e-06	-9.096236e-10	-2.031756e+01	-6.113124e+01
6.220000e-06	-2.910353e-06	-9.290936e-10	-2.059600e+01	-6.243366e+01
6.230000e-06	-2.949391e-06	-9.444475e-10	-2.087227e+01	-6.369867e+01
6.240000e-06	-2.988210e-06	-9.590308e-10	-2.114698e+01	-6.492625e+01
6.250000e-06	-3.026772e-06	-9.776709e-10	-2.141988e+01	-6.611652e+01
6.260000e-06	-3.064944e-06	-9.990754e-10	-2.169001e+01	-6.726967e+01
6.270000e-06	-3.102686e-06	-1.018558e-09	-2.195711e+01	-6.838600e+01
6.280000e-06	-3.139993e-06	-1.034327e-09	-2.222112e+01	-6.946589e+01
6.290000e-06	-3.176922e-06	-1.050127e-09	-2.248246e+01	-7.050982e+01
6.300000e-06	-3.213604e-06	-1.066672e-09	-2.274205e+01	-7.151832e+01
6.310000e-06	-3.250024e-06	-1.079511e-09	-2.299979e+01	-7.249199e+01
6.320000e-06	-3.286196e-06	-1.087577e-09	-2.325577e+01	-7.343150e+01
6.330000e-06	-3.322268e-06	-1.098335e-09	-2.351104e+01	-7.433755e+01
6.340000e-06	-3.358314e-06	-1.116363e-09	-2.376613e+01	-7.521089e+01
6.350000e-06	-3.394236e-06	-1.135457e-09	-2.402034e+01	-7.605231e+01
6.360000e-06	-3.429994e-06	-1.148244e-09	-2.427340e+01	-7.686261e+01
6.370000e-06	-3.465575e-06	-1.158325e-09	-2.452520e+01	-7.764262e+01
6.380000e-06	-3.500866e-06	-1.164795e-09	-2.477494e+01	-7.839318e+01
6.390000e-06	-3.535827e-06	-1.170372e-09	-2.502235e+01	-7.911512e+01
6.400000e-06	-3.570597e-06	-1.176428e-09	-2.526842e+01	-7.980929e+01
6.410000e-06	-3.605184e-06	-1.183469e-09	-2.551318e+01	-8.047651e+01
6.420000e-06	-3.639420e-06	-1.199484e-09	-2.575547e+01	-8.111762e+01
6.430000e-06	-3.673402e-06	-1.217761e-09	-2.599595e+01	-8.173341e+01
6.440000e-06	-3.707158e-06	-1.232109e-09	-2.623483e+01	-8.232467e+01
6.450000e-06	-3.740568e-06	-1.241092e-09	-2.647127e+01	-8.289216e+01
6.460000e-06	-3.773797e-06	-1.247126e-09	-2.670643e+01	-8.343662e+01
6.470000e-06	-3.806757e-06	-1.248366e-09	-2.693968e+01	-8.395876e+01
6.480000e-06	-3.839311e-06	-1.248029e-09	-2.717005e+01	-8.445926e+01
6.490000e-06	-3.871542e-06	-1.250615e-09	-2.739814e+01	-8.493876e+01
6.500000e-06	-3.903639e-06	-1.257905e-09	-2.762529e+01	-8.539790e+01
6.510000e-06	-3.935679e-06	-1.270950e-09	-2.785203e+01	-8.583727e+01
6.520000e-06	-3.967548e-06	-1.284915e-09	-2.807756e+01	-8.625743e+01
6.530000e-06	-3.999234e-06	-1.295676e-09	-2.830180e+01	-8.665893e+01
6.540000e-06	-4.030585e-06	-1.300768e-09	-2.852366e+01	-8.704227e+01
6.550000e-06	-4.061444e-06	-1.298941e-09	-2.874205e+01	-8.740796e+01
6.560000e-06	-4.092050e-06	-1.294735e-09	-2.895864e+01	-8.775646e+01
6.570000e-06	-4.122273e-06	-1.293278e-09	-2.917252e+01	-8.808823e+01
6.580000e-06	-4.151787e-06	-1.295202e-09	-2.938139e+01	-8.840371e+01
6.590000e-06	-4.180822e-06	-1.299989e-09	-2.958686e+01	-8.870333e+01
6.600000e-06	-4.209530e-06	-1.307953e-09	-2.979002e+01	-8.898751e+01
6.610000e-06	-4.237911e-06	-1.317714e-09	-2.999087e+01	-8.925667e+01
6.620000e-06	-4.266052e-06	-1.325352e-09	-3.019002e+01	-8.951121e+01
6.630000e-06	-4.294020e-06	-1.329412e-09	-3.038794e+01	-8.975156e+01
6.640000e-06	-4.321856e-06	-1.329872e-09	-3.058493e+01	-8.997811e+01
6.650000e-06	-4.349523e-06	-1.329221e-09	-3.078073e+01	-9.019129e+01
6.660000e-06	-4.376903e-06	-1.327717e-09	-3.097449e+01	-9.039153e+01
6.670000e-06	-4.403938e-06	-1.329545e-09	-3.116581e+01	-9.057924e+01
6.680000e-06	-4.430609e-06	-1.334186e-09	-3.135455e+01	-9.075489e+01
6.690000e-06	-4.456941e-06	-1.340190e-09	-3.154090e+01	-9.091891e+01
6.700000e-06	-4.482904e-06	-1.345980e-09	-3.172464e+01	-9.107177e+01
6.710000e-06	-4.508548e-06	-1.350744e-09	-3.190612e+01	-9.121394e+01
6.720000e-06	-4.533953e-06	-1.353790e-09	-3.208590e+01	-9.134590e+01
6.730000e-06	-4.559058e-06	-1.356468e-09	-3.226356e+01	-9.146815e+01
6.740000e-06	-4.583738e-06	-1.356924e-09	-3.243822e+01	-9.158118e+01
6.750000e-06	-4.608078e-06	-1.355502e-09	-3.261047e+01	-9.168551e+01
6.760000e-06	-4.632291e-06	-1.355633e-09	-3.278182e+01	-9.178164e+01
6.770000e-06	-4.656363e-06	-1.357655e-09	-3.295217e+01	-9.187010e+01
6.780000e-06	-4.680228e-06	-1.360357e-09	-3.312106e+01	-9.195138e+01
6.790000e-06	-4.703815e-06	-1.363705e-09	-3.328798e+01	-9.202601e+01
6.800000e-06	-4.727072e-06	-1.367752e-09	-3.345257e+01	-9.209448e+01
6.810000e-06	-4.749814e-06	-1.371062e-09	-3.361351e+01	-9.215730e+01
6.820000e-06	-4.772011e-06	-1.373872e-09	-3.377059e+01	-9.221494e+01
6.830000e-06	-4.793666e-06	-1.375447e-09	-3.392384e+01	-9.226787e+01
6.840000e-06	-4.814707e-06	-1.376254e-09	-3.407274e+01	-9.231652e+01
6.850000e-06	-4.835292e-06	-1.375557e-09	-3.421842e+01	-9.236132e+01
6.860000e-06	-4.855596e-06	-1.374776e-09	-3.436211e+01	-9.240267e+01
6.870000e-06	-4.875678e-06	-1.375858e-09	-3.450422e+01	-9.244091e+01
6.880000e-06	-4.895565e-06	-1.377243e-09	-3.464496e+01	-9.247639e+01
6.890000e-06	-4.915246e-06	-1.379306e-09	-3.478424e+01	-9.250938e+01
6.900000e-06	-4.934654e-06	-1.383623e-09	-3.492159e+01	-9.254013e+01
6.910000e-06	-4.953712e-06	-1.388903e-09	-3.505645e+01	-9.256886e+01
6.920000e-06	-4.972391e-06	-1.393916e-09	-3.518864e+01	-9.259573e+01
6.930000e-06	-4.990730e-06	-1.394170e-09	-3.531842e+01	-9.262086e+01
6.940000e-06	-5.008701e-06	-1.389888e-09	-3.544560e+01	-9.264432e+01
6.950000e-06	-5.026450e-06	-1.387178e-09	-3.557120e+01	-9.266615e+01
6.960000e-06	-5.043814e-06	-1.386942e-09	-3.569409e+01	-9.268632e+01
6.970000e-06	-5.060621e-06	-1.387187e-09	-3.581303e+01	-9.270477e+01
6.980000e-06	-5.077095e-06	-1.388471e-09	-3.592961e+01	-9.272140e+01
6.990000e-06	-5.093358e-06	-1.391175e-09	-3.604470e+01	-9.273606e+01
7.000000e-06	-5.109426e-06	-1.393637e-09	-3.615841e+01	-9.274855e+01
7.010000e-06	-5.125303e-06	-1.394006e-09	-3.627077e+01	-9.275867e+01
7.020000e-06	-5.140890e-06	-1.392476e-09	-3.638108e+01	-9.276614e+01
7.030000e-06	-5.155964e-06	-1.391043e-09	-3.648775e+01	-9.277069e+01
7.040000e-06	-5.170463e-06	-1.388926e-09	-3.659036e+01	-9.277200e+01
7.050000e-06	-5.184306e-06	-1.385390e-09	-3.668832e+01	-9.276974e+01
7.060000e-06	-5.197519e-06	-1.381676e-09	-3.678183e+01	-9.276357e+01
7.070000e-06	-5.210289e-06	-1.380232e-09	-3.687220e+01	-9.275312e+01
7.080000e-06	-5.222658e-06	-1.381380e-09	-3.695973e+01	-9.273805e+01
7.090000e-06	-5.234647e-06	-1.382907e-09	-3.704458e+01	-9.271800e+01
7.100000e-06	-5.246330e-06	-1.385671e-09	-3.712726e+01	-9.269262e+01
7.110000e-06	-5.257588e-06	-1.388236e-09	-3.720692e+01	-9.266156e+01
7.120000e-06	-5.268417e-06	-1.388933e-09	-3.728356e+01	-9.262453e+01
7.130000e-06	-5.278903e-06	-1.387561e-09	-3.735777e+01	-9.258122e+01
7.140000e-06	-5.288996e-06	-1.379596e-09	-3.742919e+01	-9.253138e+01
7.150000e-06	-5.298733e-06	-1.371670e-09	-3.749810e+01	-9.247480e+01
7.160000e-06	-5.308193e-06	-1.367549e-09	-3.756505e+01	-9.241128e+01
7.170000e-06	-5.317333e-06	-1.364699e-09	-3.762973e+01	-9.234071e+01
7.180000e-06	-5.326093e-06	-1.365376e-09	-3.769172e+01	-9.226299e+01
7.190000e-06	-5.334482e-06	-1.365765e-09	-3.775109e+01	-9.217811e+01
7.200000e-06	-5.342643e-06	-1.368602e-09	-3.780884e+01	-9.208608e+01
7.210000e-06	-5.350612e-06	-1.371840e-09	-3.786524e+01	-9.198700e+01
7.220000e-06	-5.358255e-06	-1.370590e-09	-3.791933e+01	-9.188103e+01
7.230000e-06	-5.365494e-06	-1.362279e-09	-3.797056e+01	-9.176838e+01
7.240000e-06	-5.372138e-06	-1.351699e-09	-3.801757e+01	-9.164932e+01
7.250000e-06	-5.378140e-06	-1.346440e-09	-3.806005e+01	-9.152420e+01
7.260000e-06	-5.383562e-06	-1.347286e-09	-3.809842e+01	-9.139343e+01
7.270000e-06	-5.388520e-06	-1.349719e-09	-3.813351e+01	-9.125747e+01
7.280000e-06	-5.393108e-06	-1.351271e-09	-3.816597e+01	-9.111684e+01
7.290000e-06	-5.397371e-06	-1.353840e-09	-3.819614e+01	-9.097212e+01
7.300000e-06	-5.401386e-06	-1.355072e-09	-3.822455e+01	-9.082394e+01
7.310000e-06	-5.405152e-06	-1.348820e-09	-3.825121e+01	-9.067296e+01
7.320000e-06	-5.408606e-06	-1.338078e-09	-3.827565e+01	-9.051992e+01
7.330000e-06	-5.411622e-06	-1.331262e-09	-3.829699e+01	-9.036554e+01
7.340000e-06	-5.414230e-06	-1.333019e-09	-3.831545e+01	-9.021062e+01
7.350000e-06	-5.416520e-06	-1.336886e-09	-3.833165e+01	-9.005595e+01
7.360000e-06	-5.418525e-06	-1.338743e-09	-3.834584e+01	-8.990233e+01
7.370000e-06	-5.420186e-06	-1.339276e-09	-3.835760e+01	-8.975061e+01
7.380000e-06	-5.421458e-06	-1.338424e-09	-3.836660e+01	-8.960158e+01
7.390000e-06	-5.422339e-06	-1.336362e-09	-3.837283e+01	-8.945606e+01
7.400000e-06	-5.422817e-06	-1.329446e-09	-3.837622e+01	-8.931484e+01
