# Temperatura_=_19.32
# Concentracion g/m^3_=_4090.0
# C_Vs_to_Am_M_A/Vsm_=_65563218390.804596
# pendiente_HvsI_1/m_=_3716.3
# ordenada_HvsI_A/m_=_1297.0
# frecuencia_Hz_=_135082.49878970528

Tiempo_(s)	Campo_(V.s)	Magnetizacion_(V.s)	Campo_(kA/m)	Magnetizacion_(A/m)
0.000000e+00	-5.411891e-06	-1.228898e-09	-3.838685e+01	-8.270364e+01
1.000000e-08	-5.411962e-06	-1.224729e-09	-3.838735e+01	-8.255598e+01
2.000000e-08	-5.411849e-06	-1.218864e-09	-3.838656e+01	-8.241868e+01
3.000000e-08	-5.411452e-06	-1.209533e-09	-3.838374e+01	-8.229268e+01
4.000000e-08	-5.410706e-06	-1.203647e-09	-3.837845e+01	-8.217881e+01
5.000000e-08	-5.409394e-06	-1.203668e-09	-3.836914e+01	-8.207781e+01
6.000000e-08	-5.407523e-06	-1.202203e-09	-3.835587e+01	-8.199033e+01
7.000000e-08	-5.405150e-06	-1.195098e-09	-3.833904e+01	-8.191687e+01
8.000000e-08	-5.402061e-06	-1.208115e-09	-3.831713e+01	-8.185785e+01
9.000000e-08	-5.398293e-06	-1.245014e-09	-3.829040e+01	-8.181354e+01
1.000000e-07	-5.394017e-06	-1.255948e-09	-3.826007e+01	-8.178408e+01
1.100000e-07	-5.389615e-06	-1.205780e-09	-3.822885e+01	-8.176950e+01
1.200000e-07	-5.385221e-06	-1.196329e-09	-3.819768e+01	-8.176968e+01
1.300000e-07	-5.380594e-06	-1.198006e-09	-3.816486e+01	-8.178437e+01
1.400000e-07	-5.375451e-06	-1.233477e-09	-3.812838e+01	-8.181320e+01
1.500000e-07	-5.369787e-06	-1.174197e-09	-3.808821e+01	-8.185565e+01
1.600000e-07	-5.363905e-06	-1.169966e-09	-3.804648e+01	-8.191109e+01
1.700000e-07	-5.357694e-06	-1.189497e-09	-3.800243e+01	-8.197878e+01
1.800000e-07	-5.350920e-06	-1.220727e-09	-3.795438e+01	-8.205784e+01
1.900000e-07	-5.343745e-06	-1.215106e-09	-3.790349e+01	-8.214730e+01
2.000000e-07	-5.336466e-06	-1.216304e-09	-3.785186e+01	-8.224610e+01
2.100000e-07	-5.328919e-06	-1.225315e-09	-3.779833e+01	-8.235308e+01
2.200000e-07	-5.320942e-06	-1.217273e-09	-3.774175e+01	-8.246699e+01
2.300000e-07	-5.312717e-06	-1.248775e-09	-3.768341e+01	-8.258654e+01
2.400000e-07	-5.304323e-06	-1.277420e-09	-3.762387e+01	-8.271036e+01
2.500000e-07	-5.295397e-06	-1.295727e-09	-3.756055e+01	-8.283705e+01
2.600000e-07	-5.285534e-06	-1.275061e-09	-3.749059e+01	-8.296518e+01
2.700000e-07	-5.275029e-06	-1.326772e-09	-3.741608e+01	-8.309327e+01
2.800000e-07	-5.264078e-06	-1.343869e-09	-3.733841e+01	-8.321989e+01
2.900000e-07	-5.252700e-06	-1.310400e-09	-3.725770e+01	-8.334357e+01
3.000000e-07	-5.240982e-06	-1.265113e-09	-3.717459e+01	-8.346287e+01
3.100000e-07	-5.228893e-06	-1.320001e-09	-3.708883e+01	-8.357641e+01
3.200000e-07	-5.216373e-06	-1.347107e-09	-3.700003e+01	-8.368281e+01
3.300000e-07	-5.203540e-06	-1.336439e-09	-3.690900e+01	-8.378077e+01
3.400000e-07	-5.190363e-06	-1.308503e-09	-3.681554e+01	-8.386906e+01
3.500000e-07	-5.176738e-06	-1.333188e-09	-3.671890e+01	-8.394653e+01
3.600000e-07	-5.162682e-06	-1.326094e-09	-3.661920e+01	-8.401210e+01
3.700000e-07	-5.148372e-06	-1.325026e-09	-3.651770e+01	-8.406479e+01
3.800000e-07	-5.133647e-06	-1.297902e-09	-3.641326e+01	-8.410373e+01
3.900000e-07	-5.118057e-06	-1.289682e-09	-3.630267e+01	-8.412816e+01
4.000000e-07	-5.101829e-06	-1.293044e-09	-3.618756e+01	-8.413742e+01
4.100000e-07	-5.085209e-06	-1.326350e-09	-3.606968e+01	-8.413098e+01
4.200000e-07	-5.068239e-06	-1.313817e-09	-3.594931e+01	-8.410844e+01
4.300000e-07	-5.051073e-06	-1.286889e-09	-3.582755e+01	-8.406950e+01
4.400000e-07	-5.033648e-06	-1.298707e-09	-3.570395e+01	-8.401400e+01
4.500000e-07	-5.015959e-06	-1.310948e-09	-3.557848e+01	-8.394190e+01
4.600000e-07	-4.997935e-06	-1.296599e-09	-3.545064e+01	-8.385329e+01
4.700000e-07	-4.979506e-06	-1.279416e-09	-3.531992e+01	-8.374835e+01
4.800000e-07	-4.960655e-06	-1.281618e-09	-3.518621e+01	-8.362740e+01
4.900000e-07	-4.941325e-06	-1.277033e-09	-3.504910e+01	-8.349087e+01
5.000000e-07	-4.921683e-06	-1.288262e-09	-3.490978e+01	-8.333927e+01
5.100000e-07	-4.901875e-06	-1.276253e-09	-3.476928e+01	-8.317323e+01
5.200000e-07	-4.881891e-06	-1.261707e-09	-3.462753e+01	-8.299344e+01
5.300000e-07	-4.861644e-06	-1.260239e-09	-3.448392e+01	-8.280070e+01
5.400000e-07	-4.841101e-06	-1.286643e-09	-3.433821e+01	-8.259585e+01
5.500000e-07	-4.820205e-06	-1.268863e-09	-3.418999e+01	-8.237980e+01
5.600000e-07	-4.798931e-06	-1.256869e-09	-3.403909e+01	-8.215352e+01
5.700000e-07	-4.777306e-06	-1.257813e-09	-3.388571e+01	-8.191800e+01
5.800000e-07	-4.755419e-06	-1.264214e-09	-3.373046e+01	-8.167427e+01
5.900000e-07	-4.733304e-06	-1.243879e-09	-3.357360e+01	-8.142337e+01
6.000000e-07	-4.710835e-06	-1.239786e-09	-3.341422e+01	-8.116634e+01
6.100000e-07	-4.687892e-06	-1.233959e-09	-3.325149e+01	-8.090423e+01
6.200000e-07	-4.664565e-06	-1.240673e-09	-3.308602e+01	-8.063807e+01
6.300000e-07	-4.640920e-06	-1.242513e-09	-3.291831e+01	-8.036886e+01
6.400000e-07	-4.617036e-06	-1.244516e-09	-3.274890e+01	-8.009755e+01
6.500000e-07	-4.592983e-06	-1.231846e-09	-3.257829e+01	-7.982509e+01
6.600000e-07	-4.568794e-06	-1.233217e-09	-3.240672e+01	-7.955234e+01
6.700000e-07	-4.544397e-06	-1.231326e-09	-3.223367e+01	-7.928010e+01
6.800000e-07	-4.519639e-06	-1.222782e-09	-3.205806e+01	-7.900914e+01
6.900000e-07	-4.494399e-06	-1.208978e-09	-3.187903e+01	-7.874011e+01
7.000000e-07	-4.468572e-06	-1.207674e-09	-3.169584e+01	-7.847363e+01
7.100000e-07	-4.442155e-06	-1.208666e-09	-3.150846e+01	-7.821022e+01
7.200000e-07	-4.415093e-06	-1.209446e-09	-3.131650e+01	-7.795029e+01
7.300000e-07	-4.387610e-06	-1.208298e-09	-3.112157e+01	-7.769422e+01
7.400000e-07	-4.359919e-06	-1.207403e-09	-3.092516e+01	-7.744226e+01
7.500000e-07	-4.332026e-06	-1.210315e-09	-3.072731e+01	-7.719459e+01
7.600000e-07	-4.304017e-06	-1.207832e-09	-3.052864e+01	-7.695132e+01
7.700000e-07	-4.275813e-06	-1.199817e-09	-3.032858e+01	-7.671244e+01
7.800000e-07	-4.247418e-06	-1.186506e-09	-3.012718e+01	-7.647790e+01
7.900000e-07	-4.218756e-06	-1.181896e-09	-2.992388e+01	-7.624756e+01
8.000000e-07	-4.189718e-06	-1.178935e-09	-2.971791e+01	-7.602119e+01
8.100000e-07	-4.160398e-06	-1.180293e-09	-2.950994e+01	-7.579853e+01
8.200000e-07	-4.130796e-06	-1.175493e-09	-2.929997e+01	-7.557923e+01
8.300000e-07	-4.100909e-06	-1.175458e-09	-2.908798e+01	-7.536290e+01
8.400000e-07	-4.070718e-06	-1.170420e-09	-2.887384e+01	-7.514910e+01
8.500000e-07	-4.040272e-06	-1.168498e-09	-2.865788e+01	-7.493735e+01
8.600000e-07	-4.009630e-06	-1.158730e-09	-2.844054e+01	-7.472714e+01
8.700000e-07	-3.978721e-06	-1.154126e-09	-2.822130e+01	-7.451793e+01
8.800000e-07	-3.947535e-06	-1.147737e-09	-2.800009e+01	-7.430917e+01
8.900000e-07	-3.916031e-06	-1.146577e-09	-2.777663e+01	-7.410031e+01
9.000000e-07	-3.884231e-06	-1.137919e-09	-2.755107e+01	-7.389077e+01
9.100000e-07	-3.852303e-06	-1.135094e-09	-2.732461e+01	-7.368001e+01
9.200000e-07	-3.820292e-06	-1.135271e-09	-2.709755e+01	-7.346748e+01
9.300000e-07	-3.788100e-06	-1.140247e-09	-2.686921e+01	-7.325265e+01
9.400000e-07	-3.755570e-06	-1.139156e-09	-2.663847e+01	-7.303503e+01
9.500000e-07	-3.722760e-06	-1.136469e-09	-2.640575e+01	-7.281416e+01
9.600000e-07	-3.689678e-06	-1.131672e-09	-2.617110e+01	-7.258961e+01
9.700000e-07	-3.656141e-06	-1.126909e-09	-2.593322e+01	-7.236099e+01
9.800000e-07	-3.622179e-06	-1.115800e-09	-2.569233e+01	-7.212795e+01
9.900000e-07	-3.587793e-06	-1.102161e-09	-2.544842e+01	-7.189022e+01
1.000000e-06	-3.552944e-06	-1.093870e-09	-2.520124e+01	-7.164755e+01
1.010000e-06	-3.517708e-06	-1.096014e-09	-2.495131e+01	-7.139975e+01
1.020000e-06	-3.482172e-06	-1.099580e-09	-2.469925e+01	-7.114668e+01
1.030000e-06	-3.446438e-06	-1.098754e-09	-2.444578e+01	-7.088827e+01
1.040000e-06	-3.410556e-06	-1.095463e-09	-2.419127e+01	-7.062448e+01
1.050000e-06	-3.374536e-06	-1.091530e-09	-2.393577e+01	-7.035535e+01
1.060000e-06	-3.338361e-06	-1.086348e-09	-2.367919e+01	-7.008095e+01
1.070000e-06	-3.302036e-06	-1.074354e-09	-2.342153e+01	-6.980139e+01
1.080000e-06	-3.265572e-06	-1.063445e-09	-2.316289e+01	-6.951684e+01
1.090000e-06	-3.228865e-06	-1.060530e-09	-2.290252e+01	-6.922750e+01
1.100000e-06	-3.191889e-06	-1.066185e-09	-2.264025e+01	-6.893362e+01
1.110000e-06	-3.154669e-06	-1.067000e-09	-2.237624e+01	-6.863546e+01
1.120000e-06	-3.117153e-06	-1.065825e-09	-2.211015e+01	-6.833331e+01
1.130000e-06	-3.079384e-06	-1.059965e-09	-2.184224e+01	-6.802750e+01
1.140000e-06	-3.041446e-06	-1.054445e-09	-2.157315e+01	-6.771836e+01
1.150000e-06	-3.003355e-06	-1.045157e-09	-2.130297e+01	-6.740622e+01
1.160000e-06	-2.965016e-06	-1.035274e-09	-2.103103e+01	-6.709142e+01
1.170000e-06	-2.926451e-06	-1.025561e-09	-2.075748e+01	-6.677431e+01
1.180000e-06	-2.887810e-06	-1.022680e-09	-2.048340e+01	-6.645521e+01
1.190000e-06	-2.848963e-06	-1.019098e-09	-2.020786e+01	-6.613444e+01
1.200000e-06	-2.809798e-06	-1.016789e-09	-1.993006e+01	-6.581231e+01
1.210000e-06	-2.770381e-06	-1.013943e-09	-1.965047e+01	-6.548908e+01
1.220000e-06	-2.730895e-06	-1.012496e-09	-1.937039e+01	-6.516500e+01
1.230000e-06	-2.691325e-06	-1.006902e-09	-1.908972e+01	-6.484028e+01
1.240000e-06	-2.651553e-06	-1.001203e-09	-1.880762e+01	-6.451511e+01
1.250000e-06	-2.611700e-06	-9.966062e-10	-1.852494e+01	-6.418962e+01
1.260000e-06	-2.571772e-06	-9.931021e-10	-1.824172e+01	-6.386390e+01
1.270000e-06	-2.531664e-06	-9.869849e-10	-1.795724e+01	-6.353802e+01
1.280000e-06	-2.491426e-06	-9.782839e-10	-1.767183e+01	-6.321198e+01
1.290000e-06	-2.451103e-06	-9.704090e-10	-1.738581e+01	-6.288574e+01
1.300000e-06	-2.410679e-06	-9.647533e-10	-1.709908e+01	-6.255922e+01
1.310000e-06	-2.370077e-06	-9.595248e-10	-1.681109e+01	-6.223229e+01
1.320000e-06	-2.329188e-06	-9.565136e-10	-1.652106e+01	-6.190477e+01
1.330000e-06	-2.288082e-06	-9.544313e-10	-1.622950e+01	-6.157646e+01
1.340000e-06	-2.246747e-06	-9.532432e-10	-1.593630e+01	-6.124709e+01
1.350000e-06	-2.205008e-06	-9.540268e-10	-1.564025e+01	-6.091636e+01
1.360000e-06	-2.162898e-06	-9.476478e-10	-1.534156e+01	-6.058395e+01
1.370000e-06	-2.120607e-06	-9.367099e-10	-1.504158e+01	-6.024948e+01
1.380000e-06	-2.078086e-06	-9.259020e-10	-1.473998e+01	-5.991257e+01
1.390000e-06	-2.035319e-06	-9.182589e-10	-1.443663e+01	-5.957280e+01
1.400000e-06	-1.992288e-06	-9.122428e-10	-1.413141e+01	-5.922971e+01
1.410000e-06	-1.949028e-06	-9.092301e-10	-1.382457e+01	-5.888287e+01
1.420000e-06	-1.905618e-06	-9.065838e-10	-1.351666e+01	-5.853179e+01
1.430000e-06	-1.862136e-06	-9.040234e-10	-1.320824e+01	-5.817599e+01
1.440000e-06	-1.818567e-06	-9.007558e-10	-1.289920e+01	-5.781500e+01
1.450000e-06	-1.774880e-06	-8.963839e-10	-1.258933e+01	-5.744833e+01
1.460000e-06	-1.731077e-06	-8.885398e-10	-1.227863e+01	-5.707549e+01
1.470000e-06	-1.687153e-06	-8.804672e-10	-1.196707e+01	-5.669601e+01
1.480000e-06	-1.643183e-06	-8.729156e-10	-1.165519e+01	-5.630943e+01
1.490000e-06	-1.599109e-06	-8.683545e-10	-1.134257e+01	-5.591529e+01
1.500000e-06	-1.554932e-06	-8.635289e-10	-1.102922e+01	-5.551316e+01
1.510000e-06	-1.510705e-06	-8.587043e-10	-1.071551e+01	-5.510261e+01
1.520000e-06	-1.466468e-06	-8.530888e-10	-1.040174e+01	-5.468323e+01
1.530000e-06	-1.422199e-06	-8.452720e-10	-1.008774e+01	-5.425466e+01
1.540000e-06	-1.377805e-06	-8.354423e-10	-9.772849e+00	-5.381652e+01
1.550000e-06	-1.333317e-06	-8.261040e-10	-9.457297e+00	-5.336848e+01
1.560000e-06	-1.288729e-06	-8.166944e-10	-9.141029e+00	-5.291020e+01
1.570000e-06	-1.243980e-06	-8.094005e-10	-8.823624e+00	-5.244138e+01
1.580000e-06	-1.199183e-06	-8.032159e-10	-8.505873e+00	-5.196174e+01
1.590000e-06	-1.154372e-06	-7.978623e-10	-8.188025e+00	-5.147100e+01
1.600000e-06	-1.109526e-06	-7.904415e-10	-7.869930e+00	-5.096890e+01
1.610000e-06	-1.064608e-06	-7.819840e-10	-7.551324e+00	-5.045519e+01
1.620000e-06	-1.019561e-06	-7.745456e-10	-7.231806e+00	-4.992963e+01
1.630000e-06	-9.743312e-07	-7.670007e-10	-6.910987e+00	-4.939198e+01
1.640000e-06	-9.290602e-07	-7.584233e-10	-6.589877e+00	-4.884199e+01
1.650000e-06	-8.838142e-07	-7.490421e-10	-6.268945e+00	-4.827942e+01
1.660000e-06	-8.384736e-07	-7.384149e-10	-5.947341e+00	-4.770402e+01
1.670000e-06	-7.929961e-07	-7.299981e-10	-5.624766e+00	-4.711553e+01
1.680000e-06	-7.474396e-07	-7.223088e-10	-5.301632e+00	-4.651367e+01
1.690000e-06	-7.018729e-07	-7.111599e-10	-4.978425e+00	-4.589814e+01
1.700000e-06	-6.562966e-07	-6.988184e-10	-4.655150e+00	-4.526863e+01
1.710000e-06	-6.107074e-07	-6.869111e-10	-4.331782e+00	-4.462478e+01
1.720000e-06	-5.650579e-07	-6.798946e-10	-4.007988e+00	-4.396622e+01
1.730000e-06	-5.193190e-07	-6.716467e-10	-3.683560e+00	-4.329255e+01
1.740000e-06	-4.734991e-07	-6.638265e-10	-3.358557e+00	-4.260332e+01
1.750000e-06	-4.276545e-07	-6.538427e-10	-3.033378e+00	-4.189808e+01
1.760000e-06	-3.817705e-07	-6.415144e-10	-2.707920e+00	-4.117631e+01
1.770000e-06	-3.358615e-07	-6.234173e-10	-2.382285e+00	-4.043746e+01
1.780000e-06	-2.900200e-07	-6.053928e-10	-2.057128e+00	-3.968096e+01
1.790000e-06	-2.441058e-07	-5.921272e-10	-1.731456e+00	-3.890619e+01
1.800000e-06	-1.981491e-07	-5.812687e-10	-1.405483e+00	-3.811252e+01
1.810000e-06	-1.522578e-07	-5.706300e-10	-1.079974e+00	-3.729926e+01
1.820000e-06	-1.063534e-07	-5.592140e-10	-7.543711e-01	-3.646571e+01
1.830000e-06	-6.044201e-08	-5.480044e-10	-4.287187e-01	-3.561115e+01
1.840000e-06	-1.449765e-08	-5.327211e-10	-1.028326e-01	-3.473483e+01
1.850000e-06	3.138906e-08	-5.155916e-10	2.226444e-01	-3.383599e+01
1.860000e-06	7.716387e-08	-5.004733e-10	5.473278e-01	-3.291388e+01
1.870000e-06	1.229493e-07	-4.886431e-10	8.720866e-01	-3.196771e+01
1.880000e-06	1.687805e-07	-4.791610e-10	1.197170e+00	-3.099674e+01
1.890000e-06	2.146008e-07	-4.660371e-10	1.522176e+00	-3.000022e+01
1.900000e-06	2.603870e-07	-4.467799e-10	1.846940e+00	-2.897741e+01
1.910000e-06	3.062356e-07	-4.220886e-10	2.172147e+00	-2.792762e+01
1.920000e-06	3.521417e-07	-3.975878e-10	2.497761e+00	-2.685020e+01
1.930000e-06	3.979348e-07	-3.759236e-10	2.822574e+00	-2.574453e+01
1.940000e-06	4.437043e-07	-3.556847e-10	3.147220e+00	-2.461004e+01
1.950000e-06	4.894539e-07	-3.372863e-10	3.471724e+00	-2.344625e+01
1.960000e-06	5.351145e-07	-3.251598e-10	3.795598e+00	-2.225273e+01
1.970000e-06	5.807166e-07	-3.149360e-10	4.119056e+00	-2.102914e+01
1.980000e-06	6.263301e-07	-2.964199e-10	4.442595e+00	-1.977521e+01
1.990000e-06	6.719629e-07	-2.699268e-10	4.766271e+00	-1.849080e+01
2.000000e-06	7.174744e-07	-2.414526e-10	5.089087e+00	-1.717583e+01
2.010000e-06	7.629371e-07	-2.164152e-10	5.411556e+00	-1.583036e+01
2.020000e-06	8.084026e-07	-1.954391e-10	5.734046e+00	-1.445456e+01
2.030000e-06	8.537750e-07	-1.745152e-10	6.055875e+00	-1.304870e+01
2.040000e-06	8.990416e-07	-1.537449e-10	6.376954e+00	-1.161319e+01
2.050000e-06	9.442270e-07	-1.380850e-10	6.697457e+00	-1.014858e+01
2.060000e-06	9.893813e-07	-1.234514e-10	7.017738e+00	-8.655509e+00
2.070000e-06	1.034468e-06	-1.003883e-10	7.337543e+00	-7.134785e+00
2.080000e-06	1.079413e-06	-6.978046e-11	7.656336e+00	-5.587329e+00
2.090000e-06	1.124242e-06	-3.996851e-11	7.974314e+00	-4.014193e+00
2.100000e-06	1.168989e-06	-1.397213e-11	8.291705e+00	-2.416561e+00
2.110000e-06	1.213701e-06	1.222370e-11	8.608853e+00	-7.957397e-01
2.120000e-06	1.258316e-06	4.174421e-11	8.925311e+00	8.468427e-01
2.130000e-06	1.302781e-06	6.651253e-11	9.240702e+00	2.509640e+00
2.140000e-06	1.347166e-06	8.299293e-11	9.555529e+00	4.190998e+00
2.150000e-06	1.391521e-06	1.010399e-10	9.870140e+00	5.889157e+00
2.160000e-06	1.435818e-06	1.258035e-10	1.018434e+01	7.602261e+00
2.170000e-06	1.480022e-06	1.531914e-10	1.049788e+01	9.328369e+00
2.180000e-06	1.524202e-06	1.815867e-10	1.081125e+01	1.106546e+01
2.190000e-06	1.568351e-06	2.115605e-10	1.112440e+01	1.281145e+01
2.200000e-06	1.612386e-06	2.438112e-10	1.143675e+01	1.456420e+01
2.210000e-06	1.656350e-06	2.739823e-10	1.174859e+01	1.632151e+01
2.220000e-06	1.700304e-06	2.991999e-10	1.206035e+01	1.808117e+01
2.230000e-06	1.744222e-06	3.193042e-10	1.237186e+01	1.984094e+01
2.240000e-06	1.788050e-06	3.437891e-10	1.268274e+01	2.159855e+01
2.250000e-06	1.831734e-06	3.721714e-10	1.299259e+01	2.335176e+01
2.260000e-06	1.875291e-06	3.998745e-10	1.330154e+01	2.509835e+01
2.270000e-06	1.918698e-06	4.279883e-10	1.360943e+01	2.683610e+01
2.280000e-06	1.961877e-06	4.584517e-10	1.391571e+01	2.856285e+01
2.290000e-06	2.004851e-06	4.912966e-10	1.422053e+01	3.027648e+01
2.300000e-06	2.047705e-06	5.186155e-10	1.452449e+01	3.197495e+01
2.310000e-06	2.090355e-06	5.386777e-10	1.482701e+01	3.365628e+01
2.320000e-06	2.132757e-06	5.608146e-10	1.512777e+01	3.531857e+01
2.330000e-06	2.174901e-06	5.878062e-10	1.542670e+01	3.696001e+01
2.340000e-06	2.216667e-06	6.115633e-10	1.572295e+01	3.857892e+01
2.350000e-06	2.258160e-06	6.310305e-10	1.601726e+01	4.017369e+01
2.360000e-06	2.299398e-06	6.545348e-10	1.630977e+01	4.174285e+01
2.370000e-06	2.340324e-06	6.849263e-10	1.660005e+01	4.328503e+01
2.380000e-06	2.380985e-06	7.110806e-10	1.688847e+01	4.479901e+01
2.390000e-06	2.421508e-06	7.276070e-10	1.717590e+01	4.628367e+01
2.400000e-06	2.461891e-06	7.433207e-10	1.746233e+01	4.773805e+01
2.410000e-06	2.502130e-06	7.657767e-10	1.774775e+01	4.916129e+01
2.420000e-06	2.542306e-06	7.917941e-10	1.803272e+01	5.055270e+01
2.430000e-06	2.582355e-06	8.156573e-10	1.831679e+01	5.191167e+01
2.440000e-06	2.622328e-06	8.367624e-10	1.860032e+01	5.323777e+01
2.450000e-06	2.662246e-06	8.580114e-10	1.888347e+01	5.453066e+01
2.460000e-06	2.702049e-06	8.795532e-10	1.916579e+01	5.579014e+01
2.470000e-06	2.741662e-06	8.966935e-10	1.944677e+01	5.701612e+01
2.480000e-06	2.781037e-06	9.097078e-10	1.972605e+01	5.820861e+01
2.490000e-06	2.820237e-06	9.252826e-10	2.000410e+01	5.936775e+01
2.500000e-06	2.859281e-06	9.464082e-10	2.028104e+01	6.049376e+01
2.510000e-06	2.898076e-06	9.681530e-10	2.055622e+01	6.158694e+01
2.520000e-06	2.936644e-06	9.885692e-10	2.082978e+01	6.264770e+01
2.530000e-06	2.974982e-06	1.009875e-09	2.110172e+01	6.367649e+01
2.540000e-06	3.012999e-06	1.030237e-09	2.137138e+01	6.467385e+01
2.550000e-06	3.050897e-06	1.044734e-09	2.164019e+01	6.564035e+01
2.560000e-06	3.088756e-06	1.052995e-09	2.190872e+01	6.657663e+01
2.570000e-06	3.126341e-06	1.061499e-09	2.217532e+01	6.748335e+01
2.580000e-06	3.163665e-06	1.073719e-09	2.244006e+01	6.836120e+01
2.590000e-06	3.200849e-06	1.088330e-09	2.270380e+01	6.921089e+01
2.600000e-06	3.237738e-06	1.102745e-09	2.296546e+01	7.003313e+01
2.610000e-06	3.274331e-06	1.118963e-09	2.322502e+01	7.082866e+01
2.620000e-06	3.310743e-06	1.136478e-09	2.348329e+01	7.159818e+01
2.630000e-06	3.346943e-06	1.150802e-09	2.374006e+01	7.234240e+01
2.640000e-06	3.383021e-06	1.159311e-09	2.399596e+01	7.306200e+01
2.650000e-06	3.418996e-06	1.165270e-09	2.425114e+01	7.375764e+01
2.660000e-06	3.454832e-06	1.170918e-09	2.450532e+01	7.442996e+01
2.670000e-06	3.490512e-06	1.177307e-09	2.475840e+01	7.507954e+01
2.680000e-06	3.525956e-06	1.183635e-09	2.500981e+01	7.570695e+01
2.690000e-06	3.561094e-06	1.189677e-09	2.525904e+01	7.631271e+01
2.700000e-06	3.595835e-06	1.200106e-09	2.550547e+01	7.689730e+01
2.710000e-06	3.630127e-06	1.214809e-09	2.574870e+01	7.746116e+01
2.720000e-06	3.663935e-06	1.227620e-09	2.598850e+01	7.800470e+01
2.730000e-06	3.697265e-06	1.236324e-09	2.622491e+01	7.852827e+01
2.740000e-06	3.730147e-06	1.241799e-09	2.645815e+01	7.903220e+01
2.750000e-06	3.762703e-06	1.245867e-09	2.668907e+01	7.951677e+01
2.760000e-06	3.795038e-06	1.249301e-09	2.691842e+01	7.998224e+01
2.770000e-06	3.827176e-06	1.251430e-09	2.714638e+01	8.042882e+01
2.780000e-06	3.859215e-06	1.258018e-09	2.737363e+01	8.085673e+01
2.790000e-06	3.891121e-06	1.268837e-09	2.759995e+01	8.126614e+01
2.800000e-06	3.922847e-06	1.275940e-09	2.782498e+01	8.165721e+01
2.810000e-06	3.954340e-06	1.277309e-09	2.804836e+01	8.203011e+01
2.820000e-06	3.985597e-06	1.278820e-09	2.827006e+01	8.238499e+01
2.830000e-06	4.016540e-06	1.282871e-09	2.848955e+01	8.272199e+01
2.840000e-06	4.047156e-06	1.287905e-09	2.870671e+01	8.304128e+01
2.850000e-06	4.077516e-06	1.291532e-09	2.892205e+01	8.334303e+01
2.860000e-06	4.107624e-06	1.293199e-09	2.913561e+01	8.362743e+01
2.870000e-06	4.137507e-06	1.296382e-09	2.934757e+01	8.389470e+01
2.880000e-06	4.167046e-06	1.300565e-09	2.955709e+01	8.414508e+01
2.890000e-06	4.196291e-06	1.299810e-09	2.976454e+01	8.437883e+01
2.900000e-06	4.225253e-06	1.297784e-09	2.996996e+01	8.459628e+01
2.910000e-06	4.253810e-06	1.300026e-09	3.017252e+01	8.479776e+01
2.920000e-06	4.282118e-06	1.303744e-09	3.037331e+01	8.498367e+01
2.930000e-06	4.310315e-06	1.305007e-09	3.057331e+01	8.515443e+01
2.940000e-06	4.338356e-06	1.304092e-09	3.077221e+01	8.531053e+01
2.950000e-06	4.366195e-06	1.304917e-09	3.096967e+01	8.545250e+01
2.960000e-06	4.393782e-06	1.308460e-09	3.116535e+01	8.558088e+01
2.970000e-06	4.420994e-06	1.310005e-09	3.135837e+01	8.569631e+01
2.980000e-06	4.447808e-06	1.307194e-09	3.154856e+01	8.579942e+01
2.990000e-06	4.474121e-06	1.306317e-09	3.173520e+01	8.589092e+01
3.000000e-06	4.499882e-06	1.309127e-09	3.191792e+01	8.597152e+01
3.010000e-06	4.525109e-06	1.312266e-09	3.209685e+01	8.604200e+01
3.020000e-06	4.549803e-06	1.314651e-09	3.227202e+01	8.610313e+01
3.030000e-06	4.574190e-06	1.317674e-09	3.244499e+01	8.615572e+01
3.040000e-06	4.598379e-06	1.321784e-09	3.261657e+01	8.620061e+01
3.050000e-06	4.622360e-06	1.325292e-09	3.278667e+01	8.623861e+01
3.060000e-06	4.646101e-06	1.324534e-09	3.295506e+01	8.627058e+01
3.070000e-06	4.669582e-06	1.321007e-09	3.312161e+01	8.629735e+01
3.080000e-06	4.692728e-06	1.320510e-09	3.328579e+01	8.631973e+01
3.090000e-06	4.715486e-06	1.323759e-09	3.344722e+01	8.633853e+01
3.100000e-06	4.737906e-06	1.323512e-09	3.360624e+01	8.635453e+01
3.110000e-06	4.760091e-06	1.319417e-09	3.376360e+01	8.636847e+01
3.120000e-06	4.782016e-06	1.317218e-09	3.391911e+01	8.638106e+01
3.130000e-06	4.803537e-06	1.318514e-09	3.407177e+01	8.639296e+01
3.140000e-06	4.824708e-06	1.320660e-09	3.422193e+01	8.640475e+01
3.150000e-06	4.845589e-06	1.321614e-09	3.437004e+01	8.641700e+01
3.160000e-06	4.866116e-06	1.323028e-09	3.451564e+01	8.643018e+01
3.170000e-06	4.886278e-06	1.325227e-09	3.465865e+01	8.644468e+01
3.180000e-06	4.906221e-06	1.327936e-09	3.480011e+01	8.646086e+01
3.190000e-06	4.925947e-06	1.329959e-09	3.494003e+01	8.647895e+01
3.200000e-06	4.945436e-06	1.332370e-09	3.507826e+01	8.649914e+01
3.210000e-06	4.964701e-06	1.335633e-09	3.521491e+01	8.652151e+01
3.220000e-06	4.983617e-06	1.334995e-09	3.534908e+01	8.654608e+01
3.230000e-06	5.002048e-06	1.335581e-09	3.547981e+01	8.657276e+01
3.240000e-06	5.019954e-06	1.337344e-09	3.560682e+01	8.660140e+01
3.250000e-06	5.037379e-06	1.338566e-09	3.573042e+01	8.663176e+01
3.260000e-06	5.054499e-06	1.340644e-09	3.585185e+01	8.666352e+01
3.270000e-06	5.071458e-06	1.338996e-09	3.597214e+01	8.669630e+01
3.280000e-06	5.088221e-06	1.337262e-09	3.609105e+01	8.672963e+01
3.290000e-06	5.104598e-06	1.340073e-09	3.620721e+01	8.676300e+01
3.300000e-06	5.120449e-06	1.345528e-09	3.631964e+01	8.679582e+01
3.310000e-06	5.135810e-06	1.349250e-09	3.642859e+01	8.682747e+01
3.320000e-06	5.150670e-06	1.351429e-09	3.653400e+01	8.685728e+01
3.330000e-06	5.165117e-06	1.352350e-09	3.663647e+01	8.688455e+01
3.340000e-06	5.179240e-06	1.350197e-09	3.673665e+01	8.690855e+01
3.350000e-06	5.193056e-06	1.344821e-09	3.683464e+01	8.692854e+01
3.360000e-06	5.206450e-06	1.340216e-09	3.692965e+01	8.694377e+01
3.370000e-06	5.219453e-06	1.338596e-09	3.702188e+01	8.695351e+01
3.380000e-06	5.232103e-06	1.341297e-09	3.711161e+01	8.695702e+01
3.390000e-06	5.244359e-06	1.346443e-09	3.719854e+01	8.695361e+01
3.400000e-06	5.256286e-06	1.351464e-09	3.728314e+01	8.694262e+01
3.410000e-06	5.267805e-06	1.352884e-09	3.736485e+01	8.692341e+01
3.420000e-06	5.278897e-06	1.348138e-09	3.744352e+01	8.689542e+01
3.430000e-06	5.289435e-06	1.340278e-09	3.751827e+01	8.685815e+01
3.440000e-06	5.299271e-06	1.334374e-09	3.758803e+01	8.681116e+01
3.450000e-06	5.308416e-06	1.331266e-09	3.765290e+01	8.675410e+01
3.460000e-06	5.317029e-06	1.330974e-09	3.771399e+01	8.668670e+01
3.470000e-06	5.325327e-06	1.332684e-09	3.777285e+01	8.660877e+01
3.480000e-06	5.333433e-06	1.337453e-09	3.783035e+01	8.652024e+01
3.490000e-06	5.341319e-06	1.341291e-09	3.788628e+01	8.642111e+01
3.500000e-06	5.348901e-06	1.339391e-09	3.794006e+01	8.631150e+01
3.510000e-06	5.356183e-06	1.333998e-09	3.799171e+01	8.619164e+01
3.520000e-06	5.363071e-06	1.331288e-09	3.804057e+01	8.606185e+01
3.530000e-06	5.369509e-06	1.331088e-09	3.808624e+01	8.592257e+01
3.540000e-06	5.375580e-06	1.331405e-09	3.812930e+01	8.577432e+01
3.550000e-06	5.381321e-06	1.330511e-09	3.817002e+01	8.561774e+01
3.560000e-06	5.386714e-06	1.329051e-09	3.820827e+01	8.545356e+01
3.570000e-06	5.391648e-06	1.330103e-09	3.824327e+01	8.528259e+01
3.580000e-06	5.396163e-06	1.329907e-09	3.827530e+01	8.510574e+01
3.590000e-06	5.400401e-06	1.328022e-09	3.830536e+01	8.492399e+01
3.600000e-06	5.404421e-06	1.326643e-09	3.833387e+01	8.473838e+01
3.610000e-06	5.408202e-06	1.326454e-09	3.836069e+01	8.455003e+01
3.620000e-06	5.411795e-06	1.326217e-09	3.838617e+01	8.436008e+01
3.630000e-06	5.415001e-06	1.324803e-09	3.840892e+01	8.416974e+01
3.640000e-06	5.417596e-06	1.323489e-09	3.842732e+01	8.398023e+01
3.650000e-06	5.419628e-06	1.322375e-09	3.844173e+01	8.379278e+01
3.660000e-06	5.421012e-06	1.322467e-09	3.845155e+01	8.360866e+01
3.670000e-06	5.421788e-06	1.326141e-09	3.845705e+01	8.342908e+01
3.680000e-06	5.422128e-06	1.327996e-09	3.845946e+01	8.325527e+01
3.690000e-06	5.422204e-06	1.328049e-09	3.846000e+01	8.308842e+01
3.700000e-06	5.422171e-06	1.326795e-09	3.845977e+01	8.292967e+01
3.710000e-06	5.421893e-06	1.325075e-09	3.845780e+01	8.278009e+01
3.720000e-06	5.421171e-06	1.323781e-09	3.845267e+01	8.264073e+01
3.730000e-06	5.419984e-06	1.319512e-09	3.844425e+01	8.251250e+01
3.740000e-06	5.418404e-06	1.312203e-09	3.843305e+01	8.239628e+01
3.750000e-06	5.416572e-06	1.306352e-09	3.842006e+01	8.229281e+01
3.760000e-06	5.414502e-06	1.309109e-09	3.840537e+01	8.220276e+01
3.770000e-06	5.412139e-06	1.308545e-09	3.838861e+01	8.212666e+01
3.780000e-06	5.409339e-06	1.264065e-09	3.836875e+01	8.206493e+01
3.790000e-06	5.406044e-06	1.221595e-09	3.834538e+01	8.201787e+01
3.800000e-06	5.402288e-06	1.255836e-09	3.831874e+01	8.198566e+01
3.810000e-06	5.398174e-06	1.279465e-09	3.828956e+01	8.196833e+01
3.820000e-06	5.394015e-06	1.289978e-09	3.826006e+01	8.196578e+01
3.830000e-06	5.389785e-06	1.236280e-09	3.823005e+01	8.197780e+01
3.840000e-06	5.385015e-06	1.245858e-09	3.819622e+01	8.200402e+01
3.850000e-06	5.379373e-06	1.295149e-09	3.815620e+01	8.204396e+01
3.860000e-06	5.373171e-06	1.264651e-09	3.811221e+01	8.209701e+01
3.870000e-06	5.366790e-06	1.229703e-09	3.806695e+01	8.216244e+01
3.880000e-06	5.359943e-06	1.208200e-09	3.801838e+01	8.223939e+01
3.890000e-06	5.352473e-06	1.258516e-09	3.796540e+01	8.232692e+01
3.900000e-06	5.344680e-06	1.245161e-09	3.791012e+01	8.242396e+01
3.910000e-06	5.336716e-06	1.262065e-09	3.785363e+01	8.252938e+01
3.920000e-06	5.328337e-06	1.264106e-09	3.779420e+01	8.264195e+01
3.930000e-06	5.319537e-06	1.247802e-09	3.773178e+01	8.276037e+01
3.940000e-06	5.310442e-06	1.204627e-09	3.766727e+01	8.288330e+01
3.950000e-06	5.300953e-06	1.221859e-09	3.759996e+01	8.300934e+01
3.960000e-06	5.291035e-06	1.242869e-09	3.752961e+01	8.313704e+01
3.970000e-06	5.280778e-06	1.214152e-09	3.745686e+01	8.326497e+01
3.980000e-06	5.270215e-06	1.221051e-09	3.738193e+01	8.339166e+01
3.990000e-06	5.259299e-06	1.290939e-09	3.730451e+01	8.351565e+01
4.000000e-06	5.247933e-06	1.312780e-09	3.722389e+01	8.363550e+01
4.010000e-06	5.236146e-06	1.264389e-09	3.714028e+01	8.374981e+01
4.020000e-06	5.224033e-06	1.280485e-09	3.705437e+01	8.385722e+01
4.030000e-06	5.211437e-06	1.322326e-09	3.696502e+01	8.395640e+01
4.040000e-06	5.198425e-06	1.308784e-09	3.687273e+01	8.404611e+01
4.050000e-06	5.185031e-06	1.248281e-09	3.677772e+01	8.412518e+01
4.060000e-06	5.170940e-06	1.277675e-09	3.667777e+01	8.419252e+01
4.070000e-06	5.156037e-06	1.303690e-09	3.657206e+01	8.424714e+01
4.080000e-06	5.140632e-06	1.310712e-09	3.646280e+01	8.428816e+01
4.090000e-06	5.124940e-06	1.290043e-09	3.635149e+01	8.431477e+01
4.100000e-06	5.108973e-06	1.279023e-09	3.623824e+01	8.432632e+01
4.110000e-06	5.092812e-06	1.252755e-09	3.612361e+01	8.432226e+01
4.120000e-06	5.076461e-06	1.267852e-09	3.600763e+01	8.430214e+01
4.130000e-06	5.059749e-06	1.262602e-09	3.588909e+01	8.426567e+01
4.140000e-06	5.042624e-06	1.235882e-09	3.576762e+01	8.421266e+01
4.150000e-06	5.025104e-06	1.233882e-09	3.564335e+01	8.414305e+01
4.160000e-06	5.007264e-06	1.279242e-09	3.551681e+01	8.405690e+01
4.170000e-06	4.989194e-06	1.277632e-09	3.538864e+01	8.395439e+01
4.180000e-06	4.970820e-06	1.258455e-09	3.525831e+01	8.383581e+01
4.190000e-06	4.951969e-06	1.253206e-09	3.512460e+01	8.370156e+01
4.200000e-06	4.932642e-06	1.243749e-09	3.498751e+01	8.355216e+01
4.210000e-06	4.913039e-06	1.235971e-09	3.484846e+01	8.338820e+01
4.220000e-06	4.893302e-06	1.236353e-09	3.470847e+01	8.321037e+01
4.230000e-06	4.873415e-06	1.222651e-09	3.456741e+01	8.301945e+01
4.240000e-06	4.853231e-06	1.214679e-09	3.442425e+01	8.281628e+01
4.250000e-06	4.832823e-06	1.244117e-09	3.427949e+01	8.260175e+01
4.260000e-06	4.812031e-06	1.243502e-09	3.413201e+01	8.237683e+01
4.270000e-06	4.790600e-06	1.220212e-09	3.398000e+01	8.214250e+01
4.280000e-06	4.768641e-06	1.220362e-09	3.382425e+01	8.189979e+01
4.290000e-06	4.746130e-06	1.234068e-09	3.366457e+01	8.164973e+01
4.300000e-06	4.723039e-06	1.209758e-09	3.350078e+01	8.139338e+01
4.310000e-06	4.699538e-06	1.198326e-09	3.333409e+01	8.113177e+01
4.320000e-06	4.675801e-06	1.194194e-09	3.316573e+01	8.086593e+01
4.330000e-06	4.651896e-06	1.192874e-09	3.299617e+01	8.059688e+01
4.340000e-06	4.627775e-06	1.184253e-09	3.282507e+01	8.032558e+01
4.350000e-06	4.603385e-06	1.180265e-09	3.265208e+01	8.005297e+01
4.360000e-06	4.578723e-06	1.164139e-09	3.247714e+01	7.977993e+01
4.370000e-06	4.553727e-06	1.168906e-09	3.229985e+01	7.950728e+01
4.380000e-06	4.528369e-06	1.172086e-09	3.211998e+01	7.923578e+01
4.390000e-06	4.502708e-06	1.168422e-09	3.193796e+01	7.896611e+01
4.400000e-06	4.476649e-06	1.153833e-09	3.175312e+01	7.869889e+01
4.410000e-06	4.450301e-06	1.150132e-09	3.156624e+01	7.843465e+01
4.420000e-06	4.423691e-06	1.145081e-09	3.137750e+01	7.817384e+01
4.430000e-06	4.396689e-06	1.141186e-09	3.118597e+01	7.791683e+01
4.440000e-06	4.369375e-06	1.130804e-09	3.099223e+01	7.766389e+01
4.450000e-06	4.341763e-06	1.131978e-09	3.079638e+01	7.741522e+01
4.460000e-06	4.313966e-06	1.140741e-09	3.059920e+01	7.717093e+01
4.470000e-06	4.286067e-06	1.143410e-09	3.040132e+01	7.693105e+01
4.480000e-06	4.258053e-06	1.134226e-09	3.020261e+01	7.669552e+01
4.490000e-06	4.229797e-06	1.130742e-09	3.000219e+01	7.646421e+01
4.500000e-06	4.201125e-06	1.132436e-09	2.979882e+01	7.623692e+01
4.510000e-06	4.172065e-06	1.127437e-09	2.959269e+01	7.601339e+01
4.520000e-06	4.142605e-06	1.118902e-09	2.938374e+01	7.579327e+01
4.530000e-06	4.112557e-06	1.116394e-09	2.917061e+01	7.557620e+01
4.540000e-06	4.081946e-06	1.126231e-09	2.895348e+01	7.536173e+01
4.550000e-06	4.050920e-06	1.130533e-09	2.873341e+01	7.514939e+01
4.560000e-06	4.019478e-06	1.125098e-09	2.851039e+01	7.493869e+01
4.570000e-06	3.987802e-06	1.114332e-09	2.828571e+01	7.472907e+01
4.580000e-06	3.955999e-06	1.111490e-09	2.806013e+01	7.452000e+01
4.590000e-06	3.924037e-06	1.108851e-09	2.783342e+01	7.431092e+01
4.600000e-06	3.891928e-06	1.107216e-09	2.760567e+01	7.410126e+01
4.610000e-06	3.859600e-06	1.097738e-09	2.737636e+01	7.389046e+01
4.620000e-06	3.826968e-06	1.095062e-09	2.714490e+01	7.367798e+01
4.630000e-06	3.794011e-06	1.095027e-09	2.691114e+01	7.346329e+01
4.640000e-06	3.760836e-06	1.092793e-09	2.667582e+01	7.324590e+01
4.650000e-06	3.727422e-06	1.081799e-09	2.643881e+01	7.302532e+01
4.660000e-06	3.693734e-06	1.074709e-09	2.619987e+01	7.280113e+01
4.670000e-06	3.659878e-06	1.071019e-09	2.595972e+01	7.257293e+01
4.680000e-06	3.625832e-06	1.072826e-09	2.571824e+01	7.234038e+01
4.690000e-06	3.591529e-06	1.067837e-09	2.547492e+01	7.210317e+01
4.700000e-06	3.556933e-06	1.063121e-09	2.522953e+01	7.186106e+01
4.710000e-06	3.521966e-06	1.061851e-09	2.498150e+01	7.161384e+01
4.720000e-06	3.486679e-06	1.062645e-09	2.473121e+01	7.136138e+01
4.730000e-06	3.451205e-06	1.056525e-09	2.447960e+01	7.110359e+01
4.740000e-06	3.415538e-06	1.049668e-09	2.422661e+01	7.084042e+01
4.750000e-06	3.379728e-06	1.043895e-09	2.397260e+01	7.057190e+01
4.760000e-06	3.343838e-06	1.040394e-09	2.371803e+01	7.029809e+01
4.770000e-06	3.307870e-06	1.031794e-09	2.346291e+01	7.001910e+01
4.780000e-06	3.271813e-06	1.021925e-09	2.320716e+01	6.973509e+01
4.790000e-06	3.235582e-06	1.013936e-09	2.295017e+01	6.944626e+01
4.800000e-06	3.199121e-06	1.012185e-09	2.269155e+01	6.915284e+01
4.810000e-06	3.162391e-06	1.014017e-09	2.243102e+01	6.885509e+01
4.820000e-06	3.125280e-06	1.012137e-09	2.216779e+01	6.855331e+01
4.830000e-06	3.087652e-06	1.007765e-09	2.190089e+01	6.824782e+01
4.840000e-06	3.049664e-06	1.001752e-09	2.163144e+01	6.793893e+01
4.850000e-06	3.011364e-06	9.949010e-10	2.135978e+01	6.762698e+01
4.860000e-06	2.972673e-06	9.827286e-10	2.108534e+01	6.731233e+01
4.870000e-06	2.933631e-06	9.721722e-10	2.080841e+01	6.699530e+01
4.880000e-06	2.894271e-06	9.692020e-10	2.052923e+01	6.667623e+01
4.890000e-06	2.854742e-06	9.723517e-10	2.024885e+01	6.635544e+01
4.900000e-06	2.815015e-06	9.714806e-10	1.996707e+01	6.603324e+01
4.910000e-06	2.775145e-06	9.710906e-10	1.968426e+01	6.570989e+01
4.920000e-06	2.735194e-06	9.677234e-10	1.940089e+01	6.538566e+01
4.930000e-06	2.695174e-06	9.633276e-10	1.911703e+01	6.506076e+01
4.940000e-06	2.655087e-06	9.564723e-10	1.883268e+01	6.473538e+01
4.950000e-06	2.614880e-06	9.506565e-10	1.854750e+01	6.440965e+01
4.960000e-06	2.574584e-06	9.434499e-10	1.826167e+01	6.408369e+01
4.970000e-06	2.534039e-06	9.374710e-10	1.797409e+01	6.375756e+01
4.980000e-06	2.493210e-06	9.352621e-10	1.768448e+01	6.343127e+01
4.990000e-06	2.452233e-06	9.320794e-10	1.739383e+01	6.310479e+01
5.000000e-06	2.411070e-06	9.270909e-10	1.710186e+01	6.277804e+01
5.010000e-06	2.369682e-06	9.208851e-10	1.680829e+01	6.245091e+01
5.020000e-06	2.328146e-06	9.154450e-10	1.651367e+01	6.212323e+01
5.030000e-06	2.286459e-06	9.165185e-10	1.621798e+01	6.179479e+01
5.040000e-06	2.244626e-06	9.166801e-10	1.592126e+01	6.146534e+01
5.050000e-06	2.202688e-06	9.102106e-10	1.562379e+01	6.113458e+01
5.060000e-06	2.160542e-06	9.003505e-10	1.532485e+01	6.080220e+01
5.070000e-06	2.118240e-06	8.935067e-10	1.502480e+01	6.046782e+01
5.080000e-06	2.075799e-06	8.856458e-10	1.472376e+01	6.013107e+01
5.090000e-06	2.033237e-06	8.763014e-10	1.442186e+01	5.979152e+01
5.100000e-06	1.990571e-06	8.695110e-10	1.411924e+01	5.944875e+01
5.110000e-06	1.947745e-06	8.686356e-10	1.381547e+01	5.910228e+01
5.120000e-06	1.904743e-06	8.732114e-10	1.351045e+01	5.875166e+01
5.130000e-06	1.861581e-06	8.737185e-10	1.320430e+01	5.839641e+01
5.140000e-06	1.818313e-06	8.676574e-10	1.289740e+01	5.803604e+01
5.150000e-06	1.774949e-06	8.606999e-10	1.258982e+01	5.767007e+01
5.160000e-06	1.731403e-06	8.513519e-10	1.228094e+01	5.729802e+01
5.170000e-06	1.687660e-06	8.405608e-10	1.197067e+01	5.691940e+01
5.180000e-06	1.643884e-06	8.303033e-10	1.166016e+01	5.653376e+01
5.190000e-06	1.600098e-06	8.228841e-10	1.134958e+01	5.614063e+01
5.200000e-06	1.556228e-06	8.204816e-10	1.103841e+01	5.573958e+01
5.210000e-06	1.512289e-06	8.216152e-10	1.072675e+01	5.533018e+01
5.220000e-06	1.468323e-06	8.201397e-10	1.041490e+01	5.491203e+01
5.230000e-06	1.424281e-06	8.163579e-10	1.010251e+01	5.448474e+01
5.240000e-06	1.380143e-06	8.107289e-10	9.789433e+00	5.404794e+01
5.250000e-06	1.335992e-06	8.024750e-10	9.476266e+00	5.360129e+01
5.260000e-06	1.291877e-06	7.918058e-10	9.163355e+00	5.314446e+01
5.270000e-06	1.247705e-06	7.810922e-10	8.850045e+00	5.267715e+01
5.280000e-06	1.203457e-06	7.725799e-10	8.536190e+00	5.219905e+01
5.290000e-06	1.159136e-06	7.653118e-10	8.221820e+00	5.170990e+01
5.300000e-06	1.114707e-06	7.603976e-10	7.906684e+00	5.120944e+01
5.310000e-06	1.070275e-06	7.542694e-10	7.591522e+00	5.069740e+01
5.320000e-06	1.025786e-06	7.481380e-10	7.275961e+00	5.017355e+01
5.330000e-06	9.811258e-07	7.417922e-10	6.959181e+00	4.963765e+01
5.340000e-06	9.363711e-07	7.344053e-10	6.641734e+00	4.908946e+01
5.350000e-06	8.915034e-07	7.219467e-10	6.323485e+00	4.852873e+01
5.360000e-06	8.465806e-07	7.053117e-10	6.004845e+00	4.795521e+01
5.370000e-06	8.016646e-07	6.922553e-10	5.686253e+00	4.736864e+01
5.380000e-06	7.566638e-07	6.839744e-10	5.367059e+00	4.676875e+01
5.390000e-06	7.115739e-07	6.758634e-10	5.047234e+00	4.615525e+01
5.400000e-06	6.664036e-07	6.687000e-10	4.726839e+00	4.552781e+01
5.410000e-06	6.211727e-07	6.619846e-10	4.406013e+00	4.488609e+01
5.420000e-06	5.759304e-07	6.540684e-10	4.085108e+00	4.422973e+01
5.430000e-06	5.306006e-07	6.439445e-10	3.763581e+00	4.355833e+01
5.440000e-06	4.852682e-07	6.325337e-10	3.442035e+00	4.287146e+01
5.450000e-06	4.399377e-07	6.187610e-10	3.120504e+00	4.216864e+01
5.460000e-06	3.944815e-07	6.060745e-10	2.798080e+00	4.144938e+01
5.470000e-06	3.490872e-07	5.973936e-10	2.476096e+00	4.071314e+01
5.480000e-06	3.037133e-07	5.895121e-10	2.154256e+00	3.995935e+01
5.490000e-06	2.582739e-07	5.792414e-10	1.831951e+00	3.918739e+01
5.500000e-06	2.127103e-07	5.667954e-10	1.508766e+00	3.839664e+01
5.510000e-06	1.670927e-07	5.522129e-10	1.185198e+00	3.758641e+01
5.520000e-06	1.215621e-07	5.372995e-10	8.622468e-01	3.675602e+01
5.530000e-06	7.595582e-08	5.247483e-10	5.387590e-01	3.590473e+01
5.540000e-06	3.033485e-08	5.150792e-10	2.151668e-01	3.503181e+01
5.550000e-06	-1.518751e-08	5.048548e-10	-1.077259e-01	3.413650e+01
5.560000e-06	-6.071518e-08	4.928477e-10	-4.306562e-01	3.321804e+01
5.570000e-06	-1.062354e-07	4.786681e-10	-7.535340e-01	3.227566e+01
5.580000e-06	-1.517772e-07	4.619300e-10	-1.076564e+00	3.130860e+01
5.590000e-06	-1.973573e-07	4.443464e-10	-1.399866e+00	3.031611e+01
5.600000e-06	-2.429161e-07	4.256363e-10	-1.723018e+00	2.929745e+01
5.610000e-06	-2.884179e-07	4.098252e-10	-2.045765e+00	2.825193e+01
5.620000e-06	-3.338255e-07	3.972622e-10	-2.367843e+00	2.717888e+01
5.630000e-06	-3.791687e-07	3.848372e-10	-2.689466e+00	2.607768e+01
5.640000e-06	-4.245260e-07	3.693265e-10	-3.011187e+00	2.494776e+01
5.650000e-06	-4.698907e-07	3.523545e-10	-3.332962e+00	2.378860e+01
5.660000e-06	-5.151349e-07	3.330705e-10	-3.653882e+00	2.259979e+01
5.670000e-06	-5.602665e-07	3.123238e-10	-3.974002e+00	2.138095e+01
5.680000e-06	-6.053622e-07	2.896596e-10	-4.293869e+00	2.013181e+01
5.690000e-06	-6.504525e-07	2.666414e-10	-4.613697e+00	1.885221e+01
5.700000e-06	-6.954656e-07	2.462602e-10	-4.932977e+00	1.754206e+01
5.710000e-06	-7.404081e-07	2.273912e-10	-5.251757e+00	1.620138e+01
5.720000e-06	-7.853320e-07	2.129210e-10	-5.570405e+00	1.483034e+01
5.730000e-06	-8.301331e-07	1.990774e-10	-5.888182e+00	1.342919e+01
5.740000e-06	-8.748245e-07	1.828806e-10	-6.205180e+00	1.199832e+01
5.750000e-06	-9.194432e-07	1.646700e-10	-6.521663e+00	1.053823e+01
5.760000e-06	-9.640037e-07	1.436165e-10	-6.837733e+00	9.049576e+00
5.770000e-06	-1.008543e-06	1.159836e-10	-7.153650e+00	7.533123e+00
5.780000e-06	-1.052994e-06	8.457587e-11	-7.468946e+00	5.989775e+00
5.790000e-06	-1.097394e-06	5.372527e-11	-7.783880e+00	4.420563e+00
5.800000e-06	-1.141740e-06	2.830899e-11	-8.098431e+00	2.826649e+00
5.810000e-06	-1.186012e-06	9.417299e-12	-8.412453e+00	1.209318e+00
5.820000e-06	-1.230212e-06	-5.532533e-12	-8.725965e+00	-4.300191e-01
5.830000e-06	-1.274296e-06	-2.198826e-11	-9.038652e+00	-2.089837e+00
5.840000e-06	-1.318333e-06	-4.315903e-11	-9.351014e+00	-3.768499e+00
5.850000e-06	-1.362345e-06	-6.815684e-11	-9.663192e+00	-5.464261e+00
5.860000e-06	-1.406276e-06	-9.782027e-11	-9.974798e+00	-7.175285e+00
5.870000e-06	-1.450144e-06	-1.315261e-10	-1.028595e+01	-8.899642e+00
5.880000e-06	-1.494029e-06	-1.654013e-10	-1.059723e+01	-1.063532e+01
5.890000e-06	-1.537904e-06	-1.936815e-10	-1.090844e+01	-1.238026e+01
5.900000e-06	-1.581672e-06	-2.132380e-10	-1.121889e+01	-1.413231e+01
5.910000e-06	-1.625358e-06	-2.314043e-10	-1.152876e+01	-1.588929e+01
5.920000e-06	-1.669012e-06	-2.519165e-10	-1.183840e+01	-1.764899e+01
5.930000e-06	-1.712526e-06	-2.732650e-10	-1.214704e+01	-1.940917e+01
5.940000e-06	-1.755893e-06	-2.999216e-10	-1.245465e+01	-2.116758e+01
5.950000e-06	-1.799133e-06	-3.317056e-10	-1.276136e+01	-2.292196e+01
5.960000e-06	-1.842232e-06	-3.685821e-10	-1.306706e+01	-2.467008e+01
5.970000e-06	-1.885192e-06	-4.038856e-10	-1.337178e+01	-2.640973e+01
5.980000e-06	-1.928040e-06	-4.336424e-10	-1.367570e+01	-2.813874e+01
5.990000e-06	-1.970796e-06	-4.575705e-10	-1.397897e+01	-2.985498e+01
6.000000e-06	-2.013427e-06	-4.782643e-10	-1.428135e+01	-3.155640e+01
6.010000e-06	-2.055896e-06	-4.977762e-10	-1.458259e+01	-3.324099e+01
6.020000e-06	-2.098152e-06	-5.189794e-10	-1.488231e+01	-3.490686e+01
6.030000e-06	-2.140356e-06	-5.428056e-10	-1.518167e+01	-3.655218e+01
6.040000e-06	-2.182416e-06	-5.708091e-10	-1.548000e+01	-3.817523e+01
6.050000e-06	-2.224255e-06	-6.009250e-10	-1.577677e+01	-3.977441e+01
6.060000e-06	-2.265960e-06	-6.288670e-10	-1.607259e+01	-4.134821e+01
6.070000e-06	-2.307513e-06	-6.520565e-10	-1.636732e+01	-4.289526e+01
6.080000e-06	-2.348912e-06	-6.727568e-10	-1.666097e+01	-4.441429e+01
6.090000e-06	-2.390089e-06	-6.910059e-10	-1.695304e+01	-4.590419e+01
6.100000e-06	-2.431051e-06	-7.090408e-10	-1.724358e+01	-4.736396e+01
6.110000e-06	-2.471802e-06	-7.290677e-10	-1.753264e+01	-4.879272e+01
6.120000e-06	-2.512388e-06	-7.519564e-10	-1.782051e+01	-5.018975e+01
6.130000e-06	-2.552825e-06	-7.756004e-10	-1.810733e+01	-5.155444e+01
6.140000e-06	-2.593150e-06	-7.963608e-10	-1.839336e+01	-5.288632e+01
6.150000e-06	-2.633302e-06	-8.163448e-10	-1.867816e+01	-5.418504e+01
6.160000e-06	-2.673352e-06	-8.365379e-10	-1.896224e+01	-5.545038e+01
6.170000e-06	-2.713375e-06	-8.569263e-10	-1.924612e+01	-5.668222e+01
6.180000e-06	-2.753294e-06	-8.747169e-10	-1.952927e+01	-5.788057e+01
6.190000e-06	-2.793107e-06	-8.911411e-10	-1.981167e+01	-5.904553e+01
6.200000e-06	-2.832715e-06	-9.070936e-10	-2.009261e+01	-6.017732e+01
6.210000e-06	-2.872166e-06	-9.227805e-10	-2.037244e+01	-6.127623e+01
6.220000e-06	-2.911549e-06	-9.371848e-10	-2.065179e+01	-6.234263e+01
6.230000e-06	-2.950685e-06	-9.485908e-10	-2.092938e+01	-6.337700e+01
6.240000e-06	-2.989423e-06	-9.613514e-10	-2.120415e+01	-6.437983e+01
6.250000e-06	-3.027862e-06	-9.783488e-10	-2.147680e+01	-6.535171e+01
6.260000e-06	-3.065902e-06	-9.955450e-10	-2.174662e+01	-6.629326e+01
6.270000e-06	-3.103531e-06	-1.009735e-09	-2.201352e+01	-6.720514e+01
6.280000e-06	-3.140861e-06	-1.020854e-09	-2.227831e+01	-6.808803e+01
6.290000e-06	-3.177800e-06	-1.032910e-09	-2.254031e+01	-6.894264e+01
6.300000e-06	-3.214340e-06	-1.045875e-09	-2.279950e+01	-6.976968e+01
6.310000e-06	-3.250613e-06	-1.057212e-09	-2.305679e+01	-7.056989e+01
6.320000e-06	-3.286699e-06	-1.065814e-09	-2.331274e+01	-7.134398e+01
6.330000e-06	-3.322653e-06	-1.077215e-09	-2.356777e+01	-7.209264e+01
6.340000e-06	-3.358456e-06	-1.093314e-09	-2.382172e+01	-7.281658e+01
6.350000e-06	-3.394105e-06	-1.111431e-09	-2.407458e+01	-7.351644e+01
6.360000e-06	-3.429691e-06	-1.124188e-09	-2.432699e+01	-7.419288e+01
6.370000e-06	-3.465101e-06	-1.130330e-09	-2.457816e+01	-7.484649e+01
6.380000e-06	-3.500200e-06	-1.134578e-09	-2.482712e+01	-7.547783e+01
6.390000e-06	-3.535099e-06	-1.139901e-09	-2.507466e+01	-7.608744e+01
6.400000e-06	-3.569774e-06	-1.146417e-09	-2.532061e+01	-7.667581e+01
6.410000e-06	-3.604046e-06	-1.152885e-09	-2.556371e+01	-7.724338e+01
6.420000e-06	-3.638086e-06	-1.164581e-09	-2.580515e+01	-7.779056e+01
6.430000e-06	-3.671970e-06	-1.181372e-09	-2.604549e+01	-7.831771e+01
6.440000e-06	-3.705615e-06	-1.196673e-09	-2.628414e+01	-7.882517e+01
6.450000e-06	-3.739026e-06	-1.205333e-09	-2.652112e+01	-7.931322e+01
6.460000e-06	-3.772176e-06	-1.208779e-09	-2.675626e+01	-7.978213e+01
6.470000e-06	-3.805015e-06	-1.208808e-09	-2.698919e+01	-8.023213e+01
6.480000e-06	-3.837458e-06	-1.208469e-09	-2.721931e+01	-8.066341e+01
6.490000e-06	-3.869631e-06	-1.212803e-09	-2.744751e+01	-8.107617e+01
6.500000e-06	-3.901683e-06	-1.222059e-09	-2.767486e+01	-8.147057e+01
6.510000e-06	-3.933567e-06	-1.233408e-09	-2.790102e+01	-8.184677e+01
6.520000e-06	-3.965295e-06	-1.245567e-09	-2.812606e+01	-8.220491e+01
6.530000e-06	-3.996754e-06	-1.255249e-09	-2.834921e+01	-8.254516e+01
6.540000e-06	-4.027908e-06	-1.259586e-09	-2.857018e+01	-8.286767e+01
6.550000e-06	-4.058698e-06	-1.259559e-09	-2.878858e+01	-8.317261e+01
6.560000e-06	-4.089066e-06	-1.259187e-09	-2.900398e+01	-8.346016e+01
6.570000e-06	-4.118974e-06	-1.260432e-09	-2.921612e+01	-8.373055e+01
6.580000e-06	-4.148378e-06	-1.262806e-09	-2.942468e+01	-8.398400e+01
6.590000e-06	-4.177328e-06	-1.265205e-09	-2.963003e+01	-8.422078e+01
6.600000e-06	-4.205879e-06	-1.270398e-09	-2.983254e+01	-8.444120e+01
6.610000e-06	-4.234162e-06	-1.278228e-09	-3.003315e+01	-8.464559e+01
6.620000e-06	-4.262182e-06	-1.284938e-09	-3.023190e+01	-8.483435e+01
6.630000e-06	-4.290047e-06	-1.288245e-09	-3.042955e+01	-8.500788e+01
6.640000e-06	-4.317808e-06	-1.287703e-09	-3.062646e+01	-8.516667e+01
6.650000e-06	-4.345313e-06	-1.285605e-09	-3.082156e+01	-8.531123e+01
6.660000e-06	-4.372535e-06	-1.285186e-09	-3.101464e+01	-8.544211e+01
6.670000e-06	-4.399401e-06	-1.286804e-09	-3.120520e+01	-8.555993e+01
6.680000e-06	-4.425912e-06	-1.287876e-09	-3.139324e+01	-8.566533e+01
6.690000e-06	-4.452131e-06	-1.289950e-09	-3.157922e+01	-8.575899e+01
6.700000e-06	-4.478000e-06	-1.294715e-09	-3.176271e+01	-8.584163e+01
6.710000e-06	-4.503558e-06	-1.300119e-09	-3.194399e+01	-8.591402e+01
6.720000e-06	-4.528790e-06	-1.303701e-09	-3.212297e+01	-8.597693e+01
6.730000e-06	-4.553677e-06	-1.305035e-09	-3.229949e+01	-8.603117e+01
6.740000e-06	-4.578217e-06	-1.303733e-09	-3.247355e+01	-8.607756e+01
6.750000e-06	-4.602516e-06	-1.302329e-09	-3.264591e+01	-8.611693e+01
6.760000e-06	-4.626655e-06	-1.302065e-09	-3.281713e+01	-8.615013e+01
6.770000e-06	-4.650607e-06	-1.303394e-09	-3.298702e+01	-8.617798e+01
6.780000e-06	-4.674371e-06	-1.306783e-09	-3.315558e+01	-8.620131e+01
6.790000e-06	-4.697902e-06	-1.311514e-09	-3.332249e+01	-8.622093e+01
6.800000e-06	-4.721080e-06	-1.314720e-09	-3.348689e+01	-8.623763e+01
6.810000e-06	-4.743726e-06	-1.314949e-09	-3.364752e+01	-8.625214e+01
6.820000e-06	-4.765763e-06	-1.315214e-09	-3.380383e+01	-8.626518e+01
6.830000e-06	-4.787201e-06	-1.316466e-09	-3.395589e+01	-8.627743e+01
6.840000e-06	-4.808125e-06	-1.316789e-09	-3.410431e+01	-8.628948e+01
6.850000e-06	-4.828677e-06	-1.315471e-09	-3.425008e+01	-8.630190e+01
6.860000e-06	-4.848936e-06	-1.314850e-09	-3.439378e+01	-8.631516e+01
6.870000e-06	-4.868908e-06	-1.315961e-09	-3.453544e+01	-8.632970e+01
6.880000e-06	-4.888696e-06	-1.316753e-09	-3.467580e+01	-8.634586e+01
6.890000e-06	-4.908268e-06	-1.315713e-09	-3.481462e+01	-8.636389e+01
6.900000e-06	-4.927497e-06	-1.314382e-09	-3.495102e+01	-8.638400e+01
6.910000e-06	-4.946371e-06	-1.315400e-09	-3.508489e+01	-8.640628e+01
6.920000e-06	-4.964852e-06	-1.318638e-09	-3.521598e+01	-8.643076e+01
6.930000e-06	-4.983029e-06	-1.321965e-09	-3.534491e+01	-8.645738e+01
6.940000e-06	-5.000969e-06	-1.322880e-09	-3.547216e+01	-8.648598e+01
6.950000e-06	-5.018605e-06	-1.322211e-09	-3.559725e+01	-8.651635e+01
6.960000e-06	-5.035863e-06	-1.320410e-09	-3.571967e+01	-8.654819e+01
6.970000e-06	-5.052692e-06	-1.318548e-09	-3.583904e+01	-8.658110e+01
6.980000e-06	-5.069154e-06	-1.316860e-09	-3.595580e+01	-8.661465e+01
6.990000e-06	-5.085327e-06	-1.315054e-09	-3.607051e+01	-8.664833e+01
7.000000e-06	-5.101304e-06	-1.316568e-09	-3.618384e+01	-8.668157e+01
7.010000e-06	-5.117147e-06	-1.321105e-09	-3.629622e+01	-8.671374e+01
7.020000e-06	-5.132665e-06	-1.323737e-09	-3.640628e+01	-8.674418e+01
7.030000e-06	-5.147582e-06	-1.320698e-09	-3.651209e+01	-8.677220e+01
7.040000e-06	-5.161806e-06	-1.314232e-09	-3.661299e+01	-8.679707e+01
7.050000e-06	-5.175431e-06	-1.309109e-09	-3.670963e+01	-8.681806e+01
7.060000e-06	-5.188533e-06	-1.305471e-09	-3.680256e+01	-8.683441e+01
7.070000e-06	-5.201167e-06	-1.303325e-09	-3.689218e+01	-8.684540e+01
7.080000e-06	-5.213398e-06	-1.302966e-09	-3.697893e+01	-8.685027e+01
7.090000e-06	-5.225347e-06	-1.305251e-09	-3.706369e+01	-8.684834e+01
7.100000e-06	-5.237006e-06	-1.310220e-09	-3.714638e+01	-8.683893e+01
7.110000e-06	-5.248319e-06	-1.310279e-09	-3.722663e+01	-8.682141e+01
7.120000e-06	-5.259195e-06	-1.306019e-09	-3.730377e+01	-8.679520e+01
7.130000e-06	-5.269564e-06	-1.300968e-09	-3.737732e+01	-8.675979e+01
7.140000e-06	-5.279582e-06	-1.297514e-09	-3.744838e+01	-8.671473e+01
7.150000e-06	-5.289310e-06	-1.294599e-09	-3.751738e+01	-8.665964e+01
7.160000e-06	-5.298768e-06	-1.290679e-09	-3.758446e+01	-8.659426e+01
7.170000e-06	-5.307782e-06	-1.285340e-09	-3.764840e+01	-8.651837e+01
7.180000e-06	-5.316334e-06	-1.280061e-09	-3.770906e+01	-8.643188e+01
7.190000e-06	-5.324578e-06	-1.279243e-09	-3.776754e+01	-8.633479e+01
7.200000e-06	-5.332596e-06	-1.280055e-09	-3.782441e+01	-8.622719e+01
7.210000e-06	-5.340446e-06	-1.283150e-09	-3.788009e+01	-8.610930e+01
7.220000e-06	-5.348052e-06	-1.285428e-09	-3.793404e+01	-8.598142e+01
7.230000e-06	-5.355325e-06	-1.283450e-09	-3.798563e+01	-8.584396e+01
7.240000e-06	-5.362015e-06	-1.277553e-09	-3.803308e+01	-8.569744e+01
7.250000e-06	-5.368031e-06	-1.270261e-09	-3.807575e+01	-8.554248e+01
7.260000e-06	-5.373421e-06	-1.263546e-09	-3.811399e+01	-8.537979e+01
7.270000e-06	-5.378235e-06	-1.259199e-09	-3.814813e+01	-8.521017e+01
7.280000e-06	-5.382713e-06	-1.256847e-09	-3.817989e+01	-8.503451e+01
7.290000e-06	-5.386879e-06	-1.257383e-09	-3.820944e+01	-8.485378e+01
7.300000e-06	-5.390777e-06	-1.260574e-09	-3.823709e+01	-8.466902e+01
7.310000e-06	-5.394504e-06	-1.261673e-09	-3.826352e+01	-8.448132e+01
7.320000e-06	-5.397865e-06	-1.257204e-09	-3.828737e+01	-8.429184e+01
7.330000e-06	-5.400782e-06	-1.251075e-09	-3.830805e+01	-8.410175e+01
7.340000e-06	-5.403308e-06	-1.247968e-09	-3.832598e+01	-8.391229e+01
7.350000e-06	-5.405534e-06	-1.245691e-09	-3.834176e+01	-8.372470e+01
7.360000e-06	-5.407517e-06	-1.241548e-09	-3.835583e+01	-8.354021e+01
7.370000e-06	-5.409254e-06	-1.237587e-09	-3.836815e+01	-8.336007e+01
7.380000e-06	-5.410553e-06	-1.236947e-09	-3.837736e+01	-8.318549e+01
7.390000e-06	-5.411279e-06	-1.236528e-09	-3.838251e+01	-8.301768e+01
7.400000e-06	-5.411664e-06	-1.233627e-09	-3.838524e+01	-8.285777e+01
