# Temperatura_=_12.55
# Concentracion g/m^3_=_4090.0
# C_Vs_to_Am_M_A/Vsm_=_65563218390.804596
# pendiente_HvsI_1/m_=_3716.3
# ordenada_HvsI_A/m_=_1297.0
# frecuencia_Hz_=_135086.32126517667

Tiempo_(s)	Campo_(V.s)	Magnetizacion_(V.s)	Campo_(kA/m)	Magnetizacion_(A/m)
0.000000e+00	-5.411037e-06	-1.180578e-09	-3.838540e+01	-8.159983e+01
1.000000e-08	-5.411287e-06	-1.181022e-09	-3.838717e+01	-8.148493e+01
2.000000e-08	-5.411336e-06	-1.183119e-09	-3.838752e+01	-8.137657e+01
3.000000e-08	-5.411226e-06	-1.181703e-09	-3.838674e+01	-8.127543e+01
4.000000e-08	-5.410774e-06	-1.177154e-09	-3.838353e+01	-8.118217e+01
5.000000e-08	-5.409815e-06	-1.171433e-09	-3.837673e+01	-8.109735e+01
6.000000e-08	-5.408330e-06	-1.164777e-09	-3.836619e+01	-8.102149e+01
7.000000e-08	-5.406214e-06	-1.161863e-09	-3.835118e+01	-8.095500e+01
8.000000e-08	-5.403416e-06	-1.166834e-09	-3.833133e+01	-8.089824e+01
9.000000e-08	-5.399965e-06	-1.167211e-09	-3.830685e+01	-8.085146e+01
1.000000e-07	-5.395979e-06	-1.175749e-09	-3.827858e+01	-8.081485e+01
1.100000e-07	-5.391647e-06	-1.232089e-09	-3.824785e+01	-8.078847e+01
1.200000e-07	-5.387167e-06	-1.193139e-09	-3.821606e+01	-8.077231e+01
1.300000e-07	-5.382594e-06	-1.165627e-09	-3.818362e+01	-8.076626e+01
1.400000e-07	-5.377637e-06	-1.137864e-09	-3.814846e+01	-8.077012e+01
1.500000e-07	-5.372207e-06	-1.210343e-09	-3.810994e+01	-8.078359e+01
1.600000e-07	-5.366419e-06	-1.208793e-09	-3.806888e+01	-8.080626e+01
1.700000e-07	-5.360294e-06	-1.128055e-09	-3.802543e+01	-8.083766e+01
1.800000e-07	-5.353681e-06	-1.138600e-09	-3.797852e+01	-8.087723e+01
1.900000e-07	-5.346678e-06	-1.225576e-09	-3.792884e+01	-8.092430e+01
2.000000e-07	-5.339375e-06	-1.266666e-09	-3.787703e+01	-8.097816e+01
2.100000e-07	-5.331854e-06	-1.194267e-09	-3.782368e+01	-8.103801e+01
2.200000e-07	-5.324142e-06	-1.211681e-09	-3.776897e+01	-8.110298e+01
2.300000e-07	-5.316115e-06	-1.257742e-09	-3.771203e+01	-8.117217e+01
2.400000e-07	-5.307851e-06	-1.268001e-09	-3.765341e+01	-8.124461e+01
2.500000e-07	-5.299165e-06	-1.229846e-09	-3.759178e+01	-8.131929e+01
2.600000e-07	-5.289839e-06	-1.290240e-09	-3.752563e+01	-8.139520e+01
2.700000e-07	-5.279806e-06	-1.307529e-09	-3.745445e+01	-8.147127e+01
2.800000e-07	-5.269269e-06	-1.286420e-09	-3.737970e+01	-8.154643e+01
2.900000e-07	-5.258272e-06	-1.266034e-09	-3.730170e+01	-8.161963e+01
3.000000e-07	-5.246775e-06	-1.294619e-09	-3.722014e+01	-8.168980e+01
3.100000e-07	-5.234893e-06	-1.271784e-09	-3.713585e+01	-8.175589e+01
3.200000e-07	-5.222636e-06	-1.254459e-09	-3.704890e+01	-8.181689e+01
3.300000e-07	-5.209997e-06	-1.289699e-09	-3.695923e+01	-8.187182e+01
3.400000e-07	-5.196839e-06	-1.323742e-09	-3.686590e+01	-8.191973e+01
3.500000e-07	-5.183235e-06	-1.284561e-09	-3.676939e+01	-8.195974e+01
3.600000e-07	-5.169422e-06	-1.284121e-09	-3.667140e+01	-8.199101e+01
3.700000e-07	-5.155211e-06	-1.303706e-09	-3.657059e+01	-8.201277e+01
3.800000e-07	-5.140494e-06	-1.285699e-09	-3.646619e+01	-8.202435e+01
3.900000e-07	-5.125148e-06	-1.242458e-09	-3.635732e+01	-8.202511e+01
4.000000e-07	-5.109038e-06	-1.267713e-09	-3.624305e+01	-8.201453e+01
4.100000e-07	-5.092509e-06	-1.289079e-09	-3.612578e+01	-8.199216e+01
4.200000e-07	-5.075686e-06	-1.273153e-09	-3.600645e+01	-8.195764e+01
4.300000e-07	-5.058548e-06	-1.285364e-09	-3.588487e+01	-8.191070e+01
4.400000e-07	-5.041136e-06	-1.296221e-09	-3.576136e+01	-8.185116e+01
4.500000e-07	-5.023549e-06	-1.279538e-09	-3.563659e+01	-8.177895e+01
4.600000e-07	-5.005727e-06	-1.248248e-09	-3.551017e+01	-8.169407e+01
4.700000e-07	-4.987551e-06	-1.263183e-09	-3.538122e+01	-8.159661e+01
4.800000e-07	-4.968991e-06	-1.254380e-09	-3.524956e+01	-8.148677e+01
4.900000e-07	-4.949973e-06	-1.250129e-09	-3.511465e+01	-8.136481e+01
5.000000e-07	-4.930519e-06	-1.250779e-09	-3.497664e+01	-8.123109e+01
5.100000e-07	-4.910796e-06	-1.269858e-09	-3.483673e+01	-8.108602e+01
5.200000e-07	-4.890889e-06	-1.251800e-09	-3.469551e+01	-8.093012e+01
5.300000e-07	-4.870833e-06	-1.249876e-09	-3.455324e+01	-8.076393e+01
5.400000e-07	-4.850520e-06	-1.243155e-09	-3.440914e+01	-8.058807e+01
5.500000e-07	-4.829782e-06	-1.247661e-09	-3.426203e+01	-8.040321e+01
5.600000e-07	-4.808609e-06	-1.236114e-09	-3.411183e+01	-8.021006e+01
5.700000e-07	-4.787032e-06	-1.244540e-09	-3.395876e+01	-8.000936e+01
5.800000e-07	-4.765225e-06	-1.236876e-09	-3.380407e+01	-7.980188e+01
5.900000e-07	-4.743240e-06	-1.228290e-09	-3.364810e+01	-7.958841e+01
6.000000e-07	-4.720926e-06	-1.215086e-09	-3.348981e+01	-7.936975e+01
6.100000e-07	-4.698219e-06	-1.220026e-09	-3.332873e+01	-7.914670e+01
6.200000e-07	-4.675106e-06	-1.212119e-09	-3.316477e+01	-7.892005e+01
6.300000e-07	-4.651639e-06	-1.206830e-09	-3.299829e+01	-7.869058e+01
6.400000e-07	-4.627906e-06	-1.210365e-09	-3.282993e+01	-7.845905e+01
6.500000e-07	-4.604036e-06	-1.219490e-09	-3.266061e+01	-7.822618e+01
6.600000e-07	-4.580023e-06	-1.211933e-09	-3.249026e+01	-7.799268e+01
6.700000e-07	-4.555748e-06	-1.204179e-09	-3.231805e+01	-7.775918e+01
6.800000e-07	-4.531139e-06	-1.200778e-09	-3.214348e+01	-7.752631e+01
6.900000e-07	-4.505998e-06	-1.193419e-09	-3.196513e+01	-7.729460e+01
7.000000e-07	-4.480231e-06	-1.184678e-09	-3.178234e+01	-7.706455e+01
7.100000e-07	-4.453948e-06	-1.176001e-09	-3.159589e+01	-7.683660e+01
7.200000e-07	-4.427183e-06	-1.174664e-09	-3.140603e+01	-7.661112e+01
7.300000e-07	-4.400032e-06	-1.174324e-09	-3.121342e+01	-7.638841e+01
7.400000e-07	-4.372571e-06	-1.179651e-09	-3.101861e+01	-7.616872e+01
7.500000e-07	-4.344869e-06	-1.172392e-09	-3.082210e+01	-7.595222e+01
7.600000e-07	-4.317015e-06	-1.168957e-09	-3.062450e+01	-7.573901e+01
7.700000e-07	-4.288966e-06	-1.165877e-09	-3.042553e+01	-7.552914e+01
7.800000e-07	-4.260691e-06	-1.170087e-09	-3.022494e+01	-7.532259e+01
7.900000e-07	-4.232111e-06	-1.162733e-09	-3.002221e+01	-7.511926e+01
8.000000e-07	-4.203199e-06	-1.160274e-09	-2.981711e+01	-7.491902e+01
8.100000e-07	-4.173992e-06	-1.154356e-09	-2.960991e+01	-7.472166e+01
8.200000e-07	-4.144522e-06	-1.156406e-09	-2.940086e+01	-7.452694e+01
8.300000e-07	-4.114757e-06	-1.151413e-09	-2.918971e+01	-7.433456e+01
8.400000e-07	-4.084749e-06	-1.147691e-09	-2.897683e+01	-7.414418e+01
8.500000e-07	-4.054546e-06	-1.141772e-09	-2.876258e+01	-7.395544e+01
8.600000e-07	-4.023984e-06	-1.147292e-09	-2.854577e+01	-7.376792e+01
8.700000e-07	-3.992995e-06	-1.146857e-09	-2.832594e+01	-7.358121e+01
8.800000e-07	-3.961737e-06	-1.144214e-09	-2.810420e+01	-7.339485e+01
8.900000e-07	-3.930350e-06	-1.135314e-09	-2.788154e+01	-7.320840e+01
9.000000e-07	-3.898803e-06	-1.130967e-09	-2.765775e+01	-7.302139e+01
9.100000e-07	-3.867072e-06	-1.124988e-09	-2.743265e+01	-7.283336e+01
9.200000e-07	-3.835193e-06	-1.120974e-09	-2.720650e+01	-7.264386e+01
9.300000e-07	-3.803062e-06	-1.116128e-09	-2.697857e+01	-7.245244e+01
9.400000e-07	-3.770681e-06	-1.120028e-09	-2.674886e+01	-7.225869e+01
9.500000e-07	-3.737966e-06	-1.126236e-09	-2.651678e+01	-7.206218e+01
9.600000e-07	-3.704835e-06	-1.127879e-09	-2.628176e+01	-7.186256e+01
9.700000e-07	-3.671424e-06	-1.121550e-09	-2.604474e+01	-7.165948e+01
9.800000e-07	-3.637588e-06	-1.111362e-09	-2.580471e+01	-7.145262e+01
9.900000e-07	-3.603294e-06	-1.103097e-09	-2.556143e+01	-7.124171e+01
1.000000e-06	-3.568596e-06	-1.095741e-09	-2.531529e+01	-7.102653e+01
1.010000e-06	-3.533447e-06	-1.092218e-09	-2.506595e+01	-7.080689e+01
1.020000e-06	-3.498016e-06	-1.092727e-09	-2.481460e+01	-7.058263e+01
1.030000e-06	-3.462387e-06	-1.098593e-09	-2.456185e+01	-7.035366e+01
1.040000e-06	-3.426659e-06	-1.100914e-09	-2.430840e+01	-7.011992e+01
1.050000e-06	-3.390880e-06	-1.098301e-09	-2.405459e+01	-6.988139e+01
1.060000e-06	-3.354896e-06	-1.088451e-09	-2.379932e+01	-6.963812e+01
1.070000e-06	-3.318721e-06	-1.078752e-09	-2.354270e+01	-6.939017e+01
1.080000e-06	-3.282424e-06	-1.064755e-09	-2.328521e+01	-6.913766e+01
1.090000e-06	-3.245876e-06	-1.055267e-09	-2.302594e+01	-6.888073e+01
1.100000e-06	-3.209044e-06	-1.051619e-09	-2.276466e+01	-6.861956e+01
1.110000e-06	-3.171978e-06	-1.057458e-09	-2.250171e+01	-6.835438e+01
1.120000e-06	-3.134585e-06	-1.060067e-09	-2.223646e+01	-6.808541e+01
1.130000e-06	-3.096995e-06	-1.060278e-09	-2.196979e+01	-6.781292e+01
1.140000e-06	-3.059221e-06	-1.053325e-09	-2.170183e+01	-6.753719e+01
1.150000e-06	-3.021203e-06	-1.047323e-09	-2.143214e+01	-6.725852e+01
1.160000e-06	-2.983063e-06	-1.040152e-09	-2.116157e+01	-6.697720e+01
1.170000e-06	-2.944705e-06	-1.034111e-09	-2.088946e+01	-6.669354e+01
1.180000e-06	-2.906095e-06	-1.027370e-09	-2.061557e+01	-6.640785e+01
1.190000e-06	-2.867267e-06	-1.025183e-09	-2.034013e+01	-6.612043e+01
1.200000e-06	-2.828149e-06	-1.025135e-09	-2.006263e+01	-6.583157e+01
1.210000e-06	-2.788705e-06	-1.027097e-09	-1.978281e+01	-6.554154e+01
1.220000e-06	-2.749150e-06	-1.024929e-09	-1.950222e+01	-6.525061e+01
1.230000e-06	-2.709567e-06	-1.020927e-09	-1.922142e+01	-6.495902e+01
1.240000e-06	-2.669832e-06	-1.015373e-09	-1.893954e+01	-6.466697e+01
1.250000e-06	-2.630002e-06	-1.007059e-09	-1.865699e+01	-6.437465e+01
1.260000e-06	-2.590110e-06	-9.968352e-10	-1.837400e+01	-6.408221e+01
1.270000e-06	-2.550131e-06	-9.876526e-10	-1.809039e+01	-6.378976e+01
1.280000e-06	-2.510020e-06	-9.819689e-10	-1.780585e+01	-6.349740e+01
1.290000e-06	-2.469830e-06	-9.799956e-10	-1.752074e+01	-6.320515e+01
1.300000e-06	-2.429503e-06	-9.783669e-10	-1.723467e+01	-6.291304e+01
1.310000e-06	-2.388969e-06	-9.742746e-10	-1.694713e+01	-6.262103e+01
1.320000e-06	-2.348318e-06	-9.697493e-10	-1.665875e+01	-6.232905e+01
1.330000e-06	-2.307300e-06	-9.656270e-10	-1.636777e+01	-6.203699e+01
1.340000e-06	-2.265864e-06	-9.636920e-10	-1.607383e+01	-6.174470e+01
1.350000e-06	-2.224121e-06	-9.586899e-10	-1.577771e+01	-6.145200e+01
1.360000e-06	-2.182141e-06	-9.526225e-10	-1.547991e+01	-6.115867e+01
1.370000e-06	-2.140059e-06	-9.448313e-10	-1.518138e+01	-6.086447e+01
1.380000e-06	-2.097723e-06	-9.386285e-10	-1.488105e+01	-6.056911e+01
1.390000e-06	-2.055075e-06	-9.326104e-10	-1.457851e+01	-6.027228e+01
1.400000e-06	-2.012090e-06	-9.319378e-10	-1.427358e+01	-5.997364e+01
1.410000e-06	-1.968876e-06	-9.342681e-10	-1.396702e+01	-5.967285e+01
1.420000e-06	-1.925577e-06	-9.341812e-10	-1.365987e+01	-5.936952e+01
1.430000e-06	-1.882188e-06	-9.269029e-10	-1.335207e+01	-5.906326e+01
1.440000e-06	-1.838659e-06	-9.175199e-10	-1.304328e+01	-5.875366e+01
1.450000e-06	-1.795025e-06	-9.082927e-10	-1.273374e+01	-5.844031e+01
1.460000e-06	-1.751324e-06	-9.011025e-10	-1.242373e+01	-5.812279e+01
1.470000e-06	-1.707494e-06	-8.966724e-10	-1.211280e+01	-5.780066e+01
1.480000e-06	-1.663575e-06	-8.955574e-10	-1.180125e+01	-5.747349e+01
1.490000e-06	-1.619594e-06	-8.978683e-10	-1.148925e+01	-5.714086e+01
1.500000e-06	-1.575591e-06	-9.012767e-10	-1.117710e+01	-5.680234e+01
1.510000e-06	-1.531519e-06	-8.979245e-10	-1.086445e+01	-5.645750e+01
1.520000e-06	-1.487327e-06	-8.913800e-10	-1.055096e+01	-5.610594e+01
1.530000e-06	-1.443028e-06	-8.797221e-10	-1.023670e+01	-5.574723e+01
1.540000e-06	-1.398653e-06	-8.668253e-10	-9.921916e+00	-5.538099e+01
1.550000e-06	-1.354187e-06	-8.583416e-10	-9.606480e+00	-5.500683e+01
1.560000e-06	-1.309579e-06	-8.534102e-10	-9.290030e+00	-5.462435e+01
1.570000e-06	-1.264912e-06	-8.507520e-10	-8.973170e+00	-5.423320e+01
1.580000e-06	-1.220260e-06	-8.472177e-10	-8.656410e+00	-5.383300e+01
1.590000e-06	-1.175552e-06	-8.468758e-10	-8.339254e+00	-5.342340e+01
1.600000e-06	-1.130705e-06	-8.457308e-10	-8.021116e+00	-5.300404e+01
1.610000e-06	-1.085770e-06	-8.407379e-10	-7.702354e+00	-5.257458e+01
1.620000e-06	-1.040666e-06	-8.300943e-10	-7.382386e+00	-5.213468e+01
1.630000e-06	-9.954523e-07	-8.150195e-10	-7.061646e+00	-5.168399e+01
1.640000e-06	-9.502214e-07	-8.035023e-10	-6.740783e+00	-5.122216e+01
1.650000e-06	-9.048748e-07	-7.940378e-10	-6.419098e+00	-5.074884e+01
1.660000e-06	-8.595240e-07	-7.879048e-10	-6.097383e+00	-5.026367e+01
1.670000e-06	-8.141553e-07	-7.832468e-10	-5.775542e+00	-4.976627e+01
1.680000e-06	-7.687313e-07	-7.796003e-10	-5.453308e+00	-4.925628e+01
1.690000e-06	-7.233619e-07	-7.756065e-10	-5.131462e+00	-4.873328e+01
1.700000e-06	-6.778809e-07	-7.649755e-10	-4.808824e+00	-4.819687e+01
1.710000e-06	-6.322592e-07	-7.538332e-10	-4.485188e+00	-4.764659e+01
1.720000e-06	-5.866514e-07	-7.430502e-10	-4.161650e+00	-4.708199e+01
1.730000e-06	-5.409900e-07	-7.400255e-10	-3.837733e+00	-4.650259e+01
1.740000e-06	-4.952636e-07	-7.381302e-10	-3.513354e+00	-4.590787e+01
1.750000e-06	-4.495119e-07	-7.330424e-10	-3.188796e+00	-4.529728e+01
1.760000e-06	-4.037120e-07	-7.217517e-10	-2.863896e+00	-4.467027e+01
1.770000e-06	-3.578907e-07	-7.048019e-10	-2.538844e+00	-4.402622e+01
1.780000e-06	-3.120015e-07	-6.870338e-10	-2.213310e+00	-4.336451e+01
1.790000e-06	-2.660964e-07	-6.726707e-10	-1.887663e+00	-4.268449e+01
1.800000e-06	-2.202109e-07	-6.634876e-10	-1.562156e+00	-4.198546e+01
1.810000e-06	-1.743502e-07	-6.573934e-10	-1.236824e+00	-4.126673e+01
1.820000e-06	-1.285414e-07	-6.508946e-10	-9.118605e-01	-4.052755e+01
1.830000e-06	-8.266730e-08	-6.423677e-10	-5.864342e-01	-3.976718e+01
1.840000e-06	-3.674330e-08	-6.260646e-10	-2.606535e-01	-3.898484e+01
1.850000e-06	9.194113e-09	-6.055955e-10	6.522218e-02	-3.817976e+01
1.860000e-06	5.507203e-08	-5.864696e-10	3.906759e-01	-3.735114e+01
1.870000e-06	1.009124e-07	-5.711352e-10	7.158630e-01	-3.649820e+01
1.880000e-06	1.468451e-07	-5.592447e-10	1.041705e+00	-3.562014e+01
1.890000e-06	1.927456e-07	-5.484772e-10	1.367319e+00	-3.471618e+01
1.900000e-06	2.385393e-07	-5.365690e-10	1.692176e+00	-3.378556e+01
1.910000e-06	2.843322e-07	-5.204843e-10	2.017026e+00	-3.282754e+01
1.920000e-06	3.301213e-07	-5.023672e-10	2.341850e+00	-3.184140e+01
1.930000e-06	3.759805e-07	-4.820690e-10	2.667171e+00	-3.082647e+01
1.940000e-06	4.218434e-07	-4.605243e-10	2.992518e+00	-2.978211e+01
1.950000e-06	4.676297e-07	-4.391855e-10	3.317322e+00	-2.870774e+01
1.960000e-06	5.133676e-07	-4.195211e-10	3.641782e+00	-2.760285e+01
1.970000e-06	5.590321e-07	-4.003221e-10	3.965722e+00	-2.646698e+01
1.980000e-06	6.046681e-07	-3.851979e-10	4.289460e+00	-2.529975e+01
1.990000e-06	6.502270e-07	-3.713997e-10	4.612650e+00	-2.410086e+01
2.000000e-06	6.957606e-07	-3.561101e-10	4.935661e+00	-2.287009e+01
2.010000e-06	7.412941e-07	-3.363641e-10	5.258672e+00	-2.160734e+01
2.020000e-06	7.867038e-07	-3.134866e-10	5.580804e+00	-2.031259e+01
2.030000e-06	8.320426e-07	-2.899791e-10	5.902433e+00	-1.898592e+01
2.040000e-06	8.773401e-07	-2.677995e-10	6.223769e+00	-1.762754e+01
2.050000e-06	9.225264e-07	-2.442297e-10	6.544317e+00	-1.623776e+01
2.060000e-06	9.677060e-07	-2.230512e-10	6.864817e+00	-1.481700e+01
2.070000e-06	1.012784e-06	-2.041576e-10	7.184596e+00	-1.336583e+01
2.080000e-06	1.057695e-06	-1.852913e-10	7.503192e+00	-1.188491e+01
2.090000e-06	1.102571e-06	-1.633435e-10	7.821534e+00	-1.037503e+01
2.100000e-06	1.147418e-06	-1.389502e-10	8.139678e+00	-8.837129e+00
2.110000e-06	1.192117e-06	-1.149862e-10	8.456765e+00	-7.272232e+00
2.120000e-06	1.236662e-06	-9.102936e-11	8.772763e+00	-5.681504e+00
2.130000e-06	1.281128e-06	-6.580450e-11	9.088201e+00	-4.066222e+00
2.140000e-06	1.325506e-06	-4.115895e-11	9.403019e+00	-2.427778e+00
2.150000e-06	1.369792e-06	-1.796446e-11	9.717177e+00	-7.676702e-01
2.160000e-06	1.414050e-06	6.648858e-12	1.003114e+01	9.124957e-01
2.170000e-06	1.458257e-06	3.166895e-11	1.034474e+01	2.611019e+00
2.180000e-06	1.502372e-06	5.742532e-11	1.065769e+01	4.326108e+00
2.190000e-06	1.546447e-06	8.225746e-11	1.097035e+01	6.055887e+00
2.200000e-06	1.590490e-06	1.060498e-10	1.128279e+01	7.798409e+00
2.210000e-06	1.634451e-06	1.301092e-10	1.159465e+01	9.551658e+00
2.220000e-06	1.678297e-06	1.549883e-10	1.190568e+01	1.131357e+01
2.230000e-06	1.722118e-06	1.824007e-10	1.221655e+01	1.308201e+01
2.240000e-06	1.765922e-06	2.143661e-10	1.252729e+01	1.485485e+01
2.250000e-06	1.809649e-06	2.484745e-10	1.283748e+01	1.662990e+01
2.260000e-06	1.853279e-06	2.806716e-10	1.314699e+01	1.840498e+01
2.270000e-06	1.896780e-06	3.083077e-10	1.345559e+01	2.017788e+01
2.280000e-06	1.940184e-06	3.334553e-10	1.376349e+01	2.194643e+01
2.290000e-06	1.983504e-06	3.572379e-10	1.407080e+01	2.370845e+01
2.300000e-06	2.026682e-06	3.816601e-10	1.437709e+01	2.546181e+01
2.310000e-06	2.069643e-06	4.071209e-10	1.468186e+01	2.720441e+01
2.320000e-06	2.112274e-06	4.329347e-10	1.498427e+01	2.893420e+01
2.330000e-06	2.154671e-06	4.606458e-10	1.528504e+01	3.064918e+01
2.340000e-06	2.196817e-06	4.883353e-10	1.558402e+01	3.234744e+01
2.350000e-06	2.238669e-06	5.114976e-10	1.588091e+01	3.402713e+01
2.360000e-06	2.280151e-06	5.339485e-10	1.617518e+01	3.568649e+01
2.370000e-06	2.321204e-06	5.589346e-10	1.646641e+01	3.732385e+01
2.380000e-06	2.361987e-06	5.856383e-10	1.675572e+01	3.893764e+01
2.390000e-06	2.402555e-06	6.113645e-10	1.704350e+01	4.052639e+01
2.400000e-06	2.442926e-06	6.342756e-10	1.732989e+01	4.208873e+01
2.410000e-06	2.483157e-06	6.545801e-10	1.761529e+01	4.362342e+01
2.420000e-06	2.523318e-06	6.776693e-10	1.790018e+01	4.512933e+01
2.430000e-06	2.563356e-06	7.068176e-10	1.818421e+01	4.660543e+01
2.440000e-06	2.603301e-06	7.373339e-10	1.846757e+01	4.805082e+01
2.450000e-06	2.643155e-06	7.632157e-10	1.875030e+01	4.946472e+01
2.460000e-06	2.682881e-06	7.853203e-10	1.903211e+01	5.084647e+01
2.470000e-06	2.722481e-06	8.060781e-10	1.931303e+01	5.219551e+01
2.480000e-06	2.761995e-06	8.227056e-10	1.959334e+01	5.351139e+01
2.490000e-06	2.801384e-06	8.388347e-10	1.987276e+01	5.479381e+01
2.500000e-06	2.840555e-06	8.573203e-10	2.015064e+01	5.604251e+01
2.510000e-06	2.879466e-06	8.779570e-10	2.042666e+01	5.725740e+01
2.520000e-06	2.918189e-06	9.016277e-10	2.070136e+01	5.843844e+01
2.530000e-06	2.956716e-06	9.274797e-10	2.097467e+01	5.958569e+01
2.540000e-06	2.994872e-06	9.516037e-10	2.124535e+01	6.069930e+01
2.550000e-06	3.032830e-06	9.710150e-10	2.151461e+01	6.177950e+01
2.560000e-06	3.070708e-06	9.844141e-10	2.178332e+01	6.282658e+01
2.570000e-06	3.108412e-06	9.937147e-10	2.205079e+01	6.384091e+01
2.580000e-06	3.145876e-06	1.002742e-09	2.231655e+01	6.482291e+01
2.590000e-06	3.183072e-06	1.014487e-09	2.258042e+01	6.577303e+01
2.600000e-06	3.220061e-06	1.030749e-09	2.284281e+01	6.669179e+01
2.610000e-06	3.256825e-06	1.052087e-09	2.310361e+01	6.757973e+01
2.620000e-06	3.293252e-06	1.073404e-09	2.336203e+01	6.843743e+01
2.630000e-06	3.329432e-06	1.089544e-09	2.361868e+01	6.926549e+01
2.640000e-06	3.365495e-06	1.100211e-09	2.387451e+01	7.006450e+01
2.650000e-06	3.401476e-06	1.107596e-09	2.412976e+01	7.083510e+01
2.660000e-06	3.437370e-06	1.113130e-09	2.438438e+01	7.157790e+01
2.670000e-06	3.473133e-06	1.116723e-09	2.463808e+01	7.229353e+01
2.680000e-06	3.508749e-06	1.121006e-09	2.489074e+01	7.298261e+01
2.690000e-06	3.544124e-06	1.129441e-09	2.514169e+01	7.364574e+01
2.700000e-06	3.579140e-06	1.144115e-09	2.539009e+01	7.428352e+01
2.710000e-06	3.613727e-06	1.161435e-09	2.563545e+01	7.489653e+01
2.720000e-06	3.647886e-06	1.175069e-09	2.587777e+01	7.548532e+01
2.730000e-06	3.681573e-06	1.184476e-09	2.611674e+01	7.605045e+01
2.740000e-06	3.714800e-06	1.191713e-09	2.635245e+01	7.659243e+01
2.750000e-06	3.747653e-06	1.195720e-09	2.658551e+01	7.711177e+01
2.760000e-06	3.780151e-06	1.197712e-09	2.681604e+01	7.760894e+01
2.770000e-06	3.812363e-06	1.200414e-09	2.704455e+01	7.808441e+01
2.780000e-06	3.844391e-06	1.207831e-09	2.727175e+01	7.853861e+01
2.790000e-06	3.876273e-06	1.219325e-09	2.749792e+01	7.897198e+01
2.800000e-06	3.907960e-06	1.227430e-09	2.772271e+01	7.938492e+01
2.810000e-06	3.939460e-06	1.229935e-09	2.794616e+01	7.977783e+01
2.820000e-06	3.970817e-06	1.231447e-09	2.816861e+01	8.015110e+01
2.830000e-06	4.001929e-06	1.234326e-09	2.838931e+01	8.050512e+01
2.840000e-06	4.032661e-06	1.236100e-09	2.860732e+01	8.084024e+01
2.850000e-06	4.063041e-06	1.237331e-09	2.882283e+01	8.115687e+01
2.860000e-06	4.093156e-06	1.241154e-09	2.903647e+01	8.145536e+01
2.870000e-06	4.122986e-06	1.246570e-09	2.924808e+01	8.173612e+01
2.880000e-06	4.152518e-06	1.253338e-09	2.945758e+01	8.199953e+01
2.890000e-06	4.181824e-06	1.257957e-09	2.966547e+01	8.224600e+01
2.900000e-06	4.210878e-06	1.257772e-09	2.987158e+01	8.247595e+01
2.910000e-06	4.239600e-06	1.261561e-09	3.007533e+01	8.268983e+01
2.920000e-06	4.268082e-06	1.268625e-09	3.027738e+01	8.288808e+01
2.930000e-06	4.296302e-06	1.270543e-09	3.047757e+01	8.307119e+01
2.940000e-06	4.324270e-06	1.267944e-09	3.067597e+01	8.323966e+01
2.950000e-06	4.352101e-06	1.266317e-09	3.087340e+01	8.339402e+01
2.960000e-06	4.379731e-06	1.268557e-09	3.106940e+01	8.353482e+01
2.970000e-06	4.407125e-06	1.271790e-09	3.126374e+01	8.366262e+01
2.980000e-06	4.434212e-06	1.270671e-09	3.145589e+01	8.377804e+01
2.990000e-06	4.460843e-06	1.268045e-09	3.164481e+01	8.388168e+01
3.000000e-06	4.486896e-06	1.268622e-09	3.182962e+01	8.397420e+01
3.010000e-06	4.512371e-06	1.270570e-09	3.201034e+01	8.405625e+01
3.020000e-06	4.537368e-06	1.273106e-09	3.218767e+01	8.412851e+01
3.030000e-06	4.561864e-06	1.276349e-09	3.236144e+01	8.419167e+01
3.040000e-06	4.586013e-06	1.281359e-09	3.253275e+01	8.424643e+01
3.050000e-06	4.609988e-06	1.284612e-09	3.270283e+01	8.429350e+01
3.060000e-06	4.633777e-06	1.282872e-09	3.287159e+01	8.433359e+01
3.070000e-06	4.657323e-06	1.278876e-09	3.303862e+01	8.436741e+01
3.080000e-06	4.680539e-06	1.279039e-09	3.320331e+01	8.439567e+01
3.090000e-06	4.703410e-06	1.282543e-09	3.336556e+01	8.441904e+01
3.100000e-06	4.725880e-06	1.286090e-09	3.352495e+01	8.443821e+01
3.110000e-06	4.748062e-06	1.290730e-09	3.368231e+01	8.445382e+01
3.120000e-06	4.770080e-06	1.294019e-09	3.383850e+01	8.446651e+01
3.130000e-06	4.791811e-06	1.294115e-09	3.399266e+01	8.447688e+01
3.140000e-06	4.813190e-06	1.290375e-09	3.414432e+01	8.448546e+01
3.150000e-06	4.834210e-06	1.284458e-09	3.429344e+01	8.449280e+01
3.160000e-06	4.854913e-06	1.277865e-09	3.444030e+01	8.449936e+01
3.170000e-06	4.875275e-06	1.279977e-09	3.458475e+01	8.450557e+01
3.180000e-06	4.895339e-06	1.286702e-09	3.472708e+01	8.451179e+01
3.190000e-06	4.915252e-06	1.292427e-09	3.486834e+01	8.451836e+01
3.200000e-06	4.934995e-06	1.298023e-09	3.500840e+01	8.452552e+01
3.210000e-06	4.954540e-06	1.301773e-09	3.514705e+01	8.453349e+01
3.220000e-06	4.973745e-06	1.300580e-09	3.528329e+01	8.454240e+01
3.230000e-06	4.992422e-06	1.289620e-09	3.541578e+01	8.455233e+01
3.240000e-06	5.010536e-06	1.280569e-09	3.554428e+01	8.456330e+01
3.250000e-06	5.028300e-06	1.280508e-09	3.567029e+01	8.457526e+01
3.260000e-06	5.045755e-06	1.288780e-09	3.579412e+01	8.458812e+01
3.270000e-06	5.062909e-06	1.299267e-09	3.591581e+01	8.460171e+01
3.280000e-06	5.079759e-06	1.305660e-09	3.603534e+01	8.461581e+01
3.290000e-06	5.096199e-06	1.308378e-09	3.615196e+01	8.463016e+01
3.300000e-06	5.112355e-06	1.307041e-09	3.626657e+01	8.464444e+01
3.310000e-06	5.128070e-06	1.299268e-09	3.637805e+01	8.465829e+01
3.320000e-06	5.143205e-06	1.289293e-09	3.648542e+01	8.467131e+01
3.330000e-06	5.157820e-06	1.285990e-09	3.658910e+01	8.468307e+01
3.340000e-06	5.172037e-06	1.292508e-09	3.668995e+01	8.469312e+01
3.350000e-06	5.186002e-06	1.299454e-09	3.678902e+01	8.470097e+01
3.360000e-06	5.199602e-06	1.301990e-09	3.688550e+01	8.470613e+01
3.370000e-06	5.212758e-06	1.302089e-09	3.697882e+01	8.470810e+01
3.380000e-06	5.225571e-06	1.298045e-09	3.706972e+01	8.470638e+01
3.390000e-06	5.237976e-06	1.288885e-09	3.715772e+01	8.470048e+01
3.400000e-06	5.249989e-06	1.281378e-09	3.724293e+01	8.468992e+01
3.410000e-06	5.261664e-06	1.278751e-09	3.732576e+01	8.467423e+01
3.420000e-06	5.272952e-06	1.279667e-09	3.740583e+01	8.465300e+01
3.430000e-06	5.283716e-06	1.279917e-09	3.748219e+01	8.462582e+01
3.440000e-06	5.293851e-06	1.279457e-09	3.755409e+01	8.459234e+01
3.450000e-06	5.303385e-06	1.279756e-09	3.762173e+01	8.455226e+01
3.460000e-06	5.312303e-06	1.278784e-09	3.768499e+01	8.450532e+01
3.470000e-06	5.320710e-06	1.276151e-09	3.774462e+01	8.445133e+01
3.480000e-06	5.328789e-06	1.273857e-09	3.780193e+01	8.439015e+01
3.490000e-06	5.336696e-06	1.275263e-09	3.785803e+01	8.432172e+01
3.500000e-06	5.344411e-06	1.276654e-09	3.791275e+01	8.424604e+01
3.510000e-06	5.351789e-06	1.274748e-09	3.796509e+01	8.416317e+01
3.520000e-06	5.358718e-06	1.269400e-09	3.801425e+01	8.407327e+01
3.530000e-06	5.365293e-06	1.265102e-09	3.806089e+01	8.397655e+01
3.540000e-06	5.371542e-06	1.263784e-09	3.810522e+01	8.387330e+01
3.550000e-06	5.377400e-06	1.264171e-09	3.814678e+01	8.376389e+01
3.560000e-06	5.382948e-06	1.265442e-09	3.818614e+01	8.364874e+01
3.570000e-06	5.388167e-06	1.270964e-09	3.822316e+01	8.352836e+01
3.580000e-06	5.392920e-06	1.276977e-09	3.825687e+01	8.340331e+01
3.590000e-06	5.397273e-06	1.276083e-09	3.828776e+01	8.327421e+01
3.600000e-06	5.401393e-06	1.269135e-09	3.831698e+01	8.314174e+01
3.610000e-06	5.405346e-06	1.261443e-09	3.834502e+01	8.300663e+01
3.620000e-06	5.409153e-06	1.255938e-09	3.837203e+01	8.286963e+01
3.630000e-06	5.412582e-06	1.253847e-09	3.839636e+01	8.273157e+01
3.640000e-06	5.415486e-06	1.256626e-09	3.841696e+01	8.259325e+01
3.650000e-06	5.417798e-06	1.262654e-09	3.843336e+01	8.245555e+01
3.660000e-06	5.419630e-06	1.270238e-09	3.844636e+01	8.231932e+01
3.670000e-06	5.420908e-06	1.275192e-09	3.845542e+01	8.218542e+01
3.680000e-06	5.421459e-06	1.273804e-09	3.845933e+01	8.205472e+01
3.690000e-06	5.421554e-06	1.267433e-09	3.846000e+01	8.192807e+01
3.700000e-06	5.421420e-06	1.258561e-09	3.845905e+01	8.180628e+01
3.710000e-06	5.421128e-06	1.251969e-09	3.845698e+01	8.169015e+01
3.720000e-06	5.420594e-06	1.248916e-09	3.845319e+01	8.158043e+01
3.730000e-06	5.419676e-06	1.249531e-09	3.844668e+01	8.147784e+01
3.740000e-06	5.418346e-06	1.250700e-09	3.843724e+01	8.138301e+01
3.750000e-06	5.416706e-06	1.251286e-09	3.842561e+01	8.129653e+01
3.760000e-06	5.414811e-06	1.252722e-09	3.841217e+01	8.121893e+01
3.770000e-06	5.412631e-06	1.241540e-09	3.839670e+01	8.115063e+01
3.780000e-06	5.410136e-06	1.235438e-09	3.837900e+01	8.109202e+01
3.790000e-06	5.407198e-06	1.226706e-09	3.835816e+01	8.104335e+01
3.800000e-06	5.403711e-06	1.166209e-09	3.833343e+01	8.100482e+01
3.810000e-06	5.399807e-06	1.163343e-09	3.830573e+01	8.097652e+01
3.820000e-06	5.395672e-06	1.204733e-09	3.827640e+01	8.095845e+01
3.830000e-06	5.391399e-06	1.233033e-09	3.824608e+01	8.095051e+01
3.840000e-06	5.386779e-06	1.192390e-09	3.821331e+01	8.095252e+01
3.850000e-06	5.381591e-06	1.144188e-09	3.817651e+01	8.096420e+01
3.860000e-06	5.375861e-06	1.222974e-09	3.813586e+01	8.098515e+01
3.870000e-06	5.369719e-06	1.254378e-09	3.809229e+01	8.101492e+01
3.880000e-06	5.363253e-06	1.180304e-09	3.804642e+01	8.105296e+01
3.890000e-06	5.356184e-06	1.108408e-09	3.799628e+01	8.109861e+01
3.900000e-06	5.348467e-06	1.200032e-09	3.794153e+01	8.115118e+01
3.910000e-06	5.340442e-06	1.253768e-09	3.788460e+01	8.120987e+01
3.920000e-06	5.332166e-06	1.165803e-09	3.782589e+01	8.127384e+01
3.930000e-06	5.323477e-06	1.126043e-09	3.776425e+01	8.134218e+01
3.940000e-06	5.314489e-06	1.214905e-09	3.770049e+01	8.141393e+01
3.950000e-06	5.305251e-06	1.239724e-09	3.763496e+01	8.148810e+01
3.960000e-06	5.295687e-06	1.137896e-09	3.756711e+01	8.156366e+01
3.970000e-06	5.285693e-06	1.146736e-09	3.749622e+01	8.163956e+01
3.980000e-06	5.275288e-06	1.252826e-09	3.742241e+01	8.171473e+01
3.990000e-06	5.264552e-06	1.250879e-09	3.734624e+01	8.178812e+01
4.000000e-06	5.253327e-06	1.193698e-09	3.726662e+01	8.185865e+01
4.010000e-06	5.241676e-06	1.252360e-09	3.718396e+01	8.192528e+01
4.020000e-06	5.229716e-06	1.303429e-09	3.709912e+01	8.198699e+01
4.030000e-06	5.217428e-06	1.249009e-09	3.701195e+01	8.204278e+01
4.040000e-06	5.204719e-06	1.205926e-09	3.692180e+01	8.209171e+01
4.050000e-06	5.191518e-06	1.272487e-09	3.682814e+01	8.213288e+01
4.060000e-06	5.177877e-06	1.254116e-09	3.673138e+01	8.216544e+01
4.070000e-06	5.163534e-06	1.219379e-09	3.662964e+01	8.218863e+01
4.080000e-06	5.148400e-06	1.254807e-09	3.652228e+01	8.220173e+01
4.090000e-06	5.132828e-06	1.300065e-09	3.641181e+01	8.220412e+01
4.100000e-06	5.116970e-06	1.239786e-09	3.629931e+01	8.219525e+01
4.110000e-06	5.100858e-06	1.217853e-09	3.618501e+01	8.217466e+01
4.120000e-06	5.084560e-06	1.249598e-09	3.606940e+01	8.214197e+01
4.130000e-06	5.068069e-06	1.225003e-09	3.595241e+01	8.209690e+01
4.140000e-06	5.051149e-06	1.187377e-09	3.583238e+01	8.203926e+01
4.150000e-06	5.033782e-06	1.221393e-09	3.570919e+01	8.196895e+01
4.160000e-06	5.016139e-06	1.243641e-09	3.558402e+01	8.188595e+01
4.170000e-06	4.998207e-06	1.221381e-09	3.545681e+01	8.179037e+01
4.180000e-06	4.979901e-06	1.226109e-09	3.532696e+01	8.168236e+01
4.190000e-06	4.961207e-06	1.234308e-09	3.519435e+01	8.156219e+01
4.200000e-06	4.942153e-06	1.212030e-09	3.505917e+01	8.143018e+01
4.210000e-06	4.922729e-06	1.191689e-09	3.492138e+01	8.128676e+01
4.220000e-06	4.903035e-06	1.208765e-09	3.478167e+01	8.113241e+01
4.230000e-06	4.883149e-06	1.207199e-09	3.464061e+01	8.096768e+01
4.240000e-06	4.863070e-06	1.204318e-09	3.449817e+01	8.079317e+01
4.250000e-06	4.842753e-06	1.207505e-09	3.435404e+01	8.060955e+01
4.260000e-06	4.822169e-06	1.215503e-09	3.420802e+01	8.041751e+01
4.270000e-06	4.801167e-06	1.198179e-09	3.405903e+01	8.021781e+01
4.280000e-06	4.779550e-06	1.191935e-09	3.390569e+01	8.001119e+01
4.290000e-06	4.757356e-06	1.189620e-09	3.374824e+01	7.979845e+01
4.300000e-06	4.734605e-06	1.191338e-09	3.358685e+01	7.958039e+01
4.310000e-06	4.711377e-06	1.170598e-09	3.342207e+01	7.935780e+01
4.320000e-06	4.687776e-06	1.171067e-09	3.325465e+01	7.913148e+01
4.330000e-06	4.663896e-06	1.170616e-09	3.308524e+01	7.890221e+01
4.340000e-06	4.639843e-06	1.162613e-09	3.291462e+01	7.867076e+01
4.350000e-06	4.615556e-06	1.146330e-09	3.274233e+01	7.843785e+01
4.360000e-06	4.590961e-06	1.151449e-09	3.256785e+01	7.820419e+01
4.370000e-06	4.566080e-06	1.146735e-09	3.239135e+01	7.797044e+01
4.380000e-06	4.540886e-06	1.143334e-09	3.221263e+01	7.773720e+01
4.390000e-06	4.515336e-06	1.143416e-09	3.203138e+01	7.750505e+01
4.400000e-06	4.489499e-06	1.143945e-09	3.184809e+01	7.727448e+01
4.410000e-06	4.463335e-06	1.132602e-09	3.166248e+01	7.704594e+01
4.420000e-06	4.436791e-06	1.127270e-09	3.147418e+01	7.681980e+01
4.430000e-06	4.409915e-06	1.121711e-09	3.128353e+01	7.659640e+01
4.440000e-06	4.382743e-06	1.117399e-09	3.109078e+01	7.637598e+01
4.450000e-06	4.355294e-06	1.119585e-09	3.089605e+01	7.615873e+01
4.460000e-06	4.327621e-06	1.122666e-09	3.069974e+01	7.594475e+01
4.470000e-06	4.299740e-06	1.124296e-09	3.050195e+01	7.573411e+01
4.480000e-06	4.271665e-06	1.122519e-09	3.030280e+01	7.552680e+01
4.490000e-06	4.243458e-06	1.121692e-09	3.010270e+01	7.532272e+01
4.500000e-06	4.214948e-06	1.120266e-09	2.990045e+01	7.512177e+01
4.510000e-06	4.185986e-06	1.122573e-09	2.969499e+01	7.492373e+01
4.520000e-06	4.156700e-06	1.117038e-09	2.948724e+01	7.472837e+01
4.530000e-06	4.127003e-06	1.114635e-09	2.927658e+01	7.453541e+01
4.540000e-06	4.096747e-06	1.115777e-09	2.906195e+01	7.434451e+01
4.550000e-06	4.065975e-06	1.123641e-09	2.884365e+01	7.415531e+01
4.560000e-06	4.034823e-06	1.121630e-09	2.862266e+01	7.396740e+01
4.570000e-06	4.003339e-06	1.117164e-09	2.839932e+01	7.378037e+01
4.580000e-06	3.971554e-06	1.109772e-09	2.817383e+01	7.359377e+01
4.590000e-06	3.939635e-06	1.109772e-09	2.794741e+01	7.340715e+01
4.600000e-06	3.907564e-06	1.104379e-09	2.771990e+01	7.322006e+01
4.610000e-06	3.875249e-06	1.099646e-09	2.749066e+01	7.303201e+01
4.620000e-06	3.842710e-06	1.092518e-09	2.725983e+01	7.284258e+01
4.630000e-06	3.809938e-06	1.090305e-09	2.702735e+01	7.265129e+01
4.640000e-06	3.776931e-06	1.084117e-09	2.679320e+01	7.245774e+01
4.650000e-06	3.743641e-06	1.080392e-09	2.655704e+01	7.226151e+01
4.660000e-06	3.710077e-06	1.074942e-09	2.631894e+01	7.206222e+01
4.670000e-06	3.676338e-06	1.072667e-09	2.607960e+01	7.185952e+01
4.680000e-06	3.642364e-06	1.069238e-09	2.583859e+01	7.165309e+01
4.690000e-06	3.608084e-06	1.067274e-09	2.559542e+01	7.144267e+01
4.700000e-06	3.573481e-06	1.065705e-09	2.534994e+01	7.122800e+01
4.710000e-06	3.538676e-06	1.065758e-09	2.510304e+01	7.100889e+01
4.720000e-06	3.503614e-06	1.060037e-09	2.485431e+01	7.078520e+01
4.730000e-06	3.468280e-06	1.052107e-09	2.460366e+01	7.055680e+01
4.740000e-06	3.432788e-06	1.047598e-09	2.435188e+01	7.032364e+01
4.750000e-06	3.397081e-06	1.048059e-09	2.409858e+01	7.008570e+01
4.760000e-06	3.361178e-06	1.049712e-09	2.384389e+01	6.984301e+01
4.770000e-06	3.325153e-06	1.045377e-09	2.358833e+01	6.959562e+01
4.780000e-06	3.289005e-06	1.040931e-09	2.333190e+01	6.934364e+01
4.790000e-06	3.252761e-06	1.035435e-09	2.307478e+01	6.908722e+01
4.800000e-06	3.216354e-06	1.027928e-09	2.281652e+01	6.882653e+01
4.810000e-06	3.179685e-06	1.016814e-09	2.255639e+01	6.856178e+01
4.820000e-06	3.142812e-06	1.008005e-09	2.229481e+01	6.829321e+01
4.830000e-06	3.105621e-06	1.000788e-09	2.203099e+01	6.802108e+01
4.840000e-06	3.067938e-06	9.985134e-10	2.176367e+01	6.774566e+01
4.850000e-06	3.029719e-06	9.965569e-10	2.149255e+01	6.746724e+01
4.860000e-06	2.991066e-06	9.985021e-10	2.121834e+01	6.718612e+01
4.870000e-06	2.952167e-06	1.000330e-09	2.094240e+01	6.690262e+01
4.880000e-06	2.912987e-06	1.001350e-09	2.066446e+01	6.661703e+01
4.890000e-06	2.873433e-06	9.949991e-10	2.038387e+01	6.632966e+01
4.900000e-06	2.833674e-06	9.828978e-10	2.010182e+01	6.604081e+01
4.910000e-06	2.793828e-06	9.725196e-10	1.981915e+01	6.575075e+01
4.920000e-06	2.753906e-06	9.653307e-10	1.953595e+01	6.545974e+01
4.930000e-06	2.713871e-06	9.572085e-10	1.925195e+01	6.516802e+01
4.940000e-06	2.673725e-06	9.525390e-10	1.896716e+01	6.487582e+01
4.950000e-06	2.633537e-06	9.547013e-10	1.868207e+01	6.458332e+01
4.960000e-06	2.593267e-06	9.622741e-10	1.839640e+01	6.429067e+01
4.970000e-06	2.552738e-06	9.631945e-10	1.810889e+01	6.399801e+01
4.980000e-06	2.511969e-06	9.592371e-10	1.781967e+01	6.370541e+01
4.990000e-06	2.471034e-06	9.519925e-10	1.752929e+01	6.341293e+01
5.000000e-06	2.429998e-06	9.436796e-10	1.723818e+01	6.312059e+01
5.010000e-06	2.388875e-06	9.316527e-10	1.694645e+01	6.282835e+01
5.020000e-06	2.347514e-06	9.174210e-10	1.665304e+01	6.253616e+01
5.030000e-06	2.305862e-06	9.096034e-10	1.635757e+01	6.224390e+01
5.040000e-06	2.263996e-06	9.128116e-10	1.606058e+01	6.195145e+01
5.050000e-06	2.222014e-06	9.202521e-10	1.576276e+01	6.165862e+01
5.060000e-06	2.179906e-06	9.245376e-10	1.546405e+01	6.136520e+01
5.070000e-06	2.137658e-06	9.235371e-10	1.516435e+01	6.107094e+01
5.080000e-06	2.095331e-06	9.170335e-10	1.486409e+01	6.077558e+01
5.090000e-06	2.052914e-06	9.070107e-10	1.456318e+01	6.047880e+01
5.100000e-06	2.010346e-06	8.956010e-10	1.426121e+01	6.018028e+01
5.110000e-06	1.967576e-06	8.864753e-10	1.395780e+01	5.987966e+01
5.120000e-06	1.924631e-06	8.831001e-10	1.365316e+01	5.957656e+01
5.130000e-06	1.881531e-06	8.852788e-10	1.334741e+01	5.927061e+01
5.140000e-06	1.838285e-06	8.889758e-10	1.304062e+01	5.896138e+01
5.150000e-06	1.794958e-06	8.917613e-10	1.273326e+01	5.864847e+01
5.160000e-06	1.751480e-06	8.901353e-10	1.242484e+01	5.833146e+01
5.170000e-06	1.707855e-06	8.838946e-10	1.211537e+01	5.800991e+01
5.180000e-06	1.664133e-06	8.756469e-10	1.180521e+01	5.768340e+01
5.190000e-06	1.620322e-06	8.644845e-10	1.149442e+01	5.735149e+01
5.200000e-06	1.576431e-06	8.549915e-10	1.118306e+01	5.701377e+01
5.210000e-06	1.532506e-06	8.509831e-10	1.087145e+01	5.666980e+01
5.220000e-06	1.488529e-06	8.461062e-10	1.055948e+01	5.631917e+01
5.230000e-06	1.444534e-06	8.414032e-10	1.024739e+01	5.596147e+01
5.240000e-06	1.400492e-06	8.382077e-10	9.934961e+00	5.559630e+01
5.250000e-06	1.356345e-06	8.375719e-10	9.621788e+00	5.522327e+01
5.260000e-06	1.312171e-06	8.371113e-10	9.308420e+00	5.484199e+01
5.270000e-06	1.267974e-06	8.334901e-10	8.994892e+00	5.445209e+01
5.280000e-06	1.223715e-06	8.255040e-10	8.680921e+00	5.405321e+01
5.290000e-06	1.179379e-06	8.158365e-10	8.366402e+00	5.364499e+01
5.300000e-06	1.135013e-06	8.027842e-10	8.051678e+00	5.322707e+01
5.310000e-06	1.090611e-06	7.912639e-10	7.736697e+00	5.279910e+01
5.320000e-06	1.046110e-06	7.831001e-10	7.421007e+00	5.236075e+01
5.330000e-06	1.001552e-06	7.823434e-10	7.104915e+00	5.191167e+01
5.340000e-06	9.569726e-07	7.834174e-10	6.788675e+00	5.145150e+01
5.350000e-06	9.122814e-07	7.807635e-10	6.471640e+00	5.097991e+01
5.360000e-06	8.674839e-07	7.745011e-10	6.153851e+00	5.049652e+01
5.370000e-06	8.226248e-07	7.669681e-10	5.835624e+00	5.000098e+01
5.380000e-06	7.776327e-07	7.571424e-10	5.516455e+00	4.949290e+01
5.390000e-06	7.325563e-07	7.423047e-10	5.196687e+00	4.897188e+01
5.400000e-06	6.875313e-07	7.271640e-10	4.877284e+00	4.843752e+01
5.410000e-06	6.424848e-07	7.191138e-10	4.557728e+00	4.788937e+01
5.420000e-06	5.973029e-07	7.136182e-10	4.237212e+00	4.732698e+01
5.430000e-06	5.521264e-07	7.050285e-10	3.916733e+00	4.674986e+01
5.440000e-06	5.069172e-07	6.957820e-10	3.596024e+00	4.615752e+01
5.450000e-06	4.616488e-07	6.881927e-10	3.274894e+00	4.554940e+01
5.460000e-06	4.163480e-07	6.807458e-10	2.953534e+00	4.492495e+01
5.470000e-06	3.709742e-07	6.704772e-10	2.631656e+00	4.428357e+01
5.480000e-06	3.255678e-07	6.580697e-10	2.309548e+00	4.362463e+01
5.490000e-06	2.801112e-07	6.451897e-10	1.987083e+00	4.294749e+01
5.500000e-06	2.346406e-07	6.340447e-10	1.664519e+00	4.225147e+01
5.510000e-06	1.891150e-07	6.227228e-10	1.341564e+00	4.153586e+01
5.520000e-06	1.435798e-07	6.110952e-10	1.018542e+00	4.079992e+01
5.530000e-06	9.815181e-08	6.015454e-10	6.962798e-01	4.004292e+01
5.540000e-06	5.269758e-08	5.960896e-10	3.738317e-01	3.926409e+01
5.550000e-06	7.189497e-09	5.885357e-10	5.100163e-02	3.846264e+01
5.560000e-06	-3.816818e-08	5.753110e-10	-2.707615e-01	3.763779e+01
5.570000e-06	-8.352189e-08	5.575077e-10	-5.924966e-01	3.678874e+01
5.580000e-06	-1.289905e-07	5.415424e-10	-9.150469e-01	3.591470e+01
5.590000e-06	-1.744602e-07	5.262288e-10	-1.237604e+00	3.501490e+01
5.600000e-06	-2.199722e-07	5.089279e-10	-1.560463e+00	3.408856e+01
5.610000e-06	-2.654380e-07	4.909125e-10	-1.882993e+00	3.313494e+01
5.620000e-06	-3.108399e-07	4.775231e-10	-2.205069e+00	3.215332e+01
5.630000e-06	-3.562156e-07	4.660782e-10	-2.526960e+00	3.114302e+01
5.640000e-06	-4.015154e-07	4.501011e-10	-2.848313e+00	3.010339e+01
5.650000e-06	-4.468563e-07	4.312202e-10	-3.169957e+00	2.903385e+01
5.660000e-06	-4.921881e-07	4.131491e-10	-3.491537e+00	2.793387e+01
5.670000e-06	-5.374034e-07	3.971869e-10	-3.812290e+00	2.680297e+01
5.680000e-06	-5.825520e-07	3.813761e-10	-4.132570e+00	2.564078e+01
5.690000e-06	-6.276728e-07	3.622426e-10	-4.452653e+00	2.444697e+01
5.700000e-06	-6.727499e-07	3.410038e-10	-4.772426e+00	2.322131e+01
5.710000e-06	-7.177362e-07	3.206970e-10	-5.091554e+00	2.196368e+01
5.720000e-06	-7.626495e-07	3.044093e-10	-5.410165e+00	2.067405e+01
5.730000e-06	-8.075557e-07	2.907434e-10	-5.728726e+00	1.935247e+01
5.740000e-06	-8.523498e-07	2.763804e-10	-6.046491e+00	1.799914e+01
5.750000e-06	-8.969940e-07	2.623986e-10	-6.363192e+00	1.661435e+01
5.760000e-06	-9.416208e-07	2.462382e-10	-6.679770e+00	1.519851e+01
5.770000e-06	-9.861782e-07	2.229471e-10	-6.995857e+00	1.375215e+01
5.780000e-06	-1.030563e-06	1.928816e-10	-7.310721e+00	1.227592e+01
5.790000e-06	-1.074889e-06	1.609379e-10	-7.625164e+00	1.077059e+01
5.800000e-06	-1.119233e-06	1.316933e-10	-7.939736e+00	9.237079e+00
5.810000e-06	-1.163467e-06	1.077969e-10	-8.253525e+00	7.676390e+00
5.820000e-06	-1.207618e-06	9.040894e-11	-8.566727e+00	6.089667e+00
5.830000e-06	-1.251808e-06	7.534996e-11	-8.880211e+00	4.478170e+00
5.840000e-06	-1.295959e-06	5.648930e-11	-9.193414e+00	2.843270e+00
5.850000e-06	-1.340043e-06	3.461432e-11	-9.506139e+00	1.186450e+00
5.860000e-06	-1.384142e-06	8.396238e-12	-9.818975e+00	-4.907025e-01
5.870000e-06	-1.428196e-06	-2.410583e-11	-1.013149e+01	-2.186503e+00
5.880000e-06	-1.472190e-06	-5.976318e-11	-1.044358e+01	-3.899173e+00
5.890000e-06	-1.516148e-06	-8.987948e-11	-1.075541e+01	-5.626851e+00
5.900000e-06	-1.560079e-06	-1.105765e-10	-1.106705e+01	-7.367602e+00
5.910000e-06	-1.603903e-06	-1.271997e-10	-1.137794e+01	-9.119420e+00
5.920000e-06	-1.647552e-06	-1.471202e-10	-1.168758e+01	-1.088024e+01
5.930000e-06	-1.691123e-06	-1.691282e-10	-1.199667e+01	-1.264796e+01
5.940000e-06	-1.734696e-06	-1.934207e-10	-1.230577e+01	-1.442044e+01
5.950000e-06	-1.778149e-06	-2.230553e-10	-1.261403e+01	-1.619549e+01
5.960000e-06	-1.821372e-06	-2.552804e-10	-1.292064e+01	-1.797092e+01
5.970000e-06	-1.864434e-06	-2.849640e-10	-1.322612e+01	-1.974456e+01
5.980000e-06	-1.907384e-06	-3.111460e-10	-1.353081e+01	-2.151419e+01
5.990000e-06	-1.950241e-06	-3.358336e-10	-1.383483e+01	-2.327767e+01
6.000000e-06	-1.992934e-06	-3.614502e-10	-1.413769e+01	-2.503283e+01
6.010000e-06	-2.035474e-06	-3.894280e-10	-1.443947e+01	-2.677758e+01
6.020000e-06	-2.077847e-06	-4.183706e-10	-1.474006e+01	-2.850986e+01
6.030000e-06	-2.120098e-06	-4.459793e-10	-1.503978e+01	-3.022766e+01
6.040000e-06	-2.162204e-06	-4.731378e-10	-1.533847e+01	-3.192905e+01
6.050000e-06	-2.204072e-06	-5.009588e-10	-1.563548e+01	-3.361218e+01
6.060000e-06	-2.245902e-06	-5.266042e-10	-1.593222e+01	-3.527526e+01
6.070000e-06	-2.287684e-06	-5.499899e-10	-1.622862e+01	-3.691661e+01
6.080000e-06	-2.329306e-06	-5.726883e-10	-1.652388e+01	-3.853465e+01
6.090000e-06	-2.370720e-06	-5.946789e-10	-1.681767e+01	-4.012788e+01
6.100000e-06	-2.411836e-06	-6.174376e-10	-1.710934e+01	-4.169493e+01
6.110000e-06	-2.452764e-06	-6.413040e-10	-1.739968e+01	-4.323452e+01
6.120000e-06	-2.493527e-06	-6.665609e-10	-1.768885e+01	-4.474551e+01
6.130000e-06	-2.534097e-06	-6.906037e-10	-1.797665e+01	-4.622686e+01
6.140000e-06	-2.574520e-06	-7.112953e-10	-1.826341e+01	-4.767764e+01
6.150000e-06	-2.614776e-06	-7.297852e-10	-1.854898e+01	-4.909706e+01
6.160000e-06	-2.654911e-06	-7.470589e-10	-1.883369e+01	-5.048442e+01
6.170000e-06	-2.694943e-06	-7.664185e-10	-1.911767e+01	-5.183916e+01
6.180000e-06	-2.734901e-06	-7.883719e-10	-1.940114e+01	-5.316081e+01
6.190000e-06	-2.774790e-06	-8.093950e-10	-1.968410e+01	-5.444903e+01
6.200000e-06	-2.814552e-06	-8.280661e-10	-1.996617e+01	-5.570358e+01
6.210000e-06	-2.854169e-06	-8.451194e-10	-2.024721e+01	-5.692433e+01
6.220000e-06	-2.893660e-06	-8.605354e-10	-2.052735e+01	-5.811122e+01
6.230000e-06	-2.932881e-06	-8.735915e-10	-2.080558e+01	-5.926430e+01
6.240000e-06	-2.971710e-06	-8.864985e-10	-2.108104e+01	-6.038372e+01
6.250000e-06	-3.010169e-06	-9.026336e-10	-2.135386e+01	-6.146969e+01
6.260000e-06	-3.048159e-06	-9.207428e-10	-2.162336e+01	-6.252248e+01
6.270000e-06	-3.085827e-06	-9.370696e-10	-2.189057e+01	-6.354246e+01
6.280000e-06	-3.123210e-06	-9.500826e-10	-2.215576e+01	-6.453002e+01
6.290000e-06	-3.160168e-06	-9.635287e-10	-2.241794e+01	-6.548563e+01
6.300000e-06	-3.196823e-06	-9.776736e-10	-2.267796e+01	-6.640980e+01
6.310000e-06	-3.233326e-06	-9.908768e-10	-2.293692e+01	-6.730306e+01
6.320000e-06	-3.269628e-06	-1.002612e-09	-2.319444e+01	-6.816597e+01
6.330000e-06	-3.305707e-06	-1.015334e-09	-2.345038e+01	-6.899914e+01
6.340000e-06	-3.341676e-06	-1.030313e-09	-2.370554e+01	-6.980316e+01
6.350000e-06	-3.377548e-06	-1.045952e-09	-2.396001e+01	-7.057867e+01
6.360000e-06	-3.413309e-06	-1.058720e-09	-2.421370e+01	-7.132627e+01
6.370000e-06	-3.448831e-06	-1.067016e-09	-2.446569e+01	-7.204660e+01
6.380000e-06	-3.484085e-06	-1.072308e-09	-2.471578e+01	-7.274028e+01
6.390000e-06	-3.518998e-06	-1.076146e-09	-2.496344e+01	-7.340791e+01
6.400000e-06	-3.553628e-06	-1.080127e-09	-2.520911e+01	-7.405008e+01
6.410000e-06	-3.588224e-06	-1.085845e-09	-2.545453e+01	-7.466739e+01
6.420000e-06	-3.622483e-06	-1.097198e-09	-2.569756e+01	-7.526040e+01
6.430000e-06	-3.656396e-06	-1.113417e-09	-2.593814e+01	-7.582965e+01
6.440000e-06	-3.690144e-06	-1.127495e-09	-2.617754e+01	-7.637567e+01
6.450000e-06	-3.723647e-06	-1.134990e-09	-2.641521e+01	-7.689896e+01
6.460000e-06	-3.756882e-06	-1.137506e-09	-2.665097e+01	-7.740001e+01
6.470000e-06	-3.789857e-06	-1.137667e-09	-2.688490e+01	-7.787928e+01
6.480000e-06	-3.822516e-06	-1.140375e-09	-2.711658e+01	-7.833721e+01
6.490000e-06	-3.854947e-06	-1.145603e-09	-2.734663e+01	-7.877424e+01
6.500000e-06	-3.887250e-06	-1.152236e-09	-2.757579e+01	-7.919077e+01
6.510000e-06	-3.919312e-06	-1.162141e-09	-2.780324e+01	-7.958720e+01
6.520000e-06	-3.951137e-06	-1.173759e-09	-2.802900e+01	-7.996394e+01
6.530000e-06	-3.982735e-06	-1.182632e-09	-2.825315e+01	-8.032135e+01
6.540000e-06	-4.014044e-06	-1.185045e-09	-2.847526e+01	-8.065981e+01
6.550000e-06	-4.044932e-06	-1.183722e-09	-2.869437e+01	-8.097970e+01
6.560000e-06	-4.075312e-06	-1.184753e-09	-2.890988e+01	-8.128141e+01
6.570000e-06	-4.105350e-06	-1.188888e-09	-2.912297e+01	-8.156531e+01
6.580000e-06	-4.134908e-06	-1.192314e-09	-2.933266e+01	-8.183180e+01
6.590000e-06	-4.163981e-06	-1.194814e-09	-2.953889e+01	-8.208128e+01
6.600000e-06	-4.192783e-06	-1.197618e-09	-2.974321e+01	-8.231417e+01
6.610000e-06	-4.221250e-06	-1.201503e-09	-2.994516e+01	-8.253090e+01
6.620000e-06	-4.249455e-06	-1.206056e-09	-3.014524e+01	-8.273194e+01
6.630000e-06	-4.277490e-06	-1.210779e-09	-3.034412e+01	-8.291775e+01
6.640000e-06	-4.305357e-06	-1.215433e-09	-3.054181e+01	-8.308884e+01
6.650000e-06	-4.333095e-06	-1.217381e-09	-3.073858e+01	-8.324573e+01
6.660000e-06	-4.360527e-06	-1.216159e-09	-3.093318e+01	-8.338896e+01
6.670000e-06	-4.387475e-06	-1.214454e-09	-3.112434e+01	-8.351911e+01
6.680000e-06	-4.414115e-06	-1.214278e-09	-3.131333e+01	-8.363676e+01
6.690000e-06	-4.440550e-06	-1.216227e-09	-3.150085e+01	-8.374254e+01
6.700000e-06	-4.466664e-06	-1.218445e-09	-3.168610e+01	-8.383708e+01
6.710000e-06	-4.492392e-06	-1.220165e-09	-3.186861e+01	-8.392104e+01
6.720000e-06	-4.517750e-06	-1.225222e-09	-3.204850e+01	-8.399510e+01
6.730000e-06	-4.542726e-06	-1.232775e-09	-3.222568e+01	-8.405994e+01
6.740000e-06	-4.567424e-06	-1.237134e-09	-3.240089e+01	-8.411626e+01
6.750000e-06	-4.591854e-06	-1.237305e-09	-3.257419e+01	-8.416478e+01
6.760000e-06	-4.616015e-06	-1.237133e-09	-3.274558e+01	-8.420620e+01
6.770000e-06	-4.639999e-06	-1.239013e-09	-3.291573e+01	-8.424123e+01
6.780000e-06	-4.663857e-06	-1.240209e-09	-3.308497e+01	-8.427058e+01
6.790000e-06	-4.687467e-06	-1.241139e-09	-3.325246e+01	-8.429493e+01
6.800000e-06	-4.710727e-06	-1.243850e-09	-3.341746e+01	-8.431497e+01
6.810000e-06	-4.733624e-06	-1.247003e-09	-3.357989e+01	-8.433135e+01
6.820000e-06	-4.755820e-06	-1.248401e-09	-3.373735e+01	-8.434470e+01
6.830000e-06	-4.777342e-06	-1.247557e-09	-3.389002e+01	-8.435562e+01
6.840000e-06	-4.798465e-06	-1.246347e-09	-3.403987e+01	-8.436469e+01
6.850000e-06	-4.819136e-06	-1.245831e-09	-3.418650e+01	-8.437241e+01
6.860000e-06	-4.839415e-06	-1.245255e-09	-3.433036e+01	-8.437928e+01
6.870000e-06	-4.859483e-06	-1.244933e-09	-3.447272e+01	-8.438573e+01
6.880000e-06	-4.879388e-06	-1.246406e-09	-3.461393e+01	-8.439215e+01
6.890000e-06	-4.899055e-06	-1.249769e-09	-3.475344e+01	-8.439885e+01
6.900000e-06	-4.918448e-06	-1.252001e-09	-3.489101e+01	-8.440611e+01
6.910000e-06	-4.937500e-06	-1.251725e-09	-3.502617e+01	-8.441415e+01
6.920000e-06	-4.956090e-06	-1.251714e-09	-3.515805e+01	-8.442311e+01
6.930000e-06	-4.974338e-06	-1.253791e-09	-3.528749e+01	-8.443308e+01
6.940000e-06	-4.992366e-06	-1.256545e-09	-3.541538e+01	-8.444409e+01
6.950000e-06	-5.010081e-06	-1.256315e-09	-3.554105e+01	-8.445611e+01
6.960000e-06	-5.027499e-06	-1.254997e-09	-3.566461e+01	-8.446904e+01
6.970000e-06	-5.044546e-06	-1.256979e-09	-3.578554e+01	-8.448274e+01
6.980000e-06	-5.061224e-06	-1.258406e-09	-3.590385e+01	-8.449698e+01
6.990000e-06	-5.077604e-06	-1.254298e-09	-3.602005e+01	-8.451153e+01
7.000000e-06	-5.093717e-06	-1.248676e-09	-3.613436e+01	-8.452606e+01
7.010000e-06	-5.109657e-06	-1.247537e-09	-3.624744e+01	-8.454022e+01
7.020000e-06	-5.125259e-06	-1.249103e-09	-3.635811e+01	-8.455362e+01
7.030000e-06	-5.140431e-06	-1.249298e-09	-3.646574e+01	-8.456584e+01
7.040000e-06	-5.154999e-06	-1.249288e-09	-3.656909e+01	-8.457642e+01
7.050000e-06	-5.168764e-06	-1.249788e-09	-3.666673e+01	-8.458489e+01
7.060000e-06	-5.181976e-06	-1.248287e-09	-3.676046e+01	-8.459074e+01
7.070000e-06	-5.194734e-06	-1.243289e-09	-3.685097e+01	-8.459350e+01
7.080000e-06	-5.207145e-06	-1.237493e-09	-3.693901e+01	-8.459264e+01
7.090000e-06	-5.219231e-06	-1.234869e-09	-3.702474e+01	-8.458768e+01
7.100000e-06	-5.230948e-06	-1.236358e-09	-3.710786e+01	-8.457814e+01
7.110000e-06	-5.242296e-06	-1.237624e-09	-3.718836e+01	-8.456356e+01
7.120000e-06	-5.253173e-06	-1.236244e-09	-3.726552e+01	-8.454349e+01
7.130000e-06	-5.263708e-06	-1.234780e-09	-3.734026e+01	-8.451754e+01
7.140000e-06	-5.273982e-06	-1.233872e-09	-3.741314e+01	-8.448535e+01
7.150000e-06	-5.283923e-06	-1.231594e-09	-3.748366e+01	-8.444660e+01
7.160000e-06	-5.293522e-06	-1.225382e-09	-3.755175e+01	-8.440104e+01
7.170000e-06	-5.302673e-06	-1.219653e-09	-3.761667e+01	-8.434845e+01
7.180000e-06	-5.311321e-06	-1.218237e-09	-3.767802e+01	-8.428869e+01
7.190000e-06	-5.319654e-06	-1.218371e-09	-3.773713e+01	-8.422168e+01
7.200000e-06	-5.327840e-06	-1.215585e-09	-3.779520e+01	-8.414742e+01
7.210000e-06	-5.335856e-06	-1.213525e-09	-3.785207e+01	-8.406595e+01
7.220000e-06	-5.343635e-06	-1.217451e-09	-3.790725e+01	-8.397743e+01
7.230000e-06	-5.351070e-06	-1.220693e-09	-3.795999e+01	-8.388204e+01
7.240000e-06	-5.357984e-06	-1.219564e-09	-3.800904e+01	-8.378007e+01
7.250000e-06	-5.364268e-06	-1.215178e-09	-3.805362e+01	-8.367187e+01
7.260000e-06	-5.369905e-06	-1.211587e-09	-3.809361e+01	-8.355786e+01
7.270000e-06	-5.374976e-06	-1.209325e-09	-3.812958e+01	-8.343853e+01
7.280000e-06	-5.379540e-06	-1.205437e-09	-3.816196e+01	-8.331443e+01
7.290000e-06	-5.383744e-06	-1.200505e-09	-3.819178e+01	-8.318617e+01
7.300000e-06	-5.387812e-06	-1.197860e-09	-3.822064e+01	-8.305443e+01
7.310000e-06	-5.391758e-06	-1.199530e-09	-3.824863e+01	-8.291992e+01
7.320000e-06	-5.395382e-06	-1.202065e-09	-3.827434e+01	-8.278340e+01
7.330000e-06	-5.398545e-06	-1.204122e-09	-3.829678e+01	-8.264567e+01
7.340000e-06	-5.401304e-06	-1.206961e-09	-3.831635e+01	-8.250755e+01
7.350000e-06	-5.403662e-06	-1.208174e-09	-3.833308e+01	-8.236990e+01
7.360000e-06	-5.405703e-06	-1.203363e-09	-3.834755e+01	-8.223358e+01
7.370000e-06	-5.407516e-06	-1.194779e-09	-3.836042e+01	-8.209944e+01
7.380000e-06	-5.408940e-06	-1.185511e-09	-3.837052e+01	-8.196837e+01
7.390000e-06	-5.409946e-06	-1.180154e-09	-3.837765e+01	-8.184119e+01
7.400000e-06	-5.410602e-06	-1.180894e-09	-3.838231e+01	-8.171875e+01
