# Temperatura_=_-2.2
# Concentracion g/m^3_=_4090.0
# C_Vs_to_Am_M_A/Vsm_=_65563218390.804596
# pendiente_HvsI_1/m_=_3716.3
# ordenada_HvsI_A/m_=_1297.0
# frecuencia_Hz_=_135070.1528932355

Tiempo_(s)	Campo_(V.s)	Magnetizacion_(V.s)	Campo_(kA/m)	Magnetizacion_(A/m)
0.000000e+00	-5.401107e-06	-1.890694e-09	-3.839508e+01	-1.273762e+02
1.000000e-08	-5.401221e-06	-1.886439e-09	-3.839589e+01	-1.272798e+02
2.000000e-08	-5.401132e-06	-1.881150e-09	-3.839526e+01	-1.271871e+02
3.000000e-08	-5.400711e-06	-1.874542e-09	-3.839227e+01	-1.270986e+02
4.000000e-08	-5.399924e-06	-1.872804e-09	-3.838667e+01	-1.270148e+02
5.000000e-08	-5.398638e-06	-1.877853e-09	-3.837753e+01	-1.269361e+02
6.000000e-08	-5.396671e-06	-1.885759e-09	-3.836355e+01	-1.268629e+02
7.000000e-08	-5.394047e-06	-1.883552e-09	-3.834490e+01	-1.267953e+02
8.000000e-08	-5.390829e-06	-1.871671e-09	-3.832202e+01	-1.267337e+02
9.000000e-08	-5.387094e-06	-1.868515e-09	-3.829547e+01	-1.266782e+02
1.000000e-07	-5.382876e-06	-1.887852e-09	-3.826548e+01	-1.266289e+02
1.100000e-07	-5.378407e-06	-1.881106e-09	-3.823371e+01	-1.265859e+02
1.200000e-07	-5.373956e-06	-1.853009e-09	-3.820207e+01	-1.265490e+02
1.300000e-07	-5.369338e-06	-1.864026e-09	-3.816924e+01	-1.265182e+02
1.400000e-07	-5.364241e-06	-1.886535e-09	-3.813301e+01	-1.264934e+02
1.500000e-07	-5.358672e-06	-1.893721e-09	-3.809342e+01	-1.264741e+02
1.600000e-07	-5.352766e-06	-1.862387e-09	-3.805144e+01	-1.264601e+02
1.700000e-07	-5.346445e-06	-1.855501e-09	-3.800650e+01	-1.264511e+02
1.800000e-07	-5.339583e-06	-1.891741e-09	-3.795773e+01	-1.264465e+02
1.900000e-07	-5.332386e-06	-1.896196e-09	-3.790656e+01	-1.264459e+02
2.000000e-07	-5.325063e-06	-1.906067e-09	-3.785450e+01	-1.264486e+02
2.100000e-07	-5.317524e-06	-1.914004e-09	-3.780091e+01	-1.264540e+02
2.200000e-07	-5.309650e-06	-1.954496e-09	-3.774494e+01	-1.264615e+02
2.300000e-07	-5.301498e-06	-1.961450e-09	-3.768698e+01	-1.264703e+02
2.400000e-07	-5.293016e-06	-1.984461e-09	-3.762669e+01	-1.264797e+02
2.500000e-07	-5.283898e-06	-2.004111e-09	-3.756188e+01	-1.264889e+02
2.600000e-07	-5.274002e-06	-2.019618e-09	-3.749152e+01	-1.264970e+02
2.700000e-07	-5.263487e-06	-2.010013e-09	-3.741678e+01	-1.265033e+02
2.800000e-07	-5.252546e-06	-2.009594e-09	-3.733900e+01	-1.265069e+02
2.900000e-07	-5.241128e-06	-1.996050e-09	-3.725783e+01	-1.265070e+02
3.000000e-07	-5.229357e-06	-1.980084e-09	-3.717415e+01	-1.265026e+02
3.100000e-07	-5.217263e-06	-1.991636e-09	-3.708818e+01	-1.264931e+02
3.200000e-07	-5.204708e-06	-2.013382e-09	-3.699893e+01	-1.264777e+02
3.300000e-07	-5.191775e-06	-2.007002e-09	-3.690700e+01	-1.264554e+02
3.400000e-07	-5.178568e-06	-1.981320e-09	-3.681311e+01	-1.264256e+02
3.500000e-07	-5.164967e-06	-1.999577e-09	-3.671642e+01	-1.263876e+02
3.600000e-07	-5.150811e-06	-2.003380e-09	-3.661579e+01	-1.263408e+02
3.700000e-07	-5.136181e-06	-1.976330e-09	-3.651179e+01	-1.262844e+02
3.800000e-07	-5.121034e-06	-1.948463e-09	-3.640412e+01	-1.262180e+02
3.900000e-07	-5.105264e-06	-1.962993e-09	-3.629201e+01	-1.261411e+02
4.000000e-07	-5.089021e-06	-1.968646e-09	-3.617655e+01	-1.260532e+02
4.100000e-07	-5.072485e-06	-1.968312e-09	-3.605899e+01	-1.259541e+02
4.200000e-07	-5.055571e-06	-1.962828e-09	-3.593876e+01	-1.258433e+02
4.300000e-07	-5.038229e-06	-1.965376e-09	-3.581548e+01	-1.257207e+02
4.400000e-07	-5.020717e-06	-1.962232e-09	-3.569099e+01	-1.255862e+02
4.500000e-07	-5.002974e-06	-1.968058e-09	-3.556486e+01	-1.254396e+02
4.600000e-07	-4.984855e-06	-1.949574e-09	-3.543606e+01	-1.252810e+02
4.700000e-07	-4.966395e-06	-1.936144e-09	-3.530483e+01	-1.251106e+02
4.800000e-07	-4.947481e-06	-1.935816e-09	-3.517037e+01	-1.249283e+02
4.900000e-07	-4.928101e-06	-1.949311e-09	-3.503260e+01	-1.247345e+02
5.000000e-07	-4.908435e-06	-1.932815e-09	-3.489280e+01	-1.245295e+02
5.100000e-07	-4.888636e-06	-1.925461e-09	-3.475206e+01	-1.243136e+02
5.200000e-07	-4.868622e-06	-1.929663e-09	-3.460978e+01	-1.240872e+02
5.300000e-07	-4.848339e-06	-1.937835e-09	-3.446560e+01	-1.238508e+02
5.400000e-07	-4.827755e-06	-1.929832e-09	-3.431927e+01	-1.236050e+02
5.500000e-07	-4.806837e-06	-1.925223e-09	-3.417057e+01	-1.233503e+02
5.600000e-07	-4.785605e-06	-1.917097e-09	-3.401963e+01	-1.230872e+02
5.700000e-07	-4.764030e-06	-1.915722e-09	-3.386627e+01	-1.228165e+02
5.800000e-07	-4.742154e-06	-1.907834e-09	-3.371075e+01	-1.225388e+02
5.900000e-07	-4.719970e-06	-1.892699e-09	-3.355306e+01	-1.222548e+02
6.000000e-07	-4.697401e-06	-1.881879e-09	-3.339262e+01	-1.219652e+02
6.100000e-07	-4.674457e-06	-1.888722e-09	-3.322952e+01	-1.216707e+02
6.200000e-07	-4.651133e-06	-1.895747e-09	-3.306371e+01	-1.213719e+02
6.300000e-07	-4.627545e-06	-1.891105e-09	-3.289603e+01	-1.210696e+02
6.400000e-07	-4.603804e-06	-1.889369e-09	-3.272726e+01	-1.207644e+02
6.500000e-07	-4.579856e-06	-1.888473e-09	-3.255702e+01	-1.204571e+02
6.600000e-07	-4.555657e-06	-1.884197e-09	-3.238499e+01	-1.201481e+02
6.700000e-07	-4.531173e-06	-1.870978e-09	-3.221095e+01	-1.198382e+02
6.800000e-07	-4.506336e-06	-1.861214e-09	-3.203438e+01	-1.195279e+02
6.900000e-07	-4.480877e-06	-1.853644e-09	-3.185340e+01	-1.192176e+02
7.000000e-07	-4.454858e-06	-1.854860e-09	-3.166844e+01	-1.189078e+02
7.100000e-07	-4.428416e-06	-1.851877e-09	-3.148047e+01	-1.185991e+02
7.200000e-07	-4.401492e-06	-1.850401e-09	-3.128908e+01	-1.182916e+02
7.300000e-07	-4.374200e-06	-1.847055e-09	-3.109507e+01	-1.179858e+02
7.400000e-07	-4.346613e-06	-1.849961e-09	-3.089895e+01	-1.176818e+02
7.500000e-07	-4.318838e-06	-1.842790e-09	-3.070151e+01	-1.173799e+02
7.600000e-07	-4.290894e-06	-1.834205e-09	-3.050287e+01	-1.170802e+02
7.700000e-07	-4.262738e-06	-1.824364e-09	-3.030271e+01	-1.167828e+02
7.800000e-07	-4.234331e-06	-1.821300e-09	-3.010077e+01	-1.164876e+02
7.900000e-07	-4.205610e-06	-1.813956e-09	-2.989660e+01	-1.161946e+02
8.000000e-07	-4.176600e-06	-1.810345e-09	-2.969037e+01	-1.159037e+02
8.100000e-07	-4.147324e-06	-1.805156e-09	-2.948226e+01	-1.156148e+02
8.200000e-07	-4.117719e-06	-1.804969e-09	-2.927181e+01	-1.153277e+02
8.300000e-07	-4.087795e-06	-1.801195e-09	-2.905909e+01	-1.150420e+02
8.400000e-07	-4.057528e-06	-1.796235e-09	-2.884392e+01	-1.147575e+02
8.500000e-07	-4.026898e-06	-1.789128e-09	-2.862618e+01	-1.144739e+02
8.600000e-07	-3.996037e-06	-1.781546e-09	-2.840680e+01	-1.141908e+02
8.700000e-07	-3.965006e-06	-1.772543e-09	-2.818621e+01	-1.139078e+02
8.800000e-07	-3.933836e-06	-1.764737e-09	-2.796463e+01	-1.136245e+02
8.900000e-07	-3.902436e-06	-1.756268e-09	-2.774142e+01	-1.133404e+02
9.000000e-07	-3.870788e-06	-1.751189e-09	-2.751644e+01	-1.130552e+02
9.100000e-07	-3.839008e-06	-1.748332e-09	-2.729052e+01	-1.127683e+02
9.200000e-07	-3.807084e-06	-1.748551e-09	-2.706358e+01	-1.124793e+02
9.300000e-07	-3.774886e-06	-1.750743e-09	-2.683470e+01	-1.121877e+02
9.400000e-07	-3.742358e-06	-1.750730e-09	-2.660346e+01	-1.118931e+02
9.500000e-07	-3.709477e-06	-1.746016e-09	-2.636972e+01	-1.115951e+02
9.600000e-07	-3.676151e-06	-1.732579e-09	-2.613281e+01	-1.112932e+02
9.700000e-07	-3.642459e-06	-1.718636e-09	-2.589331e+01	-1.109871e+02
9.800000e-07	-3.608363e-06	-1.706448e-09	-2.565093e+01	-1.106764e+02
9.900000e-07	-3.573756e-06	-1.699558e-09	-2.540491e+01	-1.103607e+02
1.000000e-06	-3.538789e-06	-1.697025e-09	-2.515634e+01	-1.100398e+02
1.010000e-06	-3.503548e-06	-1.700866e-09	-2.490582e+01	-1.097134e+02
1.020000e-06	-3.468075e-06	-1.703495e-09	-2.465366e+01	-1.093813e+02
1.030000e-06	-3.432433e-06	-1.703050e-09	-2.440028e+01	-1.090433e+02
1.040000e-06	-3.396636e-06	-1.694326e-09	-2.414581e+01	-1.086992e+02
1.050000e-06	-3.360698e-06	-1.683219e-09	-2.389034e+01	-1.083490e+02
1.060000e-06	-3.324594e-06	-1.668980e-09	-2.363368e+01	-1.079925e+02
1.070000e-06	-3.288319e-06	-1.657959e-09	-2.337581e+01	-1.076297e+02
1.080000e-06	-3.251906e-06	-1.650720e-09	-2.311697e+01	-1.072607e+02
1.090000e-06	-3.215270e-06	-1.650113e-09	-2.285653e+01	-1.068855e+02
1.100000e-06	-3.178314e-06	-1.650605e-09	-2.259382e+01	-1.065042e+02
1.110000e-06	-3.141042e-06	-1.650970e-09	-2.232886e+01	-1.061168e+02
1.120000e-06	-3.103546e-06	-1.644621e-09	-2.206231e+01	-1.057236e+02
1.130000e-06	-3.065910e-06	-1.635227e-09	-2.179477e+01	-1.053247e+02
1.140000e-06	-3.028054e-06	-1.624335e-09	-2.152565e+01	-1.049203e+02
1.150000e-06	-2.989939e-06	-1.616848e-09	-2.125471e+01	-1.045107e+02
1.160000e-06	-2.951650e-06	-1.609599e-09	-2.098252e+01	-1.040959e+02
1.170000e-06	-2.913241e-06	-1.603571e-09	-2.070948e+01	-1.036764e+02
1.180000e-06	-2.874647e-06	-1.597821e-09	-2.043513e+01	-1.032522e+02
1.190000e-06	-2.835772e-06	-1.592686e-09	-2.015877e+01	-1.028238e+02
1.200000e-06	-2.796543e-06	-1.589099e-09	-1.987991e+01	-1.023912e+02
1.210000e-06	-2.757154e-06	-1.584543e-09	-1.959990e+01	-1.019548e+02
1.220000e-06	-2.717734e-06	-1.579127e-09	-1.931967e+01	-1.015147e+02
1.230000e-06	-2.678154e-06	-1.573458e-09	-1.903831e+01	-1.010712e+02
1.240000e-06	-2.638432e-06	-1.565493e-09	-1.875593e+01	-1.006245e+02
1.250000e-06	-2.598611e-06	-1.554871e-09	-1.847286e+01	-1.001747e+02
1.260000e-06	-2.558638e-06	-1.547207e-09	-1.818870e+01	-9.972192e+01
1.270000e-06	-2.518552e-06	-1.540797e-09	-1.790374e+01	-9.926637e+01
1.280000e-06	-2.478410e-06	-1.534632e-09	-1.761838e+01	-9.880807e+01
1.290000e-06	-2.438178e-06	-1.525256e-09	-1.733238e+01	-9.834709e+01
1.300000e-06	-2.397888e-06	-1.516337e-09	-1.704597e+01	-9.788344e+01
1.310000e-06	-2.357451e-06	-1.507418e-09	-1.675851e+01	-9.741708e+01
1.320000e-06	-2.316695e-06	-1.499730e-09	-1.646879e+01	-9.694796e+01
1.330000e-06	-2.275657e-06	-1.491532e-09	-1.617706e+01	-9.647599e+01
1.340000e-06	-2.234300e-06	-1.485752e-09	-1.588307e+01	-9.600103e+01
1.350000e-06	-2.192566e-06	-1.481488e-09	-1.558639e+01	-9.552291e+01
1.360000e-06	-2.150542e-06	-1.476602e-09	-1.528765e+01	-9.504142e+01
1.370000e-06	-2.108371e-06	-1.467458e-09	-1.498786e+01	-9.455631e+01
1.380000e-06	-2.065959e-06	-1.456446e-09	-1.468637e+01	-9.406732e+01
1.390000e-06	-2.023253e-06	-1.447120e-09	-1.438279e+01	-9.357414e+01
1.400000e-06	-1.980345e-06	-1.440621e-09	-1.407776e+01	-9.307644e+01
1.410000e-06	-1.937205e-06	-1.432917e-09	-1.377109e+01	-9.257386e+01
1.420000e-06	-1.893927e-06	-1.425095e-09	-1.346344e+01	-9.206600e+01
1.430000e-06	-1.850527e-06	-1.419567e-09	-1.315492e+01	-9.155248e+01
1.440000e-06	-1.806976e-06	-1.414343e-09	-1.284533e+01	-9.103288e+01
1.450000e-06	-1.763288e-06	-1.405752e-09	-1.253476e+01	-9.050675e+01
1.460000e-06	-1.719548e-06	-1.395145e-09	-1.222382e+01	-8.997367e+01
1.470000e-06	-1.675761e-06	-1.385484e-09	-1.191256e+01	-8.943318e+01
1.480000e-06	-1.631864e-06	-1.377217e-09	-1.160050e+01	-8.888482e+01
1.490000e-06	-1.587907e-06	-1.369022e-09	-1.128802e+01	-8.832816e+01
1.500000e-06	-1.543867e-06	-1.361042e-09	-1.097496e+01	-8.776273e+01
1.510000e-06	-1.499768e-06	-1.353283e-09	-1.066147e+01	-8.718809e+01
1.520000e-06	-1.455646e-06	-1.343418e-09	-1.034781e+01	-8.660381e+01
1.530000e-06	-1.411433e-06	-1.330534e-09	-1.003351e+01	-8.600946e+01
1.540000e-06	-1.367117e-06	-1.316357e-09	-9.718485e+00	-8.540463e+01
1.550000e-06	-1.322794e-06	-1.304224e-09	-9.403402e+00	-8.478892e+01
1.560000e-06	-1.278473e-06	-1.295292e-09	-9.088337e+00	-8.416193e+01
1.570000e-06	-1.234079e-06	-1.288429e-09	-8.772749e+00	-8.352332e+01
1.580000e-06	-1.189514e-06	-1.282057e-09	-8.455948e+00	-8.287271e+01
1.590000e-06	-1.144775e-06	-1.276056e-09	-8.137908e+00	-8.220979e+01
1.600000e-06	-1.099976e-06	-1.266319e-09	-7.819446e+00	-8.153421e+01
1.610000e-06	-1.055021e-06	-1.253881e-09	-7.499876e+00	-8.084570e+01
1.620000e-06	-1.009977e-06	-1.238894e-09	-7.179669e+00	-8.014394e+01
1.630000e-06	-9.649125e-07	-1.224426e-09	-6.859315e+00	-7.942867e+01
1.640000e-06	-9.197143e-07	-1.211271e-09	-6.538013e+00	-7.869961e+01
1.650000e-06	-8.743967e-07	-1.202564e-09	-6.215862e+00	-7.795651e+01
1.660000e-06	-8.289630e-07	-1.196021e-09	-5.892885e+00	-7.719911e+01
1.670000e-06	-7.834975e-07	-1.190120e-09	-5.569683e+00	-7.642717e+01
1.680000e-06	-7.380923e-07	-1.180257e-09	-5.246909e+00	-7.564043e+01
1.690000e-06	-6.926751e-07	-1.163853e-09	-4.924049e+00	-7.483863e+01
1.700000e-06	-6.471734e-07	-1.144752e-09	-4.600589e+00	-7.402153e+01
1.710000e-06	-6.016842e-07	-1.126050e-09	-4.277219e+00	-7.318884e+01
1.720000e-06	-5.561850e-07	-1.111674e-09	-3.953776e+00	-7.234028e+01
1.730000e-06	-5.105679e-07	-1.102917e-09	-3.629496e+00	-7.147555e+01
1.740000e-06	-4.649044e-07	-1.095471e-09	-3.304886e+00	-7.059433e+01
1.750000e-06	-4.192368e-07	-1.084468e-09	-2.980247e+00	-6.969627e+01
1.760000e-06	-3.735878e-07	-1.069909e-09	-2.655740e+00	-6.878100e+01
1.770000e-06	-3.279286e-07	-1.053694e-09	-2.331160e+00	-6.784812e+01
1.780000e-06	-2.822434e-07	-1.036513e-09	-2.006396e+00	-6.689720e+01
1.790000e-06	-2.365133e-07	-1.019070e-09	-1.681312e+00	-6.592777e+01
1.800000e-06	-1.906724e-07	-1.003646e-09	-1.355441e+00	-6.493933e+01
1.810000e-06	-1.448082e-07	-9.900152e-10	-1.029404e+00	-6.393135e+01
1.820000e-06	-9.900866e-08	-9.774199e-10	-7.038272e-01	-6.290324e+01
1.830000e-06	-5.323207e-08	-9.625114e-10	-3.784131e-01	-6.185441e+01
1.840000e-06	-7.485140e-09	-9.453811e-10	-5.320994e-02	-6.078420e+01
1.850000e-06	3.824330e-08	-9.280395e-10	2.718618e-01	-5.969193e+01
1.860000e-06	8.398011e-08	-9.125303e-10	5.969930e-01	-5.857689e+01
1.870000e-06	1.298071e-07	-8.979199e-10	9.227656e-01	-5.743833e+01
1.880000e-06	1.757010e-07	-8.816123e-10	1.249013e+00	-5.627548e+01
1.890000e-06	2.214818e-07	-8.608495e-10	1.574457e+00	-5.508754e+01
1.900000e-06	2.671938e-07	-8.382003e-10	1.899412e+00	-5.387369e+01
1.910000e-06	3.129186e-07	-8.146798e-10	2.224458e+00	-5.263309e+01
1.920000e-06	3.586703e-07	-7.921689e-10	2.549695e+00	-5.136490e+01
1.930000e-06	4.044814e-07	-7.709774e-10	2.875355e+00	-5.006826e+01
1.940000e-06	4.502601e-07	-7.501006e-10	3.200783e+00	-4.874233e+01
1.950000e-06	4.959248e-07	-7.312481e-10	3.525402e+00	-4.738626e+01
1.960000e-06	5.415694e-07	-7.134385e-10	3.849878e+00	-4.599923e+01
1.970000e-06	5.871953e-07	-6.917237e-10	4.174220e+00	-4.458042e+01
1.980000e-06	6.327076e-07	-6.656464e-10	4.497756e+00	-4.312906e+01
1.990000e-06	6.781311e-07	-6.379098e-10	4.820660e+00	-4.164442e+01
2.000000e-06	7.234665e-07	-6.124608e-10	5.142938e+00	-4.012579e+01
2.010000e-06	7.687387e-07	-5.906963e-10	5.464766e+00	-3.857254e+01
2.020000e-06	8.139779e-07	-5.674376e-10	5.786360e+00	-3.698409e+01
2.030000e-06	8.591545e-07	-5.405581e-10	6.107509e+00	-3.535992e+01
2.040000e-06	9.043025e-07	-5.129360e-10	6.428454e+00	-3.369961e+01
2.050000e-06	9.494654e-07	-4.847431e-10	6.749506e+00	-3.200279e+01
2.060000e-06	9.945773e-07	-4.575024e-10	7.070195e+00	-3.026921e+01
2.070000e-06	1.039559e-06	-4.302403e-10	7.389959e+00	-2.849871e+01
2.080000e-06	1.084393e-06	-4.014554e-10	7.708670e+00	-2.669123e+01
2.090000e-06	1.129084e-06	-3.730211e-10	8.026369e+00	-2.484681e+01
2.100000e-06	1.173666e-06	-3.446454e-10	8.343289e+00	-2.296562e+01
2.110000e-06	1.218120e-06	-3.147871e-10	8.659299e+00	-2.104794e+01
2.120000e-06	1.262460e-06	-2.837799e-10	8.974503e+00	-1.909419e+01
2.130000e-06	1.306797e-06	-2.550795e-10	9.289687e+00	-1.710488e+01
2.140000e-06	1.351136e-06	-2.302077e-10	9.604881e+00	-1.508068e+01
2.150000e-06	1.395368e-06	-2.069300e-10	9.919315e+00	-1.302237e+01
2.160000e-06	1.439506e-06	-1.814671e-10	1.023308e+01	-1.093087e+01
2.170000e-06	1.483576e-06	-1.495689e-10	1.054636e+01	-8.807230e+00
2.180000e-06	1.527582e-06	-1.140593e-10	1.085919e+01	-6.652619e+00
2.190000e-06	1.571526e-06	-7.896531e-11	1.117157e+01	-4.468339e+00
2.200000e-06	1.615408e-06	-4.524040e-11	1.148352e+01	-2.255812e+00
2.210000e-06	1.659263e-06	-1.259030e-11	1.179527e+01	-1.658083e-02
2.220000e-06	1.703111e-06	2.032858e-11	1.210698e+01	2.247697e+00
2.230000e-06	1.746887e-06	5.249727e-11	1.241817e+01	4.535255e+00
2.240000e-06	1.790515e-06	8.429307e-11	1.272831e+01	6.844222e+00
2.250000e-06	1.834058e-06	1.170139e-10	1.303785e+01	9.172631e+00
2.260000e-06	1.877474e-06	1.545721e-10	1.334648e+01	1.151843e+01
2.270000e-06	1.920715e-06	1.937980e-10	1.365387e+01	1.387947e+01
2.280000e-06	1.963884e-06	2.311805e-10	1.396075e+01	1.625355e+01
2.290000e-06	2.007001e-06	2.676495e-10	1.426726e+01	1.863840e+01
2.300000e-06	2.049856e-06	3.011732e-10	1.457190e+01	2.103169e+01
2.310000e-06	2.092390e-06	3.322681e-10	1.487426e+01	2.343104e+01
2.320000e-06	2.134628e-06	3.654289e-10	1.517452e+01	2.583405e+01
2.330000e-06	2.176534e-06	4.011192e-10	1.547242e+01	2.823829e+01
2.340000e-06	2.218159e-06	4.368499e-10	1.576832e+01	3.064131e+01
2.350000e-06	2.259521e-06	4.714564e-10	1.606235e+01	3.304068e+01
2.360000e-06	2.300616e-06	5.061453e-10	1.635449e+01	3.543394e+01
2.370000e-06	2.341436e-06	5.426103e-10	1.664466e+01	3.781869e+01
2.380000e-06	2.382078e-06	5.823242e-10	1.693358e+01	4.019251e+01
2.390000e-06	2.422547e-06	6.209951e-10	1.722127e+01	4.255306e+01
2.400000e-06	2.462824e-06	6.572390e-10	1.750758e+01	4.489803e+01
2.410000e-06	2.502906e-06	6.907236e-10	1.779252e+01	4.722515e+01
2.420000e-06	2.542871e-06	7.239830e-10	1.807662e+01	4.953224e+01
2.430000e-06	2.582774e-06	7.584471e-10	1.836028e+01	5.181717e+01
2.440000e-06	2.622557e-06	7.906227e-10	1.864308e+01	5.407791e+01
2.450000e-06	2.662247e-06	8.213138e-10	1.892523e+01	5.631249e+01
2.460000e-06	2.701840e-06	8.571094e-10	1.920669e+01	5.851906e+01
2.470000e-06	2.741324e-06	8.969883e-10	1.948737e+01	6.069585e+01
2.480000e-06	2.780600e-06	9.342936e-10	1.976657e+01	6.284120e+01
2.490000e-06	2.819612e-06	9.652227e-10	2.004390e+01	6.495355e+01
2.500000e-06	2.858492e-06	9.931228e-10	2.032029e+01	6.703145e+01
2.510000e-06	2.897155e-06	1.022043e-09	2.059513e+01	6.907357e+01
2.520000e-06	2.935560e-06	1.051495e-09	2.086814e+01	7.107869e+01
2.530000e-06	2.973816e-06	1.080876e-09	2.114010e+01	7.304570e+01
2.540000e-06	3.011874e-06	1.112462e-09	2.141064e+01	7.497362e+01
2.550000e-06	3.049686e-06	1.146522e-09	2.167944e+01	7.686158e+01
2.560000e-06	3.087288e-06	1.179429e-09	2.194674e+01	7.870880e+01
2.570000e-06	3.124717e-06	1.208326e-09	2.221281e+01	8.051465e+01
2.580000e-06	3.161869e-06	1.229861e-09	2.247691e+01	8.227859e+01
2.590000e-06	3.198792e-06	1.249856e-09	2.273939e+01	8.400020e+01
2.600000e-06	3.235494e-06	1.275259e-09	2.300030e+01	8.567916e+01
2.610000e-06	3.271892e-06	1.303314e-09	2.325904e+01	8.731525e+01
2.620000e-06	3.308104e-06	1.329135e-09	2.351646e+01	8.890834e+01
2.630000e-06	3.344196e-06	1.354956e-09	2.377303e+01	9.045841e+01
2.640000e-06	3.380155e-06	1.379658e-09	2.402865e+01	9.196552e+01
2.650000e-06	3.415975e-06	1.400529e-09	2.428329e+01	9.342982e+01
2.660000e-06	3.451631e-06	1.414159e-09	2.453676e+01	9.485154e+01
2.670000e-06	3.487118e-06	1.425279e-09	2.478903e+01	9.623096e+01
2.680000e-06	3.522391e-06	1.440472e-09	2.503977e+01	9.756848e+01
2.690000e-06	3.557404e-06	1.461914e-09	2.528867e+01	9.886450e+01
2.700000e-06	3.592082e-06	1.486631e-09	2.553519e+01	1.001195e+02
2.710000e-06	3.626333e-06	1.512110e-09	2.577867e+01	1.013341e+02
2.720000e-06	3.660109e-06	1.534809e-09	2.601877e+01	1.025089e+02
2.730000e-06	3.693385e-06	1.553922e-09	2.625532e+01	1.036444e+02
2.740000e-06	3.726219e-06	1.567343e-09	2.648873e+01	1.047413e+02
2.750000e-06	3.758774e-06	1.576672e-09	2.672016e+01	1.058005e+02
2.760000e-06	3.791090e-06	1.587922e-09	2.694988e+01	1.068225e+02
2.770000e-06	3.823116e-06	1.603738e-09	2.717755e+01	1.078082e+02
2.780000e-06	3.854953e-06	1.624397e-09	2.740387e+01	1.087584e+02
2.790000e-06	3.886668e-06	1.642884e-09	2.762932e+01	1.096739e+02
2.800000e-06	3.918223e-06	1.655368e-09	2.785364e+01	1.105554e+02
2.810000e-06	3.949546e-06	1.664880e-09	2.807631e+01	1.114039e+02
2.820000e-06	3.980664e-06	1.677133e-09	2.829752e+01	1.122202e+02
2.830000e-06	4.011463e-06	1.689737e-09	2.851646e+01	1.130050e+02
2.840000e-06	4.041871e-06	1.698980e-09	2.873263e+01	1.137594e+02
2.850000e-06	4.072070e-06	1.708513e-09	2.894730e+01	1.144841e+02
2.860000e-06	4.102085e-06	1.719431e-09	2.916067e+01	1.151800e+02
2.870000e-06	4.131837e-06	1.728617e-09	2.937217e+01	1.158479e+02
2.880000e-06	4.161297e-06	1.735388e-09	2.958159e+01	1.164888e+02
2.890000e-06	4.190413e-06	1.738125e-09	2.978857e+01	1.171034e+02
2.900000e-06	4.219185e-06	1.744392e-09	2.999310e+01	1.176927e+02
2.910000e-06	4.247668e-06	1.757191e-09	3.019558e+01	1.182574e+02
2.920000e-06	4.275933e-06	1.768855e-09	3.039651e+01	1.187985e+02
2.930000e-06	4.303980e-06	1.778564e-09	3.059589e+01	1.193167e+02
2.940000e-06	4.331834e-06	1.788550e-09	3.079390e+01	1.198129e+02
2.950000e-06	4.359520e-06	1.798276e-09	3.099071e+01	1.202879e+02
2.960000e-06	4.387006e-06	1.803995e-09	3.118610e+01	1.207425e+02
2.970000e-06	4.414216e-06	1.805715e-09	3.137953e+01	1.211776e+02
2.980000e-06	4.441020e-06	1.806353e-09	3.157007e+01	1.215938e+02
2.990000e-06	4.467287e-06	1.810196e-09	3.175679e+01	1.219921e+02
3.000000e-06	4.492919e-06	1.818074e-09	3.193901e+01	1.223731e+02
3.010000e-06	4.517974e-06	1.828196e-09	3.211711e+01	1.227376e+02
3.020000e-06	4.542592e-06	1.839350e-09	3.229212e+01	1.230863e+02
3.030000e-06	4.566883e-06	1.847957e-09	3.246480e+01	1.234201e+02
3.040000e-06	4.590898e-06	1.852041e-09	3.263551e+01	1.237396e+02
3.050000e-06	4.614666e-06	1.851491e-09	3.280447e+01	1.240454e+02
3.060000e-06	4.638303e-06	1.849489e-09	3.297251e+01	1.243383e+02
3.070000e-06	4.661711e-06	1.849359e-09	3.313891e+01	1.246189e+02
3.080000e-06	4.684710e-06	1.853760e-09	3.330240e+01	1.248878e+02
3.090000e-06	4.707321e-06	1.863453e-09	3.346313e+01	1.251457e+02
3.100000e-06	4.729536e-06	1.873796e-09	3.362106e+01	1.253931e+02
3.110000e-06	4.751478e-06	1.880328e-09	3.377704e+01	1.256306e+02
3.120000e-06	4.773245e-06	1.884101e-09	3.393177e+01	1.258587e+02
3.130000e-06	4.794704e-06	1.885015e-09	3.408432e+01	1.260778e+02
3.140000e-06	4.815727e-06	1.883549e-09	3.423376e+01	1.262885e+02
3.150000e-06	4.836358e-06	1.882453e-09	3.438043e+01	1.264912e+02
3.160000e-06	4.856729e-06	1.882943e-09	3.452524e+01	1.266862e+02
3.170000e-06	4.876876e-06	1.887309e-09	3.466846e+01	1.268739e+02
3.180000e-06	4.896841e-06	1.896375e-09	3.481038e+01	1.270546e+02
3.190000e-06	4.916645e-06	1.903855e-09	3.495117e+01	1.272287e+02
3.200000e-06	4.936210e-06	1.908326e-09	3.509025e+01	1.273963e+02
3.210000e-06	4.955403e-06	1.910248e-09	3.522668e+01	1.275577e+02
3.220000e-06	4.974123e-06	1.909036e-09	3.535976e+01	1.277130e+02
3.230000e-06	4.992408e-06	1.908425e-09	3.548975e+01	1.278624e+02
3.240000e-06	5.010263e-06	1.910057e-09	3.561667e+01	1.280059e+02
3.250000e-06	5.027706e-06	1.912713e-09	3.574067e+01	1.281436e+02
3.260000e-06	5.044853e-06	1.917928e-09	3.586257e+01	1.282755e+02
3.270000e-06	5.061777e-06	1.921882e-09	3.598287e+01	1.284017e+02
3.280000e-06	5.078417e-06	1.922993e-09	3.610116e+01	1.285221e+02
3.290000e-06	5.094698e-06	1.924254e-09	3.621690e+01	1.286366e+02
3.300000e-06	5.110583e-06	1.925633e-09	3.632983e+01	1.287451e+02
3.310000e-06	5.125988e-06	1.927897e-09	3.643933e+01	1.288475e+02
3.320000e-06	5.140791e-06	1.930964e-09	3.654456e+01	1.289437e+02
3.330000e-06	5.155115e-06	1.934723e-09	3.664639e+01	1.290335e+02
3.340000e-06	5.169155e-06	1.937416e-09	3.674620e+01	1.291167e+02
3.350000e-06	5.182898e-06	1.938481e-09	3.684389e+01	1.291933e+02
3.360000e-06	5.196261e-06	1.937899e-09	3.693889e+01	1.292629e+02
3.370000e-06	5.209201e-06	1.935980e-09	3.703087e+01	1.293255e+02
3.380000e-06	5.221792e-06	1.933890e-09	3.712038e+01	1.293808e+02
3.390000e-06	5.234025e-06	1.933936e-09	3.720734e+01	1.294287e+02
3.400000e-06	5.245884e-06	1.934514e-09	3.729164e+01	1.294691e+02
3.410000e-06	5.257360e-06	1.934271e-09	3.737322e+01	1.295017e+02
3.420000e-06	5.268352e-06	1.932687e-09	3.745136e+01	1.295265e+02
3.430000e-06	5.278835e-06	1.931135e-09	3.752588e+01	1.295434e+02
3.440000e-06	5.288779e-06	1.930658e-09	3.759657e+01	1.295522e+02
3.450000e-06	5.298048e-06	1.930122e-09	3.766246e+01	1.295531e+02
3.460000e-06	5.306697e-06	1.933179e-09	3.772395e+01	1.295459e+02
3.470000e-06	5.314967e-06	1.940235e-09	3.778274e+01	1.295307e+02
3.480000e-06	5.322973e-06	1.946034e-09	3.783965e+01	1.295076e+02
3.490000e-06	5.330748e-06	1.946723e-09	3.789492e+01	1.294766e+02
3.500000e-06	5.338277e-06	1.942650e-09	3.794844e+01	1.294380e+02
3.510000e-06	5.345484e-06	1.938027e-09	3.799967e+01	1.293919e+02
3.520000e-06	5.352229e-06	1.936149e-09	3.804762e+01	1.293386e+02
3.530000e-06	5.358516e-06	1.935213e-09	3.809232e+01	1.292784e+02
3.540000e-06	5.364502e-06	1.934205e-09	3.813487e+01	1.292116e+02
3.550000e-06	5.370215e-06	1.934358e-09	3.817548e+01	1.291386e+02
3.560000e-06	5.375528e-06	1.935857e-09	3.821324e+01	1.290597e+02
3.570000e-06	5.380375e-06	1.935417e-09	3.824770e+01	1.289755e+02
3.580000e-06	5.384823e-06	1.933011e-09	3.827933e+01	1.288865e+02
3.590000e-06	5.388999e-06	1.930353e-09	3.830901e+01	1.287931e+02
3.600000e-06	5.393007e-06	1.927662e-09	3.833750e+01	1.286960e+02
3.610000e-06	5.396779e-06	1.924119e-09	3.836432e+01	1.285958e+02
3.620000e-06	5.400213e-06	1.920878e-09	3.838873e+01	1.284929e+02
3.630000e-06	5.403240e-06	1.921863e-09	3.841025e+01	1.283882e+02
3.640000e-06	5.405867e-06	1.927863e-09	3.842892e+01	1.282821e+02
3.650000e-06	5.407877e-06	1.932645e-09	3.844321e+01	1.281754e+02
3.660000e-06	5.409105e-06	1.934432e-09	3.845194e+01	1.280687e+02
3.670000e-06	5.409779e-06	1.936632e-09	3.845673e+01	1.279627e+02
3.680000e-06	5.410132e-06	1.938826e-09	3.845924e+01	1.278580e+02
3.690000e-06	5.410239e-06	1.937103e-09	3.846000e+01	1.277552e+02
3.700000e-06	5.410116e-06	1.931308e-09	3.845913e+01	1.276550e+02
3.710000e-06	5.409730e-06	1.929457e-09	3.845638e+01	1.275578e+02
3.720000e-06	5.408955e-06	1.932997e-09	3.845087e+01	1.274643e+02
3.730000e-06	5.407722e-06	1.933492e-09	3.844211e+01	1.273749e+02
3.740000e-06	5.406092e-06	1.926501e-09	3.843052e+01	1.272901e+02
3.750000e-06	5.404158e-06	1.918171e-09	3.841677e+01	1.272104e+02
3.760000e-06	5.401932e-06	1.913337e-09	3.840095e+01	1.271360e+02
3.770000e-06	5.399407e-06	1.915161e-09	3.838300e+01	1.270673e+02
3.780000e-06	5.396510e-06	1.912105e-09	3.836240e+01	1.270045e+02
3.790000e-06	5.393199e-06	1.877381e-09	3.833886e+01	1.269478e+02
3.800000e-06	5.389456e-06	1.863186e-09	3.831226e+01	1.268973e+02
3.810000e-06	5.385396e-06	1.882625e-09	3.828340e+01	1.268531e+02
3.820000e-06	5.381241e-06	1.881166e-09	3.825386e+01	1.268150e+02
3.830000e-06	5.376945e-06	1.841757e-09	3.822332e+01	1.267830e+02
3.840000e-06	5.372137e-06	1.825454e-09	3.818914e+01	1.267570e+02
3.850000e-06	5.366560e-06	1.864079e-09	3.814950e+01	1.267367e+02
3.860000e-06	5.360533e-06	1.897499e-09	3.810665e+01	1.267217e+02
3.870000e-06	5.354225e-06	1.855428e-09	3.806181e+01	1.267117e+02
3.880000e-06	5.347252e-06	1.829279e-09	3.801224e+01	1.267062e+02
3.890000e-06	5.339583e-06	1.866449e-09	3.795773e+01	1.267047e+02
3.900000e-06	5.331618e-06	1.886733e-09	3.790111e+01	1.267068e+02
3.910000e-06	5.323539e-06	1.850137e-09	3.784367e+01	1.267116e+02
3.920000e-06	5.315156e-06	1.813406e-09	3.778408e+01	1.267186e+02
3.930000e-06	5.306388e-06	1.849495e-09	3.772175e+01	1.267271e+02
3.940000e-06	5.297363e-06	1.857779e-09	3.765760e+01	1.267363e+02
3.950000e-06	5.287917e-06	1.860011e-09	3.759044e+01	1.267453e+02
3.960000e-06	5.277970e-06	1.871753e-09	3.751973e+01	1.267535e+02
3.970000e-06	5.267742e-06	1.916360e-09	3.744702e+01	1.267600e+02
3.980000e-06	5.257257e-06	1.920898e-09	3.737249e+01	1.267639e+02
3.990000e-06	5.246338e-06	1.941484e-09	3.729487e+01	1.267645e+02
4.000000e-06	5.234955e-06	1.979830e-09	3.721395e+01	1.267608e+02
4.010000e-06	5.223185e-06	1.989171e-09	3.713028e+01	1.267520e+02
4.020000e-06	5.211090e-06	1.975613e-09	3.704430e+01	1.267374e+02
4.030000e-06	5.198598e-06	1.989437e-09	3.695550e+01	1.267161e+02
4.040000e-06	5.185662e-06	2.000652e-09	3.686354e+01	1.266875e+02
4.050000e-06	5.172241e-06	1.963827e-09	3.676813e+01	1.266507e+02
4.060000e-06	5.158152e-06	1.948577e-09	3.666797e+01	1.266052e+02
4.070000e-06	5.143403e-06	1.986886e-09	3.656313e+01	1.265503e+02
4.080000e-06	5.128152e-06	1.991507e-09	3.645471e+01	1.264854e+02
4.090000e-06	5.112557e-06	1.957394e-09	3.634385e+01	1.264101e+02
4.100000e-06	5.096672e-06	1.960932e-09	3.623093e+01	1.263239e+02
4.110000e-06	5.080501e-06	1.978188e-09	3.611597e+01	1.262265e+02
4.120000e-06	5.064036e-06	1.959717e-09	3.599893e+01	1.261175e+02
4.130000e-06	5.047249e-06	1.929612e-09	3.587960e+01	1.259967e+02
4.140000e-06	5.030120e-06	1.935189e-09	3.575783e+01	1.258640e+02
4.150000e-06	5.012686e-06	1.931952e-09	3.563390e+01	1.257192e+02
4.160000e-06	4.994951e-06	1.939897e-09	3.550782e+01	1.255625e+02
4.170000e-06	4.976916e-06	1.950867e-09	3.537962e+01	1.253938e+02
4.180000e-06	4.958527e-06	1.949884e-09	3.524890e+01	1.252133e+02
4.190000e-06	4.939729e-06	1.928733e-09	3.511526e+01	1.250213e+02
4.200000e-06	4.920520e-06	1.932146e-09	3.497871e+01	1.248179e+02
4.210000e-06	4.900940e-06	1.921744e-09	3.483952e+01	1.246036e+02
4.220000e-06	4.881112e-06	1.899235e-09	3.469857e+01	1.243788e+02
4.230000e-06	4.861089e-06	1.889475e-09	3.455623e+01	1.241439e+02
4.240000e-06	4.840857e-06	1.909752e-09	3.441241e+01	1.238994e+02
4.250000e-06	4.820407e-06	1.913359e-09	3.426704e+01	1.236459e+02
4.260000e-06	4.799690e-06	1.911872e-09	3.411976e+01	1.233841e+02
4.270000e-06	4.778519e-06	1.910807e-09	3.396927e+01	1.231144e+02
4.280000e-06	4.756785e-06	1.909307e-09	3.381476e+01	1.228377e+02
4.290000e-06	4.734369e-06	1.896349e-09	3.365541e+01	1.225545e+02
4.300000e-06	4.711286e-06	1.881975e-09	3.349132e+01	1.222656e+02
4.310000e-06	4.687765e-06	1.866648e-09	3.332411e+01	1.219716e+02
4.320000e-06	4.663949e-06	1.862794e-09	3.315482e+01	1.216733e+02
4.330000e-06	4.639910e-06	1.864514e-09	3.298393e+01	1.213714e+02
4.340000e-06	4.615728e-06	1.861529e-09	3.281203e+01	1.210665e+02
4.350000e-06	4.591347e-06	1.853588e-09	3.263871e+01	1.207593e+02
4.360000e-06	4.566627e-06	1.852582e-09	3.246298e+01	1.204504e+02
4.370000e-06	4.541548e-06	1.850883e-09	3.228470e+01	1.201404e+02
4.380000e-06	4.516155e-06	1.841032e-09	3.210418e+01	1.198299e+02
4.390000e-06	4.490499e-06	1.829253e-09	3.192180e+01	1.195194e+02
4.400000e-06	4.464521e-06	1.821310e-09	3.173713e+01	1.192094e+02
4.410000e-06	4.438173e-06	1.820035e-09	3.154984e+01	1.189002e+02
4.420000e-06	4.411563e-06	1.815537e-09	3.136067e+01	1.185924e+02
4.430000e-06	4.384692e-06	1.808203e-09	3.116965e+01	1.182861e+02
4.440000e-06	4.357480e-06	1.802148e-09	3.097621e+01	1.179816e+02
4.450000e-06	4.329914e-06	1.804506e-09	3.078025e+01	1.176792e+02
4.460000e-06	4.302078e-06	1.802227e-09	3.058237e+01	1.173789e+02
4.470000e-06	4.274078e-06	1.795679e-09	3.038332e+01	1.170809e+02
4.480000e-06	4.245970e-06	1.788738e-09	3.018351e+01	1.167852e+02
4.490000e-06	4.217702e-06	1.793410e-09	2.998256e+01	1.164916e+02
4.500000e-06	4.189096e-06	1.794976e-09	2.977921e+01	1.162002e+02
4.510000e-06	4.160089e-06	1.790005e-09	2.957300e+01	1.159108e+02
4.520000e-06	4.130698e-06	1.779201e-09	2.936407e+01	1.156232e+02
4.530000e-06	4.100773e-06	1.778066e-09	2.915134e+01	1.153371e+02
4.540000e-06	4.070314e-06	1.781118e-09	2.893481e+01	1.150523e+02
4.550000e-06	4.039374e-06	1.780238e-09	2.871487e+01	1.147684e+02
4.560000e-06	4.007981e-06	1.769897e-09	2.849171e+01	1.144851e+02
4.570000e-06	3.976308e-06	1.765901e-09	2.826655e+01	1.142019e+02
4.580000e-06	3.944426e-06	1.767589e-09	2.803991e+01	1.139185e+02
4.590000e-06	3.912398e-06	1.766881e-09	2.781223e+01	1.136344e+02
4.600000e-06	3.880207e-06	1.758250e-09	2.758339e+01	1.133492e+02
4.610000e-06	3.847802e-06	1.750591e-09	2.735304e+01	1.130624e+02
4.620000e-06	3.815233e-06	1.744756e-09	2.712151e+01	1.127736e+02
4.630000e-06	3.782398e-06	1.739988e-09	2.688809e+01	1.124823e+02
4.640000e-06	3.749200e-06	1.730115e-09	2.665210e+01	1.121881e+02
4.650000e-06	3.715752e-06	1.721757e-09	2.641433e+01	1.118905e+02
4.660000e-06	3.682107e-06	1.719122e-09	2.617515e+01	1.115891e+02
4.670000e-06	3.648202e-06	1.719363e-09	2.593413e+01	1.112835e+02
4.680000e-06	3.614047e-06	1.716450e-09	2.569134e+01	1.109734e+02
4.690000e-06	3.579668e-06	1.708989e-09	2.544694e+01	1.106585e+02
4.700000e-06	3.544994e-06	1.703214e-09	2.520045e+01	1.103383e+02
4.710000e-06	3.510018e-06	1.697790e-09	2.495182e+01	1.100127e+02
4.720000e-06	3.474833e-06	1.692202e-09	2.470170e+01	1.096813e+02
4.730000e-06	3.439445e-06	1.684070e-09	2.445013e+01	1.093441e+02
4.740000e-06	3.403807e-06	1.678424e-09	2.419679e+01	1.090009e+02
4.750000e-06	3.367992e-06	1.675593e-09	2.394219e+01	1.086515e+02
4.760000e-06	3.332068e-06	1.673458e-09	2.368682e+01	1.082959e+02
4.770000e-06	3.296035e-06	1.667410e-09	2.343067e+01	1.079340e+02
4.780000e-06	3.259858e-06	1.661884e-09	2.317349e+01	1.075658e+02
4.790000e-06	3.223552e-06	1.654552e-09	2.291540e+01	1.071915e+02
4.800000e-06	3.187120e-06	1.647127e-09	2.265642e+01	1.068110e+02
4.810000e-06	3.150431e-06	1.637262e-09	2.239561e+01	1.064245e+02
4.820000e-06	3.113444e-06	1.627452e-09	2.213267e+01	1.060320e+02
4.830000e-06	3.076049e-06	1.617983e-09	2.186684e+01	1.056339e+02
4.840000e-06	3.038229e-06	1.613119e-09	2.159799e+01	1.052302e+02
4.850000e-06	3.000114e-06	1.611154e-09	2.132704e+01	1.048212e+02
4.860000e-06	2.961636e-06	1.610472e-09	2.105351e+01	1.044072e+02
4.870000e-06	2.922832e-06	1.605616e-09	2.077767e+01	1.039882e+02
4.880000e-06	2.883649e-06	1.597775e-09	2.049912e+01	1.035646e+02
4.890000e-06	2.844083e-06	1.588945e-09	2.021786e+01	1.031367e+02
4.900000e-06	2.804326e-06	1.581451e-09	1.993524e+01	1.027046e+02
4.910000e-06	2.764451e-06	1.574848e-09	1.965177e+01	1.022686e+02
4.920000e-06	2.724452e-06	1.571061e-09	1.936743e+01	1.018290e+02
4.930000e-06	2.684297e-06	1.568369e-09	1.908197e+01	1.013859e+02
4.940000e-06	2.644022e-06	1.565988e-09	1.879567e+01	1.009395e+02
4.950000e-06	2.603712e-06	1.562810e-09	1.850912e+01	1.004900e+02
4.960000e-06	2.563358e-06	1.555762e-09	1.822225e+01	1.000376e+02
4.970000e-06	2.522806e-06	1.548478e-09	1.793398e+01	9.958230e+01
4.980000e-06	2.482007e-06	1.543710e-09	1.764395e+01	9.912428e+01
4.990000e-06	2.441020e-06	1.537836e-09	1.735259e+01	9.866357e+01
5.000000e-06	2.399933e-06	1.530298e-09	1.706051e+01	9.820018e+01
5.010000e-06	2.358711e-06	1.522097e-09	1.676747e+01	9.773410e+01
5.020000e-06	2.317246e-06	1.511830e-09	1.647270e+01	9.726527e+01
5.030000e-06	2.275527e-06	1.503189e-09	1.617614e+01	9.679361e+01
5.040000e-06	2.233680e-06	1.494460e-09	1.587866e+01	9.631898e+01
5.050000e-06	2.191749e-06	1.485966e-09	1.558058e+01	9.584122e+01
5.060000e-06	2.149663e-06	1.477844e-09	1.528140e+01	9.536012e+01
5.070000e-06	2.107451e-06	1.470383e-09	1.498133e+01	9.487546e+01
5.080000e-06	2.065187e-06	1.461566e-09	1.468088e+01	9.438696e+01
5.090000e-06	2.022833e-06	1.452994e-09	1.437980e+01	9.389433e+01
5.100000e-06	1.980302e-06	1.444056e-09	1.407746e+01	9.339723e+01
5.110000e-06	1.937613e-06	1.436443e-09	1.377400e+01	9.289530e+01
5.120000e-06	1.894718e-06	1.431267e-09	1.346906e+01	9.238818e+01
5.130000e-06	1.851592e-06	1.425801e-09	1.316249e+01	9.187545e+01
5.140000e-06	1.808294e-06	1.419213e-09	1.285469e+01	9.135671e+01
5.150000e-06	1.764857e-06	1.413834e-09	1.254592e+01	9.083153e+01
5.160000e-06	1.721309e-06	1.407450e-09	1.223635e+01	9.029946e+01
5.170000e-06	1.677740e-06	1.399831e-09	1.192663e+01	8.976005e+01
5.180000e-06	1.634088e-06	1.389867e-09	1.161631e+01	8.921286e+01
5.190000e-06	1.590237e-06	1.380031e-09	1.130459e+01	8.865744e+01
5.200000e-06	1.546260e-06	1.371850e-09	1.099196e+01	8.809332e+01
5.210000e-06	1.502233e-06	1.362954e-09	1.067899e+01	8.752007e+01
5.220000e-06	1.458195e-06	1.354375e-09	1.036593e+01	8.693725e+01
5.230000e-06	1.414131e-06	1.347558e-09	1.005269e+01	8.634443e+01
5.240000e-06	1.370044e-06	1.340701e-09	9.739288e+00	8.574120e+01
5.250000e-06	1.325917e-06	1.333499e-09	9.425602e+00	8.512715e+01
5.260000e-06	1.281739e-06	1.326112e-09	9.111552e+00	8.450189e+01
5.270000e-06	1.237527e-06	1.315276e-09	8.797262e+00	8.386506e+01
5.280000e-06	1.193241e-06	1.301870e-09	8.482446e+00	8.321630e+01
5.290000e-06	1.148934e-06	1.290249e-09	8.167477e+00	8.255527e+01
5.300000e-06	1.104633e-06	1.279343e-09	7.852552e+00	8.188165e+01
5.310000e-06	1.060267e-06	1.267809e-09	7.537167e+00	8.119513e+01
5.320000e-06	1.015834e-06	1.256054e-09	7.221304e+00	8.049542e+01
5.330000e-06	9.712873e-07	1.246353e-09	6.904632e+00	7.978224e+01
5.340000e-06	9.266477e-07	1.240907e-09	6.587300e+00	7.905532e+01
5.350000e-06	8.819916e-07	1.234336e-09	6.269852e+00	7.831440e+01
5.360000e-06	8.373034e-07	1.222993e-09	5.952175e+00	7.755923e+01
5.370000e-06	7.925898e-07	1.207855e-09	5.634317e+00	7.678955e+01
5.380000e-06	7.478040e-07	1.192968e-09	5.315947e+00	7.600512e+01
5.390000e-06	7.028943e-07	1.178606e-09	4.996695e+00	7.520567e+01
5.400000e-06	6.578688e-07	1.164836e-09	4.676620e+00	7.439096e+01
5.410000e-06	6.127866e-07	1.150394e-09	4.356142e+00	7.356071e+01
5.420000e-06	5.676840e-07	1.138306e-09	4.035520e+00	7.271464e+01
5.430000e-06	5.224852e-07	1.129409e-09	3.714213e+00	7.185245e+01
5.440000e-06	4.772853e-07	1.119009e-09	3.392899e+00	7.097382e+01
5.450000e-06	4.321198e-07	1.104639e-09	3.071829e+00	7.007842e+01
5.460000e-06	3.868731e-07	1.087486e-09	2.750181e+00	6.916587e+01
5.470000e-06	3.416080e-07	1.072312e-09	2.428403e+00	6.823577e+01
5.480000e-06	2.962735e-07	1.059681e-09	2.106132e+00	6.728771e+01
5.490000e-06	2.508803e-07	1.045311e-09	1.783444e+00	6.632122e+01
5.500000e-06	2.055434e-07	1.028736e-09	1.461155e+00	6.533581e+01
5.510000e-06	1.602701e-07	1.011826e-09	1.139319e+00	6.433094e+01
5.520000e-06	1.149577e-07	9.965956e-10	8.172051e-01	6.330606e+01
5.530000e-06	6.963479e-08	9.835234e-10	4.950158e-01	6.226054e+01
5.540000e-06	2.425570e-08	9.692910e-10	1.724276e-01	6.119376e+01
5.550000e-06	-2.119552e-08	9.528855e-10	-1.506735e-01	6.010504e+01
5.560000e-06	-6.659754e-08	9.352811e-10	-4.734248e-01	5.899367e+01
5.570000e-06	-1.120435e-07	9.179518e-10	-7.964884e-01	5.785891e+01
5.580000e-06	-1.574615e-07	8.993230e-10	-1.119354e+00	5.669999e+01
5.590000e-06	-2.027991e-07	8.787358e-10	-1.441647e+00	5.551611e+01
5.600000e-06	-2.481349e-07	8.586013e-10	-1.763927e+00	5.430645e+01
5.610000e-06	-2.934416e-07	8.419321e-10	-2.086001e+00	5.307019e+01
5.620000e-06	-3.387402e-07	8.251622e-10	-2.408017e+00	5.180648e+01
5.630000e-06	-3.840087e-07	8.063718e-10	-2.729819e+00	5.051447e+01
5.640000e-06	-4.291916e-07	7.877482e-10	-3.051013e+00	4.919330e+01
5.650000e-06	-4.742990e-07	7.704748e-10	-3.371670e+00	4.784213e+01
5.660000e-06	-5.193181e-07	7.521088e-10	-3.691699e+00	4.646013e+01
5.670000e-06	-5.643217e-07	7.306021e-10	-4.011618e+00	4.504650e+01
5.680000e-06	-6.092485e-07	7.072408e-10	-4.330991e+00	4.360044e+01
5.690000e-06	-6.540546e-07	6.797893e-10	-4.649506e+00	4.212122e+01
5.700000e-06	-6.988502e-07	6.504826e-10	-4.967946e+00	4.060812e+01
5.710000e-06	-7.436261e-07	6.232374e-10	-5.286247e+00	3.906051e+01
5.720000e-06	-7.883674e-07	6.012772e-10	-5.604301e+00	3.747778e+01
5.730000e-06	-8.330736e-07	5.833332e-10	-5.922106e+00	3.585942e+01
5.740000e-06	-8.777125e-07	5.664426e-10	-6.239433e+00	3.420498e+01
5.750000e-06	-9.223147e-07	5.478834e-10	-6.556498e+00	3.251409e+01
5.760000e-06	-9.668485e-07	5.235816e-10	-6.873078e+00	3.078648e+01
5.770000e-06	-1.011315e-06	4.900960e-10	-7.189178e+00	2.902196e+01
5.780000e-06	-1.055719e-06	4.517106e-10	-7.504835e+00	2.722046e+01
5.790000e-06	-1.100003e-06	4.153145e-10	-7.819638e+00	2.538201e+01
5.800000e-06	-1.144194e-06	3.843841e-10	-8.133780e+00	2.350676e+01
5.810000e-06	-1.188388e-06	3.621965e-10	-8.447946e+00	2.159496e+01
5.820000e-06	-1.232556e-06	3.453944e-10	-8.761924e+00	1.964701e+01
5.830000e-06	-1.276653e-06	3.265055e-10	-9.075400e+00	1.766340e+01
5.840000e-06	-1.320714e-06	3.021353e-10	-9.388620e+00	1.564479e+01
5.850000e-06	-1.364757e-06	2.729805e-10	-9.701705e+00	1.359193e+01
5.860000e-06	-1.408778e-06	2.363735e-10	-1.001464e+01	1.150571e+01
5.870000e-06	-1.452761e-06	1.942618e-10	-1.032730e+01	9.387173e+00
5.880000e-06	-1.496700e-06	1.539845e-10	-1.063966e+01	7.237460e+00
5.890000e-06	-1.540578e-06	1.220788e-10	-1.095157e+01	5.057851e+00
5.900000e-06	-1.584349e-06	9.878634e-11	-1.126273e+01	2.849750e+00
5.910000e-06	-1.628017e-06	7.528802e-11	-1.157316e+01	6.146797e-01
5.920000e-06	-1.671625e-06	4.580167e-11	-1.188315e+01	-1.645721e+00
5.930000e-06	-1.715107e-06	1.185239e-11	-1.219226e+01	-3.929704e+00
5.940000e-06	-1.758433e-06	-2.653648e-11	-1.250025e+01	-6.235414e+00
5.950000e-06	-1.801582e-06	-6.857132e-11	-1.280699e+01	-8.560901e+00
5.960000e-06	-1.844574e-06	-1.110113e-10	-1.311260e+01	-1.090412e+01
5.970000e-06	-1.887386e-06	-1.497279e-10	-1.341694e+01	-1.326296e+01
5.980000e-06	-1.930082e-06	-1.832430e-10	-1.372045e+01	-1.563520e+01
5.990000e-06	-1.972740e-06	-2.176232e-10	-1.402370e+01	-1.801859e+01
6.000000e-06	-2.015220e-06	-2.573394e-10	-1.432568e+01	-2.041081e+01
6.010000e-06	-2.057546e-06	-2.992812e-10	-1.462656e+01	-2.280949e+01
6.020000e-06	-2.099773e-06	-3.386415e-10	-1.492674e+01	-2.521224e+01
6.030000e-06	-2.141834e-06	-3.767223e-10	-1.522575e+01	-2.761662e+01
6.040000e-06	-2.183772e-06	-4.174258e-10	-1.552388e+01	-3.002020e+01
6.050000e-06	-2.225636e-06	-4.581450e-10	-1.582147e+01	-3.242052e+01
6.060000e-06	-2.267282e-06	-4.944316e-10	-1.611752e+01	-3.481515e+01
6.070000e-06	-2.308706e-06	-5.299200e-10	-1.641200e+01	-3.720166e+01
6.080000e-06	-2.350025e-06	-5.679561e-10	-1.670572e+01	-3.957765e+01
6.090000e-06	-2.391205e-06	-6.069658e-10	-1.699846e+01	-4.194075e+01
6.100000e-06	-2.432099e-06	-6.441848e-10	-1.728917e+01	-4.428865e+01
6.110000e-06	-2.472795e-06	-6.816567e-10	-1.757846e+01	-4.661908e+01
6.120000e-06	-2.513349e-06	-7.205438e-10	-1.786675e+01	-4.892983e+01
6.130000e-06	-2.553706e-06	-7.572607e-10	-1.815364e+01	-5.121878e+01
6.140000e-06	-2.593951e-06	-7.896047e-10	-1.843973e+01	-5.348386e+01
6.150000e-06	-2.634102e-06	-8.220204e-10	-1.872516e+01	-5.572312e+01
6.160000e-06	-2.674179e-06	-8.581615e-10	-1.901005e+01	-5.793466e+01
6.170000e-06	-2.714153e-06	-8.961680e-10	-1.929422e+01	-6.011671e+01
6.180000e-06	-2.754026e-06	-9.316535e-10	-1.957766e+01	-6.226759e+01
6.190000e-06	-2.793813e-06	-9.640990e-10	-1.986050e+01	-6.438571e+01
6.200000e-06	-2.833458e-06	-9.962347e-10	-2.014232e+01	-6.646963e+01
6.210000e-06	-2.872964e-06	-1.028192e-09	-2.042316e+01	-6.851798e+01
6.220000e-06	-2.912164e-06	-1.055935e-09	-2.070183e+01	-7.052952e+01
6.230000e-06	-2.950999e-06	-1.080311e-09	-2.097790e+01	-7.250314e+01
6.240000e-06	-2.989514e-06	-1.109630e-09	-2.125169e+01	-7.443781e+01
6.250000e-06	-3.027586e-06	-1.142886e-09	-2.152233e+01	-7.633266e+01
6.260000e-06	-3.065214e-06	-1.173613e-09	-2.178982e+01	-7.818690e+01
6.270000e-06	-3.102477e-06	-1.200368e-09	-2.205471e+01	-7.999986e+01
6.280000e-06	-3.139438e-06	-1.226546e-09	-2.231746e+01	-8.177100e+01
6.290000e-06	-3.176117e-06	-1.252745e-09	-2.257820e+01	-8.349987e+01
6.300000e-06	-3.212513e-06	-1.275937e-09	-2.283693e+01	-8.518613e+01
6.310000e-06	-3.248704e-06	-1.295862e-09	-2.309420e+01	-8.682955e+01
6.320000e-06	-3.284816e-06	-1.318901e-09	-2.335091e+01	-8.842999e+01
6.330000e-06	-3.320855e-06	-1.346688e-09	-2.360710e+01	-8.998741e+01
6.340000e-06	-3.356784e-06	-1.376087e-09	-2.386251e+01	-9.150185e+01
6.350000e-06	-3.392548e-06	-1.402239e-09	-2.411675e+01	-9.297345e+01
6.360000e-06	-3.428161e-06	-1.421846e-09	-2.436992e+01	-9.440242e+01
6.370000e-06	-3.463560e-06	-1.437237e-09	-2.462156e+01	-9.578905e+01
6.380000e-06	-3.498580e-06	-1.451426e-09	-2.487051e+01	-9.713370e+01
6.390000e-06	-3.533292e-06	-1.467412e-09	-2.511726e+01	-9.843678e+01
6.400000e-06	-3.567749e-06	-1.486084e-09	-2.536221e+01	-9.969879e+01
6.410000e-06	-3.601926e-06	-1.506444e-09	-2.560516e+01	-1.009203e+02
6.420000e-06	-3.635913e-06	-1.530124e-09	-2.584677e+01	-1.021018e+02
6.430000e-06	-3.669724e-06	-1.552450e-09	-2.608713e+01	-1.032439e+02
6.440000e-06	-3.703265e-06	-1.567750e-09	-2.632556e+01	-1.043475e+02
6.450000e-06	-3.736485e-06	-1.577397e-09	-2.656171e+01	-1.054130e+02
6.460000e-06	-3.769399e-06	-1.587930e-09	-2.679569e+01	-1.064414e+02
6.470000e-06	-3.801999e-06	-1.602643e-09	-2.702743e+01	-1.074333e+02
6.480000e-06	-3.834413e-06	-1.618291e-09	-2.725786e+01	-1.083895e+02
6.490000e-06	-3.866736e-06	-1.633718e-09	-2.748763e+01	-1.093109e+02
6.500000e-06	-3.898866e-06	-1.649953e-09	-2.771603e+01	-1.101982e+02
6.510000e-06	-3.930821e-06	-1.666252e-09	-2.794320e+01	-1.110523e+02
6.520000e-06	-3.962577e-06	-1.680209e-09	-2.816894e+01	-1.118741e+02
6.530000e-06	-3.994101e-06	-1.690921e-09	-2.839304e+01	-1.126643e+02
6.540000e-06	-4.025283e-06	-1.697473e-09	-2.861471e+01	-1.134238e+02
6.550000e-06	-4.056027e-06	-1.703472e-09	-2.883326e+01	-1.141536e+02
6.560000e-06	-4.086186e-06	-1.714055e-09	-2.904764e+01	-1.148544e+02
6.570000e-06	-4.115696e-06	-1.727993e-09	-2.925742e+01	-1.155271e+02
6.580000e-06	-4.144713e-06	-1.740268e-09	-2.946370e+01	-1.161726e+02
6.590000e-06	-4.173338e-06	-1.747716e-09	-2.966719e+01	-1.167917e+02
6.600000e-06	-4.201734e-06	-1.753541e-09	-2.986905e+01	-1.173853e+02
6.610000e-06	-4.229944e-06	-1.762283e-09	-3.006959e+01	-1.179543e+02
6.620000e-06	-4.258008e-06	-1.771426e-09	-3.026908e+01	-1.184994e+02
6.630000e-06	-4.285975e-06	-1.779106e-09	-3.046789e+01	-1.190216e+02
6.640000e-06	-4.313678e-06	-1.786448e-09	-3.066483e+01	-1.195216e+02
6.650000e-06	-4.341042e-06	-1.794418e-09	-3.085935e+01	-1.200002e+02
6.660000e-06	-4.368134e-06	-1.801619e-09	-3.105194e+01	-1.204584e+02
6.670000e-06	-4.394841e-06	-1.806729e-09	-3.124180e+01	-1.208968e+02
6.680000e-06	-4.421202e-06	-1.810846e-09	-3.142919e+01	-1.213163e+02
6.690000e-06	-4.447300e-06	-1.816190e-09	-3.161471e+01	-1.217177e+02
6.700000e-06	-4.473132e-06	-1.821764e-09	-3.179835e+01	-1.221017e+02
6.710000e-06	-4.498625e-06	-1.827302e-09	-3.197957e+01	-1.224690e+02
6.720000e-06	-4.523757e-06	-1.833783e-09	-3.215823e+01	-1.228206e+02
6.730000e-06	-4.548598e-06	-1.839839e-09	-3.233482e+01	-1.231570e+02
6.740000e-06	-4.573087e-06	-1.845895e-09	-3.250890e+01	-1.234789e+02
6.750000e-06	-4.597324e-06	-1.852198e-09	-3.268120e+01	-1.237872e+02
6.760000e-06	-4.621426e-06	-1.857358e-09	-3.285253e+01	-1.240823e+02
6.770000e-06	-4.645406e-06	-1.860808e-09	-3.302300e+01	-1.243651e+02
6.780000e-06	-4.669160e-06	-1.865915e-09	-3.319186e+01	-1.246362e+02
6.790000e-06	-4.692449e-06	-1.872723e-09	-3.335742e+01	-1.248960e+02
6.800000e-06	-4.715214e-06	-1.876137e-09	-3.351925e+01	-1.251453e+02
6.810000e-06	-4.737495e-06	-1.876458e-09	-3.367764e+01	-1.253846e+02
6.820000e-06	-4.759261e-06	-1.878979e-09	-3.383237e+01	-1.256144e+02
6.830000e-06	-4.780464e-06	-1.884641e-09	-3.398309e+01	-1.258351e+02
6.840000e-06	-4.801185e-06	-1.888817e-09	-3.413039e+01	-1.260474e+02
6.850000e-06	-4.821601e-06	-1.889540e-09	-3.427552e+01	-1.262515e+02
6.860000e-06	-4.841771e-06	-1.890509e-09	-3.441891e+01	-1.264480e+02
6.870000e-06	-4.861776e-06	-1.893943e-09	-3.456112e+01	-1.266371e+02
6.880000e-06	-4.881658e-06	-1.897005e-09	-3.470246e+01	-1.268191e+02
6.890000e-06	-4.901246e-06	-1.898100e-09	-3.484170e+01	-1.269945e+02
6.900000e-06	-4.920378e-06	-1.901093e-09	-3.497770e+01	-1.271633e+02
6.910000e-06	-4.939124e-06	-1.907944e-09	-3.511096e+01	-1.273259e+02
6.920000e-06	-4.957552e-06	-1.915238e-09	-3.524196e+01	-1.274824e+02
6.930000e-06	-4.975705e-06	-1.918555e-09	-3.537101e+01	-1.276329e+02
6.940000e-06	-4.993586e-06	-1.918267e-09	-3.549812e+01	-1.277776e+02
6.950000e-06	-5.011094e-06	-1.917808e-09	-3.562258e+01	-1.279164e+02
6.960000e-06	-5.028195e-06	-1.918768e-09	-3.574415e+01	-1.280495e+02
6.970000e-06	-5.044904e-06	-1.918950e-09	-3.586292e+01	-1.281768e+02
6.980000e-06	-5.061332e-06	-1.918448e-09	-3.597971e+01	-1.282983e+02
6.990000e-06	-5.077554e-06	-1.919254e-09	-3.609503e+01	-1.284140e+02
7.000000e-06	-5.093537e-06	-1.922758e-09	-3.620864e+01	-1.285237e+02
7.010000e-06	-5.109252e-06	-1.925992e-09	-3.632036e+01	-1.286273e+02
7.020000e-06	-5.124604e-06	-1.925729e-09	-3.642950e+01	-1.287247e+02
7.030000e-06	-5.139283e-06	-1.924734e-09	-3.653385e+01	-1.288157e+02
7.040000e-06	-5.153168e-06	-1.925874e-09	-3.663255e+01	-1.289003e+02
7.050000e-06	-5.166574e-06	-1.928244e-09	-3.672784e+01	-1.289781e+02
7.060000e-06	-5.179593e-06	-1.929269e-09	-3.682039e+01	-1.290491e+02
7.070000e-06	-5.192170e-06	-1.928972e-09	-3.690980e+01	-1.291131e+02
7.080000e-06	-5.204417e-06	-1.927802e-09	-3.699686e+01	-1.291698e+02
7.090000e-06	-5.216419e-06	-1.928046e-09	-3.708218e+01	-1.292191e+02
7.100000e-06	-5.228019e-06	-1.929412e-09	-3.716465e+01	-1.292609e+02
7.110000e-06	-5.239106e-06	-1.929500e-09	-3.724346e+01	-1.292950e+02
7.120000e-06	-5.249814e-06	-1.929991e-09	-3.731958e+01	-1.293213e+02
7.130000e-06	-5.260162e-06	-1.931885e-09	-3.739314e+01	-1.293397e+02
7.140000e-06	-5.270180e-06	-1.934186e-09	-3.746436e+01	-1.293501e+02
7.150000e-06	-5.279804e-06	-1.934520e-09	-3.753277e+01	-1.293524e+02
7.160000e-06	-5.289070e-06	-1.931189e-09	-3.759864e+01	-1.293468e+02
7.170000e-06	-5.297998e-06	-1.926399e-09	-3.766211e+01	-1.293331e+02
7.180000e-06	-5.306540e-06	-1.923120e-09	-3.772283e+01	-1.293114e+02
7.190000e-06	-5.314801e-06	-1.921644e-09	-3.778156e+01	-1.292820e+02
7.200000e-06	-5.322875e-06	-1.922689e-09	-3.783895e+01	-1.292448e+02
7.210000e-06	-5.330798e-06	-1.926017e-09	-3.789527e+01	-1.292001e+02
7.220000e-06	-5.338330e-06	-1.927418e-09	-3.794882e+01	-1.291482e+02
7.230000e-06	-5.345364e-06	-1.925262e-09	-3.799882e+01	-1.290893e+02
7.240000e-06	-5.351860e-06	-1.920141e-09	-3.804500e+01	-1.290237e+02
7.250000e-06	-5.357664e-06	-1.914206e-09	-3.808626e+01	-1.289519e+02
7.260000e-06	-5.362872e-06	-1.908728e-09	-3.812328e+01	-1.288741e+02
7.270000e-06	-5.367582e-06	-1.903800e-09	-3.815676e+01	-1.287910e+02
7.280000e-06	-5.371950e-06	-1.902915e-09	-3.818782e+01	-1.287029e+02
7.290000e-06	-5.376172e-06	-1.906502e-09	-3.821782e+01	-1.286104e+02
7.300000e-06	-5.380213e-06	-1.909358e-09	-3.824656e+01	-1.285141e+02
7.310000e-06	-5.383977e-06	-1.911058e-09	-3.827331e+01	-1.284144e+02
7.320000e-06	-5.387328e-06	-1.911105e-09	-3.829713e+01	-1.283122e+02
7.330000e-06	-5.390258e-06	-1.909125e-09	-3.831796e+01	-1.282079e+02
7.340000e-06	-5.392842e-06	-1.902688e-09	-3.833633e+01	-1.281022e+02
7.350000e-06	-5.395129e-06	-1.893924e-09	-3.835259e+01	-1.279957e+02
7.360000e-06	-5.397143e-06	-1.887843e-09	-3.836690e+01	-1.278892e+02
7.370000e-06	-5.398729e-06	-1.885135e-09	-3.837818e+01	-1.277832e+02
7.380000e-06	-5.399794e-06	-1.886865e-09	-3.838575e+01	-1.276784e+02
7.390000e-06	-5.400486e-06	-1.891110e-09	-3.839067e+01	-1.275754e+02
7.400000e-06	-5.400893e-06	-1.893630e-09	-3.839356e+01	-1.274748e+02
