# Temperatura_=_-1.5
# Concentracion g/m^3_=_4090.0
# C_Vs_to_Am_M_A/Vsm_=_65563218390.804596
# pendiente_HvsI_1/m_=_3716.3
# ordenada_HvsI_A/m_=_1297.0
# frecuencia_Hz_=_135072.06324420325

Tiempo_(s)	Campo_(V.s)	Magnetizacion_(V.s)	Campo_(kA/m)	Magnetizacion_(A/m)
0.000000e+00	-5.401182e-06	-2.128936e-09	-3.839012e+01	-1.403107e+02
1.000000e-08	-5.401288e-06	-2.132500e-09	-3.839087e+01	-1.402382e+02
2.000000e-08	-5.401146e-06	-2.133565e-09	-3.838986e+01	-1.401720e+02
3.000000e-08	-5.400769e-06	-2.130183e-09	-3.838718e+01	-1.401127e+02
4.000000e-08	-5.400089e-06	-2.124648e-09	-3.838235e+01	-1.400608e+02
5.000000e-08	-5.398866e-06	-2.119041e-09	-3.837365e+01	-1.400168e+02
6.000000e-08	-5.397045e-06	-2.115159e-09	-3.836071e+01	-1.399811e+02
7.000000e-08	-5.394591e-06	-2.129292e-09	-3.834327e+01	-1.399540e+02
8.000000e-08	-5.391487e-06	-2.150184e-09	-3.832120e+01	-1.399357e+02
9.000000e-08	-5.387900e-06	-2.098696e-09	-3.829571e+01	-1.399264e+02
1.000000e-07	-5.383861e-06	-2.033895e-09	-3.826700e+01	-1.399262e+02
1.100000e-07	-5.379592e-06	-2.135540e-09	-3.823666e+01	-1.399350e+02
1.200000e-07	-5.375188e-06	-2.224873e-09	-3.820535e+01	-1.399527e+02
1.300000e-07	-5.370334e-06	-2.115444e-09	-3.817085e+01	-1.399791e+02
1.400000e-07	-5.365008e-06	-2.004830e-09	-3.813300e+01	-1.400138e+02
1.500000e-07	-5.359406e-06	-2.109310e-09	-3.809318e+01	-1.400566e+02
1.600000e-07	-5.353542e-06	-2.267623e-09	-3.805150e+01	-1.401068e+02
1.700000e-07	-5.347207e-06	-2.084234e-09	-3.800647e+01	-1.401639e+02
1.800000e-07	-5.340458e-06	-1.956759e-09	-3.795851e+01	-1.402272e+02
1.900000e-07	-5.333495e-06	-2.106073e-09	-3.790901e+01	-1.402961e+02
2.000000e-07	-5.326224e-06	-2.256616e-09	-3.785733e+01	-1.403697e+02
2.100000e-07	-5.318500e-06	-2.110647e-09	-3.780243e+01	-1.404471e+02
2.200000e-07	-5.310557e-06	-2.055802e-09	-3.774598e+01	-1.405275e+02
2.300000e-07	-5.302478e-06	-2.237109e-09	-3.768855e+01	-1.406097e+02
2.400000e-07	-5.293976e-06	-2.276623e-09	-3.762812e+01	-1.406929e+02
2.500000e-07	-5.284815e-06	-2.141010e-09	-3.756301e+01	-1.407759e+02
2.600000e-07	-5.275058e-06	-2.174594e-09	-3.749366e+01	-1.408577e+02
2.700000e-07	-5.264723e-06	-2.323953e-09	-3.742020e+01	-1.409371e+02
2.800000e-07	-5.253805e-06	-2.220409e-09	-3.734260e+01	-1.410130e+02
2.900000e-07	-5.242625e-06	-2.099309e-09	-3.726313e+01	-1.410844e+02
3.000000e-07	-5.231015e-06	-2.217678e-09	-3.718062e+01	-1.411501e+02
3.100000e-07	-5.218853e-06	-2.297706e-09	-3.709417e+01	-1.412091e+02
3.200000e-07	-5.206313e-06	-2.138210e-09	-3.700504e+01	-1.412603e+02
3.300000e-07	-5.193430e-06	-2.133075e-09	-3.691347e+01	-1.413027e+02
3.400000e-07	-5.180230e-06	-2.260572e-09	-3.681965e+01	-1.413353e+02
3.500000e-07	-5.166655e-06	-2.237180e-09	-3.672316e+01	-1.413573e+02
3.600000e-07	-5.152718e-06	-2.139110e-09	-3.662410e+01	-1.413678e+02
3.700000e-07	-5.138380e-06	-2.202151e-09	-3.652219e+01	-1.413660e+02
3.800000e-07	-5.123341e-06	-2.203370e-09	-3.641530e+01	-1.413513e+02
3.900000e-07	-5.107679e-06	-2.141593e-09	-3.630397e+01	-1.413229e+02
4.000000e-07	-5.091531e-06	-2.173209e-09	-3.618920e+01	-1.412805e+02
4.100000e-07	-5.074950e-06	-2.215975e-09	-3.607135e+01	-1.412236e+02
4.200000e-07	-5.057958e-06	-2.131265e-09	-3.595057e+01	-1.411518e+02
4.300000e-07	-5.040689e-06	-2.143167e-09	-3.582783e+01	-1.410648e+02
4.400000e-07	-5.023251e-06	-2.225488e-09	-3.570389e+01	-1.409626e+02
4.500000e-07	-5.005503e-06	-2.184068e-09	-3.557774e+01	-1.408451e+02
4.600000e-07	-4.987456e-06	-2.102812e-09	-3.544947e+01	-1.407124e+02
4.700000e-07	-4.969027e-06	-2.143601e-09	-3.531847e+01	-1.405645e+02
4.800000e-07	-4.950205e-06	-2.175740e-09	-3.518470e+01	-1.404017e+02
4.900000e-07	-4.930964e-06	-2.138044e-09	-3.504793e+01	-1.402243e+02
5.000000e-07	-4.911409e-06	-2.119923e-09	-3.490894e+01	-1.400328e+02
5.100000e-07	-4.891605e-06	-2.123130e-09	-3.476818e+01	-1.398277e+02
5.200000e-07	-4.871557e-06	-2.133143e-09	-3.462569e+01	-1.396094e+02
5.300000e-07	-4.851370e-06	-2.150391e-09	-3.448220e+01	-1.393786e+02
5.400000e-07	-4.830835e-06	-2.132056e-09	-3.433624e+01	-1.391361e+02
5.500000e-07	-4.809897e-06	-2.090932e-09	-3.418742e+01	-1.388825e+02
5.600000e-07	-4.788715e-06	-2.112426e-09	-3.403687e+01	-1.386187e+02
5.700000e-07	-4.767196e-06	-2.131016e-09	-3.388391e+01	-1.383454e+02
5.800000e-07	-4.745324e-06	-2.102146e-09	-3.372846e+01	-1.380636e+02
5.900000e-07	-4.723160e-06	-2.074419e-09	-3.357092e+01	-1.377741e+02
6.000000e-07	-4.700624e-06	-2.090271e-09	-3.341074e+01	-1.374777e+02
6.100000e-07	-4.677740e-06	-2.104023e-09	-3.324809e+01	-1.371755e+02
6.200000e-07	-4.654525e-06	-2.110895e-09	-3.308308e+01	-1.368682e+02
6.300000e-07	-4.631020e-06	-2.085554e-09	-3.291601e+01	-1.365568e+02
6.400000e-07	-4.607256e-06	-2.068446e-09	-3.274710e+01	-1.362420e+02
6.500000e-07	-4.583272e-06	-2.085161e-09	-3.257664e+01	-1.359246e+02
6.600000e-07	-4.559118e-06	-2.098765e-09	-3.240496e+01	-1.356056e+02
6.700000e-07	-4.534685e-06	-2.062350e-09	-3.223129e+01	-1.352855e+02
6.800000e-07	-4.509831e-06	-2.045031e-09	-3.205464e+01	-1.349651e+02
6.900000e-07	-4.484470e-06	-2.059844e-09	-3.187437e+01	-1.346449e+02
7.000000e-07	-4.458536e-06	-2.071189e-09	-3.169005e+01	-1.343256e+02
7.100000e-07	-4.432065e-06	-2.051042e-09	-3.150189e+01	-1.340076e+02
7.200000e-07	-4.405190e-06	-2.034714e-09	-3.131088e+01	-1.336913e+02
7.300000e-07	-4.377995e-06	-2.035544e-09	-3.111758e+01	-1.333772e+02
7.400000e-07	-4.350508e-06	-2.052393e-09	-3.092221e+01	-1.330654e+02
7.500000e-07	-4.322774e-06	-2.047093e-09	-3.072508e+01	-1.327562e+02
7.600000e-07	-4.294863e-06	-2.023272e-09	-3.052670e+01	-1.324496e+02
7.700000e-07	-4.266762e-06	-2.014706e-09	-3.032697e+01	-1.321459e+02
7.800000e-07	-4.238418e-06	-2.022611e-09	-3.012551e+01	-1.318449e+02
7.900000e-07	-4.209735e-06	-2.015751e-09	-2.992164e+01	-1.315465e+02
8.000000e-07	-4.180711e-06	-1.999112e-09	-2.971534e+01	-1.312507e+02
8.100000e-07	-4.151420e-06	-1.996001e-09	-2.950715e+01	-1.309571e+02
8.200000e-07	-4.121845e-06	-2.007489e-09	-2.929694e+01	-1.306655e+02
8.300000e-07	-4.091979e-06	-2.014926e-09	-2.908466e+01	-1.303757e+02
8.400000e-07	-4.061822e-06	-1.998693e-09	-2.887031e+01	-1.300871e+02
8.500000e-07	-4.031407e-06	-1.976364e-09	-2.865413e+01	-1.297994e+02
8.600000e-07	-4.000886e-06	-1.967297e-09	-2.843720e+01	-1.295122e+02
8.700000e-07	-3.970101e-06	-1.970973e-09	-2.821838e+01	-1.292249e+02
8.800000e-07	-3.938861e-06	-1.962601e-09	-2.799634e+01	-1.289370e+02
8.900000e-07	-3.907343e-06	-1.952415e-09	-2.777232e+01	-1.286481e+02
9.000000e-07	-3.875659e-06	-1.953462e-09	-2.754712e+01	-1.283575e+02
9.100000e-07	-3.843819e-06	-1.967041e-09	-2.732081e+01	-1.280649e+02
9.200000e-07	-3.811793e-06	-1.962831e-09	-2.709317e+01	-1.277695e+02
9.300000e-07	-3.779568e-06	-1.945181e-09	-2.686413e+01	-1.274710e+02
9.400000e-07	-3.747106e-06	-1.933501e-09	-2.663340e+01	-1.271688e+02
9.500000e-07	-3.714426e-06	-1.938674e-09	-2.640111e+01	-1.268624e+02
9.600000e-07	-3.681414e-06	-1.937244e-09	-2.616647e+01	-1.265514e+02
9.700000e-07	-3.647857e-06	-1.926704e-09	-2.592796e+01	-1.262353e+02
9.800000e-07	-3.613923e-06	-1.917618e-09	-2.568677e+01	-1.259139e+02
9.900000e-07	-3.579713e-06	-1.922237e-09	-2.544361e+01	-1.255866e+02
1.000000e-06	-3.545094e-06	-1.922732e-09	-2.519755e+01	-1.252534e+02
1.010000e-06	-3.510008e-06	-1.912490e-09	-2.494817e+01	-1.249138e+02
1.020000e-06	-3.474557e-06	-1.899068e-09	-2.469619e+01	-1.245677e+02
1.030000e-06	-3.438909e-06	-1.896395e-09	-2.444282e+01	-1.242149e+02
1.040000e-06	-3.403080e-06	-1.896793e-09	-2.418816e+01	-1.238554e+02
1.050000e-06	-3.367069e-06	-1.892132e-09	-2.393220e+01	-1.234890e+02
1.060000e-06	-3.330893e-06	-1.880628e-09	-2.367507e+01	-1.231158e+02
1.070000e-06	-3.294554e-06	-1.870973e-09	-2.341678e+01	-1.227358e+02
1.080000e-06	-3.258089e-06	-1.864067e-09	-2.315760e+01	-1.223490e+02
1.090000e-06	-3.221466e-06	-1.855619e-09	-2.289729e+01	-1.219557e+02
1.100000e-06	-3.184595e-06	-1.847532e-09	-2.263523e+01	-1.215559e+02
1.110000e-06	-3.147448e-06	-1.844591e-09	-2.237120e+01	-1.211499e+02
1.120000e-06	-3.110121e-06	-1.845194e-09	-2.210589e+01	-1.207378e+02
1.130000e-06	-3.072551e-06	-1.839881e-09	-2.183885e+01	-1.203200e+02
1.140000e-06	-3.034699e-06	-1.827316e-09	-2.156980e+01	-1.198967e+02
1.150000e-06	-2.996632e-06	-1.813588e-09	-2.129923e+01	-1.194682e+02
1.160000e-06	-2.958379e-06	-1.805300e-09	-2.102734e+01	-1.190347e+02
1.170000e-06	-2.919959e-06	-1.797858e-09	-2.075426e+01	-1.185967e+02
1.180000e-06	-2.881329e-06	-1.790511e-09	-2.047970e+01	-1.181543e+02
1.190000e-06	-2.842496e-06	-1.784700e-09	-2.020368e+01	-1.177078e+02
1.200000e-06	-2.803414e-06	-1.786890e-09	-1.992590e+01	-1.172576e+02
1.210000e-06	-2.764105e-06	-1.787853e-09	-1.964650e+01	-1.168039e+02
1.220000e-06	-2.724641e-06	-1.781281e-09	-1.936600e+01	-1.163470e+02
1.230000e-06	-2.684932e-06	-1.767063e-09	-1.908376e+01	-1.158870e+02
1.240000e-06	-2.645105e-06	-1.755177e-09	-1.880068e+01	-1.154241e+02
1.250000e-06	-2.605224e-06	-1.744951e-09	-1.851722e+01	-1.149585e+02
1.260000e-06	-2.565221e-06	-1.737465e-09	-1.823289e+01	-1.144904e+02
1.270000e-06	-2.525160e-06	-1.730048e-09	-1.794814e+01	-1.140197e+02
1.280000e-06	-2.484967e-06	-1.726017e-09	-1.766246e+01	-1.135465e+02
1.290000e-06	-2.444683e-06	-1.722432e-09	-1.737613e+01	-1.130708e+02
1.300000e-06	-2.404334e-06	-1.717818e-09	-1.708934e+01	-1.125925e+02
1.310000e-06	-2.363799e-06	-1.708175e-09	-1.680123e+01	-1.121115e+02
1.320000e-06	-2.323000e-06	-1.697994e-09	-1.651124e+01	-1.116278e+02
1.330000e-06	-2.281940e-06	-1.689948e-09	-1.621940e+01	-1.111410e+02
1.340000e-06	-2.240622e-06	-1.683927e-09	-1.592572e+01	-1.106509e+02
1.350000e-06	-2.199037e-06	-1.678169e-09	-1.563015e+01	-1.101573e+02
1.360000e-06	-2.157153e-06	-1.672136e-09	-1.533245e+01	-1.096599e+02
1.370000e-06	-2.114987e-06	-1.664962e-09	-1.503274e+01	-1.091582e+02
1.380000e-06	-2.072592e-06	-1.656213e-09	-1.473141e+01	-1.086520e+02
1.390000e-06	-2.029957e-06	-1.645439e-09	-1.442838e+01	-1.081407e+02
1.400000e-06	-1.987059e-06	-1.633674e-09	-1.412347e+01	-1.076240e+02
1.410000e-06	-1.943980e-06	-1.622642e-09	-1.381727e+01	-1.071014e+02
1.420000e-06	-1.900716e-06	-1.612964e-09	-1.350977e+01	-1.065723e+02
1.430000e-06	-1.857207e-06	-1.606558e-09	-1.320052e+01	-1.060364e+02
1.440000e-06	-1.813535e-06	-1.602540e-09	-1.289011e+01	-1.054931e+02
1.450000e-06	-1.769795e-06	-1.598411e-09	-1.257921e+01	-1.049419e+02
1.460000e-06	-1.725975e-06	-1.591746e-09	-1.226776e+01	-1.043823e+02
1.470000e-06	-1.682077e-06	-1.583926e-09	-1.195574e+01	-1.038137e+02
1.480000e-06	-1.638064e-06	-1.574065e-09	-1.164291e+01	-1.032358e+02
1.490000e-06	-1.593983e-06	-1.564042e-09	-1.132959e+01	-1.026480e+02
1.500000e-06	-1.549895e-06	-1.553291e-09	-1.101622e+01	-1.020498e+02
1.510000e-06	-1.505718e-06	-1.545196e-09	-1.070223e+01	-1.014408e+02
1.520000e-06	-1.461449e-06	-1.537989e-09	-1.038757e+01	-1.008206e+02
1.530000e-06	-1.417099e-06	-1.527666e-09	-1.007235e+01	-1.001888e+02
1.540000e-06	-1.372673e-06	-1.513305e-09	-9.756581e+00	-9.954503e+01
1.550000e-06	-1.328192e-06	-1.499688e-09	-9.440422e+00	-9.888888e+01
1.560000e-06	-1.283689e-06	-1.487730e-09	-9.124106e+00	-9.822005e+01
1.570000e-06	-1.239182e-06	-1.480484e-09	-8.807767e+00	-9.753825e+01
1.580000e-06	-1.194618e-06	-1.472975e-09	-8.491018e+00	-9.684321e+01
1.590000e-06	-1.149883e-06	-1.463387e-09	-8.173052e+00	-9.613466e+01
1.600000e-06	-1.105052e-06	-1.453864e-09	-7.854403e+00	-9.541238e+01
1.610000e-06	-1.060165e-06	-1.442233e-09	-7.535359e+00	-9.467615e+01
1.620000e-06	-1.015142e-06	-1.426022e-09	-7.215353e+00	-9.392579e+01
1.630000e-06	-9.700151e-07	-1.408546e-09	-6.894600e+00	-9.316110e+01
1.640000e-06	-9.248305e-07	-1.395493e-09	-6.573441e+00	-9.238191e+01
1.650000e-06	-8.796024e-07	-1.389442e-09	-6.251972e+00	-9.158805e+01
1.660000e-06	-8.343292e-07	-1.383464e-09	-5.930182e+00	-9.077933e+01
1.670000e-06	-7.889739e-07	-1.376103e-09	-5.607809e+00	-8.995558e+01
1.680000e-06	-7.435315e-07	-1.365505e-09	-5.284817e+00	-8.911660e+01
1.690000e-06	-6.980152e-07	-1.352197e-09	-4.961300e+00	-8.826218e+01
1.700000e-06	-6.525076e-07	-1.334883e-09	-4.637844e+00	-8.739208e+01
1.710000e-06	-6.070183e-07	-1.313646e-09	-4.314519e+00	-8.650603e+01
1.720000e-06	-5.614348e-07	-1.295825e-09	-3.990524e+00	-8.560374e+01
1.730000e-06	-5.158084e-07	-1.283538e-09	-3.666224e+00	-8.468487e+01
1.740000e-06	-4.701294e-07	-1.274232e-09	-3.341551e+00	-8.374902e+01
1.750000e-06	-4.244120e-07	-1.265695e-09	-3.016604e+00	-8.279578e+01
1.760000e-06	-3.787177e-07	-1.256861e-09	-2.691821e+00	-8.182464e+01
1.770000e-06	-3.330201e-07	-1.242930e-09	-2.367015e+00	-8.083506e+01
1.780000e-06	-2.873209e-07	-1.222390e-09	-2.042198e+00	-7.982645e+01
1.790000e-06	-2.416225e-07	-1.197936e-09	-1.717386e+00	-7.879812e+01
1.800000e-06	-1.958276e-07	-1.175503e-09	-1.391889e+00	-7.774936e+01
1.810000e-06	-1.499435e-07	-1.156749e-09	-1.065757e+00	-7.667935e+01
1.820000e-06	-1.041031e-07	-1.142645e-09	-7.399363e-01	-7.558725e+01
1.830000e-06	-5.828480e-08	-1.129657e-09	-4.142723e-01	-7.447211e+01
1.840000e-06	-1.247980e-08	-1.117605e-09	-8.870300e-02	-7.333295e+01
1.850000e-06	3.334353e-08	-1.104995e-09	2.369966e-01	-7.216872e+01
1.860000e-06	7.919404e-08	-1.088498e-09	5.628895e-01	-7.097830e+01
1.870000e-06	1.250304e-07	-1.066596e-09	8.886818e-01	-6.976054e+01
1.880000e-06	1.708692e-07	-1.042941e-09	1.214491e+00	-6.851422e+01
1.890000e-06	2.167723e-07	-1.019877e-09	1.540757e+00	-6.723810e+01
1.900000e-06	2.627042e-07	-9.980076e-10	1.867229e+00	-6.593088e+01
1.910000e-06	3.085174e-07	-9.760520e-10	2.192857e+00	-6.459126e+01
1.920000e-06	3.542410e-07	-9.541940e-10	2.517848e+00	-6.321790e+01
1.930000e-06	4.000061e-07	-9.333671e-10	2.843133e+00	-6.180946e+01
1.940000e-06	4.457693e-07	-9.120864e-10	3.168406e+00	-6.036461e+01
1.950000e-06	4.914116e-07	-8.885175e-10	3.492818e+00	-5.888202e+01
1.960000e-06	5.369907e-07	-8.637535e-10	3.816782e+00	-5.736038e+01
1.970000e-06	5.825609e-07	-8.370523e-10	4.140683e+00	-5.579843e+01
1.980000e-06	6.280595e-07	-8.087143e-10	4.464074e+00	-5.419493e+01
1.990000e-06	6.735103e-07	-7.781571e-10	4.787126e+00	-5.254872e+01
2.000000e-06	7.188075e-07	-7.470791e-10	5.109086e+00	-5.085869e+01
2.010000e-06	7.639761e-07	-7.195008e-10	5.430132e+00	-4.912384e+01
2.020000e-06	8.091860e-07	-6.959821e-10	5.751471e+00	-4.734322e+01
2.030000e-06	8.543661e-07	-6.716965e-10	6.072599e+00	-4.551602e+01
2.040000e-06	8.994848e-07	-6.446392e-10	6.393290e+00	-4.364153e+01
2.050000e-06	9.445799e-07	-6.172743e-10	6.713814e+00	-4.171917e+01
2.060000e-06	9.896988e-07	-5.882680e-10	7.034506e+00	-3.974848e+01
2.070000e-06	1.034686e-06	-5.558980e-10	7.354263e+00	-3.772916e+01
2.080000e-06	1.079538e-06	-5.199810e-10	7.673060e+00	-3.566106e+01
2.090000e-06	1.124298e-06	-4.854832e-10	7.991201e+00	-3.354419e+01
2.100000e-06	1.168900e-06	-4.534841e-10	8.308218e+00	-3.137872e+01
2.110000e-06	1.213475e-06	-4.211915e-10	8.625043e+00	-2.916501e+01
2.120000e-06	1.258018e-06	-3.871416e-10	8.941648e+00	-2.690358e+01
2.130000e-06	1.302433e-06	-3.537383e-10	9.257338e+00	-2.459513e+01
2.140000e-06	1.346736e-06	-3.215907e-10	9.572231e+00	-2.224056e+01
2.150000e-06	1.391012e-06	-2.891342e-10	9.886928e+00	-1.984095e+01
2.160000e-06	1.435243e-06	-2.535723e-10	1.020131e+01	-1.739754e+01
2.170000e-06	1.479429e-06	-2.149486e-10	1.051538e+01	-1.491179e+01
2.180000e-06	1.523580e-06	-1.780400e-10	1.082919e+01	-1.238530e+01
2.190000e-06	1.567683e-06	-1.421926e-10	1.114266e+01	-9.819887e+00
2.200000e-06	1.611755e-06	-1.048040e-10	1.145591e+01	-7.217507e+00
2.210000e-06	1.655749e-06	-6.619608e-11	1.176861e+01	-4.580292e+00
2.220000e-06	1.699643e-06	-2.597157e-11	1.208059e+01	-1.910531e+00
2.230000e-06	1.743448e-06	1.484778e-11	1.239195e+01	7.893428e-01
2.240000e-06	1.787225e-06	5.769667e-11	1.270310e+01	3.516754e+00
2.250000e-06	1.830912e-06	1.003917e-10	1.301362e+01	6.269002e+00
2.260000e-06	1.874390e-06	1.410910e-10	1.332265e+01	9.043270e+00
2.270000e-06	1.917710e-06	1.798106e-10	1.363055e+01	1.183664e+01
2.280000e-06	1.960918e-06	2.203290e-10	1.393766e+01	1.464609e+01
2.290000e-06	2.003963e-06	2.645292e-10	1.424362e+01	1.746854e+01
2.300000e-06	2.046754e-06	3.088185e-10	1.454776e+01	2.030083e+01
2.310000e-06	2.089308e-06	3.518850e-10	1.485023e+01	2.313977e+01
2.320000e-06	2.131554e-06	3.952101e-10	1.515050e+01	2.598211e+01
2.330000e-06	2.173473e-06	4.388380e-10	1.544845e+01	2.882461e+01
2.340000e-06	2.215128e-06	4.793566e-10	1.574452e+01	3.166400e+01
2.350000e-06	2.256475e-06	5.179759e-10	1.603840e+01	3.449703e+01
2.360000e-06	2.297565e-06	5.571473e-10	1.633046e+01	3.732048e+01
2.370000e-06	2.338401e-06	6.002999e-10	1.662071e+01	4.013117e+01
2.380000e-06	2.378996e-06	6.459572e-10	1.690925e+01	4.292596e+01
2.390000e-06	2.419435e-06	6.905021e-10	1.719668e+01	4.570178e+01
2.400000e-06	2.459729e-06	7.338117e-10	1.748308e+01	4.845565e+01
2.410000e-06	2.499900e-06	7.769292e-10	1.776860e+01	5.118466e+01
2.420000e-06	2.540006e-06	8.205769e-10	1.805366e+01	5.388604e+01
2.430000e-06	2.580019e-06	8.636109e-10	1.833806e+01	5.655708e+01
2.440000e-06	2.619938e-06	9.035927e-10	1.862179e+01	5.919524e+01
2.450000e-06	2.659756e-06	9.403396e-10	1.890482e+01	6.179808e+01
2.460000e-06	2.699370e-06	9.792053e-10	1.918638e+01	6.436331e+01
2.470000e-06	2.738759e-06	1.018858e-09	1.946634e+01	6.688878e+01
2.480000e-06	2.777946e-06	1.055798e-09	1.974488e+01	6.937250e+01
2.490000e-06	2.816968e-06	1.091682e-09	2.002223e+01	7.181263e+01
2.500000e-06	2.855799e-06	1.129267e-09	2.029823e+01	7.420747e+01
2.510000e-06	2.894381e-06	1.168302e-09	2.057246e+01	7.655551e+01
2.520000e-06	2.932769e-06	1.206601e-09	2.084531e+01	7.885538e+01
2.530000e-06	2.971034e-06	1.241445e-09	2.111729e+01	8.110588e+01
2.540000e-06	3.009140e-06	1.274856e-09	2.138814e+01	8.330596e+01
2.550000e-06	3.047007e-06	1.307916e-09	2.165729e+01	8.545474e+01
2.560000e-06	3.084675e-06	1.337438e-09	2.192502e+01	8.755150e+01
2.570000e-06	3.122172e-06	1.363613e-09	2.219154e+01	8.959567e+01
2.580000e-06	3.159414e-06	1.390283e-09	2.245625e+01	9.158680e+01
2.590000e-06	3.196380e-06	1.420734e-09	2.271899e+01	9.352463e+01
2.600000e-06	3.233092e-06	1.454541e-09	2.297993e+01	9.540900e+01
2.610000e-06	3.269630e-06	1.487904e-09	2.323963e+01	9.723990e+01
2.620000e-06	3.305996e-06	1.517030e-09	2.349811e+01	9.901744e+01
2.630000e-06	3.342186e-06	1.542969e-09	2.375534e+01	1.007419e+02
2.640000e-06	3.378267e-06	1.565804e-09	2.401179e+01	1.024135e+02
2.650000e-06	3.414222e-06	1.585007e-09	2.426735e+01	1.040328e+02
2.660000e-06	3.450017e-06	1.602215e-09	2.452177e+01	1.056002e+02
2.670000e-06	3.485641e-06	1.621975e-09	2.477498e+01	1.071165e+02
2.680000e-06	3.520940e-06	1.644229e-09	2.502587e+01	1.085823e+02
2.690000e-06	3.555893e-06	1.667509e-09	2.527431e+01	1.099983e+02
2.700000e-06	3.590529e-06	1.692642e-09	2.552049e+01	1.113655e+02
2.710000e-06	3.624719e-06	1.718577e-09	2.576351e+01	1.126847e+02
2.720000e-06	3.658439e-06	1.740514e-09	2.600318e+01	1.139569e+02
2.730000e-06	3.691768e-06	1.758052e-09	2.624007e+01	1.151830e+02
2.740000e-06	3.724714e-06	1.772726e-09	2.647424e+01	1.163641e+02
2.750000e-06	3.757240e-06	1.786398e-09	2.670543e+01	1.175013e+02
2.760000e-06	3.789508e-06	1.799588e-09	2.693478e+01	1.185955e+02
2.770000e-06	3.821610e-06	1.812323e-09	2.716295e+01	1.196478e+02
2.780000e-06	3.853569e-06	1.828971e-09	2.739011e+01	1.206595e+02
2.790000e-06	3.885421e-06	1.848726e-09	2.761650e+01	1.216316e+02
2.800000e-06	3.917105e-06	1.866186e-09	2.784171e+01	1.225652e+02
2.810000e-06	3.948483e-06	1.877261e-09	2.806473e+01	1.234614e+02
2.820000e-06	3.979504e-06	1.883890e-09	2.828522e+01	1.243214e+02
2.830000e-06	4.010281e-06	1.893321e-09	2.850397e+01	1.251462e+02
2.840000e-06	4.040727e-06	1.905553e-09	2.872037e+01	1.259370e+02
2.850000e-06	4.070793e-06	1.915678e-09	2.893407e+01	1.266949e+02
2.860000e-06	4.100647e-06	1.923366e-09	2.914627e+01	1.274209e+02
2.870000e-06	4.130299e-06	1.933875e-09	2.935702e+01	1.281162e+02
2.880000e-06	4.159768e-06	1.947109e-09	2.956648e+01	1.287817e+02
2.890000e-06	4.189049e-06	1.955930e-09	2.977461e+01	1.294185e+02
2.900000e-06	4.218052e-06	1.961037e-09	2.998075e+01	1.300278e+02
2.910000e-06	4.246684e-06	1.967008e-09	3.018426e+01	1.306104e+02
2.920000e-06	4.274956e-06	1.974647e-09	3.038521e+01	1.311674e+02
2.930000e-06	4.303040e-06	1.981183e-09	3.058483e+01	1.316998e+02
2.940000e-06	4.331039e-06	1.986966e-09	3.078383e+01	1.322085e+02
2.950000e-06	4.358836e-06	1.993031e-09	3.098140e+01	1.326945e+02
2.960000e-06	4.386319e-06	1.999299e-09	3.117675e+01	1.331588e+02
2.970000e-06	4.413522e-06	2.004798e-09	3.137010e+01	1.336023e+02
2.980000e-06	4.440385e-06	2.007351e-09	3.156103e+01	1.340259e+02
2.990000e-06	4.466732e-06	2.010488e-09	3.174830e+01	1.344306e+02
3.000000e-06	4.492431e-06	2.017421e-09	3.193096e+01	1.348171e+02
3.010000e-06	4.517530e-06	2.025701e-09	3.210936e+01	1.351863e+02
3.020000e-06	4.542238e-06	2.033526e-09	3.228498e+01	1.355392e+02
3.030000e-06	4.566616e-06	2.040742e-09	3.245825e+01	1.358765e+02
3.040000e-06	4.590726e-06	2.048310e-09	3.262961e+01	1.361990e+02
3.050000e-06	4.614658e-06	2.054164e-09	3.279972e+01	1.365076e+02
3.060000e-06	4.638306e-06	2.056093e-09	3.296780e+01	1.368030e+02
3.070000e-06	4.661566e-06	2.055673e-09	3.313313e+01	1.370859e+02
3.080000e-06	4.684484e-06	2.058012e-09	3.329602e+01	1.373571e+02
3.090000e-06	4.707139e-06	2.066009e-09	3.345705e+01	1.376172e+02
3.100000e-06	4.729498e-06	2.073599e-09	3.361597e+01	1.378669e+02
3.110000e-06	4.751566e-06	2.076982e-09	3.377283e+01	1.381068e+02
3.120000e-06	4.773355e-06	2.079590e-09	3.392769e+01	1.383375e+02
3.130000e-06	4.794765e-06	2.083754e-09	3.407987e+01	1.385596e+02
3.140000e-06	4.815762e-06	2.088206e-09	3.422911e+01	1.387736e+02
3.150000e-06	4.836417e-06	2.089943e-09	3.437592e+01	1.389799e+02
3.160000e-06	4.856774e-06	2.090535e-09	3.452061e+01	1.391790e+02
3.170000e-06	4.876920e-06	2.095025e-09	3.466381e+01	1.393713e+02
3.180000e-06	4.896939e-06	2.100264e-09	3.480610e+01	1.395571e+02
3.190000e-06	4.916760e-06	2.101611e-09	3.494698e+01	1.397368e+02
3.200000e-06	4.936288e-06	2.103680e-09	3.508578e+01	1.399105e+02
3.210000e-06	4.955472e-06	2.108698e-09	3.522213e+01	1.400786e+02
3.220000e-06	4.974190e-06	2.113672e-09	3.535517e+01	1.402411e+02
3.230000e-06	4.992444e-06	2.117256e-09	3.548492e+01	1.403983e+02
3.240000e-06	5.010369e-06	2.117978e-09	3.561232e+01	1.405501e+02
3.250000e-06	5.027912e-06	2.117733e-09	3.573701e+01	1.406966e+02
3.260000e-06	5.045174e-06	2.117799e-09	3.585970e+01	1.408378e+02
3.270000e-06	5.062265e-06	2.117348e-09	3.598119e+01	1.409737e+02
3.280000e-06	5.079076e-06	2.118917e-09	3.610067e+01	1.411042e+02
3.290000e-06	5.095413e-06	2.123864e-09	3.621679e+01	1.412291e+02
3.300000e-06	5.111246e-06	2.127813e-09	3.632933e+01	1.413483e+02
3.310000e-06	5.126589e-06	2.129807e-09	3.643838e+01	1.414616e+02
3.320000e-06	5.141431e-06	2.133363e-09	3.654387e+01	1.415688e+02
3.330000e-06	5.155907e-06	2.139340e-09	3.664677e+01	1.416698e+02
3.340000e-06	5.170007e-06	2.143270e-09	3.674698e+01	1.417642e+02
3.350000e-06	5.183676e-06	2.142124e-09	3.684414e+01	1.418518e+02
3.360000e-06	5.196969e-06	2.140660e-09	3.693863e+01	1.419324e+02
3.370000e-06	5.209896e-06	2.140826e-09	3.703051e+01	1.420057e+02
3.380000e-06	5.222480e-06	2.140061e-09	3.711995e+01	1.420715e+02
3.390000e-06	5.234781e-06	2.140058e-09	3.720738e+01	1.421296e+02
3.400000e-06	5.246756e-06	2.143427e-09	3.729250e+01	1.421797e+02
3.410000e-06	5.258249e-06	2.147895e-09	3.737418e+01	1.422217e+02
3.420000e-06	5.269164e-06	2.151233e-09	3.745176e+01	1.422553e+02
3.430000e-06	5.279528e-06	2.151516e-09	3.752543e+01	1.422805e+02
3.440000e-06	5.289330e-06	2.150190e-09	3.759510e+01	1.422972e+02
3.450000e-06	5.298570e-06	2.148608e-09	3.766078e+01	1.423053e+02
3.460000e-06	5.307270e-06	2.146629e-09	3.772261e+01	1.423048e+02
3.470000e-06	5.315588e-06	2.145405e-09	3.778173e+01	1.422957e+02
3.480000e-06	5.323695e-06	2.144090e-09	3.783936e+01	1.422782e+02
3.490000e-06	5.331576e-06	2.143305e-09	3.789538e+01	1.422523e+02
3.500000e-06	5.339155e-06	2.143967e-09	3.794925e+01	1.422183e+02
3.510000e-06	5.346388e-06	2.147637e-09	3.800065e+01	1.421764e+02
3.520000e-06	5.353170e-06	2.152185e-09	3.804886e+01	1.421270e+02
3.530000e-06	5.359485e-06	2.155254e-09	3.809374e+01	1.420704e+02
3.540000e-06	5.365493e-06	2.158104e-09	3.813645e+01	1.420071e+02
3.550000e-06	5.371191e-06	2.156656e-09	3.817695e+01	1.419375e+02
3.560000e-06	5.376485e-06	2.149369e-09	3.821457e+01	1.418622e+02
3.570000e-06	5.381372e-06	2.141684e-09	3.824931e+01	1.417818e+02
3.580000e-06	5.385882e-06	2.138997e-09	3.828137e+01	1.416969e+02
3.590000e-06	5.390125e-06	2.141323e-09	3.831153e+01	1.416082e+02
3.600000e-06	5.394157e-06	2.146641e-09	3.834018e+01	1.415163e+02
3.610000e-06	5.397933e-06	2.153585e-09	3.836702e+01	1.414222e+02
3.620000e-06	5.401397e-06	2.160177e-09	3.839164e+01	1.413265e+02
3.630000e-06	5.404424e-06	2.162329e-09	3.841316e+01	1.412300e+02
3.640000e-06	5.406944e-06	2.155804e-09	3.843107e+01	1.411335e+02
3.650000e-06	5.408786e-06	2.147024e-09	3.844416e+01	1.410380e+02
3.660000e-06	5.409927e-06	2.141230e-09	3.845227e+01	1.409441e+02
3.670000e-06	5.410584e-06	2.140377e-09	3.845694e+01	1.408528e+02
3.680000e-06	5.410925e-06	2.143725e-09	3.845937e+01	1.407647e+02
3.690000e-06	5.411014e-06	2.150480e-09	3.846000e+01	1.406808e+02
3.700000e-06	5.410832e-06	2.157578e-09	3.845871e+01	1.406016e+02
3.710000e-06	5.410397e-06	2.162734e-09	3.845561e+01	1.405280e+02
3.720000e-06	5.409746e-06	2.162403e-09	3.845099e+01	1.404606e+02
3.730000e-06	5.408701e-06	2.153978e-09	3.844356e+01	1.403999e+02
3.740000e-06	5.407199e-06	2.144303e-09	3.843288e+01	1.403466e+02
3.750000e-06	5.405426e-06	2.138885e-09	3.842028e+01	1.403011e+02
3.760000e-06	5.403378e-06	2.129343e-09	3.840572e+01	1.402639e+02
3.770000e-06	5.400974e-06	2.090832e-09	3.838864e+01	1.402352e+02
3.780000e-06	5.398098e-06	2.092302e-09	3.836820e+01	1.402153e+02
3.790000e-06	5.394699e-06	2.204571e-09	3.834404e+01	1.402044e+02
3.800000e-06	5.390939e-06	2.199628e-09	3.831731e+01	1.402025e+02
3.810000e-06	5.386990e-06	2.042541e-09	3.828924e+01	1.402097e+02
3.820000e-06	5.382894e-06	2.055393e-09	3.826013e+01	1.402257e+02
3.830000e-06	5.378426e-06	2.165500e-09	3.822837e+01	1.402506e+02
3.840000e-06	5.373302e-06	2.171749e-09	3.819195e+01	1.402838e+02
3.850000e-06	5.367690e-06	1.973831e-09	3.815206e+01	1.403251e+02
3.860000e-06	5.361777e-06	1.983862e-09	3.811004e+01	1.403739e+02
3.870000e-06	5.355342e-06	2.242138e-09	3.806429e+01	1.404298e+02
3.880000e-06	5.348327e-06	2.210711e-09	3.801443e+01	1.404920e+02
3.890000e-06	5.340952e-06	1.979010e-09	3.796201e+01	1.405599e+02
3.900000e-06	5.333251e-06	2.009290e-09	3.790728e+01	1.406326e+02
3.910000e-06	5.325130e-06	2.273579e-09	3.784956e+01	1.407094e+02
3.920000e-06	5.316649e-06	2.129750e-09	3.778927e+01	1.407891e+02
3.930000e-06	5.307931e-06	1.878490e-09	3.772731e+01	1.408710e+02
3.940000e-06	5.298906e-06	2.048052e-09	3.766317e+01	1.409540e+02
3.950000e-06	5.289365e-06	2.313924e-09	3.759535e+01	1.410369e+02
3.960000e-06	5.279432e-06	2.110890e-09	3.752475e+01	1.411188e+02
3.970000e-06	5.269393e-06	1.940321e-09	3.745339e+01	1.411986e+02
3.980000e-06	5.258893e-06	2.217865e-09	3.737876e+01	1.412750e+02
3.990000e-06	5.247819e-06	2.342922e-09	3.730005e+01	1.413471e+02
4.000000e-06	5.236481e-06	2.071011e-09	3.721947e+01	1.414137e+02
4.010000e-06	5.224868e-06	2.051996e-09	3.713692e+01	1.414738e+02
4.020000e-06	5.212833e-06	2.347017e-09	3.705138e+01	1.415262e+02
4.030000e-06	5.200355e-06	2.283305e-09	3.696269e+01	1.415700e+02
4.040000e-06	5.187405e-06	2.033164e-09	3.687065e+01	1.416042e+02
4.050000e-06	5.173872e-06	2.146693e-09	3.677446e+01	1.416278e+02
4.060000e-06	5.159667e-06	2.301884e-09	3.667349e+01	1.416402e+02
4.070000e-06	5.144937e-06	2.134415e-09	3.656880e+01	1.416403e+02
4.080000e-06	5.129844e-06	2.089115e-09	3.646152e+01	1.416277e+02
4.090000e-06	5.114270e-06	2.229563e-09	3.635082e+01	1.416015e+02
4.100000e-06	5.098351e-06	2.192159e-09	3.623767e+01	1.415613e+02
4.110000e-06	5.082210e-06	2.104372e-09	3.612295e+01	1.415067e+02
4.120000e-06	5.065803e-06	2.206021e-09	3.600633e+01	1.414373e+02
4.130000e-06	5.049048e-06	2.179405e-09	3.588724e+01	1.413527e+02
4.140000e-06	5.031894e-06	2.066501e-09	3.576531e+01	1.412529e+02
4.150000e-06	5.014387e-06	2.131982e-09	3.564088e+01	1.411378e+02
4.160000e-06	4.996563e-06	2.214511e-09	3.551419e+01	1.410075e+02
4.170000e-06	4.978461e-06	2.115038e-09	3.538553e+01	1.408619e+02
4.180000e-06	4.960018e-06	2.097711e-09	3.525444e+01	1.407015e+02
4.190000e-06	4.941146e-06	2.170092e-09	3.512030e+01	1.405264e+02
4.200000e-06	4.921926e-06	2.157675e-09	3.498370e+01	1.403371e+02
4.210000e-06	4.902439e-06	2.113430e-09	3.484519e+01	1.401340e+02
4.220000e-06	4.882726e-06	2.110085e-09	3.470507e+01	1.399177e+02
4.230000e-06	4.862838e-06	2.101640e-09	3.456371e+01	1.396889e+02
4.240000e-06	4.842740e-06	2.124423e-09	3.442086e+01	1.394481e+02
4.250000e-06	4.822294e-06	2.137145e-09	3.427554e+01	1.391962e+02
4.260000e-06	4.801393e-06	2.091975e-09	3.412698e+01	1.389339e+02
4.270000e-06	4.779995e-06	2.094276e-09	3.397489e+01	1.386620e+02
4.280000e-06	4.758109e-06	2.133188e-09	3.381933e+01	1.383814e+02
4.290000e-06	4.735634e-06	2.108123e-09	3.365958e+01	1.380929e+02
4.300000e-06	4.712536e-06	2.075606e-09	3.349541e+01	1.377976e+02
4.310000e-06	4.689077e-06	2.082653e-09	3.332867e+01	1.374961e+02
4.320000e-06	4.665390e-06	2.073097e-09	3.316031e+01	1.371895e+02
4.330000e-06	4.641499e-06	2.081899e-09	3.299049e+01	1.368785e+02
4.340000e-06	4.617413e-06	2.083572e-09	3.281930e+01	1.365641e+02
4.350000e-06	4.593046e-06	2.044176e-09	3.264611e+01	1.362470e+02
4.360000e-06	4.568326e-06	2.043201e-09	3.247040e+01	1.359280e+02
4.370000e-06	4.543238e-06	2.089380e-09	3.229209e+01	1.356079e+02
4.380000e-06	4.517816e-06	2.066805e-09	3.211139e+01	1.352873e+02
4.390000e-06	4.492097e-06	2.029560e-09	3.192859e+01	1.349670e+02
4.400000e-06	4.466033e-06	2.039940e-09	3.174333e+01	1.346473e+02
4.410000e-06	4.439632e-06	2.054679e-09	3.155568e+01	1.343289e+02
4.420000e-06	4.412988e-06	2.038541e-09	3.136630e+01	1.340122e+02
4.430000e-06	4.386081e-06	2.022470e-09	3.117505e+01	1.336976e+02
4.440000e-06	4.358820e-06	2.011056e-09	3.098129e+01	1.333852e+02
4.450000e-06	4.331306e-06	2.026005e-09	3.078573e+01	1.330754e+02
4.460000e-06	4.303655e-06	2.035376e-09	3.058920e+01	1.327683e+02
4.470000e-06	4.275782e-06	2.017723e-09	3.039108e+01	1.324640e+02
4.480000e-06	4.247704e-06	2.006803e-09	3.019151e+01	1.321624e+02
4.490000e-06	4.219419e-06	2.022338e-09	2.999047e+01	1.318634e+02
4.500000e-06	4.190794e-06	2.021362e-09	2.978701e+01	1.315671e+02
4.510000e-06	4.161767e-06	2.006070e-09	2.958069e+01	1.312730e+02
4.520000e-06	4.132267e-06	1.994831e-09	2.937102e+01	1.309810e+02
4.530000e-06	4.102292e-06	1.994147e-09	2.915796e+01	1.306907e+02
4.540000e-06	4.071856e-06	2.001314e-09	2.894163e+01	1.304018e+02
4.550000e-06	4.040893e-06	2.000826e-09	2.872156e+01	1.301139e+02
4.560000e-06	4.009555e-06	1.986416e-09	2.849882e+01	1.298264e+02
4.570000e-06	3.977954e-06	1.978989e-09	2.827420e+01	1.295390e+02
4.580000e-06	3.946119e-06	1.984717e-09	2.804793e+01	1.292512e+02
4.590000e-06	3.914194e-06	1.983417e-09	2.782101e+01	1.289623e+02
4.600000e-06	3.882171e-06	1.969487e-09	2.759340e+01	1.286720e+02
4.610000e-06	3.849939e-06	1.955181e-09	2.736431e+01	1.283795e+02
4.620000e-06	3.817445e-06	1.955120e-09	2.713334e+01	1.280845e+02
4.630000e-06	3.784582e-06	1.954009e-09	2.689977e+01	1.277864e+02
4.640000e-06	3.751406e-06	1.940456e-09	2.666396e+01	1.274847e+02
4.650000e-06	3.718002e-06	1.926659e-09	2.642654e+01	1.271789e+02
4.660000e-06	3.684365e-06	1.931083e-09	2.618745e+01	1.268686e+02
4.670000e-06	3.650518e-06	1.937519e-09	2.594687e+01	1.265533e+02
4.680000e-06	3.616483e-06	1.933818e-09	2.570496e+01	1.262326e+02
4.690000e-06	3.582180e-06	1.920378e-09	2.546115e+01	1.259062e+02
4.700000e-06	3.547582e-06	1.916698e-09	2.521523e+01	1.255738e+02
4.710000e-06	3.512787e-06	1.914783e-09	2.496792e+01	1.252352e+02
4.720000e-06	3.477742e-06	1.906027e-09	2.471883e+01	1.248900e+02
4.730000e-06	3.442421e-06	1.893963e-09	2.446778e+01	1.245382e+02
4.740000e-06	3.406887e-06	1.891685e-09	2.421521e+01	1.241797e+02
4.750000e-06	3.371185e-06	1.892228e-09	2.396146e+01	1.238143e+02
4.760000e-06	3.335352e-06	1.890038e-09	2.370677e+01	1.234421e+02
4.770000e-06	3.299408e-06	1.881006e-09	2.345129e+01	1.230631e+02
4.780000e-06	3.263368e-06	1.872018e-09	2.319512e+01	1.226773e+02
4.790000e-06	3.227227e-06	1.865327e-09	2.293824e+01	1.222849e+02
4.800000e-06	3.190850e-06	1.859381e-09	2.267969e+01	1.218861e+02
4.810000e-06	3.154087e-06	1.851106e-09	2.241838e+01	1.214809e+02
4.820000e-06	3.116932e-06	1.844600e-09	2.215429e+01	1.210697e+02
4.830000e-06	3.079344e-06	1.841261e-09	2.188713e+01	1.206527e+02
4.840000e-06	3.041288e-06	1.838473e-09	2.161664e+01	1.202302e+02
4.850000e-06	3.002951e-06	1.832445e-09	2.134415e+01	1.198024e+02
4.860000e-06	2.964400e-06	1.823074e-09	2.107014e+01	1.193696e+02
4.870000e-06	2.925459e-06	1.817313e-09	2.079335e+01	1.189321e+02
4.880000e-06	2.886161e-06	1.813359e-09	2.051404e+01	1.184903e+02
4.890000e-06	2.846699e-06	1.805342e-09	2.023356e+01	1.180444e+02
4.900000e-06	2.807111e-06	1.793429e-09	1.995217e+01	1.175946e+02
4.910000e-06	2.767347e-06	1.785784e-09	1.966954e+01	1.171414e+02
4.920000e-06	2.727427e-06	1.783731e-09	1.938580e+01	1.166848e+02
4.930000e-06	2.687385e-06	1.780645e-09	1.910119e+01	1.162251e+02
4.940000e-06	2.647235e-06	1.774839e-09	1.881582e+01	1.157626e+02
4.950000e-06	2.606931e-06	1.770910e-09	1.852934e+01	1.152974e+02
4.960000e-06	2.566450e-06	1.766481e-09	1.824162e+01	1.148295e+02
4.970000e-06	2.525807e-06	1.760466e-09	1.795274e+01	1.143591e+02
4.980000e-06	2.485052e-06	1.749351e-09	1.766307e+01	1.138861e+02
4.990000e-06	2.444169e-06	1.738700e-09	1.737248e+01	1.134107e+02
5.000000e-06	2.403095e-06	1.731377e-09	1.708054e+01	1.129327e+02
5.010000e-06	2.361841e-06	1.726608e-09	1.678732e+01	1.124521e+02
5.020000e-06	2.320449e-06	1.719100e-09	1.649312e+01	1.119687e+02
5.030000e-06	2.278905e-06	1.713656e-09	1.619783e+01	1.114823e+02
5.040000e-06	2.237158e-06	1.708993e-09	1.590110e+01	1.109926e+02
5.050000e-06	2.195232e-06	1.700938e-09	1.560310e+01	1.104995e+02
5.060000e-06	2.153177e-06	1.690295e-09	1.530419e+01	1.100026e+02
5.070000e-06	2.110997e-06	1.681957e-09	1.500438e+01	1.095015e+02
5.080000e-06	2.068638e-06	1.674459e-09	1.470331e+01	1.089959e+02
5.090000e-06	2.026171e-06	1.667442e-09	1.440147e+01	1.084854e+02
5.100000e-06	1.983552e-06	1.660245e-09	1.409854e+01	1.079695e+02
5.110000e-06	1.940807e-06	1.653803e-09	1.379472e+01	1.074477e+02
5.120000e-06	1.897921e-06	1.648548e-09	1.348990e+01	1.069197e+02
5.130000e-06	1.854782e-06	1.641292e-09	1.318328e+01	1.063848e+02
5.140000e-06	1.811493e-06	1.633090e-09	1.287559e+01	1.058426e+02
5.150000e-06	1.768101e-06	1.625774e-09	1.256718e+01	1.052926e+02
5.160000e-06	1.724582e-06	1.617438e-09	1.225785e+01	1.047343e+02
5.170000e-06	1.681007e-06	1.606153e-09	1.194814e+01	1.041671e+02
5.180000e-06	1.637392e-06	1.596898e-09	1.163813e+01	1.035906e+02
5.190000e-06	1.593680e-06	1.590208e-09	1.132744e+01	1.030044e+02
5.200000e-06	1.549892e-06	1.584952e-09	1.101621e+01	1.024078e+02
5.210000e-06	1.506062e-06	1.579012e-09	1.070468e+01	1.018005e+02
5.220000e-06	1.462214e-06	1.569954e-09	1.039301e+01	1.011821e+02
5.230000e-06	1.418341e-06	1.560351e-09	1.008118e+01	1.005521e+02
5.240000e-06	1.374439e-06	1.550852e-09	9.769135e+00	9.991022e+01
5.250000e-06	1.330461e-06	1.540126e-09	9.456548e+00	9.925601e+01
5.260000e-06	1.286482e-06	1.529793e-09	9.143959e+00	9.858919e+01
5.270000e-06	1.242471e-06	1.520611e-09	8.831142e+00	9.790943e+01
5.280000e-06	1.198325e-06	1.512753e-09	8.517364e+00	9.721647e+01
5.290000e-06	1.154122e-06	1.502260e-09	8.203178e+00	9.651005e+01
5.300000e-06	1.109883e-06	1.489109e-09	7.888742e+00	9.578994e+01
5.310000e-06	1.065585e-06	1.473772e-09	7.573886e+00	9.505592e+01
5.320000e-06	1.021145e-06	1.459974e-09	7.258019e+00	9.430779e+01
5.330000e-06	9.765397e-07	1.449137e-09	6.940975e+00	9.354536e+01
5.340000e-06	9.318752e-07	1.441133e-09	6.623512e+00	9.276846e+01
5.350000e-06	8.872074e-07	1.433045e-09	6.306026e+00	9.197692e+01
5.360000e-06	8.425654e-07	1.420801e-09	5.988723e+00	9.117055e+01
5.370000e-06	7.978800e-07	1.407021e-09	5.671111e+00	9.034918e+01
5.380000e-06	7.530608e-07	1.391185e-09	5.352549e+00	8.951262e+01
5.390000e-06	7.080866e-07	1.375503e-09	5.032885e+00	8.866065e+01
5.400000e-06	6.630256e-07	1.362576e-09	4.712603e+00	8.779304e+01
5.410000e-06	6.179498e-07	1.352661e-09	4.392217e+00	8.690953e+01
5.420000e-06	5.727559e-07	1.342995e-09	4.070991e+00	8.600984e+01
5.430000e-06	5.274263e-07	1.329840e-09	3.748801e+00	8.509361e+01
5.440000e-06	4.820709e-07	1.314635e-09	3.426427e+00	8.416049e+01
5.450000e-06	4.367901e-07	1.295751e-09	3.104584e+00	8.321003e+01
5.460000e-06	3.915048e-07	1.273343e-09	2.782708e+00	8.224178e+01
5.470000e-06	3.461102e-07	1.253118e-09	2.460056e+00	8.125518e+01
5.480000e-06	3.007147e-07	1.239897e-09	2.137397e+00	8.024964e+01
5.490000e-06	2.552963e-07	1.231054e-09	1.814576e+00	7.922451e+01
5.500000e-06	2.098690e-07	1.220604e-09	1.491691e+00	7.817907e+01
5.510000e-06	1.645223e-07	1.204890e-09	1.169379e+00	7.711253e+01
5.520000e-06	1.192002e-07	1.186240e-09	8.472424e-01	7.602403e+01
5.530000e-06	7.381749e-08	1.165760e-09	5.246744e-01	7.491266e+01
5.540000e-06	2.840005e-08	1.143305e-09	2.018597e-01	7.377744e+01
5.550000e-06	-1.700951e-08	1.121307e-09	-1.208989e-01	7.261732e+01
5.560000e-06	-6.249929e-08	1.104036e-09	-4.442277e-01	7.143121e+01
5.570000e-06	-1.079236e-07	1.089509e-09	-7.670916e-01	7.021795e+01
5.580000e-06	-1.532428e-07	1.072578e-09	-1.089208e+00	6.897634e+01
5.590000e-06	-1.986385e-07	1.052647e-09	-1.411868e+00	6.770514e+01
5.600000e-06	-2.440592e-07	1.029335e-09	-1.734705e+00	6.640306e+01
5.610000e-06	-2.894540e-07	1.005990e-09	-2.057359e+00	6.506879e+01
5.620000e-06	-3.347575e-07	9.832545e-10	-2.379364e+00	6.370101e+01
5.630000e-06	-3.799345e-07	9.592625e-10	-2.700470e+00	6.229837e+01
5.640000e-06	-4.250997e-07	9.362408e-10	-3.021491e+00	6.085955e+01
5.650000e-06	-4.702758e-07	9.148404e-10	-3.342591e+00	5.938320e+01
5.660000e-06	-5.154229e-07	8.938157e-10	-3.663484e+00	5.786802e+01
5.670000e-06	-5.604541e-07	8.716244e-10	-3.983554e+00	5.631273e+01
5.680000e-06	-6.053816e-07	8.452373e-10	-4.302886e+00	5.471610e+01
5.690000e-06	-6.502396e-07	8.182094e-10	-4.621724e+00	5.307695e+01
5.700000e-06	-6.950734e-07	7.906916e-10	-4.940390e+00	5.139416e+01
5.710000e-06	-7.399458e-07	7.649932e-10	-5.259331e+00	4.966671e+01
5.720000e-06	-7.847827e-07	7.420350e-10	-5.578019e+00	4.789364e+01
5.730000e-06	-8.295738e-07	7.180060e-10	-5.896382e+00	4.607412e+01
5.740000e-06	-8.743177e-07	6.931029e-10	-6.214409e+00	4.420742e+01
5.750000e-06	-9.189226e-07	6.648724e-10	-6.531449e+00	4.229293e+01
5.760000e-06	-9.633843e-07	6.318515e-10	-6.847470e+00	4.033018e+01
5.770000e-06	-1.007765e-06	5.953211e-10	-7.162914e+00	3.831885e+01
5.780000e-06	-1.052012e-06	5.613439e-10	-7.477411e+00	3.625874e+01
5.790000e-06	-1.096210e-06	5.301786e-10	-7.791559e+00	3.414986e+01
5.800000e-06	-1.140420e-06	5.001539e-10	-8.105792e+00	3.199233e+01
5.810000e-06	-1.184612e-06	4.734173e-10	-8.419899e+00	2.978649e+01
5.820000e-06	-1.228754e-06	4.463342e-10	-8.733648e+00	2.753283e+01
5.830000e-06	-1.272823e-06	4.131045e-10	-9.046872e+00	2.523202e+01
5.840000e-06	-1.316821e-06	3.724695e-10	-9.359599e+00	2.288494e+01
5.850000e-06	-1.360710e-06	3.324850e-10	-9.671549e+00	2.049261e+01
5.860000e-06	-1.404544e-06	2.953400e-10	-9.983110e+00	1.805627e+01
5.870000e-06	-1.448373e-06	2.600777e-10	-1.029464e+01	1.557733e+01
5.880000e-06	-1.492172e-06	2.269248e-10	-1.060595e+01	1.305737e+01
5.890000e-06	-1.535933e-06	1.933548e-10	-1.091699e+01	1.049818e+01
5.900000e-06	-1.579664e-06	1.595170e-10	-1.122781e+01	7.901676e+00
5.910000e-06	-1.623350e-06	1.190355e-10	-1.153832e+01	5.269975e+00
5.920000e-06	-1.666920e-06	7.203341e-11	-1.184801e+01	2.605335e+00
5.930000e-06	-1.710380e-06	2.532044e-11	-1.215691e+01	-8.983302e-02
5.940000e-06	-1.753781e-06	-1.668124e-11	-1.246539e+01	-2.812977e+00
5.950000e-06	-1.797095e-06	-5.458981e-11	-1.277326e+01	-5.561416e+00
5.960000e-06	-1.840298e-06	-8.991644e-11	-1.308033e+01	-8.332351e+00
5.970000e-06	-1.883259e-06	-1.268572e-10	-1.338569e+01	-1.112288e+01
5.980000e-06	-1.925946e-06	-1.700791e-10	-1.368910e+01	-1.393000e+01
5.990000e-06	-1.968511e-06	-2.198130e-10	-1.399164e+01	-1.675064e+01
6.000000e-06	-2.010936e-06	-2.734546e-10	-1.429318e+01	-1.958165e+01
6.010000e-06	-2.053227e-06	-3.274732e-10	-1.459377e+01	-2.241984e+01
6.020000e-06	-2.095388e-06	-3.770065e-10	-1.489344e+01	-2.526198e+01
6.030000e-06	-2.137440e-06	-4.202315e-10	-1.519234e+01	-2.810482e+01
6.040000e-06	-2.179392e-06	-4.600520e-10	-1.549052e+01	-3.094509e+01
6.050000e-06	-2.221172e-06	-4.985073e-10	-1.578748e+01	-3.377954e+01
6.060000e-06	-2.262896e-06	-5.376856e-10	-1.608404e+01	-3.660495e+01
6.070000e-06	-2.304497e-06	-5.826175e-10	-1.637973e+01	-3.941812e+01
6.080000e-06	-2.345866e-06	-6.329880e-10	-1.667377e+01	-4.221591e+01
6.090000e-06	-2.386990e-06	-6.838726e-10	-1.696607e+01	-4.499524e+01
6.100000e-06	-2.427912e-06	-7.318161e-10	-1.725693e+01	-4.775311e+01
6.110000e-06	-2.468681e-06	-7.761986e-10	-1.754671e+01	-5.048660e+01
6.120000e-06	-2.509234e-06	-8.175969e-10	-1.783494e+01	-5.319291e+01
6.130000e-06	-2.549596e-06	-8.556713e-10	-1.812182e+01	-5.586933e+01
6.140000e-06	-2.589829e-06	-8.928863e-10	-1.840779e+01	-5.851328e+01
6.150000e-06	-2.629899e-06	-9.325692e-10	-1.869260e+01	-6.112230e+01
6.160000e-06	-2.669861e-06	-9.768105e-10	-1.897664e+01	-6.369409e+01
6.170000e-06	-2.709764e-06	-1.020400e-09	-1.926026e+01	-6.622647e+01
6.180000e-06	-2.749539e-06	-1.060573e-09	-1.954297e+01	-6.871742e+01
6.190000e-06	-2.789223e-06	-1.098936e-09	-1.982503e+01	-7.116507e+01
6.200000e-06	-2.828786e-06	-1.135188e-09	-2.010623e+01	-7.356771e+01
6.210000e-06	-2.868195e-06	-1.166737e-09	-2.038634e+01	-7.592379e+01
6.220000e-06	-2.907499e-06	-1.195651e-09	-2.066570e+01	-7.823191e+01
6.230000e-06	-2.946549e-06	-1.224630e-09	-2.094326e+01	-8.049085e+01
6.240000e-06	-2.985224e-06	-1.258058e-09	-2.121815e+01	-8.269954e+01
6.250000e-06	-3.023559e-06	-1.294682e-09	-2.149062e+01	-8.485707e+01
6.260000e-06	-3.061446e-06	-1.329518e-09	-2.175992e+01	-8.696268e+01
6.270000e-06	-3.098836e-06	-1.359990e-09	-2.202567e+01	-8.901578e+01
6.280000e-06	-3.135795e-06	-1.389539e-09	-2.228836e+01	-9.101591e+01
6.290000e-06	-3.172409e-06	-1.419527e-09	-2.254861e+01	-9.296277e+01
6.300000e-06	-3.208754e-06	-1.446486e-09	-2.280694e+01	-9.485620e+01
6.310000e-06	-3.244904e-06	-1.470640e-09	-2.306388e+01	-9.669614e+01
6.320000e-06	-3.280920e-06	-1.496397e-09	-2.331987e+01	-9.848270e+01
6.330000e-06	-3.316808e-06	-1.525514e-09	-2.357496e+01	-1.002161e+02
6.340000e-06	-3.352606e-06	-1.553119e-09	-2.382940e+01	-1.018966e+02
6.350000e-06	-3.388274e-06	-1.577324e-09	-2.408292e+01	-1.035247e+02
6.360000e-06	-3.423751e-06	-1.599811e-09	-2.433508e+01	-1.051009e+02
6.370000e-06	-3.459065e-06	-1.621861e-09	-2.458608e+01	-1.066258e+02
6.380000e-06	-3.494103e-06	-1.642126e-09	-2.483513e+01	-1.081001e+02
6.390000e-06	-3.528857e-06	-1.660171e-09	-2.508214e+01	-1.095245e+02
6.400000e-06	-3.563340e-06	-1.677061e-09	-2.532724e+01	-1.108999e+02
6.410000e-06	-3.597539e-06	-1.695397e-09	-2.557032e+01	-1.122272e+02
6.420000e-06	-3.631535e-06	-1.718539e-09	-2.581195e+01	-1.135073e+02
6.430000e-06	-3.665330e-06	-1.742678e-09	-2.605215e+01	-1.147412e+02
6.440000e-06	-3.698934e-06	-1.762263e-09	-2.629100e+01	-1.159298e+02
6.450000e-06	-3.732234e-06	-1.778759e-09	-2.652769e+01	-1.170744e+02
6.460000e-06	-3.765217e-06	-1.793452e-09	-2.676213e+01	-1.181758e+02
6.470000e-06	-3.797849e-06	-1.805930e-09	-2.699407e+01	-1.192352e+02
6.480000e-06	-3.830214e-06	-1.817440e-09	-2.722410e+01	-1.202537e+02
6.490000e-06	-3.862418e-06	-1.831511e-09	-2.745300e+01	-1.212324e+02
6.500000e-06	-3.894402e-06	-1.849765e-09	-2.768034e+01	-1.221725e+02
6.510000e-06	-3.926246e-06	-1.868515e-09	-2.790668e+01	-1.230750e+02
6.520000e-06	-3.957983e-06	-1.884673e-09	-2.813226e+01	-1.239411e+02
6.530000e-06	-3.989538e-06	-1.896875e-09	-2.835654e+01	-1.247718e+02
6.540000e-06	-4.020696e-06	-1.904208e-09	-2.857800e+01	-1.255684e+02
6.550000e-06	-4.051389e-06	-1.910907e-09	-2.879615e+01	-1.263318e+02
6.560000e-06	-4.081657e-06	-1.921376e-09	-2.901130e+01	-1.270632e+02
6.570000e-06	-4.111475e-06	-1.934549e-09	-2.922323e+01	-1.277636e+02
6.580000e-06	-4.140776e-06	-1.946371e-09	-2.943149e+01	-1.284342e+02
6.590000e-06	-4.169658e-06	-1.956148e-09	-2.963678e+01	-1.290759e+02
6.600000e-06	-4.198194e-06	-1.964523e-09	-2.983960e+01	-1.296898e+02
6.610000e-06	-4.226416e-06	-1.972552e-09	-3.004020e+01	-1.302769e+02
6.620000e-06	-4.254429e-06	-1.979879e-09	-3.023931e+01	-1.308382e+02
6.630000e-06	-4.282255e-06	-1.989712e-09	-3.043709e+01	-1.313748e+02
6.640000e-06	-4.309980e-06	-1.999712e-09	-3.063415e+01	-1.318875e+02
6.650000e-06	-4.337471e-06	-2.006196e-09	-3.082955e+01	-1.323774e+02
6.660000e-06	-4.364540e-06	-2.010711e-09	-3.102195e+01	-1.328454e+02
6.670000e-06	-4.391217e-06	-2.014697e-09	-3.121156e+01	-1.332925e+02
6.680000e-06	-4.417675e-06	-2.022173e-09	-3.139962e+01	-1.337195e+02
6.690000e-06	-4.443915e-06	-2.031341e-09	-3.158612e+01	-1.341273e+02
6.700000e-06	-4.469822e-06	-2.042966e-09	-3.177027e+01	-1.345169e+02
6.710000e-06	-4.495377e-06	-2.053186e-09	-3.195190e+01	-1.348891e+02
6.720000e-06	-4.520639e-06	-2.060609e-09	-3.213146e+01	-1.352448e+02
6.730000e-06	-4.545617e-06	-2.063744e-09	-3.230900e+01	-1.355848e+02
6.740000e-06	-4.570183e-06	-2.063789e-09	-3.248360e+01	-1.359099e+02
6.750000e-06	-4.594423e-06	-2.066990e-09	-3.265590e+01	-1.362209e+02
6.760000e-06	-4.618441e-06	-2.073393e-09	-3.282661e+01	-1.365185e+02
6.770000e-06	-4.642239e-06	-2.082378e-09	-3.299576e+01	-1.368036e+02
6.780000e-06	-4.665836e-06	-2.095284e-09	-3.316348e+01	-1.370768e+02
6.790000e-06	-4.689172e-06	-2.107341e-09	-3.332934e+01	-1.373388e+02
6.800000e-06	-4.712100e-06	-2.113499e-09	-3.349231e+01	-1.375904e+02
6.810000e-06	-4.734450e-06	-2.112800e-09	-3.365117e+01	-1.378320e+02
6.820000e-06	-4.756318e-06	-2.108933e-09	-3.380660e+01	-1.380644e+02
6.830000e-06	-4.777664e-06	-2.107237e-09	-3.395832e+01	-1.382880e+02
6.840000e-06	-4.798450e-06	-2.108662e-09	-3.410606e+01	-1.385034e+02
6.850000e-06	-4.818899e-06	-2.113236e-09	-3.425141e+01	-1.387111e+02
6.860000e-06	-4.839099e-06	-2.121580e-09	-3.439498e+01	-1.389115e+02
6.870000e-06	-4.859096e-06	-2.132163e-09	-3.453712e+01	-1.391051e+02
6.880000e-06	-4.878903e-06	-2.140713e-09	-3.467790e+01	-1.392921e+02
6.890000e-06	-4.898476e-06	-2.143336e-09	-3.481702e+01	-1.394729e+02
6.900000e-06	-4.917728e-06	-2.141473e-09	-3.495386e+01	-1.396478e+02
6.910000e-06	-4.936573e-06	-2.141758e-09	-3.508780e+01	-1.398169e+02
6.920000e-06	-4.954994e-06	-2.144247e-09	-3.521873e+01	-1.399805e+02
6.930000e-06	-4.973114e-06	-2.146979e-09	-3.534753e+01	-1.401387e+02
6.940000e-06	-4.990990e-06	-2.149114e-09	-3.547458e+01	-1.402915e+02
6.950000e-06	-5.008510e-06	-2.154743e-09	-3.559911e+01	-1.404391e+02
6.960000e-06	-5.025671e-06	-2.160607e-09	-3.572109e+01	-1.405813e+02
6.970000e-06	-5.042478e-06	-2.161344e-09	-3.584055e+01	-1.407182e+02
6.980000e-06	-5.058913e-06	-2.158012e-09	-3.595736e+01	-1.408497e+02
6.990000e-06	-5.075064e-06	-2.157169e-09	-3.607216e+01	-1.409757e+02
7.000000e-06	-5.091010e-06	-2.160519e-09	-3.618550e+01	-1.410960e+02
7.010000e-06	-5.106754e-06	-2.162583e-09	-3.629740e+01	-1.412104e+02
7.020000e-06	-5.122173e-06	-2.161979e-09	-3.640699e+01	-1.413188e+02
7.030000e-06	-5.137149e-06	-2.161941e-09	-3.651344e+01	-1.414210e+02
7.040000e-06	-5.151549e-06	-2.163227e-09	-3.661579e+01	-1.415166e+02
7.050000e-06	-5.165151e-06	-2.162669e-09	-3.671247e+01	-1.416055e+02
7.060000e-06	-5.178144e-06	-2.158876e-09	-3.680483e+01	-1.416875e+02
7.070000e-06	-5.190824e-06	-2.156337e-09	-3.689495e+01	-1.417622e+02
7.080000e-06	-5.203149e-06	-2.159204e-09	-3.698255e+01	-1.418294e+02
7.090000e-06	-5.215139e-06	-2.162660e-09	-3.706777e+01	-1.418889e+02
7.100000e-06	-5.226757e-06	-2.163859e-09	-3.715035e+01	-1.419405e+02
7.110000e-06	-5.237888e-06	-2.162003e-09	-3.722946e+01	-1.419840e+02
7.120000e-06	-5.248588e-06	-2.159920e-09	-3.730551e+01	-1.420191e+02
7.130000e-06	-5.258956e-06	-2.162545e-09	-3.737921e+01	-1.420459e+02
7.140000e-06	-5.269090e-06	-2.165920e-09	-3.745124e+01	-1.420641e+02
7.150000e-06	-5.278928e-06	-2.166920e-09	-3.752117e+01	-1.420738e+02
7.160000e-06	-5.288321e-06	-2.165299e-09	-3.758793e+01	-1.420749e+02
7.170000e-06	-5.297215e-06	-2.162284e-09	-3.765114e+01	-1.420673e+02
7.180000e-06	-5.305729e-06	-2.157269e-09	-3.771166e+01	-1.420513e+02
7.190000e-06	-5.313972e-06	-2.150512e-09	-3.777025e+01	-1.420270e+02
7.200000e-06	-5.321894e-06	-2.147435e-09	-3.782656e+01	-1.419944e+02
7.210000e-06	-5.329640e-06	-2.149938e-09	-3.788161e+01	-1.419540e+02
7.220000e-06	-5.337218e-06	-2.154726e-09	-3.793548e+01	-1.419060e+02
7.230000e-06	-5.344437e-06	-2.157369e-09	-3.798679e+01	-1.418507e+02
7.240000e-06	-5.351157e-06	-2.156538e-09	-3.803455e+01	-1.417886e+02
7.250000e-06	-5.357287e-06	-2.155284e-09	-3.807812e+01	-1.417202e+02
7.260000e-06	-5.362805e-06	-2.152446e-09	-3.811734e+01	-1.416459e+02
7.270000e-06	-5.367714e-06	-2.146565e-09	-3.815223e+01	-1.415664e+02
7.280000e-06	-5.372112e-06	-2.139604e-09	-3.818349e+01	-1.414824e+02
7.290000e-06	-5.376192e-06	-2.135635e-09	-3.821249e+01	-1.413944e+02
7.300000e-06	-5.380110e-06	-2.135997e-09	-3.824034e+01	-1.413031e+02
7.310000e-06	-5.383834e-06	-2.137814e-09	-3.826681e+01	-1.412095e+02
7.320000e-06	-5.387205e-06	-2.139382e-09	-3.829077e+01	-1.411141e+02
7.330000e-06	-5.390104e-06	-2.141762e-09	-3.831138e+01	-1.410178e+02
7.340000e-06	-5.392673e-06	-2.144208e-09	-3.832964e+01	-1.409214e+02
7.350000e-06	-5.395020e-06	-2.143435e-09	-3.834632e+01	-1.408258e+02
7.360000e-06	-5.397038e-06	-2.138506e-09	-3.836066e+01	-1.407318e+02
7.370000e-06	-5.398681e-06	-2.130790e-09	-3.837234e+01	-1.406401e+02
7.380000e-06	-5.399824e-06	-2.124249e-09	-3.838047e+01	-1.405516e+02
7.390000e-06	-5.400514e-06	-2.121964e-09	-3.838537e+01	-1.404670e+02
7.400000e-06	-5.400935e-06	-2.124771e-09	-3.838836e+01	-1.403871e+02
