# Temperatura_=_13.65
# Concentracion g/m^3_=_4090.0
# C_Vs_to_Am_M_A/Vsm_=_65563218390.804596
# pendiente_HvsI_1/m_=_3716.3
# ordenada_HvsI_A/m_=_1297.0
# frecuencia_Hz_=_135084.0241903934

Tiempo_(s)	Campo_(V.s)	Magnetizacion_(V.s)	Campo_(kA/m)	Magnetizacion_(A/m)
0.000000e+00	-5.415566e-06	-1.278991e-09	-3.837286e+01	-8.398039e+01
1.000000e-08	-5.415567e-06	-1.272867e-09	-3.837286e+01	-8.383643e+01
2.000000e-08	-5.415394e-06	-1.265828e-09	-3.837164e+01	-8.369850e+01
3.000000e-08	-5.414936e-06	-1.263977e-09	-3.836840e+01	-8.356711e+01
4.000000e-08	-5.414004e-06	-1.266499e-09	-3.836179e+01	-8.344273e+01
5.000000e-08	-5.412495e-06	-1.268123e-09	-3.835110e+01	-8.332575e+01
6.000000e-08	-5.410350e-06	-1.274499e-09	-3.833590e+01	-8.321651e+01
7.000000e-08	-5.407657e-06	-1.280539e-09	-3.831682e+01	-8.311529e+01
8.000000e-08	-5.404424e-06	-1.253676e-09	-3.829391e+01	-8.302228e+01
9.000000e-08	-5.400634e-06	-1.235662e-09	-3.826706e+01	-8.293762e+01
1.000000e-07	-5.396440e-06	-1.308593e-09	-3.823734e+01	-8.286135e+01
1.100000e-07	-5.392090e-06	-1.329199e-09	-3.820652e+01	-8.279346e+01
1.200000e-07	-5.387639e-06	-1.231942e-09	-3.817498e+01	-8.273384e+01
1.300000e-07	-5.382888e-06	-1.190141e-09	-3.814131e+01	-8.268233e+01
1.400000e-07	-5.377703e-06	-1.298486e-09	-3.810457e+01	-8.263868e+01
1.500000e-07	-5.372066e-06	-1.370529e-09	-3.806463e+01	-8.260256e+01
1.600000e-07	-5.366027e-06	-1.216564e-09	-3.802185e+01	-8.257358e+01
1.700000e-07	-5.359679e-06	-1.127708e-09	-3.797686e+01	-8.255128e+01
1.800000e-07	-5.352913e-06	-1.245211e-09	-3.792892e+01	-8.253514e+01
1.900000e-07	-5.345652e-06	-1.322175e-09	-3.787747e+01	-8.252457e+01
2.000000e-07	-5.338151e-06	-1.211314e-09	-3.782433e+01	-8.251894e+01
2.100000e-07	-5.330579e-06	-1.175550e-09	-3.777067e+01	-8.251756e+01
2.200000e-07	-5.322770e-06	-1.280628e-09	-3.771534e+01	-8.251969e+01
2.300000e-07	-5.314598e-06	-1.289077e-09	-3.765744e+01	-8.252457e+01
2.400000e-07	-5.306016e-06	-1.212166e-09	-3.759663e+01	-8.253140e+01
2.500000e-07	-5.296795e-06	-1.264204e-09	-3.753129e+01	-8.253935e+01
2.600000e-07	-5.286755e-06	-1.347535e-09	-3.746015e+01	-8.254759e+01
2.700000e-07	-5.276121e-06	-1.282400e-09	-3.738480e+01	-8.255526e+01
2.800000e-07	-5.265051e-06	-1.233927e-09	-3.730636e+01	-8.256152e+01
2.900000e-07	-5.253516e-06	-1.300455e-09	-3.722463e+01	-8.256552e+01
3.000000e-07	-5.241586e-06	-1.295004e-09	-3.714009e+01	-8.256642e+01
3.100000e-07	-5.229308e-06	-1.203427e-09	-3.705310e+01	-8.256342e+01
3.200000e-07	-5.216685e-06	-1.249050e-09	-3.696366e+01	-8.255573e+01
3.300000e-07	-5.203749e-06	-1.336858e-09	-3.687200e+01	-8.254259e+01
3.400000e-07	-5.190436e-06	-1.289474e-09	-3.677767e+01	-8.252329e+01
3.500000e-07	-5.176629e-06	-1.242068e-09	-3.667983e+01	-8.249716e+01
3.600000e-07	-5.162354e-06	-1.300154e-09	-3.657869e+01	-8.246359e+01
3.700000e-07	-5.147707e-06	-1.284451e-09	-3.647490e+01	-8.242201e+01
3.800000e-07	-5.132615e-06	-1.222919e-09	-3.636797e+01	-8.237193e+01
3.900000e-07	-5.116892e-06	-1.246117e-09	-3.625656e+01	-8.231291e+01
4.000000e-07	-5.100485e-06	-1.275588e-09	-3.614030e+01	-8.224457e+01
4.100000e-07	-5.083738e-06	-1.239244e-09	-3.602164e+01	-8.216662e+01
4.200000e-07	-5.066800e-06	-1.257684e-09	-3.590162e+01	-8.207882e+01
4.300000e-07	-5.049490e-06	-1.290866e-09	-3.577897e+01	-8.198102e+01
4.400000e-07	-5.031904e-06	-1.252170e-09	-3.565437e+01	-8.187314e+01
4.500000e-07	-5.014052e-06	-1.220452e-09	-3.552787e+01	-8.175515e+01
4.600000e-07	-4.995900e-06	-1.244312e-09	-3.539925e+01	-8.162712e+01
4.700000e-07	-4.977235e-06	-1.232770e-09	-3.526700e+01	-8.148918e+01
4.800000e-07	-4.958101e-06	-1.203076e-09	-3.513142e+01	-8.134152e+01
4.900000e-07	-4.938647e-06	-1.213934e-09	-3.499358e+01	-8.118440e+01
5.000000e-07	-4.918926e-06	-1.225745e-09	-3.485384e+01	-8.101814e+01
5.100000e-07	-4.899060e-06	-1.222864e-09	-3.471307e+01	-8.084312e+01
5.200000e-07	-4.879002e-06	-1.227545e-09	-3.457095e+01	-8.065975e+01
5.300000e-07	-4.858652e-06	-1.219646e-09	-3.442676e+01	-8.046853e+01
5.400000e-07	-4.837966e-06	-1.207748e-09	-3.428018e+01	-8.026995e+01
5.500000e-07	-4.816946e-06	-1.218817e-09	-3.413124e+01	-8.006459e+01
5.600000e-07	-4.795526e-06	-1.216975e-09	-3.397947e+01	-7.985301e+01
5.700000e-07	-4.773758e-06	-1.198094e-09	-3.382522e+01	-7.963582e+01
5.800000e-07	-4.751700e-06	-1.191577e-09	-3.366893e+01	-7.941365e+01
5.900000e-07	-4.729401e-06	-1.195079e-09	-3.351093e+01	-7.918714e+01
6.000000e-07	-4.706774e-06	-1.192218e-09	-3.335060e+01	-7.895691e+01
6.100000e-07	-4.683649e-06	-1.192329e-09	-3.318674e+01	-7.872361e+01
6.200000e-07	-4.660190e-06	-1.184474e-09	-3.302053e+01	-7.848787e+01
6.300000e-07	-4.636546e-06	-1.181594e-09	-3.285299e+01	-7.825030e+01
6.400000e-07	-4.612650e-06	-1.190922e-09	-3.268367e+01	-7.801151e+01
6.500000e-07	-4.588588e-06	-1.192631e-09	-3.251318e+01	-7.777207e+01
6.600000e-07	-4.564279e-06	-1.173871e-09	-3.234093e+01	-7.753252e+01
6.700000e-07	-4.539593e-06	-1.166234e-09	-3.216601e+01	-7.729337e+01
6.800000e-07	-4.514543e-06	-1.170913e-09	-3.198852e+01	-7.705509e+01
6.900000e-07	-4.489004e-06	-1.170973e-09	-3.180755e+01	-7.681811e+01
7.000000e-07	-4.462878e-06	-1.161441e-09	-3.162244e+01	-7.658283e+01
7.100000e-07	-4.436253e-06	-1.158257e-09	-3.143378e+01	-7.634956e+01
7.200000e-07	-4.409181e-06	-1.163972e-09	-3.124196e+01	-7.611862e+01
7.300000e-07	-4.381747e-06	-1.174774e-09	-3.104757e+01	-7.589022e+01
7.400000e-07	-4.354116e-06	-1.171590e-09	-3.085179e+01	-7.566457e+01
7.500000e-07	-4.326282e-06	-1.158656e-09	-3.065456e+01	-7.544178e+01
7.600000e-07	-4.298265e-06	-1.154016e-09	-3.045604e+01	-7.522194e+01
7.700000e-07	-4.270062e-06	-1.157229e-09	-3.025621e+01	-7.500509e+01
7.800000e-07	-4.241615e-06	-1.151408e-09	-3.005464e+01	-7.479119e+01
7.900000e-07	-4.212866e-06	-1.141973e-09	-2.985094e+01	-7.458019e+01
8.000000e-07	-4.183721e-06	-1.140834e-09	-2.964442e+01	-7.437197e+01
8.100000e-07	-4.154271e-06	-1.146318e-09	-2.943575e+01	-7.416638e+01
8.200000e-07	-4.124492e-06	-1.149464e-09	-2.922475e+01	-7.396320e+01
8.300000e-07	-4.094418e-06	-1.141880e-09	-2.901166e+01	-7.376222e+01
8.400000e-07	-4.064143e-06	-1.129425e-09	-2.879714e+01	-7.356316e+01
8.500000e-07	-4.033570e-06	-1.124678e-09	-2.858051e+01	-7.336573e+01
8.600000e-07	-4.002636e-06	-1.126153e-09	-2.836132e+01	-7.316960e+01
8.700000e-07	-3.971482e-06	-1.121170e-09	-2.814057e+01	-7.297444e+01
8.800000e-07	-3.940174e-06	-1.114395e-09	-2.791874e+01	-7.277988e+01
8.900000e-07	-3.908635e-06	-1.112947e-09	-2.769526e+01	-7.258557e+01
9.000000e-07	-3.876868e-06	-1.115233e-09	-2.747017e+01	-7.239111e+01
9.100000e-07	-3.844906e-06	-1.110226e-09	-2.724370e+01	-7.219613e+01
9.200000e-07	-3.812802e-06	-1.101380e-09	-2.701622e+01	-7.200025e+01
9.300000e-07	-3.780531e-06	-1.097197e-09	-2.678756e+01	-7.180310e+01
9.400000e-07	-3.747941e-06	-1.099896e-09	-2.655664e+01	-7.160432e+01
9.500000e-07	-3.714909e-06	-1.098459e-09	-2.632258e+01	-7.140354e+01
9.600000e-07	-3.681469e-06	-1.093179e-09	-2.608564e+01	-7.120044e+01
9.700000e-07	-3.647644e-06	-1.086873e-09	-2.584597e+01	-7.099470e+01
9.800000e-07	-3.613308e-06	-1.083503e-09	-2.560268e+01	-7.078603e+01
9.900000e-07	-3.578487e-06	-1.078561e-09	-2.535595e+01	-7.057415e+01
1.000000e-06	-3.543294e-06	-1.074054e-09	-2.510657e+01	-7.035882e+01
1.010000e-06	-3.507848e-06	-1.072071e-09	-2.485542e+01	-7.013983e+01
1.020000e-06	-3.472211e-06	-1.073051e-09	-2.460291e+01	-6.991698e+01
1.030000e-06	-3.436423e-06	-1.070360e-09	-2.434932e+01	-6.969011e+01
1.040000e-06	-3.400527e-06	-1.063995e-09	-2.409498e+01	-6.945910e+01
1.050000e-06	-3.364479e-06	-1.056082e-09	-2.383955e+01	-6.922385e+01
1.060000e-06	-3.328203e-06	-1.052929e-09	-2.358252e+01	-6.898428e+01
1.070000e-06	-3.291664e-06	-1.048687e-09	-2.332361e+01	-6.874035e+01
1.080000e-06	-3.254901e-06	-1.040430e-09	-2.306312e+01	-6.849204e+01
1.090000e-06	-3.217922e-06	-1.030628e-09	-2.280110e+01	-6.823937e+01
1.100000e-06	-3.180809e-06	-1.023188e-09	-2.253813e+01	-6.798237e+01
1.110000e-06	-3.143474e-06	-1.017692e-09	-2.227359e+01	-6.772109e+01
1.120000e-06	-3.105876e-06	-1.010542e-09	-2.200718e+01	-6.745560e+01
1.130000e-06	-3.068086e-06	-1.005119e-09	-2.173942e+01	-6.718599e+01
1.140000e-06	-3.030143e-06	-1.005749e-09	-2.147057e+01	-6.691237e+01
1.150000e-06	-2.992051e-06	-1.011451e-09	-2.120066e+01	-6.663486e+01
1.160000e-06	-2.953683e-06	-1.010595e-09	-2.092880e+01	-6.635357e+01
1.170000e-06	-2.915048e-06	-1.001436e-09	-2.065504e+01	-6.606863e+01
1.180000e-06	-2.876267e-06	-9.867524e-10	-2.038025e+01	-6.578017e+01
1.190000e-06	-2.837364e-06	-9.739729e-10	-2.010460e+01	-6.548834e+01
1.200000e-06	-2.798247e-06	-9.665570e-10	-1.982743e+01	-6.519324e+01
1.210000e-06	-2.758821e-06	-9.650672e-10	-1.954807e+01	-6.489502e+01
1.220000e-06	-2.719158e-06	-9.674362e-10	-1.926703e+01	-6.459377e+01
1.230000e-06	-2.679386e-06	-9.738869e-10	-1.898522e+01	-6.428961e+01
1.240000e-06	-2.639561e-06	-9.763315e-10	-1.870303e+01	-6.398262e+01
1.250000e-06	-2.599656e-06	-9.708301e-10	-1.842028e+01	-6.367289e+01
1.260000e-06	-2.559658e-06	-9.547701e-10	-1.813687e+01	-6.336048e+01
1.270000e-06	-2.519541e-06	-9.379404e-10	-1.785261e+01	-6.304542e+01
1.280000e-06	-2.479233e-06	-9.302350e-10	-1.756700e+01	-6.272776e+01
1.290000e-06	-2.438859e-06	-9.294443e-10	-1.728093e+01	-6.240748e+01
1.300000e-06	-2.398302e-06	-9.287196e-10	-1.699355e+01	-6.208458e+01
1.310000e-06	-2.357455e-06	-9.281983e-10	-1.670413e+01	-6.175903e+01
1.320000e-06	-2.316488e-06	-9.298227e-10	-1.641384e+01	-6.143078e+01
1.330000e-06	-2.275261e-06	-9.279312e-10	-1.612172e+01	-6.109974e+01
1.340000e-06	-2.233609e-06	-9.175408e-10	-1.582660e+01	-6.076583e+01
1.350000e-06	-2.191579e-06	-9.046079e-10	-1.552878e+01	-6.042893e+01
1.360000e-06	-2.149286e-06	-8.963044e-10	-1.522911e+01	-6.008892e+01
1.370000e-06	-2.106826e-06	-8.914587e-10	-1.492826e+01	-5.974565e+01
1.380000e-06	-2.064072e-06	-8.885077e-10	-1.462532e+01	-5.939896e+01
1.390000e-06	-2.021038e-06	-8.841109e-10	-1.432039e+01	-5.904867e+01
1.400000e-06	-1.977863e-06	-8.805828e-10	-1.401447e+01	-5.869459e+01
1.410000e-06	-1.934540e-06	-8.779352e-10	-1.370750e+01	-5.833652e+01
1.420000e-06	-1.891109e-06	-8.727623e-10	-1.339976e+01	-5.797425e+01
1.430000e-06	-1.847587e-06	-8.669663e-10	-1.309137e+01	-5.760755e+01
1.440000e-06	-1.803934e-06	-8.635039e-10	-1.278206e+01	-5.723621e+01
1.450000e-06	-1.760148e-06	-8.616127e-10	-1.247181e+01	-5.685999e+01
1.460000e-06	-1.716284e-06	-8.556761e-10	-1.216101e+01	-5.647865e+01
1.470000e-06	-1.672373e-06	-8.457638e-10	-1.184987e+01	-5.609194e+01
1.480000e-06	-1.628447e-06	-8.383940e-10	-1.153862e+01	-5.569963e+01
1.490000e-06	-1.584434e-06	-8.338729e-10	-1.122676e+01	-5.530145e+01
1.500000e-06	-1.540276e-06	-8.285526e-10	-1.091387e+01	-5.489718e+01
1.510000e-06	-1.495991e-06	-8.236370e-10	-1.060009e+01	-5.448654e+01
1.520000e-06	-1.451662e-06	-8.195687e-10	-1.028599e+01	-5.406930e+01
1.530000e-06	-1.407280e-06	-8.160814e-10	-9.971507e+00	-5.364519e+01
1.540000e-06	-1.362748e-06	-8.096423e-10	-9.655966e+00	-5.321397e+01
1.550000e-06	-1.318120e-06	-8.000914e-10	-9.339752e+00	-5.277537e+01
1.560000e-06	-1.273486e-06	-7.901007e-10	-9.023487e+00	-5.232914e+01
1.570000e-06	-1.228803e-06	-7.822880e-10	-8.706883e+00	-5.187501e+01
1.580000e-06	-1.184041e-06	-7.770204e-10	-8.389710e+00	-5.141271e+01
1.590000e-06	-1.139199e-06	-7.713150e-10	-8.071973e+00	-5.094195e+01
1.600000e-06	-1.094275e-06	-7.640759e-10	-7.753657e+00	-5.046247e+01
1.610000e-06	-1.049271e-06	-7.566474e-10	-7.434777e+00	-4.997395e+01
1.620000e-06	-1.004112e-06	-7.499356e-10	-7.114794e+00	-4.947609e+01
1.630000e-06	-9.588568e-07	-7.424681e-10	-6.794133e+00	-4.896857e+01
1.640000e-06	-9.135727e-07	-7.333646e-10	-6.473266e+00	-4.845105e+01
1.650000e-06	-8.681966e-07	-7.229922e-10	-6.151746e+00	-4.792317e+01
1.660000e-06	-8.227190e-07	-7.119331e-10	-5.829507e+00	-4.738456e+01
1.670000e-06	-7.771587e-07	-7.016779e-10	-5.506682e+00	-4.683481e+01
1.680000e-06	-7.315695e-07	-6.921262e-10	-5.183653e+00	-4.627350e+01
1.690000e-06	-6.860040e-07	-6.805440e-10	-4.860791e+00	-4.570020e+01
1.700000e-06	-6.404776e-07	-6.715399e-10	-4.538207e+00	-4.511441e+01
1.710000e-06	-5.948832e-07	-6.662086e-10	-4.215140e+00	-4.451565e+01
1.720000e-06	-5.491855e-07	-6.611728e-10	-3.891342e+00	-4.390338e+01
1.730000e-06	-5.034452e-07	-6.520800e-10	-3.567242e+00	-4.327704e+01
1.740000e-06	-4.577083e-07	-6.386531e-10	-3.243165e+00	-4.263604e+01
1.750000e-06	-4.119034e-07	-6.240816e-10	-2.918608e+00	-4.197978e+01
1.760000e-06	-3.659953e-07	-6.088698e-10	-2.593318e+00	-4.130759e+01
1.770000e-06	-3.200405e-07	-5.942082e-10	-2.267698e+00	-4.061882e+01
1.780000e-06	-2.740269e-07	-5.845935e-10	-1.941661e+00	-3.991276e+01
1.790000e-06	-2.280740e-07	-5.788110e-10	-1.616055e+00	-3.918869e+01
1.800000e-06	-1.822363e-07	-5.730448e-10	-1.291265e+00	-3.844586e+01
1.810000e-06	-1.363507e-07	-5.612076e-10	-9.661344e-01	-3.768352e+01
1.820000e-06	-9.041435e-08	-5.450471e-10	-6.406454e-01	-3.690088e+01
1.830000e-06	-4.450111e-08	-5.288873e-10	-3.153197e-01	-3.609716e+01
1.840000e-06	1.437976e-09	-5.140758e-10	1.018901e-02	-3.527157e+01
1.850000e-06	4.734617e-08	-5.025152e-10	3.354789e-01	-3.442329e+01
1.860000e-06	9.324990e-08	-4.932275e-10	6.607371e-01	-3.355155e+01
1.870000e-06	1.391580e-07	-4.863607e-10	9.860260e-01	-3.265554e+01
1.880000e-06	1.850004e-07	-4.792425e-10	1.310850e+00	-3.173450e+01
1.890000e-06	2.309000e-07	-4.659352e-10	1.636079e+00	-3.078767e+01
1.900000e-06	2.768131e-07	-4.427679e-10	1.961404e+00	-2.981432e+01
1.910000e-06	3.226047e-07	-4.179219e-10	2.285867e+00	-2.881377e+01
1.920000e-06	3.683891e-07	-4.006337e-10	2.610280e+00	-2.778534e+01
1.930000e-06	4.142213e-07	-3.891186e-10	2.935031e+00	-2.672844e+01
1.940000e-06	4.599760e-07	-3.764636e-10	3.259233e+00	-2.564251e+01
1.950000e-06	5.055970e-07	-3.623656e-10	3.582489e+00	-2.452704e+01
1.960000e-06	5.512464e-07	-3.487396e-10	3.905945e+00	-2.338161e+01
1.970000e-06	5.969027e-07	-3.304567e-10	4.229450e+00	-2.220585e+01
1.980000e-06	6.424816e-07	-3.036460e-10	4.552406e+00	-2.099948e+01
1.990000e-06	6.880246e-07	-2.759074e-10	4.875108e+00	-1.976231e+01
2.000000e-06	7.335006e-07	-2.557598e-10	5.197336e+00	-1.849423e+01
2.010000e-06	7.789075e-07	-2.431132e-10	5.519074e+00	-1.719521e+01
2.020000e-06	8.242438e-07	-2.311091e-10	5.840312e+00	-1.586536e+01
2.030000e-06	8.695121e-07	-2.138056e-10	6.161067e+00	-1.450485e+01
2.040000e-06	9.147270e-07	-1.907725e-10	6.481445e+00	-1.311398e+01
2.050000e-06	9.599027e-07	-1.638141e-10	6.801544e+00	-1.169316e+01
2.060000e-06	1.004982e-06	-1.364411e-10	7.120963e+00	-1.024290e+01
2.070000e-06	1.049954e-06	-1.111065e-10	7.439614e+00	-8.763827e+00
2.080000e-06	1.094885e-06	-8.817900e-11	7.757981e+00	-7.256689e+00
2.090000e-06	1.139761e-06	-6.842289e-11	8.075961e+00	-5.722339e+00
2.100000e-06	1.184570e-06	-5.272668e-11	8.393462e+00	-4.161746e+00
2.110000e-06	1.229271e-06	-3.482193e-11	8.710197e+00	-2.575990e+00
2.120000e-06	1.273807e-06	-8.828858e-12	9.025765e+00	-9.662604e-01
2.130000e-06	1.318232e-06	2.006406e-11	9.340544e+00	6.661493e-01
2.140000e-06	1.362603e-06	4.651181e-11	9.654939e+00	2.319843e+00
2.150000e-06	1.406939e-06	7.184792e-11	9.969091e+00	3.993326e+00
2.160000e-06	1.451269e-06	9.588918e-11	1.028320e+01	5.685014e+00
2.170000e-06	1.495498e-06	1.193809e-10	1.059659e+01	7.393236e+00
2.180000e-06	1.539613e-06	1.429264e-10	1.090917e+01	9.116241e+00
2.190000e-06	1.583686e-06	1.679595e-10	1.122146e+01	1.085221e+01
2.200000e-06	1.627684e-06	1.951414e-10	1.153322e+01	1.259924e+01
2.210000e-06	1.671629e-06	2.234296e-10	1.184460e+01	1.435541e+01
2.220000e-06	1.715521e-06	2.532202e-10	1.215560e+01	1.611872e+01
2.230000e-06	1.759324e-06	2.828165e-10	1.246597e+01	1.788714e+01
2.240000e-06	1.803032e-06	3.103420e-10	1.277567e+01	1.965861e+01
2.250000e-06	1.846613e-06	3.344458e-10	1.308447e+01	2.143104e+01
2.260000e-06	1.890040e-06	3.588151e-10	1.339218e+01	2.320237e+01
2.270000e-06	1.933368e-06	3.867023e-10	1.369919e+01	2.497048e+01
2.280000e-06	1.976675e-06	4.178761e-10	1.400605e+01	2.673329e+01
2.290000e-06	2.019794e-06	4.481261e-10	1.431158e+01	2.848876e+01
2.300000e-06	2.062634e-06	4.742240e-10	1.461513e+01	3.023483e+01
2.310000e-06	2.105234e-06	4.979897e-10	1.491697e+01	3.196951e+01
2.320000e-06	2.147584e-06	5.215458e-10	1.521705e+01	3.369083e+01
2.330000e-06	2.189713e-06	5.440989e-10	1.551556e+01	3.539691e+01
2.340000e-06	2.231621e-06	5.646412e-10	1.581251e+01	3.708590e+01
2.350000e-06	2.273212e-06	5.878847e-10	1.610721e+01	3.875602e+01
2.360000e-06	2.314491e-06	6.184765e-10	1.639969e+01	4.040558e+01
2.370000e-06	2.355550e-06	6.538304e-10	1.669063e+01	4.203296e+01
2.380000e-06	2.396312e-06	6.851186e-10	1.697945e+01	4.363664e+01
2.390000e-06	2.436864e-06	7.091253e-10	1.726679e+01	4.521519e+01
2.400000e-06	2.477312e-06	7.286399e-10	1.755339e+01	4.676726e+01
2.410000e-06	2.517587e-06	7.460918e-10	1.783876e+01	4.829161e+01
2.420000e-06	2.557701e-06	7.656132e-10	1.812300e+01	4.978712e+01
2.430000e-06	2.597702e-06	7.887819e-10	1.840644e+01	5.125274e+01
2.440000e-06	2.637607e-06	8.138748e-10	1.868918e+01	5.268757e+01
2.450000e-06	2.677403e-06	8.394784e-10	1.897117e+01	5.409077e+01
2.460000e-06	2.717129e-06	8.666090e-10	1.925265e+01	5.546165e+01
2.470000e-06	2.756769e-06	8.899212e-10	1.953353e+01	5.679959e+01
2.480000e-06	2.796114e-06	9.076482e-10	1.981232e+01	5.810411e+01
2.490000e-06	2.835210e-06	9.220972e-10	2.008934e+01	5.937479e+01
2.500000e-06	2.874134e-06	9.359896e-10	2.036514e+01	6.061135e+01
2.510000e-06	2.912841e-06	9.541724e-10	2.063940e+01	6.181359e+01
2.520000e-06	2.951420e-06	9.784852e-10	2.091276e+01	6.298139e+01
2.530000e-06	2.989832e-06	1.003696e-09	2.118493e+01	6.411475e+01
2.540000e-06	3.028074e-06	1.024528e-09	2.145590e+01	6.521372e+01
2.550000e-06	3.066120e-06	1.042629e-09	2.172549e+01	6.627844e+01
2.560000e-06	3.103900e-06	1.056589e-09	2.199318e+01	6.730914e+01
2.570000e-06	3.141409e-06	1.064398e-09	2.225896e+01	6.830611e+01
2.580000e-06	3.178641e-06	1.072008e-09	2.252277e+01	6.926969e+01
2.590000e-06	3.215658e-06	1.087079e-09	2.278506e+01	7.020028e+01
2.600000e-06	3.252428e-06	1.108692e-09	2.304560e+01	7.109835e+01
2.610000e-06	3.288943e-06	1.129506e-09	2.330434e+01	7.196440e+01
2.620000e-06	3.325273e-06	1.144634e-09	2.356175e+01	7.279896e+01
2.630000e-06	3.361407e-06	1.156570e-09	2.381779e+01	7.360263e+01
2.640000e-06	3.397373e-06	1.167319e-09	2.407263e+01	7.437600e+01
2.650000e-06	3.433247e-06	1.173454e-09	2.432682e+01	7.511970e+01
2.660000e-06	3.469051e-06	1.174911e-09	2.458052e+01	7.583439e+01
2.670000e-06	3.504718e-06	1.179553e-09	2.483324e+01	7.652072e+01
2.680000e-06	3.540177e-06	1.191276e-09	2.508449e+01	7.717938e+01
2.690000e-06	3.575301e-06	1.207326e-09	2.533337e+01	7.781103e+01
2.700000e-06	3.610018e-06	1.220085e-09	2.557936e+01	7.841637e+01
2.710000e-06	3.644323e-06	1.229152e-09	2.582244e+01	7.899608e+01
2.720000e-06	3.678221e-06	1.238635e-09	2.606262e+01	7.955083e+01
2.730000e-06	3.711693e-06	1.249277e-09	2.629980e+01	8.008131e+01
2.740000e-06	3.744694e-06	1.255529e-09	2.653363e+01	8.058818e+01
2.750000e-06	3.777351e-06	1.256583e-09	2.676503e+01	8.107210e+01
2.760000e-06	3.809689e-06	1.258333e-09	2.699416e+01	8.153371e+01
2.770000e-06	3.841757e-06	1.265559e-09	2.722139e+01	8.197367e+01
2.780000e-06	3.873706e-06	1.276047e-09	2.744777e+01	8.239259e+01
2.790000e-06	3.905527e-06	1.281859e-09	2.767323e+01	8.279110e+01
2.800000e-06	3.937176e-06	1.281422e-09	2.789749e+01	8.316979e+01
2.810000e-06	3.968526e-06	1.281197e-09	2.811963e+01	8.352928e+01
2.820000e-06	3.999602e-06	1.284442e-09	2.833982e+01	8.387014e+01
2.830000e-06	4.030472e-06	1.286105e-09	2.855856e+01	8.419295e+01
2.840000e-06	4.061053e-06	1.287810e-09	2.877524e+01	8.449829e+01
2.850000e-06	4.091316e-06	1.293212e-09	2.898967e+01	8.478671e+01
2.860000e-06	4.121341e-06	1.301103e-09	2.920242e+01	8.505878e+01
2.870000e-06	4.151143e-06	1.306069e-09	2.941359e+01	8.531505e+01
2.880000e-06	4.180651e-06	1.302975e-09	2.962267e+01	8.555607e+01
2.890000e-06	4.209864e-06	1.298381e-09	2.982967e+01	8.578239e+01
2.900000e-06	4.238772e-06	1.300510e-09	3.003450e+01	8.599455e+01
2.910000e-06	4.267351e-06	1.306678e-09	3.023700e+01	8.619311e+01
2.920000e-06	4.295609e-06	1.311012e-09	3.043723e+01	8.637861e+01
2.930000e-06	4.323655e-06	1.314561e-09	3.063595e+01	8.655160e+01
2.940000e-06	4.351581e-06	1.319347e-09	3.083383e+01	8.671263e+01
2.950000e-06	4.379280e-06	1.323851e-09	3.103009e+01	8.686225e+01
2.960000e-06	4.406692e-06	1.323111e-09	3.122433e+01	8.700101e+01
2.970000e-06	4.433788e-06	1.316939e-09	3.141632e+01	8.712947e+01
2.980000e-06	4.460496e-06	1.312573e-09	3.160556e+01	8.724817e+01
2.990000e-06	4.486757e-06	1.313883e-09	3.179163e+01	8.735767e+01
3.000000e-06	4.512399e-06	1.318402e-09	3.197333e+01	8.745852e+01
3.010000e-06	4.537461e-06	1.323468e-09	3.215091e+01	8.755126e+01
3.020000e-06	4.562082e-06	1.330250e-09	3.232536e+01	8.763644e+01
3.030000e-06	4.586373e-06	1.337996e-09	3.249748e+01	8.771457e+01
3.040000e-06	4.610425e-06	1.341790e-09	3.266790e+01	8.778619e+01
3.050000e-06	4.634277e-06	1.336596e-09	3.283691e+01	8.785181e+01
3.060000e-06	4.657879e-06	1.329145e-09	3.300415e+01	8.791191e+01
3.070000e-06	4.681150e-06	1.327361e-09	3.316904e+01	8.796699e+01
3.080000e-06	4.704108e-06	1.331691e-09	3.333171e+01	8.801749e+01
3.090000e-06	4.726754e-06	1.337643e-09	3.349217e+01	8.806385e+01
3.100000e-06	4.749065e-06	1.340184e-09	3.365026e+01	8.810649e+01
3.110000e-06	4.771041e-06	1.341551e-09	3.380598e+01	8.814578e+01
3.120000e-06	4.792766e-06	1.344450e-09	3.395991e+01	8.818209e+01
3.130000e-06	4.814185e-06	1.345443e-09	3.411168e+01	8.821573e+01
3.140000e-06	4.835236e-06	1.341846e-09	3.426084e+01	8.824699e+01
3.150000e-06	4.855975e-06	1.337857e-09	3.440779e+01	8.827611e+01
3.160000e-06	4.876414e-06	1.338216e-09	3.455261e+01	8.830332e+01
3.170000e-06	4.896596e-06	1.341803e-09	3.469562e+01	8.832878e+01
3.180000e-06	4.916606e-06	1.344317e-09	3.483740e+01	8.835262e+01
3.190000e-06	4.936467e-06	1.344120e-09	3.497813e+01	8.837492e+01
3.200000e-06	4.955976e-06	1.345352e-09	3.511636e+01	8.839575e+01
3.210000e-06	4.975021e-06	1.347630e-09	3.525131e+01	8.841510e+01
3.220000e-06	4.993723e-06	1.347662e-09	3.538382e+01	8.843294e+01
3.230000e-06	5.012044e-06	1.345410e-09	3.551364e+01	8.844918e+01
3.240000e-06	5.029876e-06	1.344089e-09	3.563999e+01	8.846372e+01
3.250000e-06	5.047278e-06	1.346945e-09	3.576329e+01	8.847639e+01
3.260000e-06	5.064434e-06	1.350493e-09	3.588486e+01	8.848702e+01
3.270000e-06	5.081408e-06	1.348975e-09	3.600513e+01	8.849537e+01
3.280000e-06	5.098082e-06	1.347144e-09	3.612327e+01	8.850119e+01
3.290000e-06	5.114262e-06	1.349805e-09	3.623792e+01	8.850420e+01
3.300000e-06	5.129968e-06	1.353667e-09	3.634921e+01	8.850411e+01
3.310000e-06	5.145223e-06	1.354439e-09	3.645730e+01	8.850059e+01
3.320000e-06	5.160000e-06	1.351216e-09	3.656201e+01	8.849331e+01
3.330000e-06	5.174359e-06	1.349859e-09	3.666375e+01	8.848193e+01
3.340000e-06	5.188369e-06	1.349518e-09	3.676302e+01	8.846608e+01
3.350000e-06	5.202048e-06	1.346850e-09	3.685994e+01	8.844543e+01
3.360000e-06	5.215365e-06	1.344252e-09	3.695431e+01	8.841963e+01
3.370000e-06	5.228343e-06	1.342570e-09	3.704627e+01	8.838834e+01
3.380000e-06	5.240962e-06	1.342141e-09	3.713567e+01	8.835125e+01
3.390000e-06	5.253236e-06	1.343174e-09	3.722265e+01	8.830806e+01
3.400000e-06	5.265143e-06	1.342487e-09	3.730702e+01	8.825848e+01
3.410000e-06	5.276605e-06	1.338274e-09	3.738823e+01	8.820229e+01
3.420000e-06	5.287554e-06	1.332689e-09	3.746581e+01	8.813926e+01
3.430000e-06	5.297934e-06	1.329226e-09	3.753936e+01	8.806922e+01
3.440000e-06	5.307652e-06	1.328003e-09	3.760822e+01	8.799206e+01
3.450000e-06	5.316809e-06	1.328096e-09	3.767310e+01	8.790767e+01
3.460000e-06	5.325485e-06	1.330677e-09	3.773458e+01	8.781603e+01
3.470000e-06	5.333747e-06	1.333100e-09	3.779312e+01	8.771716e+01
3.480000e-06	5.341758e-06	1.335321e-09	3.784988e+01	8.761111e+01
3.490000e-06	5.349484e-06	1.336733e-09	3.790463e+01	8.749803e+01
3.500000e-06	5.356912e-06	1.333650e-09	3.795726e+01	8.737808e+01
3.510000e-06	5.364001e-06	1.329314e-09	3.800749e+01	8.725150e+01
3.520000e-06	5.370791e-06	1.326615e-09	3.805560e+01	8.711859e+01
3.530000e-06	5.377178e-06	1.323731e-09	3.810086e+01	8.697969e+01
3.540000e-06	5.383149e-06	1.323107e-09	3.814317e+01	8.683520e+01
3.550000e-06	5.388781e-06	1.325599e-09	3.818307e+01	8.668558e+01
3.560000e-06	5.394052e-06	1.327592e-09	3.822042e+01	8.653132e+01
3.570000e-06	5.398926e-06	1.327802e-09	3.825496e+01	8.637297e+01
3.580000e-06	5.403342e-06	1.325560e-09	3.828624e+01	8.621111e+01
3.590000e-06	5.407437e-06	1.321491e-09	3.831526e+01	8.604637e+01
3.600000e-06	5.411354e-06	1.315877e-09	3.834301e+01	8.587941e+01
3.610000e-06	5.415104e-06	1.309978e-09	3.836959e+01	8.571090e+01
3.620000e-06	5.418561e-06	1.307767e-09	3.839408e+01	8.554156e+01
3.630000e-06	5.421577e-06	1.309936e-09	3.841545e+01	8.537210e+01
3.640000e-06	5.423994e-06	1.313010e-09	3.843258e+01	8.520324e+01
3.650000e-06	5.425715e-06	1.313735e-09	3.844477e+01	8.503574e+01
3.660000e-06	5.426852e-06	1.313725e-09	3.845283e+01	8.487030e+01
3.670000e-06	5.427558e-06	1.317545e-09	3.845783e+01	8.470765e+01
3.680000e-06	5.427848e-06	1.321030e-09	3.845989e+01	8.454848e+01
3.690000e-06	5.427864e-06	1.319232e-09	3.846000e+01	8.439348e+01
3.700000e-06	5.427666e-06	1.315637e-09	3.845860e+01	8.424329e+01
3.710000e-06	5.427171e-06	1.312535e-09	3.845509e+01	8.409852e+01
3.720000e-06	5.426336e-06	1.309593e-09	3.844917e+01	8.395973e+01
3.730000e-06	5.425101e-06	1.306172e-09	3.844042e+01	8.382745e+01
3.740000e-06	5.423533e-06	1.299267e-09	3.842931e+01	8.370213e+01
3.750000e-06	5.421643e-06	1.290897e-09	3.841592e+01	8.358419e+01
3.760000e-06	5.419397e-06	1.276655e-09	3.840001e+01	8.347397e+01
3.770000e-06	5.416830e-06	1.287375e-09	3.838182e+01	8.337174e+01
3.780000e-06	5.413852e-06	1.329341e-09	3.836072e+01	8.327771e+01
3.790000e-06	5.410371e-06	1.277189e-09	3.833605e+01	8.319201e+01
3.800000e-06	5.406394e-06	1.203491e-09	3.830787e+01	8.311471e+01
3.810000e-06	5.402158e-06	1.274614e-09	3.827786e+01	8.304580e+01
3.820000e-06	5.397825e-06	1.353163e-09	3.824715e+01	8.298516e+01
3.830000e-06	5.393253e-06	1.296497e-09	3.821476e+01	8.293266e+01
3.840000e-06	5.388146e-06	1.165523e-09	3.817857e+01	8.288803e+01
3.850000e-06	5.382328e-06	1.236130e-09	3.813734e+01	8.285096e+01
3.860000e-06	5.376014e-06	1.392336e-09	3.809261e+01	8.282107e+01
3.870000e-06	5.369430e-06	1.294797e-09	3.804596e+01	8.279790e+01
3.880000e-06	5.362510e-06	1.122933e-09	3.799692e+01	8.278094e+01
3.890000e-06	5.355032e-06	1.206273e-09	3.794394e+01	8.276960e+01
3.900000e-06	5.347058e-06	1.372782e-09	3.788744e+01	8.276325e+01
3.910000e-06	5.338797e-06	1.247772e-09	3.782890e+01	8.276121e+01
3.920000e-06	5.330300e-06	1.113191e-09	3.776870e+01	8.276275e+01
3.930000e-06	5.321484e-06	1.262540e-09	3.770623e+01	8.276710e+01
3.940000e-06	5.312346e-06	1.373914e-09	3.764148e+01	8.277346e+01
3.950000e-06	5.302813e-06	1.193829e-09	3.757393e+01	8.278102e+01
3.960000e-06	5.292834e-06	1.128363e-09	3.750322e+01	8.278893e+01
3.970000e-06	5.282527e-06	1.324560e-09	3.743019e+01	8.279636e+01
3.980000e-06	5.271903e-06	1.358531e-09	3.735491e+01	8.280243e+01
3.990000e-06	5.260876e-06	1.203895e-09	3.727678e+01	8.280632e+01
4.000000e-06	5.249362e-06	1.261150e-09	3.719520e+01	8.280718e+01
4.010000e-06	5.237394e-06	1.412209e-09	3.711039e+01	8.280420e+01
4.020000e-06	5.225118e-06	1.311643e-09	3.702341e+01	8.279660e+01
4.030000e-06	5.212375e-06	1.191594e-09	3.693312e+01	8.278361e+01
4.040000e-06	5.199148e-06	1.298284e-09	3.683939e+01	8.276452e+01
4.050000e-06	5.185540e-06	1.330116e-09	3.674298e+01	8.273865e+01
4.060000e-06	5.171270e-06	1.205294e-09	3.664186e+01	8.270539e+01
4.070000e-06	5.156250e-06	1.240095e-09	3.653544e+01	8.266417e+01
4.080000e-06	5.140755e-06	1.338964e-09	3.642564e+01	8.261448e+01
4.090000e-06	5.125014e-06	1.272510e-09	3.631411e+01	8.255589e+01
4.100000e-06	5.109022e-06	1.222788e-09	3.620079e+01	8.248801e+01
4.110000e-06	5.092751e-06	1.285930e-09	3.608550e+01	8.241053e+01
4.120000e-06	5.076142e-06	1.251499e-09	3.596782e+01	8.232323e+01
4.130000e-06	5.059228e-06	1.186722e-09	3.584797e+01	8.222594e+01
4.140000e-06	5.042029e-06	1.236187e-09	3.572610e+01	8.211856e+01
4.150000e-06	5.024424e-06	1.265593e-09	3.560136e+01	8.200109e+01
4.160000e-06	5.006437e-06	1.214393e-09	3.547391e+01	8.187356e+01
4.170000e-06	4.988146e-06	1.233613e-09	3.534431e+01	8.173611e+01
4.180000e-06	4.969588e-06	1.265360e-09	3.521281e+01	8.158892e+01
4.190000e-06	4.950665e-06	1.229824e-09	3.507873e+01	8.143224e+01
4.200000e-06	4.931325e-06	1.208444e-09	3.494169e+01	8.126640e+01
4.210000e-06	4.911640e-06	1.217304e-09	3.480221e+01	8.109176e+01
4.220000e-06	4.891717e-06	1.208067e-09	3.466104e+01	8.090874e+01
4.230000e-06	4.871627e-06	1.213422e-09	3.451869e+01	8.071782e+01
4.240000e-06	4.851318e-06	1.216899e-09	3.437479e+01	8.051950e+01
4.250000e-06	4.830767e-06	1.200450e-09	3.422918e+01	8.031435e+01
4.260000e-06	4.809913e-06	1.205463e-09	3.408141e+01	8.010293e+01
4.270000e-06	4.788429e-06	1.217576e-09	3.392918e+01	7.988586e+01
4.280000e-06	4.766088e-06	1.201484e-09	3.377088e+01	7.966375e+01
4.290000e-06	4.743197e-06	1.196210e-09	3.360868e+01	7.943724e+01
4.300000e-06	4.719933e-06	1.198529e-09	3.344384e+01	7.920696e+01
4.310000e-06	4.696247e-06	1.184312e-09	3.327601e+01	7.897356e+01
4.320000e-06	4.672315e-06	1.179922e-09	3.310644e+01	7.873767e+01
4.330000e-06	4.648273e-06	1.173882e-09	3.293608e+01	7.849991e+01
4.340000e-06	4.624005e-06	1.156274e-09	3.276413e+01	7.826086e+01
4.350000e-06	4.599507e-06	1.162491e-09	3.259054e+01	7.802112e+01
4.360000e-06	4.574708e-06	1.178920e-09	3.241482e+01	7.778123e+01
4.370000e-06	4.549482e-06	1.165338e-09	3.223608e+01	7.754169e+01
4.380000e-06	4.523978e-06	1.154324e-09	3.205537e+01	7.730299e+01
4.390000e-06	4.498132e-06	1.157316e-09	3.187224e+01	7.706556e+01
4.400000e-06	4.471885e-06	1.149918e-09	3.168626e+01	7.682979e+01
4.410000e-06	4.445305e-06	1.134800e-09	3.149792e+01	7.659601e+01
4.420000e-06	4.418489e-06	1.128126e-09	3.130791e+01	7.636453e+01
4.430000e-06	4.391470e-06	1.127491e-09	3.111646e+01	7.613559e+01
4.440000e-06	4.364088e-06	1.136247e-09	3.092244e+01	7.590936e+01
4.450000e-06	4.336413e-06	1.136535e-09	3.072635e+01	7.568600e+01
4.460000e-06	4.308516e-06	1.127356e-09	3.052868e+01	7.546558e+01
4.470000e-06	4.280437e-06	1.123439e-09	3.032973e+01	7.524815e+01
4.480000e-06	4.252206e-06	1.124476e-09	3.012969e+01	7.503368e+01
4.490000e-06	4.223706e-06	1.118347e-09	2.992775e+01	7.482211e+01
4.500000e-06	4.194868e-06	1.115814e-09	2.972341e+01	7.461333e+01
4.510000e-06	4.165669e-06	1.117210e-09	2.951652e+01	7.440719e+01
4.520000e-06	4.135921e-06	1.118642e-09	2.930573e+01	7.420349e+01
4.530000e-06	4.105588e-06	1.118728e-09	2.909080e+01	7.400201e+01
4.540000e-06	4.074767e-06	1.115682e-09	2.887242e+01	7.380246e+01
4.550000e-06	4.043530e-06	1.108941e-09	2.865108e+01	7.360458e+01
4.560000e-06	4.011978e-06	1.104003e-09	2.842751e+01	7.340802e+01
4.570000e-06	3.980215e-06	1.103197e-09	2.820245e+01	7.321246e+01
4.580000e-06	3.948301e-06	1.101975e-09	2.797632e+01	7.301754e+01
4.590000e-06	3.916204e-06	1.099128e-09	2.774889e+01	7.282288e+01
4.600000e-06	3.883957e-06	1.098964e-09	2.752040e+01	7.262812e+01
4.610000e-06	3.851519e-06	1.099959e-09	2.729055e+01	7.243287e+01
4.620000e-06	3.818818e-06	1.092348e-09	2.705884e+01	7.223675e+01
4.630000e-06	3.785801e-06	1.076821e-09	2.682490e+01	7.203939e+01
4.640000e-06	3.752455e-06	1.065411e-09	2.658862e+01	7.184042e+01
4.650000e-06	3.718872e-06	1.064839e-09	2.635067e+01	7.163949e+01
4.660000e-06	3.685148e-06	1.064571e-09	2.611171e+01	7.143627e+01
4.670000e-06	3.651239e-06	1.063437e-09	2.587144e+01	7.123043e+01
4.680000e-06	3.617055e-06	1.063681e-09	2.562922e+01	7.102168e+01
4.690000e-06	3.582535e-06	1.066111e-09	2.538462e+01	7.080974e+01
4.700000e-06	3.547709e-06	1.063809e-09	2.513786e+01	7.059438e+01
4.710000e-06	3.512657e-06	1.053093e-09	2.488949e+01	7.037537e+01
4.720000e-06	3.477358e-06	1.041343e-09	2.463938e+01	7.015251e+01
4.730000e-06	3.441815e-06	1.036673e-09	2.438753e+01	6.992565e+01
4.740000e-06	3.406100e-06	1.035015e-09	2.413447e+01	6.969466e+01
4.750000e-06	3.370249e-06	1.034411e-09	2.388044e+01	6.945943e+01
4.760000e-06	3.334259e-06	1.033684e-09	2.362543e+01	6.921989e+01
4.770000e-06	3.298096e-06	1.032893e-09	2.336919e+01	6.897600e+01
4.780000e-06	3.261824e-06	1.030174e-09	2.311218e+01	6.872773e+01
4.790000e-06	3.225445e-06	1.025161e-09	2.285441e+01	6.847509e+01
4.800000e-06	3.188842e-06	1.018447e-09	2.259505e+01	6.821811e+01
4.810000e-06	3.151941e-06	1.012966e-09	2.233359e+01	6.795685e+01
4.820000e-06	3.114580e-06	1.010430e-09	2.206886e+01	6.769138e+01
4.830000e-06	3.076774e-06	1.009248e-09	2.180097e+01	6.742178e+01
4.840000e-06	3.038595e-06	1.007744e-09	2.153045e+01	6.714816e+01
4.850000e-06	3.000002e-06	1.005497e-09	2.125700e+01	6.687063e+01
4.860000e-06	2.961090e-06	1.002916e-09	2.098128e+01	6.658932e+01
4.870000e-06	2.921891e-06	9.991108e-10	2.070352e+01	6.630435e+01
4.880000e-06	2.882450e-06	9.924339e-10	2.042406e+01	6.601585e+01
4.890000e-06	2.842791e-06	9.839702e-10	2.014305e+01	6.572396e+01
4.900000e-06	2.802908e-06	9.762496e-10	1.986046e+01	6.542880e+01
4.910000e-06	2.762909e-06	9.739892e-10	1.957703e+01	6.513050e+01
4.920000e-06	2.722827e-06	9.744585e-10	1.929303e+01	6.482916e+01
4.930000e-06	2.682687e-06	9.708244e-10	1.900861e+01	6.452491e+01
4.940000e-06	2.642475e-06	9.663487e-10	1.872368e+01	6.421783e+01
4.950000e-06	2.602104e-06	9.632433e-10	1.843763e+01	6.390799e+01
4.960000e-06	2.561563e-06	9.592337e-10	1.815037e+01	6.359547e+01
4.970000e-06	2.520826e-06	9.539689e-10	1.786172e+01	6.328030e+01
4.980000e-06	2.479838e-06	9.498590e-10	1.757129e+01	6.296252e+01
4.990000e-06	2.438730e-06	9.478713e-10	1.728001e+01	6.264213e+01
5.000000e-06	2.397477e-06	9.477472e-10	1.698771e+01	6.231912e+01
5.010000e-06	2.356019e-06	9.428381e-10	1.669395e+01	6.199346e+01
5.020000e-06	2.314432e-06	9.344737e-10	1.639928e+01	6.166510e+01
5.030000e-06	2.272681e-06	9.272575e-10	1.610345e+01	6.133396e+01
5.040000e-06	2.230710e-06	9.227753e-10	1.580606e+01	6.099996e+01
5.050000e-06	2.188578e-06	9.195233e-10	1.550752e+01	6.066299e+01
5.060000e-06	2.146279e-06	9.171374e-10	1.520780e+01	6.032291e+01
5.070000e-06	2.103832e-06	9.153797e-10	1.490704e+01	5.997959e+01
5.080000e-06	2.061343e-06	9.125104e-10	1.460597e+01	5.963285e+01
5.090000e-06	2.018687e-06	9.068917e-10	1.430373e+01	5.928254e+01
5.100000e-06	1.975902e-06	8.986991e-10	1.400057e+01	5.892845e+01
5.110000e-06	1.932953e-06	8.887775e-10	1.369625e+01	5.857039e+01
5.120000e-06	1.889829e-06	8.805135e-10	1.339068e+01	5.820815e+01
5.130000e-06	1.846578e-06	8.762033e-10	1.308423e+01	5.784150e+01
5.140000e-06	1.803208e-06	8.762863e-10	1.277692e+01	5.747022e+01
5.150000e-06	1.759728e-06	8.773700e-10	1.246884e+01	5.709409e+01
5.160000e-06	1.716042e-06	8.748184e-10	1.215929e+01	5.671285e+01
5.170000e-06	1.672321e-06	8.675715e-10	1.184950e+01	5.632627e+01
5.180000e-06	1.628604e-06	8.558547e-10	1.153973e+01	5.593409e+01
5.190000e-06	1.584788e-06	8.406216e-10	1.122927e+01	5.553609e+01
5.200000e-06	1.540868e-06	8.286389e-10	1.091807e+01	5.513200e+01
5.210000e-06	1.496868e-06	8.224582e-10	1.060630e+01	5.472157e+01
5.220000e-06	1.452805e-06	8.208897e-10	1.029408e+01	5.430456e+01
5.230000e-06	1.408714e-06	8.212814e-10	9.981669e+00	5.388070e+01
5.240000e-06	1.364634e-06	8.209631e-10	9.669335e+00	5.344975e+01
5.250000e-06	1.320531e-06	8.193778e-10	9.356835e+00	5.301144e+01
5.260000e-06	1.276365e-06	8.111483e-10	9.043886e+00	5.256553e+01
5.270000e-06	1.232169e-06	7.949607e-10	8.730729e+00	5.211173e+01
5.280000e-06	1.187878e-06	7.789765e-10	8.416897e+00	5.164979e+01
5.290000e-06	1.143483e-06	7.715017e-10	8.102335e+00	5.117942e+01
5.300000e-06	1.099058e-06	7.680030e-10	7.787552e+00	5.070034e+01
5.310000e-06	1.054552e-06	7.638569e-10	7.472195e+00	5.021225e+01
5.320000e-06	1.009976e-06	7.579398e-10	7.156344e+00	4.971486e+01
5.330000e-06	9.653337e-07	7.554865e-10	6.840027e+00	4.920782e+01
5.340000e-06	9.205890e-07	7.539378e-10	6.522981e+00	4.869082e+01
5.350000e-06	8.757581e-07	7.443689e-10	6.205324e+00	4.816348e+01
5.360000e-06	8.308098e-07	7.279528e-10	5.886836e+00	4.762544e+01
5.370000e-06	7.858207e-07	7.137126e-10	5.568058e+00	4.707631e+01
5.380000e-06	7.408318e-07	7.035549e-10	5.249282e+00	4.651565e+01
5.390000e-06	6.957449e-07	6.950949e-10	4.929812e+00	4.594303e+01
5.400000e-06	6.506013e-07	6.858795e-10	4.609940e+00	4.535797e+01
5.410000e-06	6.055088e-07	6.774466e-10	4.290430e+00	4.475998e+01
5.420000e-06	5.602752e-07	6.701214e-10	3.969920e+00	4.414852e+01
5.430000e-06	5.148865e-07	6.622100e-10	3.648311e+00	4.352305e+01
5.440000e-06	4.695414e-07	6.511798e-10	3.327011e+00	4.288296e+01
5.450000e-06	4.240470e-07	6.386504e-10	3.004653e+00	4.222766e+01
5.460000e-06	3.784520e-07	6.281695e-10	2.681583e+00	4.155650e+01
5.470000e-06	3.328670e-07	6.185699e-10	2.358582e+00	4.086880e+01
5.480000e-06	2.872591e-07	6.073892e-10	2.035421e+00	4.016388e+01
5.490000e-06	2.416241e-07	5.932751e-10	1.712066e+00	3.944100e+01
5.500000e-06	1.960311e-07	5.791192e-10	1.389010e+00	3.869944e+01
5.510000e-06	1.505886e-07	5.683063e-10	1.067019e+00	3.793842e+01
5.520000e-06	1.052288e-07	5.592048e-10	7.456152e-01	3.715717e+01
5.530000e-06	5.979544e-08	5.494160e-10	4.236902e-01	3.635491e+01
5.540000e-06	1.430609e-08	5.400955e-10	1.013681e-01	3.553083e+01
5.550000e-06	-3.129928e-08	5.299065e-10	-2.217761e-01	3.468415e+01
5.560000e-06	-7.693808e-08	5.162399e-10	-5.451571e-01	3.381406e+01
5.570000e-06	-1.225112e-07	4.971115e-10	-8.680727e-01	3.291977e+01
5.580000e-06	-1.681570e-07	4.760788e-10	-1.191503e+00	3.200051e+01
5.590000e-06	-2.137552e-07	4.588151e-10	-1.514597e+00	3.105553e+01
5.600000e-06	-2.593008e-07	4.454388e-10	-1.837317e+00	3.008409e+01
5.610000e-06	-3.048435e-07	4.333992e-10	-2.160018e+00	2.908549e+01
5.620000e-06	-3.502799e-07	4.219420e-10	-2.481964e+00	2.805909e+01
5.630000e-06	-3.956572e-07	4.088831e-10	-2.803492e+00	2.700425e+01
5.640000e-06	-4.409408e-07	3.941735e-10	-3.124356e+00	2.592042e+01
5.650000e-06	-4.861811e-07	3.767677e-10	-3.444914e+00	2.480710e+01
5.660000e-06	-5.315011e-07	3.563500e-10	-3.766036e+00	2.366385e+01
5.670000e-06	-5.767930e-07	3.364050e-10	-4.086959e+00	2.249030e+01
5.680000e-06	-6.219749e-07	3.167186e-10	-4.407103e+00	2.128616e+01
5.690000e-06	-6.670653e-07	2.960439e-10	-4.726598e+00	2.005123e+01
5.700000e-06	-7.120748e-07	2.755142e-10	-5.045520e+00	1.878539e+01
5.710000e-06	-7.569454e-07	2.555287e-10	-5.363458e+00	1.748862e+01
5.720000e-06	-8.017768e-07	2.399233e-10	-5.681118e+00	1.616100e+01
5.730000e-06	-8.465918e-07	2.253313e-10	-5.998662e+00	1.480270e+01
5.740000e-06	-8.913557e-07	2.061671e-10	-6.315844e+00	1.341402e+01
5.750000e-06	-9.361048e-07	1.841429e-10	-6.632920e+00	1.199534e+01
5.760000e-06	-9.808322e-07	1.614814e-10	-6.949844e+00	1.054718e+01
5.770000e-06	-1.025454e-06	1.339269e-10	-7.266022e+00	9.070151e+00
5.780000e-06	-1.069909e-06	1.053691e-10	-7.581011e+00	7.564989e+00
5.790000e-06	-1.114300e-06	7.738607e-11	-7.895548e+00	6.032539e+00
5.800000e-06	-1.158634e-06	5.360527e-11	-8.209689e+00	4.473762e+00
5.810000e-06	-1.202837e-06	3.593427e-11	-8.522893e+00	2.889727e+00
5.820000e-06	-1.246972e-06	1.890985e-11	-8.835620e+00	1.281616e+00
5.830000e-06	-1.291155e-06	-2.956444e-13	-9.148683e+00	-3.492878e-01
5.840000e-06	-1.335293e-06	-2.565385e-11	-9.461434e+00	-2.001595e+00
5.850000e-06	-1.379318e-06	-5.353007e-11	-9.773381e+00	-3.673820e+00
5.860000e-06	-1.423319e-06	-8.316018e-11	-1.008516e+01	-5.364386e+00
5.870000e-06	-1.467292e-06	-1.113393e-10	-1.039673e+01	-7.071627e+00
5.880000e-06	-1.511216e-06	-1.375674e-10	-1.070796e+01	-8.793801e+00
5.890000e-06	-1.555046e-06	-1.610391e-10	-1.101853e+01	-1.052909e+01
5.900000e-06	-1.598798e-06	-1.806493e-10	-1.132854e+01	-1.227561e+01
5.910000e-06	-1.642475e-06	-2.005667e-10	-1.163802e+01	-1.403142e+01
5.920000e-06	-1.686077e-06	-2.273470e-10	-1.194697e+01	-1.579455e+01
5.930000e-06	-1.729581e-06	-2.585522e-10	-1.225522e+01	-1.756295e+01
5.940000e-06	-1.772963e-06	-2.913502e-10	-1.256261e+01	-1.933457e+01
5.950000e-06	-1.816230e-06	-3.228104e-10	-1.286919e+01	-2.110734e+01
5.960000e-06	-1.859366e-06	-3.522944e-10	-1.317484e+01	-2.287917e+01
5.970000e-06	-1.902334e-06	-3.795150e-10	-1.347929e+01	-2.464796e+01
5.980000e-06	-1.945098e-06	-4.056777e-10	-1.378230e+01	-2.641163e+01
5.990000e-06	-1.987708e-06	-4.326890e-10	-1.408422e+01	-2.816811e+01
6.000000e-06	-2.030263e-06	-4.613992e-10	-1.438575e+01	-2.991537e+01
6.010000e-06	-2.072674e-06	-4.917765e-10	-1.468626e+01	-3.165141e+01
6.020000e-06	-2.114902e-06	-5.232477e-10	-1.498547e+01	-3.337425e+01
6.030000e-06	-2.157037e-06	-5.520172e-10	-1.528403e+01	-3.508200e+01
6.040000e-06	-2.199022e-06	-5.769035e-10	-1.558152e+01	-3.677281e+01
6.050000e-06	-2.240887e-06	-6.024683e-10	-1.587817e+01	-3.844490e+01
6.060000e-06	-2.282619e-06	-6.265530e-10	-1.617386e+01	-4.009657e+01
6.070000e-06	-2.324168e-06	-6.496540e-10	-1.646826e+01	-4.172620e+01
6.080000e-06	-2.365507e-06	-6.721099e-10	-1.676118e+01	-4.333224e+01
6.090000e-06	-2.406617e-06	-6.954685e-10	-1.705247e+01	-4.491326e+01
6.100000e-06	-2.447572e-06	-7.191828e-10	-1.734266e+01	-4.646792e+01
6.110000e-06	-2.488402e-06	-7.436225e-10	-1.763197e+01	-4.799496e+01
6.120000e-06	-2.529009e-06	-7.675190e-10	-1.791970e+01	-4.949324e+01
6.130000e-06	-2.569368e-06	-7.898657e-10	-1.820567e+01	-5.096173e+01
6.140000e-06	-2.609627e-06	-8.113016e-10	-1.849093e+01	-5.239948e+01
6.150000e-06	-2.649811e-06	-8.331250e-10	-1.877566e+01	-5.380568e+01
6.160000e-06	-2.689881e-06	-8.538601e-10	-1.905958e+01	-5.517961e+01
6.170000e-06	-2.729873e-06	-8.703637e-10	-1.934295e+01	-5.652065e+01
6.180000e-06	-2.769773e-06	-8.866434e-10	-1.962567e+01	-5.782830e+01
6.190000e-06	-2.809558e-06	-9.065337e-10	-1.990757e+01	-5.910215e+01
6.200000e-06	-2.849205e-06	-9.258012e-10	-2.018850e+01	-6.034189e+01
6.210000e-06	-2.888657e-06	-9.443125e-10	-2.046804e+01	-6.154733e+01
6.220000e-06	-2.927875e-06	-9.617910e-10	-2.074593e+01	-6.271834e+01
6.230000e-06	-2.966849e-06	-9.821486e-10	-2.102208e+01	-6.385489e+01
6.240000e-06	-3.005454e-06	-1.001528e-09	-2.129563e+01	-6.495705e+01
6.250000e-06	-3.043653e-06	-1.016609e-09	-2.156629e+01	-6.602495e+01
6.260000e-06	-3.081434e-06	-1.025401e-09	-2.183399e+01	-6.705881e+01
6.270000e-06	-3.118921e-06	-1.032960e-09	-2.209962e+01	-6.805891e+01
6.280000e-06	-3.156078e-06	-1.044381e-09	-2.236290e+01	-6.902559e+01
6.290000e-06	-3.192867e-06	-1.060004e-09	-2.262357e+01	-6.995924e+01
6.300000e-06	-3.229394e-06	-1.078499e-09	-2.288239e+01	-7.086034e+01
6.310000e-06	-3.265697e-06	-1.097525e-09	-2.313962e+01	-7.172936e+01
6.320000e-06	-3.301836e-06	-1.114284e-09	-2.339569e+01	-7.256686e+01
6.330000e-06	-3.337832e-06	-1.128984e-09	-2.365074e+01	-7.337341e+01
6.340000e-06	-3.373745e-06	-1.140291e-09	-2.390521e+01	-7.414962e+01
6.350000e-06	-3.409519e-06	-1.146066e-09	-2.415870e+01	-7.489610e+01
6.360000e-06	-3.445098e-06	-1.150657e-09	-2.441080e+01	-7.561351e+01
6.370000e-06	-3.480408e-06	-1.156336e-09	-2.466099e+01	-7.630251e+01
6.380000e-06	-3.515363e-06	-1.165619e-09	-2.490867e+01	-7.696378e+01
6.390000e-06	-3.550046e-06	-1.178488e-09	-2.515442e+01	-7.759799e+01
6.400000e-06	-3.584535e-06	-1.193227e-09	-2.539880e+01	-7.820583e+01
6.410000e-06	-3.618801e-06	-1.203320e-09	-2.564159e+01	-7.878798e+01
6.420000e-06	-3.652900e-06	-1.209442e-09	-2.588321e+01	-7.934512e+01
6.430000e-06	-3.686784e-06	-1.213044e-09	-2.612330e+01	-7.987792e+01
6.440000e-06	-3.720325e-06	-1.216346e-09	-2.636096e+01	-8.038706e+01
6.450000e-06	-3.753543e-06	-1.221034e-09	-2.659633e+01	-8.087320e+01
6.460000e-06	-3.786448e-06	-1.230819e-09	-2.682948e+01	-8.133698e+01
6.470000e-06	-3.819082e-06	-1.243847e-09	-2.706072e+01	-8.177905e+01
6.480000e-06	-3.851550e-06	-1.257174e-09	-2.729077e+01	-8.220003e+01
6.490000e-06	-3.883824e-06	-1.265348e-09	-2.751945e+01	-8.260055e+01
6.500000e-06	-3.915894e-06	-1.267909e-09	-2.774669e+01	-8.298121e+01
6.510000e-06	-3.947765e-06	-1.267003e-09	-2.797252e+01	-8.334260e+01
6.520000e-06	-3.979436e-06	-1.268468e-09	-2.819693e+01	-8.368532e+01
6.530000e-06	-4.010946e-06	-1.274455e-09	-2.842020e+01	-8.400995e+01
6.540000e-06	-4.042141e-06	-1.282823e-09	-2.864124e+01	-8.431705e+01
6.550000e-06	-4.072854e-06	-1.292751e-09	-2.885886e+01	-8.460720e+01
6.560000e-06	-4.103010e-06	-1.302758e-09	-2.907254e+01	-8.488094e+01
6.570000e-06	-4.132573e-06	-1.309173e-09	-2.928200e+01	-8.513884e+01
6.580000e-06	-4.161734e-06	-1.307826e-09	-2.948864e+01	-8.538144e+01
6.590000e-06	-4.190570e-06	-1.302409e-09	-2.969296e+01	-8.560929e+01
6.600000e-06	-4.219046e-06	-1.298763e-09	-2.989473e+01	-8.582294e+01
6.610000e-06	-4.247304e-06	-1.301358e-09	-3.009495e+01	-8.602295e+01
6.620000e-06	-4.275372e-06	-1.310849e-09	-3.029383e+01	-8.620985e+01
6.630000e-06	-4.303226e-06	-1.322152e-09	-3.049120e+01	-8.638419e+01
6.640000e-06	-4.330859e-06	-1.331316e-09	-3.068700e+01	-8.654652e+01
6.650000e-06	-4.358253e-06	-1.336613e-09	-3.088110e+01	-8.669741e+01
6.660000e-06	-4.385281e-06	-1.336161e-09	-3.107261e+01	-8.683738e+01
6.670000e-06	-4.411927e-06	-1.332537e-09	-3.126141e+01	-8.696701e+01
6.680000e-06	-4.438371e-06	-1.329746e-09	-3.144879e+01	-8.708684e+01
6.690000e-06	-4.464496e-06	-1.331048e-09	-3.163390e+01	-8.719742e+01
6.700000e-06	-4.490294e-06	-1.335598e-09	-3.181670e+01	-8.729930e+01
6.710000e-06	-4.515817e-06	-1.342005e-09	-3.199754e+01	-8.739303e+01
6.720000e-06	-4.540966e-06	-1.349774e-09	-3.217574e+01	-8.747914e+01
6.730000e-06	-4.565678e-06	-1.355546e-09	-3.235085e+01	-8.755817e+01
6.740000e-06	-4.590060e-06	-1.355608e-09	-3.252360e+01	-8.763065e+01
6.750000e-06	-4.614242e-06	-1.352618e-09	-3.269495e+01	-8.769708e+01
6.760000e-06	-4.638285e-06	-1.348697e-09	-3.286531e+01	-8.775795e+01
6.770000e-06	-4.662200e-06	-1.347105e-09	-3.303476e+01	-8.781376e+01
6.780000e-06	-4.685904e-06	-1.349289e-09	-3.320272e+01	-8.786496e+01
6.790000e-06	-4.709296e-06	-1.352301e-09	-3.336847e+01	-8.791198e+01
6.800000e-06	-4.732272e-06	-1.355717e-09	-3.353127e+01	-8.795525e+01
6.810000e-06	-4.754775e-06	-1.359736e-09	-3.369072e+01	-8.799514e+01
6.820000e-06	-4.776678e-06	-1.361395e-09	-3.384592e+01	-8.803201e+01
6.830000e-06	-4.798021e-06	-1.358981e-09	-3.399715e+01	-8.806620e+01
6.840000e-06	-4.818800e-06	-1.356256e-09	-3.414438e+01	-8.809797e+01
6.850000e-06	-4.839180e-06	-1.356448e-09	-3.428879e+01	-8.812760e+01
6.860000e-06	-4.859391e-06	-1.357257e-09	-3.443199e+01	-8.815529e+01
6.870000e-06	-4.879345e-06	-1.357102e-09	-3.457338e+01	-8.818122e+01
6.880000e-06	-4.899092e-06	-1.357653e-09	-3.471330e+01	-8.820552e+01
6.890000e-06	-4.918676e-06	-1.360466e-09	-3.485206e+01	-8.822829e+01
6.900000e-06	-4.937882e-06	-1.363463e-09	-3.498815e+01	-8.824957e+01
6.910000e-06	-4.956597e-06	-1.365295e-09	-3.512077e+01	-8.826937e+01
6.920000e-06	-4.974909e-06	-1.367272e-09	-3.525051e+01	-8.828767e+01
6.930000e-06	-4.992947e-06	-1.369084e-09	-3.537833e+01	-8.830438e+01
6.940000e-06	-5.010763e-06	-1.368474e-09	-3.550456e+01	-8.831940e+01
6.950000e-06	-5.028229e-06	-1.365702e-09	-3.562832e+01	-8.833257e+01
6.960000e-06	-5.045347e-06	-1.364455e-09	-3.574962e+01	-8.834370e+01
6.970000e-06	-5.062152e-06	-1.364658e-09	-3.586869e+01	-8.835258e+01
6.980000e-06	-5.078547e-06	-1.363400e-09	-3.598486e+01	-8.835896e+01
6.990000e-06	-5.094615e-06	-1.359636e-09	-3.609871e+01	-8.836255e+01
7.000000e-06	-5.110578e-06	-1.356886e-09	-3.621182e+01	-8.836306e+01
7.010000e-06	-5.126362e-06	-1.358029e-09	-3.632366e+01	-8.836017e+01
7.020000e-06	-5.141707e-06	-1.360935e-09	-3.643239e+01	-8.835355e+01
7.030000e-06	-5.156379e-06	-1.360361e-09	-3.653635e+01	-8.834285e+01
7.040000e-06	-5.170401e-06	-1.355778e-09	-3.663570e+01	-8.832772e+01
7.050000e-06	-5.183916e-06	-1.351128e-09	-3.673147e+01	-8.830781e+01
7.060000e-06	-5.196901e-06	-1.346857e-09	-3.682347e+01	-8.828279e+01
7.070000e-06	-5.209380e-06	-1.340953e-09	-3.691189e+01	-8.825230e+01
7.080000e-06	-5.221500e-06	-1.336580e-09	-3.699777e+01	-8.821604e+01
7.090000e-06	-5.233334e-06	-1.340668e-09	-3.708163e+01	-8.817369e+01
7.100000e-06	-5.244813e-06	-1.349045e-09	-3.716296e+01	-8.812499e+01
7.110000e-06	-5.255896e-06	-1.352188e-09	-3.724149e+01	-8.806969e+01
7.120000e-06	-5.266582e-06	-1.348052e-09	-3.731721e+01	-8.800757e+01
7.130000e-06	-5.276877e-06	-1.341182e-09	-3.739016e+01	-8.793846e+01
7.140000e-06	-5.286840e-06	-1.337125e-09	-3.746075e+01	-8.786222e+01
7.150000e-06	-5.296509e-06	-1.334878e-09	-3.752926e+01	-8.777877e+01
7.160000e-06	-5.305789e-06	-1.331610e-09	-3.759502e+01	-8.768807e+01
7.170000e-06	-5.314591e-06	-1.328642e-09	-3.765738e+01	-8.759012e+01
7.180000e-06	-5.323005e-06	-1.328851e-09	-3.771700e+01	-8.748501e+01
7.190000e-06	-5.331177e-06	-1.328042e-09	-3.777491e+01	-8.737283e+01
7.200000e-06	-5.339208e-06	-1.324723e-09	-3.783182e+01	-8.725378e+01
7.210000e-06	-5.347002e-06	-1.321507e-09	-3.788704e+01	-8.712808e+01
7.220000e-06	-5.354466e-06	-1.320516e-09	-3.793993e+01	-8.699601e+01
7.230000e-06	-5.361562e-06	-1.321023e-09	-3.799020e+01	-8.685793e+01
7.240000e-06	-5.368041e-06	-1.319975e-09	-3.803612e+01	-8.671422e+01
7.250000e-06	-5.373863e-06	-1.317157e-09	-3.807737e+01	-8.656534e+01
7.260000e-06	-5.379126e-06	-1.314791e-09	-3.811466e+01	-8.641178e+01
7.270000e-06	-5.383859e-06	-1.312997e-09	-3.814819e+01	-8.625408e+01
7.280000e-06	-5.388192e-06	-1.308406e-09	-3.817889e+01	-8.609282e+01
7.290000e-06	-5.392312e-06	-1.301842e-09	-3.820809e+01	-8.592863e+01
7.300000e-06	-5.396217e-06	-1.296829e-09	-3.823576e+01	-8.576215e+01
7.310000e-06	-5.399815e-06	-1.296211e-09	-3.826126e+01	-8.559408e+01
7.320000e-06	-5.403050e-06	-1.298002e-09	-3.828417e+01	-8.542511e+01
7.330000e-06	-5.405915e-06	-1.299145e-09	-3.830448e+01	-8.525596e+01
7.340000e-06	-5.408407e-06	-1.299668e-09	-3.832213e+01	-8.508737e+01
7.350000e-06	-5.410497e-06	-1.300143e-09	-3.833694e+01	-8.492005e+01
7.360000e-06	-5.412264e-06	-1.297265e-09	-3.834946e+01	-8.475474e+01
7.370000e-06	-5.413621e-06	-1.289472e-09	-3.835908e+01	-8.459216e+01
7.380000e-06	-5.414528e-06	-1.282469e-09	-3.836550e+01	-8.443301e+01
7.390000e-06	-5.415094e-06	-1.281010e-09	-3.836951e+01	-8.427797e+01
7.400000e-06	-5.415407e-06	-1.281087e-09	-3.837174e+01	-8.412769e+01
