# Temperatura_=_-1.0
# Concentracion g/m^3_=_4090.0
# C_Vs_to_Am_M_A/Vsm_=_65563218390.804596
# pendiente_HvsI_1/m_=_3716.3
# ordenada_HvsI_A/m_=_1297.0
# frecuencia_Hz_=_135075.18189890272

Tiempo_(s)	Campo_(V.s)	Magnetizacion_(V.s)	Campo_(kA/m)	Magnetizacion_(A/m)
0.000000e+00	-5.408961e-06	-2.106738e-09	-3.839968e+01	-1.407384e+02
1.000000e-08	-5.409061e-06	-2.105179e-09	-3.840039e+01	-1.406406e+02
2.000000e-08	-5.408941e-06	-2.100819e-09	-3.839953e+01	-1.405468e+02
3.000000e-08	-5.408527e-06	-2.094558e-09	-3.839660e+01	-1.404574e+02
4.000000e-08	-5.407559e-06	-2.093726e-09	-3.838972e+01	-1.403728e+02
5.000000e-08	-5.405995e-06	-2.101926e-09	-3.837862e+01	-1.402934e+02
6.000000e-08	-5.403860e-06	-2.123895e-09	-3.836347e+01	-1.402195e+02
7.000000e-08	-5.401158e-06	-2.142784e-09	-3.834428e+01	-1.401514e+02
8.000000e-08	-5.397931e-06	-2.108727e-09	-3.832137e+01	-1.400892e+02
9.000000e-08	-5.394212e-06	-2.036449e-09	-3.829497e+01	-1.400331e+02
1.000000e-07	-5.390095e-06	-2.028651e-09	-3.826574e+01	-1.399832e+02
1.100000e-07	-5.385736e-06	-2.102198e-09	-3.823479e+01	-1.399395e+02
1.200000e-07	-5.381244e-06	-2.140476e-09	-3.820290e+01	-1.399020e+02
1.300000e-07	-5.376435e-06	-2.079755e-09	-3.816876e+01	-1.398706e+02
1.400000e-07	-5.371147e-06	-2.056930e-09	-3.813123e+01	-1.398450e+02
1.500000e-07	-5.365496e-06	-2.141835e-09	-3.809111e+01	-1.398251e+02
1.600000e-07	-5.359605e-06	-2.196486e-09	-3.804929e+01	-1.398105e+02
1.700000e-07	-5.353291e-06	-2.100678e-09	-3.800446e+01	-1.398008e+02
1.800000e-07	-5.346434e-06	-2.014695e-09	-3.795578e+01	-1.397957e+02
1.900000e-07	-5.339341e-06	-2.058915e-09	-3.790543e+01	-1.397946e+02
2.000000e-07	-5.332108e-06	-2.151295e-09	-3.785408e+01	-1.397969e+02
2.100000e-07	-5.324570e-06	-2.152288e-09	-3.780056e+01	-1.398021e+02
2.200000e-07	-5.316693e-06	-2.138127e-09	-3.774464e+01	-1.398096e+02
2.300000e-07	-5.308482e-06	-2.177127e-09	-3.768635e+01	-1.398185e+02
2.400000e-07	-5.299854e-06	-2.206355e-09	-3.762509e+01	-1.398283e+02
2.500000e-07	-5.290636e-06	-2.187407e-09	-3.755965e+01	-1.398381e+02
2.600000e-07	-5.280696e-06	-2.183152e-09	-3.748909e+01	-1.398472e+02
2.700000e-07	-5.270216e-06	-2.202096e-09	-3.741469e+01	-1.398548e+02
2.800000e-07	-5.259267e-06	-2.179336e-09	-3.733695e+01	-1.398600e+02
2.900000e-07	-5.247780e-06	-2.165950e-09	-3.725541e+01	-1.398620e+02
3.000000e-07	-5.235906e-06	-2.197526e-09	-3.717111e+01	-1.398601e+02
3.100000e-07	-5.223720e-06	-2.216341e-09	-3.708460e+01	-1.398534e+02
3.200000e-07	-5.211179e-06	-2.174992e-09	-3.699557e+01	-1.398411e+02
3.300000e-07	-5.198217e-06	-2.156947e-09	-3.690355e+01	-1.398224e+02
3.400000e-07	-5.184933e-06	-2.181072e-09	-3.680924e+01	-1.397967e+02
3.500000e-07	-5.171243e-06	-2.209302e-09	-3.671205e+01	-1.397632e+02
3.600000e-07	-5.157082e-06	-2.198188e-09	-3.661152e+01	-1.397212e+02
3.700000e-07	-5.142546e-06	-2.175659e-09	-3.650832e+01	-1.396702e+02
3.800000e-07	-5.127461e-06	-2.160448e-09	-3.640123e+01	-1.396095e+02
3.900000e-07	-5.111813e-06	-2.172611e-09	-3.629014e+01	-1.395387e+02
4.000000e-07	-5.095609e-06	-2.170829e-09	-3.617510e+01	-1.394573e+02
4.100000e-07	-5.079040e-06	-2.152020e-09	-3.605748e+01	-1.393650e+02
4.200000e-07	-5.062255e-06	-2.139742e-09	-3.593831e+01	-1.392613e+02
4.300000e-07	-5.045077e-06	-2.161824e-09	-3.581637e+01	-1.391461e+02
4.400000e-07	-5.027545e-06	-2.182952e-09	-3.569190e+01	-1.390193e+02
4.500000e-07	-5.009684e-06	-2.170761e-09	-3.556510e+01	-1.388806e+02
4.600000e-07	-4.991445e-06	-2.135511e-09	-3.543562e+01	-1.387300e+02
4.700000e-07	-4.972888e-06	-2.121058e-09	-3.530388e+01	-1.385677e+02
4.800000e-07	-4.953967e-06	-2.134845e-09	-3.516955e+01	-1.383938e+02
4.900000e-07	-4.934720e-06	-2.134926e-09	-3.503291e+01	-1.382083e+02
5.000000e-07	-4.915201e-06	-2.104976e-09	-3.489434e+01	-1.380116e+02
5.100000e-07	-4.895458e-06	-2.095255e-09	-3.475418e+01	-1.378040e+02
5.200000e-07	-4.875523e-06	-2.124898e-09	-3.461265e+01	-1.375858e+02
5.300000e-07	-4.855254e-06	-2.136440e-09	-3.446876e+01	-1.373575e+02
5.400000e-07	-4.834667e-06	-2.113760e-09	-3.432261e+01	-1.371196e+02
5.500000e-07	-4.813729e-06	-2.094617e-09	-3.417396e+01	-1.368726e+02
5.600000e-07	-4.792447e-06	-2.097958e-09	-3.402288e+01	-1.366171e+02
5.700000e-07	-4.770868e-06	-2.101085e-09	-3.386968e+01	-1.363536e+02
5.800000e-07	-4.748967e-06	-2.088667e-09	-3.371420e+01	-1.360829e+02
5.900000e-07	-4.726699e-06	-2.065088e-09	-3.355611e+01	-1.358056e+02
6.000000e-07	-4.704065e-06	-2.063408e-09	-3.339543e+01	-1.355223e+02
6.100000e-07	-4.681139e-06	-2.085016e-09	-3.323267e+01	-1.352337e+02
6.200000e-07	-4.657934e-06	-2.093481e-09	-3.306793e+01	-1.349406e+02
6.300000e-07	-4.634448e-06	-2.071554e-09	-3.290120e+01	-1.346436e+02
6.400000e-07	-4.610667e-06	-2.061808e-09	-3.273237e+01	-1.343433e+02
6.500000e-07	-4.586624e-06	-2.071486e-09	-3.256169e+01	-1.340405e+02
6.600000e-07	-4.562414e-06	-2.073434e-09	-3.238981e+01	-1.337358e+02
6.700000e-07	-4.537954e-06	-2.054348e-09	-3.221616e+01	-1.334297e+02
6.800000e-07	-4.512966e-06	-2.039728e-09	-3.203877e+01	-1.331229e+02
6.900000e-07	-4.487342e-06	-2.041950e-09	-3.185685e+01	-1.328158e+02
7.000000e-07	-4.461167e-06	-2.050880e-09	-3.167103e+01	-1.325089e+02
7.100000e-07	-4.434625e-06	-2.044824e-09	-3.148260e+01	-1.322028e+02
7.200000e-07	-4.407828e-06	-2.031999e-09	-3.129236e+01	-1.318977e+02
7.300000e-07	-4.380692e-06	-2.030524e-09	-3.109972e+01	-1.315941e+02
7.400000e-07	-4.353240e-06	-2.041182e-09	-3.090483e+01	-1.312921e+02
7.500000e-07	-4.325490e-06	-2.039678e-09	-3.070783e+01	-1.309921e+02
7.600000e-07	-4.297475e-06	-2.026052e-09	-3.050893e+01	-1.306941e+02
7.700000e-07	-4.269219e-06	-2.018212e-09	-3.030834e+01	-1.303984e+02
7.800000e-07	-4.240730e-06	-2.019466e-09	-3.010608e+01	-1.301048e+02
7.900000e-07	-4.212000e-06	-2.016616e-09	-2.990212e+01	-1.298135e+02
8.000000e-07	-4.182983e-06	-2.005699e-09	-2.969613e+01	-1.295244e+02
8.100000e-07	-4.153613e-06	-1.996488e-09	-2.948762e+01	-1.292373e+02
8.200000e-07	-4.123946e-06	-1.998192e-09	-2.927701e+01	-1.289521e+02
8.300000e-07	-4.094077e-06	-2.001704e-09	-2.906496e+01	-1.286685e+02
8.400000e-07	-4.063898e-06	-1.994970e-09	-2.885071e+01	-1.283864e+02
8.500000e-07	-4.033382e-06	-1.986130e-09	-2.863407e+01	-1.281053e+02
8.600000e-07	-4.002607e-06	-1.983382e-09	-2.841559e+01	-1.278251e+02
8.700000e-07	-3.971613e-06	-1.983934e-09	-2.819556e+01	-1.275452e+02
8.800000e-07	-3.940331e-06	-1.976093e-09	-2.797348e+01	-1.272654e+02
8.900000e-07	-3.908820e-06	-1.961029e-09	-2.774977e+01	-1.269851e+02
9.000000e-07	-3.877141e-06	-1.949657e-09	-2.752487e+01	-1.267041e+02
9.100000e-07	-3.845323e-06	-1.950547e-09	-2.729898e+01	-1.264218e+02
9.200000e-07	-3.813312e-06	-1.951068e-09	-2.707173e+01	-1.261378e+02
9.300000e-07	-3.780944e-06	-1.946863e-09	-2.684195e+01	-1.258516e+02
9.400000e-07	-3.748261e-06	-1.942138e-09	-2.660992e+01	-1.255629e+02
9.500000e-07	-3.715217e-06	-1.943090e-09	-2.637533e+01	-1.252711e+02
9.600000e-07	-3.681801e-06	-1.941911e-09	-2.613810e+01	-1.249760e+02
9.700000e-07	-3.648087e-06	-1.930448e-09	-2.589876e+01	-1.246771e+02
9.800000e-07	-3.614011e-06	-1.913187e-09	-2.565684e+01	-1.243740e+02
9.900000e-07	-3.579577e-06	-1.904680e-09	-2.541238e+01	-1.240663e+02
1.000000e-06	-3.544793e-06	-1.905671e-09	-2.516545e+01	-1.237539e+02
1.010000e-06	-3.509650e-06	-1.905924e-09	-2.491595e+01	-1.234363e+02
1.020000e-06	-3.474238e-06	-1.899998e-09	-2.466456e+01	-1.231134e+02
1.030000e-06	-3.438607e-06	-1.895324e-09	-2.441160e+01	-1.227850e+02
1.040000e-06	-3.402792e-06	-1.894298e-09	-2.415734e+01	-1.224508e+02
1.050000e-06	-3.366808e-06	-1.890276e-09	-2.390188e+01	-1.221108e+02
1.060000e-06	-3.330624e-06	-1.878629e-09	-2.364500e+01	-1.217648e+02
1.070000e-06	-3.294222e-06	-1.864186e-09	-2.338657e+01	-1.214128e+02
1.080000e-06	-3.257650e-06	-1.854460e-09	-2.312694e+01	-1.210548e+02
1.090000e-06	-3.220916e-06	-1.850594e-09	-2.286615e+01	-1.206908e+02
1.100000e-06	-3.183865e-06	-1.846678e-09	-2.260312e+01	-1.203209e+02
1.110000e-06	-3.146551e-06	-1.841141e-09	-2.233822e+01	-1.199450e+02
1.120000e-06	-3.109170e-06	-1.837787e-09	-2.207284e+01	-1.195634e+02
1.130000e-06	-3.071536e-06	-1.834130e-09	-2.180567e+01	-1.191761e+02
1.140000e-06	-3.033588e-06	-1.825584e-09	-2.153626e+01	-1.187834e+02
1.150000e-06	-2.995502e-06	-1.814210e-09	-2.126588e+01	-1.183854e+02
1.160000e-06	-2.957250e-06	-1.806330e-09	-2.099432e+01	-1.179822e+02
1.170000e-06	-2.918741e-06	-1.802650e-09	-2.072093e+01	-1.175741e+02
1.180000e-06	-2.880001e-06	-1.797174e-09	-2.044591e+01	-1.171613e+02
1.190000e-06	-2.841019e-06	-1.787584e-09	-2.016916e+01	-1.167440e+02
1.200000e-06	-2.801814e-06	-1.782149e-09	-1.989084e+01	-1.163224e+02
1.210000e-06	-2.762508e-06	-1.780650e-09	-1.961179e+01	-1.158967e+02
1.220000e-06	-2.723061e-06	-1.776913e-09	-1.933175e+01	-1.154670e+02
1.230000e-06	-2.683460e-06	-1.767676e-09	-1.905061e+01	-1.150336e+02
1.240000e-06	-2.643767e-06	-1.757669e-09	-1.876882e+01	-1.145966e+02
1.250000e-06	-2.603935e-06	-1.751293e-09	-1.848604e+01	-1.141560e+02
1.260000e-06	-2.563960e-06	-1.746383e-09	-1.820224e+01	-1.137121e+02
1.270000e-06	-2.523854e-06	-1.738304e-09	-1.791752e+01	-1.132648e+02
1.280000e-06	-2.483578e-06	-1.730215e-09	-1.763159e+01	-1.128143e+02
1.290000e-06	-2.443121e-06	-1.723678e-09	-1.734438e+01	-1.123605e+02
1.300000e-06	-2.402520e-06	-1.717771e-09	-1.705614e+01	-1.119034e+02
1.310000e-06	-2.361794e-06	-1.708458e-09	-1.676702e+01	-1.114429e+02
1.320000e-06	-2.320841e-06	-1.699549e-09	-1.647628e+01	-1.109789e+02
1.330000e-06	-2.279595e-06	-1.693692e-09	-1.618346e+01	-1.105114e+02
1.340000e-06	-2.238040e-06	-1.690965e-09	-1.588845e+01	-1.100401e+02
1.350000e-06	-2.196173e-06	-1.688094e-09	-1.559122e+01	-1.095647e+02
1.360000e-06	-2.154052e-06	-1.680305e-09	-1.529219e+01	-1.090851e+02
1.370000e-06	-2.111797e-06	-1.669924e-09	-1.499222e+01	-1.086010e+02
1.380000e-06	-2.069312e-06	-1.660791e-09	-1.469061e+01	-1.081121e+02
1.390000e-06	-2.026470e-06	-1.651549e-09	-1.438646e+01	-1.076179e+02
1.400000e-06	-1.983385e-06	-1.642541e-09	-1.408058e+01	-1.071183e+02
1.410000e-06	-1.940212e-06	-1.635162e-09	-1.377409e+01	-1.066126e+02
1.420000e-06	-1.897029e-06	-1.629547e-09	-1.346752e+01	-1.061006e+02
1.430000e-06	-1.853785e-06	-1.626649e-09	-1.316052e+01	-1.055817e+02
1.440000e-06	-1.810337e-06	-1.621915e-09	-1.285207e+01	-1.050555e+02
1.450000e-06	-1.766682e-06	-1.610562e-09	-1.254216e+01	-1.045217e+02
1.460000e-06	-1.722903e-06	-1.596395e-09	-1.223136e+01	-1.039795e+02
1.470000e-06	-1.679033e-06	-1.586103e-09	-1.191991e+01	-1.034287e+02
1.480000e-06	-1.635100e-06	-1.578536e-09	-1.160802e+01	-1.028687e+02
1.490000e-06	-1.591072e-06	-1.570412e-09	-1.129545e+01	-1.022990e+02
1.500000e-06	-1.546975e-06	-1.561034e-09	-1.098240e+01	-1.017191e+02
1.510000e-06	-1.502875e-06	-1.554940e-09	-1.066932e+01	-1.011286e+02
1.520000e-06	-1.458673e-06	-1.549065e-09	-1.035551e+01	-1.005269e+02
1.530000e-06	-1.414354e-06	-1.538380e-09	-1.004088e+01	-9.991372e+01
1.540000e-06	-1.369985e-06	-1.523061e-09	-9.725896e+00	-9.928848e+01
1.550000e-06	-1.325518e-06	-1.508271e-09	-9.410209e+00	-9.865078e+01
1.560000e-06	-1.280921e-06	-1.495454e-09	-9.093607e+00	-9.800021e+01
1.570000e-06	-1.236247e-06	-1.486212e-09	-8.776451e+00	-9.733635e+01
1.580000e-06	-1.191604e-06	-1.478538e-09	-8.459522e+00	-9.665882e+01
1.590000e-06	-1.146902e-06	-1.469018e-09	-8.142171e+00	-9.596724e+01
1.600000e-06	-1.102031e-06	-1.460480e-09	-7.823614e+00	-9.526125e+01
1.610000e-06	-1.057063e-06	-1.451036e-09	-7.504379e+00	-9.454050e+01
1.620000e-06	-1.012038e-06	-1.435020e-09	-7.184735e+00	-9.380465e+01
1.630000e-06	-9.669062e-07	-1.416777e-09	-6.864328e+00	-9.305337e+01
1.640000e-06	-9.216691e-07	-1.402659e-09	-6.543178e+00	-9.228632e+01
1.650000e-06	-8.763438e-07	-1.393591e-09	-6.221401e+00	-9.150320e+01
1.660000e-06	-8.309843e-07	-1.384621e-09	-5.899382e+00	-9.070366e+01
1.670000e-06	-7.855945e-07	-1.373354e-09	-5.577148e+00	-8.988739e+01
1.680000e-06	-7.401753e-07	-1.360865e-09	-5.254704e+00	-8.905405e+01
1.690000e-06	-6.947301e-07	-1.346142e-09	-4.932077e+00	-8.820328e+01
1.700000e-06	-6.491629e-07	-1.329428e-09	-4.608583e+00	-8.733473e+01
1.710000e-06	-6.035788e-07	-1.312018e-09	-4.284969e+00	-8.644800e+01
1.720000e-06	-5.579175e-07	-1.297426e-09	-3.960807e+00	-8.554270e+01
1.730000e-06	-5.121791e-07	-1.286581e-09	-3.636098e+00	-8.461838e+01
1.740000e-06	-4.664789e-07	-1.276272e-09	-3.311660e+00	-8.367457e+01
1.750000e-06	-4.207230e-07	-1.262643e-09	-2.986826e+00	-8.271077e+01
1.760000e-06	-3.749350e-07	-1.245704e-09	-2.661765e+00	-8.172643e+01
1.770000e-06	-3.290772e-07	-1.226270e-09	-2.336208e+00	-8.072097e+01
1.780000e-06	-2.831701e-07	-1.207794e-09	-2.010301e+00	-7.969376e+01
1.790000e-06	-2.373504e-07	-1.190952e-09	-1.685015e+00	-7.864411e+01
1.800000e-06	-1.915695e-07	-1.171776e-09	-1.360004e+00	-7.757130e+01
1.810000e-06	-1.456975e-07	-1.155102e-09	-1.034346e+00	-7.647455e+01
1.820000e-06	-9.983571e-08	-1.143131e-09	-7.087607e-01	-7.535303e+01
1.830000e-06	-5.401941e-08	-1.130368e-09	-3.834984e-01	-7.420588e+01
1.840000e-06	-8.111718e-09	-1.108697e-09	-5.758728e-02	-7.303216e+01
1.850000e-06	3.776339e-08	-1.082900e-09	2.680925e-01	-7.183091e+01
1.860000e-06	8.357464e-08	-1.059512e-09	5.933190e-01	-7.060110e+01
1.870000e-06	1.294514e-07	-1.040411e-09	9.190107e-01	-6.934168e+01
1.880000e-06	1.753609e-07	-1.023776e-09	1.244934e+00	-6.805155e+01
1.890000e-06	2.212217e-07	-1.008432e-09	1.570512e+00	-6.672960e+01
1.900000e-06	2.670517e-07	-9.921666e-10	1.895872e+00	-6.537465e+01
1.910000e-06	3.128889e-07	-9.735850e-10	2.221283e+00	-6.398554e+01
1.920000e-06	3.587325e-07	-9.480459e-10	2.546739e+00	-6.256108e+01
1.930000e-06	4.045156e-07	-9.147382e-10	2.871765e+00	-6.110008e+01
1.940000e-06	4.502855e-07	-8.792871e-10	3.196698e+00	-5.960134e+01
1.950000e-06	4.960098e-07	-8.487270e-10	3.521307e+00	-5.806368e+01
1.960000e-06	5.416257e-07	-8.293246e-10	3.845147e+00	-5.648595e+01
1.970000e-06	5.871877e-07	-8.153681e-10	4.168604e+00	-5.486700e+01
1.980000e-06	6.326985e-07	-7.991569e-10	4.491698e+00	-5.320575e+01
1.990000e-06	6.781562e-07	-7.782533e-10	4.814414e+00	-5.150116e+01
2.000000e-06	7.236032e-07	-7.519875e-10	5.137055e+00	-4.975224e+01
2.010000e-06	7.690209e-07	-7.190510e-10	5.459487e+00	-4.795810e+01
2.020000e-06	8.144252e-07	-6.814822e-10	5.781824e+00	-4.611789e+01
2.030000e-06	8.598126e-07	-6.420988e-10	6.104042e+00	-4.423089e+01
2.040000e-06	9.050975e-07	-6.094227e-10	6.425531e+00	-4.229647e+01
2.050000e-06	9.503014e-07	-5.854356e-10	6.746447e+00	-4.031410e+01
2.060000e-06	9.953504e-07	-5.645322e-10	7.066262e+00	-3.828338e+01
2.070000e-06	1.040295e-06	-5.409296e-10	7.385338e+00	-3.620406e+01
2.080000e-06	1.085212e-06	-5.130720e-10	7.704213e+00	-3.407600e+01
2.090000e-06	1.129994e-06	-4.794758e-10	8.022133e+00	-3.189922e+01
2.100000e-06	1.174685e-06	-4.429500e-10	8.339409e+00	-2.967391e+01
2.110000e-06	1.219304e-06	-4.034360e-10	8.656166e+00	-2.740038e+01
2.120000e-06	1.263799e-06	-3.640920e-10	8.972054e+00	-2.507916e+01
2.130000e-06	1.308200e-06	-3.285220e-10	9.287268e+00	-2.271090e+01
2.140000e-06	1.352511e-06	-2.960605e-10	9.601839e+00	-2.029646e+01
2.150000e-06	1.396778e-06	-2.646644e-10	9.916106e+00	-1.783686e+01
2.160000e-06	1.441048e-06	-2.326182e-10	1.023039e+01	-1.533331e+01
2.170000e-06	1.485257e-06	-1.954840e-10	1.054424e+01	-1.278717e+01
2.180000e-06	1.529352e-06	-1.565416e-10	1.085728e+01	-1.020000e+01
2.190000e-06	1.573402e-06	-1.174210e-10	1.117000e+01	-7.573544e+00
2.200000e-06	1.617393e-06	-7.605977e-11	1.148231e+01	-4.909688e+00
2.210000e-06	1.661306e-06	-3.518531e-11	1.179406e+01	-2.210503e+00
2.220000e-06	1.705194e-06	6.079093e-12	1.210563e+01	5.217838e-01
2.230000e-06	1.749003e-06	4.894825e-11	1.241665e+01	3.284791e+00
2.240000e-06	1.792693e-06	9.394170e-11	1.272681e+01	6.075990e+00
2.250000e-06	1.836307e-06	1.395298e-10	1.303644e+01	8.892718e+00
2.260000e-06	1.879812e-06	1.845948e-10	1.334529e+01	1.173218e+01
2.270000e-06	1.923187e-06	2.267852e-10	1.365323e+01	1.459147e+01
2.280000e-06	1.966423e-06	2.673048e-10	1.396017e+01	1.746758e+01
2.290000e-06	2.009527e-06	3.089889e-10	1.426617e+01	2.035739e+01
2.300000e-06	2.052435e-06	3.511347e-10	1.457079e+01	2.325773e+01
2.310000e-06	2.095093e-06	3.948342e-10	1.487363e+01	2.616533e+01
2.320000e-06	2.137480e-06	4.420791e-10	1.517455e+01	2.907691e+01
2.330000e-06	2.179621e-06	4.905195e-10	1.547372e+01	3.198910e+01
2.340000e-06	2.221539e-06	5.371554e-10	1.577131e+01	3.489855e+01
2.350000e-06	2.263196e-06	5.800179e-10	1.606704e+01	3.780188e+01
2.360000e-06	2.304490e-06	6.196191e-10	1.636020e+01	4.069572e+01
2.370000e-06	2.345359e-06	6.593133e-10	1.665034e+01	4.357672e+01
2.380000e-06	2.386029e-06	7.009027e-10	1.693906e+01	4.644158e+01
2.390000e-06	2.426580e-06	7.437250e-10	1.722695e+01	4.928702e+01
2.400000e-06	2.466907e-06	7.883315e-10	1.751324e+01	5.210985e+01
2.410000e-06	2.507057e-06	8.337253e-10	1.779827e+01	5.490694e+01
2.420000e-06	2.547144e-06	8.818665e-10	1.808286e+01	5.767526e+01
2.430000e-06	2.587162e-06	9.299772e-10	1.836697e+01	6.041187e+01
2.440000e-06	2.627086e-06	9.717268e-10	1.865040e+01	6.311396e+01
2.450000e-06	2.666845e-06	1.007518e-09	1.893265e+01	6.577883e+01
2.460000e-06	2.706434e-06	1.043770e-09	1.921370e+01	6.840391e+01
2.470000e-06	2.745895e-06	1.078833e-09	1.949385e+01	7.098679e+01
2.480000e-06	2.785190e-06	1.112568e-09	1.977282e+01	7.352520e+01
2.490000e-06	2.824206e-06	1.148327e-09	2.004980e+01	7.601703e+01
2.500000e-06	2.862989e-06	1.189074e-09	2.032514e+01	7.846032e+01
2.510000e-06	2.901636e-06	1.233923e-09	2.059950e+01	8.085329e+01
2.520000e-06	2.940121e-06	1.276876e-09	2.087271e+01	8.319434e+01
2.530000e-06	2.978408e-06	1.314611e-09	2.114452e+01	8.548203e+01
2.540000e-06	3.016458e-06	1.346370e-09	2.141465e+01	8.771510e+01
2.550000e-06	3.054313e-06	1.372908e-09	2.168339e+01	8.989246e+01
2.560000e-06	3.091947e-06	1.397813e-09	2.195057e+01	9.201321e+01
2.570000e-06	3.129397e-06	1.423737e-09	2.221643e+01	9.407661e+01
2.580000e-06	3.166650e-06	1.450430e-09	2.248090e+01	9.608211e+01
2.590000e-06	3.203617e-06	1.481690e-09	2.274334e+01	9.802930e+01
2.600000e-06	3.240374e-06	1.518339e-09	2.300429e+01	9.991796e+01
2.610000e-06	3.276965e-06	1.555390e-09	2.326406e+01	1.017480e+02
2.620000e-06	3.313341e-06	1.585753e-09	2.352230e+01	1.035196e+02
2.630000e-06	3.349536e-06	1.609384e-09	2.377926e+01	1.052328e+02
2.640000e-06	3.385558e-06	1.629505e-09	2.403499e+01	1.068882e+02
2.650000e-06	3.421449e-06	1.647723e-09	2.428979e+01	1.084861e+02
2.660000e-06	3.457256e-06	1.662818e-09	2.454399e+01	1.100272e+02
2.670000e-06	3.492933e-06	1.677811e-09	2.479727e+01	1.115124e+02
2.680000e-06	3.528409e-06	1.698190e-09	2.504913e+01	1.129423e+02
2.690000e-06	3.563530e-06	1.723616e-09	2.529846e+01	1.143180e+02
2.700000e-06	3.598289e-06	1.751324e-09	2.554522e+01	1.156404e+02
2.710000e-06	3.632671e-06	1.778341e-09	2.578931e+01	1.169108e+02
2.720000e-06	3.666625e-06	1.799462e-09	2.603036e+01	1.181304e+02
2.730000e-06	3.700035e-06	1.814519e-09	2.626755e+01	1.193003e+02
2.740000e-06	3.732976e-06	1.826874e-09	2.650141e+01	1.204218e+02
2.750000e-06	3.765645e-06	1.838867e-09	2.673333e+01	1.214964e+02
2.760000e-06	3.797993e-06	1.851962e-09	2.696298e+01	1.225254e+02
2.770000e-06	3.830086e-06	1.866902e-09	2.719082e+01	1.235103e+02
2.780000e-06	3.862013e-06	1.885121e-09	2.741748e+01	1.244524e+02
2.790000e-06	3.893764e-06	1.903544e-09	2.764288e+01	1.253533e+02
2.800000e-06	3.925323e-06	1.917652e-09	2.786693e+01	1.262143e+02
2.810000e-06	3.956744e-06	1.925138e-09	2.809000e+01	1.270370e+02
2.820000e-06	3.987844e-06	1.930385e-09	2.831078e+01	1.278228e+02
2.830000e-06	4.018587e-06	1.938523e-09	2.852904e+01	1.285732e+02
2.840000e-06	4.049052e-06	1.947401e-09	2.874531e+01	1.292895e+02
2.850000e-06	4.079220e-06	1.956391e-09	2.895949e+01	1.299732e+02
2.860000e-06	4.109158e-06	1.966831e-09	2.917202e+01	1.306257e+02
2.870000e-06	4.138866e-06	1.978167e-09	2.938293e+01	1.312483e+02
2.880000e-06	4.168349e-06	1.988241e-09	2.959224e+01	1.318423e+02
2.890000e-06	4.197533e-06	1.993760e-09	2.979942e+01	1.324090e+02
2.900000e-06	4.226416e-06	1.997602e-09	3.000447e+01	1.329497e+02
2.910000e-06	4.255012e-06	2.005436e-09	3.020748e+01	1.334656e+02
2.920000e-06	4.283352e-06	2.012589e-09	3.040867e+01	1.339579e+02
2.930000e-06	4.311438e-06	2.016390e-09	3.060807e+01	1.344276e+02
2.940000e-06	4.339310e-06	2.020837e-09	3.080593e+01	1.348759e+02
2.950000e-06	4.367020e-06	2.030036e-09	3.100266e+01	1.353039e+02
2.960000e-06	4.394414e-06	2.041902e-09	3.119713e+01	1.357125e+02
2.970000e-06	4.421528e-06	2.048946e-09	3.138962e+01	1.361026e+02
2.980000e-06	4.448332e-06	2.050509e-09	3.157991e+01	1.364753e+02
2.990000e-06	4.474593e-06	2.053600e-09	3.176635e+01	1.368315e+02
3.000000e-06	4.500297e-06	2.061046e-09	3.194882e+01	1.371718e+02
3.010000e-06	4.525435e-06	2.068005e-09	3.212728e+01	1.374972e+02
3.020000e-06	4.550019e-06	2.071926e-09	3.230182e+01	1.378084e+02
3.030000e-06	4.574232e-06	2.077920e-09	3.247371e+01	1.381062e+02
3.040000e-06	4.598318e-06	2.087301e-09	3.264470e+01	1.383911e+02
3.050000e-06	4.622247e-06	2.095110e-09	3.281458e+01	1.386640e+02
3.060000e-06	4.645832e-06	2.097454e-09	3.298202e+01	1.389253e+02
3.070000e-06	4.669091e-06	2.095676e-09	3.314714e+01	1.391756e+02
3.080000e-06	4.691997e-06	2.099215e-09	3.330975e+01	1.394156e+02
3.090000e-06	4.714505e-06	2.107735e-09	3.346954e+01	1.396456e+02
3.100000e-06	4.736740e-06	2.110644e-09	3.362740e+01	1.398662e+02
3.110000e-06	4.758786e-06	2.108305e-09	3.378391e+01	1.400778e+02
3.120000e-06	4.780595e-06	2.110452e-09	3.393874e+01	1.402809e+02
3.130000e-06	4.802068e-06	2.118406e-09	3.409118e+01	1.404757e+02
3.140000e-06	4.823122e-06	2.123991e-09	3.424064e+01	1.406626e+02
3.150000e-06	4.843840e-06	2.124232e-09	3.438773e+01	1.408420e+02
3.160000e-06	4.864298e-06	2.123558e-09	3.453297e+01	1.410141e+02
3.170000e-06	4.884461e-06	2.127782e-09	3.467611e+01	1.411792e+02
3.180000e-06	4.904343e-06	2.133102e-09	3.481726e+01	1.413374e+02
3.190000e-06	4.924012e-06	2.131267e-09	3.495689e+01	1.414891e+02
3.200000e-06	4.943491e-06	2.130034e-09	3.509518e+01	1.416342e+02
3.210000e-06	4.962588e-06	2.137728e-09	3.523075e+01	1.417730e+02
3.220000e-06	4.981241e-06	2.146791e-09	3.536318e+01	1.419056e+02
3.230000e-06	4.999579e-06	2.148098e-09	3.549336e+01	1.420321e+02
3.240000e-06	5.017592e-06	2.144125e-09	3.562124e+01	1.421524e+02
3.250000e-06	5.035198e-06	2.143589e-09	3.574623e+01	1.422667e+02
3.260000e-06	5.052496e-06	2.147404e-09	3.586903e+01	1.423749e+02
3.270000e-06	5.069526e-06	2.146364e-09	3.598994e+01	1.424771e+02
3.280000e-06	5.086159e-06	2.143406e-09	3.610802e+01	1.425731e+02
3.290000e-06	5.102441e-06	2.149279e-09	3.622361e+01	1.426630e+02
3.300000e-06	5.118365e-06	2.159833e-09	3.633665e+01	1.427466e+02
3.310000e-06	5.133732e-06	2.165114e-09	3.644575e+01	1.428240e+02
3.320000e-06	5.148567e-06	2.160103e-09	3.655107e+01	1.428949e+02
3.330000e-06	5.162922e-06	2.155383e-09	3.665298e+01	1.429593e+02
3.340000e-06	5.176819e-06	2.154961e-09	3.675164e+01	1.430171e+02
3.350000e-06	5.190429e-06	2.154545e-09	3.684826e+01	1.430683e+02
3.360000e-06	5.203744e-06	2.153620e-09	3.694278e+01	1.431125e+02
3.370000e-06	5.216660e-06	2.153521e-09	3.703448e+01	1.431499e+02
3.380000e-06	5.229228e-06	2.155828e-09	3.712370e+01	1.431802e+02
3.390000e-06	5.241470e-06	2.157078e-09	3.721061e+01	1.432034e+02
3.400000e-06	5.253349e-06	2.153248e-09	3.729494e+01	1.432194e+02
3.410000e-06	5.264871e-06	2.145028e-09	3.737674e+01	1.432281e+02
3.420000e-06	5.275949e-06	2.140204e-09	3.745539e+01	1.432295e+02
3.430000e-06	5.286436e-06	2.141029e-09	3.752984e+01	1.432236e+02
3.440000e-06	5.296312e-06	2.143279e-09	3.759995e+01	1.432103e+02
3.450000e-06	5.305585e-06	2.145957e-09	3.766578e+01	1.431897e+02
3.460000e-06	5.314312e-06	2.149234e-09	3.772774e+01	1.431619e+02
3.470000e-06	5.322620e-06	2.151092e-09	3.778672e+01	1.431269e+02
3.480000e-06	5.330640e-06	2.150702e-09	3.784365e+01	1.430848e+02
3.490000e-06	5.338383e-06	2.147664e-09	3.789863e+01	1.430359e+02
3.500000e-06	5.345881e-06	2.143730e-09	3.795185e+01	1.429802e+02
3.510000e-06	5.353113e-06	2.141651e-09	3.800319e+01	1.429180e+02
3.520000e-06	5.359888e-06	2.143168e-09	3.805130e+01	1.428496e+02
3.530000e-06	5.366254e-06	2.147328e-09	3.809649e+01	1.427753e+02
3.540000e-06	5.372273e-06	2.153452e-09	3.813921e+01	1.426953e+02
3.550000e-06	5.377899e-06	2.157330e-09	3.817916e+01	1.426102e+02
3.560000e-06	5.383172e-06	2.156818e-09	3.821659e+01	1.425202e+02
3.570000e-06	5.388102e-06	2.152296e-09	3.825159e+01	1.424259e+02
3.580000e-06	5.392588e-06	2.146403e-09	3.828344e+01	1.423276e+02
3.590000e-06	5.396729e-06	2.141548e-09	3.831284e+01	1.422259e+02
3.600000e-06	5.400708e-06	2.139989e-09	3.834109e+01	1.421213e+02
3.610000e-06	5.404477e-06	2.141214e-09	3.836784e+01	1.420144e+02
3.620000e-06	5.407875e-06	2.143488e-09	3.839197e+01	1.419056e+02
3.630000e-06	5.410741e-06	2.147792e-09	3.841231e+01	1.417957e+02
3.640000e-06	5.413073e-06	2.152176e-09	3.842887e+01	1.416852e+02
3.650000e-06	5.414864e-06	2.152792e-09	3.844158e+01	1.415746e+02
3.660000e-06	5.416119e-06	2.149778e-09	3.845049e+01	1.414646e+02
3.670000e-06	5.416954e-06	2.147608e-09	3.845642e+01	1.413558e+02
3.680000e-06	5.417365e-06	2.146761e-09	3.845934e+01	1.412487e+02
3.690000e-06	5.417458e-06	2.146523e-09	3.846000e+01	1.411439e+02
3.700000e-06	5.417349e-06	2.146016e-09	3.845922e+01	1.410420e+02
3.710000e-06	5.416952e-06	2.145776e-09	3.845640e+01	1.409434e+02
3.720000e-06	5.416248e-06	2.147784e-09	3.845140e+01	1.408487e+02
3.730000e-06	5.415153e-06	2.145142e-09	3.844364e+01	1.407584e+02
3.740000e-06	5.413629e-06	2.137776e-09	3.843281e+01	1.406728e+02
3.750000e-06	5.411779e-06	2.121144e-09	3.841968e+01	1.405923e+02
3.760000e-06	5.409591e-06	2.088975e-09	3.840415e+01	1.405173e+02
3.770000e-06	5.407079e-06	2.081605e-09	3.838632e+01	1.404480e+02
3.780000e-06	5.404206e-06	2.143067e-09	3.836592e+01	1.403846e+02
3.790000e-06	5.400791e-06	2.202011e-09	3.834167e+01	1.403273e+02
3.800000e-06	5.396973e-06	2.162212e-09	3.831457e+01	1.402762e+02
3.810000e-06	5.393012e-06	2.078229e-09	3.828645e+01	1.402314e+02
3.820000e-06	5.388882e-06	2.072258e-09	3.825713e+01	1.401927e+02
3.830000e-06	5.384404e-06	2.107548e-09	3.822534e+01	1.401600e+02
3.840000e-06	5.379378e-06	2.063662e-09	3.818966e+01	1.401333e+02
3.850000e-06	5.373723e-06	1.989849e-09	3.814951e+01	1.401123e+02
3.860000e-06	5.367652e-06	2.051137e-09	3.810641e+01	1.400966e+02
3.870000e-06	5.361389e-06	2.166759e-09	3.806195e+01	1.400860e+02
3.880000e-06	5.354585e-06	2.147456e-09	3.801364e+01	1.400800e+02
3.890000e-06	5.347095e-06	2.056246e-09	3.796047e+01	1.400780e+02
3.900000e-06	5.339285e-06	2.060251e-09	3.790502e+01	1.400797e+02
3.910000e-06	5.331236e-06	2.103594e-09	3.784789e+01	1.400843e+02
3.920000e-06	5.322783e-06	2.023754e-09	3.778787e+01	1.400912e+02
3.930000e-06	5.314043e-06	1.965470e-09	3.772583e+01	1.400998e+02
3.940000e-06	5.304995e-06	2.051996e-09	3.766159e+01	1.401093e+02
3.950000e-06	5.295436e-06	2.148141e-09	3.759373e+01	1.401190e+02
3.960000e-06	5.285463e-06	2.096089e-09	3.752293e+01	1.401281e+02
3.970000e-06	5.275161e-06	2.050585e-09	3.744979e+01	1.401358e+02
3.980000e-06	5.264549e-06	2.115213e-09	3.737446e+01	1.401412e+02
3.990000e-06	5.253552e-06	2.156269e-09	3.729638e+01	1.401437e+02
4.000000e-06	5.242152e-06	2.113029e-09	3.721545e+01	1.401423e+02
4.010000e-06	5.230445e-06	2.127809e-09	3.713234e+01	1.401362e+02
4.020000e-06	5.218326e-06	2.205487e-09	3.704631e+01	1.401247e+02
4.030000e-06	5.205653e-06	2.195029e-09	3.695634e+01	1.401070e+02
4.040000e-06	5.192570e-06	2.121483e-09	3.686346e+01	1.400823e+02
4.050000e-06	5.179033e-06	2.104031e-09	3.676736e+01	1.400500e+02
4.060000e-06	5.164846e-06	2.138213e-09	3.666663e+01	1.400093e+02
4.070000e-06	5.150096e-06	2.141759e-09	3.656193e+01	1.399596e+02
4.080000e-06	5.134987e-06	2.126328e-09	3.645466e+01	1.399004e+02
4.090000e-06	5.119514e-06	2.120901e-09	3.634482e+01	1.398312e+02
4.100000e-06	5.103647e-06	2.148802e-09	3.623217e+01	1.397514e+02
4.110000e-06	5.087548e-06	2.165656e-09	3.611788e+01	1.396607e+02
4.120000e-06	5.071168e-06	2.138880e-09	3.600159e+01	1.395588e+02
4.130000e-06	5.054354e-06	2.084128e-09	3.588223e+01	1.394453e+02
4.140000e-06	5.037245e-06	2.072925e-09	3.576076e+01	1.393202e+02
4.150000e-06	5.019902e-06	2.097936e-09	3.563764e+01	1.391833e+02
4.160000e-06	5.002166e-06	2.120135e-09	3.551173e+01	1.390346e+02
4.170000e-06	4.983979e-06	2.116656e-09	3.538262e+01	1.388741e+02
4.180000e-06	4.965431e-06	2.107459e-09	3.525094e+01	1.387019e+02
4.190000e-06	4.946530e-06	2.108402e-09	3.511675e+01	1.385181e+02
4.200000e-06	4.927281e-06	2.119273e-09	3.498010e+01	1.383231e+02
4.210000e-06	4.907763e-06	2.094286e-09	3.484154e+01	1.381171e+02
4.220000e-06	4.888020e-06	2.051634e-09	3.470137e+01	1.379004e+02
4.230000e-06	4.868025e-06	2.058525e-09	3.455942e+01	1.376736e+02
4.240000e-06	4.847736e-06	2.095584e-09	3.441539e+01	1.374371e+02
4.250000e-06	4.827179e-06	2.093364e-09	3.426944e+01	1.371914e+02
4.260000e-06	4.806183e-06	2.075451e-09	3.412039e+01	1.369371e+02
4.270000e-06	4.784563e-06	2.080996e-09	3.396691e+01	1.366747e+02
4.280000e-06	4.762437e-06	2.085111e-09	3.380983e+01	1.364050e+02
4.290000e-06	4.739874e-06	2.072838e-09	3.364965e+01	1.361285e+02
4.300000e-06	4.716853e-06	2.051911e-09	3.348621e+01	1.358460e+02
4.310000e-06	4.693513e-06	2.036672e-09	3.332052e+01	1.355581e+02
4.320000e-06	4.669908e-06	2.042699e-09	3.315294e+01	1.352655e+02
4.330000e-06	4.645962e-06	2.057328e-09	3.298294e+01	1.349689e+02
4.340000e-06	4.621708e-06	2.040645e-09	3.281075e+01	1.346690e+02
4.350000e-06	4.597145e-06	2.017377e-09	3.263637e+01	1.343664e+02
4.360000e-06	4.572196e-06	2.023599e-09	3.245926e+01	1.340617e+02
4.370000e-06	4.546985e-06	2.039919e-09	3.228028e+01	1.337557e+02
4.380000e-06	4.521529e-06	2.030112e-09	3.209956e+01	1.334487e+02
4.390000e-06	4.495742e-06	2.014630e-09	3.191649e+01	1.331415e+02
4.400000e-06	4.469670e-06	2.011452e-09	3.173140e+01	1.328344e+02
4.410000e-06	4.443300e-06	2.017975e-09	3.154419e+01	1.325279e+02
4.420000e-06	4.416619e-06	2.011620e-09	3.135477e+01	1.322224e+02
4.430000e-06	4.389654e-06	1.991007e-09	3.116334e+01	1.319184e+02
4.440000e-06	4.362450e-06	1.979426e-09	3.097021e+01	1.316159e+02
4.450000e-06	4.334985e-06	1.991823e-09	3.077523e+01	1.313154e+02
4.460000e-06	4.307295e-06	1.999526e-09	3.057865e+01	1.310169e+02
4.470000e-06	4.279382e-06	1.991178e-09	3.038049e+01	1.307206e+02
4.480000e-06	4.251254e-06	1.983839e-09	3.018080e+01	1.304265e+02
4.490000e-06	4.222866e-06	1.990285e-09	2.997927e+01	1.301346e+02
4.500000e-06	4.194094e-06	1.992133e-09	2.977501e+01	1.298449e+02
4.510000e-06	4.164940e-06	1.980435e-09	2.956803e+01	1.295573e+02
4.520000e-06	4.135347e-06	1.966026e-09	2.935795e+01	1.292716e+02
4.530000e-06	4.105271e-06	1.964544e-09	2.914443e+01	1.289877e+02
4.540000e-06	4.074723e-06	1.972611e-09	2.892756e+01	1.287051e+02
4.550000e-06	4.043845e-06	1.970112e-09	2.870835e+01	1.284237e+02
4.560000e-06	4.012651e-06	1.957664e-09	2.848689e+01	1.281432e+02
4.570000e-06	3.981131e-06	1.952872e-09	2.826313e+01	1.278631e+02
4.580000e-06	3.949333e-06	1.958215e-09	2.803738e+01	1.275831e+02
4.590000e-06	3.917273e-06	1.954435e-09	2.780978e+01	1.273028e+02
4.600000e-06	3.885046e-06	1.938807e-09	2.758099e+01	1.270217e+02
4.610000e-06	3.852619e-06	1.927009e-09	2.735078e+01	1.267395e+02
4.620000e-06	3.819965e-06	1.927696e-09	2.711896e+01	1.264556e+02
4.630000e-06	3.787066e-06	1.928656e-09	2.688541e+01	1.261696e+02
4.640000e-06	3.753884e-06	1.916805e-09	2.664984e+01	1.258812e+02
4.650000e-06	3.720419e-06	1.901718e-09	2.641226e+01	1.255898e+02
4.660000e-06	3.686709e-06	1.897777e-09	2.617294e+01	1.252951e+02
4.670000e-06	3.652819e-06	1.900271e-09	2.593235e+01	1.249966e+02
4.680000e-06	3.618716e-06	1.897007e-09	2.569024e+01	1.246941e+02
4.690000e-06	3.584345e-06	1.889166e-09	2.544624e+01	1.243870e+02
4.700000e-06	3.549659e-06	1.889676e-09	2.519999e+01	1.240752e+02
4.710000e-06	3.514670e-06	1.890980e-09	2.495159e+01	1.237584e+02
4.720000e-06	3.479486e-06	1.884063e-09	2.470181e+01	1.234362e+02
4.730000e-06	3.444136e-06	1.868343e-09	2.445085e+01	1.231085e+02
4.740000e-06	3.408502e-06	1.859629e-09	2.419788e+01	1.227751e+02
4.750000e-06	3.372648e-06	1.861878e-09	2.394334e+01	1.224359e+02
4.760000e-06	3.336690e-06	1.864830e-09	2.368806e+01	1.220907e+02
4.770000e-06	3.300635e-06	1.860841e-09	2.343210e+01	1.217396e+02
4.780000e-06	3.264453e-06	1.854793e-09	2.317523e+01	1.213824e+02
4.790000e-06	3.228043e-06	1.848679e-09	2.291675e+01	1.210192e+02
4.800000e-06	3.191395e-06	1.840687e-09	2.265658e+01	1.206500e+02
4.810000e-06	3.154497e-06	1.826601e-09	2.239462e+01	1.202750e+02
4.820000e-06	3.117369e-06	1.814851e-09	2.213104e+01	1.198941e+02
4.830000e-06	3.079853e-06	1.812710e-09	2.186471e+01	1.195076e+02
4.840000e-06	3.041928e-06	1.816329e-09	2.159547e+01	1.191156e+02
4.850000e-06	3.003671e-06	1.817626e-09	2.132387e+01	1.187183e+02
4.860000e-06	2.964911e-06	1.810600e-09	2.104870e+01	1.183158e+02
4.870000e-06	2.925789e-06	1.799892e-09	2.077096e+01	1.179083e+02
4.880000e-06	2.886454e-06	1.791066e-09	2.049172e+01	1.174961e+02
4.890000e-06	2.846880e-06	1.780863e-09	2.021077e+01	1.170794e+02
4.900000e-06	2.807131e-06	1.769168e-09	1.992858e+01	1.166583e+02
4.910000e-06	2.767242e-06	1.764493e-09	1.964540e+01	1.162330e+02
4.920000e-06	2.727238e-06	1.769103e-09	1.936140e+01	1.158038e+02
4.930000e-06	2.687156e-06	1.773158e-09	1.907685e+01	1.153709e+02
4.940000e-06	2.647019e-06	1.769299e-09	1.879190e+01	1.149342e+02
4.950000e-06	2.606716e-06	1.761449e-09	1.850578e+01	1.144941e+02
4.960000e-06	2.566174e-06	1.751847e-09	1.821796e+01	1.140505e+02
4.970000e-06	2.525516e-06	1.743244e-09	1.792932e+01	1.136036e+02
4.980000e-06	2.484758e-06	1.734467e-09	1.763997e+01	1.131535e+02
4.990000e-06	2.443777e-06	1.726608e-09	1.734903e+01	1.127000e+02
5.000000e-06	2.402560e-06	1.722754e-09	1.705642e+01	1.122433e+02
5.010000e-06	2.361203e-06	1.719892e-09	1.676282e+01	1.117832e+02
5.020000e-06	2.319731e-06	1.710913e-09	1.646840e+01	1.113197e+02
5.030000e-06	2.278118e-06	1.701349e-09	1.617297e+01	1.108525e+02
5.040000e-06	2.236277e-06	1.693940e-09	1.587593e+01	1.103817e+02
5.050000e-06	2.194244e-06	1.687541e-09	1.557753e+01	1.099068e+02
5.060000e-06	2.152072e-06	1.680527e-09	1.527814e+01	1.094278e+02
5.070000e-06	2.109749e-06	1.672579e-09	1.497768e+01	1.089443e+02
5.080000e-06	2.067256e-06	1.664248e-09	1.467601e+01	1.084560e+02
5.090000e-06	2.024583e-06	1.657522e-09	1.437306e+01	1.079626e+02
5.100000e-06	1.981783e-06	1.649826e-09	1.406921e+01	1.074636e+02
5.110000e-06	1.938895e-06	1.641043e-09	1.376474e+01	1.069588e+02
5.120000e-06	1.895871e-06	1.634545e-09	1.345930e+01	1.064477e+02
5.130000e-06	1.852670e-06	1.631620e-09	1.315260e+01	1.059298e+02
5.140000e-06	1.809382e-06	1.629097e-09	1.284529e+01	1.054047e+02
5.150000e-06	1.765978e-06	1.622964e-09	1.253716e+01	1.048720e+02
5.160000e-06	1.722399e-06	1.614470e-09	1.222777e+01	1.043311e+02
5.170000e-06	1.678755e-06	1.606724e-09	1.191793e+01	1.037816e+02
5.180000e-06	1.635075e-06	1.597346e-09	1.160784e+01	1.032229e+02
5.190000e-06	1.591250e-06	1.584421e-09	1.129672e+01	1.026547e+02
5.200000e-06	1.547317e-06	1.573995e-09	1.098482e+01	1.020764e+02
5.210000e-06	1.503381e-06	1.567409e-09	1.067291e+01	1.014875e+02
5.220000e-06	1.459448e-06	1.562324e-09	1.036102e+01	1.008875e+02
5.230000e-06	1.415405e-06	1.554879e-09	1.004835e+01	1.002761e+02
5.240000e-06	1.371297e-06	1.546268e-09	9.735205e+00	9.965271e+01
5.250000e-06	1.327226e-06	1.538197e-09	9.422332e+00	9.901694e+01
5.260000e-06	1.283124e-06	1.529688e-09	9.109245e+00	9.836836e+01
5.270000e-06	1.238900e-06	1.516705e-09	8.795288e+00	9.770656e+01
5.280000e-06	1.194562e-06	1.500543e-09	8.480519e+00	9.703115e+01
5.290000e-06	1.150187e-06	1.488462e-09	8.165487e+00	9.634176e+01
5.300000e-06	1.105770e-06	1.479017e-09	7.850162e+00	9.563802e+01
5.310000e-06	1.061296e-06	1.467120e-09	7.534431e+00	9.491957e+01
5.320000e-06	1.016824e-06	1.454012e-09	7.218709e+00	9.418608e+01
5.330000e-06	9.722701e-07	1.443266e-09	6.902408e+00	9.343721e+01
5.340000e-06	9.276192e-07	1.437606e-09	6.585419e+00	9.267263e+01
5.350000e-06	8.829124e-07	1.428762e-09	6.268034e+00	9.189203e+01
5.360000e-06	8.380718e-07	1.411170e-09	5.949698e+00	9.109507e+01
5.370000e-06	7.931057e-07	1.394384e-09	5.630472e+00	9.028143e+01
5.380000e-06	7.481313e-07	1.381647e-09	5.311186e+00	8.945078e+01
5.390000e-06	7.031912e-07	1.369904e-09	4.992145e+00	8.860276e+01
5.400000e-06	6.581897e-07	1.356792e-09	4.672666e+00	8.773702e+01
5.410000e-06	6.131550e-07	1.343657e-09	4.352953e+00	8.685317e+01
5.420000e-06	5.681080e-07	1.330951e-09	4.033153e+00	8.595081e+01
5.430000e-06	5.229218e-07	1.316745e-09	3.712363e+00	8.502951e+01
5.440000e-06	4.776179e-07	1.300084e-09	3.390738e+00	8.408881e+01
5.450000e-06	4.322753e-07	1.282143e-09	3.068839e+00	8.312819e+01
5.460000e-06	3.868896e-07	1.266311e-09	2.746634e+00	8.214714e+01
5.470000e-06	3.415169e-07	1.255903e-09	2.424521e+00	8.114506e+01
5.480000e-06	2.961342e-07	1.245873e-09	2.102337e+00	8.012134e+01
5.490000e-06	2.507067e-07	1.231805e-09	1.779835e+00	7.907529e+01
5.500000e-06	2.053018e-07	1.215035e-09	1.457493e+00	7.800621e+01
5.510000e-06	1.598543e-07	1.193605e-09	1.134849e+00	7.691333e+01
5.520000e-06	1.143824e-07	1.169795e-09	8.120317e-01	7.579582e+01
5.530000e-06	6.897130e-08	1.148652e-09	4.896459e-01	7.465283e+01
5.540000e-06	2.362908e-08	1.132827e-09	1.677492e-01	7.348342e+01
5.550000e-06	-2.171523e-08	1.122548e-09	-1.541623e-01	7.228665e+01
5.560000e-06	-6.714361e-08	1.113884e-09	-4.766706e-01	7.106149e+01
5.570000e-06	-1.126591e-07	1.099581e-09	-7.997975e-01	6.980690e+01
5.580000e-06	-1.581306e-07	1.077746e-09	-1.122612e+00	6.852179e+01
5.590000e-06	-2.033993e-07	1.052278e-09	-1.443987e+00	6.720503e+01
5.600000e-06	-2.486863e-07	1.025092e-09	-1.765491e+00	6.585549e+01
5.610000e-06	-2.940783e-07	9.997865e-10	-2.087741e+00	6.447197e+01
5.620000e-06	-3.394228e-07	9.791060e-10	-2.409654e+00	6.305331e+01
5.630000e-06	-3.846913e-07	9.640916e-10	-2.731028e+00	6.159830e+01
5.640000e-06	-4.299138e-07	9.523775e-10	-3.052074e+00	6.010575e+01
5.650000e-06	-4.750933e-07	9.368864e-10	-3.372816e+00	5.857448e+01
5.660000e-06	-5.202423e-07	9.145201e-10	-3.693341e+00	5.700332e+01
5.670000e-06	-5.653693e-07	8.865201e-10	-4.013710e+00	5.539114e+01
5.680000e-06	-6.103974e-07	8.537404e-10	-4.333376e+00	5.373683e+01
5.690000e-06	-6.553385e-07	8.174307e-10	-4.652425e+00	5.203935e+01
5.700000e-06	-7.002426e-07	7.830517e-10	-4.971212e+00	5.029771e+01
5.710000e-06	-7.450861e-07	7.592488e-10	-5.289568e+00	4.851098e+01
5.720000e-06	-7.897695e-07	7.463168e-10	-5.606787e+00	4.667833e+01
5.730000e-06	-8.343826e-07	7.315207e-10	-5.923508e+00	4.479899e+01
5.740000e-06	-8.790391e-07	7.086250e-10	-6.240536e+00	4.287233e+01
5.750000e-06	-9.236985e-07	6.790586e-10	-6.557586e+00	4.089780e+01
5.760000e-06	-9.682314e-07	6.435215e-10	-6.873736e+00	3.887499e+01
5.770000e-06	-1.012611e-06	6.021747e-10	-7.188796e+00	3.680360e+01
5.780000e-06	-1.057003e-06	5.581184e-10	-7.503950e+00	3.468349e+01
5.790000e-06	-1.101373e-06	5.179966e-10	-7.818942e+00	3.251464e+01
5.800000e-06	-1.145696e-06	4.873743e-10	-8.133608e+00	3.029721e+01
5.810000e-06	-1.190012e-06	4.640362e-10	-8.448219e+00	2.803151e+01
5.820000e-06	-1.234225e-06	4.400677e-10	-8.762096e+00	2.571802e+01
5.830000e-06	-1.278358e-06	4.117792e-10	-9.075406e+00	2.335736e+01
5.840000e-06	-1.322464e-06	3.779444e-10	-9.388531e+00	2.095038e+01
5.850000e-06	-1.366536e-06	3.387502e-10	-9.701410e+00	1.849805e+01
5.860000e-06	-1.410579e-06	2.924341e-10	-1.001408e+01	1.600154e+01
5.870000e-06	-1.454574e-06	2.435322e-10	-1.032641e+01	1.346222e+01
5.880000e-06	-1.498510e-06	2.004779e-10	-1.063833e+01	1.088159e+01
5.890000e-06	-1.542402e-06	1.627211e-10	-1.094993e+01	8.261376e+00
5.900000e-06	-1.586213e-06	1.279981e-10	-1.126096e+01	5.603433e+00
5.910000e-06	-1.629838e-06	9.265131e-11	-1.157066e+01	2.909805e+00
5.920000e-06	-1.673396e-06	5.513398e-11	-1.187989e+01	1.826938e-01
5.930000e-06	-1.716943e-06	1.547852e-11	-1.218904e+01	-2.575545e+00
5.940000e-06	-1.760324e-06	-2.864602e-11	-1.249702e+01	-5.362408e+00
5.950000e-06	-1.803565e-06	-7.837104e-11	-1.280399e+01	-8.175252e+00
5.960000e-06	-1.846690e-06	-1.278503e-10	-1.311015e+01	-1.101131e+01
5.970000e-06	-1.889657e-06	-1.725547e-10	-1.341519e+01	-1.386768e+01
5.980000e-06	-1.932491e-06	-2.158031e-10	-1.371927e+01	-1.674138e+01
5.990000e-06	-1.975148e-06	-2.612786e-10	-1.402211e+01	-1.962931e+01
6.000000e-06	-2.017626e-06	-3.080056e-10	-1.432367e+01	-2.252829e+01
6.010000e-06	-2.059997e-06	-3.542717e-10	-1.462448e+01	-2.543510e+01
6.020000e-06	-2.102202e-06	-4.004273e-10	-1.492410e+01	-2.834642e+01
6.030000e-06	-2.144260e-06	-4.481516e-10	-1.522268e+01	-3.125892e+01
6.040000e-06	-2.186251e-06	-4.959537e-10	-1.552079e+01	-3.416924e+01
6.050000e-06	-2.228072e-06	-5.415316e-10	-1.581768e+01	-3.707401e+01
6.060000e-06	-2.269778e-06	-5.866819e-10	-1.611377e+01	-3.996984e+01
6.070000e-06	-2.311309e-06	-6.320147e-10	-1.640861e+01	-4.285340e+01
6.080000e-06	-2.352588e-06	-6.748373e-10	-1.670166e+01	-4.572135e+01
6.090000e-06	-2.393746e-06	-7.146737e-10	-1.699385e+01	-4.857044e+01
6.100000e-06	-2.434773e-06	-7.566668e-10	-1.728511e+01	-5.139743e+01
6.110000e-06	-2.475585e-06	-8.052905e-10	-1.757485e+01	-5.419921e+01
6.120000e-06	-2.516176e-06	-8.542771e-10	-1.786301e+01	-5.697271e+01
6.130000e-06	-2.556616e-06	-8.973541e-10	-1.815011e+01	-5.971498e+01
6.140000e-06	-2.596944e-06	-9.381378e-10	-1.843641e+01	-6.242320e+01
6.150000e-06	-2.637159e-06	-9.828229e-10	-1.872190e+01	-6.509463e+01
6.160000e-06	-2.677250e-06	-1.027562e-09	-1.900652e+01	-6.772670e+01
6.170000e-06	-2.717229e-06	-1.064653e-09	-1.929034e+01	-7.031696e+01
6.180000e-06	-2.757088e-06	-1.097680e-09	-1.957332e+01	-7.286311e+01
6.190000e-06	-2.796817e-06	-1.136175e-09	-1.985536e+01	-7.536302e+01
6.200000e-06	-2.836347e-06	-1.178753e-09	-2.013599e+01	-7.781471e+01
6.210000e-06	-2.875698e-06	-1.216762e-09	-2.041536e+01	-8.021637e+01
6.220000e-06	-2.914868e-06	-1.250639e-09	-2.069344e+01	-8.256636e+01
6.230000e-06	-2.953731e-06	-1.285135e-09	-2.096933e+01	-8.486321e+01
6.240000e-06	-2.992253e-06	-1.321630e-09	-2.124281e+01	-8.710564e+01
6.250000e-06	-3.030449e-06	-1.352936e-09	-2.151398e+01	-8.929254e+01
6.260000e-06	-3.068250e-06	-1.377847e-09	-2.178234e+01	-9.142296e+01
6.270000e-06	-3.105702e-06	-1.403940e-09	-2.204822e+01	-9.349614e+01
6.280000e-06	-3.142806e-06	-1.434676e-09	-2.231163e+01	-9.551150e+01
6.290000e-06	-3.179574e-06	-1.467166e-09	-2.257265e+01	-9.746861e+01
6.300000e-06	-3.216063e-06	-1.497602e-09	-2.283170e+01	-9.936721e+01
6.310000e-06	-3.252340e-06	-1.524028e-09	-2.308924e+01	-1.012072e+02
6.320000e-06	-3.288481e-06	-1.550734e-09	-2.334582e+01	-1.029887e+02
6.330000e-06	-3.324474e-06	-1.579600e-09	-2.360134e+01	-1.047118e+02
6.340000e-06	-3.360355e-06	-1.604603e-09	-2.385607e+01	-1.063770e+02
6.350000e-06	-3.396136e-06	-1.624026e-09	-2.411008e+01	-1.079846e+02
6.360000e-06	-3.431722e-06	-1.643521e-09	-2.436272e+01	-1.095353e+02
6.370000e-06	-3.467023e-06	-1.667830e-09	-2.461334e+01	-1.110299e+02
6.380000e-06	-3.502075e-06	-1.691253e-09	-2.486218e+01	-1.124692e+02
6.390000e-06	-3.536863e-06	-1.711098e-09	-2.510915e+01	-1.138540e+02
6.400000e-06	-3.571339e-06	-1.731098e-09	-2.535390e+01	-1.151854e+02
6.410000e-06	-3.605520e-06	-1.752977e-09	-2.559656e+01	-1.164646e+02
6.420000e-06	-3.639447e-06	-1.774001e-09	-2.583742e+01	-1.176927e+02
6.430000e-06	-3.673139e-06	-1.791521e-09	-2.607661e+01	-1.188710e+02
6.440000e-06	-3.706594e-06	-1.807343e-09	-2.631412e+01	-1.200007e+02
6.450000e-06	-3.739797e-06	-1.822570e-09	-2.654983e+01	-1.210832e+02
6.460000e-06	-3.772829e-06	-1.837324e-09	-2.678433e+01	-1.221199e+02
6.470000e-06	-3.805652e-06	-1.850656e-09	-2.701735e+01	-1.231122e+02
6.480000e-06	-3.838153e-06	-1.864879e-09	-2.724809e+01	-1.240615e+02
6.490000e-06	-3.870381e-06	-1.880034e-09	-2.747688e+01	-1.249693e+02
6.500000e-06	-3.902436e-06	-1.894022e-09	-2.770445e+01	-1.258371e+02
6.510000e-06	-3.934396e-06	-1.906326e-09	-2.793134e+01	-1.266662e+02
6.520000e-06	-3.966264e-06	-1.919686e-09	-2.815758e+01	-1.274583e+02
6.530000e-06	-3.997837e-06	-1.934985e-09	-2.838173e+01	-1.282146e+02
6.540000e-06	-4.028993e-06	-1.946609e-09	-2.860291e+01	-1.289367e+02
6.550000e-06	-4.059780e-06	-1.953227e-09	-2.882147e+01	-1.296259e+02
6.560000e-06	-4.090040e-06	-1.961564e-09	-2.903630e+01	-1.302837e+02
6.570000e-06	-4.119753e-06	-1.973496e-09	-2.924724e+01	-1.309113e+02
6.580000e-06	-4.149016e-06	-1.981966e-09	-2.945498e+01	-1.315102e+02
6.590000e-06	-4.177833e-06	-1.986629e-09	-2.965957e+01	-1.320816e+02
6.600000e-06	-4.206314e-06	-1.994028e-09	-2.986176e+01	-1.326267e+02
6.610000e-06	-4.234625e-06	-2.007013e-09	-3.006275e+01	-1.331469e+02
6.620000e-06	-4.262777e-06	-2.019943e-09	-3.026260e+01	-1.336432e+02
6.630000e-06	-4.290693e-06	-2.028134e-09	-3.046079e+01	-1.341168e+02
6.640000e-06	-4.318357e-06	-2.034478e-09	-3.065718e+01	-1.345688e+02
6.650000e-06	-4.345770e-06	-2.041406e-09	-3.085179e+01	-1.350002e+02
6.660000e-06	-4.372911e-06	-2.046044e-09	-3.104448e+01	-1.354121e+02
6.670000e-06	-4.399694e-06	-2.045563e-09	-3.123462e+01	-1.358055e+02
6.680000e-06	-4.426139e-06	-2.044486e-09	-3.142236e+01	-1.361812e+02
6.690000e-06	-4.452300e-06	-2.049315e-09	-3.160808e+01	-1.365402e+02
6.700000e-06	-4.478106e-06	-2.059724e-09	-3.179128e+01	-1.368833e+02
6.710000e-06	-4.503609e-06	-2.071357e-09	-3.197233e+01	-1.372113e+02
6.720000e-06	-4.528843e-06	-2.083010e-09	-3.215148e+01	-1.375251e+02
6.730000e-06	-4.553688e-06	-2.095287e-09	-3.232786e+01	-1.378252e+02
6.740000e-06	-4.578171e-06	-2.104342e-09	-3.250167e+01	-1.381124e+02
6.750000e-06	-4.602390e-06	-2.106348e-09	-3.267361e+01	-1.383874e+02
6.760000e-06	-4.626432e-06	-2.100727e-09	-3.284429e+01	-1.386508e+02
6.770000e-06	-4.650345e-06	-2.095709e-09	-3.301405e+01	-1.389031e+02
6.780000e-06	-4.674055e-06	-2.098203e-09	-3.318238e+01	-1.391449e+02
6.790000e-06	-4.697491e-06	-2.105566e-09	-3.334876e+01	-1.393767e+02
6.800000e-06	-4.720486e-06	-2.114670e-09	-3.351201e+01	-1.395991e+02
6.810000e-06	-4.742889e-06	-2.126145e-09	-3.367105e+01	-1.398123e+02
6.820000e-06	-4.764687e-06	-2.138576e-09	-3.382580e+01	-1.400170e+02
6.830000e-06	-4.785993e-06	-2.144831e-09	-3.397706e+01	-1.402133e+02
6.840000e-06	-4.806873e-06	-2.140195e-09	-3.412529e+01	-1.404017e+02
6.850000e-06	-4.827447e-06	-2.130872e-09	-3.427135e+01	-1.405825e+02
6.860000e-06	-4.847825e-06	-2.126831e-09	-3.441602e+01	-1.407560e+02
6.870000e-06	-4.867860e-06	-2.127768e-09	-3.455825e+01	-1.409224e+02
6.880000e-06	-4.887539e-06	-2.130422e-09	-3.469796e+01	-1.410820e+02
6.890000e-06	-4.906958e-06	-2.138327e-09	-3.483582e+01	-1.412348e+02
6.900000e-06	-4.926122e-06	-2.153632e-09	-3.497187e+01	-1.413813e+02
6.910000e-06	-4.944949e-06	-2.168147e-09	-3.510553e+01	-1.415213e+02
6.920000e-06	-4.963436e-06	-2.170497e-09	-3.523678e+01	-1.416551e+02
6.930000e-06	-4.981620e-06	-2.161130e-09	-3.536586e+01	-1.417828e+02
6.940000e-06	-4.999491e-06	-2.151784e-09	-3.549274e+01	-1.419043e+02
6.950000e-06	-5.017077e-06	-2.147059e-09	-3.561759e+01	-1.420198e+02
6.960000e-06	-5.034247e-06	-2.144110e-09	-3.573948e+01	-1.421292e+02
6.970000e-06	-5.050996e-06	-2.144335e-09	-3.585839e+01	-1.422325e+02
6.980000e-06	-5.067544e-06	-2.151227e-09	-3.597586e+01	-1.423298e+02
6.990000e-06	-5.083876e-06	-2.161671e-09	-3.609181e+01	-1.424208e+02
7.000000e-06	-5.099905e-06	-2.167287e-09	-3.620561e+01	-1.425057e+02
7.010000e-06	-5.115647e-06	-2.164256e-09	-3.631736e+01	-1.425843e+02
7.020000e-06	-5.131036e-06	-2.158632e-09	-3.642661e+01	-1.426565e+02
7.030000e-06	-5.145959e-06	-2.155429e-09	-3.653256e+01	-1.427222e+02
7.040000e-06	-5.160151e-06	-2.151526e-09	-3.663330e+01	-1.427813e+02
7.050000e-06	-5.173690e-06	-2.147017e-09	-3.672942e+01	-1.428337e+02
7.060000e-06	-5.186844e-06	-2.147979e-09	-3.682281e+01	-1.428793e+02
7.070000e-06	-5.199566e-06	-2.154561e-09	-3.691313e+01	-1.429180e+02
7.080000e-06	-5.211880e-06	-2.159101e-09	-3.700054e+01	-1.429497e+02
7.090000e-06	-5.223831e-06	-2.158612e-09	-3.708539e+01	-1.429742e+02
7.100000e-06	-5.235397e-06	-2.156340e-09	-3.716750e+01	-1.429916e+02
7.110000e-06	-5.246561e-06	-2.154251e-09	-3.724675e+01	-1.430017e+02
7.120000e-06	-5.257323e-06	-2.151235e-09	-3.732315e+01	-1.430045e+02
7.130000e-06	-5.267724e-06	-2.145884e-09	-3.739700e+01	-1.430000e+02
7.140000e-06	-5.277764e-06	-2.143409e-09	-3.746827e+01	-1.429882e+02
7.150000e-06	-5.287425e-06	-2.145778e-09	-3.753686e+01	-1.429690e+02
7.160000e-06	-5.296694e-06	-2.146908e-09	-3.760267e+01	-1.429425e+02
7.170000e-06	-5.305586e-06	-2.142771e-09	-3.766579e+01	-1.429089e+02
7.180000e-06	-5.314214e-06	-2.137814e-09	-3.772704e+01	-1.428682e+02
7.190000e-06	-5.322586e-06	-2.137995e-09	-3.778648e+01	-1.428205e+02
7.200000e-06	-5.330683e-06	-2.141286e-09	-3.784396e+01	-1.427661e+02
7.210000e-06	-5.338515e-06	-2.142522e-09	-3.789956e+01	-1.427052e+02
7.220000e-06	-5.346017e-06	-2.141271e-09	-3.795282e+01	-1.426380e+02
7.230000e-06	-5.353078e-06	-2.140598e-09	-3.800295e+01	-1.425648e+02
7.240000e-06	-5.359639e-06	-2.138569e-09	-3.804952e+01	-1.424860e+02
7.250000e-06	-5.365655e-06	-2.133746e-09	-3.809224e+01	-1.424018e+02
7.260000e-06	-5.371003e-06	-2.128902e-09	-3.813020e+01	-1.423128e+02
7.270000e-06	-5.375849e-06	-2.127643e-09	-3.816461e+01	-1.422193e+02
7.280000e-06	-5.380377e-06	-2.129828e-09	-3.819675e+01	-1.421219e+02
7.290000e-06	-5.384613e-06	-2.131056e-09	-3.822682e+01	-1.420209e+02
7.300000e-06	-5.388574e-06	-2.127915e-09	-3.825494e+01	-1.419169e+02
7.310000e-06	-5.392149e-06	-2.124444e-09	-3.828032e+01	-1.418105e+02
7.320000e-06	-5.395396e-06	-2.124144e-09	-3.830338e+01	-1.417022e+02
7.330000e-06	-5.398270e-06	-2.123886e-09	-3.832378e+01	-1.415926e+02
7.340000e-06	-5.400748e-06	-2.121650e-09	-3.834137e+01	-1.414823e+02
7.350000e-06	-5.402960e-06	-2.119820e-09	-3.835707e+01	-1.413719e+02
7.360000e-06	-5.404908e-06	-2.118879e-09	-3.837090e+01	-1.412620e+02
7.370000e-06	-5.406424e-06	-2.116153e-09	-3.838167e+01	-1.411531e+02
7.380000e-06	-5.407435e-06	-2.111504e-09	-3.838884e+01	-1.410458e+02
7.390000e-06	-5.408165e-06	-2.106791e-09	-3.839403e+01	-1.409408e+02
7.400000e-06	-5.408667e-06	-2.106120e-09	-3.839759e+01	-1.408385e+02
