# Temperatura_=_-1.3
# Concentracion g/m^3_=_4090.0
# C_Vs_to_Am_M_A/Vsm_=_65563218390.804596
# pendiente_HvsI_1/m_=_3716.3
# ordenada_HvsI_A/m_=_1297.0
# frecuencia_Hz_=_135071.6414265803

Tiempo_(s)	Campo_(V.s)	Magnetizacion_(V.s)	Campo_(kA/m)	Magnetizacion_(A/m)
0.000000e+00	-5.420197e-06	-2.165081e-09	-3.838350e+01	-1.422287e+02
1.000000e-08	-5.420486e-06	-2.160032e-09	-3.838555e+01	-1.420973e+02
2.000000e-08	-5.420452e-06	-2.153934e-09	-3.838531e+01	-1.419727e+02
3.000000e-08	-5.420157e-06	-2.147034e-09	-3.838322e+01	-1.418558e+02
4.000000e-08	-5.419534e-06	-2.139663e-09	-3.837880e+01	-1.417470e+02
5.000000e-08	-5.418490e-06	-2.136321e-09	-3.837141e+01	-1.416472e+02
6.000000e-08	-5.416883e-06	-2.143042e-09	-3.836003e+01	-1.415569e+02
7.000000e-08	-5.414634e-06	-2.169500e-09	-3.834410e+01	-1.414764e+02
8.000000e-08	-5.411832e-06	-2.195034e-09	-3.832426e+01	-1.414061e+02
9.000000e-08	-5.408468e-06	-2.138027e-09	-3.830044e+01	-1.413465e+02
1.000000e-07	-5.404553e-06	-2.031746e-09	-3.827271e+01	-1.412975e+02
1.100000e-07	-5.400327e-06	-2.073118e-09	-3.824279e+01	-1.412594e+02
1.200000e-07	-5.395941e-06	-2.242108e-09	-3.821173e+01	-1.412320e+02
1.300000e-07	-5.391235e-06	-2.220621e-09	-3.817840e+01	-1.412154e+02
1.400000e-07	-5.386139e-06	-2.029309e-09	-3.814231e+01	-1.412092e+02
1.500000e-07	-5.380760e-06	-2.057578e-09	-3.810422e+01	-1.412131e+02
1.600000e-07	-5.375065e-06	-2.289660e-09	-3.806389e+01	-1.412266e+02
1.700000e-07	-5.368977e-06	-2.264852e-09	-3.802078e+01	-1.412494e+02
1.800000e-07	-5.362493e-06	-1.985327e-09	-3.797487e+01	-1.412807e+02
1.900000e-07	-5.355619e-06	-1.970127e-09	-3.792619e+01	-1.413197e+02
2.000000e-07	-5.348479e-06	-2.216514e-09	-3.787562e+01	-1.413658e+02
2.100000e-07	-5.341056e-06	-2.230327e-09	-3.782306e+01	-1.414180e+02
2.200000e-07	-5.333270e-06	-2.072737e-09	-3.776792e+01	-1.414753e+02
2.300000e-07	-5.325280e-06	-2.144206e-09	-3.771134e+01	-1.415368e+02
2.400000e-07	-5.317005e-06	-2.306831e-09	-3.765274e+01	-1.416012e+02
2.500000e-07	-5.308138e-06	-2.218170e-09	-3.758994e+01	-1.416676e+02
2.600000e-07	-5.298605e-06	-2.126517e-09	-3.752244e+01	-1.417346e+02
2.700000e-07	-5.288486e-06	-2.257564e-09	-3.745078e+01	-1.418012e+02
2.800000e-07	-5.277890e-06	-2.304045e-09	-3.737575e+01	-1.418660e+02
2.900000e-07	-5.266817e-06	-2.145821e-09	-3.729733e+01	-1.419279e+02
3.000000e-07	-5.255265e-06	-2.162525e-09	-3.721552e+01	-1.419856e+02
3.100000e-07	-5.243254e-06	-2.318436e-09	-3.713046e+01	-1.420379e+02
3.200000e-07	-5.230804e-06	-2.243868e-09	-3.704230e+01	-1.420836e+02
3.300000e-07	-5.217983e-06	-2.102395e-09	-3.695150e+01	-1.421215e+02
3.400000e-07	-5.204780e-06	-2.192162e-09	-3.685801e+01	-1.421505e+02
3.500000e-07	-5.191194e-06	-2.290408e-09	-3.676180e+01	-1.421696e+02
3.600000e-07	-5.177288e-06	-2.206092e-09	-3.666332e+01	-1.421778e+02
3.700000e-07	-5.162972e-06	-2.180642e-09	-3.656194e+01	-1.421741e+02
3.800000e-07	-5.148084e-06	-2.231572e-09	-3.645651e+01	-1.421577e+02
3.900000e-07	-5.132647e-06	-2.198982e-09	-3.634719e+01	-1.421277e+02
4.000000e-07	-5.116841e-06	-2.172631e-09	-3.623526e+01	-1.420837e+02
4.100000e-07	-5.100697e-06	-2.213313e-09	-3.612094e+01	-1.420249e+02
4.200000e-07	-5.084098e-06	-2.175514e-09	-3.600339e+01	-1.419509e+02
4.300000e-07	-5.067055e-06	-2.132829e-09	-3.588270e+01	-1.418613e+02
4.400000e-07	-5.049663e-06	-2.211423e-09	-3.575954e+01	-1.417560e+02
4.500000e-07	-5.032017e-06	-2.247016e-09	-3.563458e+01	-1.416347e+02
4.600000e-07	-5.014025e-06	-2.151757e-09	-3.550716e+01	-1.414974e+02
4.700000e-07	-4.995659e-06	-2.125195e-09	-3.537710e+01	-1.413441e+02
4.800000e-07	-4.976985e-06	-2.180463e-09	-3.524486e+01	-1.411752e+02
4.900000e-07	-4.957861e-06	-2.174485e-09	-3.510943e+01	-1.409908e+02
5.000000e-07	-4.938371e-06	-2.123269e-09	-3.497141e+01	-1.407914e+02
5.100000e-07	-4.918674e-06	-2.115562e-09	-3.483193e+01	-1.405775e+02
5.200000e-07	-4.898781e-06	-2.135076e-09	-3.469105e+01	-1.403495e+02
5.300000e-07	-4.878659e-06	-2.164599e-09	-3.454856e+01	-1.401082e+02
5.400000e-07	-4.858199e-06	-2.160952e-09	-3.440367e+01	-1.398544e+02
5.500000e-07	-4.837361e-06	-2.113935e-09	-3.425610e+01	-1.395887e+02
5.600000e-07	-4.816177e-06	-2.100435e-09	-3.410609e+01	-1.393121e+02
5.700000e-07	-4.794683e-06	-2.140726e-09	-3.395388e+01	-1.390255e+02
5.800000e-07	-4.772888e-06	-2.137496e-09	-3.379954e+01	-1.387299e+02
5.900000e-07	-4.750806e-06	-2.090637e-09	-3.364316e+01	-1.384262e+02
6.000000e-07	-4.728283e-06	-2.082476e-09	-3.348366e+01	-1.381154e+02
6.100000e-07	-4.705358e-06	-2.112392e-09	-3.332132e+01	-1.377986e+02
6.200000e-07	-4.682280e-06	-2.125873e-09	-3.315789e+01	-1.374768e+02
6.300000e-07	-4.658998e-06	-2.104747e-09	-3.299302e+01	-1.371509e+02
6.400000e-07	-4.635417e-06	-2.076840e-09	-3.282602e+01	-1.368220e+02
6.500000e-07	-4.611537e-06	-2.084064e-09	-3.265692e+01	-1.364910e+02
6.600000e-07	-4.587371e-06	-2.114148e-09	-3.248578e+01	-1.361588e+02
6.700000e-07	-4.562902e-06	-2.101129e-09	-3.231250e+01	-1.358263e+02
6.800000e-07	-4.538129e-06	-2.059622e-09	-3.213707e+01	-1.354943e+02
6.900000e-07	-4.512872e-06	-2.055656e-09	-3.195822e+01	-1.351636e+02
7.000000e-07	-4.487111e-06	-2.080451e-09	-3.177578e+01	-1.348348e+02
7.100000e-07	-4.460978e-06	-2.077728e-09	-3.159072e+01	-1.345086e+02
7.200000e-07	-4.434341e-06	-2.054355e-09	-3.140209e+01	-1.341855e+02
7.300000e-07	-4.407299e-06	-2.047752e-09	-3.121059e+01	-1.338658e+02
7.400000e-07	-4.379992e-06	-2.068066e-09	-3.101722e+01	-1.335501e+02
7.500000e-07	-4.352337e-06	-2.072804e-09	-3.082137e+01	-1.332385e+02
7.600000e-07	-4.324447e-06	-2.047356e-09	-3.062387e+01	-1.329313e+02
7.700000e-07	-4.296331e-06	-2.026016e-09	-3.042477e+01	-1.326285e+02
7.800000e-07	-4.267955e-06	-2.038320e-09	-3.022382e+01	-1.323301e+02
7.900000e-07	-4.239356e-06	-2.047988e-09	-3.002129e+01	-1.320361e+02
8.000000e-07	-4.210505e-06	-2.032211e-09	-2.981698e+01	-1.317463e+02
8.100000e-07	-4.181365e-06	-2.015272e-09	-2.961063e+01	-1.314604e+02
8.200000e-07	-4.151876e-06	-2.020905e-09	-2.940180e+01	-1.311781e+02
8.300000e-07	-4.122074e-06	-2.030099e-09	-2.919075e+01	-1.308991e+02
8.400000e-07	-4.091975e-06	-2.018934e-09	-2.897760e+01	-1.306228e+02
8.500000e-07	-4.061531e-06	-1.997444e-09	-2.876201e+01	-1.303489e+02
8.600000e-07	-4.030819e-06	-1.993158e-09	-2.854452e+01	-1.300766e+02
8.700000e-07	-3.999981e-06	-2.003592e-09	-2.832614e+01	-1.298055e+02
8.800000e-07	-3.968970e-06	-2.002655e-09	-2.810654e+01	-1.295348e+02
8.900000e-07	-3.937696e-06	-1.982242e-09	-2.788507e+01	-1.292640e+02
9.000000e-07	-3.906186e-06	-1.968154e-09	-2.766193e+01	-1.289923e+02
9.100000e-07	-3.874423e-06	-1.971902e-09	-2.743700e+01	-1.287191e+02
9.200000e-07	-3.842398e-06	-1.974411e-09	-2.721021e+01	-1.284436e+02
9.300000e-07	-3.810122e-06	-1.964110e-09	-2.698164e+01	-1.281651e+02
9.400000e-07	-3.777569e-06	-1.956780e-09	-2.675112e+01	-1.278831e+02
9.500000e-07	-3.744733e-06	-1.965019e-09	-2.651858e+01	-1.275969e+02
9.600000e-07	-3.711645e-06	-1.969228e-09	-2.628427e+01	-1.273058e+02
9.700000e-07	-3.678212e-06	-1.954909e-09	-2.604751e+01	-1.270092e+02
9.800000e-07	-3.644292e-06	-1.932799e-09	-2.580730e+01	-1.267067e+02
9.900000e-07	-3.609948e-06	-1.925833e-09	-2.556410e+01	-1.263977e+02
1.000000e-06	-3.575255e-06	-1.928798e-09	-2.531841e+01	-1.260819e+02
1.010000e-06	-3.540222e-06	-1.925425e-09	-2.507033e+01	-1.257587e+02
1.020000e-06	-3.504857e-06	-1.916336e-09	-2.481989e+01	-1.254280e+02
1.030000e-06	-3.469246e-06	-1.915168e-09	-2.456770e+01	-1.250894e+02
1.040000e-06	-3.433506e-06	-1.917438e-09	-2.431461e+01	-1.247428e+02
1.050000e-06	-3.397642e-06	-1.909130e-09	-2.406064e+01	-1.243880e+02
1.060000e-06	-3.361593e-06	-1.888793e-09	-2.380536e+01	-1.240250e+02
1.070000e-06	-3.325307e-06	-1.874341e-09	-2.354839e+01	-1.236537e+02
1.080000e-06	-3.288765e-06	-1.870715e-09	-2.328962e+01	-1.232743e+02
1.090000e-06	-3.252098e-06	-1.868611e-09	-2.302996e+01	-1.228869e+02
1.100000e-06	-3.215333e-06	-1.860309e-09	-2.276960e+01	-1.224916e+02
1.110000e-06	-3.178290e-06	-1.852536e-09	-2.250728e+01	-1.220887e+02
1.120000e-06	-3.140959e-06	-1.849912e-09	-2.224292e+01	-1.216784e+02
1.130000e-06	-3.103363e-06	-1.845723e-09	-2.197668e+01	-1.212611e+02
1.140000e-06	-3.065566e-06	-1.833130e-09	-2.170902e+01	-1.208372e+02
1.150000e-06	-3.027582e-06	-1.819663e-09	-2.144003e+01	-1.204070e+02
1.160000e-06	-2.989367e-06	-1.814803e-09	-2.116941e+01	-1.199710e+02
1.170000e-06	-2.950983e-06	-1.815544e-09	-2.089759e+01	-1.195295e+02
1.180000e-06	-2.912350e-06	-1.810464e-09	-2.062401e+01	-1.190831e+02
1.190000e-06	-2.873482e-06	-1.799298e-09	-2.034876e+01	-1.186322e+02
1.200000e-06	-2.834442e-06	-1.790784e-09	-2.007229e+01	-1.181772e+02
1.210000e-06	-2.795196e-06	-1.788767e-09	-1.979437e+01	-1.177186e+02
1.220000e-06	-2.755793e-06	-1.786003e-09	-1.951534e+01	-1.172568e+02
1.230000e-06	-2.716274e-06	-1.776974e-09	-1.923548e+01	-1.167922e+02
1.240000e-06	-2.676516e-06	-1.767988e-09	-1.895393e+01	-1.163252e+02
1.250000e-06	-2.636600e-06	-1.761685e-09	-1.867127e+01	-1.158561e+02
1.260000e-06	-2.596662e-06	-1.756853e-09	-1.838844e+01	-1.153852e+02
1.270000e-06	-2.556576e-06	-1.749543e-09	-1.810457e+01	-1.149127e+02
1.280000e-06	-2.516288e-06	-1.739207e-09	-1.781927e+01	-1.144389e+02
1.290000e-06	-2.475935e-06	-1.728910e-09	-1.753350e+01	-1.139640e+02
1.300000e-06	-2.435505e-06	-1.720840e-09	-1.724720e+01	-1.134879e+02
1.310000e-06	-2.394841e-06	-1.711543e-09	-1.695923e+01	-1.130108e+02
1.320000e-06	-2.353973e-06	-1.700535e-09	-1.666983e+01	-1.125327e+02
1.330000e-06	-2.312900e-06	-1.691800e-09	-1.637896e+01	-1.120533e+02
1.340000e-06	-2.271407e-06	-1.687306e-09	-1.608513e+01	-1.115727e+02
1.350000e-06	-2.229510e-06	-1.684160e-09	-1.578843e+01	-1.110907e+02
1.360000e-06	-2.187370e-06	-1.680975e-09	-1.549001e+01	-1.106068e+02
1.370000e-06	-2.145029e-06	-1.674438e-09	-1.519017e+01	-1.101210e+02
1.380000e-06	-2.102420e-06	-1.664633e-09	-1.488843e+01	-1.096327e+02
1.390000e-06	-2.059566e-06	-1.653652e-09	-1.458496e+01	-1.091415e+02
1.400000e-06	-2.016512e-06	-1.642761e-09	-1.428007e+01	-1.086471e+02
1.410000e-06	-1.973264e-06	-1.632972e-09	-1.397381e+01	-1.081489e+02
1.420000e-06	-1.929949e-06	-1.626416e-09	-1.366707e+01	-1.076464e+02
1.430000e-06	-1.886552e-06	-1.621429e-09	-1.335974e+01	-1.071390e+02
1.440000e-06	-1.842997e-06	-1.617043e-09	-1.305131e+01	-1.066261e+02
1.450000e-06	-1.799313e-06	-1.610938e-09	-1.274196e+01	-1.061070e+02
1.460000e-06	-1.755557e-06	-1.601446e-09	-1.243210e+01	-1.055812e+02
1.470000e-06	-1.711685e-06	-1.589799e-09	-1.212141e+01	-1.050480e+02
1.480000e-06	-1.667755e-06	-1.577508e-09	-1.181032e+01	-1.045067e+02
1.490000e-06	-1.623813e-06	-1.565230e-09	-1.149914e+01	-1.039567e+02
1.500000e-06	-1.579804e-06	-1.555502e-09	-1.118749e+01	-1.033973e+02
1.510000e-06	-1.535658e-06	-1.550134e-09	-1.087487e+01	-1.028279e+02
1.520000e-06	-1.491348e-06	-1.546212e-09	-1.056108e+01	-1.022479e+02
1.530000e-06	-1.446992e-06	-1.539428e-09	-1.024697e+01	-1.016566e+02
1.540000e-06	-1.402597e-06	-1.528220e-09	-9.932589e+00	-1.010535e+02
1.550000e-06	-1.358130e-06	-1.513904e-09	-9.617689e+00	-1.004379e+02
1.560000e-06	-1.313556e-06	-1.499320e-09	-9.302034e+00	-9.980941e+01
1.570000e-06	-1.268904e-06	-1.486266e-09	-8.985830e+00	-9.916743e+01
1.580000e-06	-1.224191e-06	-1.475853e-09	-8.669196e+00	-9.851149e+01
1.590000e-06	-1.179324e-06	-1.467845e-09	-8.351465e+00	-9.784113e+01
1.600000e-06	-1.134323e-06	-1.460731e-09	-8.032787e+00	-9.715593e+01
1.610000e-06	-1.089277e-06	-1.451567e-09	-7.713792e+00	-9.645549e+01
1.620000e-06	-1.044135e-06	-1.436722e-09	-7.394111e+00	-9.573942e+01
1.630000e-06	-9.989442e-07	-1.418921e-09	-7.074092e+00	-9.500737e+01
1.640000e-06	-9.537768e-07	-1.402299e-09	-6.754236e+00	-9.425902e+01
1.650000e-06	-9.085306e-07	-1.389160e-09	-6.433822e+00	-9.349405e+01
1.660000e-06	-8.632276e-07	-1.376744e-09	-6.113006e+00	-9.271215e+01
1.670000e-06	-8.178488e-07	-1.364975e-09	-5.791653e+00	-9.191303e+01
1.680000e-06	-7.723542e-07	-1.358346e-09	-5.469479e+00	-9.109641e+01
1.690000e-06	-7.268783e-07	-1.352856e-09	-5.147439e+00	-9.026199e+01
1.700000e-06	-6.813301e-07	-1.339285e-09	-4.824886e+00	-8.940947e+01
1.710000e-06	-6.356235e-07	-1.318418e-09	-4.501211e+00	-8.853854e+01
1.720000e-06	-5.898697e-07	-1.298366e-09	-4.177203e+00	-8.764888e+01
1.730000e-06	-5.440993e-07	-1.284400e-09	-3.853076e+00	-8.674013e+01
1.740000e-06	-4.983337e-07	-1.273260e-09	-3.528984e+00	-8.581190e+01
1.750000e-06	-4.525272e-07	-1.259593e-09	-3.204602e+00	-8.486379e+01
1.760000e-06	-4.066530e-07	-1.245719e-09	-2.879742e+00	-8.389533e+01
1.770000e-06	-3.607773e-07	-1.233611e-09	-2.554869e+00	-8.290601e+01
1.780000e-06	-3.148938e-07	-1.218033e-09	-2.229942e+00	-8.189529e+01
1.790000e-06	-2.690206e-07	-1.198051e-09	-1.905088e+00	-8.086256e+01
1.800000e-06	-2.231683e-07	-1.177596e-09	-1.580382e+00	-7.980716e+01
1.810000e-06	-1.772699e-07	-1.159440e-09	-1.255349e+00	-7.872837e+01
1.820000e-06	-1.313347e-07	-1.142477e-09	-9.300560e-01	-7.762540e+01
1.830000e-06	-8.535651e-08	-1.125936e-09	-6.044580e-01	-7.649741e+01
1.840000e-06	-3.938006e-08	-1.107882e-09	-2.788726e-01	-7.534351e+01
1.850000e-06	6.539684e-09	-1.087939e-09	4.631122e-02	-7.416272e+01
1.860000e-06	5.250246e-08	-1.069959e-09	3.717998e-01	-7.295402e+01
1.870000e-06	9.852337e-08	-1.053758e-09	6.977000e-01	-7.171633e+01
1.880000e-06	1.445136e-07	-1.037054e-09	1.023383e+00	-7.044853e+01
1.890000e-06	1.904757e-07	-1.018642e-09	1.348866e+00	-6.914942e+01
1.900000e-06	2.364871e-07	-9.978477e-10	1.674700e+00	-6.781780e+01
1.910000e-06	2.825296e-07	-9.743268e-10	2.000753e+00	-6.645240e+01
1.920000e-06	3.285033e-07	-9.480562e-10	2.326319e+00	-6.505195e+01
1.930000e-06	3.744779e-07	-9.218858e-10	2.651891e+00	-6.361512e+01
1.940000e-06	4.203827e-07	-8.984697e-10	2.976969e+00	-6.214063e+01
1.950000e-06	4.661902e-07	-8.769072e-10	3.301358e+00	-6.062714e+01
1.960000e-06	5.119515e-07	-8.553801e-10	3.625420e+00	-5.907335e+01
1.970000e-06	5.576185e-07	-8.330928e-10	3.948814e+00	-5.747799e+01
1.980000e-06	6.032836e-07	-8.096245e-10	4.272194e+00	-5.583979e+01
1.990000e-06	6.489314e-07	-7.822872e-10	4.595453e+00	-5.415756e+01
2.000000e-06	6.945190e-07	-7.507965e-10	4.918284e+00	-5.243013e+01
2.010000e-06	7.400866e-07	-7.192566e-10	5.240974e+00	-5.065644e+01
2.020000e-06	7.856321e-07	-6.904007e-10	5.563508e+00	-4.883547e+01
2.030000e-06	8.311571e-07	-6.629964e-10	5.885896e+00	-4.696633e+01
2.040000e-06	8.766126e-07	-6.356304e-10	6.207793e+00	-4.504820e+01
2.050000e-06	9.219698e-07	-6.071781e-10	6.528993e+00	-4.308040e+01
2.060000e-06	9.672328e-07	-5.771507e-10	6.849526e+00	-4.106238e+01
2.070000e-06	1.012387e-06	-5.463470e-10	7.169289e+00	-3.899370e+01
2.080000e-06	1.057485e-06	-5.127746e-10	7.488650e+00	-3.687412e+01
2.090000e-06	1.102456e-06	-4.759937e-10	7.807121e+00	-3.470350e+01
2.100000e-06	1.147324e-06	-4.387694e-10	8.124851e+00	-3.248191e+01
2.110000e-06	1.192165e-06	-4.029146e-10	8.442402e+00	-3.020956e+01
2.120000e-06	1.236916e-06	-3.687428e-10	8.759304e+00	-2.788688e+01
2.130000e-06	1.281610e-06	-3.355833e-10	9.075812e+00	-2.551445e+01
2.140000e-06	1.326198e-06	-3.056521e-10	9.391561e+00	-2.309306e+01
2.150000e-06	1.370593e-06	-2.763893e-10	9.705949e+00	-2.062367e+01
2.160000e-06	1.414884e-06	-2.435645e-10	1.001960e+01	-1.810746e+01
2.170000e-06	1.459131e-06	-2.059673e-10	1.033293e+01	-1.554578e+01
2.180000e-06	1.503299e-06	-1.633346e-10	1.064571e+01	-1.294020e+01
2.190000e-06	1.547396e-06	-1.187236e-10	1.095799e+01	-1.029245e+01
2.200000e-06	1.591427e-06	-7.449016e-11	1.126980e+01	-7.604471e+00
2.210000e-06	1.635384e-06	-3.248772e-11	1.158109e+01	-4.878367e+00
2.220000e-06	1.679306e-06	5.972276e-12	1.189212e+01	-2.116424e+00
2.230000e-06	1.723180e-06	4.172363e-11	1.220282e+01	6.789053e-01
2.240000e-06	1.767000e-06	7.813276e-11	1.251313e+01	3.505011e+00
2.250000e-06	1.810785e-06	1.188899e-10	1.282320e+01	6.359136e+00
2.260000e-06	1.854521e-06	1.645364e-10	1.313292e+01	9.238387e+00
2.270000e-06	1.898190e-06	2.134427e-10	1.344216e+01	1.213975e+01
2.280000e-06	1.941757e-06	2.628276e-10	1.375069e+01	1.506009e+01
2.290000e-06	1.985193e-06	3.121924e-10	1.405828e+01	1.799618e+01
2.300000e-06	2.028439e-06	3.585004e-10	1.436453e+01	2.094472e+01
2.310000e-06	2.071393e-06	3.986342e-10	1.466871e+01	2.390232e+01
2.320000e-06	2.114110e-06	4.352236e-10	1.497121e+01	2.686556e+01
2.330000e-06	2.156595e-06	4.747604e-10	1.527208e+01	2.983098e+01
2.340000e-06	2.198687e-06	5.174903e-10	1.557016e+01	3.279508e+01
2.350000e-06	2.240482e-06	5.602362e-10	1.586613e+01	3.575437e+01
2.360000e-06	2.282172e-06	6.052973e-10	1.616136e+01	3.870539e+01
2.370000e-06	2.323669e-06	6.546343e-10	1.645522e+01	4.164467e+01
2.380000e-06	2.364834e-06	7.060765e-10	1.674673e+01	4.456880e+01
2.390000e-06	2.405714e-06	7.525348e-10	1.703623e+01	4.747443e+01
2.400000e-06	2.446285e-06	7.919251e-10	1.732353e+01	5.035830e+01
2.410000e-06	2.486576e-06	8.277177e-10	1.760886e+01	5.321719e+01
2.420000e-06	2.526726e-06	8.655685e-10	1.789318e+01	5.604803e+01
2.430000e-06	2.566822e-06	9.082727e-10	1.817713e+01	5.884783e+01
2.440000e-06	2.606899e-06	9.524173e-10	1.846093e+01	6.161374e+01
2.450000e-06	2.646854e-06	9.970760e-10	1.874388e+01	6.434303e+01
2.460000e-06	2.686632e-06	1.043603e-09	1.902557e+01	6.703312e+01
2.470000e-06	2.726275e-06	1.089476e-09	1.930631e+01	6.968158e+01
2.480000e-06	2.765789e-06	1.127836e-09	1.958612e+01	7.228616e+01
2.490000e-06	2.805221e-06	1.158481e-09	1.986537e+01	7.484474e+01
2.500000e-06	2.844488e-06	1.189111e-09	2.014344e+01	7.735540e+01
2.510000e-06	2.883459e-06	1.224642e-09	2.041942e+01	7.981637e+01
2.520000e-06	2.922163e-06	1.266411e-09	2.069350e+01	8.222607e+01
2.530000e-06	2.960683e-06	1.310257e-09	2.096628e+01	8.458310e+01
2.540000e-06	2.998986e-06	1.353081e-09	2.123753e+01	8.688623e+01
2.550000e-06	3.037000e-06	1.391327e-09	2.150672e+01	8.913441e+01
2.560000e-06	3.074834e-06	1.422421e-09	2.177465e+01	9.132677e+01
2.570000e-06	3.112511e-06	1.447064e-09	2.204146e+01	9.346260e+01
2.580000e-06	3.149997e-06	1.468803e-09	2.230692e+01	9.554137e+01
2.590000e-06	3.187255e-06	1.492094e-09	2.257077e+01	9.756272e+01
2.600000e-06	3.224342e-06	1.521753e-09	2.283340e+01	9.952642e+01
2.610000e-06	3.261244e-06	1.557465e-09	2.309473e+01	1.014324e+02
2.620000e-06	3.297864e-06	1.594270e-09	2.335405e+01	1.032808e+02
2.630000e-06	3.334205e-06	1.626903e-09	2.361141e+01	1.050718e+02
2.640000e-06	3.370317e-06	1.653577e-09	2.386714e+01	1.068057e+02
2.650000e-06	3.406300e-06	1.674013e-09	2.412195e+01	1.084830e+02
2.660000e-06	3.442179e-06	1.689546e-09	2.437603e+01	1.101043e+02
2.670000e-06	3.477967e-06	1.703916e-09	2.462946e+01	1.116704e+02
2.680000e-06	3.513601e-06	1.720890e-09	2.488181e+01	1.131818e+02
2.690000e-06	3.548948e-06	1.741961e-09	2.513212e+01	1.146397e+02
2.700000e-06	3.583928e-06	1.767254e-09	2.537983e+01	1.160447e+02
2.710000e-06	3.618552e-06	1.795509e-09	2.562502e+01	1.173981e+02
2.720000e-06	3.652836e-06	1.820894e-09	2.586781e+01	1.187007e+02
2.730000e-06	3.686687e-06	1.839438e-09	2.610753e+01	1.199539e+02
2.740000e-06	3.720055e-06	1.854029e-09	2.634383e+01	1.211586e+02
2.750000e-06	3.752988e-06	1.868074e-09	2.657704e+01	1.223162e+02
2.760000e-06	3.785567e-06	1.881586e-09	2.680775e+01	1.234278e+02
2.770000e-06	3.817870e-06	1.895709e-09	2.703651e+01	1.244946e+02
2.780000e-06	3.849970e-06	1.910428e-09	2.726383e+01	1.255180e+02
2.790000e-06	3.881899e-06	1.926839e-09	2.748994e+01	1.264992e+02
2.800000e-06	3.913707e-06	1.942801e-09	2.771518e+01	1.274394e+02
2.810000e-06	3.945386e-06	1.955319e-09	2.793952e+01	1.283400e+02
2.820000e-06	3.976748e-06	1.965440e-09	2.816162e+01	1.292021e+02
2.830000e-06	4.007817e-06	1.977589e-09	2.838163e+01	1.300271e+02
2.840000e-06	4.038628e-06	1.990108e-09	2.859982e+01	1.308161e+02
2.850000e-06	4.069085e-06	2.000361e-09	2.881551e+01	1.315705e+02
2.860000e-06	4.099206e-06	2.009605e-09	2.902881e+01	1.322914e+02
2.870000e-06	4.129055e-06	2.019529e-09	2.924019e+01	1.329799e+02
2.880000e-06	4.158699e-06	2.030220e-09	2.945011e+01	1.336374e+02
2.890000e-06	4.188159e-06	2.038745e-09	2.965874e+01	1.342649e+02
2.900000e-06	4.217343e-06	2.044006e-09	2.986540e+01	1.348635e+02
2.910000e-06	4.246125e-06	2.051907e-09	3.006923e+01	1.354344e+02
2.920000e-06	4.274594e-06	2.062549e-09	3.027083e+01	1.359786e+02
2.930000e-06	4.302840e-06	2.071431e-09	3.047086e+01	1.364973e+02
2.940000e-06	4.330906e-06	2.079104e-09	3.066961e+01	1.369913e+02
2.950000e-06	4.358834e-06	2.086009e-09	3.086738e+01	1.374619e+02
2.960000e-06	4.386617e-06	2.091305e-09	3.106413e+01	1.379099e+02
2.970000e-06	4.414169e-06	2.096383e-09	3.125924e+01	1.383363e+02
2.980000e-06	4.441398e-06	2.100731e-09	3.145207e+01	1.387421e+02
2.990000e-06	4.468204e-06	2.104754e-09	3.164189e+01	1.391282e+02
3.000000e-06	4.494483e-06	2.113083e-09	3.182799e+01	1.394956e+02
3.010000e-06	4.520148e-06	2.122630e-09	3.200974e+01	1.398450e+02
3.020000e-06	4.545195e-06	2.128472e-09	3.218711e+01	1.401775e+02
3.030000e-06	4.569782e-06	2.132819e-09	3.236122e+01	1.404938e+02
3.040000e-06	4.594048e-06	2.139075e-09	3.253307e+01	1.407947e+02
3.050000e-06	4.618104e-06	2.145862e-09	3.270342e+01	1.410811e+02
3.060000e-06	4.641953e-06	2.151310e-09	3.287231e+01	1.413537e+02
3.070000e-06	4.665497e-06	2.155694e-09	3.303904e+01	1.416133e+02
3.080000e-06	4.688760e-06	2.161648e-09	3.320378e+01	1.418606e+02
3.090000e-06	4.711694e-06	2.167436e-09	3.336619e+01	1.420962e+02
3.100000e-06	4.734257e-06	2.167412e-09	3.352596e+01	1.423210e+02
3.110000e-06	4.756569e-06	2.163111e-09	3.368397e+01	1.425354e+02
3.120000e-06	4.778613e-06	2.163638e-09	3.384008e+01	1.427401e+02
3.130000e-06	4.800331e-06	2.170791e-09	3.399387e+01	1.429357e+02
3.140000e-06	4.821685e-06	2.178263e-09	3.414510e+01	1.431226e+02
3.150000e-06	4.842715e-06	2.182140e-09	3.429402e+01	1.433014e+02
3.160000e-06	4.863440e-06	2.184599e-09	3.444078e+01	1.434725e+02
3.170000e-06	4.883797e-06	2.187137e-09	3.458494e+01	1.436363e+02
3.180000e-06	4.903860e-06	2.188544e-09	3.472702e+01	1.437932e+02
3.190000e-06	4.923733e-06	2.188229e-09	3.486775e+01	1.439435e+02
3.200000e-06	4.943413e-06	2.186800e-09	3.500712e+01	1.440875e+02
3.210000e-06	4.962836e-06	2.188622e-09	3.514467e+01	1.442253e+02
3.220000e-06	4.981948e-06	2.194106e-09	3.528001e+01	1.443572e+02
3.230000e-06	5.000618e-06	2.199014e-09	3.541222e+01	1.444833e+02
3.240000e-06	5.018806e-06	2.201084e-09	3.554102e+01	1.446037e+02
3.250000e-06	5.036668e-06	2.201259e-09	3.566751e+01	1.447183e+02
3.260000e-06	5.054277e-06	2.202153e-09	3.579221e+01	1.448274e+02
3.270000e-06	5.071563e-06	2.203120e-09	3.591462e+01	1.449307e+02
3.280000e-06	5.088528e-06	2.201800e-09	3.603476e+01	1.450281e+02
3.290000e-06	5.105161e-06	2.201012e-09	3.615255e+01	1.451197e+02
3.300000e-06	5.121286e-06	2.204692e-09	3.626674e+01	1.452052e+02
3.310000e-06	5.136940e-06	2.211777e-09	3.637760e+01	1.452843e+02
3.320000e-06	5.152188e-06	2.216132e-09	3.648558e+01	1.453570e+02
3.330000e-06	5.166997e-06	2.215661e-09	3.659045e+01	1.454230e+02
3.340000e-06	5.181342e-06	2.214011e-09	3.669203e+01	1.454820e+02
3.350000e-06	5.195236e-06	2.211326e-09	3.679042e+01	1.455338e+02
3.360000e-06	5.208788e-06	2.205982e-09	3.688639e+01	1.455780e+02
3.370000e-06	5.221996e-06	2.201540e-09	3.697992e+01	1.456145e+02
3.380000e-06	5.234821e-06	2.201035e-09	3.707075e+01	1.456429e+02
3.390000e-06	5.247235e-06	2.203476e-09	3.715866e+01	1.456629e+02
3.400000e-06	5.259289e-06	2.208244e-09	3.724402e+01	1.456744e+02
3.410000e-06	5.271038e-06	2.213317e-09	3.732722e+01	1.456771e+02
3.420000e-06	5.282328e-06	2.216383e-09	3.740717e+01	1.456707e+02
3.430000e-06	5.293066e-06	2.214551e-09	3.748321e+01	1.456552e+02
3.440000e-06	5.303158e-06	2.206844e-09	3.755468e+01	1.456303e+02
3.450000e-06	5.312588e-06	2.196844e-09	3.762146e+01	1.455960e+02
3.460000e-06	5.321580e-06	2.189863e-09	3.768513e+01	1.455523e+02
3.470000e-06	5.330177e-06	2.189307e-09	3.774601e+01	1.454991e+02
3.480000e-06	5.338434e-06	2.193158e-09	3.780449e+01	1.454366e+02
3.490000e-06	5.346412e-06	2.198607e-09	3.786098e+01	1.453647e+02
3.500000e-06	5.354106e-06	2.204117e-09	3.791547e+01	1.452838e+02
3.510000e-06	5.361453e-06	2.207975e-09	3.796750e+01	1.451940e+02
3.520000e-06	5.368458e-06	2.207273e-09	3.801711e+01	1.450956e+02
3.530000e-06	5.375179e-06	2.201367e-09	3.806470e+01	1.449891e+02
3.540000e-06	5.381476e-06	2.194776e-09	3.810930e+01	1.448748e+02
3.550000e-06	5.387326e-06	2.191328e-09	3.815072e+01	1.447532e+02
3.560000e-06	5.392843e-06	2.189895e-09	3.818979e+01	1.446249e+02
3.570000e-06	5.397945e-06	2.189433e-09	3.822592e+01	1.444906e+02
3.580000e-06	5.402596e-06	2.191151e-09	3.825886e+01	1.443509e+02
3.590000e-06	5.407035e-06	2.194970e-09	3.829029e+01	1.442064e+02
3.600000e-06	5.411271e-06	2.196922e-09	3.832029e+01	1.440581e+02
3.610000e-06	5.415219e-06	2.194772e-09	3.834824e+01	1.439067e+02
3.620000e-06	5.418899e-06	2.189890e-09	3.837431e+01	1.437530e+02
3.630000e-06	5.422271e-06	2.184203e-09	3.839819e+01	1.435980e+02
3.640000e-06	5.425156e-06	2.178961e-09	3.841862e+01	1.434426e+02
3.650000e-06	5.427415e-06	2.177118e-09	3.843461e+01	1.432877e+02
3.660000e-06	5.429065e-06	2.180683e-09	3.844629e+01	1.431341e+02
3.670000e-06	5.430131e-06	2.187844e-09	3.845385e+01	1.429830e+02
3.680000e-06	5.430730e-06	2.194350e-09	3.845809e+01	1.428351e+02
3.690000e-06	5.431000e-06	2.196211e-09	3.846000e+01	1.426914e+02
3.700000e-06	5.430989e-06	2.193236e-09	3.845992e+01	1.425527e+02
3.710000e-06	5.430750e-06	2.187161e-09	3.845823e+01	1.424200e+02
3.720000e-06	5.430158e-06	2.180156e-09	3.845403e+01	1.422940e+02
3.730000e-06	5.429194e-06	2.174778e-09	3.844721e+01	1.421755e+02
3.740000e-06	5.427954e-06	2.172695e-09	3.843843e+01	1.420651e+02
3.750000e-06	5.426400e-06	2.171960e-09	3.842743e+01	1.419635e+02
3.760000e-06	5.424466e-06	2.158818e-09	3.841373e+01	1.418713e+02
3.770000e-06	5.422202e-06	2.117842e-09	3.839770e+01	1.417889e+02
3.780000e-06	5.419659e-06	2.111807e-09	3.837969e+01	1.417167e+02
3.790000e-06	5.416667e-06	2.225880e-09	3.835850e+01	1.416550e+02
3.800000e-06	5.413217e-06	2.298040e-09	3.833407e+01	1.416040e+02
3.810000e-06	5.409475e-06	2.134371e-09	3.830757e+01	1.415638e+02
3.820000e-06	5.405506e-06	2.011189e-09	3.827946e+01	1.415344e+02
3.830000e-06	5.401178e-06	2.144633e-09	3.824881e+01	1.415157e+02
3.840000e-06	5.396334e-06	2.245351e-09	3.821451e+01	1.415076e+02
3.850000e-06	5.391072e-06	2.058190e-09	3.817725e+01	1.415096e+02
3.860000e-06	5.385453e-06	1.919004e-09	3.813746e+01	1.415213e+02
3.870000e-06	5.379320e-06	2.168826e-09	3.809403e+01	1.415423e+02
3.880000e-06	5.372510e-06	2.360772e-09	3.804580e+01	1.415720e+02
3.890000e-06	5.365224e-06	2.113224e-09	3.799420e+01	1.416096e+02
3.900000e-06	5.357665e-06	1.922079e-09	3.794067e+01	1.416543e+02
3.910000e-06	5.349698e-06	2.154108e-09	3.788425e+01	1.417053e+02
3.920000e-06	5.341353e-06	2.250919e-09	3.782516e+01	1.417616e+02
3.930000e-06	5.332740e-06	1.949809e-09	3.776417e+01	1.418222e+02
3.940000e-06	5.323847e-06	1.900903e-09	3.770119e+01	1.418859e+02
3.950000e-06	5.314581e-06	2.266401e-09	3.763558e+01	1.419518e+02
3.960000e-06	5.304878e-06	2.300667e-09	3.756686e+01	1.420186e+02
3.970000e-06	5.294843e-06	1.978893e-09	3.749579e+01	1.420851e+02
3.980000e-06	5.284536e-06	2.027460e-09	3.742281e+01	1.421500e+02
3.990000e-06	5.273773e-06	2.329104e-09	3.734659e+01	1.422122e+02
4.000000e-06	5.262566e-06	2.205780e-09	3.726722e+01	1.422705e+02
4.010000e-06	5.251019e-06	1.982311e-09	3.718545e+01	1.423235e+02
4.020000e-06	5.239041e-06	2.213503e-09	3.710063e+01	1.423701e+02
4.030000e-06	5.226638e-06	2.403542e-09	3.701280e+01	1.424092e+02
4.040000e-06	5.213845e-06	2.155582e-09	3.692220e+01	1.424395e+02
4.050000e-06	5.200580e-06	2.042094e-09	3.682826e+01	1.424601e+02
4.060000e-06	5.186613e-06	2.251590e-09	3.672936e+01	1.424699e+02
4.070000e-06	5.172041e-06	2.245999e-09	3.662616e+01	1.424680e+02
4.080000e-06	5.157084e-06	2.069876e-09	3.652025e+01	1.424535e+02
4.090000e-06	5.141755e-06	2.135220e-09	3.641169e+01	1.424257e+02
4.100000e-06	5.126052e-06	2.230044e-09	3.630049e+01	1.423837e+02
4.110000e-06	5.110052e-06	2.155837e-09	3.618719e+01	1.423272e+02
4.120000e-06	5.093711e-06	2.155598e-09	3.607147e+01	1.422555e+02
4.130000e-06	5.076922e-06	2.192927e-09	3.595258e+01	1.421683e+02
4.140000e-06	5.059827e-06	2.094672e-09	3.583151e+01	1.420654e+02
4.150000e-06	5.042481e-06	2.065834e-09	3.570867e+01	1.419465e+02
4.160000e-06	5.024808e-06	2.181005e-09	3.558353e+01	1.418116e+02
4.170000e-06	5.006829e-06	2.167791e-09	3.545621e+01	1.416608e+02
4.180000e-06	4.988535e-06	2.083684e-09	3.532665e+01	1.414942e+02
4.190000e-06	4.969831e-06	2.127380e-09	3.519420e+01	1.413122e+02
4.200000e-06	4.950758e-06	2.176501e-09	3.505913e+01	1.411150e+02
4.210000e-06	4.931384e-06	2.123085e-09	3.492194e+01	1.409031e+02
4.220000e-06	4.911730e-06	2.081455e-09	3.478275e+01	1.406772e+02
4.230000e-06	4.891849e-06	2.078091e-09	3.464196e+01	1.404379e+02
4.240000e-06	4.871708e-06	2.100159e-09	3.449934e+01	1.401858e+02
4.250000e-06	4.851232e-06	2.130635e-09	3.435433e+01	1.399218e+02
4.260000e-06	4.830382e-06	2.110170e-09	3.420668e+01	1.396468e+02
4.270000e-06	4.809103e-06	2.073823e-09	3.405599e+01	1.393615e+02
4.280000e-06	4.787296e-06	2.103734e-09	3.390156e+01	1.390671e+02
4.290000e-06	4.764912e-06	2.115390e-09	3.374305e+01	1.387644e+02
4.300000e-06	4.742129e-06	2.067625e-09	3.358172e+01	1.384545e+02
4.310000e-06	4.718963e-06	2.047859e-09	3.341766e+01	1.381384e+02
4.320000e-06	4.695321e-06	2.067037e-09	3.325024e+01	1.378171e+02
4.330000e-06	4.671405e-06	2.076528e-09	3.308088e+01	1.374916e+02
4.340000e-06	4.647335e-06	2.075160e-09	3.291042e+01	1.371628e+02
4.350000e-06	4.622928e-06	2.048660e-09	3.273758e+01	1.368319e+02
4.360000e-06	4.598186e-06	2.023794e-09	3.256237e+01	1.364996e+02
4.370000e-06	4.573219e-06	2.048539e-09	3.238557e+01	1.361668e+02
4.380000e-06	4.547940e-06	2.062822e-09	3.220655e+01	1.358345e+02
4.390000e-06	4.522322e-06	2.023776e-09	3.202513e+01	1.355032e+02
4.400000e-06	4.496427e-06	2.009434e-09	3.184176e+01	1.351738e+02
4.410000e-06	4.470265e-06	2.039893e-09	3.165649e+01	1.348469e+02
4.420000e-06	4.443740e-06	2.046407e-09	3.146865e+01	1.345230e+02
4.430000e-06	4.416839e-06	2.015969e-09	3.127815e+01	1.342025e+02
4.440000e-06	4.389649e-06	1.989923e-09	3.108560e+01	1.338859e+02
4.450000e-06	4.362197e-06	1.995617e-09	3.089120e+01	1.335733e+02
4.460000e-06	4.334513e-06	2.013410e-09	3.069515e+01	1.332651e+02
4.470000e-06	4.306567e-06	2.007487e-09	3.049725e+01	1.329613e+02
4.480000e-06	4.278416e-06	1.987498e-09	3.029790e+01	1.326620e+02
4.490000e-06	4.250049e-06	1.995637e-09	3.009701e+01	1.323670e+02
4.500000e-06	4.221359e-06	2.009093e-09	2.989385e+01	1.320762e+02
4.510000e-06	4.192342e-06	1.995071e-09	2.968836e+01	1.317895e+02
4.520000e-06	4.162884e-06	1.968389e-09	2.947975e+01	1.315064e+02
4.530000e-06	4.132944e-06	1.960960e-09	2.926773e+01	1.312266e+02
4.540000e-06	4.102575e-06	1.972511e-09	2.905267e+01	1.309497e+02
4.550000e-06	4.071724e-06	1.982238e-09	2.883420e+01	1.306751e+02
4.560000e-06	4.040471e-06	1.973496e-09	2.861287e+01	1.304024e+02
4.570000e-06	4.008950e-06	1.961364e-09	2.838966e+01	1.301309e+02
4.580000e-06	3.977253e-06	1.964788e-09	2.816519e+01	1.298599e+02
4.590000e-06	3.945350e-06	1.971694e-09	2.793927e+01	1.295889e+02
4.600000e-06	3.913204e-06	1.957901e-09	2.771163e+01	1.293172e+02
4.610000e-06	3.880868e-06	1.937020e-09	2.748263e+01	1.290440e+02
4.620000e-06	3.848274e-06	1.934049e-09	2.725182e+01	1.287687e+02
4.630000e-06	3.815446e-06	1.945315e-09	2.701934e+01	1.284905e+02
4.640000e-06	3.782450e-06	1.942107e-09	2.678568e+01	1.282089e+02
4.650000e-06	3.749161e-06	1.922865e-09	2.654994e+01	1.279232e+02
4.660000e-06	3.715536e-06	1.913465e-09	2.631183e+01	1.276327e+02
4.670000e-06	3.681697e-06	1.917274e-09	2.607219e+01	1.273368e+02
4.680000e-06	3.647553e-06	1.914091e-09	2.583040e+01	1.270351e+02
4.690000e-06	3.613146e-06	1.899150e-09	2.558674e+01	1.267270e+02
4.700000e-06	3.578501e-06	1.891753e-09	2.534140e+01	1.264121e+02
4.710000e-06	3.543603e-06	1.896480e-09	2.509427e+01	1.260899e+02
4.720000e-06	3.508477e-06	1.897033e-09	2.484552e+01	1.257602e+02
4.730000e-06	3.473088e-06	1.883303e-09	2.459491e+01	1.254227e+02
4.740000e-06	3.437535e-06	1.868682e-09	2.434314e+01	1.250772e+02
4.750000e-06	3.401871e-06	1.864073e-09	2.409058e+01	1.247236e+02
4.760000e-06	3.366049e-06	1.864085e-09	2.383691e+01	1.243617e+02
4.770000e-06	3.330085e-06	1.858284e-09	2.358223e+01	1.239915e+02
4.780000e-06	3.294019e-06	1.851234e-09	2.332682e+01	1.236132e+02
4.790000e-06	3.257785e-06	1.850863e-09	2.307023e+01	1.232269e+02
4.800000e-06	3.221332e-06	1.852714e-09	2.281209e+01	1.228326e+02
4.810000e-06	3.184584e-06	1.845270e-09	2.255185e+01	1.224307e+02
4.820000e-06	3.147448e-06	1.830537e-09	2.228887e+01	1.220214e+02
4.830000e-06	3.109904e-06	1.818800e-09	2.202300e+01	1.216050e+02
4.840000e-06	3.071965e-06	1.817058e-09	2.175433e+01	1.211819e+02
4.850000e-06	3.033761e-06	1.816176e-09	2.148379e+01	1.207525e+02
4.860000e-06	2.995389e-06	1.808945e-09	2.121205e+01	1.203172e+02
4.870000e-06	2.956666e-06	1.800955e-09	2.093783e+01	1.198764e+02
4.880000e-06	2.917510e-06	1.799921e-09	2.066055e+01	1.194305e+02
4.890000e-06	2.878047e-06	1.799526e-09	2.038108e+01	1.189800e+02
4.900000e-06	2.838418e-06	1.788489e-09	2.010045e+01	1.185255e+02
4.910000e-06	2.798697e-06	1.772078e-09	1.981917e+01	1.180672e+02
4.920000e-06	2.758875e-06	1.763771e-09	1.953716e+01	1.176057e+02
4.930000e-06	2.718848e-06	1.761533e-09	1.925371e+01	1.171413e+02
4.940000e-06	2.678651e-06	1.758221e-09	1.896905e+01	1.166744e+02
4.950000e-06	2.638304e-06	1.753613e-09	1.868333e+01	1.162053e+02
4.960000e-06	2.597839e-06	1.750797e-09	1.839677e+01	1.157345e+02
4.970000e-06	2.557193e-06	1.748253e-09	1.810894e+01	1.152620e+02
4.980000e-06	2.516291e-06	1.739875e-09	1.781929e+01	1.147882e+02
4.990000e-06	2.475290e-06	1.727415e-09	1.752893e+01	1.143132e+02
5.000000e-06	2.434164e-06	1.717068e-09	1.723770e+01	1.138371e+02
5.010000e-06	2.392858e-06	1.711575e-09	1.694519e+01	1.133599e+02
5.020000e-06	2.351454e-06	1.706639e-09	1.665199e+01	1.128817e+02
5.030000e-06	2.309853e-06	1.700011e-09	1.635739e+01	1.124023e+02
5.040000e-06	2.268063e-06	1.694174e-09	1.606144e+01	1.119217e+02
5.050000e-06	2.226110e-06	1.689724e-09	1.576435e+01	1.114396e+02
5.060000e-06	2.183968e-06	1.684803e-09	1.546592e+01	1.109559e+02
5.070000e-06	2.141785e-06	1.677721e-09	1.516720e+01	1.104701e+02
5.080000e-06	2.099438e-06	1.666761e-09	1.486732e+01	1.099820e+02
5.090000e-06	2.056825e-06	1.656526e-09	1.456555e+01	1.094911e+02
5.100000e-06	2.014058e-06	1.650337e-09	1.426269e+01	1.089971e+02
5.110000e-06	1.971149e-06	1.644741e-09	1.395883e+01	1.084993e+02
5.120000e-06	1.928044e-06	1.637054e-09	1.365358e+01	1.079973e+02
5.130000e-06	1.884835e-06	1.630059e-09	1.334759e+01	1.074905e+02
5.140000e-06	1.841552e-06	1.626888e-09	1.304108e+01	1.069783e+02
5.150000e-06	1.798162e-06	1.625671e-09	1.273381e+01	1.064600e+02
5.160000e-06	1.754705e-06	1.620456e-09	1.242606e+01	1.059352e+02
5.170000e-06	1.711120e-06	1.609124e-09	1.211741e+01	1.054030e+02
5.180000e-06	1.667375e-06	1.598224e-09	1.180763e+01	1.048628e+02
5.190000e-06	1.623568e-06	1.590301e-09	1.149741e+01	1.043141e+02
5.200000e-06	1.579669e-06	1.579841e-09	1.118654e+01	1.037561e+02
5.210000e-06	1.535667e-06	1.567968e-09	1.087493e+01	1.031882e+02
5.220000e-06	1.491621e-06	1.558797e-09	1.056301e+01	1.026097e+02
5.230000e-06	1.447595e-06	1.553839e-09	1.025124e+01	1.020201e+02
5.240000e-06	1.403524e-06	1.552095e-09	9.939151e+00	1.014187e+02
5.250000e-06	1.359415e-06	1.550289e-09	9.626789e+00	1.008050e+02
5.260000e-06	1.315312e-06	1.545416e-09	9.314472e+00	1.001785e+02
5.270000e-06	1.271084e-06	1.537569e-09	9.001271e+00	9.953852e+01
5.280000e-06	1.226802e-06	1.523585e-09	8.687684e+00	9.888469e+01
5.290000e-06	1.182539e-06	1.502374e-09	8.374232e+00	9.821653e+01
5.300000e-06	1.138175e-06	1.481930e-09	8.060062e+00	9.753358e+01
5.310000e-06	1.093678e-06	1.469088e-09	7.744954e+00	9.683546e+01
5.320000e-06	1.049040e-06	1.464041e-09	7.428851e+00	9.612178e+01
5.330000e-06	1.004252e-06	1.462673e-09	7.111676e+00	9.539217e+01
5.340000e-06	9.594743e-07	1.462009e-09	6.794583e+00	9.464632e+01
5.350000e-06	9.146801e-07	1.459503e-09	6.477370e+00	9.388389e+01
5.360000e-06	8.697854e-07	1.445468e-09	6.159446e+00	9.310459e+01
5.370000e-06	8.247798e-07	1.420452e-09	5.840735e+00	9.230812e+01
5.380000e-06	7.797376e-07	1.394576e-09	5.521765e+00	9.149419e+01
5.390000e-06	7.346730e-07	1.373536e-09	5.202637e+00	9.066251e+01
5.400000e-06	6.895646e-07	1.361530e-09	4.883200e+00	8.981278e+01
5.410000e-06	6.443954e-07	1.356505e-09	4.563330e+00	8.894471e+01
5.420000e-06	5.990682e-07	1.351801e-09	4.242343e+00	8.805795e+01
5.430000e-06	5.536931e-07	1.343906e-09	3.921016e+00	8.715216e+01
5.440000e-06	5.084007e-07	1.332216e-09	3.600274e+00	8.622696e+01
5.450000e-06	4.631079e-07	1.313947e-09	3.279531e+00	8.528195e+01
5.460000e-06	4.177676e-07	1.289803e-09	2.958450e+00	8.431666e+01
5.470000e-06	3.723728e-07	1.266018e-09	2.636983e+00	8.333062e+01
5.480000e-06	3.268703e-07	1.250169e-09	2.314755e+00	8.232326e+01
5.490000e-06	2.812679e-07	1.241164e-09	1.991818e+00	8.129400e+01
5.500000e-06	2.356307e-07	1.231626e-09	1.668635e+00	8.024218e+01
5.510000e-06	1.900344e-07	1.219419e-09	1.345742e+00	7.916709e+01
5.520000e-06	1.444530e-07	1.206072e-09	1.022954e+00	7.806797e+01
5.530000e-06	9.891347e-08	1.191089e-09	7.004626e-01	7.694397e+01
5.540000e-06	5.334237e-08	1.173631e-09	3.777477e-01	7.579420e+01
5.550000e-06	7.762059e-09	1.154267e-09	5.496756e-02	7.461772e+01
5.560000e-06	-3.775538e-08	1.135184e-09	-2.673673e-01	7.341350e+01
5.570000e-06	-8.337846e-08	1.114625e-09	-5.904503e-01	7.218048e+01
5.580000e-06	-1.290978e-07	1.092154e-09	-9.142150e-01	7.091753e+01
5.590000e-06	-1.747394e-07	1.069997e-09	-1.237429e+00	6.962348e+01
5.600000e-06	-2.202437e-07	1.050602e-09	-1.559671e+00	6.829712e+01
5.610000e-06	-2.656503e-07	1.033856e-09	-1.881221e+00	6.693720e+01
5.620000e-06	-3.112012e-07	1.018763e-09	-2.203793e+00	6.554243e+01
5.630000e-06	-3.567789e-07	1.002237e-09	-2.526554e+00	6.411152e+01
5.640000e-06	-4.022393e-07	9.805584e-10	-2.848485e+00	6.264314e+01
5.650000e-06	-4.477394e-07	9.562582e-10	-3.170697e+00	6.113600e+01
5.660000e-06	-4.931520e-07	9.299665e-10	-3.492290e+00	5.958878e+01
5.670000e-06	-5.384973e-07	9.006779e-10	-3.813406e+00	5.800019e+01
5.680000e-06	-5.838087e-07	8.733842e-10	-4.134281e+00	5.636897e+01
5.690000e-06	-6.289762e-07	8.492383e-10	-4.454139e+00	5.469391e+01
5.700000e-06	-6.740607e-07	8.245106e-10	-4.773407e+00	5.297385e+01
5.710000e-06	-7.191086e-07	7.983655e-10	-5.092417e+00	5.120770e+01
5.720000e-06	-7.641113e-07	7.723033e-10	-5.411107e+00	4.939443e+01
5.730000e-06	-8.090216e-07	7.465052e-10	-5.729142e+00	4.753313e+01
5.740000e-06	-8.538417e-07	7.190998e-10	-6.046539e+00	4.562297e+01
5.750000e-06	-8.986105e-07	6.892344e-10	-6.363572e+00	4.366325e+01
5.760000e-06	-9.433053e-07	6.580950e-10	-6.680081e+00	4.165338e+01
5.770000e-06	-9.879033e-07	6.271790e-10	-6.995905e+00	3.959293e+01
5.780000e-06	-1.032453e-06	5.939242e-10	-7.311386e+00	3.748160e+01
5.790000e-06	-1.076958e-06	5.583360e-10	-7.626553e+00	3.531924e+01
5.800000e-06	-1.121300e-06	5.179471e-10	-7.940565e+00	3.310589e+01
5.810000e-06	-1.165569e-06	4.802068e-10	-8.254056e+00	3.084174e+01
5.820000e-06	-1.209867e-06	4.501391e-10	-8.567760e+00	2.852717e+01
5.830000e-06	-1.254131e-06	4.231544e-10	-8.881214e+00	2.616273e+01
5.840000e-06	-1.298337e-06	3.928573e-10	-9.194262e+00	2.374919e+01
5.850000e-06	-1.342452e-06	3.592100e-10	-9.506670e+00	2.128748e+01
5.860000e-06	-1.386478e-06	3.240903e-10	-9.818440e+00	1.877874e+01
5.870000e-06	-1.430478e-06	2.840537e-10	-1.013003e+01	1.622430e+01
5.880000e-06	-1.474440e-06	2.377052e-10	-1.044135e+01	1.362567e+01
5.890000e-06	-1.518328e-06	1.895188e-10	-1.075215e+01	1.098458e+01
5.900000e-06	-1.562180e-06	1.452845e-10	-1.106269e+01	8.302918e+00
5.910000e-06	-1.605960e-06	1.072759e-10	-1.137271e+01	5.582769e+00
5.920000e-06	-1.649650e-06	7.176961e-11	-1.168211e+01	2.826389e+00
5.930000e-06	-1.693266e-06	3.564531e-11	-1.199098e+01	3.620246e-02
5.940000e-06	-1.736781e-06	-1.766324e-12	-1.229913e+01	-2.785206e+00
5.950000e-06	-1.780196e-06	-4.544207e-11	-1.260658e+01	-5.635103e+00
5.960000e-06	-1.823511e-06	-9.688683e-11	-1.291332e+01	-8.510617e+00
5.970000e-06	-1.866737e-06	-1.523958e-10	-1.321943e+01	-1.140875e+01
5.980000e-06	-1.909786e-06	-2.052163e-10	-1.352428e+01	-1.432639e+01
5.990000e-06	-1.952665e-06	-2.522174e-10	-1.382793e+01	-1.726033e+01
6.000000e-06	-1.995404e-06	-2.952553e-10	-1.413059e+01	-2.020727e+01
6.010000e-06	-2.037941e-06	-3.384793e-10	-1.443182e+01	-2.316385e+01
6.020000e-06	-2.080316e-06	-3.807142e-10	-1.473190e+01	-2.612663e+01
6.030000e-06	-2.122554e-06	-4.241801e-10	-1.503101e+01	-2.909217e+01
6.040000e-06	-2.164683e-06	-4.716993e-10	-1.532935e+01	-3.205698e+01
6.050000e-06	-2.206733e-06	-5.232530e-10	-1.562713e+01	-3.501756e+01
6.060000e-06	-2.248686e-06	-5.760739e-10	-1.592422e+01	-3.797044e+01
6.070000e-06	-2.290534e-06	-6.258697e-10	-1.622057e+01	-4.091216e+01
6.080000e-06	-2.332150e-06	-6.710775e-10	-1.651528e+01	-4.383929e+01
6.090000e-06	-2.373478e-06	-7.136748e-10	-1.680795e+01	-4.674849e+01
6.100000e-06	-2.414615e-06	-7.554078e-10	-1.709926e+01	-4.963645e+01
6.110000e-06	-2.455519e-06	-7.965552e-10	-1.738892e+01	-5.249997e+01
6.120000e-06	-2.496279e-06	-8.396638e-10	-1.767757e+01	-5.533594e+01
6.130000e-06	-2.536947e-06	-8.871443e-10	-1.796557e+01	-5.814135e+01
6.140000e-06	-2.577393e-06	-9.352992e-10	-1.825199e+01	-6.091335e+01
6.150000e-06	-2.617649e-06	-9.809398e-10	-1.853706e+01	-6.364916e+01
6.160000e-06	-2.657723e-06	-1.025543e-09	-1.882085e+01	-6.634620e+01
6.170000e-06	-2.697720e-06	-1.068212e-09	-1.910409e+01	-6.900202e+01
6.180000e-06	-2.737708e-06	-1.107615e-09	-1.938727e+01	-7.161430e+01
6.190000e-06	-2.777603e-06	-1.144665e-09	-1.966979e+01	-7.418093e+01
6.200000e-06	-2.817355e-06	-1.180691e-09	-1.995130e+01	-7.669995e+01
6.210000e-06	-2.856901e-06	-1.216790e-09	-2.023134e+01	-7.916956e+01
6.220000e-06	-2.896316e-06	-1.253757e-09	-2.051046e+01	-8.158815e+01
6.230000e-06	-2.935535e-06	-1.288801e-09	-2.078819e+01	-8.395429e+01
6.240000e-06	-2.974408e-06	-1.322715e-09	-2.106348e+01	-8.626673e+01
6.250000e-06	-3.012982e-06	-1.358181e-09	-2.133664e+01	-8.852438e+01
6.260000e-06	-3.051247e-06	-1.394406e-09	-2.160762e+01	-9.072634e+01
6.270000e-06	-3.089109e-06	-1.429554e-09	-2.187574e+01	-9.287188e+01
6.280000e-06	-3.126534e-06	-1.461432e-09	-2.214077e+01	-9.496043e+01
6.290000e-06	-3.163498e-06	-1.491175e-09	-2.240253e+01	-9.699161e+01
6.300000e-06	-3.200112e-06	-1.520873e-09	-2.266181e+01	-9.896517e+01
6.310000e-06	-3.236494e-06	-1.548779e-09	-2.291945e+01	-1.008810e+02
6.320000e-06	-3.272688e-06	-1.573013e-09	-2.317577e+01	-1.027392e+02
6.330000e-06	-3.308788e-06	-1.597436e-09	-2.343141e+01	-1.045400e+02
6.340000e-06	-3.344817e-06	-1.625467e-09	-2.368655e+01	-1.062836e+02
6.350000e-06	-3.380736e-06	-1.655455e-09	-2.394091e+01	-1.079706e+02
6.360000e-06	-3.416440e-06	-1.682379e-09	-2.419376e+01	-1.096015e+02
6.370000e-06	-3.451934e-06	-1.704482e-09	-2.444511e+01	-1.111769e+02
6.380000e-06	-3.487308e-06	-1.725187e-09	-2.469561e+01	-1.126977e+02
6.390000e-06	-3.522432e-06	-1.743986e-09	-2.494434e+01	-1.141646e+02
6.400000e-06	-3.557222e-06	-1.760543e-09	-2.519071e+01	-1.155786e+02
6.410000e-06	-3.591757e-06	-1.776819e-09	-2.543528e+01	-1.169408e+02
6.420000e-06	-3.626051e-06	-1.796145e-09	-2.567813e+01	-1.182521e+02
6.430000e-06	-3.660124e-06	-1.818931e-09	-2.591942e+01	-1.195136e+02
6.440000e-06	-3.693963e-06	-1.839478e-09	-2.615905e+01	-1.207266e+02
6.450000e-06	-3.727581e-06	-1.855247e-09	-2.639712e+01	-1.218922e+02
6.460000e-06	-3.760914e-06	-1.871129e-09	-2.663317e+01	-1.230116e+02
6.470000e-06	-3.793902e-06	-1.888189e-09	-2.686678e+01	-1.240861e+02
6.480000e-06	-3.826638e-06	-1.904494e-09	-2.709860e+01	-1.251169e+02
6.490000e-06	-3.859107e-06	-1.919212e-09	-2.732853e+01	-1.261052e+02
6.500000e-06	-3.891322e-06	-1.934658e-09	-2.755666e+01	-1.270524e+02
6.510000e-06	-3.923361e-06	-1.952914e-09	-2.778355e+01	-1.279597e+02
6.520000e-06	-3.955249e-06	-1.969852e-09	-2.800937e+01	-1.288284e+02
6.530000e-06	-3.986975e-06	-1.981946e-09	-2.823404e+01	-1.296598e+02
6.540000e-06	-4.018456e-06	-1.989996e-09	-2.845697e+01	-1.304550e+02
6.550000e-06	-4.049559e-06	-1.997725e-09	-2.867723e+01	-1.312153e+02
6.560000e-06	-4.080225e-06	-2.007699e-09	-2.889440e+01	-1.319419e+02
6.570000e-06	-4.110381e-06	-2.019786e-09	-2.910795e+01	-1.326360e+02
6.580000e-06	-4.139960e-06	-2.033196e-09	-2.931741e+01	-1.332988e+02
6.590000e-06	-4.169093e-06	-2.046685e-09	-2.952372e+01	-1.339314e+02
6.600000e-06	-4.197915e-06	-2.056504e-09	-2.972783e+01	-1.345351e+02
6.610000e-06	-4.226425e-06	-2.062524e-09	-2.992972e+01	-1.351107e+02
6.620000e-06	-4.254687e-06	-2.067661e-09	-3.012986e+01	-1.356596e+02
6.630000e-06	-4.282740e-06	-2.075411e-09	-3.032852e+01	-1.361826e+02
6.640000e-06	-4.310551e-06	-2.084362e-09	-3.052546e+01	-1.366810e+02
6.650000e-06	-4.338144e-06	-2.091581e-09	-3.072086e+01	-1.371556e+02
6.660000e-06	-4.365485e-06	-2.097948e-09	-3.091448e+01	-1.376076e+02
6.670000e-06	-4.392502e-06	-2.106395e-09	-3.110581e+01	-1.380377e+02
6.680000e-06	-4.419179e-06	-2.115554e-09	-3.129472e+01	-1.384472e+02
6.690000e-06	-4.445561e-06	-2.120699e-09	-3.148154e+01	-1.388368e+02
6.700000e-06	-4.471703e-06	-2.123340e-09	-3.166667e+01	-1.392074e+02
6.710000e-06	-4.497543e-06	-2.128683e-09	-3.184966e+01	-1.395600e+02
6.720000e-06	-4.522948e-06	-2.136975e-09	-3.202957e+01	-1.398955e+02
6.730000e-06	-4.548056e-06	-2.144741e-09	-3.220737e+01	-1.402147e+02
6.740000e-06	-4.572871e-06	-2.149700e-09	-3.238310e+01	-1.405184e+02
6.750000e-06	-4.597353e-06	-2.153983e-09	-3.255647e+01	-1.408074e+02
6.760000e-06	-4.621625e-06	-2.160382e-09	-3.272835e+01	-1.410824e+02
6.770000e-06	-4.645753e-06	-2.166484e-09	-3.289922e+01	-1.413444e+02
6.780000e-06	-4.669689e-06	-2.170458e-09	-3.306873e+01	-1.415939e+02
6.790000e-06	-4.693330e-06	-2.175120e-09	-3.323614e+01	-1.418317e+02
6.800000e-06	-4.716557e-06	-2.181726e-09	-3.340063e+01	-1.420585e+02
6.810000e-06	-4.739310e-06	-2.184566e-09	-3.356175e+01	-1.422748e+02
6.820000e-06	-4.761582e-06	-2.182058e-09	-3.371947e+01	-1.424814e+02
6.830000e-06	-4.783333e-06	-2.179656e-09	-3.387351e+01	-1.426787e+02
6.840000e-06	-4.804552e-06	-2.182181e-09	-3.402376e+01	-1.428673e+02
6.850000e-06	-4.825300e-06	-2.187878e-09	-3.417069e+01	-1.430476e+02
6.860000e-06	-4.845715e-06	-2.191805e-09	-3.431526e+01	-1.432202e+02
6.870000e-06	-4.865874e-06	-2.196278e-09	-3.445802e+01	-1.433855e+02
6.880000e-06	-4.885807e-06	-2.202838e-09	-3.459918e+01	-1.435437e+02
6.890000e-06	-4.905497e-06	-2.207752e-09	-3.473861e+01	-1.436954e+02
6.900000e-06	-4.924836e-06	-2.207587e-09	-3.487557e+01	-1.438406e+02
6.910000e-06	-4.943804e-06	-2.206121e-09	-3.500989e+01	-1.439797e+02
6.920000e-06	-4.962479e-06	-2.209568e-09	-3.514214e+01	-1.441128e+02
6.930000e-06	-4.980856e-06	-2.214113e-09	-3.527227e+01	-1.442401e+02
6.940000e-06	-4.998947e-06	-2.215199e-09	-3.540039e+01	-1.443617e+02
6.950000e-06	-5.016655e-06	-2.215941e-09	-3.552579e+01	-1.444775e+02
6.960000e-06	-5.033942e-06	-2.219634e-09	-3.564821e+01	-1.445877e+02
6.970000e-06	-5.050910e-06	-2.221653e-09	-3.576837e+01	-1.446922e+02
6.980000e-06	-5.067609e-06	-2.219513e-09	-3.588663e+01	-1.447909e+02
6.990000e-06	-5.084098e-06	-2.216242e-09	-3.600339e+01	-1.448837e+02
7.000000e-06	-5.100311e-06	-2.215076e-09	-3.611821e+01	-1.449705e+02
7.010000e-06	-5.116203e-06	-2.216982e-09	-3.623074e+01	-1.450510e+02
7.020000e-06	-5.131857e-06	-2.217241e-09	-3.634160e+01	-1.451250e+02
7.030000e-06	-5.147143e-06	-2.215829e-09	-3.644985e+01	-1.451924e+02
7.040000e-06	-5.161822e-06	-2.218346e-09	-3.655380e+01	-1.452528e+02
7.050000e-06	-5.175845e-06	-2.221470e-09	-3.665311e+01	-1.453060e+02
7.060000e-06	-5.189356e-06	-2.218914e-09	-3.674878e+01	-1.453518e+02
7.070000e-06	-5.202377e-06	-2.212884e-09	-3.684099e+01	-1.453898e+02
7.080000e-06	-5.214882e-06	-2.211016e-09	-3.692955e+01	-1.454198e+02
7.090000e-06	-5.226949e-06	-2.213639e-09	-3.701500e+01	-1.454415e+02
7.100000e-06	-5.238665e-06	-2.215382e-09	-3.709796e+01	-1.454547e+02
7.110000e-06	-5.250077e-06	-2.212996e-09	-3.717879e+01	-1.454591e+02
7.120000e-06	-5.261103e-06	-2.209466e-09	-3.725686e+01	-1.454545e+02
7.130000e-06	-5.271749e-06	-2.210304e-09	-3.733226e+01	-1.454407e+02
7.140000e-06	-5.282028e-06	-2.211179e-09	-3.740505e+01	-1.454177e+02
7.150000e-06	-5.291964e-06	-2.207764e-09	-3.747541e+01	-1.453852e+02
7.160000e-06	-5.301559e-06	-2.203162e-09	-3.754335e+01	-1.453433e+02
7.170000e-06	-5.310643e-06	-2.201693e-09	-3.760769e+01	-1.452919e+02
7.180000e-06	-5.319296e-06	-2.202032e-09	-3.766896e+01	-1.452312e+02
7.190000e-06	-5.327723e-06	-2.200212e-09	-3.772864e+01	-1.451611e+02
7.200000e-06	-5.335933e-06	-2.195996e-09	-3.778678e+01	-1.450819e+02
7.210000e-06	-5.343907e-06	-2.194348e-09	-3.784324e+01	-1.449938e+02
7.220000e-06	-5.351645e-06	-2.196236e-09	-3.789805e+01	-1.448971e+02
7.230000e-06	-5.359057e-06	-2.197559e-09	-3.795053e+01	-1.447921e+02
7.240000e-06	-5.365990e-06	-2.197262e-09	-3.799963e+01	-1.446793e+02
7.250000e-06	-5.372322e-06	-2.197087e-09	-3.804447e+01	-1.445592e+02
7.260000e-06	-5.378086e-06	-2.197886e-09	-3.808529e+01	-1.444322e+02
7.270000e-06	-5.383338e-06	-2.196774e-09	-3.812248e+01	-1.442991e+02
7.280000e-06	-5.388143e-06	-2.191439e-09	-3.815651e+01	-1.441605e+02
7.290000e-06	-5.392593e-06	-2.184771e-09	-3.818802e+01	-1.440170e+02
7.300000e-06	-5.396678e-06	-2.181798e-09	-3.821694e+01	-1.438695e+02
7.310000e-06	-5.400468e-06	-2.179966e-09	-3.824379e+01	-1.437188e+02
7.320000e-06	-5.404001e-06	-2.177021e-09	-3.826881e+01	-1.435657e+02
7.330000e-06	-5.407183e-06	-2.175842e-09	-3.829134e+01	-1.434111e+02
7.340000e-06	-5.410008e-06	-2.178152e-09	-3.831134e+01	-1.432559e+02
7.350000e-06	-5.412521e-06	-2.180566e-09	-3.832914e+01	-1.431011e+02
7.360000e-06	-5.414749e-06	-2.178869e-09	-3.834492e+01	-1.429475e+02
7.370000e-06	-5.416645e-06	-2.173853e-09	-3.835835e+01	-1.427961e+02
7.380000e-06	-5.418038e-06	-2.169887e-09	-3.836821e+01	-1.426479e+02
7.390000e-06	-5.418975e-06	-2.168677e-09	-3.837485e+01	-1.425037e+02
7.400000e-06	-5.419665e-06	-2.167482e-09	-3.837973e+01	-1.423644e+02
