# Temperatura_=_-2.3
# Concentracion g/m^3_=_4090.0
# C_Vs_to_Am_M_A/Vsm_=_65563218390.804596
# pendiente_HvsI_1/m_=_3716.3
# ordenada_HvsI_A/m_=_1297.0
# frecuencia_Hz_=_135070.40637142927

Tiempo_(s)	Campo_(V.s)	Magnetizacion_(V.s)	Campo_(kA/m)	Magnetizacion_(A/m)
0.000000e+00	-5.409249e-06	-1.906559e-09	-3.839149e+01	-1.255464e+02
1.000000e-08	-5.409493e-06	-1.902539e-09	-3.839322e+01	-1.254507e+02
2.000000e-08	-5.409489e-06	-1.898684e-09	-3.839320e+01	-1.253586e+02
3.000000e-08	-5.409217e-06	-1.895265e-09	-3.839126e+01	-1.252707e+02
4.000000e-08	-5.408609e-06	-1.893500e-09	-3.838695e+01	-1.251875e+02
5.000000e-08	-5.407592e-06	-1.895065e-09	-3.837973e+01	-1.251096e+02
6.000000e-08	-5.406008e-06	-1.897637e-09	-3.836849e+01	-1.250376e+02
7.000000e-08	-5.403818e-06	-1.905830e-09	-3.835295e+01	-1.249719e+02
8.000000e-08	-5.401023e-06	-1.906273e-09	-3.833311e+01	-1.249128e+02
9.000000e-08	-5.397488e-06	-1.881836e-09	-3.830802e+01	-1.248608e+02
1.000000e-07	-5.393428e-06	-1.872837e-09	-3.827921e+01	-1.248161e+02
1.100000e-07	-5.389156e-06	-1.926118e-09	-3.824888e+01	-1.247788e+02
1.200000e-07	-5.384777e-06	-1.942707e-09	-3.821781e+01	-1.247492e+02
1.300000e-07	-5.380233e-06	-1.858807e-09	-3.818556e+01	-1.247273e+02
1.400000e-07	-5.375375e-06	-1.838744e-09	-3.815108e+01	-1.247130e+02
1.500000e-07	-5.370066e-06	-1.921792e-09	-3.811340e+01	-1.247063e+02
1.600000e-07	-5.364292e-06	-1.965846e-09	-3.807241e+01	-1.247069e+02
1.700000e-07	-5.358192e-06	-1.852983e-09	-3.802912e+01	-1.247146e+02
1.800000e-07	-5.351701e-06	-1.795209e-09	-3.798305e+01	-1.247290e+02
1.900000e-07	-5.344764e-06	-1.908811e-09	-3.793382e+01	-1.247497e+02
2.000000e-07	-5.337414e-06	-1.955913e-09	-3.788165e+01	-1.247762e+02
2.100000e-07	-5.329822e-06	-1.883689e-09	-3.782777e+01	-1.248079e+02
2.200000e-07	-5.322175e-06	-1.845484e-09	-3.777350e+01	-1.248442e+02
2.300000e-07	-5.314328e-06	-1.940912e-09	-3.771780e+01	-1.248844e+02
2.400000e-07	-5.306085e-06	-1.948099e-09	-3.765930e+01	-1.249277e+02
2.500000e-07	-5.297319e-06	-1.885014e-09	-3.759708e+01	-1.249734e+02
2.600000e-07	-5.287916e-06	-1.893924e-09	-3.753035e+01	-1.250205e+02
2.700000e-07	-5.277805e-06	-1.952038e-09	-3.745858e+01	-1.250681e+02
2.800000e-07	-5.267116e-06	-1.906325e-09	-3.738272e+01	-1.251155e+02
2.900000e-07	-5.256049e-06	-1.867170e-09	-3.730418e+01	-1.251615e+02
3.000000e-07	-5.244553e-06	-1.921972e-09	-3.722258e+01	-1.252052e+02
3.100000e-07	-5.232666e-06	-1.934989e-09	-3.713822e+01	-1.252457e+02
3.200000e-07	-5.220454e-06	-1.879680e-09	-3.705154e+01	-1.252819e+02
3.300000e-07	-5.207795e-06	-1.900862e-09	-3.696169e+01	-1.253131e+02
3.400000e-07	-5.194707e-06	-1.957421e-09	-3.686881e+01	-1.253381e+02
3.500000e-07	-5.181182e-06	-1.917356e-09	-3.677281e+01	-1.253560e+02
3.600000e-07	-5.167168e-06	-1.890654e-09	-3.667336e+01	-1.253661e+02
3.700000e-07	-5.152702e-06	-1.927806e-09	-3.657068e+01	-1.253674e+02
3.800000e-07	-5.137875e-06	-1.920540e-09	-3.646545e+01	-1.253591e+02
3.900000e-07	-5.122580e-06	-1.873984e-09	-3.635689e+01	-1.253406e+02
4.000000e-07	-5.106546e-06	-1.898426e-09	-3.624310e+01	-1.253110e+02
4.100000e-07	-5.090047e-06	-1.915316e-09	-3.612600e+01	-1.252699e+02
4.200000e-07	-5.073255e-06	-1.884554e-09	-3.600682e+01	-1.252166e+02
4.300000e-07	-5.056157e-06	-1.887503e-09	-3.588547e+01	-1.251508e+02
4.400000e-07	-5.038842e-06	-1.923756e-09	-3.576257e+01	-1.250719e+02
4.500000e-07	-5.021211e-06	-1.897774e-09	-3.563744e+01	-1.249798e+02
4.600000e-07	-5.003261e-06	-1.875779e-09	-3.551004e+01	-1.248741e+02
4.700000e-07	-4.984963e-06	-1.889460e-09	-3.538017e+01	-1.247547e+02
4.800000e-07	-4.966324e-06	-1.889329e-09	-3.524789e+01	-1.246217e+02
4.900000e-07	-4.947320e-06	-1.861708e-09	-3.511301e+01	-1.244749e+02
5.000000e-07	-4.927891e-06	-1.864888e-09	-3.497512e+01	-1.243146e+02
5.100000e-07	-4.908139e-06	-1.865937e-09	-3.483492e+01	-1.241408e+02
5.200000e-07	-4.888187e-06	-1.866107e-09	-3.469332e+01	-1.239540e+02
5.300000e-07	-4.868062e-06	-1.871583e-09	-3.455048e+01	-1.237544e+02
5.400000e-07	-4.847741e-06	-1.870836e-09	-3.440626e+01	-1.235425e+02
5.500000e-07	-4.827052e-06	-1.855439e-09	-3.425942e+01	-1.233187e+02
5.600000e-07	-4.805925e-06	-1.861011e-09	-3.410947e+01	-1.230837e+02
5.700000e-07	-4.784417e-06	-1.861311e-09	-3.395682e+01	-1.228379e+02
5.800000e-07	-4.762589e-06	-1.843560e-09	-3.380191e+01	-1.225820e+02
5.900000e-07	-4.740508e-06	-1.828285e-09	-3.364518e+01	-1.223168e+02
6.000000e-07	-4.718154e-06	-1.831105e-09	-3.348653e+01	-1.220430e+02
6.100000e-07	-4.695459e-06	-1.834831e-09	-3.332545e+01	-1.217612e+02
6.200000e-07	-4.672364e-06	-1.836371e-09	-3.316154e+01	-1.214724e+02
6.300000e-07	-4.648981e-06	-1.833479e-09	-3.299558e+01	-1.211772e+02
6.400000e-07	-4.625393e-06	-1.830747e-09	-3.282817e+01	-1.208764e+02
6.500000e-07	-4.601591e-06	-1.835146e-09	-3.265924e+01	-1.205709e+02
6.600000e-07	-4.577536e-06	-1.830134e-09	-3.248851e+01	-1.202614e+02
6.700000e-07	-4.553230e-06	-1.811138e-09	-3.231600e+01	-1.199486e+02
6.800000e-07	-4.528635e-06	-1.798073e-09	-3.214144e+01	-1.196332e+02
6.900000e-07	-4.503556e-06	-1.801576e-09	-3.196344e+01	-1.193161e+02
7.000000e-07	-4.477862e-06	-1.798763e-09	-3.178109e+01	-1.189977e+02
7.100000e-07	-4.451646e-06	-1.792178e-09	-3.159502e+01	-1.186788e+02
7.200000e-07	-4.424926e-06	-1.789120e-09	-3.140538e+01	-1.183598e+02
7.300000e-07	-4.397702e-06	-1.795843e-09	-3.121216e+01	-1.180413e+02
7.400000e-07	-4.370192e-06	-1.794951e-09	-3.101691e+01	-1.177238e+02
7.500000e-07	-4.342508e-06	-1.783742e-09	-3.082043e+01	-1.174076e+02
7.600000e-07	-4.314654e-06	-1.767527e-09	-3.062274e+01	-1.170930e+02
7.700000e-07	-4.286623e-06	-1.767667e-09	-3.042379e+01	-1.167803e+02
7.800000e-07	-4.258384e-06	-1.772290e-09	-3.022337e+01	-1.164697e+02
7.900000e-07	-4.229855e-06	-1.771436e-09	-3.002088e+01	-1.161614e+02
8.000000e-07	-4.200995e-06	-1.761319e-09	-2.981605e+01	-1.158553e+02
8.100000e-07	-4.171843e-06	-1.758295e-09	-2.960915e+01	-1.155515e+02
8.200000e-07	-4.142393e-06	-1.755433e-09	-2.940013e+01	-1.152499e+02
8.300000e-07	-4.112619e-06	-1.748103e-09	-2.918882e+01	-1.149504e+02
8.400000e-07	-4.082563e-06	-1.732808e-09	-2.897550e+01	-1.146528e+02
8.500000e-07	-4.052278e-06	-1.725291e-09	-2.876055e+01	-1.143569e+02
8.600000e-07	-4.021741e-06	-1.730054e-09	-2.854383e+01	-1.140623e+02
8.700000e-07	-3.990919e-06	-1.738924e-09	-2.832507e+01	-1.137687e+02
8.800000e-07	-3.959789e-06	-1.736591e-09	-2.810413e+01	-1.134759e+02
8.900000e-07	-3.928396e-06	-1.725741e-09	-2.788132e+01	-1.131832e+02
9.000000e-07	-3.896819e-06	-1.713496e-09	-2.765720e+01	-1.128904e+02
9.100000e-07	-3.865085e-06	-1.702266e-09	-2.743198e+01	-1.125970e+02
9.200000e-07	-3.833168e-06	-1.691423e-09	-2.720545e+01	-1.123024e+02
9.300000e-07	-3.801054e-06	-1.685476e-09	-2.697753e+01	-1.120062e+02
9.400000e-07	-3.768710e-06	-1.690778e-09	-2.674796e+01	-1.117080e+02
9.500000e-07	-3.736023e-06	-1.701102e-09	-2.651597e+01	-1.114071e+02
9.600000e-07	-3.702966e-06	-1.705193e-09	-2.628135e+01	-1.111031e+02
9.700000e-07	-3.669631e-06	-1.696164e-09	-2.604476e+01	-1.107956e+02
9.800000e-07	-3.635860e-06	-1.678636e-09	-2.580508e+01	-1.104840e+02
9.900000e-07	-3.601531e-06	-1.659685e-09	-2.556144e+01	-1.101680e+02
1.000000e-06	-3.566804e-06	-1.644862e-09	-2.531496e+01	-1.098471e+02
1.010000e-06	-3.531728e-06	-1.637107e-09	-2.506602e+01	-1.095210e+02
1.020000e-06	-3.496361e-06	-1.640192e-09	-2.481500e+01	-1.091893e+02
1.030000e-06	-3.460737e-06	-1.648600e-09	-2.456217e+01	-1.088517e+02
1.040000e-06	-3.424959e-06	-1.657385e-09	-2.430823e+01	-1.085079e+02
1.050000e-06	-3.389071e-06	-1.654995e-09	-2.405353e+01	-1.081578e+02
1.060000e-06	-3.353014e-06	-1.643800e-09	-2.379762e+01	-1.078011e+02
1.070000e-06	-3.316808e-06	-1.625677e-09	-2.354064e+01	-1.074377e+02
1.080000e-06	-3.280469e-06	-1.606046e-09	-2.328274e+01	-1.070674e+02
1.090000e-06	-3.243890e-06	-1.588387e-09	-2.302312e+01	-1.066904e+02
1.100000e-06	-3.206984e-06	-1.581905e-09	-2.276118e+01	-1.063064e+02
1.110000e-06	-3.169853e-06	-1.585440e-09	-2.249765e+01	-1.059157e+02
1.120000e-06	-3.132588e-06	-1.593561e-09	-2.223316e+01	-1.055182e+02
1.130000e-06	-3.095087e-06	-1.594777e-09	-2.196701e+01	-1.051141e+02
1.140000e-06	-3.057296e-06	-1.586868e-09	-2.169879e+01	-1.047035e+02
1.150000e-06	-3.019286e-06	-1.573089e-09	-2.142902e+01	-1.042865e+02
1.160000e-06	-2.981118e-06	-1.557769e-09	-2.115813e+01	-1.038634e+02
1.170000e-06	-2.942872e-06	-1.542220e-09	-2.088668e+01	-1.034345e+02
1.180000e-06	-2.904515e-06	-1.533422e-09	-2.061445e+01	-1.029999e+02
1.190000e-06	-2.865872e-06	-1.531850e-09	-2.034018e+01	-1.025598e+02
1.200000e-06	-2.826822e-06	-1.534313e-09	-2.006303e+01	-1.021147e+02
1.210000e-06	-2.787507e-06	-1.535254e-09	-1.978400e+01	-1.016646e+02
1.220000e-06	-2.748154e-06	-1.531823e-09	-1.950469e+01	-1.012100e+02
1.230000e-06	-2.708706e-06	-1.524754e-09	-1.922471e+01	-1.007510e+02
1.240000e-06	-2.669074e-06	-1.514518e-09	-1.894343e+01	-1.002879e+02
1.250000e-06	-2.629300e-06	-1.501794e-09	-1.866114e+01	-9.982087e+01
1.260000e-06	-2.589422e-06	-1.490560e-09	-1.837811e+01	-9.935022e+01
1.270000e-06	-2.549455e-06	-1.484340e-09	-1.809445e+01	-9.887611e+01
1.280000e-06	-2.509401e-06	-1.480364e-09	-1.781017e+01	-9.839870e+01
1.290000e-06	-2.469234e-06	-1.476636e-09	-1.752509e+01	-9.791812e+01
1.300000e-06	-2.428900e-06	-1.470239e-09	-1.723882e+01	-9.743448e+01
1.310000e-06	-2.388322e-06	-1.463455e-09	-1.695083e+01	-9.694785e+01
1.320000e-06	-2.347400e-06	-1.455512e-09	-1.666039e+01	-9.645826e+01
1.330000e-06	-2.306300e-06	-1.447230e-09	-1.636869e+01	-9.596570e+01
1.340000e-06	-2.265120e-06	-1.438791e-09	-1.607642e+01	-9.547012e+01
1.350000e-06	-2.223609e-06	-1.432651e-09	-1.578180e+01	-9.497143e+01
1.360000e-06	-2.181722e-06	-1.426406e-09	-1.548451e+01	-9.446952e+01
1.370000e-06	-2.139496e-06	-1.417734e-09	-1.518482e+01	-9.396421e+01
1.380000e-06	-2.097016e-06	-1.406425e-09	-1.488332e+01	-9.345529e+01
1.390000e-06	-2.054388e-06	-1.396184e-09	-1.458077e+01	-9.294254e+01
1.400000e-06	-2.011566e-06	-1.386651e-09	-1.427685e+01	-9.242566e+01
1.410000e-06	-1.968460e-06	-1.378905e-09	-1.397091e+01	-9.190435e+01
1.420000e-06	-1.925187e-06	-1.373231e-09	-1.366378e+01	-9.137827e+01
1.430000e-06	-1.881853e-06	-1.368591e-09	-1.335622e+01	-9.084705e+01
1.440000e-06	-1.838373e-06	-1.361771e-09	-1.304763e+01	-9.031029e+01
1.450000e-06	-1.794736e-06	-1.351832e-09	-1.273792e+01	-8.976759e+01
1.460000e-06	-1.750985e-06	-1.337547e-09	-1.242741e+01	-8.921852e+01
1.470000e-06	-1.707168e-06	-1.322619e-09	-1.211642e+01	-8.866262e+01
1.480000e-06	-1.663288e-06	-1.311396e-09	-1.180499e+01	-8.809944e+01
1.490000e-06	-1.619353e-06	-1.304004e-09	-1.149316e+01	-8.752852e+01
1.500000e-06	-1.575347e-06	-1.298701e-09	-1.118084e+01	-8.694940e+01
1.510000e-06	-1.531239e-06	-1.295197e-09	-1.086779e+01	-8.636162e+01
1.520000e-06	-1.487037e-06	-1.291511e-09	-1.055407e+01	-8.576471e+01
1.530000e-06	-1.442796e-06	-1.281089e-09	-1.024007e+01	-8.515822e+01
1.540000e-06	-1.398519e-06	-1.261145e-09	-9.925820e+00	-8.454171e+01
1.550000e-06	-1.354172e-06	-1.240451e-09	-9.611075e+00	-8.391476e+01
1.560000e-06	-1.309722e-06	-1.227775e-09	-9.295595e+00	-8.327695e+01
1.570000e-06	-1.265188e-06	-1.218883e-09	-8.979520e+00	-8.262789e+01
1.580000e-06	-1.220577e-06	-1.210483e-09	-8.662899e+00	-8.196719e+01
1.590000e-06	-1.175917e-06	-1.205001e-09	-8.345930e+00	-8.129451e+01
1.600000e-06	-1.131197e-06	-1.202227e-09	-8.028538e+00	-8.060951e+01
1.610000e-06	-1.086434e-06	-1.194799e-09	-7.710835e+00	-7.991186e+01
1.620000e-06	-1.041570e-06	-1.178622e-09	-7.392415e+00	-7.920128e+01
1.630000e-06	-9.965476e-07	-1.159781e-09	-7.072876e+00	-7.847749e+01
1.640000e-06	-9.514430e-07	-1.144742e-09	-6.752752e+00	-7.774022e+01
1.650000e-06	-9.062744e-07	-1.133490e-09	-6.432174e+00	-7.698925e+01
1.660000e-06	-8.609839e-07	-1.123443e-09	-6.110730e+00	-7.622433e+01
1.670000e-06	-8.156188e-07	-1.113510e-09	-5.788757e+00	-7.544527e+01
1.680000e-06	-7.702194e-07	-1.107299e-09	-5.466539e+00	-7.465184e+01
1.690000e-06	-7.246504e-07	-1.100828e-09	-5.143119e+00	-7.384386e+01
1.700000e-06	-6.790059e-07	-1.087997e-09	-4.819163e+00	-7.302113e+01
1.710000e-06	-6.333946e-07	-1.069087e-09	-4.495442e+00	-7.218344e+01
1.720000e-06	-5.877576e-07	-1.051296e-09	-4.171539e+00	-7.133061e+01
1.730000e-06	-5.421382e-07	-1.038617e-09	-3.847761e+00	-7.046242e+01
1.740000e-06	-4.965541e-07	-1.027310e-09	-3.524233e+00	-6.957865e+01
1.750000e-06	-4.509229e-07	-1.014254e-09	-3.200371e+00	-6.867907e+01
1.760000e-06	-4.052540e-07	-1.002427e-09	-2.876241e+00	-6.776341e+01
1.770000e-06	-3.595988e-07	-9.913750e-10	-2.552209e+00	-6.683141e+01
1.780000e-06	-3.138475e-07	-9.769124e-10	-2.227495e+00	-6.588276e+01
1.790000e-06	-2.680099e-07	-9.581937e-10	-1.902168e+00	-6.491711e+01
1.800000e-06	-2.221533e-07	-9.392184e-10	-1.576706e+00	-6.393412e+01
1.810000e-06	-1.761838e-07	-9.234408e-10	-1.250443e+00	-6.293337e+01
1.820000e-06	-1.301736e-07	-9.104301e-10	-9.238917e-01	-6.191442e+01
1.830000e-06	-8.426381e-08	-8.970325e-10	-5.980523e-01	-6.087682e+01
1.840000e-06	-3.841734e-08	-8.820017e-10	-2.726624e-01	-5.982004e+01
1.850000e-06	7.417235e-09	-8.675701e-10	5.264293e-02	-5.874352e+01
1.860000e-06	5.323471e-08	-8.540181e-10	3.778269e-01	-5.764669e+01
1.870000e-06	9.899177e-08	-8.382157e-10	7.025822e-01	-5.652891e+01
1.880000e-06	1.446948e-07	-8.199645e-10	1.026954e+00	-5.538952e+01
1.890000e-06	1.904509e-07	-8.020185e-10	1.351702e+00	-5.422783e+01
1.900000e-06	2.362394e-07	-7.838472e-10	1.676680e+00	-5.304309e+01
1.910000e-06	2.820538e-07	-7.642533e-10	2.001843e+00	-5.183457e+01
1.920000e-06	3.278647e-07	-7.425469e-10	2.326980e+00	-5.060148e+01
1.930000e-06	3.736054e-07	-7.208916e-10	2.651620e+00	-4.934302e+01
1.940000e-06	4.192561e-07	-7.026229e-10	2.975620e+00	-4.805840e+01
1.950000e-06	4.648711e-07	-6.852095e-10	3.299367e+00	-4.674678e+01
1.960000e-06	5.105109e-07	-6.663168e-10	3.623290e+00	-4.540735e+01
1.970000e-06	5.561547e-07	-6.463904e-10	3.947241e+00	-4.403932e+01
1.980000e-06	6.017679e-07	-6.246831e-10	4.270975e+00	-4.264187e+01
1.990000e-06	6.473068e-07	-6.018609e-10	4.594182e+00	-4.121424e+01
2.000000e-06	6.928032e-07	-5.774647e-10	4.917087e+00	-3.975568e+01
2.010000e-06	7.383120e-07	-5.524848e-10	5.240081e+00	-3.826549e+01
2.020000e-06	7.837946e-07	-5.291112e-10	5.562887e+00	-3.674300e+01
2.030000e-06	8.292010e-07	-5.068432e-10	5.885154e+00	-3.518760e+01
2.040000e-06	8.745168e-07	-4.822609e-10	6.206778e+00	-3.359876e+01
2.050000e-06	9.198111e-07	-4.570927e-10	6.528248e+00	-3.197600e+01
2.060000e-06	9.650632e-07	-4.352556e-10	6.849420e+00	-3.031893e+01
2.070000e-06	1.010113e-06	-4.143596e-10	7.169155e+00	-2.862723e+01
2.080000e-06	1.055001e-06	-3.888819e-10	7.487741e+00	-2.690068e+01
2.090000e-06	1.099812e-06	-3.593465e-10	7.805787e+00	-2.513918e+01
2.100000e-06	1.144552e-06	-3.303967e-10	8.123323e+00	-2.334272e+01
2.110000e-06	1.189220e-06	-3.016976e-10	8.440346e+00	-2.151139e+01
2.120000e-06	1.233789e-06	-2.721751e-10	8.756669e+00	-1.964541e+01
2.130000e-06	1.278289e-06	-2.426927e-10	9.072504e+00	-1.774513e+01
2.140000e-06	1.322712e-06	-2.162819e-10	9.387788e+00	-1.581102e+01
2.150000e-06	1.366989e-06	-1.901251e-10	9.702039e+00	-1.384367e+01
2.160000e-06	1.411186e-06	-1.621271e-10	1.001572e+01	-1.184380e+01
2.170000e-06	1.455376e-06	-1.331895e-10	1.032936e+01	-9.812264e+00
2.180000e-06	1.499498e-06	-1.024843e-10	1.064251e+01	-7.750056e+00
2.190000e-06	1.543534e-06	-7.308718e-11	1.095505e+01	-5.658289e+00
2.200000e-06	1.587535e-06	-4.258620e-11	1.126734e+01	-3.538207e+00
2.210000e-06	1.631500e-06	-9.422529e-12	1.157937e+01	-1.391181e+00
2.220000e-06	1.675419e-06	2.403650e-11	1.189109e+01	7.812956e-01
2.230000e-06	1.719295e-06	5.780243e-11	1.220249e+01	2.977614e+00
2.240000e-06	1.763121e-06	9.368086e-11	1.251354e+01	5.196051e+00
2.250000e-06	1.806882e-06	1.290683e-10	1.282413e+01	7.434779e+00
2.260000e-06	1.850533e-06	1.598358e-10	1.313394e+01	9.691869e+00
2.270000e-06	1.894066e-06	1.878302e-10	1.344291e+01	1.196530e+01
2.280000e-06	1.937462e-06	2.190134e-10	1.375090e+01	1.425298e+01
2.290000e-06	1.980614e-06	2.554736e-10	1.405717e+01	1.655272e+01
2.300000e-06	2.023548e-06	2.930050e-10	1.436189e+01	1.886228e+01
2.310000e-06	2.066339e-06	3.273939e-10	1.466559e+01	2.117937e+01
2.320000e-06	2.108954e-06	3.636632e-10	1.496805e+01	2.350166e+01
2.330000e-06	2.151271e-06	4.042001e-10	1.526839e+01	2.582676e+01
2.340000e-06	2.193228e-06	4.412311e-10	1.556617e+01	2.815227e+01
2.350000e-06	2.234903e-06	4.697401e-10	1.586196e+01	3.047581e+01
2.360000e-06	2.276306e-06	4.969098e-10	1.615580e+01	3.279494e+01
2.370000e-06	2.317441e-06	5.310363e-10	1.644775e+01	3.510729e+01
2.380000e-06	2.358317e-06	5.698959e-10	1.673787e+01	3.741046e+01
2.390000e-06	2.398951e-06	6.064391e-10	1.702626e+01	3.970212e+01
2.400000e-06	2.439342e-06	6.395710e-10	1.731294e+01	4.197996e+01
2.410000e-06	2.479525e-06	6.747030e-10	1.759813e+01	4.424174e+01
2.420000e-06	2.519609e-06	7.129252e-10	1.788262e+01	4.648526e+01
2.430000e-06	2.559619e-06	7.494526e-10	1.816659e+01	4.870840e+01
2.440000e-06	2.599556e-06	7.822261e-10	1.845003e+01	5.090912e+01
2.450000e-06	2.639448e-06	8.139680e-10	1.873317e+01	5.308548e+01
2.460000e-06	2.679212e-06	8.462276e-10	1.901538e+01	5.523561e+01
2.470000e-06	2.718825e-06	8.782124e-10	1.929653e+01	5.735774e+01
2.480000e-06	2.758379e-06	9.070617e-10	1.957726e+01	5.945023e+01
2.490000e-06	2.797739e-06	9.358221e-10	1.985662e+01	6.151153e+01
2.500000e-06	2.836788e-06	9.666895e-10	2.013376e+01	6.354021e+01
2.510000e-06	2.875607e-06	9.993487e-10	2.040927e+01	6.553494e+01
2.520000e-06	2.914183e-06	1.032322e-09	2.068307e+01	6.749455e+01
2.530000e-06	2.952532e-06	1.065538e-09	2.095524e+01	6.941794e+01
2.540000e-06	2.990706e-06	1.098125e-09	2.122617e+01	7.130417e+01
2.550000e-06	3.028725e-06	1.127740e-09	2.149601e+01	7.315241e+01
2.560000e-06	3.066561e-06	1.152309e-09	2.176455e+01	7.496193e+01
2.570000e-06	3.104204e-06	1.172812e-09	2.203171e+01	7.673213e+01
2.580000e-06	3.141684e-06	1.193044e-09	2.229772e+01	7.846255e+01
2.590000e-06	3.178926e-06	1.215990e-09	2.256204e+01	8.015281e+01
2.600000e-06	3.215869e-06	1.242190e-09	2.282424e+01	8.180265e+01
2.610000e-06	3.252481e-06	1.270951e-09	2.308409e+01	8.341191e+01
2.620000e-06	3.288842e-06	1.301859e-09	2.334216e+01	8.498053e+01
2.630000e-06	3.325009e-06	1.331549e-09	2.359885e+01	8.650857e+01
2.640000e-06	3.361021e-06	1.354260e-09	2.385444e+01	8.799613e+01
2.650000e-06	3.396943e-06	1.369938e-09	2.410939e+01	8.944343e+01
2.660000e-06	3.432786e-06	1.381943e-09	2.436378e+01	9.085076e+01
2.670000e-06	3.468558e-06	1.393797e-09	2.461767e+01	9.221847e+01
2.680000e-06	3.504173e-06	1.409064e-09	2.487045e+01	9.354700e+01
2.690000e-06	3.539497e-06	1.428555e-09	2.512115e+01	9.483681e+01
2.700000e-06	3.574435e-06	1.453197e-09	2.536912e+01	9.608845e+01
2.710000e-06	3.609006e-06	1.479949e-09	2.561449e+01	9.730249e+01
2.720000e-06	3.643179e-06	1.502148e-09	2.585702e+01	9.847955e+01
2.730000e-06	3.676840e-06	1.515473e-09	2.609593e+01	9.962028e+01
2.740000e-06	3.710069e-06	1.525738e-09	2.633177e+01	1.007254e+02
2.750000e-06	3.743009e-06	1.538462e-09	2.656556e+01	1.017955e+02
2.760000e-06	3.775645e-06	1.551682e-09	2.679718e+01	1.028315e+02
2.770000e-06	3.807922e-06	1.563784e-09	2.702627e+01	1.038339e+02
2.780000e-06	3.839934e-06	1.580105e-09	2.725347e+01	1.048036e+02
2.790000e-06	3.871855e-06	1.601602e-09	2.748003e+01	1.057414e+02
2.800000e-06	3.903656e-06	1.620145e-09	2.770573e+01	1.066479e+02
2.810000e-06	3.935261e-06	1.631295e-09	2.793004e+01	1.075239e+02
2.820000e-06	3.966631e-06	1.638251e-09	2.815268e+01	1.083702e+02
2.830000e-06	3.997698e-06	1.646981e-09	2.837318e+01	1.091876e+02
2.840000e-06	4.028402e-06	1.659440e-09	2.859109e+01	1.099766e+02
2.850000e-06	4.058722e-06	1.670146e-09	2.880629e+01	1.107382e+02
2.860000e-06	4.088721e-06	1.679984e-09	2.901921e+01	1.114730e+02
2.870000e-06	4.118624e-06	1.692729e-09	2.923144e+01	1.121816e+02
2.880000e-06	4.148403e-06	1.707017e-09	2.944279e+01	1.128649e+02
2.890000e-06	4.177866e-06	1.718197e-09	2.965190e+01	1.135234e+02
2.900000e-06	4.207037e-06	1.723627e-09	2.985894e+01	1.141579e+02
2.910000e-06	4.235865e-06	1.728510e-09	3.006355e+01	1.147690e+02
2.920000e-06	4.264455e-06	1.735997e-09	3.026646e+01	1.153574e+02
2.930000e-06	4.292802e-06	1.743153e-09	3.046765e+01	1.159236e+02
2.940000e-06	4.320863e-06	1.749805e-09	3.066680e+01	1.164684e+02
2.950000e-06	4.348750e-06	1.759236e-09	3.086473e+01	1.169924e+02
2.960000e-06	4.376489e-06	1.770785e-09	3.106161e+01	1.174961e+02
2.970000e-06	4.404077e-06	1.781254e-09	3.125741e+01	1.179803e+02
2.980000e-06	4.431357e-06	1.787355e-09	3.145102e+01	1.184454e+02
2.990000e-06	4.458154e-06	1.789305e-09	3.164121e+01	1.188921e+02
3.000000e-06	4.484367e-06	1.791611e-09	3.182726e+01	1.193210e+02
3.010000e-06	4.509980e-06	1.795471e-09	3.200904e+01	1.197326e+02
3.020000e-06	4.535005e-06	1.799468e-09	3.218665e+01	1.201276e+02
3.030000e-06	4.559591e-06	1.805268e-09	3.236115e+01	1.205066e+02
3.040000e-06	4.583895e-06	1.813341e-09	3.253364e+01	1.208700e+02
3.050000e-06	4.607964e-06	1.822728e-09	3.270447e+01	1.212185e+02
3.060000e-06	4.631772e-06	1.831735e-09	3.287344e+01	1.215527e+02
3.070000e-06	4.655223e-06	1.837797e-09	3.303989e+01	1.218730e+02
3.080000e-06	4.678438e-06	1.840840e-09	3.320465e+01	1.221801e+02
3.090000e-06	4.701294e-06	1.843542e-09	3.336686e+01	1.224745e+02
3.100000e-06	4.723706e-06	1.845957e-09	3.352593e+01	1.227567e+02
3.110000e-06	4.745894e-06	1.847934e-09	3.368341e+01	1.230273e+02
3.120000e-06	4.767859e-06	1.850934e-09	3.383931e+01	1.232867e+02
3.130000e-06	4.789523e-06	1.855726e-09	3.399307e+01	1.235354e+02
3.140000e-06	4.810887e-06	1.860817e-09	3.414469e+01	1.237740e+02
3.150000e-06	4.831857e-06	1.865224e-09	3.429353e+01	1.240028e+02
3.160000e-06	4.852406e-06	1.869417e-09	3.443936e+01	1.242224e+02
3.170000e-06	4.872670e-06	1.873407e-09	3.458319e+01	1.244330e+02
3.180000e-06	4.892711e-06	1.876961e-09	3.472542e+01	1.246352e+02
3.190000e-06	4.912565e-06	1.878914e-09	3.486634e+01	1.248292e+02
3.200000e-06	4.932232e-06	1.879341e-09	3.500592e+01	1.250154e+02
3.210000e-06	4.951656e-06	1.881592e-09	3.514378e+01	1.251942e+02
3.220000e-06	4.970671e-06	1.885465e-09	3.527874e+01	1.253657e+02
3.230000e-06	4.989189e-06	1.889128e-09	3.541017e+01	1.255302e+02
3.240000e-06	5.007315e-06	1.892217e-09	3.553882e+01	1.256879e+02
3.250000e-06	5.025093e-06	1.894901e-09	3.566500e+01	1.258390e+02
3.260000e-06	5.042561e-06	1.897959e-09	3.578897e+01	1.259837e+02
3.270000e-06	5.059760e-06	1.898677e-09	3.591104e+01	1.261221e+02
3.280000e-06	5.076769e-06	1.896664e-09	3.603176e+01	1.262541e+02
3.290000e-06	5.093380e-06	1.896376e-09	3.614965e+01	1.263799e+02
3.300000e-06	5.109482e-06	1.900216e-09	3.626394e+01	1.264995e+02
3.310000e-06	5.125122e-06	1.905752e-09	3.637493e+01	1.266129e+02
3.320000e-06	5.140234e-06	1.910269e-09	3.648219e+01	1.267200e+02
3.330000e-06	5.154884e-06	1.913331e-09	3.658617e+01	1.268207e+02
3.340000e-06	5.169166e-06	1.915403e-09	3.668754e+01	1.269151e+02
3.350000e-06	5.183155e-06	1.915273e-09	3.678682e+01	1.270029e+02
3.360000e-06	5.196786e-06	1.912615e-09	3.688356e+01	1.270840e+02
3.370000e-06	5.210000e-06	1.909592e-09	3.697735e+01	1.271583e+02
3.380000e-06	5.222820e-06	1.908682e-09	3.706833e+01	1.272257e+02
3.390000e-06	5.235257e-06	1.910535e-09	3.715661e+01	1.272860e+02
3.400000e-06	5.247340e-06	1.914866e-09	3.724237e+01	1.273390e+02
3.410000e-06	5.259084e-06	1.919087e-09	3.732572e+01	1.273847e+02
3.420000e-06	5.270432e-06	1.920779e-09	3.740626e+01	1.274228e+02
3.430000e-06	5.281193e-06	1.920593e-09	3.748263e+01	1.274533e+02
3.440000e-06	5.291343e-06	1.918641e-09	3.755467e+01	1.274761e+02
3.450000e-06	5.300904e-06	1.915522e-09	3.762253e+01	1.274910e+02
3.460000e-06	5.309826e-06	1.913610e-09	3.768585e+01	1.274980e+02
3.470000e-06	5.318273e-06	1.914176e-09	3.774580e+01	1.274971e+02
3.480000e-06	5.326410e-06	1.915821e-09	3.780356e+01	1.274883e+02
3.490000e-06	5.334310e-06	1.920805e-09	3.785962e+01	1.274716e+02
3.500000e-06	5.341912e-06	1.924130e-09	3.791358e+01	1.274471e+02
3.510000e-06	5.349211e-06	1.921800e-09	3.796538e+01	1.274149e+02
3.520000e-06	5.356176e-06	1.919014e-09	3.801481e+01	1.273751e+02
3.530000e-06	5.362717e-06	1.918488e-09	3.806124e+01	1.273281e+02
3.540000e-06	5.368907e-06	1.918258e-09	3.810517e+01	1.272740e+02
3.550000e-06	5.374788e-06	1.916467e-09	3.814691e+01	1.272131e+02
3.560000e-06	5.380369e-06	1.914339e-09	3.818652e+01	1.271458e+02
3.570000e-06	5.385597e-06	1.914517e-09	3.822363e+01	1.270725e+02
3.580000e-06	5.390439e-06	1.916980e-09	3.825799e+01	1.269936e+02
3.590000e-06	5.394870e-06	1.917976e-09	3.828944e+01	1.269096e+02
3.600000e-06	5.398952e-06	1.916838e-09	3.831841e+01	1.268211e+02
3.610000e-06	5.402849e-06	1.916744e-09	3.834607e+01	1.267285e+02
3.620000e-06	5.406465e-06	1.917718e-09	3.837174e+01	1.266325e+02
3.630000e-06	5.409732e-06	1.916743e-09	3.839492e+01	1.265337e+02
3.640000e-06	5.412686e-06	1.913602e-09	3.841589e+01	1.264328e+02
3.650000e-06	5.415151e-06	1.911015e-09	3.843338e+01	1.263304e+02
3.660000e-06	5.416895e-06	1.911872e-09	3.844576e+01	1.262273e+02
3.670000e-06	5.418000e-06	1.914582e-09	3.845360e+01	1.261241e+02
3.680000e-06	5.418642e-06	1.917744e-09	3.845816e+01	1.260216e+02
3.690000e-06	5.418901e-06	1.920431e-09	3.846000e+01	1.259205e+02
3.700000e-06	5.418871e-06	1.922017e-09	3.845978e+01	1.258214e+02
3.710000e-06	5.418583e-06	1.923603e-09	3.845774e+01	1.257250e+02
3.720000e-06	5.417990e-06	1.922318e-09	3.845353e+01	1.256321e+02
3.730000e-06	5.417039e-06	1.917004e-09	3.844678e+01	1.255433e+02
3.740000e-06	5.415732e-06	1.911273e-09	3.843751e+01	1.254591e+02
3.750000e-06	5.414005e-06	1.905384e-09	3.842525e+01	1.253801e+02
3.760000e-06	5.411930e-06	1.894377e-09	3.841052e+01	1.253069e+02
3.770000e-06	5.409655e-06	1.877199e-09	3.839437e+01	1.252399e+02
3.780000e-06	5.407080e-06	1.881773e-09	3.837610e+01	1.251795e+02
3.790000e-06	5.404091e-06	1.912117e-09	3.835488e+01	1.251261e+02
3.800000e-06	5.400614e-06	1.874520e-09	3.833021e+01	1.250800e+02
3.810000e-06	5.396733e-06	1.808590e-09	3.830266e+01	1.250413e+02
3.820000e-06	5.392624e-06	1.859610e-09	3.827350e+01	1.250103e+02
3.830000e-06	5.388320e-06	1.932129e-09	3.824295e+01	1.249869e+02
3.840000e-06	5.383685e-06	1.879328e-09	3.821005e+01	1.249712e+02
3.850000e-06	5.378536e-06	1.781288e-09	3.817351e+01	1.249630e+02
3.860000e-06	5.372777e-06	1.824474e-09	3.813264e+01	1.249622e+02
3.870000e-06	5.366591e-06	1.950494e-09	3.808873e+01	1.249686e+02
3.880000e-06	5.360112e-06	1.877736e-09	3.804275e+01	1.249817e+02
3.890000e-06	5.353106e-06	1.749446e-09	3.799303e+01	1.250012e+02
3.900000e-06	5.345479e-06	1.824248e-09	3.793890e+01	1.250266e+02
3.910000e-06	5.337459e-06	1.952995e-09	3.788197e+01	1.250573e+02
3.920000e-06	5.329187e-06	1.857709e-09	3.782326e+01	1.250928e+02
3.930000e-06	5.320568e-06	1.722798e-09	3.776209e+01	1.251322e+02
3.940000e-06	5.311611e-06	1.843435e-09	3.769852e+01	1.251749e+02
3.950000e-06	5.302386e-06	1.944875e-09	3.763305e+01	1.252200e+02
3.960000e-06	5.292800e-06	1.841110e-09	3.756501e+01	1.252668e+02
3.970000e-06	5.282740e-06	1.777314e-09	3.749361e+01	1.253142e+02
3.980000e-06	5.272321e-06	1.932086e-09	3.741967e+01	1.253615e+02
3.990000e-06	5.261635e-06	1.972832e-09	3.734382e+01	1.254076e+02
4.000000e-06	5.250530e-06	1.855176e-09	3.726500e+01	1.254516e+02
4.010000e-06	5.238994e-06	1.872649e-09	3.718313e+01	1.254925e+02
4.020000e-06	5.227088e-06	1.989898e-09	3.709863e+01	1.255294e+02
4.030000e-06	5.214743e-06	1.928127e-09	3.701101e+01	1.255612e+02
4.040000e-06	5.201965e-06	1.830157e-09	3.692032e+01	1.255871e+02
4.050000e-06	5.188766e-06	1.907049e-09	3.682664e+01	1.256062e+02
4.060000e-06	5.175080e-06	1.948505e-09	3.672950e+01	1.256174e+02
4.070000e-06	5.160810e-06	1.859401e-09	3.662822e+01	1.256201e+02
4.080000e-06	5.145910e-06	1.870615e-09	3.652248e+01	1.256133e+02
4.090000e-06	5.130472e-06	1.940632e-09	3.641291e+01	1.255963e+02
4.100000e-06	5.114670e-06	1.892207e-09	3.630076e+01	1.255685e+02
4.110000e-06	5.098588e-06	1.854690e-09	3.618661e+01	1.255291e+02
4.120000e-06	5.082248e-06	1.906225e-09	3.607064e+01	1.254778e+02
4.130000e-06	5.065620e-06	1.891245e-09	3.595262e+01	1.254138e+02
4.140000e-06	5.048514e-06	1.830071e-09	3.583122e+01	1.253370e+02
4.150000e-06	5.031035e-06	1.873595e-09	3.570716e+01	1.252469e+02
4.160000e-06	5.013361e-06	1.903422e-09	3.558172e+01	1.251433e+02
4.170000e-06	4.995401e-06	1.862430e-09	3.545426e+01	1.250261e+02
4.180000e-06	4.977114e-06	1.861359e-09	3.532447e+01	1.248951e+02
4.190000e-06	4.958528e-06	1.899711e-09	3.519256e+01	1.247505e+02
4.200000e-06	4.939599e-06	1.873647e-09	3.505821e+01	1.245922e+02
4.210000e-06	4.920240e-06	1.852796e-09	3.492081e+01	1.244205e+02
4.220000e-06	4.900522e-06	1.855972e-09	3.478087e+01	1.242357e+02
4.230000e-06	4.880641e-06	1.848387e-09	3.463976e+01	1.240380e+02
4.240000e-06	4.860577e-06	1.842980e-09	3.449736e+01	1.238279e+02
4.250000e-06	4.840285e-06	1.856983e-09	3.435334e+01	1.236059e+02
4.260000e-06	4.819770e-06	1.844428e-09	3.420774e+01	1.233725e+02
4.270000e-06	4.798784e-06	1.839484e-09	3.405879e+01	1.231283e+02
4.280000e-06	4.777172e-06	1.849870e-09	3.390540e+01	1.228739e+02
4.290000e-06	4.754862e-06	1.843230e-09	3.374706e+01	1.226100e+02
4.300000e-06	4.731917e-06	1.825564e-09	3.358421e+01	1.223374e+02
4.310000e-06	4.708560e-06	1.826122e-09	3.341844e+01	1.220567e+02
4.320000e-06	4.684877e-06	1.823470e-09	3.325035e+01	1.217688e+02
4.330000e-06	4.660950e-06	1.819381e-09	3.308053e+01	1.214745e+02
4.340000e-06	4.636879e-06	1.812407e-09	3.290969e+01	1.211744e+02
4.350000e-06	4.612685e-06	1.799079e-09	3.273797e+01	1.208694e+02
4.360000e-06	4.588188e-06	1.796431e-09	3.256411e+01	1.205603e+02
4.370000e-06	4.563382e-06	1.804542e-09	3.238805e+01	1.202479e+02
4.380000e-06	4.538244e-06	1.793196e-09	3.220964e+01	1.199327e+02
4.390000e-06	4.512647e-06	1.777642e-09	3.202797e+01	1.196157e+02
4.400000e-06	4.486718e-06	1.781594e-09	3.184394e+01	1.192973e+02
4.410000e-06	4.460583e-06	1.782777e-09	3.165845e+01	1.189782e+02
4.420000e-06	4.434177e-06	1.771178e-09	3.147104e+01	1.186590e+02
4.430000e-06	4.407405e-06	1.757599e-09	3.128103e+01	1.183403e+02
4.440000e-06	4.380252e-06	1.751513e-09	3.108831e+01	1.180224e+02
4.450000e-06	4.352767e-06	1.752404e-09	3.089324e+01	1.177057e+02
4.460000e-06	4.325057e-06	1.756267e-09	3.069657e+01	1.173907e+02
4.470000e-06	4.297187e-06	1.750877e-09	3.049877e+01	1.170775e+02
4.480000e-06	4.269182e-06	1.750829e-09	3.030001e+01	1.167664e+02
4.490000e-06	4.241013e-06	1.755545e-09	3.010008e+01	1.164575e+02
4.500000e-06	4.212560e-06	1.756819e-09	2.989814e+01	1.161508e+02
4.510000e-06	4.183786e-06	1.746972e-09	2.969392e+01	1.158465e+02
4.520000e-06	4.154650e-06	1.737066e-09	2.948713e+01	1.155444e+02
4.530000e-06	4.125033e-06	1.729855e-09	2.927692e+01	1.152443e+02
4.540000e-06	4.094872e-06	1.731384e-09	2.906286e+01	1.149463e+02
4.550000e-06	4.064188e-06	1.733888e-09	2.884508e+01	1.146499e+02
4.560000e-06	4.033084e-06	1.733124e-09	2.862433e+01	1.143549e+02
4.570000e-06	4.001662e-06	1.729598e-09	2.840131e+01	1.140611e+02
4.580000e-06	3.969984e-06	1.729934e-09	2.817648e+01	1.137679e+02
4.590000e-06	3.938090e-06	1.724756e-09	2.795012e+01	1.134751e+02
4.600000e-06	3.905997e-06	1.715156e-09	2.772234e+01	1.131822e+02
4.610000e-06	3.873725e-06	1.705473e-09	2.749330e+01	1.128887e+02
4.620000e-06	3.841267e-06	1.702422e-09	2.726293e+01	1.125942e+02
4.630000e-06	3.808574e-06	1.699343e-09	2.703089e+01	1.122981e+02
4.640000e-06	3.775573e-06	1.692992e-09	2.679667e+01	1.120001e+02
4.650000e-06	3.742228e-06	1.685170e-09	2.656001e+01	1.116995e+02
4.660000e-06	3.708661e-06	1.680456e-09	2.632177e+01	1.113959e+02
4.670000e-06	3.674882e-06	1.677702e-09	2.608203e+01	1.110888e+02
4.680000e-06	3.640852e-06	1.674031e-09	2.584051e+01	1.107778e+02
4.690000e-06	3.606655e-06	1.669095e-09	2.559780e+01	1.104623e+02
4.700000e-06	3.572300e-06	1.665240e-09	2.535397e+01	1.101421e+02
4.710000e-06	3.537647e-06	1.664006e-09	2.510802e+01	1.098167e+02
4.720000e-06	3.502625e-06	1.658140e-09	2.485946e+01	1.094858e+02
4.730000e-06	3.467314e-06	1.646099e-09	2.460885e+01	1.091490e+02
4.740000e-06	3.431774e-06	1.634968e-09	2.435660e+01	1.088061e+02
4.750000e-06	3.396025e-06	1.631402e-09	2.410287e+01	1.084569e+02
4.760000e-06	3.360174e-06	1.631823e-09	2.384843e+01	1.081011e+02
4.770000e-06	3.324215e-06	1.631630e-09	2.359321e+01	1.077386e+02
4.780000e-06	3.288085e-06	1.627485e-09	2.333678e+01	1.073694e+02
4.790000e-06	3.251801e-06	1.621680e-09	2.307926e+01	1.069933e+02
4.800000e-06	3.215325e-06	1.612288e-09	2.282038e+01	1.066103e+02
4.810000e-06	3.178620e-06	1.599815e-09	2.255987e+01	1.062205e+02
4.820000e-06	3.141610e-06	1.585006e-09	2.229720e+01	1.058240e+02
4.830000e-06	3.104263e-06	1.576464e-09	2.203213e+01	1.054208e+02
4.840000e-06	3.066565e-06	1.573559e-09	2.176458e+01	1.050110e+02
4.850000e-06	3.028469e-06	1.574351e-09	2.149419e+01	1.045950e+02
4.860000e-06	2.990016e-06	1.573187e-09	2.122128e+01	1.041727e+02
4.870000e-06	2.951245e-06	1.567044e-09	2.094611e+01	1.037446e+02
4.880000e-06	2.912113e-06	1.557730e-09	2.066837e+01	1.033107e+02
4.890000e-06	2.872742e-06	1.546258e-09	2.038894e+01	1.028714e+02
4.900000e-06	2.833195e-06	1.532722e-09	2.010826e+01	1.024269e+02
4.910000e-06	2.793402e-06	1.524279e-09	1.982583e+01	1.019774e+02
4.920000e-06	2.753428e-06	1.524407e-09	1.954213e+01	1.015234e+02
4.930000e-06	2.713382e-06	1.528273e-09	1.925790e+01	1.010649e+02
4.940000e-06	2.673280e-06	1.525562e-09	1.897328e+01	1.006023e+02
4.950000e-06	2.633075e-06	1.519770e-09	1.868793e+01	1.001357e+02
4.960000e-06	2.592698e-06	1.511464e-09	1.840136e+01	9.966550e+01
4.970000e-06	2.552144e-06	1.501455e-09	1.811353e+01	9.919178e+01
4.980000e-06	2.511458e-06	1.490811e-09	1.782477e+01	9.871473e+01
4.990000e-06	2.470654e-06	1.483288e-09	1.753517e+01	9.823450e+01
5.000000e-06	2.429692e-06	1.482317e-09	1.724445e+01	9.775119e+01
5.010000e-06	2.388523e-06	1.482596e-09	1.695226e+01	9.726488e+01
5.020000e-06	2.347151e-06	1.476581e-09	1.665862e+01	9.677560e+01
5.030000e-06	2.305595e-06	1.464982e-09	1.636368e+01	9.628336e+01
5.040000e-06	2.263862e-06	1.454062e-09	1.606749e+01	9.578811e+01
5.050000e-06	2.221964e-06	1.444411e-09	1.577012e+01	9.528978e+01
5.060000e-06	2.179943e-06	1.435807e-09	1.547188e+01	9.478823e+01
5.070000e-06	2.137776e-06	1.428318e-09	1.517261e+01	9.428333e+01
5.080000e-06	2.095403e-06	1.425231e-09	1.487187e+01	9.377485e+01
5.090000e-06	2.052857e-06	1.421982e-09	1.456991e+01	9.326258e+01
5.100000e-06	2.010231e-06	1.414526e-09	1.426737e+01	9.274623e+01
5.110000e-06	1.967451e-06	1.403215e-09	1.396375e+01	9.222551e+01
5.120000e-06	1.924490e-06	1.390942e-09	1.365883e+01	9.170007e+01
5.130000e-06	1.881450e-06	1.381641e-09	1.335337e+01	9.116956e+01
5.140000e-06	1.838240e-06	1.378737e-09	1.304669e+01	9.063358e+01
5.150000e-06	1.794849e-06	1.378415e-09	1.273872e+01	9.009173e+01
5.160000e-06	1.751384e-06	1.378094e-09	1.243024e+01	8.954357e+01
5.170000e-06	1.707867e-06	1.374450e-09	1.212138e+01	8.898866e+01
5.180000e-06	1.664274e-06	1.366184e-09	1.181199e+01	8.842655e+01
5.190000e-06	1.620545e-06	1.352619e-09	1.150162e+01	8.785678e+01
5.200000e-06	1.576711e-06	1.335244e-09	1.119052e+01	8.727888e+01
5.210000e-06	1.532815e-06	1.320958e-09	1.087897e+01	8.669240e+01
5.220000e-06	1.488851e-06	1.309466e-09	1.056694e+01	8.609686e+01
5.230000e-06	1.444841e-06	1.302972e-09	1.025459e+01	8.549183e+01
5.240000e-06	1.400815e-06	1.300936e-09	9.942113e+00	8.487684e+01
5.250000e-06	1.356730e-06	1.300828e-09	9.629227e+00	8.425149e+01
5.260000e-06	1.312554e-06	1.298912e-09	9.315693e+00	8.361534e+01
5.270000e-06	1.268309e-06	1.291813e-09	9.001669e+00	8.296800e+01
5.280000e-06	1.223997e-06	1.276668e-09	8.687174e+00	8.230909e+01
5.290000e-06	1.179717e-06	1.255596e-09	8.372901e+00	8.163826e+01
5.300000e-06	1.135434e-06	1.237778e-09	8.058604e+00	8.095515e+01
5.310000e-06	1.091101e-06	1.224126e-09	7.743960e+00	8.025946e+01
5.320000e-06	1.046735e-06	1.213498e-09	7.429077e+00	7.955088e+01
5.330000e-06	1.002181e-06	1.206169e-09	7.112859e+00	7.882913e+01
5.340000e-06	9.575041e-07	1.202369e-09	6.795770e+00	7.809395e+01
5.350000e-06	9.127689e-07	1.197652e-09	6.478267e+00	7.734510e+01
5.360000e-06	8.679486e-07	1.186676e-09	6.160161e+00	7.658235e+01
5.370000e-06	8.231367e-07	1.170664e-09	5.842113e+00	7.580548e+01
5.380000e-06	7.782719e-07	1.154551e-09	5.523691e+00	7.501429e+01
5.390000e-06	7.333621e-07	1.139001e-09	5.204949e+00	7.420857e+01
5.400000e-06	6.883661e-07	1.126832e-09	4.885596e+00	7.338813e+01
5.410000e-06	6.432390e-07	1.115927e-09	4.565311e+00	7.255278e+01
5.420000e-06	5.980311e-07	1.104091e-09	4.244454e+00	7.170231e+01
5.430000e-06	5.527319e-07	1.091840e-09	3.922948e+00	7.083652e+01
5.440000e-06	5.074469e-07	1.080078e-09	3.601544e+00	6.995518e+01
5.450000e-06	4.622282e-07	1.066569e-09	3.280609e+00	6.905808e+01
5.460000e-06	4.169072e-07	1.050139e-09	2.958949e+00	6.814495e+01
5.470000e-06	3.714773e-07	1.033062e-09	2.636515e+00	6.721551e+01
5.480000e-06	3.260157e-07	1.019657e-09	2.313857e+00	6.626948e+01
5.490000e-06	2.805287e-07	1.008026e-09	1.991019e+00	6.530651e+01
5.500000e-06	2.350776e-07	9.935435e-10	1.668435e+00	6.432626e+01
5.510000e-06	1.895239e-07	9.747828e-10	1.345123e+00	6.332832e+01
5.520000e-06	1.439182e-07	9.552624e-10	1.021442e+00	6.231227e+01
5.530000e-06	9.842794e-08	9.378416e-10	6.985805e-01	6.127763e+01
5.540000e-06	5.306536e-08	9.226467e-10	3.766250e-01	6.022391e+01
5.550000e-06	7.762757e-09	9.094543e-10	5.509524e-02	5.915055e+01
5.560000e-06	-3.758955e-08	8.968153e-10	-2.667873e-01	5.805697e+01
5.570000e-06	-8.306017e-08	8.840659e-10	-5.895095e-01	5.694255e+01
5.580000e-06	-1.285542e-07	8.685158e-10	-9.123979e-01	5.580663e+01
5.590000e-06	-1.739955e-07	8.474931e-10	-1.234912e+00	5.464853e+01
5.600000e-06	-2.193929e-07	8.226841e-10	-1.557115e+00	5.346751e+01
5.610000e-06	-2.646882e-07	7.982096e-10	-1.878592e+00	5.226283e+01
5.620000e-06	-3.099054e-07	7.783275e-10	-2.199516e+00	5.103371e+01
5.630000e-06	-3.550990e-07	7.621994e-10	-2.520273e+00	4.977937e+01
5.640000e-06	-4.003464e-07	7.457343e-10	-2.841411e+00	4.849898e+01
5.650000e-06	-4.456062e-07	7.296188e-10	-3.162636e+00	4.719174e+01
5.660000e-06	-4.907556e-07	7.123179e-10	-3.483079e+00	4.585683e+01
5.670000e-06	-5.357663e-07	6.927597e-10	-3.802537e+00	4.449344e+01
5.680000e-06	-5.807339e-07	6.688472e-10	-4.121689e+00	4.310078e+01
5.690000e-06	-6.257820e-07	6.400373e-10	-4.441412e+00	4.167805e+01
5.700000e-06	-6.708356e-07	6.104800e-10	-4.761175e+00	4.022452e+01
5.710000e-06	-7.158820e-07	5.843934e-10	-5.080887e+00	3.873947e+01
5.720000e-06	-7.608975e-07	5.638268e-10	-5.400378e+00	3.722223e+01
5.730000e-06	-8.057581e-07	5.489867e-10	-5.718771e+00	3.567219e+01
5.740000e-06	-8.504904e-07	5.337144e-10	-6.036254e+00	3.408878e+01
5.750000e-06	-8.950902e-07	5.144473e-10	-6.352795e+00	3.247153e+01
5.760000e-06	-9.396237e-07	4.894546e-10	-6.668866e+00	3.082002e+01
5.770000e-06	-9.841245e-07	4.576388e-10	-6.984705e+00	2.913393e+01
5.780000e-06	-1.028510e-06	4.233149e-10	-7.299723e+00	2.741303e+01
5.790000e-06	-1.072817e-06	3.911978e-10	-7.614188e+00	2.565718e+01
5.800000e-06	-1.117113e-06	3.602752e-10	-7.928573e+00	2.386636e+01
5.810000e-06	-1.161375e-06	3.333098e-10	-8.242719e+00	2.204066e+01
5.820000e-06	-1.205596e-06	3.127302e-10	-8.556571e+00	2.018026e+01
5.830000e-06	-1.249729e-06	2.926979e-10	-8.869804e+00	1.828549e+01
5.840000e-06	-1.293815e-06	2.686178e-10	-9.182697e+00	1.635681e+01
5.850000e-06	-1.337875e-06	2.394521e-10	-9.495405e+00	1.439477e+01
5.860000e-06	-1.381846e-06	2.059137e-10	-9.807486e+00	1.240009e+01
5.870000e-06	-1.425798e-06	1.708130e-10	-1.011943e+01	1.037359e+01
5.880000e-06	-1.469743e-06	1.368802e-10	-1.043133e+01	8.316244e+00
5.890000e-06	-1.513657e-06	1.042172e-10	-1.074300e+01	6.229144e+00
5.900000e-06	-1.557510e-06	7.417239e-11	-1.105424e+01	4.113514e+00
5.910000e-06	-1.601262e-06	4.653143e-11	-1.136476e+01	1.970703e+00
5.920000e-06	-1.644922e-06	1.725904e-11	-1.167464e+01	-1.978170e-01
5.930000e-06	-1.688491e-06	-1.301459e-11	-1.198386e+01	-2.390455e+00
5.940000e-06	-1.731949e-06	-4.448063e-11	-1.229230e+01	-4.605505e+00
5.950000e-06	-1.775314e-06	-8.068531e-11	-1.260008e+01	-6.841159e+00
5.960000e-06	-1.818583e-06	-1.204635e-10	-1.290717e+01	-9.095502e+00
5.970000e-06	-1.861687e-06	-1.596676e-10	-1.321310e+01	-1.136653e+01
5.980000e-06	-1.904535e-06	-1.969143e-10	-1.351721e+01	-1.365216e+01
5.990000e-06	-1.947182e-06	-2.329478e-10	-1.381989e+01	-1.595022e+01
6.000000e-06	-1.989672e-06	-2.688639e-10	-1.412146e+01	-1.825848e+01
6.010000e-06	-2.032036e-06	-3.050653e-10	-1.442213e+01	-2.057465e+01
6.020000e-06	-2.074350e-06	-3.412893e-10	-1.472245e+01	-2.289641e+01
6.030000e-06	-2.116572e-06	-3.790891e-10	-1.502211e+01	-2.522138e+01
6.040000e-06	-2.158688e-06	-4.173878e-10	-1.532103e+01	-2.754717e+01
6.050000e-06	-2.200680e-06	-4.540232e-10	-1.561906e+01	-2.987138e+01
6.060000e-06	-2.242531e-06	-4.887727e-10	-1.591609e+01	-3.219159e+01
6.070000e-06	-2.284166e-06	-5.252280e-10	-1.621159e+01	-3.450541e+01
6.080000e-06	-2.325571e-06	-5.632385e-10	-1.650546e+01	-3.681045e+01
6.090000e-06	-2.366773e-06	-5.982826e-10	-1.679789e+01	-3.910437e+01
6.100000e-06	-2.407842e-06	-6.298216e-10	-1.708937e+01	-4.138485e+01
6.110000e-06	-2.448732e-06	-6.623465e-10	-1.737958e+01	-4.364963e+01
6.120000e-06	-2.489424e-06	-6.993802e-10	-1.766838e+01	-4.589652e+01
6.130000e-06	-2.529986e-06	-7.378408e-10	-1.795627e+01	-4.812337e+01
6.140000e-06	-2.570388e-06	-7.728310e-10	-1.824302e+01	-5.032815e+01
6.150000e-06	-2.610646e-06	-8.030921e-10	-1.852875e+01	-5.250888e+01
6.160000e-06	-2.650778e-06	-8.337491e-10	-1.881358e+01	-5.466367e+01
6.170000e-06	-2.690835e-06	-8.686832e-10	-1.909787e+01	-5.679077e+01
6.180000e-06	-2.730789e-06	-9.030585e-10	-1.938145e+01	-5.888849e+01
6.190000e-06	-2.770627e-06	-9.337190e-10	-1.966419e+01	-6.095526e+01
6.200000e-06	-2.810348e-06	-9.662584e-10	-1.994610e+01	-6.298965e+01
6.210000e-06	-2.849901e-06	-1.000277e-09	-2.022683e+01	-6.499030e+01
6.220000e-06	-2.889276e-06	-1.029868e-09	-2.050629e+01	-6.695602e+01
6.230000e-06	-2.928358e-06	-1.054613e-09	-2.078367e+01	-6.888569e+01
6.240000e-06	-2.967132e-06	-1.078708e-09	-2.105886e+01	-7.077835e+01
6.250000e-06	-3.005610e-06	-1.107717e-09	-2.133196e+01	-7.263315e+01
6.260000e-06	-3.043753e-06	-1.138950e-09	-2.160267e+01	-7.444934e+01
6.270000e-06	-3.081486e-06	-1.167092e-09	-2.187048e+01	-7.622631e+01
6.280000e-06	-3.118834e-06	-1.193307e-09	-2.213555e+01	-7.796357e+01
6.290000e-06	-3.155928e-06	-1.221192e-09	-2.239882e+01	-7.966072e+01
6.300000e-06	-3.192637e-06	-1.248335e-09	-2.265936e+01	-8.131748e+01
6.310000e-06	-3.228999e-06	-1.270835e-09	-2.291743e+01	-8.293369e+01
6.320000e-06	-3.265165e-06	-1.288541e-09	-2.317412e+01	-8.450926e+01
6.330000e-06	-3.301221e-06	-1.306779e-09	-2.343002e+01	-8.604423e+01
6.340000e-06	-3.337193e-06	-1.330733e-09	-2.368532e+01	-8.753870e+01
6.350000e-06	-3.373013e-06	-1.356751e-09	-2.393955e+01	-8.899287e+01
6.360000e-06	-3.408671e-06	-1.377817e-09	-2.419263e+01	-9.040701e+01
6.370000e-06	-3.444117e-06	-1.394592e-09	-2.444420e+01	-9.178148e+01
6.380000e-06	-3.479334e-06	-1.414650e-09	-2.469416e+01	-9.311668e+01
6.390000e-06	-3.514325e-06	-1.436665e-09	-2.494250e+01	-9.441308e+01
6.400000e-06	-3.549010e-06	-1.456380e-09	-2.518867e+01	-9.567122e+01
6.410000e-06	-3.583390e-06	-1.474649e-09	-2.543268e+01	-9.689166e+01
6.420000e-06	-3.617589e-06	-1.493250e-09	-2.567540e+01	-9.807501e+01
6.430000e-06	-3.651618e-06	-1.511916e-09	-2.591692e+01	-9.922193e+01
6.440000e-06	-3.685381e-06	-1.525498e-09	-2.615655e+01	-1.003331e+02
6.450000e-06	-3.718928e-06	-1.534379e-09	-2.639465e+01	-1.014092e+02
6.460000e-06	-3.752185e-06	-1.545033e-09	-2.663068e+01	-1.024510e+02
6.470000e-06	-3.785081e-06	-1.559791e-09	-2.686416e+01	-1.034591e+02
6.480000e-06	-3.817676e-06	-1.578118e-09	-2.709549e+01	-1.044344e+02
6.490000e-06	-3.850038e-06	-1.598975e-09	-2.732518e+01	-1.053776e+02
6.500000e-06	-3.882231e-06	-1.618678e-09	-2.755367e+01	-1.062894e+02
6.510000e-06	-3.914290e-06	-1.633225e-09	-2.778120e+01	-1.071707e+02
6.520000e-06	-3.946223e-06	-1.641766e-09	-2.800785e+01	-1.080221e+02
6.530000e-06	-3.977960e-06	-1.647642e-09	-2.823309e+01	-1.088444e+02
6.540000e-06	-4.009387e-06	-1.654418e-09	-2.845614e+01	-1.096383e+02
6.550000e-06	-4.040378e-06	-1.662422e-09	-2.867610e+01	-1.104045e+02
6.560000e-06	-4.070938e-06	-1.673595e-09	-2.889299e+01	-1.111439e+02
6.570000e-06	-4.101047e-06	-1.690472e-09	-2.910669e+01	-1.118570e+02
6.580000e-06	-4.130544e-06	-1.708987e-09	-2.931604e+01	-1.125447e+02
6.590000e-06	-4.159576e-06	-1.723801e-09	-2.952209e+01	-1.132074e+02
6.600000e-06	-4.188289e-06	-1.732116e-09	-2.972588e+01	-1.138461e+02
6.610000e-06	-4.216667e-06	-1.736981e-09	-2.992729e+01	-1.144612e+02
6.620000e-06	-4.244832e-06	-1.742859e-09	-3.012719e+01	-1.150535e+02
6.630000e-06	-4.272827e-06	-1.749901e-09	-3.032588e+01	-1.156236e+02
6.640000e-06	-4.300700e-06	-1.759298e-09	-3.052370e+01	-1.161721e+02
6.650000e-06	-4.328408e-06	-1.770217e-09	-3.072035e+01	-1.166996e+02
6.660000e-06	-4.355780e-06	-1.782007e-09	-3.091462e+01	-1.172069e+02
6.670000e-06	-4.382790e-06	-1.793322e-09	-3.110633e+01	-1.176944e+02
6.680000e-06	-4.409515e-06	-1.799791e-09	-3.129600e+01	-1.181628e+02
6.690000e-06	-4.435966e-06	-1.802260e-09	-3.148373e+01	-1.186127e+02
6.700000e-06	-4.462069e-06	-1.805953e-09	-3.166900e+01	-1.190447e+02
6.710000e-06	-4.487828e-06	-1.812937e-09	-3.185182e+01	-1.194594e+02
6.720000e-06	-4.513333e-06	-1.820379e-09	-3.203284e+01	-1.198573e+02
6.730000e-06	-4.538529e-06	-1.826197e-09	-3.221166e+01	-1.202390e+02
6.740000e-06	-4.563326e-06	-1.831461e-09	-3.238766e+01	-1.206052e+02
6.750000e-06	-4.587828e-06	-1.837217e-09	-3.256156e+01	-1.209563e+02
6.760000e-06	-4.612061e-06	-1.843520e-09	-3.273355e+01	-1.212930e+02
6.770000e-06	-4.636056e-06	-1.848062e-09	-3.290385e+01	-1.216158e+02
6.780000e-06	-4.659925e-06	-1.852408e-09	-3.307325e+01	-1.219253e+02
6.790000e-06	-4.683560e-06	-1.859975e-09	-3.324100e+01	-1.222219e+02
6.800000e-06	-4.706807e-06	-1.868938e-09	-3.340599e+01	-1.225063e+02
6.810000e-06	-4.729626e-06	-1.874803e-09	-3.356795e+01	-1.227790e+02
6.820000e-06	-4.751975e-06	-1.876664e-09	-3.372657e+01	-1.230404e+02
6.830000e-06	-4.773729e-06	-1.878178e-09	-3.388096e+01	-1.232910e+02
6.840000e-06	-4.794869e-06	-1.881939e-09	-3.403101e+01	-1.235314e+02
6.850000e-06	-4.815523e-06	-1.884933e-09	-3.417759e+01	-1.237620e+02
6.860000e-06	-4.835828e-06	-1.886692e-09	-3.432171e+01	-1.239833e+02
6.870000e-06	-4.855910e-06	-1.890562e-09	-3.446423e+01	-1.241955e+02
6.880000e-06	-4.875842e-06	-1.896775e-09	-3.460570e+01	-1.243993e+02
6.890000e-06	-4.895561e-06	-1.902747e-09	-3.474565e+01	-1.245948e+02
6.900000e-06	-4.915026e-06	-1.906125e-09	-3.488381e+01	-1.247825e+02
6.910000e-06	-4.934129e-06	-1.909122e-09	-3.501938e+01	-1.249626e+02
6.920000e-06	-4.952819e-06	-1.914424e-09	-3.515204e+01	-1.251355e+02
6.930000e-06	-4.971202e-06	-1.919851e-09	-3.528251e+01	-1.253013e+02
6.940000e-06	-4.989244e-06	-1.921282e-09	-3.541056e+01	-1.254603e+02
6.950000e-06	-5.006896e-06	-1.922259e-09	-3.553584e+01	-1.256127e+02
6.960000e-06	-5.024288e-06	-1.925830e-09	-3.565928e+01	-1.257587e+02
6.970000e-06	-5.041354e-06	-1.928786e-09	-3.578040e+01	-1.258982e+02
6.980000e-06	-5.058024e-06	-1.929085e-09	-3.589871e+01	-1.260315e+02
6.990000e-06	-5.074400e-06	-1.928060e-09	-3.601494e+01	-1.261585e+02
7.000000e-06	-5.090461e-06	-1.929148e-09	-3.612893e+01	-1.262793e+02
7.010000e-06	-5.106303e-06	-1.930869e-09	-3.624137e+01	-1.263939e+02
7.020000e-06	-5.121990e-06	-1.932514e-09	-3.635271e+01	-1.265022e+02
7.030000e-06	-5.137228e-06	-1.934986e-09	-3.646086e+01	-1.266042e+02
7.040000e-06	-5.151837e-06	-1.938247e-09	-3.656455e+01	-1.266998e+02
7.050000e-06	-5.165871e-06	-1.938634e-09	-3.666415e+01	-1.267889e+02
7.060000e-06	-5.179320e-06	-1.933348e-09	-3.675960e+01	-1.268713e+02
7.070000e-06	-5.192218e-06	-1.927020e-09	-3.685114e+01	-1.269469e+02
7.080000e-06	-5.204649e-06	-1.923424e-09	-3.693937e+01	-1.270156e+02
7.090000e-06	-5.216693e-06	-1.924752e-09	-3.702485e+01	-1.270773e+02
7.100000e-06	-5.228332e-06	-1.930747e-09	-3.710746e+01	-1.271317e+02
7.110000e-06	-5.239637e-06	-1.937512e-09	-3.718769e+01	-1.271788e+02
7.120000e-06	-5.250648e-06	-1.941672e-09	-3.726584e+01	-1.272184e+02
7.130000e-06	-5.261331e-06	-1.942315e-09	-3.734166e+01	-1.272504e+02
7.140000e-06	-5.271644e-06	-1.938219e-09	-3.741486e+01	-1.272746e+02
7.150000e-06	-5.281576e-06	-1.931051e-09	-3.748535e+01	-1.272910e+02
7.160000e-06	-5.291174e-06	-1.924759e-09	-3.755347e+01	-1.272995e+02
7.170000e-06	-5.300405e-06	-1.921036e-09	-3.761898e+01	-1.273001e+02
7.180000e-06	-5.309155e-06	-1.921472e-09	-3.768109e+01	-1.272928e+02
7.190000e-06	-5.317533e-06	-1.927143e-09	-3.774055e+01	-1.272776e+02
7.200000e-06	-5.325660e-06	-1.933547e-09	-3.779823e+01	-1.272545e+02
7.210000e-06	-5.333596e-06	-1.935840e-09	-3.785456e+01	-1.272238e+02
7.220000e-06	-5.341329e-06	-1.933666e-09	-3.790944e+01	-1.271854e+02
7.230000e-06	-5.348740e-06	-1.928531e-09	-3.796204e+01	-1.271398e+02
7.240000e-06	-5.355717e-06	-1.921745e-09	-3.801156e+01	-1.270870e+02
7.250000e-06	-5.362132e-06	-1.916062e-09	-3.805709e+01	-1.270274e+02
7.260000e-06	-5.367944e-06	-1.915247e-09	-3.809834e+01	-1.269613e+02
7.270000e-06	-5.373056e-06	-1.918984e-09	-3.813462e+01	-1.268892e+02
7.280000e-06	-5.377587e-06	-1.924058e-09	-3.816678e+01	-1.268114e+02
7.290000e-06	-5.381829e-06	-1.928558e-09	-3.819688e+01	-1.267284e+02
7.300000e-06	-5.385825e-06	-1.928588e-09	-3.822524e+01	-1.266407e+02
7.310000e-06	-5.389587e-06	-1.922682e-09	-3.825194e+01	-1.265489e+02
7.320000e-06	-5.393160e-06	-1.914750e-09	-3.827731e+01	-1.264536e+02
7.330000e-06	-5.396380e-06	-1.908669e-09	-3.830016e+01	-1.263555e+02
7.340000e-06	-5.399189e-06	-1.908230e-09	-3.832010e+01	-1.262550e+02
7.350000e-06	-5.401684e-06	-1.912255e-09	-3.833780e+01	-1.261530e+02
7.360000e-06	-5.403847e-06	-1.915562e-09	-3.835315e+01	-1.260502e+02
7.370000e-06	-5.405706e-06	-1.916265e-09	-3.836635e+01	-1.259471e+02
7.380000e-06	-5.407166e-06	-1.914778e-09	-3.837671e+01	-1.258446e+02
7.390000e-06	-5.408171e-06	-1.911254e-09	-3.838384e+01	-1.257434e+02
7.400000e-06	-5.408823e-06	-1.908778e-09	-3.838847e+01	-1.256441e+02
