# Temperatura_=_-1.5
# Concentracion g/m^3_=_4090.0
# C_Vs_to_Am_M_A/Vsm_=_65563218390.804596
# pendiente_HvsI_1/m_=_3716.3
# ordenada_HvsI_A/m_=_1297.0
# frecuencia_Hz_=_135074.86016490066

Tiempo_(s)	Campo_(V.s)	Magnetizacion_(V.s)	Campo_(kA/m)	Magnetizacion_(A/m)
0.000000e+00	-5.398954e-06	-2.079654e-09	-3.838823e+01	-1.381578e+02
1.000000e-08	-5.399117e-06	-2.079030e-09	-3.838939e+01	-1.380624e+02
2.000000e-08	-5.399104e-06	-2.074105e-09	-3.838930e+01	-1.379744e+02
3.000000e-08	-5.398867e-06	-2.065960e-09	-3.838761e+01	-1.378944e+02
4.000000e-08	-5.398297e-06	-2.058402e-09	-3.838355e+01	-1.378231e+02
5.000000e-08	-5.397271e-06	-2.056720e-09	-3.837626e+01	-1.377610e+02
6.000000e-08	-5.395673e-06	-2.061293e-09	-3.836490e+01	-1.377085e+02
7.000000e-08	-5.393496e-06	-2.073134e-09	-3.834942e+01	-1.376660e+02
8.000000e-08	-5.390810e-06	-2.081547e-09	-3.833032e+01	-1.376337e+02
9.000000e-08	-5.387469e-06	-2.077960e-09	-3.830656e+01	-1.376118e+02
1.000000e-07	-5.383577e-06	-2.052388e-09	-3.827889e+01	-1.376004e+02
1.100000e-07	-5.379391e-06	-2.061306e-09	-3.824913e+01	-1.375995e+02
1.200000e-07	-5.375109e-06	-2.087188e-09	-3.821868e+01	-1.376089e+02
1.300000e-07	-5.370669e-06	-2.078705e-09	-3.818711e+01	-1.376284e+02
1.400000e-07	-5.365768e-06	-2.009688e-09	-3.815226e+01	-1.376577e+02
1.500000e-07	-5.360365e-06	-2.046393e-09	-3.811385e+01	-1.376963e+02
1.600000e-07	-5.354600e-06	-2.104172e-09	-3.807286e+01	-1.377437e+02
1.700000e-07	-5.348572e-06	-2.124279e-09	-3.803000e+01	-1.377993e+02
1.800000e-07	-5.342010e-06	-2.009910e-09	-3.798334e+01	-1.378624e+02
1.900000e-07	-5.334934e-06	-2.036970e-09	-3.793303e+01	-1.379321e+02
2.000000e-07	-5.327704e-06	-2.115870e-09	-3.788161e+01	-1.380076e+02
2.100000e-07	-5.320343e-06	-2.141036e-09	-3.782928e+01	-1.380879e+02
2.200000e-07	-5.312690e-06	-2.065275e-09	-3.777486e+01	-1.381720e+02
2.300000e-07	-5.304773e-06	-2.101635e-09	-3.771857e+01	-1.382587e+02
2.400000e-07	-5.296522e-06	-2.187792e-09	-3.765990e+01	-1.383470e+02
2.500000e-07	-5.287752e-06	-2.176346e-09	-3.759755e+01	-1.384357e+02
2.600000e-07	-5.278306e-06	-2.163806e-09	-3.753038e+01	-1.385235e+02
2.700000e-07	-5.268255e-06	-2.213085e-09	-3.745892e+01	-1.386093e+02
2.800000e-07	-5.257752e-06	-2.249273e-09	-3.738424e+01	-1.386917e+02
2.900000e-07	-5.246706e-06	-2.157849e-09	-3.730570e+01	-1.387697e+02
3.000000e-07	-5.235143e-06	-2.146354e-09	-3.722348e+01	-1.388418e+02
3.100000e-07	-5.223247e-06	-2.189407e-09	-3.713890e+01	-1.389070e+02
3.200000e-07	-5.211006e-06	-2.197269e-09	-3.705186e+01	-1.389641e+02
3.300000e-07	-5.198276e-06	-2.127022e-09	-3.696135e+01	-1.390119e+02
3.400000e-07	-5.185209e-06	-2.181820e-09	-3.686843e+01	-1.390494e+02
3.500000e-07	-5.171802e-06	-2.211020e-09	-3.677311e+01	-1.390755e+02
3.600000e-07	-5.158046e-06	-2.196599e-09	-3.667530e+01	-1.390893e+02
3.700000e-07	-5.143959e-06	-2.153958e-09	-3.657514e+01	-1.390900e+02
3.800000e-07	-5.129341e-06	-2.187027e-09	-3.647120e+01	-1.390768e+02
3.900000e-07	-5.114032e-06	-2.143404e-09	-3.636234e+01	-1.390490e+02
4.000000e-07	-5.098086e-06	-2.136971e-09	-3.624897e+01	-1.390060e+02
4.100000e-07	-5.081615e-06	-2.157419e-09	-3.613185e+01	-1.389474e+02
4.200000e-07	-5.064849e-06	-2.168820e-09	-3.601264e+01	-1.388728e+02
4.300000e-07	-5.047780e-06	-2.128170e-09	-3.589127e+01	-1.387818e+02
4.400000e-07	-5.030383e-06	-2.157698e-09	-3.576757e+01	-1.386744e+02
4.500000e-07	-5.012752e-06	-2.174399e-09	-3.564221e+01	-1.385506e+02
4.600000e-07	-4.994814e-06	-2.134718e-09	-3.551467e+01	-1.384104e+02
4.700000e-07	-4.976520e-06	-2.108908e-09	-3.538460e+01	-1.382539e+02
4.800000e-07	-4.957824e-06	-2.132221e-09	-3.525165e+01	-1.380815e+02
4.900000e-07	-4.938766e-06	-2.127706e-09	-3.511615e+01	-1.378936e+02
5.000000e-07	-4.919434e-06	-2.104354e-09	-3.497869e+01	-1.376906e+02
5.100000e-07	-4.899821e-06	-2.103913e-09	-3.483924e+01	-1.374732e+02
5.200000e-07	-4.879925e-06	-2.098122e-09	-3.469777e+01	-1.372420e+02
5.300000e-07	-4.859827e-06	-2.103865e-09	-3.455487e+01	-1.369978e+02
5.400000e-07	-4.839507e-06	-2.106367e-09	-3.441038e+01	-1.367413e+02
5.500000e-07	-4.818899e-06	-2.097413e-09	-3.426386e+01	-1.364735e+02
5.600000e-07	-4.797928e-06	-2.079450e-09	-3.411475e+01	-1.361952e+02
5.700000e-07	-4.776548e-06	-2.099269e-09	-3.396273e+01	-1.359075e+02
5.800000e-07	-4.754766e-06	-2.090845e-09	-3.380785e+01	-1.356114e+02
5.900000e-07	-4.732670e-06	-2.069224e-09	-3.365075e+01	-1.353079e+02
6.000000e-07	-4.710347e-06	-2.053927e-09	-3.349202e+01	-1.349980e+02
6.100000e-07	-4.687699e-06	-2.067390e-09	-3.333099e+01	-1.346829e+02
6.200000e-07	-4.664744e-06	-2.063725e-09	-3.316777e+01	-1.343634e+02
6.300000e-07	-4.641419e-06	-2.066775e-09	-3.300192e+01	-1.340407e+02
6.400000e-07	-4.617762e-06	-2.053061e-09	-3.283371e+01	-1.337157e+02
6.500000e-07	-4.593924e-06	-2.058472e-09	-3.266421e+01	-1.333894e+02
6.600000e-07	-4.569905e-06	-2.061643e-09	-3.249343e+01	-1.330627e+02
6.700000e-07	-4.545702e-06	-2.059028e-09	-3.232134e+01	-1.327364e+02
6.800000e-07	-4.521132e-06	-2.030394e-09	-3.214664e+01	-1.324114e+02
6.900000e-07	-4.496126e-06	-2.027422e-09	-3.196884e+01	-1.320883e+02
7.000000e-07	-4.470673e-06	-2.028142e-09	-3.178786e+01	-1.317678e+02
7.100000e-07	-4.444721e-06	-2.026483e-09	-3.160334e+01	-1.314505e+02
7.200000e-07	-4.418213e-06	-2.014688e-09	-3.141486e+01	-1.311368e+02
7.300000e-07	-4.391145e-06	-2.018181e-09	-3.122239e+01	-1.308272e+02
7.400000e-07	-4.363707e-06	-2.022651e-09	-3.102730e+01	-1.305219e+02
7.500000e-07	-4.336078e-06	-2.028396e-09	-3.083085e+01	-1.302212e+02
7.600000e-07	-4.308248e-06	-2.017418e-09	-3.063297e+01	-1.299253e+02
7.700000e-07	-4.280256e-06	-2.004105e-09	-3.043394e+01	-1.296340e+02
7.800000e-07	-4.252060e-06	-2.000410e-09	-3.023346e+01	-1.293475e+02
7.900000e-07	-4.223588e-06	-1.998755e-09	-3.003101e+01	-1.290654e+02
8.000000e-07	-4.194807e-06	-1.987804e-09	-2.982637e+01	-1.287878e+02
8.100000e-07	-4.165669e-06	-1.976587e-09	-2.961919e+01	-1.285141e+02
8.200000e-07	-4.136243e-06	-1.977489e-09	-2.940996e+01	-1.282442e+02
8.300000e-07	-4.106555e-06	-1.977775e-09	-2.919887e+01	-1.279775e+02
8.400000e-07	-4.076621e-06	-1.973643e-09	-2.898603e+01	-1.277135e+02
8.500000e-07	-4.046444e-06	-1.961627e-09	-2.877146e+01	-1.274517e+02
8.600000e-07	-4.015939e-06	-1.959598e-09	-2.855457e+01	-1.271915e+02
8.700000e-07	-3.985087e-06	-1.959903e-09	-2.833520e+01	-1.269324e+02
8.800000e-07	-3.953970e-06	-1.960820e-09	-2.811395e+01	-1.266735e+02
8.900000e-07	-3.922711e-06	-1.945286e-09	-2.789168e+01	-1.264143e+02
9.000000e-07	-3.891291e-06	-1.932962e-09	-2.766828e+01	-1.261541e+02
9.100000e-07	-3.859650e-06	-1.924231e-09	-2.744330e+01	-1.258922e+02
9.200000e-07	-3.827800e-06	-1.926628e-09	-2.721684e+01	-1.256278e+02
9.300000e-07	-3.795705e-06	-1.921719e-09	-2.698863e+01	-1.253604e+02
9.400000e-07	-3.763349e-06	-1.921833e-09	-2.675857e+01	-1.250892e+02
9.500000e-07	-3.730793e-06	-1.923246e-09	-2.652709e+01	-1.248137e+02
9.600000e-07	-3.697932e-06	-1.931151e-09	-2.629344e+01	-1.245332e+02
9.700000e-07	-3.664580e-06	-1.925876e-09	-2.605629e+01	-1.242472e+02
9.800000e-07	-3.630797e-06	-1.911735e-09	-2.581609e+01	-1.239552e+02
9.900000e-07	-3.596654e-06	-1.891551e-09	-2.557332e+01	-1.236567e+02
1.000000e-06	-3.562091e-06	-1.882194e-09	-2.532757e+01	-1.233513e+02
1.010000e-06	-3.527166e-06	-1.877806e-09	-2.507924e+01	-1.230387e+02
1.020000e-06	-3.492006e-06	-1.877687e-09	-2.482924e+01	-1.227186e+02
1.030000e-06	-3.456592e-06	-1.876293e-09	-2.457744e+01	-1.223909e+02
1.040000e-06	-3.420915e-06	-1.880266e-09	-2.432376e+01	-1.220552e+02
1.050000e-06	-3.385014e-06	-1.880344e-09	-2.406849e+01	-1.217116e+02
1.060000e-06	-3.348952e-06	-1.869883e-09	-2.381208e+01	-1.213601e+02
1.070000e-06	-3.312802e-06	-1.850642e-09	-2.355504e+01	-1.210006e+02
1.080000e-06	-3.276513e-06	-1.834705e-09	-2.329702e+01	-1.206332e+02
1.090000e-06	-3.239988e-06	-1.826093e-09	-2.303731e+01	-1.202581e+02
1.100000e-06	-3.203151e-06	-1.822266e-09	-2.277539e+01	-1.198756e+02
1.110000e-06	-3.166010e-06	-1.820765e-09	-2.251130e+01	-1.194857e+02
1.120000e-06	-3.128655e-06	-1.818677e-09	-2.224570e+01	-1.190890e+02
1.130000e-06	-3.091147e-06	-1.818457e-09	-2.197901e+01	-1.186855e+02
1.140000e-06	-3.053419e-06	-1.813430e-09	-2.171075e+01	-1.182758e+02
1.150000e-06	-3.015449e-06	-1.803705e-09	-2.144077e+01	-1.178602e+02
1.160000e-06	-2.977362e-06	-1.790098e-09	-2.116996e+01	-1.174391e+02
1.170000e-06	-2.939117e-06	-1.781408e-09	-2.089803e+01	-1.170129e+02
1.180000e-06	-2.900547e-06	-1.776543e-09	-2.062379e+01	-1.165820e+02
1.190000e-06	-2.861736e-06	-1.772824e-09	-2.034783e+01	-1.161469e+02
1.200000e-06	-2.822737e-06	-1.763357e-09	-2.007053e+01	-1.157079e+02
1.210000e-06	-2.783574e-06	-1.758208e-09	-1.979207e+01	-1.152654e+02
1.220000e-06	-2.744302e-06	-1.753939e-09	-1.951284e+01	-1.148197e+02
1.230000e-06	-2.704809e-06	-1.751319e-09	-1.923203e+01	-1.143713e+02
1.240000e-06	-2.665164e-06	-1.742036e-09	-1.895014e+01	-1.139204e+02
1.250000e-06	-2.625426e-06	-1.734957e-09	-1.866759e+01	-1.134673e+02
1.260000e-06	-2.585520e-06	-1.728776e-09	-1.838385e+01	-1.130121e+02
1.270000e-06	-2.545485e-06	-1.724455e-09	-1.809918e+01	-1.125551e+02
1.280000e-06	-2.505384e-06	-1.715838e-09	-1.781405e+01	-1.120963e+02
1.290000e-06	-2.465214e-06	-1.706379e-09	-1.752843e+01	-1.116359e+02
1.300000e-06	-2.424934e-06	-1.697580e-09	-1.724203e+01	-1.111738e+02
1.310000e-06	-2.384428e-06	-1.691304e-09	-1.695402e+01	-1.107100e+02
1.320000e-06	-2.343705e-06	-1.683777e-09	-1.666446e+01	-1.102443e+02
1.330000e-06	-2.302791e-06	-1.678037e-09	-1.637355e+01	-1.097767e+02
1.340000e-06	-2.261626e-06	-1.677155e-09	-1.608086e+01	-1.093068e+02
1.350000e-06	-2.220204e-06	-1.679395e-09	-1.578633e+01	-1.088344e+02
1.360000e-06	-2.178527e-06	-1.676087e-09	-1.549000e+01	-1.083592e+02
1.370000e-06	-2.136517e-06	-1.666186e-09	-1.519130e+01	-1.078808e+02
1.380000e-06	-2.094232e-06	-1.652859e-09	-1.489063e+01	-1.073988e+02
1.390000e-06	-2.051800e-06	-1.641787e-09	-1.458893e+01	-1.069127e+02
1.400000e-06	-2.009080e-06	-1.632480e-09	-1.428518e+01	-1.064219e+02
1.410000e-06	-1.966070e-06	-1.622054e-09	-1.397936e+01	-1.059261e+02
1.420000e-06	-1.922943e-06	-1.615181e-09	-1.367272e+01	-1.054245e+02
1.430000e-06	-1.879654e-06	-1.612901e-09	-1.336492e+01	-1.049167e+02
1.440000e-06	-1.836161e-06	-1.612613e-09	-1.305567e+01	-1.044019e+02
1.450000e-06	-1.792559e-06	-1.605650e-09	-1.274565e+01	-1.038797e+02
1.460000e-06	-1.748870e-06	-1.594825e-09	-1.243500e+01	-1.033494e+02
1.470000e-06	-1.705070e-06	-1.583145e-09	-1.212358e+01	-1.028104e+02
1.480000e-06	-1.661187e-06	-1.572393e-09	-1.181155e+01	-1.022620e+02
1.490000e-06	-1.617210e-06	-1.561024e-09	-1.149886e+01	-1.017038e+02
1.500000e-06	-1.573144e-06	-1.553711e-09	-1.118554e+01	-1.011350e+02
1.510000e-06	-1.529017e-06	-1.548221e-09	-1.087178e+01	-1.005552e+02
1.520000e-06	-1.484874e-06	-1.543976e-09	-1.055791e+01	-9.996387e+01
1.530000e-06	-1.440752e-06	-1.536039e-09	-1.024419e+01	-9.936043e+01
1.540000e-06	-1.396520e-06	-1.521743e-09	-9.929689e+00	-9.874444e+01
1.550000e-06	-1.352088e-06	-1.503824e-09	-9.613763e+00	-9.811546e+01
1.560000e-06	-1.307658e-06	-1.489619e-09	-9.297855e+00	-9.747310e+01
1.570000e-06	-1.263304e-06	-1.476829e-09	-8.982481e+00	-9.681700e+01
1.580000e-06	-1.218765e-06	-1.466727e-09	-8.665794e+00	-9.614681e+01
1.590000e-06	-1.174120e-06	-1.457724e-09	-8.348353e+00	-9.546225e+01
1.600000e-06	-1.129448e-06	-1.451030e-09	-8.030720e+00	-9.476306e+01
1.610000e-06	-1.084649e-06	-1.442654e-09	-7.712188e+00	-9.404899e+01
1.620000e-06	-1.039724e-06	-1.428740e-09	-7.392761e+00	-9.331987e+01
1.630000e-06	-9.947373e-07	-1.410285e-09	-7.072889e+00	-9.257550e+01
1.640000e-06	-9.497300e-07	-1.393658e-09	-6.752873e+00	-9.181573e+01
1.650000e-06	-9.046051e-07	-1.380300e-09	-6.432021e+00	-9.104043e+01
1.660000e-06	-8.593869e-07	-1.369694e-09	-6.110506e+00	-9.024946e+01
1.670000e-06	-8.141363e-07	-1.359880e-09	-5.788760e+00	-8.944270e+01
1.680000e-06	-7.687771e-07	-1.351543e-09	-5.466242e+00	-8.862002e+01
1.690000e-06	-7.233191e-07	-1.342851e-09	-5.143022e+00	-8.778130e+01
1.700000e-06	-6.778343e-07	-1.329136e-09	-4.819611e+00	-8.692638e+01
1.710000e-06	-6.323050e-07	-1.310969e-09	-4.495884e+00	-8.605510e+01
1.720000e-06	-5.867743e-07	-1.293477e-09	-4.172146e+00	-8.516727e+01
1.730000e-06	-5.412709e-07	-1.279604e-09	-3.848603e+00	-8.426265e+01
1.740000e-06	-4.956629e-07	-1.266775e-09	-3.524316e+00	-8.334097e+01
1.750000e-06	-4.499704e-07	-1.254184e-09	-3.199428e+00	-8.240192e+01
1.760000e-06	-4.042392e-07	-1.241445e-09	-2.874265e+00	-8.144513e+01
1.770000e-06	-3.584379e-07	-1.227376e-09	-2.548604e+00	-8.047016e+01
1.780000e-06	-3.126989e-07	-1.208717e-09	-2.223386e+00	-7.947653e+01
1.790000e-06	-2.669881e-07	-1.189609e-09	-1.898367e+00	-7.846369e+01
1.800000e-06	-2.212056e-07	-1.172598e-09	-1.572840e+00	-7.743099e+01
1.810000e-06	-1.753705e-07	-1.157642e-09	-1.246938e+00	-7.637774e+01
1.820000e-06	-1.296068e-07	-1.140364e-09	-9.215440e-01	-7.530317e+01
1.830000e-06	-8.393064e-08	-1.122708e-09	-5.967727e-01	-7.420642e+01
1.840000e-06	-3.824710e-08	-1.106161e-09	-2.719487e-01	-7.308658e+01
1.850000e-06	7.498110e-09	-1.091373e-09	5.331387e-02	-7.194263e+01
1.860000e-06	5.327612e-08	-1.075447e-09	3.788097e-01	-7.077350e+01
1.870000e-06	9.902581e-08	-1.058416e-09	7.041040e-01	-6.957807e+01
1.880000e-06	1.448139e-07	-1.041990e-09	1.029672e+00	-6.835512e+01
1.890000e-06	1.906311e-07	-1.025833e-09	1.355446e+00	-6.710340e+01
1.900000e-06	2.364065e-07	-1.005794e-09	1.680923e+00	-6.582159e+01
1.910000e-06	2.821841e-07	-9.820705e-10	2.006416e+00	-6.450834e+01
1.920000e-06	3.279521e-07	-9.574911e-10	2.331841e+00	-6.316225e+01
1.930000e-06	3.736928e-07	-9.341977e-10	2.657071e+00	-6.178191e+01
1.940000e-06	4.194009e-07	-9.102366e-10	2.982070e+00	-6.036588e+01
1.950000e-06	4.650457e-07	-8.852786e-10	3.306618e+00	-5.891272e+01
1.960000e-06	5.106364e-07	-8.617482e-10	3.630782e+00	-5.742101e+01
1.970000e-06	5.561541e-07	-8.413530e-10	3.954427e+00	-5.588932e+01
1.980000e-06	6.016374e-07	-8.186897e-10	4.277827e+00	-5.431627e+01
1.990000e-06	6.470923e-07	-7.917776e-10	4.601026e+00	-5.270052e+01
2.000000e-06	6.924682e-07	-7.638315e-10	4.923662e+00	-5.104080e+01
2.010000e-06	7.377862e-07	-7.361881e-10	5.245887e+00	-4.933588e+01
2.020000e-06	7.830771e-07	-7.092935e-10	5.567920e+00	-4.758465e+01
2.030000e-06	8.283601e-07	-6.807194e-10	5.889895e+00	-4.578608e+01
2.040000e-06	8.736029e-07	-6.511177e-10	6.211586e+00	-4.393924e+01
2.050000e-06	9.187581e-07	-6.231899e-10	6.532654e+00	-4.204334e+01
2.060000e-06	9.638095e-07	-5.954414e-10	6.852983e+00	-4.009771e+01
2.070000e-06	1.008696e-06	-5.652313e-10	7.172139e+00	-3.810184e+01
2.080000e-06	1.053480e-06	-5.336061e-10	7.490566e+00	-3.605537e+01
2.090000e-06	1.098292e-06	-5.021548e-10	7.809195e+00	-3.395810e+01
2.100000e-06	1.143038e-06	-4.696475e-10	8.127350e+00	-3.181001e+01
2.110000e-06	1.187639e-06	-4.337838e-10	8.444477e+00	-2.961126e+01
2.120000e-06	1.232131e-06	-3.974013e-10	8.760831e+00	-2.736220e+01
2.130000e-06	1.276576e-06	-3.627863e-10	9.076848e+00	-2.506338e+01
2.140000e-06	1.320968e-06	-3.298768e-10	9.392488e+00	-2.271555e+01
2.150000e-06	1.365295e-06	-2.944760e-10	9.707668e+00	-2.031963e+01
2.160000e-06	1.409570e-06	-2.582532e-10	1.002248e+01	-1.787678e+01
2.170000e-06	1.453788e-06	-2.231181e-10	1.033688e+01	-1.538835e+01
2.180000e-06	1.497956e-06	-1.890286e-10	1.065093e+01	-1.285588e+01
2.190000e-06	1.542035e-06	-1.514819e-10	1.096435e+01	-1.028111e+01
2.200000e-06	1.586063e-06	-1.098019e-10	1.127739e+01	-7.665986e+00
2.210000e-06	1.630045e-06	-6.944286e-11	1.159012e+01	-5.012622e+00
2.220000e-06	1.673990e-06	-3.053109e-11	1.190259e+01	-2.323324e+00
2.230000e-06	1.717896e-06	9.652090e-12	1.221477e+01	3.994365e-01
2.240000e-06	1.761725e-06	5.250374e-11	1.252641e+01	3.153024e+00
2.250000e-06	1.805483e-06	9.402019e-11	1.283754e+01	5.934653e+00
2.260000e-06	1.849132e-06	1.331903e-10	1.314790e+01	8.741400e+00
2.270000e-06	1.892586e-06	1.744789e-10	1.345687e+01	1.157022e+01
2.280000e-06	1.935872e-06	2.204808e-10	1.376465e+01	1.441794e+01
2.290000e-06	1.978946e-06	2.683620e-10	1.407092e+01	1.728132e+01
2.300000e-06	2.021695e-06	3.131877e-10	1.437487e+01	2.015701e+01
2.310000e-06	2.064194e-06	3.541164e-10	1.467706e+01	2.304161e+01
2.320000e-06	2.106587e-06	3.937737e-10	1.497849e+01	2.593166e+01
2.330000e-06	2.148802e-06	4.342257e-10	1.527864e+01	2.882368e+01
2.340000e-06	2.190684e-06	4.750551e-10	1.557644e+01	3.171415e+01
2.350000e-06	2.232252e-06	5.151149e-10	1.587200e+01	3.459958e+01
2.360000e-06	2.273468e-06	5.573027e-10	1.616506e+01	3.747648e+01
2.370000e-06	2.314457e-06	6.023185e-10	1.645650e+01	4.034138e+01
2.380000e-06	2.355323e-06	6.497042e-10	1.674708e+01	4.319089e+01
2.390000e-06	2.395918e-06	6.951826e-10	1.703572e+01	4.602166e+01
2.400000e-06	2.436342e-06	7.366618e-10	1.732314e+01	4.883043e+01
2.410000e-06	2.476635e-06	7.764822e-10	1.760964e+01	5.161402e+01
2.420000e-06	2.516752e-06	8.157614e-10	1.789488e+01	5.436937e+01
2.430000e-06	2.556764e-06	8.546537e-10	1.817938e+01	5.709353e+01
2.440000e-06	2.596675e-06	8.939372e-10	1.846316e+01	5.978369e+01
2.450000e-06	2.636511e-06	9.352200e-10	1.874641e+01	6.243717e+01
2.460000e-06	2.676230e-06	9.765917e-10	1.902882e+01	6.505145e+01
2.470000e-06	2.715774e-06	1.019915e-09	1.930999e+01	6.762414e+01
2.480000e-06	2.755140e-06	1.059664e-09	1.958990e+01	7.015306e+01
2.490000e-06	2.794308e-06	1.094058e-09	1.986839e+01	7.263616e+01
2.500000e-06	2.833191e-06	1.125265e-09	2.014486e+01	7.507158e+01
2.510000e-06	2.871862e-06	1.157450e-09	2.041982e+01	7.745764e+01
2.520000e-06	2.910356e-06	1.192669e-09	2.069353e+01	7.979284e+01
2.530000e-06	2.948676e-06	1.232953e-09	2.096599e+01	8.207585e+01
2.540000e-06	2.986817e-06	1.275341e-09	2.123719e+01	8.430553e+01
2.550000e-06	3.024692e-06	1.313819e-09	2.150649e+01	8.648092e+01
2.560000e-06	3.062422e-06	1.346059e-09	2.177476e+01	8.860122e+01
2.570000e-06	3.100007e-06	1.372452e-09	2.204201e+01	9.066582e+01
2.580000e-06	3.137413e-06	1.395320e-09	2.230798e+01	9.267428e+01
2.590000e-06	3.174551e-06	1.417184e-09	2.257203e+01	9.462630e+01
2.600000e-06	3.211474e-06	1.442674e-09	2.283457e+01	9.652175e+01
2.610000e-06	3.248195e-06	1.475573e-09	2.309567e+01	9.836065e+01
2.620000e-06	3.284565e-06	1.511270e-09	2.335427e+01	1.001432e+02
2.630000e-06	3.320705e-06	1.542776e-09	2.361124e+01	1.018696e+02
2.640000e-06	3.356730e-06	1.569428e-09	2.386738e+01	1.035403e+02
2.650000e-06	3.392673e-06	1.589651e-09	2.412295e+01	1.051559e+02
2.660000e-06	3.428537e-06	1.603929e-09	2.437795e+01	1.067170e+02
2.670000e-06	3.464229e-06	1.614735e-09	2.463174e+01	1.082243e+02
2.680000e-06	3.499623e-06	1.629403e-09	2.488340e+01	1.096786e+02
2.690000e-06	3.534762e-06	1.651321e-09	2.513324e+01	1.110809e+02
2.700000e-06	3.569539e-06	1.678669e-09	2.538052e+01	1.124322e+02
2.710000e-06	3.603814e-06	1.707165e-09	2.562423e+01	1.137334e+02
2.720000e-06	3.637712e-06	1.733108e-09	2.586526e+01	1.149857e+02
2.730000e-06	3.671271e-06	1.753484e-09	2.610387e+01	1.161902e+02
2.740000e-06	3.704419e-06	1.770613e-09	2.633956e+01	1.173480e+02
2.750000e-06	3.737190e-06	1.784101e-09	2.657258e+01	1.184603e+02
2.760000e-06	3.769649e-06	1.794945e-09	2.680337e+01	1.195285e+02
2.770000e-06	3.801884e-06	1.804638e-09	2.703257e+01	1.205536e+02
2.780000e-06	3.833963e-06	1.817881e-09	2.726066e+01	1.215370e+02
2.790000e-06	3.865854e-06	1.837564e-09	2.748741e+01	1.224799e+02
2.800000e-06	3.897549e-06	1.858062e-09	2.771277e+01	1.233834e+02
2.810000e-06	3.929049e-06	1.871917e-09	2.793675e+01	1.242490e+02
2.820000e-06	3.960323e-06	1.879984e-09	2.815912e+01	1.250777e+02
2.830000e-06	3.991315e-06	1.888731e-09	2.837948e+01	1.258708e+02
2.840000e-06	4.022004e-06	1.899537e-09	2.859769e+01	1.266296e+02
2.850000e-06	4.052390e-06	1.908316e-09	2.881374e+01	1.273550e+02
2.860000e-06	4.082497e-06	1.915536e-09	2.902781e+01	1.280485e+02
2.870000e-06	4.112347e-06	1.925439e-09	2.924005e+01	1.287110e+02
2.880000e-06	4.141880e-06	1.938896e-09	2.945004e+01	1.293436e+02
2.890000e-06	4.171165e-06	1.950896e-09	2.965827e+01	1.299476e+02
2.900000e-06	4.200231e-06	1.956649e-09	2.986494e+01	1.305239e+02
2.910000e-06	4.228942e-06	1.961980e-09	3.006908e+01	1.310736e+02
2.920000e-06	4.257342e-06	1.970701e-09	3.027101e+01	1.315978e+02
2.930000e-06	4.285550e-06	1.978539e-09	3.047158e+01	1.320974e+02
2.940000e-06	4.313605e-06	1.982246e-09	3.067106e+01	1.325733e+02
2.950000e-06	4.341467e-06	1.986442e-09	3.086917e+01	1.330267e+02
2.960000e-06	4.369149e-06	1.994259e-09	3.106600e+01	1.334584e+02
2.970000e-06	4.396667e-06	2.003187e-09	3.126166e+01	1.338693e+02
2.980000e-06	4.423845e-06	2.008618e-09	3.145491e+01	1.342604e+02
2.990000e-06	4.450406e-06	2.011655e-09	3.164376e+01	1.346325e+02
3.000000e-06	4.476296e-06	2.016225e-09	3.182784e+01	1.349865e+02
3.010000e-06	4.501583e-06	2.023765e-09	3.200764e+01	1.353232e+02
3.020000e-06	4.526370e-06	2.029342e-09	3.218389e+01	1.356435e+02
3.030000e-06	4.550840e-06	2.034209e-09	3.235787e+01	1.359482e+02
3.040000e-06	4.575013e-06	2.041467e-09	3.252975e+01	1.362380e+02
3.050000e-06	4.599014e-06	2.048474e-09	3.270040e+01	1.365138e+02
3.060000e-06	4.622814e-06	2.053186e-09	3.286963e+01	1.367762e+02
3.070000e-06	4.646300e-06	2.055044e-09	3.303663e+01	1.370260e+02
3.080000e-06	4.669481e-06	2.056696e-09	3.320145e+01	1.372640e+02
3.090000e-06	4.692357e-06	2.062912e-09	3.336411e+01	1.374906e+02
3.100000e-06	4.714980e-06	2.068401e-09	3.352496e+01	1.377067e+02
3.110000e-06	4.737279e-06	2.068494e-09	3.368351e+01	1.379129e+02
3.120000e-06	4.759177e-06	2.069476e-09	3.383922e+01	1.381096e+02
3.130000e-06	4.780773e-06	2.074117e-09	3.399277e+01	1.382975e+02
3.140000e-06	4.802073e-06	2.080694e-09	3.414422e+01	1.384771e+02
3.150000e-06	4.822960e-06	2.085957e-09	3.429273e+01	1.386488e+02
3.160000e-06	4.843459e-06	2.088700e-09	3.443849e+01	1.388132e+02
3.170000e-06	4.863723e-06	2.091491e-09	3.458257e+01	1.389706e+02
3.180000e-06	4.883849e-06	2.096101e-09	3.472567e+01	1.391213e+02
3.190000e-06	4.903766e-06	2.096307e-09	3.486729e+01	1.392658e+02
3.200000e-06	4.923429e-06	2.092732e-09	3.500710e+01	1.394042e+02
3.210000e-06	4.942767e-06	2.092680e-09	3.514460e+01	1.395368e+02
3.220000e-06	4.961750e-06	2.097685e-09	3.527957e+01	1.396638e+02
3.230000e-06	4.980323e-06	2.103556e-09	3.541164e+01	1.397853e+02
3.240000e-06	4.998502e-06	2.107337e-09	3.554089e+01	1.399015e+02
3.250000e-06	5.016362e-06	2.108840e-09	3.566788e+01	1.400124e+02
3.260000e-06	5.033775e-06	2.109971e-09	3.579169e+01	1.401180e+02
3.270000e-06	5.050911e-06	2.111573e-09	3.591353e+01	1.402182e+02
3.280000e-06	5.067853e-06	2.109307e-09	3.603399e+01	1.403131e+02
3.290000e-06	5.084434e-06	2.105207e-09	3.615189e+01	1.404024e+02
3.300000e-06	5.100547e-06	2.106962e-09	3.626646e+01	1.404862e+02
3.310000e-06	5.116175e-06	2.113844e-09	3.637758e+01	1.405641e+02
3.320000e-06	5.131338e-06	2.118027e-09	3.648540e+01	1.406361e+02
3.330000e-06	5.145996e-06	2.118328e-09	3.658962e+01	1.407019e+02
3.340000e-06	5.160240e-06	2.119298e-09	3.669090e+01	1.407613e+02
3.350000e-06	5.174133e-06	2.119717e-09	3.678968e+01	1.408141e+02
3.360000e-06	5.187656e-06	2.117450e-09	3.688584e+01	1.408599e+02
3.370000e-06	5.200794e-06	2.114023e-09	3.697925e+01	1.408986e+02
3.380000e-06	5.213502e-06	2.112490e-09	3.706960e+01	1.409300e+02
3.390000e-06	5.225771e-06	2.115366e-09	3.715684e+01	1.409537e+02
3.400000e-06	5.237706e-06	2.119527e-09	3.724170e+01	1.409696e+02
3.410000e-06	5.249399e-06	2.119737e-09	3.732485e+01	1.409775e+02
3.420000e-06	5.260724e-06	2.116470e-09	3.740537e+01	1.409772e+02
3.430000e-06	5.271486e-06	2.113404e-09	3.748189e+01	1.409686e+02
3.440000e-06	5.281688e-06	2.111696e-09	3.755443e+01	1.409516e+02
3.450000e-06	5.291223e-06	2.111649e-09	3.762223e+01	1.409261e+02
3.460000e-06	5.300108e-06	2.112723e-09	3.768540e+01	1.408920e+02
3.470000e-06	5.308564e-06	2.117463e-09	3.774552e+01	1.408496e+02
3.480000e-06	5.316719e-06	2.122114e-09	3.780351e+01	1.407987e+02
3.490000e-06	5.324621e-06	2.122343e-09	3.785970e+01	1.407397e+02
3.500000e-06	5.332309e-06	2.118674e-09	3.791436e+01	1.406726e+02
3.510000e-06	5.339678e-06	2.113527e-09	3.796676e+01	1.405977e+02
3.520000e-06	5.346696e-06	2.110894e-09	3.801666e+01	1.405155e+02
3.530000e-06	5.353366e-06	2.110987e-09	3.806408e+01	1.404262e+02
3.540000e-06	5.359635e-06	2.113728e-09	3.810866e+01	1.403303e+02
3.550000e-06	5.365506e-06	2.117492e-09	3.815040e+01	1.402283e+02
3.560000e-06	5.371072e-06	2.120458e-09	3.818997e+01	1.401209e+02
3.570000e-06	5.376326e-06	2.119752e-09	3.822733e+01	1.400085e+02
3.580000e-06	5.381082e-06	2.113504e-09	3.826116e+01	1.398919e+02
3.590000e-06	5.385446e-06	2.105384e-09	3.829218e+01	1.397718e+02
3.600000e-06	5.389563e-06	2.101700e-09	3.832145e+01	1.396490e+02
3.610000e-06	5.393461e-06	2.102903e-09	3.834917e+01	1.395243e+02
3.620000e-06	5.397080e-06	2.106259e-09	3.837490e+01	1.393984e+02
3.630000e-06	5.400375e-06	2.110521e-09	3.839833e+01	1.392723e+02
3.640000e-06	5.403211e-06	2.115233e-09	3.841850e+01	1.391469e+02
3.650000e-06	5.405461e-06	2.116315e-09	3.843449e+01	1.390229e+02
3.660000e-06	5.407095e-06	2.111580e-09	3.844611e+01	1.389014e+02
3.670000e-06	5.408173e-06	2.106029e-09	3.845378e+01	1.387832e+02
3.680000e-06	5.408774e-06	2.103562e-09	3.845805e+01	1.386690e+02
3.690000e-06	5.408999e-06	2.102971e-09	3.845965e+01	1.385599e+02
3.700000e-06	5.409048e-06	2.103784e-09	3.846000e+01	1.384566e+02
3.710000e-06	5.408849e-06	2.105400e-09	3.845859e+01	1.383598e+02
3.720000e-06	5.408292e-06	2.108086e-09	3.845463e+01	1.382704e+02
3.730000e-06	5.407369e-06	2.109948e-09	3.844806e+01	1.381889e+02
3.740000e-06	5.406045e-06	2.107791e-09	3.843864e+01	1.381159e+02
3.750000e-06	5.404383e-06	2.101199e-09	3.842683e+01	1.380521e+02
3.760000e-06	5.402447e-06	2.088794e-09	3.841307e+01	1.379978e+02
3.770000e-06	5.400235e-06	2.071507e-09	3.839733e+01	1.379534e+02
3.780000e-06	5.397666e-06	2.062489e-09	3.837907e+01	1.379192e+02
3.790000e-06	5.394645e-06	2.074523e-09	3.835759e+01	1.378954e+02
3.800000e-06	5.391201e-06	2.081466e-09	3.833310e+01	1.378821e+02
3.810000e-06	5.387324e-06	2.052094e-09	3.830553e+01	1.378792e+02
3.820000e-06	5.383186e-06	2.007035e-09	3.827611e+01	1.378867e+02
3.830000e-06	5.378944e-06	2.069070e-09	3.824595e+01	1.379044e+02
3.840000e-06	5.374367e-06	2.063540e-09	3.821341e+01	1.379319e+02
3.850000e-06	5.369166e-06	2.016338e-09	3.817642e+01	1.379688e+02
3.860000e-06	5.363422e-06	1.975892e-09	3.813559e+01	1.380146e+02
3.870000e-06	5.357302e-06	2.038148e-09	3.809207e+01	1.380687e+02
3.880000e-06	5.350669e-06	2.107352e-09	3.804490e+01	1.381304e+02
3.890000e-06	5.343455e-06	2.005046e-09	3.799361e+01	1.381989e+02
3.900000e-06	5.335825e-06	1.982481e-09	3.793936e+01	1.382733e+02
3.910000e-06	5.327912e-06	2.049696e-09	3.788310e+01	1.383527e+02
3.920000e-06	5.319671e-06	2.112683e-09	3.782450e+01	1.384360e+02
3.930000e-06	5.311001e-06	1.963022e-09	3.776286e+01	1.385222e+02
3.940000e-06	5.302015e-06	1.945321e-09	3.769896e+01	1.386102e+02
3.950000e-06	5.292696e-06	2.062743e-09	3.763270e+01	1.386987e+02
3.960000e-06	5.283007e-06	2.107569e-09	3.756381e+01	1.387866e+02
3.970000e-06	5.272873e-06	1.981378e-09	3.749175e+01	1.388726e+02
3.980000e-06	5.262397e-06	2.014089e-09	3.741727e+01	1.389555e+02
3.990000e-06	5.251703e-06	2.164193e-09	3.734123e+01	1.390341e+02
4.000000e-06	5.240660e-06	2.159592e-09	3.726271e+01	1.391071e+02
4.010000e-06	5.229209e-06	2.074925e-09	3.718129e+01	1.391734e+02
4.020000e-06	5.217329e-06	2.144745e-09	3.709681e+01	1.392317e+02
4.030000e-06	5.205021e-06	2.238255e-09	3.700931e+01	1.392809e+02
4.040000e-06	5.192273e-06	2.129231e-09	3.691866e+01	1.393200e+02
4.050000e-06	5.179116e-06	2.063270e-09	3.682511e+01	1.393479e+02
4.060000e-06	5.165384e-06	2.136452e-09	3.672747e+01	1.393637e+02
4.070000e-06	5.151015e-06	2.170040e-09	3.662530e+01	1.393665e+02
4.080000e-06	5.136006e-06	2.088139e-09	3.651859e+01	1.393554e+02
4.090000e-06	5.120506e-06	2.121757e-09	3.640838e+01	1.393299e+02
4.100000e-06	5.104759e-06	2.153158e-09	3.629641e+01	1.392893e+02
4.110000e-06	5.088720e-06	2.113832e-09	3.618237e+01	1.392332e+02
4.120000e-06	5.072407e-06	2.088045e-09	3.606638e+01	1.391610e+02
4.130000e-06	5.055872e-06	2.128623e-09	3.594881e+01	1.390726e+02
4.140000e-06	5.038922e-06	2.070790e-09	3.582829e+01	1.389678e+02
4.150000e-06	5.021601e-06	2.054008e-09	3.570513e+01	1.388465e+02
4.160000e-06	5.003917e-06	2.107479e-09	3.557939e+01	1.387088e+02
4.170000e-06	4.985899e-06	2.129355e-09	3.545128e+01	1.385549e+02
4.180000e-06	4.967640e-06	2.072483e-09	3.532145e+01	1.383850e+02
4.190000e-06	4.949026e-06	2.093230e-09	3.518910e+01	1.381994e+02
4.200000e-06	4.929954e-06	2.109223e-09	3.505349e+01	1.379988e+02
4.210000e-06	4.910534e-06	2.081849e-09	3.491541e+01	1.377835e+02
4.220000e-06	4.890946e-06	2.061110e-09	3.477613e+01	1.375544e+02
4.230000e-06	4.871175e-06	2.062851e-09	3.463556e+01	1.373121e+02
4.240000e-06	4.851185e-06	2.060010e-09	3.449342e+01	1.370574e+02
4.250000e-06	4.830992e-06	2.079639e-09	3.434984e+01	1.367912e+02
4.260000e-06	4.810498e-06	2.082892e-09	3.420412e+01	1.365144e+02
4.270000e-06	4.789373e-06	2.056093e-09	3.405392e+01	1.362281e+02
4.280000e-06	4.767707e-06	2.065806e-09	3.389987e+01	1.359331e+02
4.290000e-06	4.745607e-06	2.075270e-09	3.374273e+01	1.356306e+02
4.300000e-06	4.722899e-06	2.050825e-09	3.358127e+01	1.353215e+02
4.310000e-06	4.699718e-06	2.032310e-09	3.341645e+01	1.350070e+02
4.320000e-06	4.676191e-06	2.042215e-09	3.324916e+01	1.346880e+02
4.330000e-06	4.652387e-06	2.033956e-09	3.307990e+01	1.343656e+02
4.340000e-06	4.628428e-06	2.037417e-09	3.290955e+01	1.340407e+02
4.350000e-06	4.604278e-06	2.027059e-09	3.273783e+01	1.337144e+02
4.360000e-06	4.579762e-06	2.012412e-09	3.256352e+01	1.333875e+02
4.370000e-06	4.554827e-06	2.016066e-09	3.238622e+01	1.330609e+02
4.380000e-06	4.529643e-06	2.034668e-09	3.220716e+01	1.327354e+02
4.390000e-06	4.504236e-06	2.009776e-09	3.202650e+01	1.324118e+02
4.400000e-06	4.478522e-06	1.999853e-09	3.184368e+01	1.320906e+02
4.410000e-06	4.452445e-06	2.004518e-09	3.165826e+01	1.317726e+02
4.420000e-06	4.426028e-06	2.004654e-09	3.147042e+01	1.314581e+02
4.430000e-06	4.399303e-06	1.987110e-09	3.128040e+01	1.311476e+02
4.440000e-06	4.372228e-06	1.982138e-09	3.108789e+01	1.308414e+02
4.450000e-06	4.344846e-06	1.978239e-09	3.089320e+01	1.305398e+02
4.460000e-06	4.317234e-06	1.989986e-09	3.069686e+01	1.302428e+02
4.470000e-06	4.289459e-06	1.988493e-09	3.049938e+01	1.299506e+02
4.480000e-06	4.261531e-06	1.978330e-09	3.030080e+01	1.296631e+02
4.490000e-06	4.233445e-06	1.973678e-09	3.010110e+01	1.293802e+02
4.500000e-06	4.205089e-06	1.980184e-09	2.989948e+01	1.291016e+02
4.510000e-06	4.176286e-06	1.974398e-09	2.969468e+01	1.288271e+02
4.520000e-06	4.147007e-06	1.966302e-09	2.948650e+01	1.285564e+02
4.530000e-06	4.117299e-06	1.961417e-09	2.927526e+01	1.282890e+02
4.540000e-06	4.087250e-06	1.961598e-09	2.906161e+01	1.280244e+02
4.550000e-06	4.056721e-06	1.963450e-09	2.884453e+01	1.277621e+02
4.560000e-06	4.025671e-06	1.958737e-09	2.862376e+01	1.275016e+02
4.570000e-06	3.994270e-06	1.949850e-09	2.840049e+01	1.272421e+02
4.580000e-06	3.962611e-06	1.946059e-09	2.817538e+01	1.269831e+02
4.590000e-06	3.930719e-06	1.946646e-09	2.794862e+01	1.267238e+02
4.600000e-06	3.898697e-06	1.937423e-09	2.772094e+01	1.264636e+02
4.610000e-06	3.866506e-06	1.928238e-09	2.749205e+01	1.262019e+02
4.620000e-06	3.834083e-06	1.922270e-09	2.726151e+01	1.259378e+02
4.630000e-06	3.801464e-06	1.923617e-09	2.702958e+01	1.256707e+02
4.640000e-06	3.768545e-06	1.918701e-09	2.679552e+01	1.254000e+02
4.650000e-06	3.735331e-06	1.911990e-09	2.655936e+01	1.251251e+02
4.660000e-06	3.701832e-06	1.905636e-09	2.632117e+01	1.248453e+02
4.670000e-06	3.668092e-06	1.907767e-09	2.608126e+01	1.245600e+02
4.680000e-06	3.634135e-06	1.900918e-09	2.583982e+01	1.242689e+02
4.690000e-06	3.599934e-06	1.892496e-09	2.559664e+01	1.239713e+02
4.700000e-06	3.565502e-06	1.885098e-09	2.535182e+01	1.236669e+02
4.710000e-06	3.530868e-06	1.886657e-09	2.510556e+01	1.233554e+02
4.720000e-06	3.496022e-06	1.883322e-09	2.485780e+01	1.230364e+02
4.730000e-06	3.460896e-06	1.878336e-09	2.460804e+01	1.227097e+02
4.740000e-06	3.425474e-06	1.871361e-09	2.435618e+01	1.223752e+02
4.750000e-06	3.389828e-06	1.869730e-09	2.410272e+01	1.220328e+02
4.760000e-06	3.354083e-06	1.865406e-09	2.384857e+01	1.216824e+02
4.770000e-06	3.318243e-06	1.858655e-09	2.359373e+01	1.213240e+02
4.780000e-06	3.282235e-06	1.849974e-09	2.333770e+01	1.209578e+02
4.790000e-06	3.246046e-06	1.847182e-09	2.308039e+01	1.205838e+02
4.800000e-06	3.209681e-06	1.844835e-09	2.282182e+01	1.202023e+02
4.810000e-06	3.173117e-06	1.836484e-09	2.256184e+01	1.198135e+02
4.820000e-06	3.136216e-06	1.824595e-09	2.229946e+01	1.194176e+02
4.830000e-06	3.098890e-06	1.820046e-09	2.203406e+01	1.190151e+02
4.840000e-06	3.061231e-06	1.820898e-09	2.176630e+01	1.186062e+02
4.850000e-06	3.023275e-06	1.817886e-09	2.149641e+01	1.181914e+02
4.860000e-06	2.984893e-06	1.809491e-09	2.122351e+01	1.177710e+02
4.870000e-06	2.946116e-06	1.800634e-09	2.094779e+01	1.173455e+02
4.880000e-06	2.907024e-06	1.795065e-09	2.066984e+01	1.169151e+02
4.890000e-06	2.867639e-06	1.788190e-09	2.038979e+01	1.164805e+02
4.900000e-06	2.828052e-06	1.779319e-09	2.010832e+01	1.160419e+02
4.910000e-06	2.788295e-06	1.771991e-09	1.982564e+01	1.155998e+02
4.920000e-06	2.748382e-06	1.772061e-09	1.954184e+01	1.151545e+02
4.930000e-06	2.708375e-06	1.770286e-09	1.925738e+01	1.147063e+02
4.940000e-06	2.668306e-06	1.763362e-09	1.897248e+01	1.142556e+02
4.950000e-06	2.628173e-06	1.754177e-09	1.868712e+01	1.138027e+02
4.960000e-06	2.587869e-06	1.749106e-09	1.840055e+01	1.133476e+02
4.970000e-06	2.547430e-06	1.742510e-09	1.811302e+01	1.128907e+02
4.980000e-06	2.506943e-06	1.735851e-09	1.782514e+01	1.124321e+02
4.990000e-06	2.466328e-06	1.728934e-09	1.753635e+01	1.119718e+02
5.000000e-06	2.425448e-06	1.725291e-09	1.724568e+01	1.115098e+02
5.010000e-06	2.384289e-06	1.718901e-09	1.695303e+01	1.110461e+02
5.020000e-06	2.342923e-06	1.708412e-09	1.665891e+01	1.105805e+02
5.030000e-06	2.301376e-06	1.696212e-09	1.636349e+01	1.101130e+02
5.040000e-06	2.259750e-06	1.689572e-09	1.606752e+01	1.096434e+02
5.050000e-06	2.217947e-06	1.683112e-09	1.577029e+01	1.091713e+02
5.060000e-06	2.175997e-06	1.674071e-09	1.547201e+01	1.086964e+02
5.070000e-06	2.133952e-06	1.665356e-09	1.517306e+01	1.082184e+02
5.080000e-06	2.091745e-06	1.660385e-09	1.487295e+01	1.077368e+02
5.090000e-06	2.049388e-06	1.654098e-09	1.457178e+01	1.072512e+02
5.100000e-06	2.006908e-06	1.645892e-09	1.426974e+01	1.067611e+02
5.110000e-06	1.964211e-06	1.637593e-09	1.396615e+01	1.062659e+02
5.120000e-06	1.921336e-06	1.631304e-09	1.366129e+01	1.057652e+02
5.130000e-06	1.878390e-06	1.625680e-09	1.335593e+01	1.052583e+02
5.140000e-06	1.835304e-06	1.619244e-09	1.304958e+01	1.047445e+02
5.150000e-06	1.792049e-06	1.612206e-09	1.274202e+01	1.042234e+02
5.160000e-06	1.748680e-06	1.604653e-09	1.243365e+01	1.036943e+02
5.170000e-06	1.705208e-06	1.596934e-09	1.212456e+01	1.031566e+02
5.180000e-06	1.661625e-06	1.586978e-09	1.181467e+01	1.026097e+02
5.190000e-06	1.617935e-06	1.575397e-09	1.150402e+01	1.020530e+02
5.200000e-06	1.574154e-06	1.562833e-09	1.119272e+01	1.014858e+02
5.210000e-06	1.530304e-06	1.554024e-09	1.088094e+01	1.009077e+02
5.220000e-06	1.486400e-06	1.547224e-09	1.056876e+01	1.003181e+02
5.230000e-06	1.442469e-06	1.539826e-09	1.025640e+01	9.971655e+01
5.240000e-06	1.398453e-06	1.533908e-09	9.943435e+00	9.910250e+01
5.250000e-06	1.354368e-06	1.527408e-09	9.629977e+00	9.847554e+01
5.260000e-06	1.310294e-06	1.518343e-09	9.316592e+00	9.783526e+01
5.270000e-06	1.266175e-06	1.507097e-09	9.002897e+00	9.718129e+01
5.280000e-06	1.222009e-06	1.493511e-09	8.688861e+00	9.651329e+01
5.290000e-06	1.177772e-06	1.481722e-09	8.374319e+00	9.583097e+01
5.300000e-06	1.133486e-06	1.473032e-09	8.059436e+00	9.513405e+01
5.310000e-06	1.089210e-06	1.467515e-09	7.744621e+00	9.442230e+01
5.320000e-06	1.044829e-06	1.459986e-09	7.429054e+00	9.369551e+01
5.330000e-06	1.000287e-06	1.447403e-09	7.112349e+00	9.295352e+01
5.340000e-06	9.556892e-07	1.433195e-09	6.795245e+00	9.219614e+01
5.350000e-06	9.110816e-07	1.418496e-09	6.478071e+00	9.142326e+01
5.360000e-06	8.663565e-07	1.403325e-09	6.160062e+00	9.063473e+01
5.370000e-06	8.216245e-07	1.388923e-09	5.842004e+00	8.983043e+01
5.380000e-06	7.768795e-07	1.377195e-09	5.523853e+00	8.901023e+01
5.390000e-06	7.320581e-07	1.369362e-09	5.205159e+00	8.817401e+01
5.400000e-06	6.871436e-07	1.361822e-09	4.885803e+00	8.732163e+01
5.410000e-06	6.421240e-07	1.351445e-09	4.565700e+00	8.645291e+01
5.420000e-06	5.970540e-07	1.336683e-09	4.245238e+00	8.556767e+01
5.430000e-06	5.519004e-07	1.320476e-09	3.924182e+00	8.466568e+01
5.440000e-06	5.067175e-07	1.305455e-09	3.602918e+00	8.374669e+01
5.450000e-06	4.615501e-07	1.291125e-09	3.281763e+00	8.281038e+01
5.460000e-06	4.163734e-07	1.275885e-09	2.960543e+00	8.185639e+01
5.470000e-06	3.710530e-07	1.261695e-09	2.638301e+00	8.088431e+01
5.480000e-06	3.256572e-07	1.250139e-09	2.315523e+00	7.989365e+01
5.490000e-06	2.803278e-07	1.239724e-09	1.993217e+00	7.888386e+01
5.500000e-06	2.349904e-07	1.224948e-09	1.670854e+00	7.785434e+01
5.510000e-06	1.895727e-07	1.204955e-09	1.347920e+00	7.680439e+01
5.520000e-06	1.440791e-07	1.183067e-09	1.024447e+00	7.573325e+01
5.530000e-06	9.860611e-08	1.164484e-09	7.011198e-01	7.464008e+01
5.540000e-06	5.314418e-08	1.150072e-09	3.778715e-01	7.352397e+01
5.550000e-06	7.632592e-09	1.135873e-09	5.427009e-02	7.238393e+01
5.560000e-06	-3.780647e-08	1.120587e-09	-2.688157e-01	7.121890e+01
5.570000e-06	-8.301892e-08	1.104834e-09	-5.902901e-01	7.002775e+01
5.580000e-06	-1.281869e-07	1.086112e-09	-9.114484e-01	6.880929e+01
5.590000e-06	-1.734460e-07	1.064530e-09	-1.233255e+00	6.756228e+01
5.600000e-06	-2.187325e-07	1.041819e-09	-1.555255e+00	6.628540e+01
5.610000e-06	-2.640247e-07	1.018827e-09	-1.877297e+00	6.497730e+01
5.620000e-06	-3.093317e-07	9.993206e-10	-2.199444e+00	6.363660e+01
5.630000e-06	-3.546531e-07	9.825653e-10	-2.521693e+00	6.226189e+01
5.640000e-06	-3.999077e-07	9.634530e-10	-2.843467e+00	6.085173e+01
5.650000e-06	-4.450540e-07	9.428582e-10	-3.164471e+00	5.940468e+01
5.660000e-06	-4.901364e-07	9.204120e-10	-3.485021e+00	5.791931e+01
5.670000e-06	-5.351778e-07	8.959731e-10	-3.805279e+00	5.639420e+01
5.680000e-06	-5.802056e-07	8.720984e-10	-4.125441e+00	5.482795e+01
5.690000e-06	-6.251586e-07	8.470594e-10	-4.445071e+00	5.321923e+01
5.700000e-06	-6.700178e-07	8.199768e-10	-4.764033e+00	5.156675e+01
5.710000e-06	-7.148207e-07	7.915965e-10	-5.082596e+00	4.986926e+01
5.720000e-06	-7.595395e-07	7.656108e-10	-5.400560e+00	4.812565e+01
5.730000e-06	-8.041834e-07	7.431867e-10	-5.717992e+00	4.633485e+01
5.740000e-06	-8.488020e-07	7.206030e-10	-6.035244e+00	4.449594e+01
5.750000e-06	-8.933901e-07	6.946427e-10	-6.352279e+00	4.260808e+01
5.760000e-06	-9.378479e-07	6.675548e-10	-6.668387e+00	4.067060e+01
5.770000e-06	-9.822311e-07	6.386308e-10	-6.983966e+00	3.868296e+01
5.780000e-06	-1.026616e-06	6.032130e-10	-7.299553e+00	3.664475e+01
5.790000e-06	-1.070950e-06	5.615819e-10	-7.614787e+00	3.455577e+01
5.800000e-06	-1.115198e-06	5.194133e-10	-7.929400e+00	3.241597e+01
5.810000e-06	-1.159396e-06	4.838329e-10	-8.243661e+00	3.022546e+01
5.820000e-06	-1.203492e-06	4.560233e-10	-8.557198e+00	2.798458e+01
5.830000e-06	-1.247512e-06	4.299779e-10	-8.870197e+00	2.569383e+01
5.840000e-06	-1.291507e-06	4.006546e-10	-9.183012e+00	2.335392e+01
5.850000e-06	-1.335438e-06	3.675527e-10	-9.495379e+00	2.096576e+01
5.860000e-06	-1.379356e-06	3.331846e-10	-9.807648e+00	1.853047e+01
5.870000e-06	-1.423294e-06	2.937979e-10	-1.012006e+01	1.604935e+01
5.880000e-06	-1.467166e-06	2.495057e-10	-1.043200e+01	1.352392e+01
5.890000e-06	-1.510931e-06	2.035908e-10	-1.074319e+01	1.095590e+01
5.900000e-06	-1.554664e-06	1.632621e-10	-1.105414e+01	8.347174e+00
5.910000e-06	-1.598393e-06	1.288299e-10	-1.136506e+01	5.699847e+00
5.920000e-06	-1.642010e-06	9.470661e-11	-1.167520e+01	3.016190e+00
5.930000e-06	-1.685490e-06	5.965285e-11	-1.198436e+01	2.986481e-01
5.940000e-06	-1.728916e-06	2.347965e-11	-1.229313e+01	-2.450171e+00
5.950000e-06	-1.772185e-06	-1.678617e-11	-1.260078e+01	-5.227506e+00
5.960000e-06	-1.815285e-06	-6.607013e-11	-1.290723e+01	-8.030456e+00
5.970000e-06	-1.858308e-06	-1.206821e-10	-1.321314e+01	-1.085599e+01
5.980000e-06	-1.901207e-06	-1.723808e-10	-1.351817e+01	-1.370097e+01
5.990000e-06	-1.943933e-06	-2.184730e-10	-1.382196e+01	-1.656215e+01
6.000000e-06	-1.986476e-06	-2.620436e-10	-1.412446e+01	-1.943620e+01
6.010000e-06	-2.028810e-06	-3.057113e-10	-1.442547e+01	-2.231974e+01
6.020000e-06	-2.071028e-06	-3.492155e-10	-1.472565e+01	-2.520930e+01
6.030000e-06	-2.113195e-06	-3.901099e-10	-1.502547e+01	-2.810141e+01
6.040000e-06	-2.155229e-06	-4.323230e-10	-1.532434e+01	-3.099257e+01
6.050000e-06	-2.197091e-06	-4.809262e-10	-1.562199e+01	-3.387926e+01
6.060000e-06	-2.238796e-06	-5.343959e-10	-1.591853e+01	-3.675800e+01
6.070000e-06	-2.280351e-06	-5.829112e-10	-1.621400e+01	-3.962532e+01
6.080000e-06	-2.321754e-06	-6.276224e-10	-1.650839e+01	-4.247781e+01
6.090000e-06	-2.363009e-06	-6.708006e-10	-1.680172e+01	-4.531211e+01
6.100000e-06	-2.404037e-06	-7.110113e-10	-1.709344e+01	-4.812495e+01
6.110000e-06	-2.444815e-06	-7.478460e-10	-1.738339e+01	-5.091313e+01
6.120000e-06	-2.485434e-06	-7.861477e-10	-1.767220e+01	-5.367358e+01
6.130000e-06	-2.525852e-06	-8.301616e-10	-1.795958e+01	-5.640332e+01
6.140000e-06	-2.566128e-06	-8.780801e-10	-1.824596e+01	-5.909952e+01
6.150000e-06	-2.606317e-06	-9.240877e-10	-1.853172e+01	-6.175947e+01
6.160000e-06	-2.646436e-06	-9.672715e-10	-1.881698e+01	-6.438063e+01
6.170000e-06	-2.686504e-06	-1.008768e-09	-1.910187e+01	-6.696059e+01
6.180000e-06	-2.726417e-06	-1.046973e-09	-1.938567e+01	-6.949713e+01
6.190000e-06	-2.766184e-06	-1.080704e-09	-1.966842e+01	-7.198818e+01
6.200000e-06	-2.805802e-06	-1.110624e-09	-1.995012e+01	-7.443185e+01
6.210000e-06	-2.845250e-06	-1.142491e-09	-2.023061e+01	-7.682642e+01
6.220000e-06	-2.884492e-06	-1.179584e-09	-2.050963e+01	-7.917038e+01
6.230000e-06	-2.923564e-06	-1.218371e-09	-2.078744e+01	-8.146235e+01
6.240000e-06	-2.962423e-06	-1.255993e-09	-2.106374e+01	-8.370117e+01
6.250000e-06	-3.000882e-06	-1.294141e-09	-2.133719e+01	-8.588585e+01
6.260000e-06	-3.038923e-06	-1.329559e-09	-2.160768e+01	-8.801556e+01
6.270000e-06	-3.076526e-06	-1.359827e-09	-2.187505e+01	-9.008966e+01
6.280000e-06	-3.113749e-06	-1.385825e-09	-2.213972e+01	-9.210768e+01
6.290000e-06	-3.150661e-06	-1.409930e-09	-2.240217e+01	-9.406930e+01
6.300000e-06	-3.187241e-06	-1.436160e-09	-2.266227e+01	-9.597436e+01
6.310000e-06	-3.223523e-06	-1.465753e-09	-2.292024e+01	-9.782286e+01
6.320000e-06	-3.259612e-06	-1.492882e-09	-2.317685e+01	-9.961493e+01
6.330000e-06	-3.295582e-06	-1.518960e-09	-2.343261e+01	-1.013508e+02
6.340000e-06	-3.331428e-06	-1.547722e-09	-2.368748e+01	-1.030310e+02
6.350000e-06	-3.367167e-06	-1.578300e-09	-2.394159e+01	-1.046559e+02
6.360000e-06	-3.402698e-06	-1.604978e-09	-2.419423e+01	-1.062262e+02
6.370000e-06	-3.438028e-06	-1.625891e-09	-2.444544e+01	-1.077426e+02
6.380000e-06	-3.473163e-06	-1.643173e-09	-2.469526e+01	-1.092059e+02
6.390000e-06	-3.508094e-06	-1.658939e-09	-2.494363e+01	-1.106170e+02
6.400000e-06	-3.542756e-06	-1.675079e-09	-2.519009e+01	-1.119769e+02
6.410000e-06	-3.577081e-06	-1.693351e-09	-2.543415e+01	-1.132865e+02
6.420000e-06	-3.611203e-06	-1.715448e-09	-2.567677e+01	-1.145471e+02
6.430000e-06	-3.645216e-06	-1.741103e-09	-2.591861e+01	-1.157596e+02
6.440000e-06	-3.679011e-06	-1.765259e-09	-2.615890e+01	-1.169253e+02
6.450000e-06	-3.712445e-06	-1.783507e-09	-2.639663e+01	-1.180453e+02
6.460000e-06	-3.745588e-06	-1.796333e-09	-2.663228e+01	-1.191210e+02
6.470000e-06	-3.778459e-06	-1.806964e-09	-2.686601e+01	-1.201534e+02
6.480000e-06	-3.810983e-06	-1.819371e-09	-2.709726e+01	-1.211438e+02
6.490000e-06	-3.843232e-06	-1.832318e-09	-2.732657e+01	-1.220935e+02
6.500000e-06	-3.875315e-06	-1.844186e-09	-2.755469e+01	-1.230037e+02
6.510000e-06	-3.907224e-06	-1.858281e-09	-2.778156e+01	-1.238757e+02
6.520000e-06	-3.938993e-06	-1.876963e-09	-2.800745e+01	-1.247107e+02
6.530000e-06	-3.970576e-06	-1.896916e-09	-2.823202e+01	-1.255098e+02
6.540000e-06	-4.001852e-06	-1.912843e-09	-2.845440e+01	-1.262744e+02
6.550000e-06	-4.032790e-06	-1.923202e-09	-2.867438e+01	-1.270055e+02
6.560000e-06	-4.063309e-06	-1.932387e-09	-2.889138e+01	-1.277044e+02
6.570000e-06	-4.093327e-06	-1.940228e-09	-2.910482e+01	-1.283721e+02
6.580000e-06	-4.122887e-06	-1.945160e-09	-2.931500e+01	-1.290099e+02
6.590000e-06	-4.151995e-06	-1.949412e-09	-2.952196e+01	-1.296187e+02
6.600000e-06	-4.180719e-06	-1.956350e-09	-2.972620e+01	-1.301997e+02
6.610000e-06	-4.209168e-06	-1.967204e-09	-2.992848e+01	-1.307540e+02
6.620000e-06	-4.237352e-06	-1.980964e-09	-3.012888e+01	-1.312825e+02
6.630000e-06	-4.265299e-06	-1.992973e-09	-3.032759e+01	-1.317863e+02
6.640000e-06	-4.293092e-06	-2.001084e-09	-3.052521e+01	-1.322663e+02
6.650000e-06	-4.320711e-06	-2.005881e-09	-3.072159e+01	-1.327236e+02
6.660000e-06	-4.348043e-06	-2.008409e-09	-3.091592e+01	-1.331590e+02
6.670000e-06	-4.375047e-06	-2.009518e-09	-3.110794e+01	-1.335735e+02
6.680000e-06	-4.401656e-06	-2.012452e-09	-3.129713e+01	-1.339680e+02
6.690000e-06	-4.427900e-06	-2.019090e-09	-3.148374e+01	-1.343434e+02
6.700000e-06	-4.453908e-06	-2.028299e-09	-3.166866e+01	-1.347005e+02
6.710000e-06	-4.479616e-06	-2.037974e-09	-3.185145e+01	-1.350403e+02
6.720000e-06	-4.504980e-06	-2.046175e-09	-3.203180e+01	-1.353634e+02
6.730000e-06	-4.530067e-06	-2.053598e-09	-3.221017e+01	-1.356708e+02
6.740000e-06	-4.554809e-06	-2.058801e-09	-3.238610e+01	-1.359632e+02
6.750000e-06	-4.579223e-06	-2.060790e-09	-3.255969e+01	-1.362415e+02
6.760000e-06	-4.603416e-06	-2.062655e-09	-3.273171e+01	-1.365063e+02
6.770000e-06	-4.627395e-06	-2.066435e-09	-3.290220e+01	-1.367583e+02
6.780000e-06	-4.651145e-06	-2.070909e-09	-3.307107e+01	-1.369983e+02
6.790000e-06	-4.674642e-06	-2.075426e-09	-3.323815e+01	-1.372270e+02
6.800000e-06	-4.697804e-06	-2.080943e-09	-3.340284e+01	-1.374450e+02
6.810000e-06	-4.720592e-06	-2.086056e-09	-3.356486e+01	-1.376530e+02
6.820000e-06	-4.742899e-06	-2.088308e-09	-3.372347e+01	-1.378514e+02
6.830000e-06	-4.764618e-06	-2.089960e-09	-3.387790e+01	-1.380409e+02
6.840000e-06	-4.785824e-06	-2.093521e-09	-3.402868e+01	-1.382220e+02
6.850000e-06	-4.806574e-06	-2.096248e-09	-3.417623e+01	-1.383952e+02
6.860000e-06	-4.826896e-06	-2.097159e-09	-3.432072e+01	-1.385610e+02
6.870000e-06	-4.846910e-06	-2.099018e-09	-3.446303e+01	-1.387197e+02
6.880000e-06	-4.866747e-06	-2.100312e-09	-3.460407e+01	-1.388717e+02
6.890000e-06	-4.886372e-06	-2.103177e-09	-3.474361e+01	-1.390173e+02
6.900000e-06	-4.905763e-06	-2.105843e-09	-3.488149e+01	-1.391569e+02
6.910000e-06	-4.924841e-06	-2.110284e-09	-3.501714e+01	-1.392907e+02
6.920000e-06	-4.943527e-06	-2.115828e-09	-3.515000e+01	-1.394188e+02
6.930000e-06	-4.961894e-06	-2.121019e-09	-3.528059e+01	-1.395414e+02
6.940000e-06	-4.979984e-06	-2.121523e-09	-3.540922e+01	-1.396587e+02
6.950000e-06	-4.997744e-06	-2.116983e-09	-3.553550e+01	-1.397706e+02
6.960000e-06	-5.015103e-06	-2.114086e-09	-3.565893e+01	-1.398772e+02
6.970000e-06	-5.032089e-06	-2.114484e-09	-3.577971e+01	-1.399785e+02
6.980000e-06	-5.048700e-06	-2.117198e-09	-3.589781e+01	-1.400745e+02
6.990000e-06	-5.064941e-06	-2.120067e-09	-3.601329e+01	-1.401649e+02
7.000000e-06	-5.080942e-06	-2.123497e-09	-3.612706e+01	-1.402498e+02
7.010000e-06	-5.096787e-06	-2.125868e-09	-3.623973e+01	-1.403289e+02
7.020000e-06	-5.112396e-06	-2.125117e-09	-3.635071e+01	-1.404021e+02
7.030000e-06	-5.127665e-06	-2.121059e-09	-3.645928e+01	-1.404691e+02
7.040000e-06	-5.142416e-06	-2.116329e-09	-3.656416e+01	-1.405298e+02
7.050000e-06	-5.156366e-06	-2.112005e-09	-3.666335e+01	-1.405838e+02
7.060000e-06	-5.169543e-06	-2.110279e-09	-3.675704e+01	-1.406310e+02
7.070000e-06	-5.182302e-06	-2.112482e-09	-3.684777e+01	-1.406711e+02
7.080000e-06	-5.194748e-06	-2.115855e-09	-3.693626e+01	-1.407039e+02
7.090000e-06	-5.206858e-06	-2.117366e-09	-3.702237e+01	-1.407291e+02
7.100000e-06	-5.218598e-06	-2.118307e-09	-3.710584e+01	-1.407465e+02
7.110000e-06	-5.229934e-06	-2.119265e-09	-3.718645e+01	-1.407560e+02
7.120000e-06	-5.240920e-06	-2.118779e-09	-3.726456e+01	-1.407572e+02
7.130000e-06	-5.251580e-06	-2.116347e-09	-3.734035e+01	-1.407502e+02
7.140000e-06	-5.261824e-06	-2.116545e-09	-3.741319e+01	-1.407347e+02
7.150000e-06	-5.271622e-06	-2.118537e-09	-3.748286e+01	-1.407108e+02
7.160000e-06	-5.281080e-06	-2.118233e-09	-3.755011e+01	-1.406784e+02
7.170000e-06	-5.290205e-06	-2.112590e-09	-3.761499e+01	-1.406375e+02
7.180000e-06	-5.298959e-06	-2.105713e-09	-3.767723e+01	-1.405882e+02
7.190000e-06	-5.307365e-06	-2.103517e-09	-3.773700e+01	-1.405307e+02
7.200000e-06	-5.315532e-06	-2.105581e-09	-3.779507e+01	-1.404651e+02
7.210000e-06	-5.323520e-06	-2.108872e-09	-3.785187e+01	-1.403917e+02
7.220000e-06	-5.331226e-06	-2.111526e-09	-3.790666e+01	-1.403109e+02
7.230000e-06	-5.338582e-06	-2.113652e-09	-3.795896e+01	-1.402229e+02
7.240000e-06	-5.345566e-06	-2.112814e-09	-3.800862e+01	-1.401283e+02
7.250000e-06	-5.352053e-06	-2.106569e-09	-3.805475e+01	-1.400274e+02
7.260000e-06	-5.357928e-06	-2.098149e-09	-3.809652e+01	-1.399210e+02
7.270000e-06	-5.363190e-06	-2.092290e-09	-3.813394e+01	-1.398096e+02
7.280000e-06	-5.367871e-06	-2.091633e-09	-3.816722e+01	-1.396939e+02
7.290000e-06	-5.372131e-06	-2.092890e-09	-3.819751e+01	-1.395745e+02
7.300000e-06	-5.376163e-06	-2.093183e-09	-3.822617e+01	-1.394523e+02
7.310000e-06	-5.379987e-06	-2.094961e-09	-3.825336e+01	-1.393280e+02
7.320000e-06	-5.383548e-06	-2.095887e-09	-3.827868e+01	-1.392024e+02
7.330000e-06	-5.386739e-06	-2.093041e-09	-3.830138e+01	-1.390765e+02
7.340000e-06	-5.389576e-06	-2.087358e-09	-3.832155e+01	-1.389510e+02
7.350000e-06	-5.392022e-06	-2.082084e-09	-3.833894e+01	-1.388270e+02
7.360000e-06	-5.394090e-06	-2.079430e-09	-3.835364e+01	-1.387052e+02
7.370000e-06	-5.395886e-06	-2.078283e-09	-3.836641e+01	-1.385865e+02
7.380000e-06	-5.397260e-06	-2.076045e-09	-3.837618e+01	-1.384718e+02
7.390000e-06	-5.398166e-06	-2.075019e-09	-3.838262e+01	-1.383620e+02
7.400000e-06	-5.398685e-06	-2.076730e-09	-3.838631e+01	-1.382578e+02
