# Temperatura_=_8.29
# Concentracion g/m^3_=_4090.0
# C_Vs_to_Am_M_A/Vsm_=_65563218390.804596
# pendiente_HvsI_1/m_=_3716.3
# ordenada_HvsI_A/m_=_1297.0
# frecuencia_Hz_=_135088.1090468055

Tiempo_(s)	Campo_(V.s)	Magnetizacion_(V.s)	Campo_(kA/m)	Magnetizacion_(A/m)
0.000000e+00	-5.403169e-06	-1.381604e-09	-3.838867e+01	-9.187101e+01
1.000000e-08	-5.403315e-06	-1.374453e-09	-3.838971e+01	-9.173812e+01
2.000000e-08	-5.403231e-06	-1.363905e-09	-3.838911e+01	-9.160734e+01
3.000000e-08	-5.402832e-06	-1.353443e-09	-3.838628e+01	-9.147927e+01
4.000000e-08	-5.402054e-06	-1.350028e-09	-3.838075e+01	-9.135447e+01
5.000000e-08	-5.400747e-06	-1.357292e-09	-3.837146e+01	-9.123348e+01
6.000000e-08	-5.398863e-06	-1.385014e-09	-3.835807e+01	-9.111679e+01
7.000000e-08	-5.396381e-06	-1.426341e-09	-3.834044e+01	-9.100485e+01
8.000000e-08	-5.393269e-06	-1.370963e-09	-3.831833e+01	-9.089809e+01
9.000000e-08	-5.389652e-06	-1.244446e-09	-3.829264e+01	-9.079684e+01
1.000000e-07	-5.385659e-06	-1.316337e-09	-3.826427e+01	-9.070140e+01
1.100000e-07	-5.381451e-06	-1.497151e-09	-3.823437e+01	-9.061202e+01
1.200000e-07	-5.376947e-06	-1.399074e-09	-3.820236e+01	-9.052886e+01
1.300000e-07	-5.372136e-06	-1.194831e-09	-3.816819e+01	-9.045202e+01
1.400000e-07	-5.367067e-06	-1.269783e-09	-3.813217e+01	-9.038153e+01
1.500000e-07	-5.361644e-06	-1.579066e-09	-3.809365e+01	-9.031737e+01
1.600000e-07	-5.355742e-06	-1.464111e-09	-3.805171e+01	-9.025942e+01
1.700000e-07	-5.349440e-06	-1.156334e-09	-3.800693e+01	-9.020750e+01
1.800000e-07	-5.342805e-06	-1.202262e-09	-3.795980e+01	-9.016137e+01
1.900000e-07	-5.335717e-06	-1.485460e-09	-3.790943e+01	-9.012070e+01
2.000000e-07	-5.328284e-06	-1.397613e-09	-3.785662e+01	-9.008511e+01
2.100000e-07	-5.320757e-06	-1.213733e-09	-3.780314e+01	-9.005417e+01
2.200000e-07	-5.312980e-06	-1.344405e-09	-3.774789e+01	-9.002735e+01
2.300000e-07	-5.304840e-06	-1.484273e-09	-3.769006e+01	-9.000409e+01
2.400000e-07	-5.296207e-06	-1.328240e-09	-3.762872e+01	-8.998380e+01
2.500000e-07	-5.287052e-06	-1.266762e-09	-3.756368e+01	-8.996580e+01
2.600000e-07	-5.277255e-06	-1.460213e-09	-3.749407e+01	-8.994941e+01
2.700000e-07	-5.266853e-06	-1.437745e-09	-3.742016e+01	-8.993389e+01
2.800000e-07	-5.256049e-06	-1.271103e-09	-3.734341e+01	-8.991850e+01
2.900000e-07	-5.244803e-06	-1.349693e-09	-3.726350e+01	-8.990244e+01
3.000000e-07	-5.233075e-06	-1.504098e-09	-3.718018e+01	-8.988496e+01
3.100000e-07	-5.220831e-06	-1.327142e-09	-3.709319e+01	-8.986524e+01
3.200000e-07	-5.208273e-06	-1.242812e-09	-3.700397e+01	-8.984250e+01
3.300000e-07	-5.195393e-06	-1.402762e-09	-3.691245e+01	-8.981597e+01
3.400000e-07	-5.182065e-06	-1.460680e-09	-3.681776e+01	-8.978489e+01
3.500000e-07	-5.168337e-06	-1.318747e-09	-3.672023e+01	-8.974851e+01
3.600000e-07	-5.154340e-06	-1.374521e-09	-3.662078e+01	-8.970614e+01
3.700000e-07	-5.139865e-06	-1.423867e-09	-3.651794e+01	-8.965710e+01
3.800000e-07	-5.124994e-06	-1.339597e-09	-3.641228e+01	-8.960077e+01
3.900000e-07	-5.109441e-06	-1.309578e-09	-3.630178e+01	-8.953658e+01
4.000000e-07	-5.093186e-06	-1.385248e-09	-3.618629e+01	-8.946401e+01
4.100000e-07	-5.076534e-06	-1.315282e-09	-3.606798e+01	-8.938258e+01
4.200000e-07	-5.059578e-06	-1.293065e-09	-3.594751e+01	-8.929191e+01
4.300000e-07	-5.042412e-06	-1.399350e-09	-3.582555e+01	-8.919166e+01
4.400000e-07	-5.024914e-06	-1.406766e-09	-3.570123e+01	-8.908157e+01
4.500000e-07	-5.007179e-06	-1.301778e-09	-3.557522e+01	-8.896144e+01
4.600000e-07	-4.989097e-06	-1.318503e-09	-3.544675e+01	-8.883115e+01
4.700000e-07	-4.970510e-06	-1.366687e-09	-3.531469e+01	-8.869065e+01
4.800000e-07	-4.951571e-06	-1.326605e-09	-3.518014e+01	-8.853997e+01
4.900000e-07	-4.932324e-06	-1.297432e-09	-3.504339e+01	-8.837920e+01
5.000000e-07	-4.912716e-06	-1.307325e-09	-3.490408e+01	-8.820850e+01
5.100000e-07	-4.892892e-06	-1.318847e-09	-3.476323e+01	-8.802810e+01
5.200000e-07	-4.872893e-06	-1.337605e-09	-3.462114e+01	-8.783830e+01
5.300000e-07	-4.852658e-06	-1.331916e-09	-3.447737e+01	-8.763946e+01
5.400000e-07	-4.832159e-06	-1.280591e-09	-3.433174e+01	-8.743199e+01
5.500000e-07	-4.811347e-06	-1.292047e-09	-3.418387e+01	-8.721635e+01
5.600000e-07	-4.790117e-06	-1.327578e-09	-3.403304e+01	-8.699305e+01
5.700000e-07	-4.768440e-06	-1.311842e-09	-3.387902e+01	-8.676264e+01
5.800000e-07	-4.746495e-06	-1.271801e-09	-3.372310e+01	-8.652572e+01
5.900000e-07	-4.724351e-06	-1.280845e-09	-3.356577e+01	-8.628289e+01
6.000000e-07	-4.701865e-06	-1.292789e-09	-3.340602e+01	-8.603480e+01
6.100000e-07	-4.678929e-06	-1.302366e-09	-3.324306e+01	-8.578209e+01
6.200000e-07	-4.655576e-06	-1.278801e-09	-3.307714e+01	-8.552543e+01
6.300000e-07	-4.631987e-06	-1.257382e-09	-3.290954e+01	-8.526549e+01
6.400000e-07	-4.608229e-06	-1.273122e-09	-3.274074e+01	-8.500293e+01
6.500000e-07	-4.584302e-06	-1.310720e-09	-3.257075e+01	-8.473840e+01
6.600000e-07	-4.560111e-06	-1.281266e-09	-3.239888e+01	-8.447252e+01
6.700000e-07	-4.535596e-06	-1.246720e-09	-3.222470e+01	-8.420593e+01
6.800000e-07	-4.510776e-06	-1.252619e-09	-3.204835e+01	-8.393919e+01
6.900000e-07	-4.485437e-06	-1.274514e-09	-3.186833e+01	-8.367287e+01
7.000000e-07	-4.459526e-06	-1.258035e-09	-3.168423e+01	-8.340748e+01
7.100000e-07	-4.433085e-06	-1.237842e-09	-3.149638e+01	-8.314348e+01
7.200000e-07	-4.406085e-06	-1.235946e-09	-3.130455e+01	-8.288130e+01
7.300000e-07	-4.378760e-06	-1.263349e-09	-3.111041e+01	-8.262133e+01
7.400000e-07	-4.351285e-06	-1.272185e-09	-3.091520e+01	-8.236388e+01
7.500000e-07	-4.323566e-06	-1.246412e-09	-3.071826e+01	-8.210923e+01
7.600000e-07	-4.295611e-06	-1.223834e-09	-3.051965e+01	-8.185760e+01
7.700000e-07	-4.267505e-06	-1.233746e-09	-3.031996e+01	-8.160916e+01
7.800000e-07	-4.239088e-06	-1.240503e-09	-3.011806e+01	-8.136400e+01
7.900000e-07	-4.210400e-06	-1.224454e-09	-2.991423e+01	-8.112218e+01
8.000000e-07	-4.181418e-06	-1.213109e-09	-2.970832e+01	-8.088370e+01
8.100000e-07	-4.152029e-06	-1.222332e-09	-2.949952e+01	-8.064851e+01
8.200000e-07	-4.122356e-06	-1.236739e-09	-2.928869e+01	-8.041650e+01
8.300000e-07	-4.092531e-06	-1.228130e-09	-2.907679e+01	-8.018753e+01
8.400000e-07	-4.062464e-06	-1.206897e-09	-2.886317e+01	-7.996140e+01
8.500000e-07	-4.032044e-06	-1.200594e-09	-2.864704e+01	-7.973787e+01
8.600000e-07	-4.001335e-06	-1.218852e-09	-2.842886e+01	-7.951669e+01
8.700000e-07	-3.970329e-06	-1.224055e-09	-2.820856e+01	-7.929753e+01
8.800000e-07	-3.939022e-06	-1.211384e-09	-2.798614e+01	-7.908008e+01
8.900000e-07	-3.907524e-06	-1.199548e-09	-2.776235e+01	-7.886398e+01
9.000000e-07	-3.875913e-06	-1.207190e-09	-2.753775e+01	-7.864885e+01
9.100000e-07	-3.844161e-06	-1.204133e-09	-2.731217e+01	-7.843432e+01
9.200000e-07	-3.812186e-06	-1.186379e-09	-2.708499e+01	-7.821999e+01
9.300000e-07	-3.779963e-06	-1.171375e-09	-2.685605e+01	-7.800546e+01
9.400000e-07	-3.747507e-06	-1.186418e-09	-2.662545e+01	-7.779034e+01
9.500000e-07	-3.714652e-06	-1.202059e-09	-2.639202e+01	-7.757423e+01
9.600000e-07	-3.681292e-06	-1.200931e-09	-2.615500e+01	-7.735677e+01
9.700000e-07	-3.647545e-06	-1.182009e-09	-2.591523e+01	-7.713757e+01
9.800000e-07	-3.613413e-06	-1.175095e-09	-2.567273e+01	-7.691629e+01
9.900000e-07	-3.578891e-06	-1.172463e-09	-2.542746e+01	-7.669262e+01
1.000000e-06	-3.543990e-06	-1.163991e-09	-2.517949e+01	-7.646623e+01
1.010000e-06	-3.508734e-06	-1.149942e-09	-2.492900e+01	-7.623686e+01
1.020000e-06	-3.473178e-06	-1.151806e-09	-2.467638e+01	-7.600427e+01
1.030000e-06	-3.437425e-06	-1.165480e-09	-2.442236e+01	-7.576823e+01
1.040000e-06	-3.401657e-06	-1.172219e-09	-2.416824e+01	-7.552855e+01
1.050000e-06	-3.365787e-06	-1.160780e-09	-2.391339e+01	-7.528510e+01
1.060000e-06	-3.329744e-06	-1.147813e-09	-2.365731e+01	-7.503774e+01
1.070000e-06	-3.293515e-06	-1.143348e-09	-2.339991e+01	-7.478640e+01
1.080000e-06	-3.257031e-06	-1.137745e-09	-2.314069e+01	-7.453101e+01
1.090000e-06	-3.220282e-06	-1.126993e-09	-2.287960e+01	-7.427156e+01
1.100000e-06	-3.183219e-06	-1.123036e-09	-2.261627e+01	-7.400805e+01
1.110000e-06	-3.145935e-06	-1.133566e-09	-2.235138e+01	-7.374051e+01
1.120000e-06	-3.108487e-06	-1.141900e-09	-2.208531e+01	-7.346900e+01
1.130000e-06	-3.070793e-06	-1.135365e-09	-2.181750e+01	-7.319359e+01
1.140000e-06	-3.032864e-06	-1.120512e-09	-2.154802e+01	-7.291440e+01
1.150000e-06	-2.994825e-06	-1.113633e-09	-2.127777e+01	-7.263154e+01
1.160000e-06	-2.956585e-06	-1.110662e-09	-2.100607e+01	-7.234513e+01
1.170000e-06	-2.918047e-06	-1.105783e-09	-2.073227e+01	-7.205531e+01
1.180000e-06	-2.879459e-06	-1.095315e-09	-2.045810e+01	-7.176223e+01
1.190000e-06	-2.840659e-06	-1.091718e-09	-2.018244e+01	-7.146603e+01
1.200000e-06	-2.801450e-06	-1.096178e-09	-1.990387e+01	-7.116687e+01
1.210000e-06	-2.762079e-06	-1.101364e-09	-1.962414e+01	-7.086488e+01
1.220000e-06	-2.722624e-06	-1.094253e-09	-1.934382e+01	-7.056020e+01
1.230000e-06	-2.683079e-06	-1.086611e-09	-1.906285e+01	-7.025295e+01
1.240000e-06	-2.643443e-06	-1.082102e-09	-1.878125e+01	-6.994325e+01
1.250000e-06	-2.603658e-06	-1.079266e-09	-1.849858e+01	-6.963118e+01
1.260000e-06	-2.563718e-06	-1.069696e-09	-1.821482e+01	-6.931681e+01
1.270000e-06	-2.523692e-06	-1.057911e-09	-1.793044e+01	-6.900021e+01
1.280000e-06	-2.483585e-06	-1.052807e-09	-1.764548e+01	-6.868139e+01
1.290000e-06	-2.443279e-06	-1.056053e-09	-1.735911e+01	-6.836037e+01
1.300000e-06	-2.402851e-06	-1.053905e-09	-1.707188e+01	-6.803711e+01
1.310000e-06	-2.362252e-06	-1.044497e-09	-1.678343e+01	-6.771157e+01
1.320000e-06	-2.321399e-06	-1.035645e-09	-1.649318e+01	-6.738367e+01
1.330000e-06	-2.280343e-06	-1.033032e-09	-1.620148e+01	-6.705330e+01
1.340000e-06	-2.239049e-06	-1.029361e-09	-1.590810e+01	-6.672034e+01
1.350000e-06	-2.197444e-06	-1.022060e-09	-1.561250e+01	-6.638462e+01
1.360000e-06	-2.155488e-06	-1.014244e-09	-1.531441e+01	-6.604596e+01
1.370000e-06	-2.113242e-06	-1.010462e-09	-1.501425e+01	-6.570415e+01
1.380000e-06	-2.070740e-06	-1.009156e-09	-1.471228e+01	-6.535896e+01
1.390000e-06	-2.027973e-06	-1.004625e-09	-1.440843e+01	-6.501013e+01
1.400000e-06	-1.985024e-06	-9.960950e-10	-1.410329e+01	-6.465740e+01
1.410000e-06	-1.941985e-06	-9.897612e-10	-1.379750e+01	-6.430047e+01
1.420000e-06	-1.898705e-06	-9.874937e-10	-1.349000e+01	-6.393903e+01
1.430000e-06	-1.855175e-06	-9.827957e-10	-1.318073e+01	-6.357278e+01
1.440000e-06	-1.811571e-06	-9.765114e-10	-1.287093e+01	-6.320139e+01
1.450000e-06	-1.767899e-06	-9.693083e-10	-1.256065e+01	-6.282452e+01
1.460000e-06	-1.724108e-06	-9.630172e-10	-1.224952e+01	-6.244184e+01
1.470000e-06	-1.680194e-06	-9.551710e-10	-1.193752e+01	-6.205302e+01
1.480000e-06	-1.636268e-06	-9.471308e-10	-1.162543e+01	-6.165770e+01
1.490000e-06	-1.592343e-06	-9.409428e-10	-1.131335e+01	-6.125555e+01
1.500000e-06	-1.548308e-06	-9.371207e-10	-1.100049e+01	-6.084625e+01
1.510000e-06	-1.504154e-06	-9.340040e-10	-1.068678e+01	-6.042946e+01
1.520000e-06	-1.459999e-06	-9.303569e-10	-1.037306e+01	-6.000486e+01
1.530000e-06	-1.415808e-06	-9.233439e-10	-1.005910e+01	-5.957214e+01
1.540000e-06	-1.371488e-06	-9.150690e-10	-9.744208e+00	-5.913100e+01
1.550000e-06	-1.327142e-06	-9.039185e-10	-9.429135e+00	-5.868114e+01
1.560000e-06	-1.282743e-06	-8.930992e-10	-9.113688e+00	-5.822229e+01
1.570000e-06	-1.238114e-06	-8.861260e-10	-8.796608e+00	-5.775415e+01
1.580000e-06	-1.193348e-06	-8.858592e-10	-8.478552e+00	-5.727648e+01
1.590000e-06	-1.148552e-06	-8.858116e-10	-8.160280e+00	-5.678900e+01
1.600000e-06	-1.103679e-06	-8.826951e-10	-7.841467e+00	-5.629147e+01
1.610000e-06	-1.058734e-06	-8.734446e-10	-7.522140e+00	-5.578364e+01
1.620000e-06	-1.013748e-06	-8.625926e-10	-7.202518e+00	-5.526526e+01
1.630000e-06	-9.686508e-07	-8.504122e-10	-6.882113e+00	-5.473609e+01
1.640000e-06	-9.234263e-07	-8.383495e-10	-6.560799e+00	-5.419588e+01
1.650000e-06	-8.780973e-07	-8.303752e-10	-6.238744e+00	-5.364438e+01
1.660000e-06	-8.326614e-07	-8.241262e-10	-5.915929e+00	-5.308133e+01
1.670000e-06	-7.872202e-07	-8.200470e-10	-5.593076e+00	-5.250645e+01
1.680000e-06	-7.417846e-07	-8.149124e-10	-5.270263e+00	-5.191947e+01
1.690000e-06	-6.963339e-07	-8.053829e-10	-4.947344e+00	-5.132008e+01
1.700000e-06	-6.507990e-07	-7.939407e-10	-4.623825e+00	-5.070797e+01
1.710000e-06	-6.051955e-07	-7.827053e-10	-4.299819e+00	-5.008278e+01
1.720000e-06	-5.595318e-07	-7.720081e-10	-3.975386e+00	-4.944416e+01
1.730000e-06	-5.138765e-07	-7.611269e-10	-3.651012e+00	-4.879171e+01
1.740000e-06	-4.682446e-07	-7.509848e-10	-3.326805e+00	-4.812499e+01
1.750000e-06	-4.225532e-07	-7.426242e-10	-3.002174e+00	-4.744355e+01
1.760000e-06	-3.768264e-07	-7.331292e-10	-2.677292e+00	-4.674689e+01
1.770000e-06	-3.311132e-07	-7.213239e-10	-2.352507e+00	-4.603450e+01
1.780000e-06	-2.853762e-07	-7.086675e-10	-2.027553e+00	-4.530580e+01
1.790000e-06	-2.395658e-07	-6.982320e-10	-1.702077e+00	-4.456019e+01
1.800000e-06	-1.937123e-07	-6.857079e-10	-1.376296e+00	-4.379704e+01
1.810000e-06	-1.478697e-07	-6.703886e-10	-1.050591e+00	-4.301567e+01
1.820000e-06	-1.020722e-07	-6.548587e-10	-7.252072e-01	-4.221539e+01
1.830000e-06	-5.635712e-08	-6.432063e-10	-4.004086e-01	-4.139544e+01
1.840000e-06	-1.060085e-08	-6.332779e-10	-7.531738e-02	-4.055508e+01
1.850000e-06	3.526243e-08	-6.228325e-10	2.505341e-01	-3.969350e+01
1.860000e-06	8.110536e-08	-6.107703e-10	5.762409e-01	-3.880990e+01
1.870000e-06	1.268587e-07	-5.984420e-10	9.013114e-01	-3.790343e+01
1.880000e-06	1.726139e-07	-5.857722e-10	1.226395e+00	-3.697327e+01
1.890000e-06	2.184696e-07	-5.679431e-10	1.552192e+00	-3.601855e+01
1.900000e-06	2.642486e-07	-5.436217e-10	1.877445e+00	-3.503842e+01
1.910000e-06	3.099728e-07	-5.210387e-10	2.202308e+00	-3.403204e+01
1.920000e-06	3.557110e-07	-5.030264e-10	2.527271e+00	-3.299858e+01
1.930000e-06	4.013970e-07	-4.870774e-10	2.851863e+00	-3.193721e+01
1.940000e-06	4.470572e-07	-4.707894e-10	3.176271e+00	-3.084716e+01
1.950000e-06	4.927054e-07	-4.535234e-10	3.500595e+00	-2.972767e+01
1.960000e-06	5.383253e-07	-4.377291e-10	3.824717e+00	-2.857804e+01
1.970000e-06	5.838853e-07	-4.212904e-10	4.148414e+00	-2.739761e+01
1.980000e-06	6.293657e-07	-4.006653e-10	4.471545e+00	-2.618578e+01
1.990000e-06	6.748162e-07	-3.778125e-10	4.794464e+00	-2.494202e+01
2.000000e-06	7.202449e-07	-3.555820e-10	5.117227e+00	-2.366589e+01
2.010000e-06	7.656912e-07	-3.356982e-10	5.440116e+00	-2.235701e+01
2.020000e-06	8.111129e-07	-3.169949e-10	5.762831e+00	-2.101510e+01
2.030000e-06	8.564422e-07	-2.959941e-10	6.084888e+00	-1.963998e+01
2.040000e-06	9.016575e-07	-2.733447e-10	6.406136e+00	-1.823158e+01
2.050000e-06	9.467895e-07	-2.516938e-10	6.726791e+00	-1.678993e+01
2.060000e-06	9.918827e-07	-2.308924e-10	7.047171e+00	-1.531518e+01
2.070000e-06	1.036914e-06	-2.053526e-10	7.367112e+00	-1.380760e+01
2.080000e-06	1.081790e-06	-1.787348e-10	7.685947e+00	-1.226758e+01
2.090000e-06	1.126509e-06	-1.548402e-10	8.003668e+00	-1.069566e+01
2.100000e-06	1.171144e-06	-1.303516e-10	8.320795e+00	-9.092473e+00
2.110000e-06	1.215704e-06	-1.039738e-10	8.637390e+00	-7.458813e+00
2.120000e-06	1.260185e-06	-7.337240e-11	8.953420e+00	-5.795596e+00
2.130000e-06	1.304604e-06	-4.612468e-11	9.269009e+00	-4.103868e+00
2.140000e-06	1.348994e-06	-2.466604e-11	9.584394e+00	-2.384808e+00
2.150000e-06	1.393269e-06	-5.248954e-12	9.898961e+00	-6.397231e-01
2.160000e-06	1.437473e-06	1.610265e-11	1.021302e+01	1.129956e+00
2.170000e-06	1.481650e-06	4.076498e-11	1.052689e+01	2.922678e+00
2.180000e-06	1.525757e-06	6.837951e-11	1.084027e+01	4.736775e+00
2.190000e-06	1.569780e-06	1.013699e-10	1.115304e+01	6.570472e+00
2.200000e-06	1.613696e-06	1.367137e-10	1.146506e+01	8.421889e+00
2.210000e-06	1.657533e-06	1.701371e-10	1.177652e+01	1.028905e+01
2.220000e-06	1.701327e-06	1.985500e-10	1.208766e+01	1.216991e+01
2.230000e-06	1.745081e-06	2.231048e-10	1.239853e+01	1.406231e+01
2.240000e-06	1.788759e-06	2.485129e-10	1.270886e+01	1.596406e+01
2.250000e-06	1.832355e-06	2.747786e-10	1.301859e+01	1.787290e+01
2.260000e-06	1.875862e-06	3.013707e-10	1.332771e+01	1.978651e+01
2.270000e-06	1.919304e-06	3.328446e-10	1.363635e+01	2.170256e+01
2.280000e-06	1.962603e-06	3.692237e-10	1.394398e+01	2.361869e+01
2.290000e-06	2.005697e-06	4.061317e-10	1.425016e+01	2.553251e+01
2.300000e-06	2.048646e-06	4.393755e-10	1.455531e+01	2.744164e+01
2.310000e-06	2.091302e-06	4.680120e-10	1.485837e+01	2.934373e+01
2.320000e-06	2.133620e-06	4.945438e-10	1.515904e+01	3.123642e+01
2.330000e-06	2.175754e-06	5.202893e-10	1.545839e+01	3.311741e+01
2.340000e-06	2.217656e-06	5.404901e-10	1.575610e+01	3.498443e+01
2.350000e-06	2.259190e-06	5.628162e-10	1.605119e+01	3.683529e+01
2.360000e-06	2.300362e-06	5.883535e-10	1.634372e+01	3.866784e+01
2.370000e-06	2.341287e-06	6.201755e-10	1.663448e+01	4.048001e+01
2.380000e-06	2.381993e-06	6.557257e-10	1.692369e+01	4.226984e+01
2.390000e-06	2.422446e-06	6.892561e-10	1.721110e+01	4.403544e+01
2.400000e-06	2.462747e-06	7.221866e-10	1.749743e+01	4.577503e+01
2.410000e-06	2.502909e-06	7.506745e-10	1.778278e+01	4.748694e+01
2.420000e-06	2.542892e-06	7.758390e-10	1.806685e+01	4.916962e+01
2.430000e-06	2.582795e-06	7.983914e-10	1.835036e+01	5.082162e+01
2.440000e-06	2.622618e-06	8.170049e-10	1.863329e+01	5.244163e+01
2.450000e-06	2.662340e-06	8.350394e-10	1.891551e+01	5.402848e+01
2.460000e-06	2.701942e-06	8.586750e-10	1.919688e+01	5.558111e+01
2.470000e-06	2.741380e-06	8.878155e-10	1.947708e+01	5.709859e+01
2.480000e-06	2.780592e-06	9.171965e-10	1.975567e+01	5.858014e+01
2.490000e-06	2.819649e-06	9.450905e-10	2.003317e+01	6.002510e+01
2.500000e-06	2.858590e-06	9.695343e-10	2.030983e+01	6.143294e+01
2.510000e-06	2.897265e-06	9.909001e-10	2.058462e+01	6.280325e+01
2.520000e-06	2.935664e-06	1.010636e-09	2.085744e+01	6.413575e+01
2.530000e-06	2.973841e-06	1.027965e-09	2.112868e+01	6.543030e+01
2.540000e-06	3.011833e-06	1.044283e-09	2.139860e+01	6.668685e+01
2.550000e-06	3.049629e-06	1.058937e-09	2.166714e+01	6.790546e+01
2.560000e-06	3.087305e-06	1.074640e-09	2.193482e+01	6.908631e+01
2.570000e-06	3.124769e-06	1.095888e-09	2.220099e+01	7.022967e+01
2.580000e-06	3.161972e-06	1.118415e-09	2.246531e+01	7.133590e+01
2.590000e-06	3.198939e-06	1.137394e-09	2.272796e+01	7.240545e+01
2.600000e-06	3.235704e-06	1.154729e-09	2.298917e+01	7.343883e+01
2.610000e-06	3.272306e-06	1.171186e-09	2.324922e+01	7.443664e+01
2.620000e-06	3.308600e-06	1.183622e-09	2.350709e+01	7.539951e+01
2.630000e-06	3.344679e-06	1.193480e-09	2.376342e+01	7.632816e+01
2.640000e-06	3.380680e-06	1.205220e-09	2.401920e+01	7.722332e+01
2.650000e-06	3.416562e-06	1.219591e-09	2.427414e+01	7.808578e+01
2.660000e-06	3.452286e-06	1.231966e-09	2.452795e+01	7.891634e+01
2.670000e-06	3.487841e-06	1.241147e-09	2.478056e+01	7.971583e+01
2.680000e-06	3.523246e-06	1.250539e-09	2.503211e+01	8.048510e+01
2.690000e-06	3.558377e-06	1.259536e-09	2.528171e+01	8.122499e+01
2.700000e-06	3.593188e-06	1.271058e-09	2.552904e+01	8.193636e+01
2.710000e-06	3.627670e-06	1.284298e-09	2.577403e+01	8.262005e+01
2.720000e-06	3.661709e-06	1.297209e-09	2.601587e+01	8.327689e+01
2.730000e-06	3.695104e-06	1.309385e-09	2.625314e+01	8.390771e+01
2.740000e-06	3.727953e-06	1.319082e-09	2.648652e+01	8.451331e+01
2.750000e-06	3.760520e-06	1.324262e-09	2.671790e+01	8.509446e+01
2.760000e-06	3.792820e-06	1.329244e-09	2.694740e+01	8.565192e+01
2.770000e-06	3.824897e-06	1.331503e-09	2.717529e+01	8.618642e+01
2.780000e-06	3.856803e-06	1.339044e-09	2.740199e+01	8.669865e+01
2.790000e-06	3.888579e-06	1.353405e-09	2.762775e+01	8.718927e+01
2.800000e-06	3.920149e-06	1.366008e-09	2.785204e+01	8.765893e+01
2.810000e-06	3.951507e-06	1.374331e-09	2.807484e+01	8.810822e+01
2.820000e-06	3.982675e-06	1.380701e-09	2.829628e+01	8.853773e+01
2.830000e-06	4.013535e-06	1.385975e-09	2.851554e+01	8.894799e+01
2.840000e-06	4.044106e-06	1.382481e-09	2.873274e+01	8.933952e+01
2.850000e-06	4.074346e-06	1.375426e-09	2.894759e+01	8.971283e+01
2.860000e-06	4.104282e-06	1.374611e-09	2.916028e+01	9.006837e+01
2.870000e-06	4.134032e-06	1.384652e-09	2.937165e+01	9.040660e+01
2.880000e-06	4.163470e-06	1.399154e-09	2.958080e+01	9.072795e+01
2.890000e-06	4.192585e-06	1.407670e-09	2.978766e+01	9.103284e+01
2.900000e-06	4.221530e-06	1.410715e-09	2.999331e+01	9.132167e+01
2.910000e-06	4.250192e-06	1.411765e-09	3.019695e+01	9.159485e+01
2.920000e-06	4.278478e-06	1.406961e-09	3.039792e+01	9.185276e+01
2.930000e-06	4.306542e-06	1.397973e-09	3.059731e+01	9.209579e+01
2.940000e-06	4.334470e-06	1.391046e-09	3.079573e+01	9.232433e+01
2.950000e-06	4.362232e-06	1.395258e-09	3.099298e+01	9.253879e+01
2.960000e-06	4.389779e-06	1.407923e-09	3.118869e+01	9.273955e+01
2.970000e-06	4.416981e-06	1.419848e-09	3.138196e+01	9.292703e+01
2.980000e-06	4.443727e-06	1.424597e-09	3.157199e+01	9.310164e+01
2.990000e-06	4.469988e-06	1.423835e-09	3.175856e+01	9.326382e+01
3.000000e-06	4.495742e-06	1.421810e-09	3.194155e+01	9.341401e+01
3.010000e-06	4.520975e-06	1.419036e-09	3.212082e+01	9.355266e+01
3.020000e-06	4.545764e-06	1.413018e-09	3.229694e+01	9.368024e+01
3.030000e-06	4.570125e-06	1.411340e-09	3.247002e+01	9.379724e+01
3.040000e-06	4.594192e-06	1.418963e-09	3.264102e+01	9.390415e+01
3.050000e-06	4.618090e-06	1.428057e-09	3.281081e+01	9.400148e+01
3.060000e-06	4.641750e-06	1.432402e-09	3.297891e+01	9.408975e+01
3.070000e-06	4.665115e-06	1.431747e-09	3.314491e+01	9.416949e+01
3.080000e-06	4.688042e-06	1.432310e-09	3.330781e+01	9.424123e+01
3.090000e-06	4.710533e-06	1.433279e-09	3.346760e+01	9.430552e+01
3.100000e-06	4.732687e-06	1.430489e-09	3.362500e+01	9.436289e+01
3.110000e-06	4.754595e-06	1.425249e-09	3.378065e+01	9.441389e+01
3.120000e-06	4.776245e-06	1.422681e-09	3.393448e+01	9.445906e+01
3.130000e-06	4.797630e-06	1.425857e-09	3.408641e+01	9.449891e+01
3.140000e-06	4.818721e-06	1.429405e-09	3.423626e+01	9.453396e+01
3.150000e-06	4.839478e-06	1.433898e-09	3.438373e+01	9.456473e+01
3.160000e-06	4.859894e-06	1.440245e-09	3.452879e+01	9.459168e+01
3.170000e-06	4.880060e-06	1.443398e-09	3.467206e+01	9.461528e+01
3.180000e-06	4.900012e-06	1.443941e-09	3.481382e+01	9.463595e+01
3.190000e-06	4.919733e-06	1.439216e-09	3.495393e+01	9.465411e+01
3.200000e-06	4.939172e-06	1.435021e-09	3.509204e+01	9.467013e+01
3.210000e-06	4.958287e-06	1.435696e-09	3.522785e+01	9.468433e+01
3.220000e-06	4.977046e-06	1.438034e-09	3.536113e+01	9.469701e+01
3.230000e-06	4.995373e-06	1.439594e-09	3.549134e+01	9.470844e+01
3.240000e-06	5.013273e-06	1.442401e-09	3.561852e+01	9.471881e+01
3.250000e-06	5.030748e-06	1.446345e-09	3.574268e+01	9.472831e+01
3.260000e-06	5.047922e-06	1.447410e-09	3.586470e+01	9.473706e+01
3.270000e-06	5.064909e-06	1.443622e-09	3.598538e+01	9.474513e+01
3.280000e-06	5.081581e-06	1.439745e-09	3.610384e+01	9.475256e+01
3.290000e-06	5.097821e-06	1.441511e-09	3.621922e+01	9.475933e+01
3.300000e-06	5.113560e-06	1.446527e-09	3.633105e+01	9.476539e+01
3.310000e-06	5.128828e-06	1.446709e-09	3.643952e+01	9.477064e+01
3.320000e-06	5.143654e-06	1.444551e-09	3.654485e+01	9.477494e+01
3.330000e-06	5.157990e-06	1.445546e-09	3.664671e+01	9.477811e+01
3.340000e-06	5.172003e-06	1.445985e-09	3.674627e+01	9.477995e+01
3.350000e-06	5.185666e-06	1.443345e-09	3.684335e+01	9.478019e+01
3.360000e-06	5.198926e-06	1.441148e-09	3.693756e+01	9.477858e+01
3.370000e-06	5.211850e-06	1.440843e-09	3.702938e+01	9.477481e+01
3.380000e-06	5.224394e-06	1.440991e-09	3.711850e+01	9.476858e+01
3.390000e-06	5.236580e-06	1.440380e-09	3.720508e+01	9.475954e+01
3.400000e-06	5.248497e-06	1.437191e-09	3.728975e+01	9.474737e+01
3.410000e-06	5.260045e-06	1.433188e-09	3.737180e+01	9.473172e+01
3.420000e-06	5.271108e-06	1.430901e-09	3.745040e+01	9.471225e+01
3.430000e-06	5.281548e-06	1.430751e-09	3.752457e+01	9.468862e+01
3.440000e-06	5.291328e-06	1.430247e-09	3.759405e+01	9.466052e+01
3.450000e-06	5.300509e-06	1.430471e-09	3.765929e+01	9.462763e+01
3.460000e-06	5.309211e-06	1.433983e-09	3.772111e+01	9.458968e+01
3.470000e-06	5.317583e-06	1.436167e-09	3.778059e+01	9.454642e+01
3.480000e-06	5.325597e-06	1.436119e-09	3.783753e+01	9.449761e+01
3.490000e-06	5.333328e-06	1.436053e-09	3.789246e+01	9.444307e+01
3.500000e-06	5.340835e-06	1.435601e-09	3.794580e+01	9.438266e+01
3.510000e-06	5.347957e-06	1.433170e-09	3.799640e+01	9.431627e+01
3.520000e-06	5.354669e-06	1.428660e-09	3.804409e+01	9.424385e+01
3.530000e-06	5.361084e-06	1.426870e-09	3.808966e+01	9.416539e+01
3.540000e-06	5.367145e-06	1.429981e-09	3.813273e+01	9.408094e+01
3.550000e-06	5.372838e-06	1.433155e-09	3.817317e+01	9.399059e+01
3.560000e-06	5.378240e-06	1.432925e-09	3.821155e+01	9.389449e+01
3.570000e-06	5.383316e-06	1.430891e-09	3.824762e+01	9.379286e+01
3.580000e-06	5.387947e-06	1.427742e-09	3.828052e+01	9.368593e+01
3.590000e-06	5.392138e-06	1.423711e-09	3.831030e+01	9.357403e+01
3.600000e-06	5.396067e-06	1.420724e-09	3.833821e+01	9.345751e+01
3.610000e-06	5.399820e-06	1.421094e-09	3.836488e+01	9.333676e+01
3.620000e-06	5.403280e-06	1.424666e-09	3.838946e+01	9.321224e+01
3.630000e-06	5.406341e-06	1.428017e-09	3.841121e+01	9.308444e+01
3.640000e-06	5.408826e-06	1.431234e-09	3.842886e+01	9.295387e+01
3.650000e-06	5.410661e-06	1.432722e-09	3.844190e+01	9.282110e+01
3.660000e-06	5.411934e-06	1.429563e-09	3.845095e+01	9.268669e+01
3.670000e-06	5.412770e-06	1.425672e-09	3.845688e+01	9.255126e+01
3.680000e-06	5.413162e-06	1.423864e-09	3.845967e+01	9.241542e+01
3.690000e-06	5.413209e-06	1.420310e-09	3.846000e+01	9.227979e+01
3.700000e-06	5.413060e-06	1.416574e-09	3.845894e+01	9.214499e+01
3.710000e-06	5.412640e-06	1.415783e-09	3.845596e+01	9.201164e+01
3.720000e-06	5.411885e-06	1.416468e-09	3.845060e+01	9.188037e+01
3.730000e-06	5.410701e-06	1.417339e-09	3.844219e+01	9.175175e+01
3.740000e-06	5.409183e-06	1.414337e-09	3.843140e+01	9.162635e+01
3.750000e-06	5.407439e-06	1.402484e-09	3.841901e+01	9.150472e+01
3.760000e-06	5.405296e-06	1.355656e-09	3.840378e+01	9.138735e+01
3.770000e-06	5.402774e-06	1.339880e-09	3.838587e+01	9.127470e+01
3.780000e-06	5.399883e-06	1.479613e-09	3.836533e+01	9.116719e+01
3.790000e-06	5.396574e-06	1.522482e-09	3.834181e+01	9.106517e+01
3.800000e-06	5.392823e-06	1.301201e-09	3.831517e+01	9.096894e+01
3.810000e-06	5.388713e-06	1.262266e-09	3.828597e+01	9.087874e+01
3.820000e-06	5.384462e-06	1.440641e-09	3.825576e+01	9.079475e+01
3.830000e-06	5.379968e-06	1.519964e-09	3.822383e+01	9.071708e+01
3.840000e-06	5.375127e-06	1.244784e-09	3.818943e+01	9.064577e+01
3.850000e-06	5.369768e-06	1.144058e-09	3.815136e+01	9.058078e+01
3.860000e-06	5.363743e-06	1.502375e-09	3.810856e+01	9.052201e+01
3.870000e-06	5.357225e-06	1.606636e-09	3.806225e+01	9.046930e+01
3.880000e-06	5.350278e-06	1.264891e-09	3.801289e+01	9.042239e+01
3.890000e-06	5.342817e-06	1.132803e-09	3.795988e+01	9.038098e+01
3.900000e-06	5.334882e-06	1.513163e-09	3.790350e+01	9.034469e+01
3.910000e-06	5.326674e-06	1.505675e-09	3.784519e+01	9.031307e+01
3.920000e-06	5.318316e-06	1.123658e-09	3.778580e+01	9.028563e+01
3.930000e-06	5.309661e-06	1.175961e-09	3.772431e+01	9.026180e+01
3.940000e-06	5.300623e-06	1.605110e-09	3.766009e+01	9.024098e+01
3.950000e-06	5.291147e-06	1.467560e-09	3.759277e+01	9.022252e+01
3.960000e-06	5.281354e-06	1.108288e-09	3.752319e+01	9.020572e+01
3.970000e-06	5.271279e-06	1.312737e-09	3.745161e+01	9.018985e+01
3.980000e-06	5.260784e-06	1.608633e-09	3.737705e+01	9.017417e+01
3.990000e-06	5.249948e-06	1.340629e-09	3.730006e+01	9.015791e+01
4.000000e-06	5.238700e-06	1.173164e-09	3.722014e+01	9.014027e+01
4.010000e-06	5.226928e-06	1.520439e-09	3.713651e+01	9.012046e+01
4.020000e-06	5.214745e-06	1.594873e-09	3.704995e+01	9.009771e+01
4.030000e-06	5.202263e-06	1.267666e-09	3.696126e+01	9.007122e+01
4.040000e-06	5.189360e-06	1.286326e-09	3.686959e+01	9.004024e+01
4.050000e-06	5.175847e-06	1.539617e-09	3.677358e+01	9.000403e+01
4.060000e-06	5.161754e-06	1.389421e-09	3.667346e+01	8.996188e+01
4.070000e-06	5.147039e-06	1.250959e-09	3.656890e+01	8.991312e+01
4.080000e-06	5.131691e-06	1.426435e-09	3.645986e+01	8.985713e+01
4.090000e-06	5.116010e-06	1.468077e-09	3.634845e+01	8.979331e+01
4.100000e-06	5.100082e-06	1.329386e-09	3.623529e+01	8.972115e+01
4.110000e-06	5.083816e-06	1.414006e-09	3.611971e+01	8.964018e+01
4.120000e-06	5.067355e-06	1.438096e-09	3.600277e+01	8.954999e+01
4.130000e-06	5.050675e-06	1.290242e-09	3.588425e+01	8.945025e+01
4.140000e-06	5.033506e-06	1.301061e-09	3.576227e+01	8.934068e+01
4.150000e-06	5.015949e-06	1.441728e-09	3.563753e+01	8.922109e+01
4.160000e-06	4.998142e-06	1.363150e-09	3.551102e+01	8.909135e+01
4.170000e-06	4.980083e-06	1.310462e-09	3.538271e+01	8.895140e+01
4.180000e-06	4.961708e-06	1.392936e-09	3.525216e+01	8.880126e+01
4.190000e-06	4.942942e-06	1.404297e-09	3.511883e+01	8.864102e+01
4.200000e-06	4.923789e-06	1.334608e-09	3.498275e+01	8.847084e+01
4.210000e-06	4.904206e-06	1.320286e-09	3.484362e+01	8.829094e+01
4.220000e-06	4.884327e-06	1.303760e-09	3.470238e+01	8.810162e+01
4.230000e-06	4.864316e-06	1.324424e-09	3.456021e+01	8.790321e+01
4.240000e-06	4.844083e-06	1.362186e-09	3.441645e+01	8.769614e+01
4.250000e-06	4.823604e-06	1.327455e-09	3.427095e+01	8.748086e+01
4.260000e-06	4.802794e-06	1.307808e-09	3.412310e+01	8.725787e+01
4.270000e-06	4.781482e-06	1.354306e-09	3.397168e+01	8.702774e+01
4.280000e-06	4.759689e-06	1.343765e-09	3.381684e+01	8.679103e+01
4.290000e-06	4.737349e-06	1.297220e-09	3.365813e+01	8.654837e+01
4.300000e-06	4.714416e-06	1.301497e-09	3.349519e+01	8.630039e+01
4.310000e-06	4.691001e-06	1.300246e-09	3.332883e+01	8.604774e+01
4.320000e-06	4.667235e-06	1.305667e-09	3.315998e+01	8.579108e+01
4.330000e-06	4.643280e-06	1.315245e-09	3.298978e+01	8.553109e+01
4.340000e-06	4.619115e-06	1.276497e-09	3.281809e+01	8.526842e+01
4.350000e-06	4.594797e-06	1.248870e-09	3.264532e+01	8.500372e+01
4.360000e-06	4.570167e-06	1.297050e-09	3.247032e+01	8.473764e+01
4.370000e-06	4.545112e-06	1.293076e-09	3.229231e+01	8.447078e+01
4.380000e-06	4.519706e-06	1.245040e-09	3.211180e+01	8.420373e+01
4.390000e-06	4.493908e-06	1.245630e-09	3.192851e+01	8.393705e+01
4.400000e-06	4.467827e-06	1.277825e-09	3.174321e+01	8.367126e+01
4.410000e-06	4.441511e-06	1.267794e-09	3.155624e+01	8.340683e+01
4.420000e-06	4.414874e-06	1.244110e-09	3.136699e+01	8.314418e+01
4.430000e-06	4.387936e-06	1.220957e-09	3.117560e+01	8.288371e+01
4.440000e-06	4.360735e-06	1.232037e-09	3.098234e+01	8.262574e+01
4.450000e-06	4.333195e-06	1.248473e-09	3.078667e+01	8.237055e+01
4.460000e-06	4.305384e-06	1.235873e-09	3.058908e+01	8.211836e+01
4.470000e-06	4.277368e-06	1.217304e-09	3.039003e+01	8.186934e+01
4.480000e-06	4.249174e-06	1.235221e-09	3.018972e+01	8.162360e+01
4.490000e-06	4.220832e-06	1.246565e-09	2.998835e+01	8.138120e+01
4.500000e-06	4.192208e-06	1.234162e-09	2.978498e+01	8.114214e+01
4.510000e-06	4.163172e-06	1.215828e-09	2.957869e+01	8.090638e+01
4.520000e-06	4.133752e-06	1.210261e-09	2.936966e+01	8.067381e+01
4.530000e-06	4.103889e-06	1.217986e-09	2.915749e+01	8.044429e+01
4.540000e-06	4.073375e-06	1.225804e-09	2.894069e+01	8.021763e+01
4.550000e-06	4.042315e-06	1.217874e-09	2.872001e+01	7.999360e+01
4.560000e-06	4.010989e-06	1.211451e-09	2.849745e+01	7.977193e+01
4.570000e-06	3.979331e-06	1.215794e-09	2.827253e+01	7.955231e+01
4.580000e-06	3.947443e-06	1.218014e-09	2.804597e+01	7.933443e+01
4.590000e-06	3.915421e-06	1.201515e-09	2.781845e+01	7.911793e+01
4.600000e-06	3.883264e-06	1.181797e-09	2.758998e+01	7.890243e+01
4.610000e-06	3.850941e-06	1.182510e-09	2.736033e+01	7.868757e+01
4.620000e-06	3.818433e-06	1.189672e-09	2.712937e+01	7.847293e+01
4.630000e-06	3.785711e-06	1.185581e-09	2.689689e+01	7.825813e+01
4.640000e-06	3.752692e-06	1.170377e-09	2.666229e+01	7.804277e+01
4.650000e-06	3.719347e-06	1.171504e-09	2.642538e+01	7.782646e+01
4.660000e-06	3.685728e-06	1.179936e-09	2.618652e+01	7.760882e+01
4.670000e-06	3.651892e-06	1.176043e-09	2.594612e+01	7.738948e+01
4.680000e-06	3.617782e-06	1.156064e-09	2.570378e+01	7.716809e+01
4.690000e-06	3.583486e-06	1.144925e-09	2.546011e+01	7.694433e+01
4.700000e-06	3.548950e-06	1.146526e-09	2.521474e+01	7.671788e+01
4.710000e-06	3.514131e-06	1.149584e-09	2.496735e+01	7.648846e+01
4.720000e-06	3.479036e-06	1.143559e-09	2.471800e+01	7.625584e+01
4.730000e-06	3.443589e-06	1.141414e-09	2.446616e+01	7.601979e+01
4.740000e-06	3.407896e-06	1.142397e-09	2.421257e+01	7.578013e+01
4.750000e-06	3.372060e-06	1.143193e-09	2.395796e+01	7.553669e+01
4.760000e-06	3.336071e-06	1.132221e-09	2.370226e+01	7.528936e+01
4.770000e-06	3.299953e-06	1.118819e-09	2.344565e+01	7.503805e+01
4.780000e-06	3.263737e-06	1.112464e-09	2.318834e+01	7.478270e+01
4.790000e-06	3.227395e-06	1.115283e-09	2.293014e+01	7.452329e+01
4.800000e-06	3.190839e-06	1.111461e-09	2.267041e+01	7.425981e+01
4.810000e-06	3.154004e-06	1.103764e-09	2.240871e+01	7.399230e+01
4.820000e-06	3.116890e-06	1.100313e-09	2.214501e+01	7.372082e+01
4.830000e-06	3.079501e-06	1.102139e-09	2.187937e+01	7.344544e+01
4.840000e-06	3.041755e-06	1.100418e-09	2.161119e+01	7.316626e+01
4.850000e-06	3.003540e-06	1.089670e-09	2.133968e+01	7.288339e+01
4.860000e-06	2.964803e-06	1.079733e-09	2.106446e+01	7.259697e+01
4.870000e-06	2.925787e-06	1.078828e-09	2.078726e+01	7.230713e+01
4.880000e-06	2.886558e-06	1.078837e-09	2.050854e+01	7.201401e+01
4.890000e-06	2.847079e-06	1.071851e-09	2.022805e+01	7.171777e+01
4.900000e-06	2.807376e-06	1.060348e-09	1.994597e+01	7.141854e+01
4.910000e-06	2.767433e-06	1.056166e-09	1.966218e+01	7.111649e+01
4.920000e-06	2.727366e-06	1.054497e-09	1.937751e+01	7.081172e+01
4.930000e-06	2.687255e-06	1.048936e-09	1.909253e+01	7.050438e+01
4.940000e-06	2.647054e-06	1.041838e-09	1.880691e+01	7.019458e+01
4.950000e-06	2.606709e-06	1.039174e-09	1.852026e+01	6.988240e+01
4.960000e-06	2.566335e-06	1.041646e-09	1.823341e+01	6.956792e+01
4.970000e-06	2.525811e-06	1.041613e-09	1.794549e+01	6.925120e+01
4.980000e-06	2.485081e-06	1.037571e-09	1.765611e+01	6.893227e+01
4.990000e-06	2.444167e-06	1.027920e-09	1.736543e+01	6.861113e+01
5.000000e-06	2.403073e-06	1.018558e-09	1.707346e+01	6.828775e+01
5.010000e-06	2.361882e-06	1.008454e-09	1.678080e+01	6.796210e+01
5.020000e-06	2.320430e-06	9.986715e-10	1.648629e+01	6.763410e+01
5.030000e-06	2.278742e-06	9.953820e-10	1.619010e+01	6.730365e+01
5.040000e-06	2.236911e-06	1.000751e-09	1.589290e+01	6.697060e+01
5.050000e-06	2.194917e-06	1.003055e-09	1.559454e+01	6.663482e+01
5.060000e-06	2.152842e-06	1.002109e-09	1.529560e+01	6.629611e+01
5.070000e-06	2.110593e-06	9.934284e-10	1.499543e+01	6.595427e+01
5.080000e-06	2.068228e-06	9.810956e-10	1.469443e+01	6.560907e+01
5.090000e-06	2.025814e-06	9.691714e-10	1.439309e+01	6.526025e+01
5.100000e-06	1.983181e-06	9.604507e-10	1.409019e+01	6.490755e+01
5.110000e-06	1.940336e-06	9.580263e-10	1.378578e+01	6.455068e+01
5.120000e-06	1.897363e-06	9.603513e-10	1.348047e+01	6.418933e+01
5.130000e-06	1.854206e-06	9.628678e-10	1.317385e+01	6.382319e+01
5.140000e-06	1.810901e-06	9.642904e-10	1.286617e+01	6.345194e+01
5.150000e-06	1.767525e-06	9.592138e-10	1.255799e+01	6.307524e+01
5.160000e-06	1.724017e-06	9.458733e-10	1.224887e+01	6.269276e+01
5.170000e-06	1.680335e-06	9.307833e-10	1.193852e+01	6.230416e+01
5.180000e-06	1.636552e-06	9.205929e-10	1.162745e+01	6.190909e+01
5.190000e-06	1.592763e-06	9.141263e-10	1.131633e+01	6.150723e+01
5.200000e-06	1.548888e-06	9.096243e-10	1.100460e+01	6.109823e+01
5.210000e-06	1.504904e-06	9.054753e-10	1.069210e+01	6.068177e+01
5.220000e-06	1.460855e-06	9.016631e-10	1.037915e+01	6.025753e+01
5.230000e-06	1.416740e-06	8.980850e-10	1.006572e+01	5.982520e+01
5.240000e-06	1.372608e-06	8.928673e-10	9.752165e+00	5.938447e+01
5.250000e-06	1.328475e-06	8.857626e-10	9.438606e+00	5.893505e+01
5.260000e-06	1.284320e-06	8.810731e-10	9.124890e+00	5.847665e+01
5.270000e-06	1.240131e-06	8.753318e-10	8.810937e+00	5.800900e+01
5.280000e-06	1.195887e-06	8.637687e-10	8.496587e+00	5.753183e+01
5.290000e-06	1.151583e-06	8.529213e-10	8.181816e+00	5.704488e+01
5.300000e-06	1.107265e-06	8.443794e-10	7.866942e+00	5.654790e+01
5.310000e-06	1.062912e-06	8.369343e-10	7.551826e+00	5.604063e+01
5.320000e-06	1.018398e-06	8.282475e-10	7.235557e+00	5.552284e+01
5.330000e-06	9.737771e-07	8.198603e-10	6.918534e+00	5.499428e+01
5.340000e-06	9.291551e-07	8.166736e-10	6.601502e+00	5.445470e+01
5.350000e-06	8.844925e-07	8.123741e-10	6.284181e+00	5.390384e+01
5.360000e-06	8.397955e-07	8.014613e-10	5.966616e+00	5.334146e+01
5.370000e-06	7.950351e-07	7.881214e-10	5.648600e+00	5.276728e+01
5.380000e-06	7.501332e-07	7.734305e-10	5.329579e+00	5.218102e+01
5.390000e-06	7.051538e-07	7.613898e-10	5.010008e+00	5.158237e+01
5.400000e-06	6.601794e-07	7.530656e-10	4.690471e+00	5.097103e+01
5.410000e-06	6.151433e-07	7.464878e-10	4.370497e+00	5.034665e+01
5.420000e-06	5.700384e-07	7.417976e-10	4.050034e+00	4.970886e+01
5.430000e-06	5.249259e-07	7.362032e-10	3.729517e+00	4.905727e+01
5.440000e-06	4.797573e-07	7.252752e-10	3.408600e+00	4.839145e+01
5.450000e-06	4.345705e-07	7.092032e-10	3.087556e+00	4.771096e+01
5.460000e-06	3.892886e-07	6.917469e-10	2.765835e+00	4.701529e+01
5.470000e-06	3.438901e-07	6.803959e-10	2.443285e+00	4.630392e+01
5.480000e-06	2.985669e-07	6.726562e-10	2.121271e+00	4.557630e+01
5.490000e-06	2.532834e-07	6.640150e-10	1.799539e+00	4.483183e+01
5.500000e-06	2.079383e-07	6.541102e-10	1.477369e+00	4.406986e+01
5.510000e-06	1.625088e-07	6.415959e-10	1.154600e+00	4.328974e+01
5.520000e-06	1.170533e-07	6.272440e-10	8.316455e-01	4.249075e+01
5.530000e-06	7.161006e-08	6.127907e-10	5.087782e-01	4.167218e+01
5.540000e-06	2.621131e-08	5.975341e-10	1.862273e-01	4.083325e+01
5.550000e-06	-1.924516e-08	5.829211e-10	-1.367339e-01	3.997316e+01
5.560000e-06	-6.471764e-08	5.717280e-10	-4.598087e-01	3.909113e+01
5.570000e-06	-1.100580e-07	5.607945e-10	-7.819447e-01	3.818630e+01
5.580000e-06	-1.552900e-07	5.467247e-10	-1.103311e+00	3.725784e+01
5.590000e-06	-2.005558e-07	5.311086e-10	-1.424918e+00	3.630489e+01
5.600000e-06	-2.458837e-07	5.139382e-10	-1.746965e+00	3.532661e+01
5.610000e-06	-2.911679e-07	4.979523e-10	-2.068702e+00	3.432215e+01
5.620000e-06	-3.363558e-07	4.814846e-10	-2.389755e+00	3.329067e+01
5.630000e-06	-3.814783e-07	4.614888e-10	-2.710344e+00	3.223136e+01
5.640000e-06	-4.265424e-07	4.446489e-10	-3.030517e+00	3.114343e+01
5.650000e-06	-4.716039e-07	4.318021e-10	-3.350672e+00	3.002612e+01
5.660000e-06	-5.167219e-07	4.179275e-10	-3.671228e+00	2.887873e+01
5.670000e-06	-5.617787e-07	4.014657e-10	-3.991350e+00	2.770058e+01
5.680000e-06	-6.067488e-07	3.830199e-10	-4.310856e+00	2.649109e+01
5.690000e-06	-6.517186e-07	3.622456e-10	-4.630358e+00	2.524971e+01
5.700000e-06	-6.966675e-07	3.386788e-10	-4.949714e+00	2.397599e+01
5.710000e-06	-7.415090e-07	3.142021e-10	-5.268306e+00	2.266955e+01
5.720000e-06	-7.862372e-07	2.957783e-10	-5.586092e+00	2.133010e+01
5.730000e-06	-8.309324e-07	2.820017e-10	-5.903645e+00	1.995745e+01
5.740000e-06	-8.756547e-07	2.683885e-10	-6.221390e+00	1.855152e+01
5.750000e-06	-9.203307e-07	2.507252e-10	-6.538806e+00	1.711234e+01
5.760000e-06	-9.648654e-07	2.300551e-10	-6.855217e+00	1.564003e+01
5.770000e-06	-1.009317e-06	2.044384e-10	-7.171037e+00	1.413487e+01
5.780000e-06	-1.053708e-06	1.751242e-10	-7.486431e+00	1.259724e+01
5.790000e-06	-1.098014e-06	1.453458e-10	-7.801218e+00	1.102765e+01
5.800000e-06	-1.142274e-06	1.177769e-10	-8.115679e+00	9.426741e+00
5.810000e-06	-1.186538e-06	9.648492e-11	-8.430170e+00	7.795287e+00
5.820000e-06	-1.230772e-06	8.040910e-11	-8.744445e+00	6.134192e+00
5.830000e-06	-1.274967e-06	6.287584e-11	-9.058442e+00	4.444495e+00
5.840000e-06	-1.319101e-06	4.117161e-11	-9.372008e+00	2.727364e+00
5.850000e-06	-1.363168e-06	1.666621e-11	-9.685096e+00	9.840928e-01
5.860000e-06	-1.407207e-06	-9.532216e-12	-9.997987e+00	-7.838961e-01
5.870000e-06	-1.451138e-06	-4.164269e-11	-1.031011e+01	-2.575061e+00
5.880000e-06	-1.495024e-06	-7.690502e-11	-1.062191e+01	-4.387745e+00
5.890000e-06	-1.538903e-06	-1.057229e-10	-1.093367e+01	-6.220181e+00
5.900000e-06	-1.582656e-06	-1.272080e-10	-1.124452e+01	-8.070497e+00
5.910000e-06	-1.626301e-06	-1.481420e-10	-1.155461e+01	-9.936729e+00
5.920000e-06	-1.669907e-06	-1.718097e-10	-1.186442e+01	-1.181682e+01
5.930000e-06	-1.713315e-06	-1.968277e-10	-1.217283e+01	-1.370865e+01
5.940000e-06	-1.756462e-06	-2.239234e-10	-1.247939e+01	-1.561001e+01
5.950000e-06	-1.799589e-06	-2.530387e-10	-1.278580e+01	-1.751864e+01
5.960000e-06	-1.842705e-06	-2.870186e-10	-1.309213e+01	-1.943225e+01
5.970000e-06	-1.885634e-06	-3.216483e-10	-1.339713e+01	-2.134849e+01
5.980000e-06	-1.928413e-06	-3.525967e-10	-1.370107e+01	-2.326500e+01
5.990000e-06	-1.971026e-06	-3.817841e-10	-1.400383e+01	-2.517940e+01
6.000000e-06	-2.013462e-06	-4.128972e-10	-1.430534e+01	-2.708932e+01
6.010000e-06	-2.055797e-06	-4.449464e-10	-1.460612e+01	-2.899238e+01
6.020000e-06	-2.098068e-06	-4.735753e-10	-1.490644e+01	-3.088625e+01
6.030000e-06	-2.140183e-06	-4.972080e-10	-1.520566e+01	-3.276860e+01
6.040000e-06	-2.182119e-06	-5.201940e-10	-1.550362e+01	-3.463718e+01
6.050000e-06	-2.223974e-06	-5.460105e-10	-1.580098e+01	-3.648977e+01
6.060000e-06	-2.265666e-06	-5.779696e-10	-1.609720e+01	-3.832422e+01
6.070000e-06	-2.307117e-06	-6.103651e-10	-1.639171e+01	-4.013848e+01
6.080000e-06	-2.348384e-06	-6.412318e-10	-1.668490e+01	-4.193054e+01
6.090000e-06	-2.389507e-06	-6.694506e-10	-1.697708e+01	-4.369853e+01
6.100000e-06	-2.430460e-06	-6.957733e-10	-1.726804e+01	-4.544066e+01
6.110000e-06	-2.471232e-06	-7.212101e-10	-1.755772e+01	-4.715523e+01
6.120000e-06	-2.511852e-06	-7.445177e-10	-1.784632e+01	-4.884070e+01
6.130000e-06	-2.552368e-06	-7.665757e-10	-1.813418e+01	-5.049561e+01
6.140000e-06	-2.592694e-06	-7.876698e-10	-1.842068e+01	-5.211864e+01
6.150000e-06	-2.632821e-06	-8.130469e-10	-1.870578e+01	-5.370860e+01
6.160000e-06	-2.672871e-06	-8.427528e-10	-1.899033e+01	-5.526442e+01
6.170000e-06	-2.712845e-06	-8.707151e-10	-1.927434e+01	-5.678516e+01
6.180000e-06	-2.752697e-06	-8.945790e-10	-1.955748e+01	-5.827004e+01
6.190000e-06	-2.792420e-06	-9.177658e-10	-1.983971e+01	-5.971837e+01
6.200000e-06	-2.832028e-06	-9.397237e-10	-2.012111e+01	-6.112962e+01
6.210000e-06	-2.871414e-06	-9.562722e-10	-2.040095e+01	-6.250337e+01
6.220000e-06	-2.910484e-06	-9.688323e-10	-2.067854e+01	-6.383933e+01
6.230000e-06	-2.949271e-06	-9.829982e-10	-2.095411e+01	-6.513735e+01
6.240000e-06	-2.987721e-06	-1.002671e-09	-2.122729e+01	-6.639736e+01
6.250000e-06	-3.025844e-06	-1.025380e-09	-2.149815e+01	-6.761943e+01
6.260000e-06	-3.063573e-06	-1.046392e-09	-2.176621e+01	-6.880372e+01
6.270000e-06	-3.100893e-06	-1.064929e-09	-2.203136e+01	-6.995050e+01
6.280000e-06	-3.137838e-06	-1.081207e-09	-2.229385e+01	-7.106011e+01
6.290000e-06	-3.174527e-06	-1.097763e-09	-2.255452e+01	-7.213299e+01
6.300000e-06	-3.211057e-06	-1.112145e-09	-2.281406e+01	-7.316967e+01
6.310000e-06	-3.247343e-06	-1.123052e-09	-2.307187e+01	-7.417072e+01
6.320000e-06	-3.283477e-06	-1.133869e-09	-2.332859e+01	-7.513678e+01
6.330000e-06	-3.319529e-06	-1.149630e-09	-2.358473e+01	-7.606855e+01
6.340000e-06	-3.355425e-06	-1.167668e-09	-2.383977e+01	-7.696678e+01
6.350000e-06	-3.391120e-06	-1.183496e-09	-2.409338e+01	-7.783223e+01
6.360000e-06	-3.426643e-06	-1.196984e-09	-2.434576e+01	-7.866572e+01
6.370000e-06	-3.461941e-06	-1.207824e-09	-2.459655e+01	-7.946807e+01
6.380000e-06	-3.496990e-06	-1.216110e-09	-2.484557e+01	-8.024013e+01
6.390000e-06	-3.531774e-06	-1.221982e-09	-2.509270e+01	-8.098273e+01
6.400000e-06	-3.566352e-06	-1.230010e-09	-2.533837e+01	-8.169675e+01
6.410000e-06	-3.600673e-06	-1.240826e-09	-2.558222e+01	-8.238301e+01
6.420000e-06	-3.634729e-06	-1.253152e-09	-2.582418e+01	-8.304236e+01
6.430000e-06	-3.668569e-06	-1.266604e-09	-2.606461e+01	-8.367562e+01
6.440000e-06	-3.702078e-06	-1.277361e-09	-2.630268e+01	-8.428359e+01
6.450000e-06	-3.735274e-06	-1.285012e-09	-2.653854e+01	-8.486705e+01
6.460000e-06	-3.768265e-06	-1.291159e-09	-2.677294e+01	-8.542676e+01
6.470000e-06	-3.800997e-06	-1.296756e-09	-2.700549e+01	-8.596345e+01
6.480000e-06	-3.833499e-06	-1.303656e-09	-2.723641e+01	-8.647781e+01
6.490000e-06	-3.865862e-06	-1.312444e-09	-2.746635e+01	-8.697051e+01
6.500000e-06	-3.897964e-06	-1.321558e-09	-2.769443e+01	-8.744219e+01
6.510000e-06	-3.929869e-06	-1.329280e-09	-2.792110e+01	-8.789346e+01
6.520000e-06	-3.961574e-06	-1.336011e-09	-2.814637e+01	-8.832490e+01
6.530000e-06	-3.993002e-06	-1.341266e-09	-2.836966e+01	-8.873704e+01
6.540000e-06	-4.024103e-06	-1.344975e-09	-2.859062e+01	-8.913042e+01
6.550000e-06	-4.054723e-06	-1.347831e-09	-2.880817e+01	-8.950553e+01
6.560000e-06	-4.084897e-06	-1.352111e-09	-2.902255e+01	-8.986284e+01
6.570000e-06	-4.114605e-06	-1.358908e-09	-2.923362e+01	-9.020280e+01
6.580000e-06	-4.143838e-06	-1.366309e-09	-2.944132e+01	-9.052584e+01
6.590000e-06	-4.172777e-06	-1.372467e-09	-2.964693e+01	-9.083238e+01
6.600000e-06	-4.201435e-06	-1.376562e-09	-2.985054e+01	-9.112284e+01
6.610000e-06	-4.229750e-06	-1.379567e-09	-3.005171e+01	-9.139761e+01
6.620000e-06	-4.257851e-06	-1.383078e-09	-3.025137e+01	-9.165707e+01
6.630000e-06	-4.285786e-06	-1.385976e-09	-3.044984e+01	-9.190163e+01
6.640000e-06	-4.313441e-06	-1.388507e-09	-3.064632e+01	-9.213167e+01
6.650000e-06	-4.340833e-06	-1.392325e-09	-3.084094e+01	-9.234758e+01
6.660000e-06	-4.367985e-06	-1.395319e-09	-3.103385e+01	-9.254977e+01
6.670000e-06	-4.394847e-06	-1.396560e-09	-3.122470e+01	-9.273864e+01
6.680000e-06	-4.421416e-06	-1.397566e-09	-3.141347e+01	-9.291462e+01
6.690000e-06	-4.447643e-06	-1.399611e-09	-3.159981e+01	-9.307812e+01
6.700000e-06	-4.473502e-06	-1.402869e-09	-3.178353e+01	-9.322959e+01
6.710000e-06	-4.499046e-06	-1.404917e-09	-3.196502e+01	-9.336948e+01
6.720000e-06	-4.524371e-06	-1.407199e-09	-3.214495e+01	-9.349827e+01
6.730000e-06	-4.549385e-06	-1.410614e-09	-3.232267e+01	-9.361643e+01
6.740000e-06	-4.574050e-06	-1.413473e-09	-3.249791e+01	-9.372447e+01
6.750000e-06	-4.598430e-06	-1.416292e-09	-3.267112e+01	-9.382288e+01
6.760000e-06	-4.622549e-06	-1.419509e-09	-3.284248e+01	-9.391218e+01
6.770000e-06	-4.646502e-06	-1.423512e-09	-3.301267e+01	-9.399291e+01
6.780000e-06	-4.670192e-06	-1.427322e-09	-3.318098e+01	-9.406561e+01
6.790000e-06	-4.693662e-06	-1.430113e-09	-3.334773e+01	-9.413080e+01
6.800000e-06	-4.716791e-06	-1.431696e-09	-3.351207e+01	-9.418903e+01
6.810000e-06	-4.739299e-06	-1.432861e-09	-3.367197e+01	-9.424084e+01
6.820000e-06	-4.761134e-06	-1.434099e-09	-3.382711e+01	-9.428677e+01
6.830000e-06	-4.782358e-06	-1.435272e-09	-3.397790e+01	-9.432735e+01
6.840000e-06	-4.803212e-06	-1.435989e-09	-3.412607e+01	-9.436308e+01
6.850000e-06	-4.823789e-06	-1.436970e-09	-3.427227e+01	-9.439449e+01
6.860000e-06	-4.844056e-06	-1.438989e-09	-3.441626e+01	-9.442204e+01
6.870000e-06	-4.864050e-06	-1.440957e-09	-3.455831e+01	-9.444620e+01
6.880000e-06	-4.883837e-06	-1.441238e-09	-3.469890e+01	-9.446741e+01
6.890000e-06	-4.903339e-06	-1.439928e-09	-3.483746e+01	-9.448607e+01
6.900000e-06	-4.922424e-06	-1.440222e-09	-3.497305e+01	-9.450255e+01
6.910000e-06	-4.941191e-06	-1.442050e-09	-3.510639e+01	-9.451719e+01
6.920000e-06	-4.959735e-06	-1.445232e-09	-3.523814e+01	-9.453029e+01
6.930000e-06	-4.977935e-06	-1.449166e-09	-3.536745e+01	-9.454211e+01
6.940000e-06	-4.995730e-06	-1.451337e-09	-3.549388e+01	-9.455287e+01
6.950000e-06	-5.013204e-06	-1.452458e-09	-3.561803e+01	-9.456274e+01
6.960000e-06	-5.030341e-06	-1.451194e-09	-3.573979e+01	-9.457185e+01
6.970000e-06	-5.047113e-06	-1.448580e-09	-3.585895e+01	-9.458027e+01
6.980000e-06	-5.063597e-06	-1.446544e-09	-3.597607e+01	-9.458805e+01
6.990000e-06	-5.079808e-06	-1.444429e-09	-3.609124e+01	-9.459519e+01
7.000000e-06	-5.095723e-06	-1.443548e-09	-3.620432e+01	-9.460161e+01
7.010000e-06	-5.111253e-06	-1.444432e-09	-3.631466e+01	-9.460724e+01
7.020000e-06	-5.126402e-06	-1.445590e-09	-3.642228e+01	-9.461192e+01
7.030000e-06	-5.141287e-06	-1.446287e-09	-3.652804e+01	-9.461550e+01
7.040000e-06	-5.155506e-06	-1.445209e-09	-3.662906e+01	-9.461775e+01
7.050000e-06	-5.168912e-06	-1.442211e-09	-3.672431e+01	-9.461844e+01
7.060000e-06	-5.181866e-06	-1.439530e-09	-3.681634e+01	-9.461730e+01
7.070000e-06	-5.194394e-06	-1.438883e-09	-3.690536e+01	-9.461402e+01
7.080000e-06	-5.206516e-06	-1.438556e-09	-3.699148e+01	-9.460831e+01
7.090000e-06	-5.218356e-06	-1.437722e-09	-3.707561e+01	-9.459982e+01
7.100000e-06	-5.229866e-06	-1.437634e-09	-3.715738e+01	-9.458823e+01
7.110000e-06	-5.240994e-06	-1.435939e-09	-3.723644e+01	-9.457318e+01
7.120000e-06	-5.251727e-06	-1.433052e-09	-3.731270e+01	-9.455434e+01
7.130000e-06	-5.262092e-06	-1.430035e-09	-3.738634e+01	-9.453138e+01
7.140000e-06	-5.272190e-06	-1.427573e-09	-3.745808e+01	-9.450396e+01
7.150000e-06	-5.281940e-06	-1.427277e-09	-3.752735e+01	-9.447178e+01
7.160000e-06	-5.291222e-06	-1.426303e-09	-3.759331e+01	-9.443457e+01
7.170000e-06	-5.300101e-06	-1.423233e-09	-3.765639e+01	-9.439205e+01
7.180000e-06	-5.308745e-06	-1.421163e-09	-3.771780e+01	-9.434401e+01
7.190000e-06	-5.317064e-06	-1.419395e-09	-3.777691e+01	-9.429026e+01
7.200000e-06	-5.325049e-06	-1.417721e-09	-3.783364e+01	-9.423064e+01
7.210000e-06	-5.332768e-06	-1.416482e-09	-3.788849e+01	-9.416506e+01
7.220000e-06	-5.340179e-06	-1.414754e-09	-3.794114e+01	-9.409344e+01
7.230000e-06	-5.347272e-06	-1.413885e-09	-3.799153e+01	-9.401579e+01
7.240000e-06	-5.353864e-06	-1.412240e-09	-3.803836e+01	-9.393213e+01
7.250000e-06	-5.359824e-06	-1.411416e-09	-3.808071e+01	-9.384257e+01
7.260000e-06	-5.365199e-06	-1.410574e-09	-3.811890e+01	-9.374725e+01
7.270000e-06	-5.370081e-06	-1.408128e-09	-3.815358e+01	-9.364637e+01
7.280000e-06	-5.374495e-06	-1.406346e-09	-3.818495e+01	-9.354018e+01
7.290000e-06	-5.378598e-06	-1.404996e-09	-3.821410e+01	-9.342898e+01
7.300000e-06	-5.382490e-06	-1.402134e-09	-3.824175e+01	-9.331313e+01
7.310000e-06	-5.386128e-06	-1.397572e-09	-3.826760e+01	-9.319302e+01
7.320000e-06	-5.389450e-06	-1.393450e-09	-3.829120e+01	-9.306910e+01
7.330000e-06	-5.392420e-06	-1.391509e-09	-3.831230e+01	-9.294185e+01
7.340000e-06	-5.395001e-06	-1.390887e-09	-3.833064e+01	-9.281179e+01
7.350000e-06	-5.397241e-06	-1.390426e-09	-3.834655e+01	-9.267948e+01
7.360000e-06	-5.399161e-06	-1.388060e-09	-3.836020e+01	-9.254549e+01
7.370000e-06	-5.400600e-06	-1.385595e-09	-3.837042e+01	-9.241043e+01
7.380000e-06	-5.401653e-06	-1.385232e-09	-3.837790e+01	-9.227490e+01
7.390000e-06	-5.402426e-06	-1.386570e-09	-3.838339e+01	-9.213952e+01
7.400000e-06	-5.402881e-06	-1.386702e-09	-3.838662e+01	-9.200493e+01
