# Temperatura_=_-1.3
# Concentracion g/m^3_=_4090.0
# C_Vs_to_Am_M_A/Vsm_=_65563218390.804596
# pendiente_HvsI_1/m_=_3716.3
# ordenada_HvsI_A/m_=_1297.0
# frecuencia_Hz_=_135072.67408057567

Tiempo_(s)	Campo_(V.s)	Magnetizacion_(V.s)	Campo_(kA/m)	Magnetizacion_(A/m)
0.000000e+00	-5.398674e-06	-2.147609e-09	-3.840838e+01	-1.413578e+02
1.000000e-08	-5.398825e-06	-2.144154e-09	-3.840946e+01	-1.412580e+02
2.000000e-08	-5.398715e-06	-2.136517e-09	-3.840867e+01	-1.411631e+02
3.000000e-08	-5.398327e-06	-2.129158e-09	-3.840592e+01	-1.410737e+02
4.000000e-08	-5.397572e-06	-2.126144e-09	-3.840054e+01	-1.409907e+02
5.000000e-08	-5.396251e-06	-2.125006e-09	-3.839115e+01	-1.409144e+02
6.000000e-08	-5.394343e-06	-2.118698e-09	-3.837757e+01	-1.408456e+02
7.000000e-08	-5.391799e-06	-2.104548e-09	-3.835947e+01	-1.407846e+02
8.000000e-08	-5.388587e-06	-2.128347e-09	-3.833662e+01	-1.407320e+02
9.000000e-08	-5.384888e-06	-2.189930e-09	-3.831030e+01	-1.406880e+02
1.000000e-07	-5.380784e-06	-2.180627e-09	-3.828111e+01	-1.406528e+02
1.100000e-07	-5.376469e-06	-2.086438e-09	-3.825041e+01	-1.406266e+02
1.200000e-07	-5.372167e-06	-2.086591e-09	-3.821980e+01	-1.406095e+02
1.300000e-07	-5.367644e-06	-2.149203e-09	-3.818762e+01	-1.406014e+02
1.400000e-07	-5.362566e-06	-2.169441e-09	-3.815149e+01	-1.406022e+02
1.500000e-07	-5.356970e-06	-2.052340e-09	-3.811168e+01	-1.406116e+02
1.600000e-07	-5.351142e-06	-2.066901e-09	-3.807022e+01	-1.406293e+02
1.700000e-07	-5.344999e-06	-2.166636e-09	-3.802652e+01	-1.406549e+02
1.800000e-07	-5.338223e-06	-2.190419e-09	-3.797831e+01	-1.406879e+02
1.900000e-07	-5.330971e-06	-2.108514e-09	-3.792672e+01	-1.407276e+02
2.000000e-07	-5.323635e-06	-2.110507e-09	-3.787453e+01	-1.407735e+02
2.100000e-07	-5.316153e-06	-2.161936e-09	-3.782129e+01	-1.408246e+02
2.200000e-07	-5.308324e-06	-2.125987e-09	-3.776560e+01	-1.408802e+02
2.300000e-07	-5.300240e-06	-2.110862e-09	-3.770808e+01	-1.409394e+02
2.400000e-07	-5.291876e-06	-2.167640e-09	-3.764858e+01	-1.410012e+02
2.500000e-07	-5.282841e-06	-2.212669e-09	-3.758430e+01	-1.410645e+02
2.600000e-07	-5.272902e-06	-2.157122e-09	-3.751359e+01	-1.411285e+02
2.700000e-07	-5.262320e-06	-2.183058e-09	-3.743831e+01	-1.411918e+02
2.800000e-07	-5.251285e-06	-2.233922e-09	-3.735980e+01	-1.412535e+02
2.900000e-07	-5.239870e-06	-2.189906e-09	-3.727858e+01	-1.413125e+02
3.000000e-07	-5.228145e-06	-2.104388e-09	-3.719517e+01	-1.413675e+02
3.100000e-07	-5.216052e-06	-2.179677e-09	-3.710914e+01	-1.414176e+02
3.200000e-07	-5.203497e-06	-2.240981e-09	-3.701981e+01	-1.414615e+02
3.300000e-07	-5.190496e-06	-2.191106e-09	-3.692732e+01	-1.414983e+02
3.400000e-07	-5.177128e-06	-2.144213e-09	-3.683222e+01	-1.415269e+02
3.500000e-07	-5.163353e-06	-2.200519e-09	-3.673422e+01	-1.415463e+02
3.600000e-07	-5.149230e-06	-2.198911e-09	-3.663373e+01	-1.415555e+02
3.700000e-07	-5.134802e-06	-2.170118e-09	-3.653109e+01	-1.415538e+02
3.800000e-07	-5.119808e-06	-2.158994e-09	-3.642441e+01	-1.415403e+02
3.900000e-07	-5.104140e-06	-2.161616e-09	-3.631295e+01	-1.415143e+02
4.000000e-07	-5.087993e-06	-2.154751e-09	-3.619807e+01	-1.414752e+02
4.100000e-07	-5.071533e-06	-2.193050e-09	-3.608097e+01	-1.414223e+02
4.200000e-07	-5.054698e-06	-2.189309e-09	-3.596119e+01	-1.413554e+02
4.300000e-07	-5.037498e-06	-2.137926e-09	-3.583883e+01	-1.412740e+02
4.400000e-07	-5.020072e-06	-2.143872e-09	-3.571485e+01	-1.411778e+02
4.500000e-07	-5.002351e-06	-2.186143e-09	-3.558878e+01	-1.410667e+02
4.600000e-07	-4.984244e-06	-2.167271e-09	-3.545996e+01	-1.409407e+02
4.700000e-07	-4.965820e-06	-2.126803e-09	-3.532888e+01	-1.407998e+02
4.800000e-07	-4.947070e-06	-2.134881e-09	-3.519549e+01	-1.406441e+02
4.900000e-07	-4.927889e-06	-2.141872e-09	-3.505903e+01	-1.404740e+02
5.000000e-07	-4.908355e-06	-2.139873e-09	-3.492006e+01	-1.402896e+02
5.100000e-07	-4.888584e-06	-2.125814e-09	-3.477939e+01	-1.400916e+02
5.200000e-07	-4.868617e-06	-2.111357e-09	-3.463734e+01	-1.398803e+02
5.300000e-07	-4.848506e-06	-2.113056e-09	-3.449426e+01	-1.396563e+02
5.400000e-07	-4.828133e-06	-2.146180e-09	-3.434932e+01	-1.394204e+02
5.500000e-07	-4.807296e-06	-2.129516e-09	-3.420108e+01	-1.391731e+02
5.600000e-07	-4.786003e-06	-2.097868e-09	-3.404959e+01	-1.389154e+02
5.700000e-07	-4.764434e-06	-2.101290e-09	-3.389614e+01	-1.386480e+02
5.800000e-07	-4.742619e-06	-2.118031e-09	-3.374094e+01	-1.383719e+02
5.900000e-07	-4.720484e-06	-2.089792e-09	-3.358346e+01	-1.380877e+02
6.000000e-07	-4.698057e-06	-2.072601e-09	-3.342391e+01	-1.377966e+02
6.100000e-07	-4.675244e-06	-2.071685e-09	-3.326161e+01	-1.374994e+02
6.200000e-07	-4.651980e-06	-2.082070e-09	-3.309610e+01	-1.371969e+02
6.300000e-07	-4.628405e-06	-2.086755e-09	-3.292838e+01	-1.368902e+02
6.400000e-07	-4.604660e-06	-2.086229e-09	-3.275944e+01	-1.365801e+02
6.500000e-07	-4.580746e-06	-2.066420e-09	-3.258931e+01	-1.362675e+02
6.600000e-07	-4.556643e-06	-2.065326e-09	-3.241783e+01	-1.359532e+02
6.700000e-07	-4.532209e-06	-2.067094e-09	-3.224400e+01	-1.356379e+02
6.800000e-07	-4.507328e-06	-2.048316e-09	-3.206698e+01	-1.353225e+02
6.900000e-07	-4.481987e-06	-2.020007e-09	-3.188669e+01	-1.350075e+02
7.000000e-07	-4.456171e-06	-2.021247e-09	-3.170303e+01	-1.346937e+02
7.100000e-07	-4.429927e-06	-2.034370e-09	-3.151632e+01	-1.343815e+02
7.200000e-07	-4.403162e-06	-2.038203e-09	-3.132590e+01	-1.340714e+02
7.300000e-07	-4.375850e-06	-2.029569e-09	-3.113160e+01	-1.337638e+02
7.400000e-07	-4.348187e-06	-2.022182e-09	-3.093479e+01	-1.334590e+02
7.500000e-07	-4.320355e-06	-2.024402e-09	-3.073678e+01	-1.331573e+02
7.600000e-07	-4.292426e-06	-2.020333e-09	-3.053808e+01	-1.328588e+02
7.700000e-07	-4.264358e-06	-2.003336e-09	-3.033839e+01	-1.325636e+02
7.800000e-07	-4.236108e-06	-1.989863e-09	-3.013741e+01	-1.322717e+02
7.900000e-07	-4.207547e-06	-1.996024e-09	-2.993422e+01	-1.319831e+02
8.000000e-07	-4.178614e-06	-2.002732e-09	-2.972838e+01	-1.316974e+02
8.100000e-07	-4.149345e-06	-1.999427e-09	-2.952015e+01	-1.314146e+02
8.200000e-07	-4.119781e-06	-1.987301e-09	-2.930981e+01	-1.311344e+02
8.300000e-07	-4.089933e-06	-1.983459e-09	-2.909746e+01	-1.308563e+02
8.400000e-07	-4.059796e-06	-1.979904e-09	-2.888306e+01	-1.305800e+02
8.500000e-07	-4.029433e-06	-1.975408e-09	-2.866704e+01	-1.303050e+02
8.600000e-07	-3.998811e-06	-1.964737e-09	-2.844918e+01	-1.300308e+02
8.700000e-07	-3.967975e-06	-1.961888e-09	-2.822980e+01	-1.297570e+02
8.800000e-07	-3.936865e-06	-1.962643e-09	-2.800847e+01	-1.294828e+02
8.900000e-07	-3.905399e-06	-1.961251e-09	-2.778461e+01	-1.292078e+02
9.000000e-07	-3.873744e-06	-1.947923e-09	-2.755941e+01	-1.289314e+02
9.100000e-07	-3.841956e-06	-1.939233e-09	-2.733326e+01	-1.286529e+02
9.200000e-07	-3.809985e-06	-1.937891e-09	-2.710580e+01	-1.283717e+02
9.300000e-07	-3.777826e-06	-1.943229e-09	-2.687700e+01	-1.280874e+02
9.400000e-07	-3.745473e-06	-1.940995e-09	-2.664684e+01	-1.277992e+02
9.500000e-07	-3.712776e-06	-1.937271e-09	-2.641422e+01	-1.275066e+02
9.600000e-07	-3.679682e-06	-1.932535e-09	-2.617877e+01	-1.272092e+02
9.700000e-07	-3.646172e-06	-1.926356e-09	-2.594037e+01	-1.269065e+02
9.800000e-07	-3.612129e-06	-1.911769e-09	-2.569817e+01	-1.265980e+02
9.900000e-07	-3.577624e-06	-1.896073e-09	-2.545269e+01	-1.262833e+02
1.000000e-06	-3.542736e-06	-1.888868e-09	-2.520448e+01	-1.259621e+02
1.010000e-06	-3.507475e-06	-1.893839e-09	-2.495362e+01	-1.256341e+02
1.020000e-06	-3.471970e-06	-1.899365e-09	-2.470102e+01	-1.252990e+02
1.030000e-06	-3.436311e-06	-1.897812e-09	-2.444733e+01	-1.249568e+02
1.040000e-06	-3.400507e-06	-1.891059e-09	-2.419260e+01	-1.246072e+02
1.050000e-06	-3.364588e-06	-1.884768e-09	-2.393706e+01	-1.242503e+02
1.060000e-06	-3.328548e-06	-1.875056e-09	-2.368066e+01	-1.238860e+02
1.070000e-06	-3.292291e-06	-1.858075e-09	-2.342271e+01	-1.235144e+02
1.080000e-06	-3.255792e-06	-1.844605e-09	-2.316304e+01	-1.231356e+02
1.090000e-06	-3.219028e-06	-1.844217e-09	-2.290149e+01	-1.227498e+02
1.100000e-06	-3.182015e-06	-1.852379e-09	-2.263816e+01	-1.223571e+02
1.110000e-06	-3.144827e-06	-1.853825e-09	-2.237359e+01	-1.219579e+02
1.120000e-06	-3.107457e-06	-1.846693e-09	-2.210773e+01	-1.215525e+02
1.130000e-06	-3.069860e-06	-1.835959e-09	-2.184025e+01	-1.211410e+02
1.140000e-06	-3.032031e-06	-1.827167e-09	-2.157111e+01	-1.207240e+02
1.150000e-06	-2.994060e-06	-1.815470e-09	-2.130097e+01	-1.203018e+02
1.160000e-06	-2.955946e-06	-1.803505e-09	-2.102982e+01	-1.198748e+02
1.170000e-06	-2.917533e-06	-1.793561e-09	-2.075653e+01	-1.194434e+02
1.180000e-06	-2.878890e-06	-1.790198e-09	-2.048161e+01	-1.190081e+02
1.190000e-06	-2.840084e-06	-1.785648e-09	-2.020553e+01	-1.185691e+02
1.200000e-06	-2.800985e-06	-1.780887e-09	-1.992736e+01	-1.181269e+02
1.210000e-06	-2.761748e-06	-1.773920e-09	-1.964821e+01	-1.176819e+02
1.220000e-06	-2.722365e-06	-1.768367e-09	-1.936802e+01	-1.172344e+02
1.230000e-06	-2.682795e-06	-1.761419e-09	-1.908650e+01	-1.167848e+02
1.240000e-06	-2.643131e-06	-1.751933e-09	-1.880432e+01	-1.163334e+02
1.250000e-06	-2.603336e-06	-1.742177e-09	-1.852120e+01	-1.158803e+02
1.260000e-06	-2.563436e-06	-1.736278e-09	-1.823733e+01	-1.154259e+02
1.270000e-06	-2.523464e-06	-1.730299e-09	-1.795296e+01	-1.149703e+02
1.280000e-06	-2.483393e-06	-1.723425e-09	-1.766788e+01	-1.145135e+02
1.290000e-06	-2.443176e-06	-1.714684e-09	-1.738176e+01	-1.140557e+02
1.300000e-06	-2.402793e-06	-1.707118e-09	-1.709446e+01	-1.135969e+02
1.310000e-06	-2.362227e-06	-1.698989e-09	-1.680586e+01	-1.131369e+02
1.320000e-06	-2.321447e-06	-1.691935e-09	-1.651573e+01	-1.126758e+02
1.330000e-06	-2.280364e-06	-1.686170e-09	-1.622344e+01	-1.122132e+02
1.340000e-06	-2.238968e-06	-1.682755e-09	-1.592894e+01	-1.117491e+02
1.350000e-06	-2.197309e-06	-1.679444e-09	-1.563256e+01	-1.112830e+02
1.360000e-06	-2.155404e-06	-1.670858e-09	-1.533443e+01	-1.108148e+02
1.370000e-06	-2.113324e-06	-1.659211e-09	-1.503505e+01	-1.103440e+02
1.380000e-06	-2.070902e-06	-1.648164e-09	-1.473325e+01	-1.098701e+02
1.390000e-06	-2.028175e-06	-1.639323e-09	-1.442927e+01	-1.093928e+02
1.400000e-06	-1.985313e-06	-1.632102e-09	-1.412433e+01	-1.089115e+02
1.410000e-06	-1.942307e-06	-1.625277e-09	-1.381837e+01	-1.084256e+02
1.420000e-06	-1.899195e-06	-1.619200e-09	-1.351165e+01	-1.079346e+02
1.430000e-06	-1.855924e-06	-1.616435e-09	-1.320381e+01	-1.074379e+02
1.440000e-06	-1.812500e-06	-1.611593e-09	-1.289487e+01	-1.069349e+02
1.450000e-06	-1.768920e-06	-1.601525e-09	-1.258482e+01	-1.064249e+02
1.460000e-06	-1.725237e-06	-1.589623e-09	-1.227405e+01	-1.059073e+02
1.470000e-06	-1.681460e-06	-1.581966e-09	-1.196259e+01	-1.053815e+02
1.480000e-06	-1.637596e-06	-1.575698e-09	-1.165053e+01	-1.048468e+02
1.490000e-06	-1.593688e-06	-1.568673e-09	-1.133815e+01	-1.043026e+02
1.500000e-06	-1.549708e-06	-1.560697e-09	-1.102526e+01	-1.037484e+02
1.510000e-06	-1.505681e-06	-1.554837e-09	-1.071203e+01	-1.031834e+02
1.520000e-06	-1.461523e-06	-1.548539e-09	-1.039788e+01	-1.026072e+02
1.530000e-06	-1.417255e-06	-1.537901e-09	-1.008294e+01	-1.020191e+02
1.540000e-06	-1.372948e-06	-1.523545e-09	-9.767715e+00	-1.014186e+02
1.550000e-06	-1.328506e-06	-1.512046e-09	-9.451537e+00	-1.008053e+02
1.560000e-06	-1.283972e-06	-1.501026e-09	-9.134703e+00	-1.001787e+02
1.570000e-06	-1.239412e-06	-1.491182e-09	-8.817687e+00	-9.953833e+01
1.580000e-06	-1.194817e-06	-1.481033e-09	-8.500417e+00	-9.888379e+01
1.590000e-06	-1.150149e-06	-1.471497e-09	-8.182633e+00	-9.821473e+01
1.600000e-06	-1.105355e-06	-1.463527e-09	-7.863952e+00	-9.753078e+01
1.610000e-06	-1.060478e-06	-1.453694e-09	-7.544679e+00	-9.683166e+01
1.620000e-06	-1.015551e-06	-1.439902e-09	-7.225044e+00	-9.611705e+01
1.630000e-06	-9.705608e-07	-1.426376e-09	-6.904968e+00	-9.538670e+01
1.640000e-06	-9.254521e-07	-1.413908e-09	-6.584046e+00	-9.464037e+01
1.650000e-06	-8.802320e-07	-1.401748e-09	-6.262332e+00	-9.387781e+01
1.660000e-06	-8.350008e-07	-1.388949e-09	-5.940539e+00	-9.309880e+01
1.670000e-06	-7.897691e-07	-1.379132e-09	-5.618742e+00	-9.230312e+01
1.680000e-06	-7.444614e-07	-1.372090e-09	-5.296404e+00	-9.149056e+01
1.690000e-06	-6.990968e-07	-1.361746e-09	-4.973662e+00	-9.066087e+01
1.700000e-06	-6.537561e-07	-1.347794e-09	-4.651089e+00	-8.981383e+01
1.710000e-06	-6.083694e-07	-1.330749e-09	-4.328190e+00	-8.894915e+01
1.720000e-06	-5.628641e-07	-1.316135e-09	-4.004446e+00	-8.806656e+01
1.730000e-06	-5.172640e-07	-1.302815e-09	-3.680029e+00	-8.716574e+01
1.740000e-06	-4.715551e-07	-1.288029e-09	-3.354836e+00	-8.624631e+01
1.750000e-06	-4.258913e-07	-1.272725e-09	-3.029966e+00	-8.530789e+01
1.760000e-06	-3.802992e-07	-1.256894e-09	-2.705604e+00	-8.435002e+01
1.770000e-06	-3.346507e-07	-1.239618e-09	-2.380842e+00	-8.337218e+01
1.780000e-06	-2.889526e-07	-1.223612e-09	-2.055728e+00	-8.237382e+01
1.790000e-06	-2.432375e-07	-1.210897e-09	-1.730492e+00	-8.135431e+01
1.800000e-06	-1.975233e-07	-1.198126e-09	-1.405262e+00	-8.031295e+01
1.810000e-06	-1.517629e-07	-1.180960e-09	-1.079704e+00	-7.924899e+01
1.820000e-06	-1.059644e-07	-1.161063e-09	-7.538743e-01	-7.816160e+01
1.830000e-06	-6.018907e-08	-1.142104e-09	-4.282097e-01	-7.704988e+01
1.840000e-06	-1.444416e-08	-1.125852e-09	-1.027617e-01	-7.591287e+01
1.850000e-06	3.136125e-08	-1.109197e-09	2.231168e-01	-7.474952e+01
1.860000e-06	7.721459e-08	-1.091006e-09	5.493363e-01	-7.355876e+01
1.870000e-06	1.230270e-07	-1.075684e-09	8.752647e-01	-7.233941e+01
1.880000e-06	1.688502e-07	-1.062431e-09	1.201270e+00	-7.109027e+01
1.890000e-06	2.147027e-07	-1.044118e-09	1.527483e+00	-6.981007e+01
1.900000e-06	2.605219e-07	-1.018046e-09	1.853460e+00	-6.849750e+01
1.910000e-06	3.062889e-07	-9.894860e-10	2.179065e+00	-6.715121e+01
1.920000e-06	3.519936e-07	-9.642778e-10	2.504227e+00	-6.576983e+01
1.930000e-06	3.976682e-07	-9.422522e-10	2.829175e+00	-6.435197e+01
1.940000e-06	4.433659e-07	-9.184461e-10	3.154287e+00	-6.289622e+01
1.950000e-06	4.890865e-07	-8.931482e-10	3.479562e+00	-6.140118e+01
1.960000e-06	5.346758e-07	-8.726209e-10	3.803903e+00	-5.986546e+01
1.970000e-06	5.801507e-07	-8.537197e-10	4.127430e+00	-5.828770e+01
1.980000e-06	6.256142e-07	-8.282834e-10	4.450876e+00	-5.666657e+01
1.990000e-06	6.709828e-07	-7.950068e-10	4.773647e+00	-5.500079e+01
2.000000e-06	7.162771e-07	-7.621879e-10	5.095890e+00	-5.328916e+01
2.010000e-06	7.615931e-07	-7.346760e-10	5.418286e+00	-5.153052e+01
2.020000e-06	8.068636e-07	-7.084707e-10	5.740359e+00	-4.972384e+01
2.030000e-06	8.520237e-07	-6.780304e-10	6.061647e+00	-4.786816e+01
2.040000e-06	8.971291e-07	-6.463829e-10	6.382545e+00	-4.596264e+01
2.050000e-06	9.421615e-07	-6.183130e-10	6.702924e+00	-4.400658e+01
2.060000e-06	9.871403e-07	-5.900691e-10	7.022922e+00	-4.199941e+01
2.070000e-06	1.032036e-06	-5.562884e-10	7.342331e+00	-3.994070e+01
2.080000e-06	1.076845e-06	-5.201007e-10	7.661116e+00	-3.783018e+01
2.090000e-06	1.121592e-06	-4.894612e-10	7.979465e+00	-3.566775e+01
2.100000e-06	1.166247e-06	-4.626294e-10	8.297159e+00	-3.345349e+01
2.110000e-06	1.210845e-06	-4.300865e-10	8.614446e+00	-3.118767e+01
2.120000e-06	1.255343e-06	-3.920273e-10	8.931025e+00	-2.887072e+01
2.130000e-06	1.299733e-06	-3.578985e-10	9.246834e+00	-2.650330e+01
2.140000e-06	1.344081e-06	-3.271744e-10	9.562343e+00	-2.408623e+01
2.150000e-06	1.388358e-06	-2.919109e-10	9.877347e+00	-2.162057e+01
2.160000e-06	1.432564e-06	-2.539351e-10	1.019185e+01	-1.910754e+01
2.170000e-06	1.476725e-06	-2.169005e-10	1.050603e+01	-1.654859e+01
2.180000e-06	1.520797e-06	-1.815961e-10	1.081958e+01	-1.394535e+01
2.190000e-06	1.564789e-06	-1.452342e-10	1.113255e+01	-1.129966e+01
2.200000e-06	1.608752e-06	-1.044520e-10	1.144533e+01	-8.613528e+00
2.210000e-06	1.652670e-06	-6.255739e-11	1.175777e+01	-5.889173e+00
2.220000e-06	1.696500e-06	-2.264234e-11	1.206960e+01	-3.128969e+00
2.230000e-06	1.740260e-06	1.648574e-11	1.238092e+01	-3.354668e-01
2.240000e-06	1.784006e-06	6.016234e-11	1.269215e+01	2.488628e+00
2.250000e-06	1.827673e-06	1.055920e-10	1.300282e+01	5.340463e+00
2.260000e-06	1.871127e-06	1.489755e-10	1.331197e+01	8.217050e+00
2.270000e-06	1.914375e-06	1.894552e-10	1.361965e+01	1.111528e+01
2.280000e-06	1.957568e-06	2.293666e-10	1.392694e+01	1.403194e+01
2.290000e-06	2.000651e-06	2.720316e-10	1.423345e+01	1.696371e+01
2.300000e-06	2.043350e-06	3.114835e-10	1.453723e+01	1.990722e+01
2.310000e-06	2.085743e-06	3.478841e-10	1.483883e+01	2.285901e+01
2.320000e-06	2.127973e-06	3.893129e-10	1.513927e+01	2.581558e+01
2.330000e-06	2.169916e-06	4.386497e-10	1.543767e+01	2.877343e+01
2.340000e-06	2.211506e-06	4.885731e-10	1.573356e+01	3.172900e+01
2.350000e-06	2.252755e-06	5.335397e-10	1.602703e+01	3.467876e+01
2.360000e-06	2.293669e-06	5.765030e-10	1.631810e+01	3.761922e+01
2.370000e-06	2.334384e-06	6.193234e-10	1.660777e+01	4.054688e+01
2.380000e-06	2.375035e-06	6.594340e-10	1.689697e+01	4.345833e+01
2.390000e-06	2.415486e-06	6.953623e-10	1.718476e+01	4.635021e+01
2.400000e-06	2.455716e-06	7.327190e-10	1.747097e+01	4.921925e+01
2.410000e-06	2.495879e-06	7.774010e-10	1.775671e+01	5.206226e+01
2.420000e-06	2.535965e-06	8.291802e-10	1.804190e+01	5.487618e+01
2.430000e-06	2.575963e-06	8.820608e-10	1.832646e+01	5.765807e+01
2.440000e-06	2.615888e-06	9.288153e-10	1.861050e+01	6.040510e+01
2.450000e-06	2.655682e-06	9.682924e-10	1.889361e+01	6.311459e+01
2.460000e-06	2.695352e-06	1.004462e-09	1.917584e+01	6.578404e+01
2.470000e-06	2.734870e-06	1.037589e-09	1.945698e+01	6.841106e+01
2.480000e-06	2.774146e-06	1.069131e-09	1.973642e+01	7.099346e+01
2.490000e-06	2.813210e-06	1.103822e-09	2.001433e+01	7.352922e+01
2.500000e-06	2.852080e-06	1.145325e-09	2.029087e+01	7.601648e+01
2.510000e-06	2.890660e-06	1.191151e-09	2.056534e+01	7.845357e+01
2.520000e-06	2.928956e-06	1.237144e-09	2.083779e+01	8.083898e+01
2.530000e-06	2.967063e-06	1.279672e-09	2.110890e+01	8.317140e+01
2.540000e-06	3.005070e-06	1.314501e-09	2.137930e+01	8.544970e+01
2.550000e-06	3.042933e-06	1.341984e-09	2.164867e+01	8.767291e+01
2.560000e-06	3.080603e-06	1.367326e-09	2.191668e+01	8.984025e+01
2.570000e-06	3.118097e-06	1.393313e-09	2.218343e+01	9.195111e+01
2.580000e-06	3.155365e-06	1.421984e-09	2.244856e+01	9.400504e+01
2.590000e-06	3.192331e-06	1.455442e-09	2.271155e+01	9.600174e+01
2.600000e-06	3.229069e-06	1.490576e-09	2.297292e+01	9.794109e+01
2.610000e-06	3.265574e-06	1.524908e-09	2.323264e+01	9.982309e+01
2.620000e-06	3.301871e-06	1.556761e-09	2.349086e+01	1.016479e+02
2.630000e-06	3.338026e-06	1.583672e-09	2.374809e+01	1.034158e+02
2.640000e-06	3.374013e-06	1.605260e-09	2.400412e+01	1.051272e+02
2.650000e-06	3.409960e-06	1.623071e-09	2.425986e+01	1.067826e+02
2.660000e-06	3.445804e-06	1.638774e-09	2.451486e+01	1.083827e+02
2.670000e-06	3.481446e-06	1.657864e-09	2.476844e+01	1.099281e+02
2.680000e-06	3.516875e-06	1.681280e-09	2.502049e+01	1.114196e+02
2.690000e-06	3.551969e-06	1.707198e-09	2.527017e+01	1.128583e+02
2.700000e-06	3.586639e-06	1.735489e-09	2.551682e+01	1.142448e+02
2.710000e-06	3.620862e-06	1.762757e-09	2.576030e+01	1.155804e+02
2.720000e-06	3.654669e-06	1.783390e-09	2.600082e+01	1.168661e+02
2.730000e-06	3.688029e-06	1.799172e-09	2.623815e+01	1.181029e+02
2.740000e-06	3.720966e-06	1.812513e-09	2.647248e+01	1.192919e+02
2.750000e-06	3.753549e-06	1.826167e-09	2.670429e+01	1.204345e+02
2.760000e-06	3.785785e-06	1.841765e-09	2.693363e+01	1.215316e+02
2.770000e-06	3.817791e-06	1.858110e-09	2.716134e+01	1.225846e+02
2.780000e-06	3.849711e-06	1.877366e-09	2.738842e+01	1.235946e+02
2.790000e-06	3.881523e-06	1.897488e-09	2.761475e+01	1.245629e+02
2.800000e-06	3.913175e-06	1.912107e-09	2.783993e+01	1.254906e+02
2.810000e-06	3.944634e-06	1.920463e-09	2.806375e+01	1.263790e+02
2.820000e-06	3.975734e-06	1.928501e-09	2.828500e+01	1.272292e+02
2.830000e-06	4.006483e-06	1.940345e-09	2.850377e+01	1.280424e+02
2.840000e-06	4.036953e-06	1.954464e-09	2.872054e+01	1.288198e+02
2.850000e-06	4.067094e-06	1.965864e-09	2.893498e+01	1.295626e+02
2.860000e-06	4.096996e-06	1.974617e-09	2.914771e+01	1.302719e+02
2.870000e-06	4.126706e-06	1.984772e-09	2.935908e+01	1.309488e+02
2.880000e-06	4.156142e-06	1.994494e-09	2.956850e+01	1.315944e+02
2.890000e-06	4.185287e-06	1.998693e-09	2.977585e+01	1.322099e+02
2.900000e-06	4.214133e-06	2.002481e-09	2.998108e+01	1.327962e+02
2.910000e-06	4.242680e-06	2.012059e-09	3.018417e+01	1.333545e+02
2.920000e-06	4.270963e-06	2.025743e-09	3.038539e+01	1.338857e+02
2.930000e-06	4.299041e-06	2.035398e-09	3.058514e+01	1.343910e+02
2.940000e-06	4.326983e-06	2.040365e-09	3.078394e+01	1.348712e+02
2.950000e-06	4.354773e-06	2.045168e-09	3.098164e+01	1.353274e+02
2.960000e-06	4.382285e-06	2.050448e-09	3.117737e+01	1.357607e+02
2.970000e-06	4.409499e-06	2.054511e-09	3.137099e+01	1.361718e+02
2.980000e-06	4.436282e-06	2.054160e-09	3.156153e+01	1.365619e+02
2.990000e-06	4.462416e-06	2.054667e-09	3.174746e+01	1.369318e+02
3.000000e-06	4.487991e-06	2.060467e-09	3.192941e+01	1.372825e+02
3.010000e-06	4.513013e-06	2.067273e-09	3.210743e+01	1.376149e+02
3.020000e-06	4.537528e-06	2.074931e-09	3.228184e+01	1.379299e+02
3.030000e-06	4.561816e-06	2.084166e-09	3.245463e+01	1.382284e+02
3.040000e-06	4.585903e-06	2.093193e-09	3.262600e+01	1.385113e+02
3.050000e-06	4.609735e-06	2.099152e-09	3.279555e+01	1.387795e+02
3.060000e-06	4.633339e-06	2.098827e-09	3.296348e+01	1.390337e+02
3.070000e-06	4.656718e-06	2.096256e-09	3.312980e+01	1.392749e+02
3.080000e-06	4.679719e-06	2.095189e-09	3.329344e+01	1.395039e+02
3.090000e-06	4.702243e-06	2.097248e-09	3.345369e+01	1.397214e+02
3.100000e-06	4.724429e-06	2.099020e-09	3.361152e+01	1.399283e+02
3.110000e-06	4.746436e-06	2.101598e-09	3.376810e+01	1.401252e+02
3.120000e-06	4.768209e-06	2.108907e-09	3.392300e+01	1.403129e+02
3.130000e-06	4.789638e-06	2.118337e-09	3.407545e+01	1.404921e+02
3.140000e-06	4.810724e-06	2.126151e-09	3.422547e+01	1.406634e+02
3.150000e-06	4.831436e-06	2.129391e-09	3.437282e+01	1.408274e+02
3.160000e-06	4.851814e-06	2.127508e-09	3.451780e+01	1.409848e+02
3.170000e-06	4.871935e-06	2.125507e-09	3.466095e+01	1.411360e+02
3.180000e-06	4.891877e-06	2.125550e-09	3.480282e+01	1.412815e+02
3.190000e-06	4.911641e-06	2.125799e-09	3.494343e+01	1.414218e+02
3.200000e-06	4.931161e-06	2.130672e-09	3.508230e+01	1.415573e+02
3.210000e-06	4.950289e-06	2.141220e-09	3.521839e+01	1.416883e+02
3.220000e-06	4.968932e-06	2.150957e-09	3.535102e+01	1.418151e+02
3.230000e-06	4.987112e-06	2.156865e-09	3.548036e+01	1.419379e+02
3.240000e-06	5.004889e-06	2.159336e-09	3.560684e+01	1.420570e+02
3.250000e-06	5.022425e-06	2.158456e-09	3.573159e+01	1.421724e+02
3.260000e-06	5.039730e-06	2.156557e-09	3.585471e+01	1.422843e+02
3.270000e-06	5.056727e-06	2.154357e-09	3.597563e+01	1.423927e+02
3.280000e-06	5.073439e-06	2.154580e-09	3.609453e+01	1.424975e+02
3.290000e-06	5.089723e-06	2.159329e-09	3.621038e+01	1.425987e+02
3.300000e-06	5.105514e-06	2.165469e-09	3.632272e+01	1.426961e+02
3.310000e-06	5.120943e-06	2.169535e-09	3.643249e+01	1.427897e+02
3.320000e-06	5.135908e-06	2.172578e-09	3.653896e+01	1.428792e+02
3.330000e-06	5.150276e-06	2.174778e-09	3.664118e+01	1.429645e+02
3.340000e-06	5.164229e-06	2.174032e-09	3.674044e+01	1.430451e+02
3.350000e-06	5.177967e-06	2.170442e-09	3.683819e+01	1.431209e+02
3.360000e-06	5.191387e-06	2.167080e-09	3.693366e+01	1.431916e+02
3.370000e-06	5.204360e-06	2.166261e-09	3.702596e+01	1.432567e+02
3.380000e-06	5.216834e-06	2.166619e-09	3.711470e+01	1.433161e+02
3.390000e-06	5.228941e-06	2.167352e-09	3.720083e+01	1.433694e+02
3.400000e-06	5.240790e-06	2.170039e-09	3.728513e+01	1.434162e+02
3.410000e-06	5.252287e-06	2.173844e-09	3.736692e+01	1.434562e+02
3.420000e-06	5.263290e-06	2.174730e-09	3.744521e+01	1.434891e+02
3.430000e-06	5.273684e-06	2.172344e-09	3.751915e+01	1.435147e+02
3.440000e-06	5.283478e-06	2.169453e-09	3.758883e+01	1.435327e+02
3.450000e-06	5.292615e-06	2.166510e-09	3.765384e+01	1.435428e+02
3.460000e-06	5.301251e-06	2.164714e-09	3.771528e+01	1.435448e+02
3.470000e-06	5.309565e-06	2.164889e-09	3.777443e+01	1.435387e+02
3.480000e-06	5.317598e-06	2.168312e-09	3.783158e+01	1.435244e+02
3.490000e-06	5.325449e-06	2.174344e-09	3.788743e+01	1.435017e+02
3.500000e-06	5.333010e-06	2.177690e-09	3.794123e+01	1.434708e+02
3.510000e-06	5.340149e-06	2.176890e-09	3.799201e+01	1.434316e+02
3.520000e-06	5.346941e-06	2.175119e-09	3.804034e+01	1.433844e+02
3.530000e-06	5.353396e-06	2.174186e-09	3.808626e+01	1.433293e+02
3.540000e-06	5.359513e-06	2.174223e-09	3.812978e+01	1.432666e+02
3.550000e-06	5.365346e-06	2.173171e-09	3.817128e+01	1.431966e+02
3.560000e-06	5.370720e-06	2.170761e-09	3.820951e+01	1.431197e+02
3.570000e-06	5.375676e-06	2.170889e-09	3.824477e+01	1.430364e+02
3.580000e-06	5.380265e-06	2.172867e-09	3.827741e+01	1.429472e+02
3.590000e-06	5.384472e-06	2.172352e-09	3.830735e+01	1.428525e+02
3.600000e-06	5.388468e-06	2.171531e-09	3.833577e+01	1.427532e+02
3.610000e-06	5.392304e-06	2.172917e-09	3.836307e+01	1.426498e+02
3.620000e-06	5.395844e-06	2.174830e-09	3.838825e+01	1.425430e+02
3.630000e-06	5.398962e-06	2.175441e-09	3.841043e+01	1.424336e+02
3.640000e-06	5.401609e-06	2.171978e-09	3.842926e+01	1.423225e+02
3.650000e-06	5.403553e-06	2.167081e-09	3.844310e+01	1.422103e+02
3.660000e-06	5.404846e-06	2.168726e-09	3.845229e+01	1.420980e+02
3.670000e-06	5.405592e-06	2.174820e-09	3.845760e+01	1.419863e+02
3.680000e-06	5.405873e-06	2.176800e-09	3.845960e+01	1.418762e+02
3.690000e-06	5.405929e-06	2.176131e-09	3.846000e+01	1.417684e+02
3.700000e-06	5.405834e-06	2.177809e-09	3.845932e+01	1.416637e+02
3.710000e-06	5.405508e-06	2.181171e-09	3.845700e+01	1.415630e+02
3.720000e-06	5.404742e-06	2.179239e-09	3.845156e+01	1.414671e+02
3.730000e-06	5.403524e-06	2.170013e-09	3.844289e+01	1.413766e+02
3.740000e-06	5.401982e-06	2.160983e-09	3.843192e+01	1.412922e+02
3.750000e-06	5.400158e-06	2.160181e-09	3.841894e+01	1.412146e+02
3.760000e-06	5.398023e-06	2.174392e-09	3.840375e+01	1.411443e+02
3.770000e-06	5.395604e-06	2.176828e-09	3.838654e+01	1.410818e+02
3.780000e-06	5.392837e-06	2.107383e-09	3.836686e+01	1.410276e+02
3.790000e-06	5.389601e-06	2.053287e-09	3.834384e+01	1.409819e+02
3.800000e-06	5.385886e-06	2.142392e-09	3.831740e+01	1.409451e+02
3.810000e-06	5.381852e-06	2.201803e-09	3.828870e+01	1.409172e+02
3.820000e-06	5.377731e-06	2.163869e-09	3.825939e+01	1.408984e+02
3.830000e-06	5.373474e-06	2.085106e-09	3.822910e+01	1.408886e+02
3.840000e-06	5.368726e-06	2.145569e-09	3.819532e+01	1.408877e+02
3.850000e-06	5.363213e-06	2.228319e-09	3.815610e+01	1.408955e+02
3.860000e-06	5.357187e-06	2.117173e-09	3.811323e+01	1.409117e+02
3.870000e-06	5.350930e-06	2.033532e-09	3.806871e+01	1.409359e+02
3.880000e-06	5.344121e-06	2.100956e-09	3.802027e+01	1.409675e+02
3.890000e-06	5.336629e-06	2.205440e-09	3.796697e+01	1.410060e+02
3.900000e-06	5.328798e-06	2.115406e-09	3.791126e+01	1.410506e+02
3.910000e-06	5.320791e-06	2.086873e-09	3.785429e+01	1.411008e+02
3.920000e-06	5.312482e-06	2.180962e-09	3.779518e+01	1.411555e+02
3.930000e-06	5.303810e-06	2.183077e-09	3.773348e+01	1.412140e+02
3.940000e-06	5.294875e-06	2.038923e-09	3.766992e+01	1.412752e+02
3.950000e-06	5.285681e-06	2.049376e-09	3.760451e+01	1.413382e+02
3.960000e-06	5.275966e-06	2.182204e-09	3.753539e+01	1.414019e+02
3.970000e-06	5.265733e-06	2.147617e-09	3.746259e+01	1.414653e+02
3.980000e-06	5.255217e-06	2.067086e-09	3.738777e+01	1.415272e+02
3.990000e-06	5.244356e-06	2.170288e-09	3.731050e+01	1.415865e+02
4.000000e-06	5.233071e-06	2.267136e-09	3.723021e+01	1.416420e+02
4.010000e-06	5.221400e-06	2.149796e-09	3.714718e+01	1.416928e+02
4.020000e-06	5.209413e-06	2.102374e-09	3.706190e+01	1.417377e+02
4.030000e-06	5.196941e-06	2.218925e-09	3.697317e+01	1.417755e+02
4.040000e-06	5.184082e-06	2.234407e-09	3.688169e+01	1.418054e+02
4.050000e-06	5.170907e-06	2.113729e-09	3.678795e+01	1.418261e+02
4.060000e-06	5.157000e-06	2.147262e-09	3.668902e+01	1.418370e+02
4.070000e-06	5.142235e-06	2.228286e-09	3.658397e+01	1.418370e+02
4.080000e-06	5.126952e-06	2.197096e-09	3.647524e+01	1.418253e+02
4.090000e-06	5.111296e-06	2.149848e-09	3.636386e+01	1.418012e+02
4.100000e-06	5.095315e-06	2.179953e-09	3.625016e+01	1.417641e+02
4.110000e-06	5.079154e-06	2.154589e-09	3.613519e+01	1.417134e+02
4.120000e-06	5.062765e-06	2.141247e-09	3.601859e+01	1.416487e+02
4.130000e-06	5.045991e-06	2.171068e-09	3.589925e+01	1.415695e+02
4.140000e-06	5.028834e-06	2.155892e-09	3.577719e+01	1.414756e+02
4.150000e-06	5.011332e-06	2.108839e-09	3.565267e+01	1.413669e+02
4.160000e-06	4.993545e-06	2.149796e-09	3.552613e+01	1.412432e+02
4.170000e-06	4.975522e-06	2.175929e-09	3.539791e+01	1.411045e+02
4.180000e-06	4.957149e-06	2.134651e-09	3.526719e+01	1.409511e+02
4.190000e-06	4.938348e-06	2.117869e-09	3.513344e+01	1.407832e+02
4.200000e-06	4.919173e-06	2.129869e-09	3.499701e+01	1.406010e+02
4.210000e-06	4.899680e-06	2.126812e-09	3.485834e+01	1.404050e+02
4.220000e-06	4.879886e-06	2.123740e-09	3.471752e+01	1.401957e+02
4.230000e-06	4.859924e-06	2.108510e-09	3.457550e+01	1.399736e+02
4.240000e-06	4.839828e-06	2.085134e-09	3.443252e+01	1.397394e+02
4.250000e-06	4.819533e-06	2.112338e-09	3.428813e+01	1.394938e+02
4.260000e-06	4.798958e-06	2.125289e-09	3.414176e+01	1.392376e+02
4.270000e-06	4.777877e-06	2.089233e-09	3.399178e+01	1.389716e+02
4.280000e-06	4.756132e-06	2.080419e-09	3.383707e+01	1.386966e+02
4.290000e-06	4.733786e-06	2.109969e-09	3.367810e+01	1.384136e+02
4.300000e-06	4.710818e-06	2.092881e-09	3.351470e+01	1.381234e+02
4.310000e-06	4.687414e-06	2.071144e-09	3.334819e+01	1.378269e+02
4.320000e-06	4.663767e-06	2.067087e-09	3.317995e+01	1.375251e+02
4.330000e-06	4.639874e-06	2.063857e-09	3.300997e+01	1.372189e+02
4.340000e-06	4.615758e-06	2.060714e-09	3.283840e+01	1.369091e+02
4.350000e-06	4.591388e-06	2.065546e-09	3.266502e+01	1.365966e+02
4.360000e-06	4.566718e-06	2.039511e-09	3.248950e+01	1.362823e+02
4.370000e-06	4.541681e-06	2.030484e-09	3.231138e+01	1.359670e+02
4.380000e-06	4.516330e-06	2.046684e-09	3.213102e+01	1.356514e+02
4.390000e-06	4.490635e-06	2.046446e-09	3.194822e+01	1.353361e+02
4.400000e-06	4.464676e-06	2.020128e-09	3.176354e+01	1.350218e+02
4.410000e-06	4.438481e-06	2.016599e-09	3.157717e+01	1.347091e+02
4.420000e-06	4.411874e-06	2.024351e-09	3.138788e+01	1.343985e+02
4.430000e-06	4.384934e-06	2.025384e-09	3.119622e+01	1.340903e+02
4.440000e-06	4.357706e-06	2.010850e-09	3.100251e+01	1.337848e+02
4.450000e-06	4.330143e-06	2.002075e-09	3.080642e+01	1.334824e+02
4.460000e-06	4.302367e-06	2.008909e-09	3.060880e+01	1.331832e+02
4.470000e-06	4.274480e-06	2.015612e-09	3.041041e+01	1.328873e+02
4.480000e-06	4.246427e-06	2.003869e-09	3.021082e+01	1.325946e+02
4.490000e-06	4.218158e-06	1.996736e-09	3.000971e+01	1.323052e+02
4.500000e-06	4.189677e-06	2.005763e-09	2.980708e+01	1.320189e+02
4.510000e-06	4.160815e-06	2.008955e-09	2.960175e+01	1.317355e+02
4.520000e-06	4.131465e-06	1.998426e-09	2.939294e+01	1.314546e+02
4.530000e-06	4.101702e-06	1.986377e-09	2.918119e+01	1.311760e+02
4.540000e-06	4.071453e-06	1.986665e-09	2.896599e+01	1.308993e+02
4.550000e-06	4.040650e-06	1.990426e-09	2.874684e+01	1.306239e+02
4.560000e-06	4.009351e-06	1.987765e-09	2.852417e+01	1.303495e+02
4.570000e-06	3.977722e-06	1.976894e-09	2.829915e+01	1.300754e+02
4.580000e-06	3.945890e-06	1.975054e-09	2.807269e+01	1.298012e+02
4.590000e-06	3.913915e-06	1.978850e-09	2.784520e+01	1.295262e+02
4.600000e-06	3.881842e-06	1.978371e-09	2.761702e+01	1.292499e+02
4.610000e-06	3.849573e-06	1.962790e-09	2.738744e+01	1.289716e+02
4.620000e-06	3.817094e-06	1.950265e-09	2.715637e+01	1.286907e+02
4.630000e-06	3.784270e-06	1.946771e-09	2.692285e+01	1.284067e+02
4.640000e-06	3.751089e-06	1.947353e-09	2.668679e+01	1.281190e+02
4.650000e-06	3.717705e-06	1.939073e-09	2.644928e+01	1.278271e+02
4.660000e-06	3.684100e-06	1.935464e-09	2.621020e+01	1.275303e+02
4.670000e-06	3.650267e-06	1.938888e-09	2.596950e+01	1.272283e+02
4.680000e-06	3.616217e-06	1.941671e-09	2.572726e+01	1.269206e+02
4.690000e-06	3.581998e-06	1.928996e-09	2.548380e+01	1.266068e+02
4.700000e-06	3.547491e-06	1.912155e-09	2.523831e+01	1.262865e+02
4.710000e-06	3.512681e-06	1.902915e-09	2.499065e+01	1.259594e+02
4.720000e-06	3.477687e-06	1.901665e-09	2.474169e+01	1.256254e+02
4.730000e-06	3.442416e-06	1.898305e-09	2.449076e+01	1.252842e+02
4.740000e-06	3.406846e-06	1.895042e-09	2.423770e+01	1.249357e+02
4.750000e-06	3.371084e-06	1.896160e-09	2.398328e+01	1.245798e+02
4.760000e-06	3.335179e-06	1.897934e-09	2.372783e+01	1.242165e+02
4.770000e-06	3.299194e-06	1.889227e-09	2.347182e+01	1.238460e+02
4.780000e-06	3.263119e-06	1.871952e-09	2.321517e+01	1.234682e+02
4.790000e-06	3.226909e-06	1.856947e-09	2.295756e+01	1.230833e+02
4.800000e-06	3.190542e-06	1.849646e-09	2.269882e+01	1.226916e+02
4.810000e-06	3.153897e-06	1.845702e-09	2.243812e+01	1.222933e+02
4.820000e-06	3.116881e-06	1.841386e-09	2.217477e+01	1.218886e+02
4.830000e-06	3.079441e-06	1.840538e-09	2.190841e+01	1.214780e+02
4.840000e-06	3.041657e-06	1.840465e-09	2.163960e+01	1.210617e+02
4.850000e-06	3.003517e-06	1.835712e-09	2.136825e+01	1.206402e+02
4.860000e-06	2.965034e-06	1.822643e-09	2.109447e+01	1.202138e+02
4.870000e-06	2.926289e-06	1.809150e-09	2.081882e+01	1.197829e+02
4.880000e-06	2.887157e-06	1.799266e-09	2.054042e+01	1.193480e+02
4.890000e-06	2.847790e-06	1.794425e-09	2.026035e+01	1.189094e+02
4.900000e-06	2.808211e-06	1.790933e-09	1.997877e+01	1.184675e+02
4.910000e-06	2.768373e-06	1.790180e-09	1.969534e+01	1.180228e+02
4.920000e-06	2.728425e-06	1.788968e-09	1.941114e+01	1.175755e+02
4.930000e-06	2.688420e-06	1.784896e-09	1.912653e+01	1.171261e+02
4.940000e-06	2.648349e-06	1.774425e-09	1.884144e+01	1.166747e+02
4.950000e-06	2.608170e-06	1.762862e-09	1.855559e+01	1.162217e+02
4.960000e-06	2.567834e-06	1.752697e-09	1.826863e+01	1.157674e+02
4.970000e-06	2.527249e-06	1.745560e-09	1.797989e+01	1.153117e+02
4.980000e-06	2.486536e-06	1.739001e-09	1.769024e+01	1.148550e+02
4.990000e-06	2.445728e-06	1.735550e-09	1.739991e+01	1.143971e+02
5.000000e-06	2.404721e-06	1.733578e-09	1.710817e+01	1.139383e+02
5.010000e-06	2.363522e-06	1.729289e-09	1.681506e+01	1.134783e+02
5.020000e-06	2.322114e-06	1.718216e-09	1.652048e+01	1.130172e+02
5.030000e-06	2.280545e-06	1.704685e-09	1.622474e+01	1.125547e+02
5.040000e-06	2.238866e-06	1.695082e-09	1.592821e+01	1.120907e+02
5.050000e-06	2.197120e-06	1.689272e-09	1.563122e+01	1.116248e+02
5.060000e-06	2.155197e-06	1.684635e-09	1.533295e+01	1.111568e+02
5.070000e-06	2.113017e-06	1.680162e-09	1.503287e+01	1.106862e+02
5.080000e-06	2.070657e-06	1.675979e-09	1.473151e+01	1.102127e+02
5.090000e-06	2.028178e-06	1.671595e-09	1.442929e+01	1.097358e+02
5.100000e-06	1.985603e-06	1.664865e-09	1.412640e+01	1.092550e+02
5.110000e-06	1.942906e-06	1.654839e-09	1.382263e+01	1.087697e+02
5.120000e-06	1.900087e-06	1.644930e-09	1.351800e+01	1.082795e+02
5.130000e-06	1.857055e-06	1.638806e-09	1.321186e+01	1.077836e+02
5.140000e-06	1.813787e-06	1.636357e-09	1.290403e+01	1.072814e+02
5.150000e-06	1.770388e-06	1.630342e-09	1.259527e+01	1.067725e+02
5.160000e-06	1.726947e-06	1.621934e-09	1.228621e+01	1.062560e+02
5.170000e-06	1.683426e-06	1.614112e-09	1.197659e+01	1.057314e+02
5.180000e-06	1.639757e-06	1.608663e-09	1.166590e+01	1.051981e+02
5.190000e-06	1.595958e-06	1.599906e-09	1.135430e+01	1.046554e+02
5.200000e-06	1.552052e-06	1.588848e-09	1.104194e+01	1.041026e+02
5.210000e-06	1.508086e-06	1.581106e-09	1.072914e+01	1.035393e+02
5.220000e-06	1.464094e-06	1.572412e-09	1.041617e+01	1.029648e+02
5.230000e-06	1.420075e-06	1.562885e-09	1.010300e+01	1.023785e+02
5.240000e-06	1.376008e-06	1.554722e-09	9.789487e+00	1.017800e+02
5.250000e-06	1.331928e-06	1.549051e-09	9.475881e+00	1.011687e+02
5.260000e-06	1.287829e-06	1.545057e-09	9.162146e+00	1.005441e+02
5.270000e-06	1.243707e-06	1.537638e-09	8.848243e+00	9.990590e+01
5.280000e-06	1.199535e-06	1.525718e-09	8.533986e+00	9.925357e+01
5.290000e-06	1.155254e-06	1.512709e-09	8.218953e+00	9.858676e+01
5.300000e-06	1.110941e-06	1.500754e-09	7.903688e+00	9.790514e+01
5.310000e-06	1.066638e-06	1.486805e-09	7.588499e+00	9.720837e+01
5.320000e-06	1.022289e-06	1.472420e-09	7.272986e+00	9.649618e+01
5.330000e-06	9.778160e-07	1.460393e-09	6.956585e+00	9.576829e+01
5.340000e-06	9.332070e-07	1.453084e-09	6.639218e+00	9.502445e+01
5.350000e-06	8.885458e-07	1.446834e-09	6.321479e+00	9.426443e+01
5.360000e-06	8.438460e-07	1.438734e-09	6.003467e+00	9.348799e+01
5.370000e-06	7.990738e-07	1.429480e-09	5.684939e+00	9.269492e+01
5.380000e-06	7.542511e-07	1.417033e-09	5.366052e+00	9.188500e+01
5.390000e-06	7.093468e-07	1.402096e-09	5.046584e+00	9.105800e+01
5.400000e-06	6.643254e-07	1.384858e-09	4.726283e+00	9.021368e+01
5.410000e-06	6.193028e-07	1.367385e-09	4.405975e+00	8.935178e+01
5.420000e-06	5.742720e-07	1.352531e-09	4.085607e+00	8.847201e+01
5.430000e-06	5.291626e-07	1.341120e-09	3.764680e+00	8.757407e+01
5.440000e-06	4.840056e-07	1.331302e-09	3.443414e+00	8.665759e+01
5.450000e-06	4.388226e-07	1.318595e-09	3.121964e+00	8.572217e+01
5.460000e-06	3.936209e-07	1.304717e-09	2.800381e+00	8.476739e+01
5.470000e-06	3.483851e-07	1.291079e-09	2.478554e+00	8.379273e+01
5.480000e-06	3.031752e-07	1.277434e-09	2.156913e+00	8.279765e+01
5.490000e-06	2.579150e-07	1.260409e-09	1.834913e+00	8.178153e+01
5.500000e-06	2.125687e-07	1.241131e-09	1.512301e+00	8.074368e+01
5.510000e-06	1.672504e-07	1.223324e-09	1.189888e+00	7.968336e+01
5.520000e-06	1.219389e-07	1.205476e-09	8.675236e-01	7.859974e+01
5.530000e-06	7.661619e-08	1.187250e-09	5.450790e-01	7.749196e+01
5.540000e-06	3.132900e-08	1.171333e-09	2.228874e-01	7.635904e+01
5.550000e-06	-1.392716e-08	1.159355e-09	-9.908357e-02	7.519998e+01
5.560000e-06	-5.917002e-08	1.146501e-09	-4.209598e-01	7.401368e+01
5.570000e-06	-1.044750e-07	1.129450e-09	-7.432780e-01	7.279899e+01
5.580000e-06	-1.499099e-07	1.108065e-09	-1.066520e+00	7.155472e+01
5.590000e-06	-1.953784e-07	1.084642e-09	-1.390002e+00	7.027960e+01
5.600000e-06	-2.407788e-07	1.057698e-09	-1.712999e+00	6.897233e+01
5.610000e-06	-2.860638e-07	1.030597e-09	-2.035175e+00	6.763157e+01
5.620000e-06	-3.312954e-07	1.008020e-09	-2.356971e+00	6.625596e+01
5.630000e-06	-3.764784e-07	9.900142e-10	-2.678422e+00	6.484409e+01
5.640000e-06	-4.216268e-07	9.733126e-10	-2.999626e+00	6.339456e+01
5.650000e-06	-4.667859e-07	9.547851e-10	-3.320907e+00	6.190598e+01
5.660000e-06	-5.119791e-07	9.327236e-10	-3.642430e+00	6.037695e+01
5.670000e-06	-5.571226e-07	9.082511e-10	-3.963599e+00	5.880611e+01
5.680000e-06	-6.021171e-07	8.800184e-10	-4.283708e+00	5.719211e+01
5.690000e-06	-6.470442e-07	8.474506e-10	-4.603338e+00	5.553368e+01
5.700000e-06	-6.918497e-07	8.132822e-10	-4.922103e+00	5.382958e+01
5.710000e-06	-7.366083e-07	7.823518e-10	-5.240534e+00	5.207867e+01
5.720000e-06	-7.813844e-07	7.587642e-10	-5.559089e+00	5.027988e+01
5.730000e-06	-8.261303e-07	7.403128e-10	-5.877430e+00	4.843224e+01
5.740000e-06	-8.707564e-07	7.206720e-10	-6.194919e+00	4.653490e+01
5.750000e-06	-9.152319e-07	6.984464e-10	-6.511336e+00	4.458712e+01
5.760000e-06	-9.596329e-07	6.727617e-10	-6.827223e+00	4.258832e+01
5.770000e-06	-1.004009e-06	6.380797e-10	-7.142934e+00	4.053803e+01
5.780000e-06	-1.048328e-06	5.951020e-10	-7.458238e+00	3.843597e+01
5.790000e-06	-1.092536e-06	5.493088e-10	-7.772751e+00	3.628201e+01
5.800000e-06	-1.136699e-06	5.098593e-10	-8.086945e+00	3.407620e+01
5.810000e-06	-1.180863e-06	4.798255e-10	-8.401143e+00	3.181875e+01
5.820000e-06	-1.224995e-06	4.558980e-10	-8.715119e+00	2.951010e+01
5.830000e-06	-1.269109e-06	4.311909e-10	-9.028964e+00	2.715085e+01
5.840000e-06	-1.313198e-06	4.007716e-10	-9.342632e+00	2.474181e+01
5.850000e-06	-1.357223e-06	3.661044e-10	-9.655843e+00	2.228398e+01
5.860000e-06	-1.401202e-06	3.264743e-10	-9.968726e+00	1.977856e+01
5.870000e-06	-1.445161e-06	2.814107e-10	-1.028147e+01	1.722697e+01
5.880000e-06	-1.489102e-06	2.358044e-10	-1.059408e+01	1.463081e+01
5.890000e-06	-1.532970e-06	1.954249e-10	-1.090618e+01	1.199187e+01
5.900000e-06	-1.576708e-06	1.615037e-10	-1.121735e+01	9.312151e+00
5.910000e-06	-1.620333e-06	1.262041e-10	-1.152771e+01	6.593821e+00
5.920000e-06	-1.663886e-06	8.668921e-11	-1.183757e+01	3.839235e+00
5.930000e-06	-1.707321e-06	4.546949e-11	-1.214659e+01	1.050914e+00
5.940000e-06	-1.750660e-06	2.380026e-12	-1.245492e+01	-1.768462e+00
5.950000e-06	-1.793869e-06	-4.608234e-11	-1.276232e+01	-4.616062e+00
5.960000e-06	-1.836897e-06	-9.571286e-11	-1.306844e+01	-7.488922e+00
5.970000e-06	-1.879758e-06	-1.423729e-10	-1.337337e+01	-1.038395e+01
5.980000e-06	-1.922476e-06	-1.879727e-10	-1.367729e+01	-1.329795e+01
5.990000e-06	-1.965067e-06	-2.348245e-10	-1.398029e+01	-1.622762e+01
6.000000e-06	-2.007511e-06	-2.821686e-10	-1.428226e+01	-1.916960e+01
6.010000e-06	-2.049779e-06	-3.279113e-10	-1.458297e+01	-2.212043e+01
6.020000e-06	-2.091933e-06	-3.734625e-10	-1.488287e+01	-2.507664e+01
6.030000e-06	-2.133973e-06	-4.210044e-10	-1.518196e+01	-2.803470e+01
6.040000e-06	-2.175835e-06	-4.692814e-10	-1.547978e+01	-3.099108e+01
6.050000e-06	-2.217641e-06	-5.164957e-10	-1.577721e+01	-3.394224e+01
6.060000e-06	-2.259331e-06	-5.622177e-10	-1.607381e+01	-3.688468e+01
6.070000e-06	-2.300952e-06	-6.067660e-10	-1.636991e+01	-3.981490e+01
6.080000e-06	-2.342441e-06	-6.522185e-10	-1.666509e+01	-4.272947e+01
6.090000e-06	-2.383618e-06	-6.978322e-10	-1.695804e+01	-4.562502e+01
6.100000e-06	-2.424618e-06	-7.438035e-10	-1.724972e+01	-4.849828e+01
6.110000e-06	-2.465398e-06	-7.932129e-10	-1.753985e+01	-5.134603e+01
6.120000e-06	-2.505920e-06	-8.432896e-10	-1.782815e+01	-5.416519e+01
6.130000e-06	-2.546276e-06	-8.873736e-10	-1.811525e+01	-5.695280e+01
6.140000e-06	-2.586508e-06	-9.283547e-10	-1.840148e+01	-5.970601e+01
6.150000e-06	-2.626626e-06	-9.711281e-10	-1.868689e+01	-6.242213e+01
6.160000e-06	-2.666639e-06	-1.014698e-09	-1.897157e+01	-6.509860e+01
6.170000e-06	-2.706603e-06	-1.056723e-09	-1.925588e+01	-6.773304e+01
6.180000e-06	-2.746503e-06	-1.096773e-09	-1.953975e+01	-7.032321e+01
6.190000e-06	-2.786265e-06	-1.137255e-09	-1.982264e+01	-7.286706e+01
6.200000e-06	-2.825873e-06	-1.179047e-09	-2.010442e+01	-7.536271e+01
6.210000e-06	-2.865309e-06	-1.215954e-09	-2.038498e+01	-7.780845e+01
6.220000e-06	-2.904475e-06	-1.245688e-09	-2.066363e+01	-8.020276e+01
6.230000e-06	-2.943320e-06	-1.277881e-09	-2.093998e+01	-8.254428e+01
6.240000e-06	-2.981794e-06	-1.318555e-09	-2.121371e+01	-8.483186e+01
6.250000e-06	-3.019922e-06	-1.358485e-09	-2.148497e+01	-8.706449e+01
6.260000e-06	-3.057736e-06	-1.392222e-09	-2.175399e+01	-8.924138e+01
6.270000e-06	-3.095071e-06	-1.423594e-09	-2.201961e+01	-9.136187e+01
6.280000e-06	-3.131962e-06	-1.457465e-09	-2.228206e+01	-9.342549e+01
6.290000e-06	-3.168577e-06	-1.489170e-09	-2.254256e+01	-9.543193e+01
6.300000e-06	-3.204974e-06	-1.513256e-09	-2.280150e+01	-9.738103e+01
6.310000e-06	-3.241200e-06	-1.534736e-09	-2.305923e+01	-9.927276e+01
6.320000e-06	-3.277274e-06	-1.561313e-09	-2.331588e+01	-1.011073e+02
6.330000e-06	-3.313260e-06	-1.593457e-09	-2.357190e+01	-1.028848e+02
6.340000e-06	-3.349207e-06	-1.625595e-09	-2.382763e+01	-1.046058e+02
6.350000e-06	-3.385031e-06	-1.654974e-09	-2.408250e+01	-1.062707e+02
6.360000e-06	-3.420609e-06	-1.682619e-09	-2.433562e+01	-1.078801e+02
6.370000e-06	-3.455897e-06	-1.705141e-09	-2.458667e+01	-1.094348e+02
6.380000e-06	-3.490924e-06	-1.718142e-09	-2.483587e+01	-1.109354e+02
6.390000e-06	-3.525602e-06	-1.727627e-09	-2.508258e+01	-1.123830e+02
6.400000e-06	-3.559948e-06	-1.744695e-09	-2.532693e+01	-1.137783e+02
6.410000e-06	-3.594136e-06	-1.770673e-09	-2.557016e+01	-1.151225e+02
6.420000e-06	-3.628185e-06	-1.796589e-09	-2.581240e+01	-1.164166e+02
6.430000e-06	-3.662049e-06	-1.816965e-09	-2.605332e+01	-1.176617e+02
6.440000e-06	-3.695736e-06	-1.834114e-09	-2.629299e+01	-1.188588e+02
6.450000e-06	-3.729050e-06	-1.852041e-09	-2.652999e+01	-1.200092e+02
6.460000e-06	-3.762002e-06	-1.867898e-09	-2.676443e+01	-1.211140e+02
6.470000e-06	-3.794654e-06	-1.880073e-09	-2.699673e+01	-1.221745e+02
6.480000e-06	-3.826997e-06	-1.893203e-09	-2.722683e+01	-1.231917e+02
6.490000e-06	-3.859185e-06	-1.910981e-09	-2.745582e+01	-1.241671e+02
6.500000e-06	-3.891229e-06	-1.931108e-09	-2.768380e+01	-1.251016e+02
6.510000e-06	-3.923119e-06	-1.948098e-09	-2.791068e+01	-1.259966e+02
6.520000e-06	-3.954821e-06	-1.959427e-09	-2.813622e+01	-1.268533e+02
6.530000e-06	-3.986328e-06	-1.969188e-09	-2.836037e+01	-1.276728e+02
6.540000e-06	-4.017530e-06	-1.979440e-09	-2.858236e+01	-1.284563e+02
6.550000e-06	-4.048268e-06	-1.987737e-09	-2.880104e+01	-1.292050e+02
6.560000e-06	-4.078526e-06	-1.994849e-09	-2.901631e+01	-1.299199e+02
6.570000e-06	-4.108326e-06	-2.003823e-09	-2.922832e+01	-1.306024e+02
6.580000e-06	-4.137549e-06	-2.013991e-09	-2.943622e+01	-1.312533e+02
6.590000e-06	-4.166271e-06	-2.023600e-09	-2.964056e+01	-1.318739e+02
6.600000e-06	-4.194749e-06	-2.032358e-09	-2.984317e+01	-1.324652e+02
6.610000e-06	-4.222987e-06	-2.040998e-09	-3.004406e+01	-1.330282e+02
6.620000e-06	-4.251019e-06	-2.050568e-09	-3.024349e+01	-1.335641e+02
6.630000e-06	-4.278927e-06	-2.060231e-09	-3.044204e+01	-1.340738e+02
6.640000e-06	-4.306689e-06	-2.066411e-09	-3.063955e+01	-1.345583e+02
6.650000e-06	-4.334183e-06	-2.069647e-09	-3.083515e+01	-1.350187e+02
6.660000e-06	-4.361326e-06	-2.074935e-09	-3.102826e+01	-1.354559e+02
6.670000e-06	-4.388065e-06	-2.082406e-09	-3.121850e+01	-1.358708e+02
6.680000e-06	-4.414412e-06	-2.089204e-09	-3.140594e+01	-1.362645e+02
6.690000e-06	-4.440481e-06	-2.095836e-09	-3.159141e+01	-1.366379e+02
6.700000e-06	-4.466273e-06	-2.103275e-09	-3.177490e+01	-1.369920e+02
6.710000e-06	-4.491787e-06	-2.109610e-09	-3.195642e+01	-1.373275e+02
6.720000e-06	-4.516951e-06	-2.113607e-09	-3.213545e+01	-1.376455e+02
6.730000e-06	-4.541673e-06	-2.116050e-09	-3.231132e+01	-1.379469e+02
6.740000e-06	-4.566133e-06	-2.119214e-09	-3.248534e+01	-1.382325e+02
6.750000e-06	-4.590433e-06	-2.125900e-09	-3.265822e+01	-1.385033e+02
6.760000e-06	-4.614524e-06	-2.132752e-09	-3.282962e+01	-1.387600e+02
6.770000e-06	-4.638441e-06	-2.137085e-09	-3.299977e+01	-1.390035e+02
6.780000e-06	-4.662137e-06	-2.143006e-09	-3.316835e+01	-1.392346e+02
6.790000e-06	-4.685534e-06	-2.149853e-09	-3.333481e+01	-1.394542e+02
6.800000e-06	-4.708534e-06	-2.153954e-09	-3.349844e+01	-1.396629e+02
6.810000e-06	-4.731020e-06	-2.154775e-09	-3.365842e+01	-1.398616e+02
6.820000e-06	-4.753051e-06	-2.157598e-09	-3.381516e+01	-1.400510e+02
6.830000e-06	-4.774533e-06	-2.163573e-09	-3.396798e+01	-1.402318e+02
6.840000e-06	-4.795374e-06	-2.168859e-09	-3.411626e+01	-1.404045e+02
6.850000e-06	-4.815765e-06	-2.168972e-09	-3.426133e+01	-1.405699e+02
6.860000e-06	-4.835935e-06	-2.166726e-09	-3.440483e+01	-1.407285e+02
6.870000e-06	-4.855964e-06	-2.167948e-09	-3.454732e+01	-1.408809e+02
6.880000e-06	-4.875843e-06	-2.172206e-09	-3.468875e+01	-1.410275e+02
6.890000e-06	-4.895542e-06	-2.177497e-09	-3.482889e+01	-1.411689e+02
6.900000e-06	-4.914868e-06	-2.183859e-09	-3.496639e+01	-1.413053e+02
6.910000e-06	-4.933718e-06	-2.191443e-09	-3.510049e+01	-1.414372e+02
6.920000e-06	-4.952201e-06	-2.197532e-09	-3.523199e+01	-1.415649e+02
6.930000e-06	-4.970407e-06	-2.198876e-09	-3.536152e+01	-1.416886e+02
6.940000e-06	-4.988327e-06	-2.196826e-09	-3.548900e+01	-1.418084e+02
6.950000e-06	-5.005917e-06	-2.195017e-09	-3.561415e+01	-1.419247e+02
6.960000e-06	-5.023105e-06	-2.194336e-09	-3.573643e+01	-1.420373e+02
6.970000e-06	-5.039893e-06	-2.195245e-09	-3.585587e+01	-1.421464e+02
6.980000e-06	-5.056289e-06	-2.197941e-09	-3.597252e+01	-1.422520e+02
6.990000e-06	-5.072442e-06	-2.201700e-09	-3.608743e+01	-1.423540e+02
7.000000e-06	-5.088432e-06	-2.204797e-09	-3.620120e+01	-1.424523e+02
7.010000e-06	-5.104182e-06	-2.204250e-09	-3.631325e+01	-1.425467e+02
7.020000e-06	-5.119595e-06	-2.201855e-09	-3.642290e+01	-1.426371e+02
7.030000e-06	-5.134471e-06	-2.201183e-09	-3.652874e+01	-1.427232e+02
7.040000e-06	-5.148741e-06	-2.200690e-09	-3.663026e+01	-1.428049e+02
7.050000e-06	-5.162336e-06	-2.201398e-09	-3.672698e+01	-1.428817e+02
7.060000e-06	-5.175303e-06	-2.202385e-09	-3.681923e+01	-1.429534e+02
7.070000e-06	-5.187862e-06	-2.204064e-09	-3.690858e+01	-1.430197e+02
7.080000e-06	-5.200097e-06	-2.203509e-09	-3.699562e+01	-1.430803e+02
7.090000e-06	-5.212039e-06	-2.199815e-09	-3.708059e+01	-1.431347e+02
7.100000e-06	-5.223679e-06	-2.197107e-09	-3.716340e+01	-1.431828e+02
7.110000e-06	-5.234892e-06	-2.195343e-09	-3.724317e+01	-1.432242e+02
7.120000e-06	-5.245618e-06	-2.193514e-09	-3.731948e+01	-1.432585e+02
7.130000e-06	-5.255934e-06	-2.193468e-09	-3.739287e+01	-1.432855e+02
7.140000e-06	-5.265948e-06	-2.196045e-09	-3.746411e+01	-1.433049e+02
7.150000e-06	-5.275708e-06	-2.198021e-09	-3.753355e+01	-1.433165e+02
7.160000e-06	-5.285139e-06	-2.194533e-09	-3.760065e+01	-1.433201e+02
7.170000e-06	-5.294087e-06	-2.186320e-09	-3.766431e+01	-1.433156e+02
7.180000e-06	-5.302602e-06	-2.178109e-09	-3.772489e+01	-1.433028e+02
7.190000e-06	-5.310824e-06	-2.173545e-09	-3.778338e+01	-1.432817e+02
7.200000e-06	-5.318841e-06	-2.173569e-09	-3.784042e+01	-1.432523e+02
7.210000e-06	-5.326740e-06	-2.176496e-09	-3.789661e+01	-1.432147e+02
7.220000e-06	-5.334431e-06	-2.179328e-09	-3.795133e+01	-1.431690e+02
7.230000e-06	-5.341742e-06	-2.179944e-09	-3.800335e+01	-1.431154e+02
7.240000e-06	-5.348498e-06	-2.177573e-09	-3.805141e+01	-1.430541e+02
7.250000e-06	-5.354649e-06	-2.171397e-09	-3.809517e+01	-1.429855e+02
7.260000e-06	-5.360170e-06	-2.162261e-09	-3.813445e+01	-1.429099e+02
7.270000e-06	-5.365029e-06	-2.155599e-09	-3.816902e+01	-1.428278e+02
7.280000e-06	-5.369421e-06	-2.155157e-09	-3.820027e+01	-1.427397e+02
7.290000e-06	-5.373566e-06	-2.157505e-09	-3.822975e+01	-1.426461e+02
7.300000e-06	-5.377512e-06	-2.159459e-09	-3.825783e+01	-1.425477e+02
7.310000e-06	-5.381274e-06	-2.160211e-09	-3.828460e+01	-1.424451e+02
7.320000e-06	-5.384707e-06	-2.161058e-09	-3.830902e+01	-1.423390e+02
7.330000e-06	-5.387664e-06	-2.160340e-09	-3.833005e+01	-1.422303e+02
7.340000e-06	-5.390196e-06	-2.156864e-09	-3.834806e+01	-1.421195e+02
7.350000e-06	-5.392392e-06	-2.153409e-09	-3.836369e+01	-1.420076e+02
7.360000e-06	-5.394376e-06	-2.151723e-09	-3.837781e+01	-1.418955e+02
7.370000e-06	-5.396058e-06	-2.149022e-09	-3.838977e+01	-1.417838e+02
7.380000e-06	-5.397232e-06	-2.146018e-09	-3.839812e+01	-1.416735e+02
7.390000e-06	-5.397958e-06	-2.145205e-09	-3.840329e+01	-1.415655e+02
7.400000e-06	-5.398392e-06	-2.146725e-09	-3.840637e+01	-1.414604e+02
