# Temperatura_=_5.71
# Concentracion g/m^3_=_4090.0
# C_Vs_to_Am_M_A/Vsm_=_65563218390.804596
# pendiente_HvsI_1/m_=_3716.3
# ordenada_HvsI_A/m_=_1297.0
# frecuencia_Hz_=_135086.93396873563

Tiempo_(s)	Campo_(V.s)	Magnetizacion_(V.s)	Campo_(kA/m)	Magnetizacion_(A/m)
0.000000e+00	-5.415991e-06	-1.336084e-09	-3.838567e+01	-9.096482e+01
1.000000e-08	-5.416260e-06	-1.327158e-09	-3.838758e+01	-9.082243e+01
2.000000e-08	-5.416268e-06	-1.325255e-09	-3.838764e+01	-9.068999e+01
3.000000e-08	-5.416029e-06	-1.324753e-09	-3.838595e+01	-9.056842e+01
4.000000e-08	-5.415473e-06	-1.322228e-09	-3.838201e+01	-9.045855e+01
5.000000e-08	-5.414428e-06	-1.322154e-09	-3.837460e+01	-9.036115e+01
6.000000e-08	-5.412773e-06	-1.329144e-09	-3.836287e+01	-9.027687e+01
7.000000e-08	-5.410428e-06	-1.333915e-09	-3.834625e+01	-9.020628e+01
8.000000e-08	-5.407447e-06	-1.332417e-09	-3.832512e+01	-9.014982e+01
9.000000e-08	-5.403924e-06	-1.317872e-09	-3.830016e+01	-9.010783e+01
1.000000e-07	-5.399981e-06	-1.320552e-09	-3.827221e+01	-9.008052e+01
1.100000e-07	-5.395738e-06	-1.313315e-09	-3.824214e+01	-9.006799e+01
1.200000e-07	-5.391353e-06	-1.342238e-09	-3.821106e+01	-9.007020e+01
1.300000e-07	-5.386804e-06	-1.319432e-09	-3.817882e+01	-9.008699e+01
1.400000e-07	-5.381774e-06	-1.297955e-09	-3.814317e+01	-9.011806e+01
1.500000e-07	-5.376288e-06	-1.322487e-09	-3.810428e+01	-9.016298e+01
1.600000e-07	-5.370439e-06	-1.369043e-09	-3.806283e+01	-9.022120e+01
1.700000e-07	-5.364198e-06	-1.350087e-09	-3.801860e+01	-9.029205e+01
1.800000e-07	-5.357522e-06	-1.292101e-09	-3.797128e+01	-9.037475e+01
1.900000e-07	-5.350416e-06	-1.306670e-09	-3.792092e+01	-9.046837e+01
2.000000e-07	-5.343089e-06	-1.369041e-09	-3.786899e+01	-9.057191e+01
2.100000e-07	-5.335605e-06	-1.375782e-09	-3.781594e+01	-9.068425e+01
2.200000e-07	-5.327864e-06	-1.345622e-09	-3.776108e+01	-9.080421e+01
2.300000e-07	-5.319854e-06	-1.381924e-09	-3.770431e+01	-9.093049e+01
2.400000e-07	-5.311597e-06	-1.434203e-09	-3.764579e+01	-9.106176e+01
2.500000e-07	-5.302876e-06	-1.435466e-09	-3.758398e+01	-9.119661e+01
2.600000e-07	-5.293404e-06	-1.429305e-09	-3.751685e+01	-9.133359e+01
2.700000e-07	-5.283263e-06	-1.481601e-09	-3.744497e+01	-9.147123e+01
2.800000e-07	-5.272622e-06	-1.500928e-09	-3.736955e+01	-9.160802e+01
2.900000e-07	-5.261464e-06	-1.447429e-09	-3.729047e+01	-9.174246e+01
3.000000e-07	-5.249819e-06	-1.433334e-09	-3.720794e+01	-9.187305e+01
3.100000e-07	-5.237732e-06	-1.492701e-09	-3.712227e+01	-9.199833e+01
3.200000e-07	-5.225252e-06	-1.484709e-09	-3.703382e+01	-9.211684e+01
3.300000e-07	-5.212411e-06	-1.453124e-09	-3.694281e+01	-9.222719e+01
3.400000e-07	-5.199292e-06	-1.465088e-09	-3.684983e+01	-9.232804e+01
3.500000e-07	-5.185792e-06	-1.499918e-09	-3.675415e+01	-9.241814e+01
3.600000e-07	-5.171826e-06	-1.469367e-09	-3.665517e+01	-9.249629e+01
3.700000e-07	-5.157512e-06	-1.463138e-09	-3.655372e+01	-9.256141e+01
3.800000e-07	-5.142824e-06	-1.460371e-09	-3.644962e+01	-9.261250e+01
3.900000e-07	-5.127523e-06	-1.440713e-09	-3.634117e+01	-9.264868e+01
4.000000e-07	-5.111432e-06	-1.439358e-09	-3.622713e+01	-9.266919e+01
4.100000e-07	-5.094803e-06	-1.469338e-09	-3.610927e+01	-9.267339e+01
4.200000e-07	-5.078007e-06	-1.458209e-09	-3.599022e+01	-9.266075e+01
4.300000e-07	-5.060882e-06	-1.435900e-09	-3.586885e+01	-9.263090e+01
4.400000e-07	-5.043377e-06	-1.459575e-09	-3.574479e+01	-9.258359e+01
4.500000e-07	-5.025714e-06	-1.468459e-09	-3.561960e+01	-9.251868e+01
4.600000e-07	-5.007741e-06	-1.430210e-09	-3.549222e+01	-9.243622e+01
4.700000e-07	-4.989307e-06	-1.416395e-09	-3.536157e+01	-9.233633e+01
4.800000e-07	-4.970405e-06	-1.432828e-09	-3.522760e+01	-9.221930e+01
4.900000e-07	-4.951129e-06	-1.428346e-09	-3.509098e+01	-9.208552e+01
5.000000e-07	-4.931608e-06	-1.419439e-09	-3.495262e+01	-9.193552e+01
5.100000e-07	-4.911830e-06	-1.417405e-09	-3.481245e+01	-9.176992e+01
5.200000e-07	-4.891782e-06	-1.413027e-09	-3.467036e+01	-9.158946e+01
5.300000e-07	-4.871517e-06	-1.417004e-09	-3.452673e+01	-9.139497e+01
5.400000e-07	-4.851005e-06	-1.427172e-09	-3.438136e+01	-9.118736e+01
5.500000e-07	-4.830202e-06	-1.408979e-09	-3.423392e+01	-9.096764e+01
5.600000e-07	-4.809041e-06	-1.402417e-09	-3.408394e+01	-9.073684e+01
5.700000e-07	-4.787471e-06	-1.421928e-09	-3.393106e+01	-9.049609e+01
5.800000e-07	-4.765575e-06	-1.420827e-09	-3.377587e+01	-9.024653e+01
5.900000e-07	-4.743407e-06	-1.390620e-09	-3.361876e+01	-8.998935e+01
6.000000e-07	-4.720958e-06	-1.384255e-09	-3.345965e+01	-8.972573e+01
6.100000e-07	-4.698169e-06	-1.390930e-09	-3.329813e+01	-8.945687e+01
6.200000e-07	-4.674944e-06	-1.392744e-09	-3.313353e+01	-8.918398e+01
6.300000e-07	-4.651453e-06	-1.386870e-09	-3.296704e+01	-8.890822e+01
6.400000e-07	-4.627762e-06	-1.386900e-09	-3.279913e+01	-8.863073e+01
6.500000e-07	-4.603778e-06	-1.388368e-09	-3.262914e+01	-8.835262e+01
6.600000e-07	-4.579585e-06	-1.395620e-09	-3.245767e+01	-8.807492e+01
6.700000e-07	-4.555208e-06	-1.387306e-09	-3.228490e+01	-8.779862e+01
6.800000e-07	-4.530484e-06	-1.368187e-09	-3.210968e+01	-8.752463e+01
6.900000e-07	-4.505220e-06	-1.357385e-09	-3.193062e+01	-8.725378e+01
7.000000e-07	-4.479378e-06	-1.362118e-09	-3.174746e+01	-8.698683e+01
7.100000e-07	-4.453000e-06	-1.362157e-09	-3.156051e+01	-8.672441e+01
7.200000e-07	-4.426137e-06	-1.362770e-09	-3.137012e+01	-8.646710e+01
7.300000e-07	-4.398856e-06	-1.367567e-09	-3.117676e+01	-8.621534e+01
7.400000e-07	-4.371280e-06	-1.372344e-09	-3.098132e+01	-8.596949e+01
7.500000e-07	-4.343511e-06	-1.368094e-09	-3.078451e+01	-8.572980e+01
7.600000e-07	-4.315567e-06	-1.355405e-09	-3.058646e+01	-8.549640e+01
7.700000e-07	-4.287423e-06	-1.343377e-09	-3.038699e+01	-8.526936e+01
7.800000e-07	-4.259119e-06	-1.340126e-09	-3.018638e+01	-8.504859e+01
7.900000e-07	-4.230568e-06	-1.341253e-09	-2.998402e+01	-8.483395e+01
8.000000e-07	-4.201674e-06	-1.338236e-09	-2.977924e+01	-8.462518e+01
8.100000e-07	-4.172454e-06	-1.334814e-09	-2.957215e+01	-8.442194e+01
8.200000e-07	-4.142853e-06	-1.332660e-09	-2.936235e+01	-8.422382e+01
8.300000e-07	-4.112895e-06	-1.332073e-09	-2.915002e+01	-8.403032e+01
8.400000e-07	-4.082757e-06	-1.326742e-09	-2.893642e+01	-8.384087e+01
8.500000e-07	-4.052478e-06	-1.320893e-09	-2.872182e+01	-8.365485e+01
8.600000e-07	-4.021876e-06	-1.314952e-09	-2.850493e+01	-8.347160e+01
8.700000e-07	-3.990961e-06	-1.315015e-09	-2.828582e+01	-8.329040e+01
8.800000e-07	-3.959730e-06	-1.313360e-09	-2.806447e+01	-8.311052e+01
8.900000e-07	-3.928257e-06	-1.307313e-09	-2.784141e+01	-8.293119e+01
9.000000e-07	-3.896655e-06	-1.295834e-09	-2.761743e+01	-8.275164e+01
9.100000e-07	-3.864882e-06	-1.288988e-09	-2.739224e+01	-8.257111e+01
9.200000e-07	-3.832878e-06	-1.286174e-09	-2.716541e+01	-8.238881e+01
9.300000e-07	-3.800559e-06	-1.286325e-09	-2.693635e+01	-8.220403e+01
9.400000e-07	-3.768030e-06	-1.286053e-09	-2.670580e+01	-8.201603e+01
9.500000e-07	-3.735369e-06	-1.287198e-09	-2.647432e+01	-8.182413e+01
9.600000e-07	-3.702312e-06	-1.287183e-09	-2.624003e+01	-8.162769e+01
9.700000e-07	-3.668764e-06	-1.282172e-09	-2.600226e+01	-8.142614e+01
9.800000e-07	-3.634867e-06	-1.268965e-09	-2.576202e+01	-8.121893e+01
9.900000e-07	-3.600618e-06	-1.256184e-09	-2.551927e+01	-8.100561e+01
1.000000e-06	-3.565933e-06	-1.250605e-09	-2.527345e+01	-8.078576e+01
1.010000e-06	-3.530773e-06	-1.252772e-09	-2.502425e+01	-8.055906e+01
1.020000e-06	-3.495279e-06	-1.255836e-09	-2.477269e+01	-8.032526e+01
1.030000e-06	-3.459541e-06	-1.256071e-09	-2.451940e+01	-8.008417e+01
1.040000e-06	-3.423651e-06	-1.253558e-09	-2.426503e+01	-7.983569e+01
1.050000e-06	-3.387690e-06	-1.250838e-09	-2.401015e+01	-7.957980e+01
1.060000e-06	-3.351590e-06	-1.243589e-09	-2.375430e+01	-7.931653e+01
1.070000e-06	-3.315302e-06	-1.231963e-09	-2.349711e+01	-7.904602e+01
1.080000e-06	-3.278762e-06	-1.221035e-09	-2.323813e+01	-7.876843e+01
1.090000e-06	-3.242015e-06	-1.217313e-09	-2.297769e+01	-7.848404e+01
1.100000e-06	-3.205023e-06	-1.217534e-09	-2.271551e+01	-7.819316e+01
1.110000e-06	-3.167737e-06	-1.213997e-09	-2.245124e+01	-7.789614e+01
1.120000e-06	-3.130274e-06	-1.209235e-09	-2.218572e+01	-7.759342e+01
1.130000e-06	-3.092547e-06	-1.207445e-09	-2.191833e+01	-7.728546e+01
1.140000e-06	-3.054669e-06	-1.207827e-09	-2.164988e+01	-7.697274e+01
1.150000e-06	-3.016628e-06	-1.201810e-09	-2.138026e+01	-7.665580e+01
1.160000e-06	-2.978335e-06	-1.190796e-09	-2.110886e+01	-7.633517e+01
1.170000e-06	-2.939952e-06	-1.181637e-09	-2.083683e+01	-7.601141e+01
1.180000e-06	-2.901485e-06	-1.177763e-09	-2.056419e+01	-7.568507e+01
1.190000e-06	-2.862815e-06	-1.170335e-09	-2.029012e+01	-7.535671e+01
1.200000e-06	-2.823838e-06	-1.163535e-09	-2.001387e+01	-7.502686e+01
1.210000e-06	-2.784543e-06	-1.163330e-09	-1.973537e+01	-7.469604e+01
1.220000e-06	-2.744951e-06	-1.169352e-09	-1.945476e+01	-7.436474e+01
1.230000e-06	-2.705242e-06	-1.170909e-09	-1.917332e+01	-7.403342e+01
1.240000e-06	-2.665487e-06	-1.163656e-09	-1.889156e+01	-7.370247e+01
1.250000e-06	-2.625621e-06	-1.152230e-09	-1.860901e+01	-7.337228e+01
1.260000e-06	-2.585656e-06	-1.144645e-09	-1.832576e+01	-7.304314e+01
1.270000e-06	-2.545531e-06	-1.139396e-09	-1.804138e+01	-7.271531e+01
1.280000e-06	-2.505290e-06	-1.132674e-09	-1.775617e+01	-7.238898e+01
1.290000e-06	-2.465022e-06	-1.128896e-09	-1.747077e+01	-7.206428e+01
1.300000e-06	-2.424632e-06	-1.128803e-09	-1.718451e+01	-7.174126e+01
1.310000e-06	-2.384037e-06	-1.127078e-09	-1.689679e+01	-7.141991e+01
1.320000e-06	-2.343158e-06	-1.122106e-09	-1.660706e+01	-7.110016e+01
1.330000e-06	-2.302070e-06	-1.116048e-09	-1.631585e+01	-7.078186e+01
1.340000e-06	-2.260740e-06	-1.112440e-09	-1.602293e+01	-7.046479e+01
1.350000e-06	-2.219060e-06	-1.109321e-09	-1.572752e+01	-7.014867e+01
1.360000e-06	-2.177098e-06	-1.103223e-09	-1.543012e+01	-6.983316e+01
1.370000e-06	-2.134884e-06	-1.092867e-09	-1.513092e+01	-6.951786e+01
1.380000e-06	-2.092345e-06	-1.083694e-09	-1.482944e+01	-6.920230e+01
1.390000e-06	-2.049609e-06	-1.077883e-09	-1.452655e+01	-6.888599e+01
1.400000e-06	-2.006724e-06	-1.073611e-09	-1.422260e+01	-6.856838e+01
1.410000e-06	-1.963546e-06	-1.068115e-09	-1.391657e+01	-6.824886e+01
1.420000e-06	-1.920159e-06	-1.063284e-09	-1.360907e+01	-6.792682e+01
1.430000e-06	-1.876608e-06	-1.061608e-09	-1.330040e+01	-6.760160e+01
1.440000e-06	-1.832924e-06	-1.059628e-09	-1.299080e+01	-6.727254e+01
1.450000e-06	-1.789171e-06	-1.054342e-09	-1.268070e+01	-6.693894e+01
1.460000e-06	-1.745403e-06	-1.045535e-09	-1.237049e+01	-6.660013e+01
1.470000e-06	-1.701554e-06	-1.038207e-09	-1.205971e+01	-6.625541e+01
1.480000e-06	-1.657588e-06	-1.032926e-09	-1.174810e+01	-6.590409e+01
1.490000e-06	-1.613544e-06	-1.029310e-09	-1.143595e+01	-6.554551e+01
1.500000e-06	-1.569409e-06	-1.024820e-09	-1.112314e+01	-6.517901e+01
1.510000e-06	-1.525216e-06	-1.022060e-09	-1.080993e+01	-6.480396e+01
1.520000e-06	-1.481007e-06	-1.017066e-09	-1.049659e+01	-6.441976e+01
1.530000e-06	-1.436763e-06	-1.007529e-09	-1.018301e+01	-6.402585e+01
1.540000e-06	-1.392381e-06	-9.979025e-10	-9.868459e+00	-6.362169e+01
1.550000e-06	-1.347965e-06	-9.902469e-10	-9.553661e+00	-6.320679e+01
1.560000e-06	-1.303508e-06	-9.844957e-10	-9.238578e+00	-6.278069e+01
1.570000e-06	-1.258901e-06	-9.798273e-10	-8.922427e+00	-6.234300e+01
1.580000e-06	-1.214151e-06	-9.738182e-10	-8.605259e+00	-6.189334e+01
1.590000e-06	-1.169317e-06	-9.679164e-10	-8.287497e+00	-6.143139e+01
1.600000e-06	-1.124393e-06	-9.636644e-10	-7.969105e+00	-6.095688e+01
1.610000e-06	-1.079345e-06	-9.563641e-10	-7.649826e+00	-6.046955e+01
1.620000e-06	-1.034214e-06	-9.433198e-10	-7.329960e+00	-5.996921e+01
1.630000e-06	-9.889635e-07	-9.308641e-10	-7.009250e+00	-5.945570e+01
1.640000e-06	-9.436853e-07	-9.222185e-10	-6.688342e+00	-5.892886e+01
1.650000e-06	-8.983627e-07	-9.127710e-10	-6.367119e+00	-5.838860e+01
1.660000e-06	-8.529405e-07	-9.009580e-10	-6.045191e+00	-5.783481e+01
1.670000e-06	-8.074806e-07	-8.924602e-10	-5.722995e+00	-5.726742e+01
1.680000e-06	-7.619826e-07	-8.891531e-10	-5.400530e+00	-5.668637e+01
1.690000e-06	-7.164056e-07	-8.840855e-10	-5.077503e+00	-5.609159e+01
1.700000e-06	-6.707448e-07	-8.719736e-10	-4.753884e+00	-5.548302e+01
1.710000e-06	-6.249548e-07	-8.580773e-10	-4.429349e+00	-5.486057e+01
1.720000e-06	-5.790235e-07	-8.492939e-10	-4.103812e+00	-5.422416e+01
1.730000e-06	-5.331609e-07	-8.428808e-10	-3.778762e+00	-5.357366e+01
1.740000e-06	-4.874811e-07	-8.326400e-10	-3.455008e+00	-5.290893e+01
1.750000e-06	-4.418066e-07	-8.195297e-10	-3.131292e+00	-5.222979e+01
1.760000e-06	-3.960232e-07	-8.100245e-10	-2.806803e+00	-5.153602e+01
1.770000e-06	-3.501736e-07	-8.003497e-10	-2.481845e+00	-5.082734e+01
1.780000e-06	-3.042897e-07	-7.864667e-10	-2.156645e+00	-5.010344e+01
1.790000e-06	-2.584132e-07	-7.726553e-10	-1.831496e+00	-4.936394e+01
1.800000e-06	-2.124635e-07	-7.625932e-10	-1.505829e+00	-4.860841e+01
1.810000e-06	-1.664494e-07	-7.533681e-10	-1.179705e+00	-4.783636e+01
1.820000e-06	-1.204489e-07	-7.408874e-10	-8.536779e-01	-4.704723e+01
1.830000e-06	-7.446489e-08	-7.250054e-10	-5.277677e-01	-4.624042e+01
1.840000e-06	-2.854476e-08	-7.107102e-10	-2.023101e-01	-4.541524e+01
1.850000e-06	1.729547e-08	-7.004339e-10	1.225811e-01	-4.457095e+01
1.860000e-06	6.315831e-08	-6.900182e-10	4.476326e-01	-4.370676e+01
1.870000e-06	1.090452e-07	-6.776127e-10	7.728546e-01	-4.282183e+01
1.880000e-06	1.549188e-07	-6.661940e-10	1.097983e+00	-4.191524e+01
1.890000e-06	2.008285e-07	-6.554841e-10	1.423366e+00	-4.098607e+01
1.900000e-06	2.467348e-07	-6.398537e-10	1.748726e+00	-4.003332e+01
1.910000e-06	2.926939e-07	-6.178639e-10	2.074460e+00	-3.905598e+01
1.920000e-06	3.386920e-07	-5.969801e-10	2.400470e+00	-3.805302e+01
1.930000e-06	3.846021e-07	-5.806271e-10	2.725856e+00	-3.702339e+01
1.940000e-06	4.304867e-07	-5.637640e-10	3.051062e+00	-3.596604e+01
1.950000e-06	4.763955e-07	-5.435348e-10	3.376439e+00	-3.487990e+01
1.960000e-06	5.222194e-07	-5.252926e-10	3.701214e+00	-3.376397e+01
1.970000e-06	5.679184e-07	-5.109993e-10	4.025105e+00	-3.261722e+01
1.980000e-06	6.135432e-07	-4.948858e-10	4.348470e+00	-3.143869e+01
1.990000e-06	6.590878e-07	-4.740524e-10	4.671266e+00	-3.022748e+01
2.000000e-06	7.046088e-07	-4.508430e-10	4.993894e+00	-2.898272e+01
2.010000e-06	7.501500e-07	-4.287369e-10	5.316666e+00	-2.770364e+01
2.020000e-06	7.956539e-07	-4.103921e-10	5.639174e+00	-2.638954e+01
2.030000e-06	8.411255e-07	-3.921484e-10	5.961452e+00	-2.503982e+01
2.040000e-06	8.865807e-07	-3.705330e-10	6.283615e+00	-2.365400e+01
2.050000e-06	9.319616e-07	-3.498193e-10	6.605250e+00	-2.223170e+01
2.060000e-06	9.771702e-07	-3.307036e-10	6.925666e+00	-2.077266e+01
2.070000e-06	1.022229e-06	-3.080683e-10	7.245019e+00	-1.927678e+01
2.080000e-06	1.067276e-06	-2.806483e-10	7.564289e+00	-1.774409e+01
2.090000e-06	1.112188e-06	-2.517824e-10	7.882597e+00	-1.617475e+01
2.100000e-06	1.156931e-06	-2.272043e-10	8.199713e+00	-1.456910e+01
2.110000e-06	1.201678e-06	-2.062519e-10	8.516860e+00	-1.292764e+01
2.120000e-06	1.246302e-06	-1.823197e-10	8.833127e+00	-1.125102e+01
2.130000e-06	1.290715e-06	-1.570468e-10	9.147904e+00	-9.540046e+00
2.140000e-06	1.335048e-06	-1.341046e-10	9.462116e+00	-7.795716e+00
2.150000e-06	1.379356e-06	-1.100517e-10	9.776142e+00	-6.019174e+00
2.160000e-06	1.423642e-06	-8.208204e-11	1.009002e+01	-4.211732e+00
2.170000e-06	1.467883e-06	-5.207091e-11	1.040358e+01	-2.374862e+00
2.180000e-06	1.512032e-06	-2.305630e-11	1.071648e+01	-5.101926e-01
2.190000e-06	1.556110e-06	4.582438e-12	1.102888e+01	1.380501e+00
2.200000e-06	1.600144e-06	3.489535e-11	1.134098e+01	3.295298e+00
2.210000e-06	1.644118e-06	6.720523e-11	1.165264e+01	5.232147e+00
2.220000e-06	1.688034e-06	9.700541e-11	1.196389e+01	7.188867e+00
2.230000e-06	1.731932e-06	1.244616e-10	1.227502e+01	9.163166e+00
2.240000e-06	1.775758e-06	1.542657e-10	1.258563e+01	1.115265e+01
2.250000e-06	1.819518e-06	1.863805e-10	1.289578e+01	1.315482e+01
2.260000e-06	1.863182e-06	2.175802e-10	1.320525e+01	1.516713e+01
2.270000e-06	1.906682e-06	2.476376e-10	1.351355e+01	1.718694e+01
2.280000e-06	1.950013e-06	2.800579e-10	1.382066e+01	1.921157e+01
2.290000e-06	1.993174e-06	3.149334e-10	1.412656e+01	2.123831e+01
2.300000e-06	2.036214e-06	3.466208e-10	1.443161e+01	2.326441e+01
2.310000e-06	2.079015e-06	3.745269e-10	1.473496e+01	2.528715e+01
2.320000e-06	2.121504e-06	4.027502e-10	1.503610e+01	2.730378e+01
2.330000e-06	2.163814e-06	4.336401e-10	1.533597e+01	2.931160e+01
2.340000e-06	2.205873e-06	4.629116e-10	1.563406e+01	3.130793e+01
2.350000e-06	2.247525e-06	4.888554e-10	1.592927e+01	3.329017e+01
2.360000e-06	2.288890e-06	5.167653e-10	1.622244e+01	3.525575e+01
2.370000e-06	2.329955e-06	5.488368e-10	1.651349e+01	3.720220e+01
2.380000e-06	2.370757e-06	5.819323e-10	1.680267e+01	3.912714e+01
2.390000e-06	2.411364e-06	6.119593e-10	1.709047e+01	4.102829e+01
2.400000e-06	2.451761e-06	6.394167e-10	1.737678e+01	4.290349e+01
2.410000e-06	2.492011e-06	6.680703e-10	1.766205e+01	4.475069e+01
2.420000e-06	2.532108e-06	6.965772e-10	1.794624e+01	4.656798e+01
2.430000e-06	2.572129e-06	7.236348e-10	1.822989e+01	4.835358e+01
2.440000e-06	2.612144e-06	7.496818e-10	1.851349e+01	5.010587e+01
2.450000e-06	2.652105e-06	7.750319e-10	1.879672e+01	5.182335e+01
2.460000e-06	2.691947e-06	8.014203e-10	1.907910e+01	5.350471e+01
2.470000e-06	2.731587e-06	8.260908e-10	1.936005e+01	5.514876e+01
2.480000e-06	2.771039e-06	8.484256e-10	1.963965e+01	5.675449e+01
2.490000e-06	2.810280e-06	8.724386e-10	1.991777e+01	5.832103e+01
2.500000e-06	2.849333e-06	8.978365e-10	2.019457e+01	5.984768e+01
2.510000e-06	2.888159e-06	9.221045e-10	2.046974e+01	6.133388e+01
2.520000e-06	2.926672e-06	9.461561e-10	2.074270e+01	6.277922e+01
2.530000e-06	2.965041e-06	9.707992e-10	2.101464e+01	6.418344e+01
2.540000e-06	3.003226e-06	9.946658e-10	2.128528e+01	6.554640e+01
2.550000e-06	3.041151e-06	1.014421e-09	2.155407e+01	6.686811e+01
2.560000e-06	3.078874e-06	1.030182e-09	2.182143e+01	6.814870e+01
2.570000e-06	3.116453e-06	1.046969e-09	2.208777e+01	6.938842e+01
2.580000e-06	3.153871e-06	1.065585e-09	2.235297e+01	7.058762e+01
2.590000e-06	3.191068e-06	1.082663e-09	2.261660e+01	7.174675e+01
2.600000e-06	3.227965e-06	1.099589e-09	2.287811e+01	7.286636e+01
2.610000e-06	3.264584e-06	1.118447e-09	2.313764e+01	7.394707e+01
2.620000e-06	3.301091e-06	1.138454e-09	2.339639e+01	7.498956e+01
2.630000e-06	3.337381e-06	1.156473e-09	2.365359e+01	7.599460e+01
2.640000e-06	3.373450e-06	1.170254e-09	2.390923e+01	7.696299e+01
2.650000e-06	3.409438e-06	1.183224e-09	2.416429e+01	7.789557e+01
2.660000e-06	3.445345e-06	1.196460e-09	2.441878e+01	7.879322e+01
2.670000e-06	3.481168e-06	1.206319e-09	2.467268e+01	7.965685e+01
2.680000e-06	3.516812e-06	1.213149e-09	2.492530e+01	8.048736e+01
2.690000e-06	3.552132e-06	1.224426e-09	2.517563e+01	8.128569e+01
2.700000e-06	3.587099e-06	1.241771e-09	2.542346e+01	8.205274e+01
2.710000e-06	3.621744e-06	1.258086e-09	2.566901e+01	8.278945e+01
2.720000e-06	3.655946e-06	1.268611e-09	2.591141e+01	8.349671e+01
2.730000e-06	3.689770e-06	1.276206e-09	2.615114e+01	8.417541e+01
2.740000e-06	3.723112e-06	1.288485e-09	2.638745e+01	8.482640e+01
2.750000e-06	3.755875e-06	1.301597e-09	2.661965e+01	8.545051e+01
2.760000e-06	3.788317e-06	1.307976e-09	2.684959e+01	8.604857e+01
2.770000e-06	3.820532e-06	1.312385e-09	2.707791e+01	8.662133e+01
2.780000e-06	3.852583e-06	1.321556e-09	2.730507e+01	8.716953e+01
2.790000e-06	3.884546e-06	1.332451e-09	2.753160e+01	8.769389e+01
2.800000e-06	3.916414e-06	1.337613e-09	2.775747e+01	8.819508e+01
2.810000e-06	3.947999e-06	1.337632e-09	2.798133e+01	8.867373e+01
2.820000e-06	3.979327e-06	1.340191e-09	2.820336e+01	8.913046e+01
2.830000e-06	4.010332e-06	1.349887e-09	2.842311e+01	8.956585e+01
2.840000e-06	4.040978e-06	1.358891e-09	2.864031e+01	8.998044e+01
2.850000e-06	4.071430e-06	1.362460e-09	2.885614e+01	9.037477e+01
2.860000e-06	4.101604e-06	1.366113e-09	2.907000e+01	9.074934e+01
2.870000e-06	4.131512e-06	1.372321e-09	2.928197e+01	9.110465e+01
2.880000e-06	4.161212e-06	1.379079e-09	2.949247e+01	9.144118e+01
2.890000e-06	4.190615e-06	1.380374e-09	2.970086e+01	9.175938e+01
2.900000e-06	4.219556e-06	1.379997e-09	2.990598e+01	9.205973e+01
2.910000e-06	4.248115e-06	1.386868e-09	3.010839e+01	9.234267e+01
2.920000e-06	4.276453e-06	1.395995e-09	3.030924e+01	9.260867e+01
2.930000e-06	4.304619e-06	1.398096e-09	3.050886e+01	9.285820e+01
2.940000e-06	4.332666e-06	1.397281e-09	3.070764e+01	9.309173e+01
2.950000e-06	4.360634e-06	1.400126e-09	3.090586e+01	9.330973e+01
2.960000e-06	4.388444e-06	1.404955e-09	3.110297e+01	9.351272e+01
2.970000e-06	4.415951e-06	1.408278e-09	3.129792e+01	9.370118e+01
2.980000e-06	4.443011e-06	1.407709e-09	3.148971e+01	9.387567e+01
2.990000e-06	4.469644e-06	1.409780e-09	3.167847e+01	9.403671e+01
3.000000e-06	4.495766e-06	1.417774e-09	3.186361e+01	9.418487e+01
3.010000e-06	4.521152e-06	1.423129e-09	3.204354e+01	9.432074e+01
3.020000e-06	4.545971e-06	1.420448e-09	3.221944e+01	9.444490e+01
3.030000e-06	4.570446e-06	1.417252e-09	3.239290e+01	9.455798e+01
3.040000e-06	4.594673e-06	1.420172e-09	3.256461e+01	9.466059e+01
3.050000e-06	4.618705e-06	1.423351e-09	3.273494e+01	9.475337e+01
3.060000e-06	4.642543e-06	1.421603e-09	3.290389e+01	9.483696e+01
3.070000e-06	4.666125e-06	1.419930e-09	3.307103e+01	9.491202e+01
3.080000e-06	4.689314e-06	1.424675e-09	3.323538e+01	9.497920e+01
3.090000e-06	4.712113e-06	1.429984e-09	3.339696e+01	9.503914e+01
3.100000e-06	4.734607e-06	1.427991e-09	3.355639e+01	9.509248e+01
3.110000e-06	4.756823e-06	1.424463e-09	3.371385e+01	9.513985e+01
3.120000e-06	4.778743e-06	1.426342e-09	3.386920e+01	9.518185e+01
3.130000e-06	4.800287e-06	1.430145e-09	3.402190e+01	9.521908e+01
3.140000e-06	4.821551e-06	1.430761e-09	3.417261e+01	9.525209e+01
3.150000e-06	4.842575e-06	1.429006e-09	3.432161e+01	9.528141e+01
3.160000e-06	4.863180e-06	1.428799e-09	3.446765e+01	9.530753e+01
3.170000e-06	4.883422e-06	1.430877e-09	3.461111e+01	9.533090e+01
3.180000e-06	4.903500e-06	1.431417e-09	3.475341e+01	9.535192e+01
3.190000e-06	4.923407e-06	1.428531e-09	3.489450e+01	9.537095e+01
3.200000e-06	4.943125e-06	1.426098e-09	3.503425e+01	9.538827e+01
3.210000e-06	4.962560e-06	1.425992e-09	3.517200e+01	9.540415e+01
3.220000e-06	4.981604e-06	1.421988e-09	3.530697e+01	9.541876e+01
3.230000e-06	5.000171e-06	1.416565e-09	3.543857e+01	9.543222e+01
3.240000e-06	5.018182e-06	1.415033e-09	3.556622e+01	9.544461e+01
3.250000e-06	5.035826e-06	1.418158e-09	3.569127e+01	9.545593e+01
3.260000e-06	5.053231e-06	1.423004e-09	3.581463e+01	9.546611e+01
3.270000e-06	5.070353e-06	1.425317e-09	3.593598e+01	9.547505e+01
3.280000e-06	5.087216e-06	1.424764e-09	3.605549e+01	9.548256e+01
3.290000e-06	5.103803e-06	1.424318e-09	3.617305e+01	9.548842e+01
3.300000e-06	5.119915e-06	1.422445e-09	3.628725e+01	9.549235e+01
3.310000e-06	5.135345e-06	1.418968e-09	3.639661e+01	9.549402e+01
3.320000e-06	5.150191e-06	1.417675e-09	3.650183e+01	9.549306e+01
3.330000e-06	5.164754e-06	1.419033e-09	3.660505e+01	9.548906e+01
3.340000e-06	5.179030e-06	1.421021e-09	3.670622e+01	9.548158e+01
3.350000e-06	5.192909e-06	1.421103e-09	3.680459e+01	9.547017e+01
3.360000e-06	5.206411e-06	1.419558e-09	3.690029e+01	9.545434e+01
3.370000e-06	5.219497e-06	1.415819e-09	3.699303e+01	9.543360e+01
3.380000e-06	5.232191e-06	1.411065e-09	3.708300e+01	9.540747e+01
3.390000e-06	5.244559e-06	1.407317e-09	3.717066e+01	9.537546e+01
3.400000e-06	5.256588e-06	1.405931e-09	3.725591e+01	9.533711e+01
3.410000e-06	5.268262e-06	1.409766e-09	3.733866e+01	9.529196e+01
3.420000e-06	5.279558e-06	1.413783e-09	3.741871e+01	9.523961e+01
3.430000e-06	5.290379e-06	1.414012e-09	3.749541e+01	9.517968e+01
3.440000e-06	5.300515e-06	1.410183e-09	3.756724e+01	9.511184e+01
3.450000e-06	5.309992e-06	1.405985e-09	3.763442e+01	9.503581e+01
3.460000e-06	5.318913e-06	1.403943e-09	3.769764e+01	9.495139e+01
3.470000e-06	5.327345e-06	1.403299e-09	3.775741e+01	9.485841e+01
3.480000e-06	5.335503e-06	1.405525e-09	3.781522e+01	9.475681e+01
3.490000e-06	5.343413e-06	1.411596e-09	3.787129e+01	9.464659e+01
3.500000e-06	5.351081e-06	1.418203e-09	3.792563e+01	9.452782e+01
3.510000e-06	5.358424e-06	1.418663e-09	3.797767e+01	9.440068e+01
3.520000e-06	5.365385e-06	1.412351e-09	3.802701e+01	9.426542e+01
3.530000e-06	5.371985e-06	1.403491e-09	3.807379e+01	9.412238e+01
3.540000e-06	5.378194e-06	1.398428e-09	3.811779e+01	9.397198e+01
3.550000e-06	5.384059e-06	1.397704e-09	3.815936e+01	9.381475e+01
3.560000e-06	5.389674e-06	1.398898e-09	3.819915e+01	9.365127e+01
3.570000e-06	5.394804e-06	1.403383e-09	3.823552e+01	9.348224e+01
3.580000e-06	5.399417e-06	1.407966e-09	3.826821e+01	9.330842e+01
3.590000e-06	5.403751e-06	1.407852e-09	3.829893e+01	9.313063e+01
3.600000e-06	5.407832e-06	1.405565e-09	3.832785e+01	9.294978e+01
3.610000e-06	5.411711e-06	1.402205e-09	3.835535e+01	9.276682e+01
3.620000e-06	5.415264e-06	1.399492e-09	3.838053e+01	9.258278e+01
3.630000e-06	5.418426e-06	1.396671e-09	3.840294e+01	9.239871e+01
3.640000e-06	5.421086e-06	1.396371e-09	3.842179e+01	9.221570e+01
3.650000e-06	5.423217e-06	1.399916e-09	3.843689e+01	9.203488e+01
3.660000e-06	5.424837e-06	1.404843e-09	3.844837e+01	9.185736e+01
3.670000e-06	5.425800e-06	1.407767e-09	3.845520e+01	9.168429e+01
3.680000e-06	5.426251e-06	1.407992e-09	3.845840e+01	9.151680e+01
3.690000e-06	5.426477e-06	1.405670e-09	3.846000e+01	9.135599e+01
3.700000e-06	5.426451e-06	1.403911e-09	3.845981e+01	9.120296e+01
3.710000e-06	5.426125e-06	1.401557e-09	3.845750e+01	9.105873e+01
3.720000e-06	5.425472e-06	1.397571e-09	3.845288e+01	9.092430e+01
3.730000e-06	5.424462e-06	1.394791e-09	3.844572e+01	9.080059e+01
3.740000e-06	5.423086e-06	1.390169e-09	3.843596e+01	9.068845e+01
3.750000e-06	5.421353e-06	1.383744e-09	3.842368e+01	9.058866e+01
3.760000e-06	5.419369e-06	1.371959e-09	3.840962e+01	9.050188e+01
3.770000e-06	5.417115e-06	1.362450e-09	3.839364e+01	9.042871e+01
3.780000e-06	5.414514e-06	1.354191e-09	3.837521e+01	9.036960e+01
3.790000e-06	5.411466e-06	1.340182e-09	3.835361e+01	9.032491e+01
3.800000e-06	5.407925e-06	1.354212e-09	3.832851e+01	9.029488e+01
3.810000e-06	5.403984e-06	1.320554e-09	3.830058e+01	9.027962e+01
3.820000e-06	5.399833e-06	1.317506e-09	3.827116e+01	9.027911e+01
3.830000e-06	5.395519e-06	1.344988e-09	3.824059e+01	9.029322e+01
3.840000e-06	5.390683e-06	1.338596e-09	3.820631e+01	9.032166e+01
3.850000e-06	5.385137e-06	1.310069e-09	3.816700e+01	9.036404e+01
3.860000e-06	5.379246e-06	1.288064e-09	3.812525e+01	9.041982e+01
3.870000e-06	5.373109e-06	1.347157e-09	3.808175e+01	9.048836e+01
3.880000e-06	5.366436e-06	1.349853e-09	3.803446e+01	9.056887e+01
3.890000e-06	5.359147e-06	1.295264e-09	3.798280e+01	9.066047e+01
3.900000e-06	5.351460e-06	1.274050e-09	3.792831e+01	9.076216e+01
3.910000e-06	5.343481e-06	1.346943e-09	3.787177e+01	9.087285e+01
3.920000e-06	5.335162e-06	1.345727e-09	3.781280e+01	9.099136e+01
3.930000e-06	5.326530e-06	1.266666e-09	3.775162e+01	9.111641e+01
3.940000e-06	5.317550e-06	1.265852e-09	3.768798e+01	9.124668e+01
3.950000e-06	5.308248e-06	1.356274e-09	3.762205e+01	9.138076e+01
3.960000e-06	5.298474e-06	1.348072e-09	3.755278e+01	9.151722e+01
3.970000e-06	5.288241e-06	1.285490e-09	3.748026e+01	9.165459e+01
3.980000e-06	5.277760e-06	1.334466e-09	3.740597e+01	9.179135e+01
3.990000e-06	5.266903e-06	1.441349e-09	3.732902e+01	9.192602e+01
4.000000e-06	5.255602e-06	1.435714e-09	3.724893e+01	9.205709e+01
4.010000e-06	5.243918e-06	1.397637e-09	3.716612e+01	9.218309e+01
4.020000e-06	5.231891e-06	1.478405e-09	3.708088e+01	9.230255e+01
4.030000e-06	5.219412e-06	1.522302e-09	3.699243e+01	9.241409e+01
4.040000e-06	5.206515e-06	1.446796e-09	3.690103e+01	9.251635e+01
4.050000e-06	5.193243e-06	1.399105e-09	3.680696e+01	9.260806e+01
4.060000e-06	5.179293e-06	1.461350e-09	3.670809e+01	9.268801e+01
4.070000e-06	5.164628e-06	1.464894e-09	3.660415e+01	9.275511e+01
4.080000e-06	5.149515e-06	1.428040e-09	3.649703e+01	9.280833e+01
4.090000e-06	5.134005e-06	1.446809e-09	3.638711e+01	9.284679e+01
4.100000e-06	5.118166e-06	1.461057e-09	3.627485e+01	9.286969e+01
4.110000e-06	5.102053e-06	1.428858e-09	3.616065e+01	9.287638e+01
4.120000e-06	5.085686e-06	1.439600e-09	3.604465e+01	9.286631e+01
4.130000e-06	5.068991e-06	1.440053e-09	3.592633e+01	9.283908e+01
4.140000e-06	5.051959e-06	1.400058e-09	3.580561e+01	9.279442e+01
4.150000e-06	5.034596e-06	1.395686e-09	3.568255e+01	9.273218e+01
4.160000e-06	5.016871e-06	1.445878e-09	3.555693e+01	9.265237e+01
4.170000e-06	4.998860e-06	1.433153e-09	3.542928e+01	9.255510e+01
4.180000e-06	4.980501e-06	1.407488e-09	3.529915e+01	9.244063e+01
4.190000e-06	4.961760e-06	1.427115e-09	3.516633e+01	9.230935e+01
4.200000e-06	4.942623e-06	1.431732e-09	3.503069e+01	9.216174e+01
4.210000e-06	4.923084e-06	1.405057e-09	3.489221e+01	9.199842e+01
4.220000e-06	4.903310e-06	1.402191e-09	3.475206e+01	9.182012e+01
4.230000e-06	4.883387e-06	1.396344e-09	3.461086e+01	9.162764e+01
4.240000e-06	4.863244e-06	1.391317e-09	3.446810e+01	9.142189e+01
4.250000e-06	4.842738e-06	1.412322e-09	3.432276e+01	9.120384e+01
4.260000e-06	4.821842e-06	1.404767e-09	3.417467e+01	9.097455e+01
4.270000e-06	4.800556e-06	1.377160e-09	3.402380e+01	9.073511e+01
4.280000e-06	4.778745e-06	1.383988e-09	3.386921e+01	9.048667e+01
4.290000e-06	4.756423e-06	1.391881e-09	3.371101e+01	9.023040e+01
4.300000e-06	4.733531e-06	1.361454e-09	3.354876e+01	8.996750e+01
4.310000e-06	4.710175e-06	1.352256e-09	3.338323e+01	8.969917e+01
4.320000e-06	4.686546e-06	1.366327e-09	3.321575e+01	8.942660e+01
4.330000e-06	4.662668e-06	1.367304e-09	3.304652e+01	8.915097e+01
4.340000e-06	4.638549e-06	1.359135e-09	3.287558e+01	8.887343e+01
4.350000e-06	4.614177e-06	1.351010e-09	3.270285e+01	8.859507e+01
4.360000e-06	4.589520e-06	1.335225e-09	3.252809e+01	8.831697e+01
4.370000e-06	4.564520e-06	1.334505e-09	3.235090e+01	8.804010e+01
4.380000e-06	4.539262e-06	1.334873e-09	3.217189e+01	8.776540e+01
4.390000e-06	4.513698e-06	1.324068e-09	3.199070e+01	8.749371e+01
4.400000e-06	4.487798e-06	1.319517e-09	3.180714e+01	8.722579e+01
4.410000e-06	4.461639e-06	1.331297e-09	3.162174e+01	8.696231e+01
4.420000e-06	4.435141e-06	1.330776e-09	3.143393e+01	8.670384e+01
4.430000e-06	4.408240e-06	1.319089e-09	3.124327e+01	8.645086e+01
4.440000e-06	4.381009e-06	1.307747e-09	3.105028e+01	8.620374e+01
4.450000e-06	4.353518e-06	1.306204e-09	3.085543e+01	8.596274e+01
4.460000e-06	4.325774e-06	1.307337e-09	3.065879e+01	8.572802e+01
4.470000e-06	4.297861e-06	1.302521e-09	3.046096e+01	8.549965e+01
4.480000e-06	4.269822e-06	1.294616e-09	3.026224e+01	8.527758e+01
4.490000e-06	4.241614e-06	1.301263e-09	3.006232e+01	8.506166e+01
4.500000e-06	4.213098e-06	1.311298e-09	2.986021e+01	8.485167e+01
4.510000e-06	4.184186e-06	1.307349e-09	2.965530e+01	8.464727e+01
4.520000e-06	4.154825e-06	1.296962e-09	2.944720e+01	8.444806e+01
4.530000e-06	4.124959e-06	1.293212e-09	2.923553e+01	8.425356e+01
4.540000e-06	4.094513e-06	1.294391e-09	2.901974e+01	8.406321e+01
4.550000e-06	4.063493e-06	1.291370e-09	2.879989e+01	8.387640e+01
4.560000e-06	4.032098e-06	1.281218e-09	2.857738e+01	8.369246e+01
4.570000e-06	4.000461e-06	1.272700e-09	2.835315e+01	8.351071e+01
4.580000e-06	3.968687e-06	1.275861e-09	2.812795e+01	8.333039e+01
4.590000e-06	3.936762e-06	1.280348e-09	2.790169e+01	8.315075e+01
4.600000e-06	3.904682e-06	1.277051e-09	2.767432e+01	8.297103e+01
4.610000e-06	3.872450e-06	1.270305e-09	2.744587e+01	8.279044e+01
4.620000e-06	3.839967e-06	1.268461e-09	2.721566e+01	8.260823e+01
4.630000e-06	3.807107e-06	1.265794e-09	2.698276e+01	8.242364e+01
4.640000e-06	3.773923e-06	1.257568e-09	2.674757e+01	8.223595e+01
4.650000e-06	3.740550e-06	1.245219e-09	2.651104e+01	8.204448e+01
4.660000e-06	3.706908e-06	1.241121e-09	2.627260e+01	8.184858e+01
4.670000e-06	3.673046e-06	1.242676e-09	2.603261e+01	8.164765e+01
4.680000e-06	3.638985e-06	1.243478e-09	2.579120e+01	8.144115e+01
4.690000e-06	3.604621e-06	1.238578e-09	2.554765e+01	8.122861e+01
4.700000e-06	3.570012e-06	1.234705e-09	2.530235e+01	8.100960e+01
4.710000e-06	3.535156e-06	1.233018e-09	2.505532e+01	8.078380e+01
4.720000e-06	3.500047e-06	1.228829e-09	2.480648e+01	8.055093e+01
4.730000e-06	3.464726e-06	1.221713e-09	2.455614e+01	8.031080e+01
4.740000e-06	3.429194e-06	1.217008e-09	2.430431e+01	8.006329e+01
4.750000e-06	3.393479e-06	1.216807e-09	2.405118e+01	7.980836e+01
4.760000e-06	3.357595e-06	1.217620e-09	2.379686e+01	7.954605e+01
4.770000e-06	3.321600e-06	1.213308e-09	2.354174e+01	7.927646e+01
4.780000e-06	3.285451e-06	1.206681e-09	2.328554e+01	7.899977e+01
4.790000e-06	3.249046e-06	1.201137e-09	2.302752e+01	7.871623e+01
4.800000e-06	3.212422e-06	1.196633e-09	2.276795e+01	7.842613e+01
4.810000e-06	3.175504e-06	1.191682e-09	2.250629e+01	7.812985e+01
4.820000e-06	3.138302e-06	1.188005e-09	2.224263e+01	7.782778e+01
4.830000e-06	3.100818e-06	1.186394e-09	2.197696e+01	7.752039e+01
4.840000e-06	3.062896e-06	1.185973e-09	2.170819e+01	7.720816e+01
4.850000e-06	3.024569e-06	1.184990e-09	2.143655e+01	7.689162e+01
4.860000e-06	2.985921e-06	1.181211e-09	2.116263e+01	7.657130e+01
4.870000e-06	2.946899e-06	1.175795e-09	2.088606e+01	7.624775e+01
4.880000e-06	2.907505e-06	1.169791e-09	2.060686e+01	7.592154e+01
4.890000e-06	2.867945e-06	1.163294e-09	2.032648e+01	7.559320e+01
4.900000e-06	2.828277e-06	1.157917e-09	2.004533e+01	7.526330e+01
4.910000e-06	2.788487e-06	1.156692e-09	1.976332e+01	7.493234e+01
4.920000e-06	2.748572e-06	1.157501e-09	1.948042e+01	7.460082e+01
4.930000e-06	2.708533e-06	1.155560e-09	1.919665e+01	7.426920e+01
4.940000e-06	2.668428e-06	1.150360e-09	1.891240e+01	7.393790e+01
4.950000e-06	2.628183e-06	1.146012e-09	1.862717e+01	7.360729e+01
4.960000e-06	2.587758e-06	1.139751e-09	1.834066e+01	7.327769e+01
4.970000e-06	2.547127e-06	1.132503e-09	1.805269e+01	7.294936e+01
4.980000e-06	2.506227e-06	1.125682e-09	1.776281e+01	7.262250e+01
4.990000e-06	2.465178e-06	1.122041e-09	1.747188e+01	7.229725e+01
5.000000e-06	2.424018e-06	1.121686e-09	1.718016e+01	7.197369e+01
5.010000e-06	2.382744e-06	1.119452e-09	1.688763e+01	7.165180e+01
5.020000e-06	2.341346e-06	1.111675e-09	1.659422e+01	7.133152e+01
5.030000e-06	2.299729e-06	1.103427e-09	1.629926e+01	7.101272e+01
5.040000e-06	2.257923e-06	1.099473e-09	1.600296e+01	7.069519e+01
5.050000e-06	2.215974e-06	1.097100e-09	1.570565e+01	7.037867e+01
5.060000e-06	2.173930e-06	1.091474e-09	1.540767e+01	7.006282e+01
5.070000e-06	2.131728e-06	1.086209e-09	1.510856e+01	6.974724e+01
5.080000e-06	2.089302e-06	1.083558e-09	1.480787e+01	6.943150e+01
5.090000e-06	2.046764e-06	1.078384e-09	1.450638e+01	6.911508e+01
5.100000e-06	2.004109e-06	1.069617e-09	1.420406e+01	6.879746e+01
5.110000e-06	1.961303e-06	1.063806e-09	1.390068e+01	6.847803e+01
5.120000e-06	1.918326e-06	1.062093e-09	1.359608e+01	6.815619e+01
5.130000e-06	1.875251e-06	1.059283e-09	1.329079e+01	6.783128e+01
5.140000e-06	1.832017e-06	1.055343e-09	1.298437e+01	6.750263e+01
5.150000e-06	1.788542e-06	1.052718e-09	1.267624e+01	6.716958e+01
5.160000e-06	1.745042e-06	1.048449e-09	1.236793e+01	6.683141e+01
5.170000e-06	1.701466e-06	1.040078e-09	1.205909e+01	6.648746e+01
5.180000e-06	1.657707e-06	1.029712e-09	1.174895e+01	6.613702e+01
5.190000e-06	1.613899e-06	1.019327e-09	1.143846e+01	6.577942e+01
5.200000e-06	1.570052e-06	1.015284e-09	1.112770e+01	6.541402e+01
5.210000e-06	1.526120e-06	1.014535e-09	1.081633e+01	6.504017e+01
5.220000e-06	1.482116e-06	1.009306e-09	1.050446e+01	6.465727e+01
5.230000e-06	1.438031e-06	1.002594e-09	1.019200e+01	6.426475e+01
5.240000e-06	1.393977e-06	9.984584e-10	9.879769e+00	6.386206e+01
5.250000e-06	1.349913e-06	9.944224e-10	9.567466e+00	6.344872e+01
5.260000e-06	1.305802e-06	9.863899e-10	9.254830e+00	6.302425e+01
5.270000e-06	1.261652e-06	9.751377e-10	8.941922e+00	6.258825e+01
5.280000e-06	1.217430e-06	9.670459e-10	8.628497e+00	6.214034e+01
5.290000e-06	1.173063e-06	9.585563e-10	8.314052e+00	6.168019e+01
5.300000e-06	1.128638e-06	9.493740e-10	7.999188e+00	6.120752e+01
5.310000e-06	1.084230e-06	9.424279e-10	7.684445e+00	6.072208e+01
5.320000e-06	1.039667e-06	9.372443e-10	7.368609e+00	6.022365e+01
5.330000e-06	9.949472e-07	9.339218e-10	7.051659e+00	5.971208e+01
5.340000e-06	9.502213e-07	9.302725e-10	6.734666e+00	5.918720e+01
5.350000e-06	9.054687e-07	9.231960e-10	6.417483e+00	5.864891e+01
5.360000e-06	8.605649e-07	9.123504e-10	6.099228e+00	5.809712e+01
5.370000e-06	8.156099e-07	9.008848e-10	5.780612e+00	5.753173e+01
5.380000e-06	7.707150e-07	8.903171e-10	5.462420e+00	5.695270e+01
5.390000e-06	7.257623e-07	8.814643e-10	5.143819e+00	5.635994e+01
5.400000e-06	6.805955e-07	8.752112e-10	4.823701e+00	5.575341e+01
5.410000e-06	6.353366e-07	8.713747e-10	4.502930e+00	5.513301e+01
5.420000e-06	5.900502e-07	8.647129e-10	4.181964e+00	5.449866e+01
5.430000e-06	5.446957e-07	8.546265e-10	3.860515e+00	5.385025e+01
5.440000e-06	4.992235e-07	8.428369e-10	3.538232e+00	5.318764e+01
5.450000e-06	4.536955e-07	8.293658e-10	3.215554e+00	5.251065e+01
5.460000e-06	4.081884e-07	8.141899e-10	2.893023e+00	5.181906e+01
5.470000e-06	3.626730e-07	8.020593e-10	2.570435e+00	5.111262e+01
5.480000e-06	3.171360e-07	7.953038e-10	2.247692e+00	5.039101e+01
5.490000e-06	2.715590e-07	7.876072e-10	1.924666e+00	4.965388e+01
5.500000e-06	2.259256e-07	7.756238e-10	1.601241e+00	4.890078e+01
5.510000e-06	1.802917e-07	7.602018e-10	1.277812e+00	4.813126e+01
5.520000e-06	1.347400e-07	7.464234e-10	9.549661e-01	4.734475e+01
5.530000e-06	8.920889e-08	7.365130e-10	6.322654e-01	4.654066e+01
5.540000e-06	4.371277e-08	7.263158e-10	3.098130e-01	4.571832e+01
5.550000e-06	-1.830192e-09	7.159730e-10	-1.297143e-02	4.487701e+01
5.560000e-06	-4.750917e-08	7.060946e-10	-3.367199e-01	4.401593e+01
5.570000e-06	-9.317331e-08	6.940068e-10	-6.603631e-01	4.313424e+01
5.580000e-06	-1.387308e-07	6.783100e-10	-9.832504e-01	4.223106e+01
5.590000e-06	-1.842308e-07	6.599225e-10	-1.305730e+00	4.130545e+01
5.600000e-06	-2.296805e-07	6.411944e-10	-1.627854e+00	4.035643e+01
5.610000e-06	-2.751689e-07	6.264333e-10	-1.950251e+00	3.938300e+01
5.620000e-06	-3.207045e-07	6.152211e-10	-2.272984e+00	3.838412e+01
5.630000e-06	-3.660543e-07	6.013256e-10	-2.594399e+00	3.735874e+01
5.640000e-06	-4.113460e-07	5.838416e-10	-2.915403e+00	3.630581e+01
5.650000e-06	-4.567313e-07	5.672523e-10	-3.237070e+00	3.522427e+01
5.660000e-06	-5.020384e-07	5.522615e-10	-3.558182e+00	3.411311e+01
5.670000e-06	-5.472474e-07	5.362136e-10	-3.878600e+00	3.297129e+01
5.680000e-06	-5.924511e-07	5.170215e-10	-4.198980e+00	3.179786e+01
5.690000e-06	-6.376202e-07	4.970639e-10	-4.519114e+00	3.059189e+01
5.700000e-06	-6.826552e-07	4.776164e-10	-4.838299e+00	2.935251e+01
5.710000e-06	-7.276441e-07	4.562709e-10	-5.157156e+00	2.807893e+01
5.720000e-06	-7.726511e-07	4.362377e-10	-5.476142e+00	2.677044e+01
5.730000e-06	-8.175622e-07	4.189913e-10	-5.794448e+00	2.542643e+01
5.740000e-06	-8.622822e-07	4.017074e-10	-6.111400e+00	2.404639e+01
5.750000e-06	-9.068873e-07	3.820573e-10	-6.427537e+00	2.262992e+01
5.760000e-06	-9.514692e-07	3.613563e-10	-6.743510e+00	2.117675e+01
5.770000e-06	-9.960243e-07	3.387271e-10	-7.059293e+00	1.968675e+01
5.780000e-06	-1.040566e-06	3.122929e-10	-7.374984e+00	1.815991e+01
5.790000e-06	-1.085006e-06	2.809902e-10	-7.689951e+00	1.659639e+01
5.800000e-06	-1.129312e-06	2.517547e-10	-8.003966e+00	1.499650e+01
5.810000e-06	-1.173550e-06	2.285856e-10	-8.317505e+00	1.336070e+01
5.820000e-06	-1.217699e-06	2.094244e-10	-8.630409e+00	1.168962e+01
5.830000e-06	-1.261825e-06	1.880676e-10	-8.943151e+00	9.984040e+00
5.840000e-06	-1.305976e-06	1.635478e-10	-9.256070e+00	8.244926e+00
5.850000e-06	-1.350044e-06	1.394323e-10	-9.568400e+00	6.473398e+00
5.860000e-06	-1.394038e-06	1.135656e-10	-9.880203e+00	4.670741e+00
5.870000e-06	-1.438004e-06	8.204805e-11	-1.019181e+01	2.838400e+00
5.880000e-06	-1.481911e-06	4.654535e-11	-1.050300e+01	9.779761e-01
5.890000e-06	-1.525790e-06	1.470622e-11	-1.081399e+01	-9.087774e-01
5.900000e-06	-1.569661e-06	-9.808881e-12	-1.112492e+01	-2.819964e+00
5.910000e-06	-1.613418e-06	-3.297727e-11	-1.143505e+01	-4.753553e+00
5.920000e-06	-1.657028e-06	-6.140249e-11	-1.174414e+01	-6.707385e+00
5.930000e-06	-1.700597e-06	-8.939865e-11	-1.205293e+01	-8.679186e+00
5.940000e-06	-1.744123e-06	-1.133568e-10	-1.236142e+01	-1.066658e+01
5.950000e-06	-1.787485e-06	-1.433340e-10	-1.266874e+01	-1.266708e+01
5.960000e-06	-1.830640e-06	-1.822814e-10	-1.297461e+01	-1.467815e+01
5.970000e-06	-1.873689e-06	-2.203788e-10	-1.327971e+01	-1.669716e+01
5.980000e-06	-1.916679e-06	-2.526951e-10	-1.358440e+01	-1.872144e+01
5.990000e-06	-1.959488e-06	-2.836784e-10	-1.388782e+01	-2.074828e+01
6.000000e-06	-2.002068e-06	-3.163779e-10	-1.418960e+01	-2.277495e+01
6.010000e-06	-2.044523e-06	-3.478013e-10	-1.449049e+01	-2.479871e+01
6.020000e-06	-2.086877e-06	-3.765419e-10	-1.479068e+01	-2.681681e+01
6.030000e-06	-2.129047e-06	-4.055313e-10	-1.508956e+01	-2.882656e+01
6.040000e-06	-2.171101e-06	-4.393069e-10	-1.538761e+01	-3.082526e+01
6.050000e-06	-2.213053e-06	-4.748507e-10	-1.568495e+01	-3.281029e+01
6.060000e-06	-2.254821e-06	-5.051831e-10	-1.598098e+01	-3.477908e+01
6.070000e-06	-2.296444e-06	-5.331868e-10	-1.627598e+01	-3.672916e+01
6.080000e-06	-2.337837e-06	-5.644960e-10	-1.656935e+01	-3.865811e+01
6.090000e-06	-2.378989e-06	-5.965794e-10	-1.686102e+01	-4.056365e+01
6.100000e-06	-2.419935e-06	-6.262765e-10	-1.715122e+01	-4.244359e+01
6.110000e-06	-2.460688e-06	-6.533677e-10	-1.744006e+01	-4.429586e+01
6.120000e-06	-2.501309e-06	-6.807814e-10	-1.772795e+01	-4.611853e+01
6.130000e-06	-2.541835e-06	-7.087316e-10	-1.801518e+01	-4.790980e+01
6.140000e-06	-2.582283e-06	-7.331593e-10	-1.830186e+01	-4.966801e+01
6.150000e-06	-2.622560e-06	-7.532549e-10	-1.858732e+01	-5.139166e+01
6.160000e-06	-2.662616e-06	-7.755270e-10	-1.887121e+01	-5.307939e+01
6.170000e-06	-2.702527e-06	-8.016962e-10	-1.915408e+01	-5.473000e+01
6.180000e-06	-2.742371e-06	-8.306854e-10	-1.943648e+01	-5.634245e+01
6.190000e-06	-2.782144e-06	-8.553844e-10	-1.971836e+01	-5.791585e+01
6.200000e-06	-2.821847e-06	-8.748433e-10	-1.999976e+01	-5.944946e+01
6.210000e-06	-2.861445e-06	-8.963170e-10	-2.028040e+01	-6.094270e+01
6.220000e-06	-2.900793e-06	-9.179030e-10	-2.055928e+01	-6.239514e+01
6.230000e-06	-2.939927e-06	-9.346862e-10	-2.083665e+01	-6.380648e+01
6.240000e-06	-2.978861e-06	-9.519955e-10	-2.111259e+01	-6.517659e+01
6.250000e-06	-3.017407e-06	-9.738397e-10	-2.138579e+01	-6.650544e+01
6.260000e-06	-3.055504e-06	-9.969573e-10	-2.165580e+01	-6.779314e+01
6.270000e-06	-3.093233e-06	-1.015639e-09	-2.192320e+01	-6.903992e+01
6.280000e-06	-3.130646e-06	-1.031440e-09	-2.218836e+01	-7.024611e+01
6.290000e-06	-3.167679e-06	-1.048311e-09	-2.245083e+01	-7.141215e+01
6.300000e-06	-3.204307e-06	-1.067162e-09	-2.271043e+01	-7.253858e+01
6.310000e-06	-3.240645e-06	-1.085049e-09	-2.296798e+01	-7.362599e+01
6.320000e-06	-3.276805e-06	-1.098671e-09	-2.322426e+01	-7.467507e+01
6.330000e-06	-3.312881e-06	-1.113920e-09	-2.347995e+01	-7.568656e+01
6.340000e-06	-3.348927e-06	-1.133896e-09	-2.373543e+01	-7.666127e+01
6.350000e-06	-3.384818e-06	-1.153181e-09	-2.398980e+01	-7.760002e+01
6.360000e-06	-3.420534e-06	-1.166133e-09	-2.424293e+01	-7.850370e+01
6.370000e-06	-3.456101e-06	-1.176091e-09	-2.449501e+01	-7.937320e+01
6.380000e-06	-3.491353e-06	-1.186866e-09	-2.474486e+01	-8.020944e+01
6.390000e-06	-3.526200e-06	-1.197176e-09	-2.499184e+01	-8.101333e+01
6.400000e-06	-3.560844e-06	-1.205802e-09	-2.523738e+01	-8.178581e+01
6.410000e-06	-3.595371e-06	-1.215621e-09	-2.548209e+01	-8.252778e+01
6.420000e-06	-3.629597e-06	-1.229311e-09	-2.572466e+01	-8.324015e+01
6.430000e-06	-3.663534e-06	-1.243929e-09	-2.596519e+01	-8.392381e+01
6.440000e-06	-3.697297e-06	-1.253344e-09	-2.620448e+01	-8.457963e+01
6.450000e-06	-3.730806e-06	-1.257959e-09	-2.644198e+01	-8.520844e+01
6.460000e-06	-3.763991e-06	-1.264642e-09	-2.667718e+01	-8.581105e+01
6.470000e-06	-3.796901e-06	-1.273248e-09	-2.691043e+01	-8.638824e+01
6.480000e-06	-3.829440e-06	-1.281393e-09	-2.714104e+01	-8.694075e+01
6.490000e-06	-3.861696e-06	-1.291601e-09	-2.736965e+01	-8.746931e+01
6.500000e-06	-3.893871e-06	-1.304382e-09	-2.759770e+01	-8.797458e+01
6.510000e-06	-3.925935e-06	-1.318103e-09	-2.782495e+01	-8.845721e+01
6.520000e-06	-3.957840e-06	-1.326141e-09	-2.805108e+01	-8.891782e+01
6.530000e-06	-3.989577e-06	-1.327641e-09	-2.827601e+01	-8.935699e+01
6.540000e-06	-4.021021e-06	-1.328171e-09	-2.849887e+01	-8.977528e+01
6.550000e-06	-4.052086e-06	-1.330789e-09	-2.871904e+01	-9.017322e+01
6.560000e-06	-4.082695e-06	-1.334991e-09	-2.893598e+01	-9.055132e+01
6.570000e-06	-4.112727e-06	-1.340369e-09	-2.914883e+01	-9.091008e+01
6.580000e-06	-4.142266e-06	-1.348067e-09	-2.935819e+01	-9.124997e+01
6.590000e-06	-4.171366e-06	-1.357059e-09	-2.956443e+01	-9.157146e+01
6.600000e-06	-4.200102e-06	-1.363540e-09	-2.976810e+01	-9.187502e+01
6.610000e-06	-4.228558e-06	-1.366253e-09	-2.996978e+01	-9.216110e+01
6.620000e-06	-4.256770e-06	-1.366212e-09	-3.016974e+01	-9.243016e+01
6.630000e-06	-4.284777e-06	-1.367770e-09	-3.036824e+01	-9.268267e+01
6.640000e-06	-4.312563e-06	-1.371741e-09	-3.056516e+01	-9.291910e+01
6.650000e-06	-4.340156e-06	-1.374253e-09	-3.076073e+01	-9.313992e+01
6.660000e-06	-4.367474e-06	-1.377905e-09	-3.095435e+01	-9.334564e+01
6.670000e-06	-4.394384e-06	-1.382633e-09	-3.114507e+01	-9.353676e+01
6.680000e-06	-4.420976e-06	-1.386989e-09	-3.133354e+01	-9.371380e+01
6.690000e-06	-4.447251e-06	-1.390678e-09	-3.151976e+01	-9.387732e+01
6.700000e-06	-4.473253e-06	-1.393387e-09	-3.170405e+01	-9.402785e+01
6.710000e-06	-4.499032e-06	-1.393752e-09	-3.188676e+01	-9.416600e+01
6.720000e-06	-4.524451e-06	-1.392408e-09	-3.206692e+01	-9.429234e+01
6.730000e-06	-4.549454e-06	-1.391492e-09	-3.224412e+01	-9.440748e+01
6.740000e-06	-4.574124e-06	-1.390930e-09	-3.241897e+01	-9.451206e+01
6.750000e-06	-4.598599e-06	-1.391857e-09	-3.259244e+01	-9.460670e+01
6.760000e-06	-4.622782e-06	-1.395203e-09	-3.276383e+01	-9.469205e+01
6.770000e-06	-4.646759e-06	-1.400150e-09	-3.293377e+01	-9.476876e+01
6.780000e-06	-4.670599e-06	-1.406628e-09	-3.310274e+01	-9.483747e+01
6.790000e-06	-4.694157e-06	-1.413716e-09	-3.326970e+01	-9.489884e+01
6.800000e-06	-4.717428e-06	-1.416556e-09	-3.343463e+01	-9.495350e+01
6.810000e-06	-4.740195e-06	-1.413416e-09	-3.359600e+01	-9.500209e+01
6.820000e-06	-4.762371e-06	-1.408891e-09	-3.375316e+01	-9.504522e+01
6.830000e-06	-4.783975e-06	-1.406536e-09	-3.390629e+01	-9.508347e+01
6.840000e-06	-4.805121e-06	-1.406182e-09	-3.405616e+01	-9.511741e+01
6.850000e-06	-4.825846e-06	-1.408269e-09	-3.420305e+01	-9.514758e+01
6.860000e-06	-4.846170e-06	-1.411457e-09	-3.434709e+01	-9.517447e+01
6.870000e-06	-4.866284e-06	-1.417205e-09	-3.448965e+01	-9.519854e+01
6.880000e-06	-4.886117e-06	-1.423262e-09	-3.463021e+01	-9.522019e+01
6.890000e-06	-4.905727e-06	-1.426086e-09	-3.476920e+01	-9.523979e+01
6.900000e-06	-4.925108e-06	-1.426409e-09	-3.490656e+01	-9.525765e+01
6.910000e-06	-4.944124e-06	-1.424234e-09	-3.504133e+01	-9.527402e+01
6.920000e-06	-4.962724e-06	-1.422483e-09	-3.517316e+01	-9.528910e+01
6.930000e-06	-4.980980e-06	-1.423339e-09	-3.530255e+01	-9.530301e+01
6.940000e-06	-4.998989e-06	-1.425801e-09	-3.543019e+01	-9.531585e+01
6.950000e-06	-5.016763e-06	-1.427929e-09	-3.555616e+01	-9.532761e+01
6.960000e-06	-5.034118e-06	-1.428753e-09	-3.567916e+01	-9.533826e+01
6.970000e-06	-5.051070e-06	-1.428123e-09	-3.579931e+01	-9.534768e+01
6.980000e-06	-5.067713e-06	-1.425934e-09	-3.591727e+01	-9.535572e+01
6.990000e-06	-5.084018e-06	-1.421322e-09	-3.603283e+01	-9.536214e+01
7.000000e-06	-5.100172e-06	-1.416264e-09	-3.614732e+01	-9.536668e+01
7.010000e-06	-5.116149e-06	-1.415160e-09	-3.626056e+01	-9.536902e+01
7.020000e-06	-5.131731e-06	-1.418371e-09	-3.637099e+01	-9.536879e+01
7.030000e-06	-5.146822e-06	-1.422343e-09	-3.647795e+01	-9.536559e+01
7.040000e-06	-5.161286e-06	-1.423036e-09	-3.658046e+01	-9.535900e+01
7.050000e-06	-5.175091e-06	-1.417600e-09	-3.667830e+01	-9.534854e+01
7.060000e-06	-5.188366e-06	-1.410601e-09	-3.677239e+01	-9.533374e+01
7.070000e-06	-5.201149e-06	-1.406213e-09	-3.686299e+01	-9.531413e+01
7.080000e-06	-5.213466e-06	-1.406209e-09	-3.695029e+01	-9.528920e+01
7.090000e-06	-5.225416e-06	-1.408866e-09	-3.703498e+01	-9.525847e+01
7.100000e-06	-5.237146e-06	-1.412705e-09	-3.711812e+01	-9.522147e+01
7.110000e-06	-5.248505e-06	-1.416791e-09	-3.719863e+01	-9.517776e+01
7.120000e-06	-5.259416e-06	-1.418137e-09	-3.727596e+01	-9.512690e+01
7.130000e-06	-5.269936e-06	-1.414278e-09	-3.735052e+01	-9.506853e+01
7.140000e-06	-5.280171e-06	-1.406873e-09	-3.742306e+01	-9.500229e+01
7.150000e-06	-5.290136e-06	-1.400913e-09	-3.749369e+01	-9.492791e+01
7.160000e-06	-5.299659e-06	-1.397446e-09	-3.756118e+01	-9.484517e+01
7.170000e-06	-5.308770e-06	-1.395944e-09	-3.762575e+01	-9.475389e+01
7.180000e-06	-5.317485e-06	-1.395953e-09	-3.768752e+01	-9.465400e+01
7.190000e-06	-5.325876e-06	-1.398109e-09	-3.774699e+01	-9.454548e+01
7.200000e-06	-5.334057e-06	-1.400537e-09	-3.780497e+01	-9.442839e+01
7.210000e-06	-5.342030e-06	-1.399926e-09	-3.786148e+01	-9.430290e+01
7.220000e-06	-5.349710e-06	-1.395456e-09	-3.791592e+01	-9.416924e+01
7.230000e-06	-5.357012e-06	-1.388160e-09	-3.796767e+01	-9.402774e+01
7.240000e-06	-5.363832e-06	-1.381269e-09	-3.801600e+01	-9.387880e+01
7.250000e-06	-5.370159e-06	-1.377761e-09	-3.806085e+01	-9.372293e+01
7.260000e-06	-5.375965e-06	-1.377365e-09	-3.810200e+01	-9.356072e+01
7.270000e-06	-5.381108e-06	-1.379486e-09	-3.813844e+01	-9.339283e+01
7.280000e-06	-5.385661e-06	-1.381963e-09	-3.817071e+01	-9.322002e+01
7.290000e-06	-5.389867e-06	-1.383636e-09	-3.820053e+01	-9.304310e+01
7.300000e-06	-5.393875e-06	-1.380208e-09	-3.822893e+01	-9.286296e+01
7.310000e-06	-5.397620e-06	-1.371686e-09	-3.825548e+01	-9.268055e+01
7.320000e-06	-5.401031e-06	-1.362184e-09	-3.827965e+01	-9.249689e+01
7.330000e-06	-5.404061e-06	-1.357171e-09	-3.830112e+01	-9.231302e+01
7.340000e-06	-5.406768e-06	-1.358835e-09	-3.832031e+01	-9.213002e+01
7.350000e-06	-5.409172e-06	-1.364090e-09	-3.833735e+01	-9.194902e+01
7.360000e-06	-5.411194e-06	-1.368651e-09	-3.835168e+01	-9.177114e+01
7.370000e-06	-5.412882e-06	-1.368374e-09	-3.836365e+01	-9.159752e+01
7.380000e-06	-5.414157e-06	-1.364007e-09	-3.837268e+01	-9.142929e+01
7.390000e-06	-5.414975e-06	-1.356542e-09	-3.837848e+01	-9.126756e+01
7.400000e-06	-5.415543e-06	-1.347390e-09	-3.838250e+01	-9.111342e+01
