# Temperatura_=_-1.6
# Concentracion g/m^3_=_4090.0
# C_Vs_to_Am_M_A/Vsm_=_65563218390.804596
# pendiente_HvsI_1/m_=_3716.3
# ordenada_HvsI_A/m_=_1297.0
# frecuencia_Hz_=_135069.18046614307

Tiempo_(s)	Campo_(V.s)	Magnetizacion_(V.s)	Campo_(kA/m)	Magnetizacion_(A/m)
0.000000e+00	-5.420145e-06	-2.056804e-09	-3.839865e+01	-1.377328e+02
1.000000e-08	-5.420221e-06	-2.051222e-09	-3.839918e+01	-1.376364e+02
2.000000e-08	-5.420048e-06	-2.045163e-09	-3.839796e+01	-1.375451e+02
3.000000e-08	-5.419526e-06	-2.042149e-09	-3.839426e+01	-1.374595e+02
4.000000e-08	-5.418570e-06	-2.044383e-09	-3.838749e+01	-1.373802e+02
5.000000e-08	-5.417032e-06	-2.051742e-09	-3.837659e+01	-1.373076e+02
6.000000e-08	-5.414826e-06	-2.071801e-09	-3.836096e+01	-1.372423e+02
7.000000e-08	-5.412041e-06	-2.064412e-09	-3.834123e+01	-1.371844e+02
8.000000e-08	-5.408671e-06	-1.992065e-09	-3.831735e+01	-1.371344e+02
9.000000e-08	-5.404738e-06	-1.964260e-09	-3.828950e+01	-1.370925e+02
1.000000e-07	-5.400488e-06	-2.083453e-09	-3.825939e+01	-1.370587e+02
1.100000e-07	-5.396050e-06	-2.121469e-09	-3.822794e+01	-1.370332e+02
1.200000e-07	-5.391416e-06	-2.000237e-09	-3.819512e+01	-1.370159e+02
1.300000e-07	-5.386544e-06	-1.939809e-09	-3.816060e+01	-1.370067e+02
1.400000e-07	-5.381310e-06	-2.094577e-09	-3.812352e+01	-1.370054e+02
1.500000e-07	-5.375679e-06	-2.175552e-09	-3.808363e+01	-1.370117e+02
1.600000e-07	-5.369653e-06	-1.991683e-09	-3.804093e+01	-1.370251e+02
1.700000e-07	-5.363202e-06	-1.896249e-09	-3.799523e+01	-1.370453e+02
1.800000e-07	-5.356309e-06	-2.053922e-09	-3.794640e+01	-1.370718e+02
1.900000e-07	-5.348997e-06	-2.137743e-09	-3.789460e+01	-1.371038e+02
2.000000e-07	-5.341435e-06	-2.028338e-09	-3.784103e+01	-1.371406e+02
2.100000e-07	-5.333777e-06	-2.007961e-09	-3.778677e+01	-1.371816e+02
2.200000e-07	-5.325881e-06	-2.139823e-09	-3.773084e+01	-1.372258e+02
2.300000e-07	-5.317609e-06	-2.137968e-09	-3.767224e+01	-1.372724e+02
2.400000e-07	-5.308896e-06	-2.056260e-09	-3.761051e+01	-1.373205e+02
2.500000e-07	-5.299613e-06	-2.120991e-09	-3.754474e+01	-1.373690e+02
2.600000e-07	-5.289676e-06	-2.198559e-09	-3.747434e+01	-1.374169e+02
2.700000e-07	-5.279099e-06	-2.116660e-09	-3.739941e+01	-1.374633e+02
2.800000e-07	-5.268036e-06	-2.077650e-09	-3.732104e+01	-1.375070e+02
2.900000e-07	-5.256502e-06	-2.176564e-09	-3.723932e+01	-1.375471e+02
3.000000e-07	-5.244552e-06	-2.162156e-09	-3.715467e+01	-1.375823e+02
3.100000e-07	-5.232323e-06	-2.060207e-09	-3.706803e+01	-1.376118e+02
3.200000e-07	-5.219645e-06	-2.100549e-09	-3.697822e+01	-1.376344e+02
3.300000e-07	-5.206479e-06	-2.187916e-09	-3.688494e+01	-1.376492e+02
3.400000e-07	-5.193020e-06	-2.124860e-09	-3.678959e+01	-1.376552e+02
3.500000e-07	-5.179277e-06	-2.097150e-09	-3.669223e+01	-1.376515e+02
3.600000e-07	-5.165034e-06	-2.150680e-09	-3.659133e+01	-1.376373e+02
3.700000e-07	-5.150303e-06	-2.129175e-09	-3.648696e+01	-1.376117e+02
3.800000e-07	-5.135014e-06	-2.068614e-09	-3.637866e+01	-1.375741e+02
3.900000e-07	-5.119042e-06	-2.105473e-09	-3.626550e+01	-1.375237e+02
4.000000e-07	-5.102594e-06	-2.113160e-09	-3.614897e+01	-1.374601e+02
4.100000e-07	-5.085856e-06	-2.068272e-09	-3.603039e+01	-1.373828e+02
4.200000e-07	-5.068822e-06	-2.102479e-09	-3.590972e+01	-1.372913e+02
4.300000e-07	-5.051422e-06	-2.151308e-09	-3.578645e+01	-1.371854e+02
4.400000e-07	-5.033712e-06	-2.104607e-09	-3.566099e+01	-1.370649e+02
4.500000e-07	-5.015761e-06	-2.072128e-09	-3.553381e+01	-1.369296e+02
4.600000e-07	-4.997526e-06	-2.100915e-09	-3.540463e+01	-1.367797e+02
4.700000e-07	-4.978913e-06	-2.095048e-09	-3.527276e+01	-1.366151e+02
4.800000e-07	-4.959884e-06	-2.061646e-09	-3.513796e+01	-1.364361e+02
4.900000e-07	-4.940527e-06	-2.061809e-09	-3.500082e+01	-1.362430e+02
5.000000e-07	-4.920887e-06	-2.065301e-09	-3.486168e+01	-1.360361e+02
5.100000e-07	-4.901052e-06	-2.067961e-09	-3.472117e+01	-1.358158e+02
5.200000e-07	-4.880964e-06	-2.078656e-09	-3.457886e+01	-1.355829e+02
5.300000e-07	-4.860581e-06	-2.065255e-09	-3.443445e+01	-1.353377e+02
5.400000e-07	-4.839868e-06	-2.046001e-09	-3.428771e+01	-1.350811e+02
5.500000e-07	-4.818699e-06	-2.060435e-09	-3.413774e+01	-1.348137e+02
5.600000e-07	-4.797200e-06	-2.067352e-09	-3.398543e+01	-1.345364e+02
5.700000e-07	-4.775468e-06	-2.042092e-09	-3.383147e+01	-1.342499e+02
5.800000e-07	-4.753405e-06	-2.022171e-09	-3.367517e+01	-1.339552e+02
5.900000e-07	-4.730947e-06	-2.022746e-09	-3.351607e+01	-1.336532e+02
6.000000e-07	-4.708155e-06	-2.030017e-09	-3.335460e+01	-1.333448e+02
6.100000e-07	-4.685019e-06	-2.028399e-09	-3.319069e+01	-1.330309e+02
6.200000e-07	-4.661585e-06	-2.016463e-09	-3.302468e+01	-1.327124e+02
6.300000e-07	-4.637962e-06	-2.014445e-09	-3.285733e+01	-1.323902e+02
6.400000e-07	-4.614151e-06	-2.033308e-09	-3.268863e+01	-1.320653e+02
6.500000e-07	-4.590104e-06	-2.033370e-09	-3.251828e+01	-1.317385e+02
6.600000e-07	-4.565763e-06	-2.007681e-09	-3.234584e+01	-1.314107e+02
6.700000e-07	-4.541084e-06	-1.990437e-09	-3.217100e+01	-1.310827e+02
6.800000e-07	-4.515919e-06	-1.994948e-09	-3.199271e+01	-1.307551e+02
6.900000e-07	-4.490206e-06	-1.995554e-09	-3.181056e+01	-1.304288e+02
7.000000e-07	-4.463937e-06	-1.985895e-09	-3.162445e+01	-1.301042e+02
7.100000e-07	-4.437145e-06	-1.977268e-09	-3.143464e+01	-1.297821e+02
7.200000e-07	-4.409945e-06	-1.986083e-09	-3.124195e+01	-1.294628e+02
7.300000e-07	-4.382459e-06	-1.996804e-09	-3.104723e+01	-1.291468e+02
7.400000e-07	-4.354817e-06	-1.987880e-09	-3.085140e+01	-1.288344e+02
7.500000e-07	-4.327010e-06	-1.967183e-09	-3.065441e+01	-1.285260e+02
7.600000e-07	-4.298991e-06	-1.962079e-09	-3.045591e+01	-1.282215e+02
7.700000e-07	-4.270684e-06	-1.965225e-09	-3.025537e+01	-1.279213e+02
7.800000e-07	-4.242117e-06	-1.958242e-09	-3.005298e+01	-1.276252e+02
7.900000e-07	-4.213276e-06	-1.942421e-09	-2.984866e+01	-1.273332e+02
8.000000e-07	-4.184078e-06	-1.937462e-09	-2.964181e+01	-1.270452e+02
8.100000e-07	-4.154571e-06	-1.943401e-09	-2.943278e+01	-1.267610e+02
8.200000e-07	-4.124795e-06	-1.945516e-09	-2.922183e+01	-1.264803e+02
8.300000e-07	-4.094752e-06	-1.934528e-09	-2.900899e+01	-1.262027e+02
8.400000e-07	-4.064412e-06	-1.923542e-09	-2.879404e+01	-1.259279e+02
8.500000e-07	-4.033777e-06	-1.923793e-09	-2.857701e+01	-1.256554e+02
8.600000e-07	-4.002905e-06	-1.925089e-09	-2.835830e+01	-1.253847e+02
8.700000e-07	-3.971775e-06	-1.916332e-09	-2.813777e+01	-1.251153e+02
8.800000e-07	-3.940386e-06	-1.904174e-09	-2.791539e+01	-1.248465e+02
8.900000e-07	-3.908814e-06	-1.901684e-09	-2.769173e+01	-1.245779e+02
9.000000e-07	-3.877125e-06	-1.904253e-09	-2.746723e+01	-1.243088e+02
9.100000e-07	-3.845277e-06	-1.900298e-09	-2.724160e+01	-1.240385e+02
9.200000e-07	-3.813209e-06	-1.890611e-09	-2.701442e+01	-1.237665e+02
9.300000e-07	-3.780913e-06	-1.890708e-09	-2.678562e+01	-1.234921e+02
9.400000e-07	-3.748312e-06	-1.895531e-09	-2.655465e+01	-1.232147e+02
9.500000e-07	-3.715300e-06	-1.891267e-09	-2.632079e+01	-1.229338e+02
9.600000e-07	-3.681902e-06	-1.878132e-09	-2.608418e+01	-1.226487e+02
9.700000e-07	-3.648124e-06	-1.867935e-09	-2.584488e+01	-1.223589e+02
9.800000e-07	-3.613772e-06	-1.863334e-09	-2.560152e+01	-1.220639e+02
9.900000e-07	-3.578966e-06	-1.856788e-09	-2.535494e+01	-1.217633e+02
1.000000e-06	-3.543877e-06	-1.847355e-09	-2.510635e+01	-1.214566e+02
1.010000e-06	-3.508506e-06	-1.844636e-09	-2.485577e+01	-1.211435e+02
1.020000e-06	-3.472927e-06	-1.847361e-09	-2.460371e+01	-1.208236e+02
1.030000e-06	-3.437201e-06	-1.847432e-09	-2.435061e+01	-1.204967e+02
1.040000e-06	-3.401357e-06	-1.837482e-09	-2.409668e+01	-1.201626e+02
1.050000e-06	-3.365351e-06	-1.825454e-09	-2.384159e+01	-1.198212e+02
1.060000e-06	-3.329154e-06	-1.816280e-09	-2.358516e+01	-1.194722e+02
1.070000e-06	-3.292704e-06	-1.808928e-09	-2.332693e+01	-1.191158e+02
1.080000e-06	-3.255977e-06	-1.800283e-09	-2.306675e+01	-1.187519e+02
1.090000e-06	-3.219054e-06	-1.795156e-09	-2.280517e+01	-1.183805e+02
1.100000e-06	-3.181864e-06	-1.796283e-09	-2.254170e+01	-1.180019e+02
1.110000e-06	-3.144367e-06	-1.797914e-09	-2.227605e+01	-1.176160e+02
1.120000e-06	-3.106705e-06	-1.793282e-09	-2.200924e+01	-1.172233e+02
1.130000e-06	-3.068887e-06	-1.784012e-09	-2.174132e+01	-1.168238e+02
1.140000e-06	-3.030883e-06	-1.775961e-09	-2.147208e+01	-1.164178e+02
1.150000e-06	-2.992641e-06	-1.767527e-09	-2.120116e+01	-1.160058e+02
1.160000e-06	-2.954232e-06	-1.756628e-09	-2.092905e+01	-1.155878e+02
1.170000e-06	-2.915655e-06	-1.746182e-09	-2.065575e+01	-1.151644e+02
1.180000e-06	-2.876782e-06	-1.739151e-09	-2.038036e+01	-1.147358e+02
1.190000e-06	-2.837666e-06	-1.735261e-09	-2.010325e+01	-1.143024e+02
1.200000e-06	-2.798410e-06	-1.732793e-09	-1.982515e+01	-1.138646e+02
1.210000e-06	-2.758976e-06	-1.728635e-09	-1.954578e+01	-1.134226e+02
1.220000e-06	-2.719327e-06	-1.723435e-09	-1.926488e+01	-1.129767e+02
1.230000e-06	-2.679619e-06	-1.717131e-09	-1.898357e+01	-1.125273e+02
1.240000e-06	-2.639841e-06	-1.709413e-09	-1.870177e+01	-1.120747e+02
1.250000e-06	-2.599915e-06	-1.701321e-09	-1.841892e+01	-1.116191e+02
1.260000e-06	-2.559849e-06	-1.693332e-09	-1.813507e+01	-1.111607e+02
1.270000e-06	-2.519642e-06	-1.683974e-09	-1.785023e+01	-1.106996e+02
1.280000e-06	-2.479301e-06	-1.676901e-09	-1.756444e+01	-1.102361e+02
1.290000e-06	-2.438868e-06	-1.670684e-09	-1.727799e+01	-1.097701e+02
1.300000e-06	-2.398226e-06	-1.662876e-09	-1.699007e+01	-1.093017e+02
1.310000e-06	-2.357332e-06	-1.653904e-09	-1.670035e+01	-1.088310e+02
1.320000e-06	-2.316318e-06	-1.646726e-09	-1.640979e+01	-1.083578e+02
1.330000e-06	-2.275058e-06	-1.640795e-09	-1.611749e+01	-1.078820e+02
1.340000e-06	-2.233454e-06	-1.636412e-09	-1.582275e+01	-1.074035e+02
1.350000e-06	-2.191530e-06	-1.632144e-09	-1.552574e+01	-1.069221e+02
1.360000e-06	-2.149271e-06	-1.623950e-09	-1.522636e+01	-1.064374e+02
1.370000e-06	-2.106798e-06	-1.612087e-09	-1.492547e+01	-1.059493e+02
1.380000e-06	-2.064047e-06	-1.601984e-09	-1.462260e+01	-1.054572e+02
1.390000e-06	-2.020948e-06	-1.594758e-09	-1.431727e+01	-1.049610e+02
1.400000e-06	-1.977590e-06	-1.587313e-09	-1.401010e+01	-1.044600e+02
1.410000e-06	-1.934074e-06	-1.579019e-09	-1.370181e+01	-1.039539e+02
1.420000e-06	-1.890493e-06	-1.571240e-09	-1.339307e+01	-1.034422e+02
1.430000e-06	-1.846828e-06	-1.564471e-09	-1.308373e+01	-1.029244e+02
1.440000e-06	-1.803114e-06	-1.556688e-09	-1.277403e+01	-1.023999e+02
1.450000e-06	-1.759392e-06	-1.547605e-09	-1.246429e+01	-1.018682e+02
1.460000e-06	-1.715635e-06	-1.537569e-09	-1.215430e+01	-1.013287e+02
1.470000e-06	-1.671728e-06	-1.527066e-09	-1.184324e+01	-1.007809e+02
1.480000e-06	-1.627635e-06	-1.517639e-09	-1.153087e+01	-1.002242e+02
1.490000e-06	-1.583486e-06	-1.508997e-09	-1.121810e+01	-9.965802e+01
1.500000e-06	-1.539346e-06	-1.502058e-09	-1.090539e+01	-9.908184e+01
1.510000e-06	-1.495188e-06	-1.497636e-09	-1.059256e+01	-9.849511e+01
1.520000e-06	-1.450927e-06	-1.491438e-09	-1.027900e+01	-9.789731e+01
1.530000e-06	-1.406536e-06	-1.479526e-09	-9.964505e+00	-9.728794e+01
1.540000e-06	-1.362097e-06	-1.465195e-09	-9.649679e+00	-9.666650e+01
1.550000e-06	-1.317612e-06	-1.451631e-09	-9.334529e+00	-9.603254e+01
1.560000e-06	-1.273040e-06	-1.437251e-09	-9.018766e+00	-9.538562e+01
1.570000e-06	-1.228331e-06	-1.425727e-09	-8.702027e+00	-9.472534e+01
1.580000e-06	-1.183466e-06	-1.419074e-09	-8.384183e+00	-9.405130e+01
1.590000e-06	-1.138549e-06	-1.416148e-09	-8.065974e+00	-9.336317e+01
1.600000e-06	-1.093575e-06	-1.410252e-09	-7.747353e+00	-9.266059e+01
1.610000e-06	-1.048453e-06	-1.397117e-09	-7.427693e+00	-9.194328e+01
1.620000e-06	-1.003269e-06	-1.382082e-09	-7.107592e+00	-9.121094e+01
1.630000e-06	-9.580340e-07	-1.368003e-09	-6.787126e+00	-9.046332e+01
1.640000e-06	-9.127195e-07	-1.353318e-09	-6.466098e+00	-8.970016e+01
1.650000e-06	-8.673248e-07	-1.339055e-09	-6.144503e+00	-8.892123e+01
1.660000e-06	-8.218754e-07	-1.329335e-09	-5.822520e+00	-8.812630e+01
1.670000e-06	-7.764160e-07	-1.326703e-09	-5.500466e+00	-8.731516e+01
1.680000e-06	-7.309206e-07	-1.322587e-09	-5.178156e+00	-8.648757e+01
1.690000e-06	-6.853834e-07	-1.308998e-09	-4.855551e+00	-8.564332e+01
1.700000e-06	-6.397522e-07	-1.288108e-09	-4.532281e+00	-8.478215e+01
1.710000e-06	-5.940890e-07	-1.266748e-09	-4.208782e+00	-8.390382e+01
1.720000e-06	-5.483834e-07	-1.249461e-09	-3.884984e+00	-8.300804e+01
1.730000e-06	-5.025970e-07	-1.236029e-09	-3.560614e+00	-8.209451e+01
1.740000e-06	-4.567980e-07	-1.225292e-09	-3.236154e+00	-8.116289e+01
1.750000e-06	-4.109194e-07	-1.218243e-09	-2.911130e+00	-8.021281e+01
1.760000e-06	-3.650241e-07	-1.210569e-09	-2.585988e+00	-7.924383e+01
1.770000e-06	-3.191702e-07	-1.196906e-09	-2.261139e+00	-7.825549e+01
1.780000e-06	-2.732731e-07	-1.178994e-09	-1.935985e+00	-7.724728e+01
1.790000e-06	-2.273672e-07	-1.159616e-09	-1.610767e+00	-7.621862e+01
1.800000e-06	-1.814477e-07	-1.139087e-09	-1.285454e+00	-7.516888e+01
1.810000e-06	-1.355233e-07	-1.118102e-09	-9.601057e-01	-7.409736e+01
1.820000e-06	-8.965481e-08	-1.097988e-09	-6.351533e-01	-7.300333e+01
1.830000e-06	-4.368900e-08	-1.081410e-09	-3.095117e-01	-7.188596e+01
1.840000e-06	2.324116e-09	-1.067647e-09	1.646504e-02	-7.074439e+01
1.850000e-06	4.828567e-08	-1.051627e-09	3.420765e-01	-6.957768e+01
1.860000e-06	9.423455e-08	-1.032789e-09	6.675982e-01	-6.838483e+01
1.870000e-06	1.401172e-07	-1.013874e-09	9.926503e-01	-6.716482e+01
1.880000e-06	1.859785e-07	-9.942397e-10	1.317552e+00	-6.591654e+01
1.890000e-06	2.319212e-07	-9.701896e-10	1.643030e+00	-6.463885e+01
1.900000e-06	2.779533e-07	-9.440904e-10	1.969141e+00	-6.333057e+01
1.910000e-06	3.239849e-07	-9.214234e-10	2.295249e+00	-6.199049e+01
1.920000e-06	3.699340e-07	-9.020565e-10	2.620772e+00	-6.061738e+01
1.930000e-06	4.158134e-07	-8.803392e-10	2.945801e+00	-5.920996e+01
1.940000e-06	4.617111e-07	-8.542971e-10	3.270960e+00	-5.776700e+01
1.950000e-06	5.075433e-07	-8.296301e-10	3.595656e+00	-5.628721e+01
1.960000e-06	5.532539e-07	-8.087308e-10	3.919489e+00	-5.476935e+01
1.970000e-06	5.989725e-07	-7.859684e-10	4.243380e+00	-5.321220e+01
1.980000e-06	6.446693e-07	-7.583423e-10	4.567115e+00	-5.161456e+01
1.990000e-06	6.902803e-07	-7.294999e-10	4.890243e+00	-4.997528e+01
2.000000e-06	7.358496e-07	-7.035837e-10	5.213076e+00	-4.829328e+01
2.010000e-06	7.813837e-07	-6.786976e-10	5.535659e+00	-4.656753e+01
2.020000e-06	8.268373e-07	-6.503251e-10	5.857672e+00	-4.479710e+01
2.030000e-06	8.721923e-07	-6.182088e-10	6.178986e+00	-4.298114e+01
2.040000e-06	9.175101e-07	-5.894934e-10	6.500037e+00	-4.111890e+01
2.050000e-06	9.627552e-07	-5.639006e-10	6.820573e+00	-3.920976e+01
2.060000e-06	1.007873e-06	-5.335624e-10	7.140206e+00	-3.725323e+01
2.070000e-06	1.052882e-06	-4.992256e-10	7.459071e+00	-3.524893e+01
2.080000e-06	1.097779e-06	-4.676562e-10	7.777140e+00	-3.319665e+01
2.090000e-06	1.142593e-06	-4.396237e-10	8.094624e+00	-3.109633e+01
2.100000e-06	1.187326e-06	-4.097836e-10	8.411526e+00	-2.894806e+01
2.110000e-06	1.231964e-06	-3.741464e-10	8.727766e+00	-2.675212e+01
2.120000e-06	1.276508e-06	-3.370373e-10	9.043331e+00	-2.450895e+01
2.130000e-06	1.320981e-06	-3.043897e-10	9.358399e+00	-2.221917e+01
2.140000e-06	1.365414e-06	-2.700913e-10	9.673182e+00	-1.988358e+01
2.150000e-06	1.409763e-06	-2.321393e-10	9.987367e+00	-1.750319e+01
2.160000e-06	1.454026e-06	-1.947895e-10	1.030095e+01	-1.507916e+01
2.170000e-06	1.498241e-06	-1.587744e-10	1.061418e+01	-1.261287e+01
2.180000e-06	1.542354e-06	-1.243919e-10	1.092670e+01	-1.010585e+01
2.190000e-06	1.586335e-06	-9.042420e-11	1.123828e+01	-7.559850e+00
2.200000e-06	1.630270e-06	-5.803352e-11	1.154954e+01	-4.976770e+00
2.210000e-06	1.674219e-06	-2.551518e-11	1.186089e+01	-2.358690e+00
2.220000e-06	1.718105e-06	1.297364e-11	1.217179e+01	2.921429e-01
2.230000e-06	1.761909e-06	6.113453e-11	1.248212e+01	2.973326e+00
2.240000e-06	1.805677e-06	1.129364e-10	1.279219e+01	5.682308e+00
2.250000e-06	1.849370e-06	1.576545e-10	1.310173e+01	8.416400e+00
2.260000e-06	1.892985e-06	1.961072e-10	1.341072e+01	1.117278e+01
2.270000e-06	1.936535e-06	2.330353e-10	1.371925e+01	1.394853e+01
2.280000e-06	1.979845e-06	2.682325e-10	1.402607e+01	1.674061e+01
2.290000e-06	2.022921e-06	3.013809e-10	1.433125e+01	1.954589e+01
2.300000e-06	2.065946e-06	3.360211e-10	1.463605e+01	2.236119e+01
2.310000e-06	2.108791e-06	3.793145e-10	1.493959e+01	2.518324e+01
2.320000e-06	2.151300e-06	4.314534e-10	1.524074e+01	2.800876e+01
2.330000e-06	2.193483e-06	4.823655e-10	1.553958e+01	3.083440e+01
2.340000e-06	2.235416e-06	5.246964e-10	1.583665e+01	3.365685e+01
2.350000e-06	2.277071e-06	5.608796e-10	1.613175e+01	3.647275e+01
2.360000e-06	2.318403e-06	5.969150e-10	1.642456e+01	3.927879e+01
2.370000e-06	2.359394e-06	6.363742e-10	1.671497e+01	4.207169e+01
2.380000e-06	2.400112e-06	6.762689e-10	1.700343e+01	4.484821e+01
2.390000e-06	2.440618e-06	7.148710e-10	1.729039e+01	4.760518e+01
2.400000e-06	2.480934e-06	7.551480e-10	1.757601e+01	5.033950e+01
2.410000e-06	2.521087e-06	7.974403e-10	1.786047e+01	5.304817e+01
2.420000e-06	2.561092e-06	8.420923e-10	1.814388e+01	5.572829e+01
2.430000e-06	2.601007e-06	8.865347e-10	1.842666e+01	5.837707e+01
2.440000e-06	2.640886e-06	9.270273e-10	1.870917e+01	6.099186e+01
2.450000e-06	2.680692e-06	9.633914e-10	1.899118e+01	6.357012e+01
2.460000e-06	2.720346e-06	9.993824e-10	1.927210e+01	6.610948e+01
2.470000e-06	2.759856e-06	1.033936e-09	1.955201e+01	6.860770e+01
2.480000e-06	2.799214e-06	1.067525e-09	1.983084e+01	7.106273e+01
2.490000e-06	2.838373e-06	1.102967e-09	2.010826e+01	7.347265e+01
2.500000e-06	2.877297e-06	1.141333e-09	2.038401e+01	7.583573e+01
2.510000e-06	2.916027e-06	1.181040e-09	2.065839e+01	7.815041e+01
2.520000e-06	2.954579e-06	1.220455e-09	2.093151e+01	8.041528e+01
2.530000e-06	2.992863e-06	1.258321e-09	2.120273e+01	8.262914e+01
2.540000e-06	3.030852e-06	1.293075e-09	2.147186e+01	8.479093e+01
2.550000e-06	3.068669e-06	1.322205e-09	2.173977e+01	8.689979e+01
2.560000e-06	3.106326e-06	1.346307e-09	2.200655e+01	8.895501e+01
2.570000e-06	3.143765e-06	1.370193e-09	2.227178e+01	9.095606e+01
2.580000e-06	3.180988e-06	1.395118e-09	2.253549e+01	9.290255e+01
2.590000e-06	3.217885e-06	1.424096e-09	2.279689e+01	9.479428e+01
2.600000e-06	3.254555e-06	1.459148e-09	2.305667e+01	9.663116e+01
2.610000e-06	3.291152e-06	1.496058e-09	2.331594e+01	9.841328e+01
2.620000e-06	3.327571e-06	1.528923e-09	2.357394e+01	1.001408e+02
2.630000e-06	3.363746e-06	1.554823e-09	2.383023e+01	1.018142e+02
2.640000e-06	3.399747e-06	1.575114e-09	2.408527e+01	1.034338e+02
2.650000e-06	3.435608e-06	1.592070e-09	2.433933e+01	1.050001e+02
2.660000e-06	3.471305e-06	1.605245e-09	2.459222e+01	1.065140e+02
2.670000e-06	3.506883e-06	1.619706e-09	2.484427e+01	1.079761e+02
2.680000e-06	3.542266e-06	1.640273e-09	2.509494e+01	1.093873e+02
2.690000e-06	3.577341e-06	1.667856e-09	2.534342e+01	1.107485e+02
2.700000e-06	3.612118e-06	1.698521e-09	2.558980e+01	1.120606e+02
2.710000e-06	3.646499e-06	1.727081e-09	2.583337e+01	1.133248e+02
2.720000e-06	3.680342e-06	1.748914e-09	2.607313e+01	1.145421e+02
2.730000e-06	3.713745e-06	1.765400e-09	2.630977e+01	1.157136e+02
2.740000e-06	3.746738e-06	1.778280e-09	2.654351e+01	1.168406e+02
2.750000e-06	3.779297e-06	1.788348e-09	2.677417e+01	1.179240e+02
2.760000e-06	3.811541e-06	1.798489e-09	2.700260e+01	1.189653e+02
2.770000e-06	3.843595e-06	1.811224e-09	2.722968e+01	1.199656e+02
2.780000e-06	3.875469e-06	1.828865e-09	2.745550e+01	1.209260e+02
2.790000e-06	3.907194e-06	1.846143e-09	2.768024e+01	1.218478e+02
2.800000e-06	3.938812e-06	1.859435e-09	2.790424e+01	1.227322e+02
2.810000e-06	3.970215e-06	1.869694e-09	2.812671e+01	1.235804e+02
2.820000e-06	4.001337e-06	1.881170e-09	2.834719e+01	1.243936e+02
2.830000e-06	4.032118e-06	1.892995e-09	2.856526e+01	1.251729e+02
2.840000e-06	4.062552e-06	1.901785e-09	2.878087e+01	1.259194e+02
2.850000e-06	4.092738e-06	1.909402e-09	2.899472e+01	1.266343e+02
2.860000e-06	4.122701e-06	1.915070e-09	2.920699e+01	1.273186e+02
2.870000e-06	4.152419e-06	1.922603e-09	2.941753e+01	1.279735e+02
2.880000e-06	4.181926e-06	1.931208e-09	2.962657e+01	1.285999e+02
2.890000e-06	4.211148e-06	1.939290e-09	2.983359e+01	1.291988e+02
2.900000e-06	4.240008e-06	1.951806e-09	3.003805e+01	1.297714e+02
2.910000e-06	4.268589e-06	1.966321e-09	3.024053e+01	1.303184e+02
2.920000e-06	4.296902e-06	1.977106e-09	3.044111e+01	1.308408e+02
2.930000e-06	4.324957e-06	1.982837e-09	3.063986e+01	1.313396e+02
2.940000e-06	4.352810e-06	1.984791e-09	3.083718e+01	1.318156e+02
2.950000e-06	4.380473e-06	1.986292e-09	3.103316e+01	1.322697e+02
2.960000e-06	4.407916e-06	1.990800e-09	3.122758e+01	1.327027e+02
2.970000e-06	4.435168e-06	1.996235e-09	3.142064e+01	1.331155e+02
2.980000e-06	4.462100e-06	2.000839e-09	3.161144e+01	1.335088e+02
2.990000e-06	4.488426e-06	2.008887e-09	3.179795e+01	1.338835e+02
3.000000e-06	4.514121e-06	2.019283e-09	3.197998e+01	1.342403e+02
3.010000e-06	4.539365e-06	2.027500e-09	3.215882e+01	1.345799e+02
3.020000e-06	4.564175e-06	2.032470e-09	3.233458e+01	1.349032e+02
3.030000e-06	4.588600e-06	2.037025e-09	3.250762e+01	1.352107e+02
3.040000e-06	4.612720e-06	2.042445e-09	3.267849e+01	1.355033e+02
3.050000e-06	4.636537e-06	2.044341e-09	3.284723e+01	1.357815e+02
3.060000e-06	4.660146e-06	2.042320e-09	3.301448e+01	1.360462e+02
3.070000e-06	4.683534e-06	2.039174e-09	3.318017e+01	1.362979e+02
3.080000e-06	4.706598e-06	2.040184e-09	3.334357e+01	1.365373e+02
3.090000e-06	4.729299e-06	2.046741e-09	3.350440e+01	1.367649e+02
3.100000e-06	4.751603e-06	2.054175e-09	3.366240e+01	1.369815e+02
3.110000e-06	4.773516e-06	2.061572e-09	3.381764e+01	1.371876e+02
3.120000e-06	4.795155e-06	2.072823e-09	3.397095e+01	1.373837e+02
3.130000e-06	4.816582e-06	2.083371e-09	3.412274e+01	1.375705e+02
3.140000e-06	4.837700e-06	2.085090e-09	3.427235e+01	1.377483e+02
3.150000e-06	4.858427e-06	2.078780e-09	3.441919e+01	1.379177e+02
3.160000e-06	4.878859e-06	2.071943e-09	3.456394e+01	1.380792e+02
3.170000e-06	4.899042e-06	2.071454e-09	3.470692e+01	1.382332e+02
3.180000e-06	4.918976e-06	2.075881e-09	3.484815e+01	1.383801e+02
3.190000e-06	4.938744e-06	2.081753e-09	3.498819e+01	1.385202e+02
3.200000e-06	4.958271e-06	2.091348e-09	3.512653e+01	1.386539e+02
3.210000e-06	4.977459e-06	2.101831e-09	3.526246e+01	1.387814e+02
3.220000e-06	4.996237e-06	2.106613e-09	3.539550e+01	1.389031e+02
3.230000e-06	5.014498e-06	2.103016e-09	3.552486e+01	1.390191e+02
3.240000e-06	5.032313e-06	2.094311e-09	3.565108e+01	1.391296e+02
3.250000e-06	5.049756e-06	2.088456e-09	3.577465e+01	1.392348e+02
3.260000e-06	5.066924e-06	2.089971e-09	3.589627e+01	1.393348e+02
3.270000e-06	5.083855e-06	2.094758e-09	3.601622e+01	1.394295e+02
3.280000e-06	5.100418e-06	2.100378e-09	3.613356e+01	1.395192e+02
3.290000e-06	5.116556e-06	2.109038e-09	3.624789e+01	1.396037e+02
3.300000e-06	5.132285e-06	2.116725e-09	3.635932e+01	1.396830e+02
3.310000e-06	5.147637e-06	2.117913e-09	3.646808e+01	1.397571e+02
3.320000e-06	5.162416e-06	2.113838e-09	3.657278e+01	1.398259e+02
3.330000e-06	5.176657e-06	2.110003e-09	3.667367e+01	1.398892e+02
3.340000e-06	5.190630e-06	2.108550e-09	3.677266e+01	1.399469e+02
3.350000e-06	5.204282e-06	2.110248e-09	3.686938e+01	1.399988e+02
3.360000e-06	5.217550e-06	2.113486e-09	3.696337e+01	1.400448e+02
3.370000e-06	5.230424e-06	2.115148e-09	3.705458e+01	1.400848e+02
3.380000e-06	5.242883e-06	2.117238e-09	3.714284e+01	1.401184e+02
3.390000e-06	5.255020e-06	2.120884e-09	3.722883e+01	1.401456e+02
3.400000e-06	5.266878e-06	2.121960e-09	3.731284e+01	1.401661e+02
3.410000e-06	5.278346e-06	2.118887e-09	3.739408e+01	1.401798e+02
3.420000e-06	5.289305e-06	2.113910e-09	3.747172e+01	1.401865e+02
3.430000e-06	5.299714e-06	2.111516e-09	3.754546e+01	1.401861e+02
3.440000e-06	5.309501e-06	2.111046e-09	3.761479e+01	1.401785e+02
3.450000e-06	5.318595e-06	2.109886e-09	3.767922e+01	1.401635e+02
3.460000e-06	5.327063e-06	2.108929e-09	3.773921e+01	1.401412e+02
3.470000e-06	5.335175e-06	2.110316e-09	3.779668e+01	1.401115e+02
3.480000e-06	5.343079e-06	2.113695e-09	3.785268e+01	1.400744e+02
3.490000e-06	5.350707e-06	2.115189e-09	3.790672e+01	1.400301e+02
3.500000e-06	5.358089e-06	2.113246e-09	3.795901e+01	1.399785e+02
3.510000e-06	5.365193e-06	2.111218e-09	3.800934e+01	1.399200e+02
3.520000e-06	5.371918e-06	2.110542e-09	3.805698e+01	1.398546e+02
3.530000e-06	5.378311e-06	2.108174e-09	3.810227e+01	1.397827e+02
3.540000e-06	5.384367e-06	2.105213e-09	3.814518e+01	1.397045e+02
3.550000e-06	5.390023e-06	2.104763e-09	3.818525e+01	1.396204e+02
3.560000e-06	5.395270e-06	2.108862e-09	3.822242e+01	1.395309e+02
3.570000e-06	5.400132e-06	2.113748e-09	3.825686e+01	1.394364e+02
3.580000e-06	5.404625e-06	2.114878e-09	3.828869e+01	1.393374e+02
3.590000e-06	5.408768e-06	2.113684e-09	3.831804e+01	1.392344e+02
3.600000e-06	5.412682e-06	2.113929e-09	3.834577e+01	1.391281e+02
3.610000e-06	5.416353e-06	2.113025e-09	3.837178e+01	1.390190e+02
3.620000e-06	5.419773e-06	2.107947e-09	3.839601e+01	1.389079e+02
3.630000e-06	5.422803e-06	2.103355e-09	3.841747e+01	1.387955e+02
3.640000e-06	5.425111e-06	2.105027e-09	3.843382e+01	1.386823e+02
3.650000e-06	5.426687e-06	2.112018e-09	3.844499e+01	1.385693e+02
3.660000e-06	5.427820e-06	2.117248e-09	3.845301e+01	1.384570e+02
3.670000e-06	5.428524e-06	2.119236e-09	3.845800e+01	1.383463e+02
3.680000e-06	5.428800e-06	2.118698e-09	3.845996e+01	1.382379e+02
3.690000e-06	5.428806e-06	2.115383e-09	3.846000e+01	1.381324e+02
3.700000e-06	5.428583e-06	2.111258e-09	3.845842e+01	1.380307e+02
3.710000e-06	5.428119e-06	2.103791e-09	3.845514e+01	1.379333e+02
3.720000e-06	5.427338e-06	2.097263e-09	3.844960e+01	1.378409e+02
3.730000e-06	5.426158e-06	2.098421e-09	3.844124e+01	1.377542e+02
3.740000e-06	5.424599e-06	2.102777e-09	3.843020e+01	1.376736e+02
3.750000e-06	5.422693e-06	2.090578e-09	3.841670e+01	1.375997e+02
3.760000e-06	5.420475e-06	2.061063e-09	3.840098e+01	1.375329e+02
3.770000e-06	5.417953e-06	2.099536e-09	3.838312e+01	1.374736e+02
3.780000e-06	5.415012e-06	2.184751e-09	3.836228e+01	1.374221e+02
3.790000e-06	5.411636e-06	2.101265e-09	3.833836e+01	1.373786e+02
3.800000e-06	5.407849e-06	1.972483e-09	3.831153e+01	1.373433e+02
3.810000e-06	5.403697e-06	2.023259e-09	3.828212e+01	1.373163e+02
3.820000e-06	5.399296e-06	2.148220e-09	3.825094e+01	1.372974e+02
3.830000e-06	5.394623e-06	2.085284e-09	3.821784e+01	1.372867e+02
3.840000e-06	5.389464e-06	1.908309e-09	3.818129e+01	1.372839e+02
3.850000e-06	5.383669e-06	2.007039e-09	3.814023e+01	1.372887e+02
3.860000e-06	5.377396e-06	2.221795e-09	3.809579e+01	1.373009e+02
3.870000e-06	5.370787e-06	2.122020e-09	3.804897e+01	1.373198e+02
3.880000e-06	5.363735e-06	1.894302e-09	3.799901e+01	1.373451e+02
3.890000e-06	5.356165e-06	1.999994e-09	3.794538e+01	1.373760e+02
3.900000e-06	5.348188e-06	2.192927e-09	3.788887e+01	1.374119e+02
3.910000e-06	5.339981e-06	2.037790e-09	3.783073e+01	1.374521e+02
3.920000e-06	5.331451e-06	1.857130e-09	3.777030e+01	1.374956e+02
3.930000e-06	5.322541e-06	2.053234e-09	3.770717e+01	1.375417e+02
3.940000e-06	5.313344e-06	2.196154e-09	3.764202e+01	1.375894e+02
3.950000e-06	5.303906e-06	1.999684e-09	3.757516e+01	1.376377e+02
3.960000e-06	5.294123e-06	1.913999e-09	3.750585e+01	1.376857e+02
3.970000e-06	5.283876e-06	2.137354e-09	3.743325e+01	1.377322e+02
3.980000e-06	5.273213e-06	2.165788e-09	3.735771e+01	1.377763e+02
3.990000e-06	5.262195e-06	1.988898e-09	3.727966e+01	1.378168e+02
4.000000e-06	5.250784e-06	2.065119e-09	3.719882e+01	1.378528e+02
4.010000e-06	5.238868e-06	2.250056e-09	3.711440e+01	1.378831e+02
4.020000e-06	5.226560e-06	2.141641e-09	3.702720e+01	1.379068e+02
4.030000e-06	5.213928e-06	2.001577e-09	3.693771e+01	1.379228e+02
4.040000e-06	5.200798e-06	2.127167e-09	3.684469e+01	1.379301e+02
4.050000e-06	5.187107e-06	2.165101e-09	3.674771e+01	1.379279e+02
4.060000e-06	5.172916e-06	2.036866e-09	3.664717e+01	1.379153e+02
4.070000e-06	5.158078e-06	2.068915e-09	3.654205e+01	1.378915e+02
4.080000e-06	5.142604e-06	2.169750e-09	3.643242e+01	1.378558e+02
4.090000e-06	5.126794e-06	2.098743e-09	3.632042e+01	1.378074e+02
4.100000e-06	5.110772e-06	2.062465e-09	3.620691e+01	1.377458e+02
4.110000e-06	5.094504e-06	2.125216e-09	3.609166e+01	1.376706e+02
4.120000e-06	5.077941e-06	2.075330e-09	3.597432e+01	1.375813e+02
4.130000e-06	5.061055e-06	2.001576e-09	3.585470e+01	1.374777e+02
4.140000e-06	5.043784e-06	2.077562e-09	3.573234e+01	1.373594e+02
4.150000e-06	5.026139e-06	2.107315e-09	3.560734e+01	1.372265e+02
4.160000e-06	5.008186e-06	2.047124e-09	3.548015e+01	1.370788e+02
4.170000e-06	4.989946e-06	2.059714e-09	3.535093e+01	1.369165e+02
4.180000e-06	4.971361e-06	2.099285e-09	3.521926e+01	1.367397e+02
4.190000e-06	4.952344e-06	2.059170e-09	3.508454e+01	1.365487e+02
4.200000e-06	4.932993e-06	2.032401e-09	3.494745e+01	1.363439e+02
4.210000e-06	4.913405e-06	2.036043e-09	3.480868e+01	1.361256e+02
4.220000e-06	4.893554e-06	2.030942e-09	3.466804e+01	1.358946e+02
4.230000e-06	4.873396e-06	2.042407e-09	3.452524e+01	1.356512e+02
4.240000e-06	4.852979e-06	2.053649e-09	3.438059e+01	1.353962e+02
4.250000e-06	4.832305e-06	2.031653e-09	3.423413e+01	1.351304e+02
4.260000e-06	4.811171e-06	2.031624e-09	3.408441e+01	1.348545e+02
4.270000e-06	4.789513e-06	2.044611e-09	3.393098e+01	1.345694e+02
4.280000e-06	4.767329e-06	2.028015e-09	3.377381e+01	1.342758e+02
4.290000e-06	4.744611e-06	2.010973e-09	3.361287e+01	1.339748e+02
4.300000e-06	4.721417e-06	2.007311e-09	3.344855e+01	1.336672e+02
4.310000e-06	4.697828e-06	2.004520e-09	3.328144e+01	1.333539e+02
4.320000e-06	4.673987e-06	2.007806e-09	3.311254e+01	1.330359e+02
4.330000e-06	4.649920e-06	1.994353e-09	3.294203e+01	1.327142e+02
4.340000e-06	4.625652e-06	1.966170e-09	3.277011e+01	1.323895e+02
4.350000e-06	4.601145e-06	1.970299e-09	3.259650e+01	1.320628e+02
4.360000e-06	4.576314e-06	1.982501e-09	3.242058e+01	1.317349e+02
4.370000e-06	4.551195e-06	1.966380e-09	3.224263e+01	1.314067e+02
4.380000e-06	4.525679e-06	1.954879e-09	3.206186e+01	1.310788e+02
4.390000e-06	4.499741e-06	1.965350e-09	3.187810e+01	1.307520e+02
4.400000e-06	4.473525e-06	1.964913e-09	3.169238e+01	1.304270e+02
4.410000e-06	4.447014e-06	1.949947e-09	3.150456e+01	1.301042e+02
4.420000e-06	4.420157e-06	1.929324e-09	3.131430e+01	1.297842e+02
4.430000e-06	4.392965e-06	1.920443e-09	3.112166e+01	1.294675e+02
4.440000e-06	4.365533e-06	1.928169e-09	3.092732e+01	1.291543e+02
4.450000e-06	4.337898e-06	1.932480e-09	3.073154e+01	1.288450e+02
4.460000e-06	4.310027e-06	1.924015e-09	3.053409e+01	1.285397e+02
4.470000e-06	4.281921e-06	1.925692e-09	3.033498e+01	1.282386e+02
4.480000e-06	4.253616e-06	1.931791e-09	3.013445e+01	1.279416e+02
4.490000e-06	4.225070e-06	1.929024e-09	2.993221e+01	1.276488e+02
4.500000e-06	4.196213e-06	1.916556e-09	2.972778e+01	1.273600e+02
4.510000e-06	4.167046e-06	1.903305e-09	2.952115e+01	1.270750e+02
4.520000e-06	4.137451e-06	1.896983e-09	2.931149e+01	1.267935e+02
4.530000e-06	4.107317e-06	1.902281e-09	2.909800e+01	1.265152e+02
4.540000e-06	4.076645e-06	1.906375e-09	2.888071e+01	1.262398e+02
4.550000e-06	4.045548e-06	1.902370e-09	2.866041e+01	1.259668e+02
4.560000e-06	4.014130e-06	1.897461e-09	2.843783e+01	1.256956e+02
4.570000e-06	3.982398e-06	1.898898e-09	2.821303e+01	1.254258e+02
4.580000e-06	3.950411e-06	1.896743e-09	2.798642e+01	1.251569e+02
4.590000e-06	3.918284e-06	1.883713e-09	2.775881e+01	1.248881e+02
4.600000e-06	3.886038e-06	1.871782e-09	2.753037e+01	1.246189e+02
4.610000e-06	3.853531e-06	1.870913e-09	2.730007e+01	1.243487e+02
4.620000e-06	3.820762e-06	1.870487e-09	2.706793e+01	1.240768e+02
4.630000e-06	3.787781e-06	1.862179e-09	2.683427e+01	1.238027e+02
4.640000e-06	3.754491e-06	1.853401e-09	2.659843e+01	1.235257e+02
4.650000e-06	3.720860e-06	1.852425e-09	2.636017e+01	1.232452e+02
4.660000e-06	3.686939e-06	1.853496e-09	2.611986e+01	1.229606e+02
4.670000e-06	3.652821e-06	1.848069e-09	2.587816e+01	1.226715e+02
4.680000e-06	3.618563e-06	1.841733e-09	2.563546e+01	1.223772e+02
4.690000e-06	3.584027e-06	1.839187e-09	2.539079e+01	1.220774e+02
4.700000e-06	3.549174e-06	1.839759e-09	2.514388e+01	1.217716e+02
4.710000e-06	3.514069e-06	1.835453e-09	2.489518e+01	1.214594e+02
4.720000e-06	3.478748e-06	1.828232e-09	2.464495e+01	1.211404e+02
4.730000e-06	3.443248e-06	1.822525e-09	2.439345e+01	1.208146e+02
4.740000e-06	3.407543e-06	1.819765e-09	2.414050e+01	1.204815e+02
4.750000e-06	3.371694e-06	1.817828e-09	2.388653e+01	1.201411e+02
4.760000e-06	3.335735e-06	1.813709e-09	2.363178e+01	1.197932e+02
4.770000e-06	3.299662e-06	1.805008e-09	2.337623e+01	1.194379e+02
4.780000e-06	3.263389e-06	1.796464e-09	2.311925e+01	1.190750e+02
4.790000e-06	3.226897e-06	1.787509e-09	2.286073e+01	1.187047e+02
4.800000e-06	3.190230e-06	1.777993e-09	2.260097e+01	1.183271e+02
4.810000e-06	3.153242e-06	1.769661e-09	2.233893e+01	1.179423e+02
4.820000e-06	3.115854e-06	1.763913e-09	2.207405e+01	1.175505e+02
4.830000e-06	3.078147e-06	1.759606e-09	2.180692e+01	1.171519e+02
4.840000e-06	3.040032e-06	1.755100e-09	2.153690e+01	1.167468e+02
4.850000e-06	3.001394e-06	1.749818e-09	2.126317e+01	1.163356e+02
4.860000e-06	2.962472e-06	1.745024e-09	2.098743e+01	1.159184e+02
4.870000e-06	2.923328e-06	1.741375e-09	2.071011e+01	1.154957e+02
4.880000e-06	2.883870e-06	1.735774e-09	2.043058e+01	1.150678e+02
4.890000e-06	2.844198e-06	1.726161e-09	2.014953e+01	1.146350e+02
4.900000e-06	2.804382e-06	1.717915e-09	1.986745e+01	1.141977e+02
4.910000e-06	2.764459e-06	1.713732e-09	1.958462e+01	1.137561e+02
4.920000e-06	2.724394e-06	1.711468e-09	1.930078e+01	1.133107e+02
4.930000e-06	2.684283e-06	1.707347e-09	1.901662e+01	1.128618e+02
4.940000e-06	2.644142e-06	1.700017e-09	1.873224e+01	1.124095e+02
4.950000e-06	2.603798e-06	1.692782e-09	1.844643e+01	1.119542e+02
4.960000e-06	2.563268e-06	1.686824e-09	1.815929e+01	1.114960e+02
4.970000e-06	2.522493e-06	1.679930e-09	1.787043e+01	1.110352e+02
4.980000e-06	2.481464e-06	1.672476e-09	1.757976e+01	1.105719e+02
4.990000e-06	2.440334e-06	1.666825e-09	1.728838e+01	1.101061e+02
5.000000e-06	2.399116e-06	1.662030e-09	1.699637e+01	1.096380e+02
5.010000e-06	2.357724e-06	1.655937e-09	1.670314e+01	1.091675e+02
5.020000e-06	2.316083e-06	1.644978e-09	1.640813e+01	1.086945e+02
5.030000e-06	2.274230e-06	1.634397e-09	1.611163e+01	1.082190e+02
5.040000e-06	2.232231e-06	1.626131e-09	1.581409e+01	1.077408e+02
5.050000e-06	2.190123e-06	1.618626e-09	1.551578e+01	1.072597e+02
5.060000e-06	2.147955e-06	1.612582e-09	1.521704e+01	1.067754e+02
5.070000e-06	2.105656e-06	1.607294e-09	1.491737e+01	1.062876e+02
5.080000e-06	2.063122e-06	1.601378e-09	1.461604e+01	1.057961e+02
5.090000e-06	2.020382e-06	1.594169e-09	1.431325e+01	1.053004e+02
5.100000e-06	1.977460e-06	1.585590e-09	1.400918e+01	1.048001e+02
5.110000e-06	1.934430e-06	1.578609e-09	1.370433e+01	1.042947e+02
5.120000e-06	1.891291e-06	1.572568e-09	1.339872e+01	1.037838e+02
5.130000e-06	1.847965e-06	1.565083e-09	1.309178e+01	1.032669e+02
5.140000e-06	1.804510e-06	1.556565e-09	1.278393e+01	1.027433e+02
5.150000e-06	1.760939e-06	1.548348e-09	1.247525e+01	1.022127e+02
5.160000e-06	1.717285e-06	1.540671e-09	1.216599e+01	1.016743e+02
5.170000e-06	1.673641e-06	1.533142e-09	1.185679e+01	1.011278e+02
5.180000e-06	1.629895e-06	1.523247e-09	1.154688e+01	1.005724e+02
5.190000e-06	1.586010e-06	1.511896e-09	1.123598e+01	1.000077e+02
5.200000e-06	1.542093e-06	1.503880e-09	1.092485e+01	9.943302e+01
5.210000e-06	1.498136e-06	1.496710e-09	1.061344e+01	9.884791e+01
5.220000e-06	1.454095e-06	1.488900e-09	1.030144e+01	9.825181e+01
5.230000e-06	1.409999e-06	1.481698e-09	9.989041e+00	9.764422e+01
5.240000e-06	1.365885e-06	1.475261e-09	9.676518e+00	9.702465e+01
5.250000e-06	1.321699e-06	1.468737e-09	9.363487e+00	9.639263e+01
5.260000e-06	1.277440e-06	1.461632e-09	9.049937e+00	9.574772e+01
5.270000e-06	1.233136e-06	1.450590e-09	8.736069e+00	9.508951e+01
5.280000e-06	1.188800e-06	1.437019e-09	8.421968e+00	9.441761e+01
5.290000e-06	1.144401e-06	1.425908e-09	8.107433e+00	9.373167e+01
5.300000e-06	1.099923e-06	1.417371e-09	7.792332e+00	9.303135e+01
5.310000e-06	1.055376e-06	1.408983e-09	7.476737e+00	9.231633e+01
5.320000e-06	1.010757e-06	1.400468e-09	7.160635e+00	9.158634e+01
5.330000e-06	9.659751e-07	1.393780e-09	6.843384e+00	9.084110e+01
5.340000e-06	9.211156e-07	1.387202e-09	6.525580e+00	9.008037e+01
5.350000e-06	8.762655e-07	1.374215e-09	6.207842e+00	8.930390e+01
5.360000e-06	8.313096e-07	1.357192e-09	5.889355e+00	8.851148e+01
5.370000e-06	7.862436e-07	1.342332e-09	5.570089e+00	8.770287e+01
5.380000e-06	7.411059e-07	1.329082e-09	5.250314e+00	8.687786e+01
5.390000e-06	6.959561e-07	1.318390e-09	4.930453e+00	8.603622e+01
5.400000e-06	6.507373e-07	1.309804e-09	4.610103e+00	8.517771e+01
5.410000e-06	6.054195e-07	1.301822e-09	4.289053e+00	8.430208e+01
5.420000e-06	5.600844e-07	1.291746e-09	3.967879e+00	8.340905e+01
5.430000e-06	5.147264e-07	1.276479e-09	3.646544e+00	8.249833e+01
5.440000e-06	4.692445e-07	1.256476e-09	3.324330e+00	8.156957e+01
5.450000e-06	4.236921e-07	1.236127e-09	3.001617e+00	8.062241e+01
5.460000e-06	3.782473e-07	1.220299e-09	2.679667e+00	7.965643e+01
5.470000e-06	3.327589e-07	1.209337e-09	2.357408e+00	7.867117e+01
5.480000e-06	2.870717e-07	1.199837e-09	2.033740e+00	7.766613e+01
5.490000e-06	2.413998e-07	1.189378e-09	1.710181e+00	7.664074e+01
5.500000e-06	1.958542e-07	1.174932e-09	1.387515e+00	7.559438e+01
5.510000e-06	1.502781e-07	1.155692e-09	1.064635e+00	7.452637e+01
5.520000e-06	1.046310e-07	1.133623e-09	7.412513e-01	7.343596e+01
5.530000e-06	5.902277e-08	1.112426e-09	4.181427e-01	7.232237e+01
5.540000e-06	1.346429e-08	1.095825e-09	9.538684e-02	7.118471e+01
5.550000e-06	-3.209492e-08	1.083100e-09	-2.273743e-01	7.002207e+01
5.560000e-06	-7.771176e-08	1.070593e-09	-5.505436e-01	6.883348e+01
5.570000e-06	-1.233378e-07	1.054776e-09	-8.737784e-01	6.761789e+01
5.580000e-06	-1.689358e-07	1.035849e-09	-1.196814e+00	6.637422e+01
5.590000e-06	-2.144944e-07	1.015172e-09	-1.519571e+00	6.510133e+01
5.600000e-06	-2.599678e-07	9.911865e-10	-1.841724e+00	6.379805e+01
5.610000e-06	-3.054041e-07	9.669387e-10	-2.163614e+00	6.246318e+01
5.620000e-06	-3.508666e-07	9.455488e-10	-2.485690e+00	6.109548e+01
5.630000e-06	-3.962526e-07	9.267659e-10	-2.807225e+00	5.969369e+01
5.640000e-06	-4.415333e-07	9.095805e-10	-3.128012e+00	5.825656e+01
5.650000e-06	-4.868417e-07	8.896995e-10	-3.448996e+00	5.678282e+01
5.660000e-06	-5.321436e-07	8.671639e-10	-3.769935e+00	5.527121e+01
5.670000e-06	-5.773500e-07	8.439276e-10	-4.090197e+00	5.372051e+01
5.680000e-06	-6.224380e-07	8.184526e-10	-4.409619e+00	5.212952e+01
5.690000e-06	-6.674656e-07	7.901863e-10	-4.728614e+00	5.049708e+01
5.700000e-06	-7.124774e-07	7.607990e-10	-5.047497e+00	4.882210e+01
5.710000e-06	-7.574197e-07	7.328019e-10	-5.365887e+00	4.710353e+01
5.720000e-06	-8.022767e-07	7.099567e-10	-5.683674e+00	4.534043e+01
5.730000e-06	-8.470277e-07	6.903150e-10	-6.000709e+00	4.353193e+01
5.740000e-06	-8.917040e-07	6.696943e-10	-6.317216e+00	4.167727e+01
5.750000e-06	-9.364457e-07	6.460703e-10	-6.634185e+00	3.977581e+01
5.760000e-06	-9.811245e-07	6.193650e-10	-6.950709e+00	3.782702e+01
5.770000e-06	-1.025654e-06	5.858214e-10	-7.266176e+00	3.583052e+01
5.780000e-06	-1.070131e-06	5.459418e-10	-7.581271e+00	3.378607e+01
5.790000e-06	-1.114568e-06	5.055209e-10	-7.896080e+00	3.169357e+01
5.800000e-06	-1.158982e-06	4.680133e-10	-8.210728e+00	2.955311e+01
5.810000e-06	-1.203282e-06	4.368010e-10	-8.524569e+00	2.736490e+01
5.820000e-06	-1.247431e-06	4.099944e-10	-8.837340e+00	2.512939e+01
5.830000e-06	-1.291523e-06	3.842056e-10	-9.149702e+00	2.284714e+01
5.840000e-06	-1.335560e-06	3.561977e-10	-9.461681e+00	2.051895e+01
5.850000e-06	-1.379557e-06	3.235203e-10	-9.773377e+00	1.814576e+01
5.860000e-06	-1.423565e-06	2.843809e-10	-1.008515e+01	1.572874e+01
5.870000e-06	-1.467586e-06	2.407466e-10	-1.039701e+01	1.326921e+01
5.880000e-06	-1.511570e-06	1.957350e-10	-1.070862e+01	1.076869e+01
5.890000e-06	-1.555467e-06	1.554674e-10	-1.101960e+01	8.228876e+00
5.900000e-06	-1.599275e-06	1.212019e-10	-1.132995e+01	5.651656e+00
5.910000e-06	-1.643018e-06	8.522565e-11	-1.163985e+01	3.039078e+00
5.920000e-06	-1.686695e-06	4.556421e-11	-1.194928e+01	3.933619e-01
5.930000e-06	-1.730294e-06	6.096383e-12	-1.225815e+01	-2.283116e+00
5.940000e-06	-1.773749e-06	-3.496948e-11	-1.256600e+01	-4.987827e+00
5.950000e-06	-1.817060e-06	-8.031665e-11	-1.287284e+01	-7.718105e+00
5.960000e-06	-1.860265e-06	-1.273242e-10	-1.317892e+01	-1.047115e+01
5.970000e-06	-1.903340e-06	-1.729861e-10	-1.348408e+01	-1.324406e+01
5.980000e-06	-1.946249e-06	-2.151860e-10	-1.378807e+01	-1.603381e+01
5.990000e-06	-1.988997e-06	-2.570665e-10	-1.409091e+01	-1.883729e+01
6.000000e-06	-2.031568e-06	-3.029947e-10	-1.439250e+01	-2.165132e+01
6.010000e-06	-2.073964e-06	-3.504965e-10	-1.469286e+01	-2.447266e+01
6.020000e-06	-2.116286e-06	-3.949933e-10	-1.499268e+01	-2.729801e+01
6.030000e-06	-2.158435e-06	-4.374005e-10	-1.529128e+01	-3.012404e+01
6.040000e-06	-2.200407e-06	-4.815714e-10	-1.558863e+01	-3.294743e+01
6.050000e-06	-2.242296e-06	-5.272538e-10	-1.588539e+01	-3.576484e+01
6.060000e-06	-2.283988e-06	-5.723994e-10	-1.618075e+01	-3.857293e+01
6.070000e-06	-2.325503e-06	-6.181504e-10	-1.647487e+01	-4.136842e+01
6.080000e-06	-2.366910e-06	-6.646641e-10	-1.676821e+01	-4.414808e+01
6.090000e-06	-2.408133e-06	-7.107813e-10	-1.706025e+01	-4.690870e+01
6.100000e-06	-2.449149e-06	-7.547776e-10	-1.735083e+01	-4.964718e+01
6.110000e-06	-2.489986e-06	-7.988615e-10	-1.764014e+01	-5.236051e+01
6.120000e-06	-2.530623e-06	-8.402385e-10	-1.792802e+01	-5.504577e+01
6.130000e-06	-2.571082e-06	-8.791775e-10	-1.821465e+01	-5.770014e+01
6.140000e-06	-2.611380e-06	-9.170065e-10	-1.850014e+01	-6.032095e+01
6.150000e-06	-2.651524e-06	-9.581555e-10	-1.878454e+01	-6.290565e+01
6.160000e-06	-2.691599e-06	-1.003436e-09	-1.906845e+01	-6.545183e+01
6.170000e-06	-2.731588e-06	-1.048080e-09	-1.935175e+01	-6.795724e+01
6.180000e-06	-2.771437e-06	-1.086918e-09	-1.963405e+01	-7.041978e+01
6.190000e-06	-2.811193e-06	-1.120314e-09	-1.991570e+01	-7.283753e+01
6.200000e-06	-2.850883e-06	-1.152481e-09	-2.019688e+01	-7.520871e+01
6.210000e-06	-2.890436e-06	-1.181459e-09	-2.047709e+01	-7.753173e+01
6.220000e-06	-2.929791e-06	-1.211281e-09	-2.075590e+01	-7.980517e+01
6.230000e-06	-2.968811e-06	-1.245776e-09	-2.103234e+01	-8.202779e+01
6.240000e-06	-3.007435e-06	-1.284911e-09	-2.130597e+01	-8.419850e+01
6.250000e-06	-3.045721e-06	-1.326904e-09	-2.157720e+01	-8.631642e+01
6.260000e-06	-3.083689e-06	-1.365056e-09	-2.184618e+01	-8.838080e+01
6.270000e-06	-3.121243e-06	-1.394629e-09	-2.211223e+01	-9.039108e+01
6.280000e-06	-3.158386e-06	-1.417234e-09	-2.237536e+01	-9.234687e+01
6.290000e-06	-3.195211e-06	-1.439097e-09	-2.263625e+01	-9.424791e+01
6.300000e-06	-3.231687e-06	-1.463818e-09	-2.289466e+01	-9.609411e+01
6.310000e-06	-3.267910e-06	-1.489353e-09	-2.315129e+01	-9.788552e+01
6.320000e-06	-3.304031e-06	-1.518083e-09	-2.340718e+01	-9.962234e+01
6.330000e-06	-3.340055e-06	-1.551254e-09	-2.366239e+01	-1.013049e+02
6.340000e-06	-3.375952e-06	-1.585275e-09	-2.391670e+01	-1.029336e+02
6.350000e-06	-3.411721e-06	-1.613630e-09	-2.417010e+01	-1.045089e+02
6.360000e-06	-3.447283e-06	-1.630398e-09	-2.442204e+01	-1.060317e+02
6.370000e-06	-3.482620e-06	-1.639752e-09	-2.467238e+01	-1.075025e+02
6.380000e-06	-3.517735e-06	-1.649984e-09	-2.492115e+01	-1.089223e+02
6.390000e-06	-3.552605e-06	-1.665235e-09	-2.516818e+01	-1.102919e+02
6.400000e-06	-3.587171e-06	-1.685649e-09	-2.541307e+01	-1.116124e+02
6.410000e-06	-3.621458e-06	-1.709217e-09	-2.565597e+01	-1.128847e+02
6.420000e-06	-3.655536e-06	-1.734764e-09	-2.589739e+01	-1.141099e+02
6.430000e-06	-3.689399e-06	-1.757251e-09	-2.613729e+01	-1.152891e+02
6.440000e-06	-3.723069e-06	-1.773513e-09	-2.637582e+01	-1.164236e+02
6.450000e-06	-3.756453e-06	-1.782661e-09	-2.661233e+01	-1.175144e+02
6.460000e-06	-3.789421e-06	-1.790132e-09	-2.684589e+01	-1.185628e+02
6.470000e-06	-3.822046e-06	-1.802757e-09	-2.707702e+01	-1.195700e+02
6.480000e-06	-3.854536e-06	-1.820295e-09	-2.730719e+01	-1.205372e+02
6.490000e-06	-3.886881e-06	-1.838953e-09	-2.753634e+01	-1.214655e+02
6.500000e-06	-3.918970e-06	-1.857138e-09	-2.776367e+01	-1.223563e+02
6.510000e-06	-3.950877e-06	-1.873632e-09	-2.798972e+01	-1.232106e+02
6.520000e-06	-3.982638e-06	-1.887161e-09	-2.821473e+01	-1.240297e+02
6.530000e-06	-4.014175e-06	-1.894808e-09	-2.843815e+01	-1.248147e+02
6.540000e-06	-4.045374e-06	-1.898354e-09	-2.865917e+01	-1.255668e+02
6.550000e-06	-4.076087e-06	-1.906349e-09	-2.887676e+01	-1.262871e+02
6.560000e-06	-4.106218e-06	-1.920493e-09	-2.909022e+01	-1.269766e+02
6.570000e-06	-4.135847e-06	-1.934747e-09	-2.930012e+01	-1.276365e+02
6.580000e-06	-4.165109e-06	-1.945411e-09	-2.950743e+01	-1.282677e+02
6.590000e-06	-4.193939e-06	-1.951973e-09	-2.971167e+01	-1.288714e+02
6.600000e-06	-4.222418e-06	-1.956682e-09	-2.991343e+01	-1.294484e+02
6.610000e-06	-4.250690e-06	-1.961982e-09	-3.011372e+01	-1.299998e+02
6.620000e-06	-4.278743e-06	-1.969143e-09	-3.031246e+01	-1.305264e+02
6.630000e-06	-4.306694e-06	-1.977406e-09	-3.051047e+01	-1.310293e+02
6.640000e-06	-4.334423e-06	-1.985598e-09	-3.070692e+01	-1.315092e+02
6.650000e-06	-4.361804e-06	-1.993336e-09	-3.090090e+01	-1.319671e+02
6.660000e-06	-4.388944e-06	-2.000261e-09	-3.109317e+01	-1.324037e+02
6.670000e-06	-4.415807e-06	-2.006269e-09	-3.128348e+01	-1.328200e+02
6.680000e-06	-4.442338e-06	-2.009475e-09	-3.147144e+01	-1.332167e+02
6.690000e-06	-4.468514e-06	-2.012172e-09	-3.165688e+01	-1.335946e+02
6.700000e-06	-4.494410e-06	-2.016795e-09	-3.184034e+01	-1.339545e+02
6.710000e-06	-4.519997e-06	-2.023044e-09	-3.202161e+01	-1.342971e+02
6.720000e-06	-4.545125e-06	-2.030661e-09	-3.219962e+01	-1.346232e+02
6.730000e-06	-4.569860e-06	-2.036777e-09	-3.237485e+01	-1.349335e+02
6.740000e-06	-4.594309e-06	-2.040246e-09	-3.254806e+01	-1.352287e+02
6.750000e-06	-4.618568e-06	-2.044127e-09	-3.271992e+01	-1.355095e+02
6.760000e-06	-4.642606e-06	-2.049164e-09	-3.289022e+01	-1.357765e+02
6.770000e-06	-4.666404e-06	-2.055201e-09	-3.305882e+01	-1.360305e+02
6.780000e-06	-4.689961e-06	-2.062121e-09	-3.322570e+01	-1.362721e+02
6.790000e-06	-4.713231e-06	-2.068520e-09	-3.339056e+01	-1.365018e+02
6.800000e-06	-4.736127e-06	-2.072362e-09	-3.355277e+01	-1.367204e+02
6.810000e-06	-4.758538e-06	-2.073728e-09	-3.371153e+01	-1.369284e+02
6.820000e-06	-4.780359e-06	-2.074007e-09	-3.386612e+01	-1.371263e+02
6.830000e-06	-4.801553e-06	-2.076077e-09	-3.401627e+01	-1.373148e+02
6.840000e-06	-4.822295e-06	-2.080309e-09	-3.416321e+01	-1.374942e+02
6.850000e-06	-4.842667e-06	-2.084623e-09	-3.430754e+01	-1.376652e+02
6.860000e-06	-4.862772e-06	-2.087702e-09	-3.444998e+01	-1.378282e+02
6.870000e-06	-4.882727e-06	-2.090820e-09	-3.459134e+01	-1.379836e+02
6.880000e-06	-4.902489e-06	-2.091787e-09	-3.473135e+01	-1.381318e+02
6.890000e-06	-4.922004e-06	-2.092187e-09	-3.486960e+01	-1.382732e+02
6.900000e-06	-4.941174e-06	-2.095392e-09	-3.500540e+01	-1.384081e+02
6.910000e-06	-4.959935e-06	-2.101182e-09	-3.513832e+01	-1.385368e+02
6.920000e-06	-4.978325e-06	-2.108858e-09	-3.526860e+01	-1.386596e+02
6.930000e-06	-4.996402e-06	-2.116128e-09	-3.539667e+01	-1.387767e+02
6.940000e-06	-5.014162e-06	-2.121417e-09	-3.552248e+01	-1.388883e+02
6.950000e-06	-5.031555e-06	-2.121113e-09	-3.564571e+01	-1.389946e+02
6.960000e-06	-5.048646e-06	-2.118084e-09	-3.576678e+01	-1.390956e+02
6.970000e-06	-5.065386e-06	-2.115303e-09	-3.588538e+01	-1.391914e+02
6.980000e-06	-5.081750e-06	-2.113990e-09	-3.600131e+01	-1.392821e+02
6.990000e-06	-5.097852e-06	-2.114160e-09	-3.611538e+01	-1.393676e+02
7.000000e-06	-5.113734e-06	-2.115312e-09	-3.622789e+01	-1.394480e+02
7.010000e-06	-5.129353e-06	-2.117407e-09	-3.633855e+01	-1.395232e+02
7.020000e-06	-5.144628e-06	-2.119611e-09	-3.644676e+01	-1.395930e+02
7.030000e-06	-5.159386e-06	-2.122249e-09	-3.655131e+01	-1.396574e+02
7.040000e-06	-5.173480e-06	-2.121959e-09	-3.665116e+01	-1.397162e+02
7.050000e-06	-5.186996e-06	-2.117681e-09	-3.674692e+01	-1.397693e+02
7.060000e-06	-5.200037e-06	-2.113796e-09	-3.683930e+01	-1.398165e+02
7.070000e-06	-5.212612e-06	-2.112459e-09	-3.692839e+01	-1.398576e+02
7.080000e-06	-5.224783e-06	-2.111923e-09	-3.701461e+01	-1.398925e+02
7.090000e-06	-5.236621e-06	-2.110337e-09	-3.709848e+01	-1.399210e+02
7.100000e-06	-5.248146e-06	-2.110641e-09	-3.718013e+01	-1.399428e+02
7.110000e-06	-5.259327e-06	-2.110186e-09	-3.725934e+01	-1.399578e+02
7.120000e-06	-5.270109e-06	-2.107842e-09	-3.733573e+01	-1.399659e+02
7.130000e-06	-5.280479e-06	-2.106587e-09	-3.740919e+01	-1.399668e+02
7.140000e-06	-5.290459e-06	-2.108615e-09	-3.747989e+01	-1.399606e+02
7.150000e-06	-5.300140e-06	-2.111213e-09	-3.754848e+01	-1.399471e+02
7.160000e-06	-5.309442e-06	-2.109587e-09	-3.761437e+01	-1.399261e+02
7.170000e-06	-5.318248e-06	-2.104651e-09	-3.767676e+01	-1.398979e+02
7.180000e-06	-5.326771e-06	-2.099215e-09	-3.773714e+01	-1.398622e+02
7.190000e-06	-5.335064e-06	-2.096660e-09	-3.779589e+01	-1.398192e+02
7.200000e-06	-5.343092e-06	-2.096189e-09	-3.785277e+01	-1.397691e+02
7.210000e-06	-5.350897e-06	-2.096284e-09	-3.790806e+01	-1.397118e+02
7.220000e-06	-5.358369e-06	-2.097629e-09	-3.796100e+01	-1.396478e+02
7.230000e-06	-5.365413e-06	-2.100400e-09	-3.801090e+01	-1.395771e+02
7.240000e-06	-5.371895e-06	-2.101606e-09	-3.805682e+01	-1.395001e+02
7.250000e-06	-5.377805e-06	-2.097876e-09	-3.809869e+01	-1.394172e+02
7.260000e-06	-5.383164e-06	-2.089161e-09	-3.813665e+01	-1.393287e+02
7.270000e-06	-5.388003e-06	-2.081024e-09	-3.817093e+01	-1.392352e+02
7.280000e-06	-5.392459e-06	-2.076115e-09	-3.820250e+01	-1.391370e+02
7.290000e-06	-5.396621e-06	-2.071457e-09	-3.823199e+01	-1.390349e+02
7.300000e-06	-5.400507e-06	-2.067068e-09	-3.825952e+01	-1.389292e+02
7.310000e-06	-5.404072e-06	-2.067070e-09	-3.828477e+01	-1.388208e+02
7.320000e-06	-5.407305e-06	-2.069942e-09	-3.830768e+01	-1.387102e+02
7.330000e-06	-5.410141e-06	-2.071620e-09	-3.832777e+01	-1.385980e+02
7.340000e-06	-5.412565e-06	-2.070526e-09	-3.834494e+01	-1.384852e+02
7.350000e-06	-5.414652e-06	-2.068502e-09	-3.835973e+01	-1.383722e+02
7.360000e-06	-5.416461e-06	-2.066334e-09	-3.837254e+01	-1.382599e+02
7.370000e-06	-5.417857e-06	-2.062146e-09	-3.838243e+01	-1.381491e+02
7.380000e-06	-5.418787e-06	-2.058201e-09	-3.838902e+01	-1.380404e+02
7.390000e-06	-5.419437e-06	-2.057681e-09	-3.839363e+01	-1.379346e+02
7.400000e-06	-5.419874e-06	-2.059030e-09	-3.839672e+01	-1.378323e+02
