# Temperatura_=_-1.5
# Concentracion g/m^3_=_4090.0
# C_Vs_to_Am_M_A/Vsm_=_65563218390.804596
# pendiente_HvsI_1/m_=_3716.3
# ordenada_HvsI_A/m_=_1297.0
# frecuencia_Hz_=_135070.79278405628

Tiempo_(s)	Campo_(V.s)	Magnetizacion_(V.s)	Campo_(kA/m)	Magnetizacion_(A/m)
0.000000e+00	-5.399676e-06	-2.130647e-09	-3.840629e+01	-1.411714e+02
1.000000e-08	-5.399826e-06	-2.127326e-09	-3.840736e+01	-1.410708e+02
2.000000e-08	-5.399754e-06	-2.122321e-09	-3.840685e+01	-1.409758e+02
3.000000e-08	-5.399453e-06	-2.115976e-09	-3.840471e+01	-1.408871e+02
4.000000e-08	-5.398755e-06	-2.112403e-09	-3.839974e+01	-1.408052e+02
5.000000e-08	-5.397593e-06	-2.112743e-09	-3.839148e+01	-1.407306e+02
6.000000e-08	-5.395885e-06	-2.112243e-09	-3.837933e+01	-1.406639e+02
7.000000e-08	-5.393542e-06	-2.112621e-09	-3.836266e+01	-1.406055e+02
8.000000e-08	-5.390531e-06	-2.138100e-09	-3.834124e+01	-1.405557e+02
9.000000e-08	-5.386852e-06	-2.157554e-09	-3.831508e+01	-1.405147e+02
1.000000e-07	-5.382717e-06	-2.120852e-09	-3.828566e+01	-1.404828e+02
1.100000e-07	-5.378393e-06	-2.074791e-09	-3.825492e+01	-1.404601e+02
1.200000e-07	-5.374096e-06	-2.096304e-09	-3.822435e+01	-1.404465e+02
1.300000e-07	-5.369576e-06	-2.150092e-09	-3.819220e+01	-1.404421e+02
1.400000e-07	-5.364432e-06	-2.136157e-09	-3.815562e+01	-1.404466e+02
1.500000e-07	-5.358764e-06	-2.062306e-09	-3.811529e+01	-1.404599e+02
1.600000e-07	-5.352923e-06	-2.097605e-09	-3.807375e+01	-1.404816e+02
1.700000e-07	-5.346801e-06	-2.147054e-09	-3.803020e+01	-1.405112e+02
1.800000e-07	-5.340115e-06	-2.165760e-09	-3.798265e+01	-1.405483e+02
1.900000e-07	-5.332974e-06	-2.084268e-09	-3.793186e+01	-1.405923e+02
2.000000e-07	-5.325716e-06	-2.105104e-09	-3.788024e+01	-1.406425e+02
2.100000e-07	-5.318270e-06	-2.143277e-09	-3.782728e+01	-1.406982e+02
2.200000e-07	-5.310456e-06	-2.169002e-09	-3.777169e+01	-1.407585e+02
2.300000e-07	-5.302382e-06	-2.166539e-09	-3.771427e+01	-1.408227e+02
2.400000e-07	-5.294055e-06	-2.201688e-09	-3.765504e+01	-1.408897e+02
2.500000e-07	-5.285111e-06	-2.220099e-09	-3.759143e+01	-1.409586e+02
2.600000e-07	-5.275417e-06	-2.194458e-09	-3.752247e+01	-1.410283e+02
2.700000e-07	-5.265175e-06	-2.215284e-09	-3.744963e+01	-1.410978e+02
2.800000e-07	-5.254450e-06	-2.236035e-09	-3.737334e+01	-1.411661e+02
2.900000e-07	-5.243257e-06	-2.201578e-09	-3.729373e+01	-1.412319e+02
3.000000e-07	-5.231613e-06	-2.158864e-09	-3.721091e+01	-1.412943e+02
3.100000e-07	-5.219609e-06	-2.217441e-09	-3.712553e+01	-1.413521e+02
3.200000e-07	-5.207210e-06	-2.242361e-09	-3.703734e+01	-1.414041e+02
3.300000e-07	-5.194369e-06	-2.219013e-09	-3.694600e+01	-1.414494e+02
3.400000e-07	-5.181106e-06	-2.173634e-09	-3.685167e+01	-1.414869e+02
3.500000e-07	-5.167486e-06	-2.214581e-09	-3.675480e+01	-1.415155e+02
3.600000e-07	-5.153506e-06	-2.226161e-09	-3.665536e+01	-1.415344e+02
3.700000e-07	-5.139176e-06	-2.217761e-09	-3.655343e+01	-1.415426e+02
3.800000e-07	-5.124454e-06	-2.174704e-09	-3.644872e+01	-1.415393e+02
3.900000e-07	-5.109035e-06	-2.179374e-09	-3.633905e+01	-1.415237e+02
4.000000e-07	-5.093003e-06	-2.186863e-09	-3.622502e+01	-1.414951e+02
4.100000e-07	-5.076597e-06	-2.203731e-09	-3.610833e+01	-1.414529e+02
4.200000e-07	-5.059776e-06	-2.180723e-09	-3.598868e+01	-1.413966e+02
4.300000e-07	-5.042613e-06	-2.167998e-09	-3.586661e+01	-1.413258e+02
4.400000e-07	-5.025227e-06	-2.172355e-09	-3.574295e+01	-1.412401e+02
4.500000e-07	-5.007595e-06	-2.197218e-09	-3.561754e+01	-1.411393e+02
4.600000e-07	-4.989577e-06	-2.179146e-09	-3.548938e+01	-1.410232e+02
4.700000e-07	-4.971173e-06	-2.149504e-09	-3.535848e+01	-1.408919e+02
4.800000e-07	-4.952401e-06	-2.144902e-09	-3.522496e+01	-1.407453e+02
4.900000e-07	-4.933264e-06	-2.170316e-09	-3.508884e+01	-1.405837e+02
5.000000e-07	-4.913750e-06	-2.167932e-09	-3.495004e+01	-1.404072e+02
5.100000e-07	-4.893964e-06	-2.139544e-09	-3.480932e+01	-1.402163e+02
5.200000e-07	-4.874014e-06	-2.129389e-09	-3.466741e+01	-1.400114e+02
5.300000e-07	-4.853780e-06	-2.144461e-09	-3.452350e+01	-1.397929e+02
5.400000e-07	-4.833228e-06	-2.151987e-09	-3.437732e+01	-1.395615e+02
5.500000e-07	-4.812366e-06	-2.133563e-09	-3.422893e+01	-1.393179e+02
5.600000e-07	-4.791150e-06	-2.121140e-09	-3.407803e+01	-1.390627e+02
5.700000e-07	-4.769636e-06	-2.124044e-09	-3.392501e+01	-1.387968e+02
5.800000e-07	-4.747840e-06	-2.138077e-09	-3.376997e+01	-1.385209e+02
5.900000e-07	-4.725762e-06	-2.127303e-09	-3.361294e+01	-1.382360e+02
6.000000e-07	-4.703372e-06	-2.106897e-09	-3.345369e+01	-1.379429e+02
6.100000e-07	-4.680559e-06	-2.096999e-09	-3.329143e+01	-1.376426e+02
6.200000e-07	-4.657392e-06	-2.113503e-09	-3.312665e+01	-1.373360e+02
6.300000e-07	-4.633865e-06	-2.109744e-09	-3.295930e+01	-1.370240e+02
6.400000e-07	-4.610076e-06	-2.098952e-09	-3.279010e+01	-1.367076e+02
6.500000e-07	-4.586195e-06	-2.091656e-09	-3.262024e+01	-1.363877e+02
6.600000e-07	-4.562134e-06	-2.105079e-09	-3.244910e+01	-1.360650e+02
6.700000e-07	-4.537764e-06	-2.104633e-09	-3.227577e+01	-1.357406e+02
6.800000e-07	-4.512989e-06	-2.093550e-09	-3.209955e+01	-1.354152e+02
6.900000e-07	-4.487741e-06	-2.069627e-09	-3.191997e+01	-1.350896e+02
7.000000e-07	-4.462043e-06	-2.067198e-09	-3.173718e+01	-1.347644e+02
7.100000e-07	-4.435823e-06	-2.070160e-09	-3.155069e+01	-1.344404e+02
7.200000e-07	-4.409065e-06	-2.070562e-09	-3.136037e+01	-1.341181e+02
7.300000e-07	-4.381833e-06	-2.059242e-09	-3.116668e+01	-1.337980e+02
7.400000e-07	-4.354230e-06	-2.065165e-09	-3.097034e+01	-1.334805e+02
7.500000e-07	-4.326451e-06	-2.073508e-09	-3.077276e+01	-1.331660e+02
7.600000e-07	-4.298582e-06	-2.072580e-09	-3.057454e+01	-1.328548e+02
7.700000e-07	-4.270548e-06	-2.056047e-09	-3.037514e+01	-1.325471e+02
7.800000e-07	-4.242275e-06	-2.044410e-09	-3.017404e+01	-1.322429e+02
7.900000e-07	-4.213715e-06	-2.039755e-09	-2.997091e+01	-1.319423e+02
8.000000e-07	-4.184883e-06	-2.036691e-09	-2.976583e+01	-1.316452e+02
8.100000e-07	-4.155741e-06	-2.026582e-09	-2.955855e+01	-1.313515e+02
8.200000e-07	-4.126133e-06	-2.019892e-09	-2.934796e+01	-1.310610e+02
8.300000e-07	-4.096220e-06	-2.025787e-09	-2.913520e+01	-1.307734e+02
8.400000e-07	-4.066135e-06	-2.031449e-09	-2.892121e+01	-1.304884e+02
8.500000e-07	-4.035751e-06	-2.025103e-09	-2.870510e+01	-1.302056e+02
8.600000e-07	-4.005025e-06	-2.009786e-09	-2.848656e+01	-1.299244e+02
8.700000e-07	-3.974037e-06	-2.003351e-09	-2.826615e+01	-1.296445e+02
8.800000e-07	-3.942799e-06	-2.000008e-09	-2.804396e+01	-1.293652e+02
8.900000e-07	-3.911321e-06	-1.993803e-09	-2.782006e+01	-1.290861e+02
9.000000e-07	-3.879620e-06	-1.977310e-09	-2.759459e+01	-1.288063e+02
9.100000e-07	-3.847751e-06	-1.970803e-09	-2.736791e+01	-1.285254e+02
9.200000e-07	-3.815759e-06	-1.973365e-09	-2.714036e+01	-1.282427e+02
9.300000e-07	-3.783534e-06	-1.978691e-09	-2.691116e+01	-1.279576e+02
9.400000e-07	-3.751051e-06	-1.973877e-09	-2.668011e+01	-1.276694e+02
9.500000e-07	-3.718368e-06	-1.970530e-09	-2.644765e+01	-1.273775e+02
9.600000e-07	-3.685297e-06	-1.968983e-09	-2.621242e+01	-1.270812e+02
9.700000e-07	-3.651752e-06	-1.964488e-09	-2.597383e+01	-1.267801e+02
9.800000e-07	-3.617848e-06	-1.944925e-09	-2.573268e+01	-1.264735e+02
9.900000e-07	-3.583489e-06	-1.923778e-09	-2.548829e+01	-1.261610e+02
1.000000e-06	-3.548635e-06	-1.912264e-09	-2.524039e+01	-1.258421e+02
1.010000e-06	-3.513447e-06	-1.917292e-09	-2.499011e+01	-1.255163e+02
1.020000e-06	-3.477983e-06	-1.920305e-09	-2.473786e+01	-1.251833e+02
1.030000e-06	-3.442287e-06	-1.919617e-09	-2.448396e+01	-1.248428e+02
1.040000e-06	-3.406492e-06	-1.917079e-09	-2.422937e+01	-1.244945e+02
1.050000e-06	-3.370567e-06	-1.915161e-09	-2.397384e+01	-1.241383e+02
1.060000e-06	-3.334486e-06	-1.901845e-09	-2.371721e+01	-1.237739e+02
1.070000e-06	-3.298308e-06	-1.878855e-09	-2.345989e+01	-1.234014e+02
1.080000e-06	-3.261971e-06	-1.859026e-09	-2.320143e+01	-1.230208e+02
1.090000e-06	-3.225357e-06	-1.854059e-09	-2.294100e+01	-1.226320e+02
1.100000e-06	-3.188450e-06	-1.857746e-09	-2.267850e+01	-1.222352e+02
1.110000e-06	-3.151223e-06	-1.858231e-09	-2.241371e+01	-1.218305e+02
1.120000e-06	-3.113744e-06	-1.853921e-09	-2.214714e+01	-1.214182e+02
1.130000e-06	-3.076111e-06	-1.849072e-09	-2.187947e+01	-1.209985e+02
1.140000e-06	-3.038243e-06	-1.842212e-09	-2.161012e+01	-1.205717e+02
1.150000e-06	-3.000210e-06	-1.829164e-09	-2.133960e+01	-1.201382e+02
1.160000e-06	-2.962068e-06	-1.813791e-09	-2.106831e+01	-1.196983e+02
1.170000e-06	-2.923757e-06	-1.802777e-09	-2.079581e+01	-1.192524e+02
1.180000e-06	-2.885210e-06	-1.799878e-09	-2.052164e+01	-1.188009e+02
1.190000e-06	-2.846403e-06	-1.795594e-09	-2.024562e+01	-1.183443e+02
1.200000e-06	-2.807388e-06	-1.790551e-09	-1.996811e+01	-1.178830e+02
1.210000e-06	-2.768176e-06	-1.788214e-09	-1.968921e+01	-1.174174e+02
1.220000e-06	-2.728748e-06	-1.787571e-09	-1.940877e+01	-1.169479e+02
1.230000e-06	-2.689126e-06	-1.780386e-09	-1.912696e+01	-1.164749e+02
1.240000e-06	-2.649368e-06	-1.769087e-09	-1.884416e+01	-1.159989e+02
1.250000e-06	-2.609497e-06	-1.758552e-09	-1.856058e+01	-1.155202e+02
1.260000e-06	-2.569567e-06	-1.753658e-09	-1.827657e+01	-1.150391e+02
1.270000e-06	-2.529603e-06	-1.748194e-09	-1.799232e+01	-1.145560e+02
1.280000e-06	-2.489545e-06	-1.741175e-09	-1.770739e+01	-1.140709e+02
1.290000e-06	-2.449290e-06	-1.732297e-09	-1.742107e+01	-1.135843e+02
1.300000e-06	-2.408881e-06	-1.725724e-09	-1.713366e+01	-1.130961e+02
1.310000e-06	-2.368362e-06	-1.718362e-09	-1.684546e+01	-1.126066e+02
1.320000e-06	-2.327586e-06	-1.710030e-09	-1.655543e+01	-1.121157e+02
1.330000e-06	-2.286547e-06	-1.701713e-09	-1.626353e+01	-1.116234e+02
1.340000e-06	-2.245272e-06	-1.697909e-09	-1.596995e+01	-1.111297e+02
1.350000e-06	-2.203725e-06	-1.696483e-09	-1.567444e+01	-1.106345e+02
1.360000e-06	-2.161942e-06	-1.690780e-09	-1.537725e+01	-1.101374e+02
1.370000e-06	-2.119920e-06	-1.678895e-09	-1.507836e+01	-1.096383e+02
1.380000e-06	-2.077595e-06	-1.666934e-09	-1.477732e+01	-1.091369e+02
1.390000e-06	-2.035062e-06	-1.656647e-09	-1.447479e+01	-1.086328e+02
1.400000e-06	-1.992330e-06	-1.648270e-09	-1.417085e+01	-1.081255e+02
1.410000e-06	-1.949315e-06	-1.641458e-09	-1.386490e+01	-1.076147e+02
1.420000e-06	-1.906077e-06	-1.635868e-09	-1.355736e+01	-1.070998e+02
1.430000e-06	-1.862749e-06	-1.632297e-09	-1.324918e+01	-1.065802e+02
1.440000e-06	-1.819327e-06	-1.628292e-09	-1.294033e+01	-1.060554e+02
1.450000e-06	-1.775754e-06	-1.620882e-09	-1.263041e+01	-1.055248e+02
1.460000e-06	-1.732103e-06	-1.609210e-09	-1.231994e+01	-1.049877e+02
1.470000e-06	-1.688399e-06	-1.597980e-09	-1.200908e+01	-1.044434e+02
1.480000e-06	-1.644618e-06	-1.587775e-09	-1.169768e+01	-1.038913e+02
1.490000e-06	-1.600710e-06	-1.577902e-09	-1.138537e+01	-1.033307e+02
1.500000e-06	-1.556682e-06	-1.570385e-09	-1.107222e+01	-1.027609e+02
1.510000e-06	-1.512577e-06	-1.565810e-09	-1.075851e+01	-1.021812e+02
1.520000e-06	-1.468396e-06	-1.559070e-09	-1.044426e+01	-1.015909e+02
1.530000e-06	-1.424182e-06	-1.546529e-09	-1.012978e+01	-1.009894e+02
1.540000e-06	-1.379911e-06	-1.530555e-09	-9.814894e+00	-1.003760e+02
1.550000e-06	-1.335486e-06	-1.515629e-09	-9.498916e+00	-9.975006e+01
1.560000e-06	-1.290953e-06	-1.502659e-09	-9.182164e+00	-9.911094e+01
1.570000e-06	-1.246412e-06	-1.492024e-09	-8.865360e+00	-9.845807e+01
1.580000e-06	-1.201904e-06	-1.482148e-09	-8.548783e+00	-9.779088e+01
1.590000e-06	-1.157328e-06	-1.473143e-09	-8.231733e+00	-9.710883e+01
1.600000e-06	-1.112661e-06	-1.462438e-09	-7.914025e+00	-9.641141e+01
1.610000e-06	-1.067847e-06	-1.448750e-09	-7.595282e+00	-9.569814e+01
1.620000e-06	-1.022876e-06	-1.431777e-09	-7.275415e+00	-9.496859e+01
1.630000e-06	-9.778718e-07	-1.416908e-09	-6.955312e+00	-9.422232e+01
1.640000e-06	-9.327449e-07	-1.404638e-09	-6.634337e+00	-9.345895e+01
1.650000e-06	-8.875426e-07	-1.394249e-09	-6.312827e+00	-9.267810e+01
1.660000e-06	-8.422856e-07	-1.384717e-09	-5.990927e+00	-9.187944e+01
1.670000e-06	-7.969074e-07	-1.373839e-09	-5.668166e+00	-9.106264e+01
1.680000e-06	-7.515674e-07	-1.361083e-09	-5.345676e+00	-9.022739e+01
1.690000e-06	-7.062843e-07	-1.346293e-09	-5.023591e+00	-8.937338e+01
1.700000e-06	-6.608728e-07	-1.330221e-09	-4.700592e+00	-8.850033e+01
1.710000e-06	-6.152972e-07	-1.317907e-09	-4.376426e+00	-8.760794e+01
1.720000e-06	-5.697132e-07	-1.308854e-09	-4.052201e+00	-8.669592e+01
1.730000e-06	-5.241351e-07	-1.299770e-09	-3.728017e+00	-8.576397e+01
1.740000e-06	-4.785206e-07	-1.288162e-09	-3.403575e+00	-8.481176e+01
1.750000e-06	-4.328671e-07	-1.271465e-09	-3.078855e+00	-8.383896e+01
1.760000e-06	-3.871330e-07	-1.251310e-09	-2.753562e+00	-8.284521e+01
1.770000e-06	-3.413734e-07	-1.229976e-09	-2.428088e+00	-8.183011e+01
1.780000e-06	-2.956251e-07	-1.210675e-09	-2.102694e+00	-8.079323e+01
1.790000e-06	-2.498175e-07	-1.194918e-09	-1.776878e+00	-7.973412e+01
1.800000e-06	-2.039935e-07	-1.181891e-09	-1.450945e+00	-7.865226e+01
1.810000e-06	-1.582292e-07	-1.168200e-09	-1.125437e+00	-7.754709e+01
1.820000e-06	-1.125165e-07	-1.153634e-09	-8.002961e-01	-7.641801e+01
1.830000e-06	-6.672938e-08	-1.136884e-09	-4.746263e-01	-7.526436e+01
1.840000e-06	-2.084395e-08	-1.116031e-09	-1.482568e-01	-7.408542e+01
1.850000e-06	2.499307e-08	-1.092609e-09	1.777683e-01	-7.288045e+01
1.860000e-06	7.080456e-08	-1.071800e-09	5.036118e-01	-7.164861e+01
1.870000e-06	1.165994e-07	-1.057640e-09	8.293370e-01	-7.038904e+01
1.880000e-06	1.623711e-07	-1.046556e-09	1.154898e+00	-6.910081e+01
1.890000e-06	2.081165e-07	-1.030438e-09	1.480271e+00	-6.778296e+01
1.900000e-06	2.538808e-07	-1.008839e-09	1.805779e+00	-6.643447e+01
1.910000e-06	2.997553e-07	-9.837169e-10	2.132071e+00	-6.505429e+01
1.920000e-06	3.456489e-07	-9.564310e-10	2.458498e+00	-6.364133e+01
1.930000e-06	3.914271e-07	-9.265804e-10	2.784105e+00	-6.219448e+01
1.940000e-06	4.370628e-07	-8.970599e-10	3.108698e+00	-6.071261e+01
1.950000e-06	4.825884e-07	-8.736014e-10	3.432508e+00	-5.919456e+01
1.960000e-06	5.280860e-07	-8.567547e-10	3.756119e+00	-5.763919e+01
1.970000e-06	5.736124e-07	-8.420156e-10	4.079934e+00	-5.604535e+01
1.980000e-06	6.190920e-07	-8.223816e-10	4.403417e+00	-5.441191e+01
1.990000e-06	6.645900e-07	-7.974737e-10	4.727031e+00	-5.273778e+01
2.000000e-06	7.100622e-07	-7.688222e-10	5.050461e+00	-5.102189e+01
2.010000e-06	7.553811e-07	-7.357978e-10	5.372802e+00	-4.926323e+01
2.020000e-06	8.005869e-07	-6.992916e-10	5.694337e+00	-4.746085e+01
2.030000e-06	8.457130e-07	-6.631468e-10	6.015305e+00	-4.561385e+01
2.040000e-06	8.908154e-07	-6.344241e-10	6.336105e+00	-4.372146e+01
2.050000e-06	9.358611e-07	-6.125567e-10	6.656502e+00	-4.178296e+01
2.060000e-06	9.808319e-07	-5.906780e-10	6.976366e+00	-3.979776e+01
2.070000e-06	1.025809e-06	-5.645752e-10	7.296276e+00	-3.776539e+01
2.080000e-06	1.070733e-06	-5.346345e-10	7.615806e+00	-3.568549e+01
2.090000e-06	1.115463e-06	-5.004830e-10	7.933957e+00	-3.355786e+01
2.100000e-06	1.160108e-06	-4.616064e-10	8.251502e+00	-3.138243e+01
2.110000e-06	1.204683e-06	-4.210894e-10	8.568553e+00	-2.915930e+01
2.120000e-06	1.249077e-06	-3.831357e-10	8.884316e+00	-2.688872e+01
2.130000e-06	1.293428e-06	-3.515789e-10	9.199767e+00	-2.457112e+01
2.140000e-06	1.337790e-06	-3.241955e-10	9.515300e+00	-2.220710e+01
2.150000e-06	1.382076e-06	-2.944499e-10	9.830294e+00	-1.979743e+01
2.160000e-06	1.426244e-06	-2.618733e-10	1.014445e+01	-1.734310e+01
2.170000e-06	1.470349e-06	-2.265177e-10	1.045815e+01	-1.484524e+01
2.180000e-06	1.514444e-06	-1.869754e-10	1.077179e+01	-1.230520e+01
2.190000e-06	1.558517e-06	-1.443769e-10	1.108527e+01	-9.724490e+00
2.200000e-06	1.602525e-06	-1.023168e-10	1.139828e+01	-7.104823e+00
2.210000e-06	1.646453e-06	-6.440560e-11	1.171073e+01	-4.448083e+00
2.220000e-06	1.690317e-06	-2.747947e-11	1.202272e+01	-1.756331e+00
2.230000e-06	1.734127e-06	1.228260e-11	1.233433e+01	9.681985e-01
2.240000e-06	1.777912e-06	5.413002e-11	1.264576e+01	3.723112e+00
2.250000e-06	1.821681e-06	9.457720e-11	1.295707e+01	6.505859e+00
2.260000e-06	1.865334e-06	1.347997e-10	1.326757e+01	9.313745e+00
2.270000e-06	1.908799e-06	1.777840e-10	1.357672e+01	1.214394e+01
2.280000e-06	1.952080e-06	2.233099e-10	1.388457e+01	1.499349e+01
2.290000e-06	1.995084e-06	2.679575e-10	1.419044e+01	1.785933e+01
2.300000e-06	2.037810e-06	3.084398e-10	1.449433e+01	2.073830e+01
2.310000e-06	2.080305e-06	3.486558e-10	1.479659e+01	2.362715e+01
2.320000e-06	2.122569e-06	3.945040e-10	1.509720e+01	2.652258e+01
2.330000e-06	2.164543e-06	4.410774e-10	1.539575e+01	2.942121e+01
2.340000e-06	2.206224e-06	4.834497e-10	1.569222e+01	3.231965e+01
2.350000e-06	2.247707e-06	5.235937e-10	1.598727e+01	3.521446e+01
2.360000e-06	2.288912e-06	5.652380e-10	1.628035e+01	3.810221e+01
2.370000e-06	2.329795e-06	6.101765e-10	1.657114e+01	4.097949e+01
2.380000e-06	2.370389e-06	6.540851e-10	1.685987e+01	4.384291e+01
2.390000e-06	2.410729e-06	6.948858e-10	1.714680e+01	4.668909e+01
2.400000e-06	2.450959e-06	7.373317e-10	1.743294e+01	4.951476e+01
2.410000e-06	2.491173e-06	7.831938e-10	1.771897e+01	5.231670e+01
2.420000e-06	2.531294e-06	8.279723e-10	1.800435e+01	5.509176e+01
2.430000e-06	2.571279e-06	8.698587e-10	1.828875e+01	5.783691e+01
2.440000e-06	2.611176e-06	9.096804e-10	1.857252e+01	6.054923e+01
2.450000e-06	2.650997e-06	9.478896e-10	1.885576e+01	6.322593e+01
2.460000e-06	2.690725e-06	9.871096e-10	1.913833e+01	6.586434e+01
2.470000e-06	2.730265e-06	1.026646e-09	1.941957e+01	6.846197e+01
2.480000e-06	2.769525e-06	1.065698e-09	1.969881e+01	7.101644e+01
2.490000e-06	2.808553e-06	1.103615e-09	1.997640e+01	7.352558e+01
2.500000e-06	2.847325e-06	1.140486e-09	2.025217e+01	7.598735e+01
2.510000e-06	2.885866e-06	1.178259e-09	2.052630e+01	7.839992e+01
2.520000e-06	2.924279e-06	1.216515e-09	2.079953e+01	8.076162e+01
2.530000e-06	2.962558e-06	1.253570e-09	2.107180e+01	8.307096e+01
2.540000e-06	3.000623e-06	1.287394e-09	2.134254e+01	8.532665e+01
2.550000e-06	3.038505e-06	1.318265e-09	2.161198e+01	8.752758e+01
2.560000e-06	3.076211e-06	1.348110e-09	2.188018e+01	8.967283e+01
2.570000e-06	3.113678e-06	1.376018e-09	2.214667e+01	9.176164e+01
2.580000e-06	3.150908e-06	1.400605e-09	2.241147e+01	9.379347e+01
2.590000e-06	3.187961e-06	1.425340e-09	2.267502e+01	9.576791e+01
2.600000e-06	3.224824e-06	1.454984e-09	2.293722e+01	9.768477e+01
2.610000e-06	3.261390e-06	1.488864e-09	2.319730e+01	9.954398e+01
2.620000e-06	3.297750e-06	1.519839e-09	2.345592e+01	1.013457e+02
2.630000e-06	3.333947e-06	1.545736e-09	2.371337e+01	1.030901e+02
2.640000e-06	3.369989e-06	1.569135e-09	2.396973e+01	1.047776e+02
2.650000e-06	3.405910e-06	1.589266e-09	2.422522e+01	1.064089e+02
2.660000e-06	3.441698e-06	1.604850e-09	2.447977e+01	1.079844e+02
2.670000e-06	3.477329e-06	1.618713e-09	2.473321e+01	1.095051e+02
2.680000e-06	3.512719e-06	1.635142e-09	2.498493e+01	1.109719e+02
2.690000e-06	3.547828e-06	1.658006e-09	2.523465e+01	1.123856e+02
2.700000e-06	3.582611e-06	1.685119e-09	2.548205e+01	1.137474e+02
2.710000e-06	3.616828e-06	1.712261e-09	2.572542e+01	1.150584e+02
2.720000e-06	3.650540e-06	1.737110e-09	2.596521e+01	1.163199e+02
2.730000e-06	3.683903e-06	1.757347e-09	2.620251e+01	1.175330e+02
2.740000e-06	3.716838e-06	1.772472e-09	2.643676e+01	1.186992e+02
2.750000e-06	3.749428e-06	1.784861e-09	2.666857e+01	1.198197e+02
2.760000e-06	3.781797e-06	1.796207e-09	2.689880e+01	1.208960e+02
2.770000e-06	3.813936e-06	1.810167e-09	2.712740e+01	1.219295e+02
2.780000e-06	3.845954e-06	1.828809e-09	2.735513e+01	1.229214e+02
2.790000e-06	3.877835e-06	1.847683e-09	2.758189e+01	1.238734e+02
2.800000e-06	3.909554e-06	1.862353e-09	2.780750e+01	1.247867e+02
2.810000e-06	3.941080e-06	1.872813e-09	2.803173e+01	1.256628e+02
2.820000e-06	3.972216e-06	1.883515e-09	2.825319e+01	1.265031e+02
2.830000e-06	4.003027e-06	1.893267e-09	2.847234e+01	1.273088e+02
2.840000e-06	4.033505e-06	1.902889e-09	2.868913e+01	1.280814e+02
2.850000e-06	4.063746e-06	1.913706e-09	2.890422e+01	1.288221e+02
2.860000e-06	4.093827e-06	1.926277e-09	2.911818e+01	1.295323e+02
2.870000e-06	4.123606e-06	1.939624e-09	2.932998e+01	1.302131e+02
2.880000e-06	4.153126e-06	1.949859e-09	2.953995e+01	1.308657e+02
2.890000e-06	4.182434e-06	1.957792e-09	2.974841e+01	1.314913e+02
2.900000e-06	4.211374e-06	1.964217e-09	2.995425e+01	1.320910e+02
2.910000e-06	4.239919e-06	1.972280e-09	3.015728e+01	1.326659e+02
2.920000e-06	4.268272e-06	1.981970e-09	3.035895e+01	1.332170e+02
2.930000e-06	4.296430e-06	1.993925e-09	3.055923e+01	1.337453e+02
2.940000e-06	4.324347e-06	2.007935e-09	3.075780e+01	1.342518e+02
2.950000e-06	4.352087e-06	2.019691e-09	3.095510e+01	1.347373e+02
2.960000e-06	4.379637e-06	2.028648e-09	3.115105e+01	1.352026e+02
2.970000e-06	4.406901e-06	2.036091e-09	3.134498e+01	1.356488e+02
2.980000e-06	4.433757e-06	2.040130e-09	3.153600e+01	1.360764e+02
2.990000e-06	4.460088e-06	2.043284e-09	3.172328e+01	1.364864e+02
3.000000e-06	4.485799e-06	2.048050e-09	3.190616e+01	1.368793e+02
3.010000e-06	4.510920e-06	2.056118e-09	3.208483e+01	1.372560e+02
3.020000e-06	4.535575e-06	2.067166e-09	3.226020e+01	1.376170e+02
3.030000e-06	4.559964e-06	2.078234e-09	3.243367e+01	1.379631e+02
3.040000e-06	4.584192e-06	2.087085e-09	3.260600e+01	1.382947e+02
3.050000e-06	4.608193e-06	2.091514e-09	3.277671e+01	1.386125e+02
3.060000e-06	4.631897e-06	2.091481e-09	3.294531e+01	1.389171e+02
3.070000e-06	4.655305e-06	2.090943e-09	3.311180e+01	1.392089e+02
3.080000e-06	4.678343e-06	2.094096e-09	3.327566e+01	1.394885e+02
3.090000e-06	4.700907e-06	2.100815e-09	3.343615e+01	1.397563e+02
3.100000e-06	4.723138e-06	2.107611e-09	3.359427e+01	1.400129e+02
3.110000e-06	4.745148e-06	2.111825e-09	3.375083e+01	1.402587e+02
3.120000e-06	4.766934e-06	2.115649e-09	3.390579e+01	1.404940e+02
3.130000e-06	4.788452e-06	2.120412e-09	3.405884e+01	1.407193e+02
3.140000e-06	4.809520e-06	2.126353e-09	3.420869e+01	1.409349e+02
3.150000e-06	4.830166e-06	2.129923e-09	3.435554e+01	1.411413e+02
3.160000e-06	4.850557e-06	2.130162e-09	3.450057e+01	1.413387e+02
3.170000e-06	4.870755e-06	2.130731e-09	3.464424e+01	1.415274e+02
3.180000e-06	4.890779e-06	2.133703e-09	3.478666e+01	1.417078e+02
3.190000e-06	4.910594e-06	2.136779e-09	3.492760e+01	1.418800e+02
3.200000e-06	4.930052e-06	2.139025e-09	3.506600e+01	1.420444e+02
3.210000e-06	4.949096e-06	2.141748e-09	3.520145e+01	1.422010e+02
3.220000e-06	4.967833e-06	2.145222e-09	3.533472e+01	1.423502e+02
3.230000e-06	4.986178e-06	2.149436e-09	3.546520e+01	1.424920e+02
3.240000e-06	5.004018e-06	2.151946e-09	3.559210e+01	1.426267e+02
3.250000e-06	5.021510e-06	2.151422e-09	3.571651e+01	1.427542e+02
3.260000e-06	5.038834e-06	2.152149e-09	3.583973e+01	1.428747e+02
3.270000e-06	5.055924e-06	2.153187e-09	3.596129e+01	1.429882e+02
3.280000e-06	5.072637e-06	2.153065e-09	3.608016e+01	1.430948e+02
3.290000e-06	5.088984e-06	2.154222e-09	3.619643e+01	1.431944e+02
3.300000e-06	5.104893e-06	2.156993e-09	3.630959e+01	1.432871e+02
3.310000e-06	5.120332e-06	2.160504e-09	3.641940e+01	1.433727e+02
3.320000e-06	5.135344e-06	2.162561e-09	3.652618e+01	1.434514e+02
3.330000e-06	5.149850e-06	2.163451e-09	3.662935e+01	1.435229e+02
3.340000e-06	5.163888e-06	2.163157e-09	3.672920e+01	1.435872e+02
3.350000e-06	5.177585e-06	2.160551e-09	3.682662e+01	1.436443e+02
3.360000e-06	5.190976e-06	2.158704e-09	3.692187e+01	1.436939e+02
3.370000e-06	5.204015e-06	2.155940e-09	3.701462e+01	1.437361e+02
3.380000e-06	5.216662e-06	2.154865e-09	3.710457e+01	1.437707e+02
3.390000e-06	5.229023e-06	2.156618e-09	3.719249e+01	1.437975e+02
3.400000e-06	5.241120e-06	2.159242e-09	3.727853e+01	1.438166e+02
3.410000e-06	5.252772e-06	2.162362e-09	3.736141e+01	1.438279e+02
3.420000e-06	5.263859e-06	2.164003e-09	3.744027e+01	1.438312e+02
3.430000e-06	5.274324e-06	2.164753e-09	3.751470e+01	1.438265e+02
3.440000e-06	5.284097e-06	2.164359e-09	3.758421e+01	1.438139e+02
3.450000e-06	5.293219e-06	2.163349e-09	3.764910e+01	1.437932e+02
3.460000e-06	5.301866e-06	2.160579e-09	3.771060e+01	1.437646e+02
3.470000e-06	5.310214e-06	2.156371e-09	3.776998e+01	1.437281e+02
3.480000e-06	5.318371e-06	2.154809e-09	3.782799e+01	1.436837e+02
3.490000e-06	5.326330e-06	2.158155e-09	3.788460e+01	1.436318e+02
3.500000e-06	5.333955e-06	2.163783e-09	3.793884e+01	1.435723e+02
3.510000e-06	5.341131e-06	2.166475e-09	3.798988e+01	1.435056e+02
3.520000e-06	5.347821e-06	2.165597e-09	3.803746e+01	1.434319e+02
3.530000e-06	5.354145e-06	2.163122e-09	3.808245e+01	1.433516e+02
3.540000e-06	5.360254e-06	2.159994e-09	3.812590e+01	1.432649e+02
3.550000e-06	5.366114e-06	2.156398e-09	3.816757e+01	1.431724e+02
3.560000e-06	5.371602e-06	2.152250e-09	3.820661e+01	1.430744e+02
3.570000e-06	5.376572e-06	2.150685e-09	3.824196e+01	1.429716e+02
3.580000e-06	5.381070e-06	2.154126e-09	3.827396e+01	1.428643e+02
3.590000e-06	5.385310e-06	2.159626e-09	3.830411e+01	1.427532e+02
3.600000e-06	5.389378e-06	2.163314e-09	3.833305e+01	1.426390e+02
3.610000e-06	5.393240e-06	2.163256e-09	3.836051e+01	1.425222e+02
3.620000e-06	5.396807e-06	2.159304e-09	3.838588e+01	1.424037e+02
3.630000e-06	5.399920e-06	2.155264e-09	3.840803e+01	1.422840e+02
3.640000e-06	5.402436e-06	2.151337e-09	3.842593e+01	1.421639e+02
3.650000e-06	5.404394e-06	2.148573e-09	3.843985e+01	1.420442e+02
3.660000e-06	5.405793e-06	2.150566e-09	3.844980e+01	1.419256e+02
3.670000e-06	5.406625e-06	2.157643e-09	3.845572e+01	1.418089e+02
3.680000e-06	5.407058e-06	2.166615e-09	3.845880e+01	1.416949e+02
3.690000e-06	5.407227e-06	2.171648e-09	3.846000e+01	1.415842e+02
3.700000e-06	5.407205e-06	2.169834e-09	3.845985e+01	1.414777e+02
3.710000e-06	5.406946e-06	2.162946e-09	3.845800e+01	1.413761e+02
3.720000e-06	5.406299e-06	2.155405e-09	3.845340e+01	1.412799e+02
3.730000e-06	5.405246e-06	2.149508e-09	3.844591e+01	1.411899e+02
3.740000e-06	5.403852e-06	2.144359e-09	3.843599e+01	1.411066e+02
3.750000e-06	5.402139e-06	2.143293e-09	3.842381e+01	1.410306e+02
3.760000e-06	5.400032e-06	2.152093e-09	3.840883e+01	1.409624e+02
3.770000e-06	5.397574e-06	2.140720e-09	3.839134e+01	1.409024e+02
3.780000e-06	5.394871e-06	2.090483e-09	3.837212e+01	1.408509e+02
3.790000e-06	5.391758e-06	2.086833e-09	3.834997e+01	1.408083e+02
3.800000e-06	5.388094e-06	2.146342e-09	3.832391e+01	1.407747e+02
3.810000e-06	5.384077e-06	2.152649e-09	3.829534e+01	1.407502e+02
3.820000e-06	5.379998e-06	2.117374e-09	3.826633e+01	1.407349e+02
3.830000e-06	5.375823e-06	2.064073e-09	3.823663e+01	1.407288e+02
3.840000e-06	5.371091e-06	2.129636e-09	3.820297e+01	1.407317e+02
3.850000e-06	5.365625e-06	2.145839e-09	3.816410e+01	1.407433e+02
3.860000e-06	5.359779e-06	2.071940e-09	3.812252e+01	1.407634e+02
3.870000e-06	5.353644e-06	2.045151e-09	3.807888e+01	1.407916e+02
3.880000e-06	5.347047e-06	2.095660e-09	3.803196e+01	1.408273e+02
3.890000e-06	5.339790e-06	2.161655e-09	3.798034e+01	1.408700e+02
3.900000e-06	5.332010e-06	2.098122e-09	3.792500e+01	1.409190e+02
3.910000e-06	5.324111e-06	2.104282e-09	3.786882e+01	1.409737e+02
3.920000e-06	5.315899e-06	2.120948e-09	3.781041e+01	1.410331e+02
3.930000e-06	5.307251e-06	2.107175e-09	3.774890e+01	1.410965e+02
3.940000e-06	5.298268e-06	2.019755e-09	3.768501e+01	1.411629e+02
3.950000e-06	5.288955e-06	2.070350e-09	3.761877e+01	1.412314e+02
3.960000e-06	5.279208e-06	2.145948e-09	3.754944e+01	1.413008e+02
3.970000e-06	5.269089e-06	2.133491e-09	3.747747e+01	1.413703e+02
3.980000e-06	5.258710e-06	2.092711e-09	3.740364e+01	1.414386e+02
3.990000e-06	5.247929e-06	2.158917e-09	3.732696e+01	1.415048e+02
4.000000e-06	5.236676e-06	2.208567e-09	3.724692e+01	1.415676e+02
4.010000e-06	5.224996e-06	2.145925e-09	3.716385e+01	1.416260e+02
4.020000e-06	5.212995e-06	2.136224e-09	3.707848e+01	1.416789e+02
4.030000e-06	5.200598e-06	2.203790e-09	3.699031e+01	1.417252e+02
4.040000e-06	5.187806e-06	2.214152e-09	3.689932e+01	1.417639e+02
4.050000e-06	5.174568e-06	2.139951e-09	3.680517e+01	1.417939e+02
4.060000e-06	5.160650e-06	2.139640e-09	3.670617e+01	1.418143e+02
4.070000e-06	5.145999e-06	2.185073e-09	3.660196e+01	1.418241e+02
4.080000e-06	5.130806e-06	2.192828e-09	3.649390e+01	1.418226e+02
4.090000e-06	5.115263e-06	2.146463e-09	3.638335e+01	1.418089e+02
4.100000e-06	5.099452e-06	2.138139e-09	3.627089e+01	1.417823e+02
4.110000e-06	5.083381e-06	2.147558e-09	3.615658e+01	1.417422e+02
4.120000e-06	5.067093e-06	2.168407e-09	3.604073e+01	1.416882e+02
4.130000e-06	5.050415e-06	2.146826e-09	3.592210e+01	1.416196e+02
4.140000e-06	5.033252e-06	2.131475e-09	3.580003e+01	1.415362e+02
4.150000e-06	5.015722e-06	2.112205e-09	3.567534e+01	1.414377e+02
4.160000e-06	4.997926e-06	2.139819e-09	3.554876e+01	1.413240e+02
4.170000e-06	4.979850e-06	2.149017e-09	3.542020e+01	1.411951e+02
4.180000e-06	4.961446e-06	2.140657e-09	3.528929e+01	1.410508e+02
4.190000e-06	4.942741e-06	2.116036e-09	3.515625e+01	1.408915e+02
4.200000e-06	4.923625e-06	2.131516e-09	3.502028e+01	1.407173e+02
4.210000e-06	4.904119e-06	2.145498e-09	3.488155e+01	1.405286e+02
4.220000e-06	4.884414e-06	2.127765e-09	3.474139e+01	1.403258e+02
4.230000e-06	4.864533e-06	2.096084e-09	3.459998e+01	1.401094e+02
4.240000e-06	4.844449e-06	2.106724e-09	3.445713e+01	1.398799e+02
4.250000e-06	4.824100e-06	2.126590e-09	3.431239e+01	1.396381e+02
4.260000e-06	4.803349e-06	2.123273e-09	3.416480e+01	1.393846e+02
4.270000e-06	4.782151e-06	2.112946e-09	3.401402e+01	1.391202e+02
4.280000e-06	4.760439e-06	2.113937e-09	3.385959e+01	1.388457e+02
4.290000e-06	4.738126e-06	2.118013e-09	3.370088e+01	1.385621e+02
4.300000e-06	4.715267e-06	2.110636e-09	3.353830e+01	1.382701e+02
4.310000e-06	4.692020e-06	2.091970e-09	3.337295e+01	1.379708e+02
4.320000e-06	4.668412e-06	2.073884e-09	3.320503e+01	1.376649e+02
4.330000e-06	4.644473e-06	2.083048e-09	3.303476e+01	1.373536e+02
4.340000e-06	4.620340e-06	2.088843e-09	3.286311e+01	1.370377e+02
4.350000e-06	4.595981e-06	2.077576e-09	3.268985e+01	1.367180e+02
4.360000e-06	4.571426e-06	2.064256e-09	3.251519e+01	1.363956e+02
4.370000e-06	4.546577e-06	2.074277e-09	3.233845e+01	1.360713e+02
4.380000e-06	4.521303e-06	2.078114e-09	3.215869e+01	1.357458e+02
4.390000e-06	4.495719e-06	2.069705e-09	3.197671e+01	1.354200e+02
4.400000e-06	4.469821e-06	2.047972e-09	3.179251e+01	1.350945e+02
4.410000e-06	4.443641e-06	2.044152e-09	3.160630e+01	1.347701e+02
4.420000e-06	4.417172e-06	2.048703e-09	3.141803e+01	1.344472e+02
4.430000e-06	4.390358e-06	2.047566e-09	3.122731e+01	1.341265e+02
4.440000e-06	4.363190e-06	2.027789e-09	3.103407e+01	1.338084e+02
4.450000e-06	4.335668e-06	2.025704e-09	3.083832e+01	1.334932e+02
4.460000e-06	4.307920e-06	2.033894e-09	3.064095e+01	1.331813e+02
4.470000e-06	4.280052e-06	2.036939e-09	3.044274e+01	1.328727e+02
4.480000e-06	4.252030e-06	2.024536e-09	3.024343e+01	1.325677e+02
4.490000e-06	4.223735e-06	2.019088e-09	3.004217e+01	1.322663e+02
4.500000e-06	4.195161e-06	2.017446e-09	2.983894e+01	1.319685e+02
4.510000e-06	4.166348e-06	2.014714e-09	2.963400e+01	1.316741e+02
4.520000e-06	4.137230e-06	2.001028e-09	2.942689e+01	1.313829e+02
4.530000e-06	4.107517e-06	1.992599e-09	2.921555e+01	1.310946e+02
4.540000e-06	4.077112e-06	1.996007e-09	2.899929e+01	1.308090e+02
4.550000e-06	4.046288e-06	2.002288e-09	2.878005e+01	1.305257e+02
4.560000e-06	4.015130e-06	1.997759e-09	2.855843e+01	1.302441e+02
4.570000e-06	3.983699e-06	1.990619e-09	2.833487e+01	1.299638e+02
4.580000e-06	3.951996e-06	1.988408e-09	2.810938e+01	1.296843e+02
4.590000e-06	3.920034e-06	1.986891e-09	2.788204e+01	1.294050e+02
4.600000e-06	3.887912e-06	1.979592e-09	2.765356e+01	1.291252e+02
4.610000e-06	3.855594e-06	1.966642e-09	2.742370e+01	1.288443e+02
4.620000e-06	3.823032e-06	1.959165e-09	2.719209e+01	1.285618e+02
4.630000e-06	3.790264e-06	1.956808e-09	2.695902e+01	1.282769e+02
4.640000e-06	3.757276e-06	1.953850e-09	2.672439e+01	1.279891e+02
4.650000e-06	3.723975e-06	1.944440e-09	2.648753e+01	1.276976e+02
4.660000e-06	3.690391e-06	1.939995e-09	2.624866e+01	1.274020e+02
4.670000e-06	3.656564e-06	1.939038e-09	2.600805e+01	1.271015e+02
4.680000e-06	3.622540e-06	1.939008e-09	2.576605e+01	1.267957e+02
4.690000e-06	3.588306e-06	1.930735e-09	2.552255e+01	1.264840e+02
4.700000e-06	3.553776e-06	1.922449e-09	2.527695e+01	1.261660e+02
4.710000e-06	3.519021e-06	1.916234e-09	2.502975e+01	1.258412e+02
4.720000e-06	3.483992e-06	1.914398e-09	2.478060e+01	1.255092e+02
4.730000e-06	3.448689e-06	1.908013e-09	2.452950e+01	1.251698e+02
4.740000e-06	3.413211e-06	1.902662e-09	2.427716e+01	1.248226e+02
4.750000e-06	3.377503e-06	1.899403e-09	2.402318e+01	1.244676e+02
4.760000e-06	3.341598e-06	1.899571e-09	2.376779e+01	1.241044e+02
4.770000e-06	3.305587e-06	1.894590e-09	2.351166e+01	1.237331e+02
4.780000e-06	3.269481e-06	1.887122e-09	2.325485e+01	1.233536e+02
4.790000e-06	3.233253e-06	1.877755e-09	2.299717e+01	1.229659e+02
4.800000e-06	3.196847e-06	1.870611e-09	2.273822e+01	1.225703e+02
4.810000e-06	3.160134e-06	1.864801e-09	2.247710e+01	1.221667e+02
4.820000e-06	3.123006e-06	1.859591e-09	2.221301e+01	1.217555e+02
4.830000e-06	3.085546e-06	1.853694e-09	2.194657e+01	1.213368e+02
4.840000e-06	3.047795e-06	1.850630e-09	2.167806e+01	1.209110e+02
4.850000e-06	3.009656e-06	1.847723e-09	2.140679e+01	1.204784e+02
4.860000e-06	2.971153e-06	1.842053e-09	2.113293e+01	1.200393e+02
4.870000e-06	2.932276e-06	1.833572e-09	2.085641e+01	1.195942e+02
4.880000e-06	2.893061e-06	1.826986e-09	2.057749e+01	1.191434e+02
4.890000e-06	2.853570e-06	1.823149e-09	2.029660e+01	1.186875e+02
4.900000e-06	2.813859e-06	1.816927e-09	2.001414e+01	1.182267e+02
4.910000e-06	2.774084e-06	1.810131e-09	1.973124e+01	1.177616e+02
4.920000e-06	2.734245e-06	1.804231e-09	1.944787e+01	1.172925e+02
4.930000e-06	2.694255e-06	1.800406e-09	1.916344e+01	1.168200e+02
4.940000e-06	2.654131e-06	1.796421e-09	1.887805e+01	1.163443e+02
4.950000e-06	2.613854e-06	1.792645e-09	1.859157e+01	1.158658e+02
4.960000e-06	2.573468e-06	1.786430e-09	1.830431e+01	1.153849e+02
4.970000e-06	2.532974e-06	1.781136e-09	1.801629e+01	1.149018e+02
4.980000e-06	2.492347e-06	1.776935e-09	1.772732e+01	1.144169e+02
4.990000e-06	2.451563e-06	1.771577e-09	1.743724e+01	1.139303e+02
5.000000e-06	2.410548e-06	1.762916e-09	1.714551e+01	1.134422e+02
5.010000e-06	2.369318e-06	1.754254e-09	1.685225e+01	1.129527e+02
5.020000e-06	2.327870e-06	1.744903e-09	1.655745e+01	1.124619e+02
5.030000e-06	2.286261e-06	1.739055e-09	1.626150e+01	1.119697e+02
5.040000e-06	2.244543e-06	1.734266e-09	1.596476e+01	1.114760e+02
5.050000e-06	2.202637e-06	1.728630e-09	1.566670e+01	1.109808e+02
5.060000e-06	2.160555e-06	1.722411e-09	1.536739e+01	1.104839e+02
5.070000e-06	2.118412e-06	1.716386e-09	1.506764e+01	1.099850e+02
5.080000e-06	2.076145e-06	1.708193e-09	1.476700e+01	1.094838e+02
5.090000e-06	2.033679e-06	1.698347e-09	1.446495e+01	1.089800e+02
5.100000e-06	1.990980e-06	1.687754e-09	1.416125e+01	1.084731e+02
5.110000e-06	1.948067e-06	1.681109e-09	1.385602e+01	1.079627e+02
5.120000e-06	1.905107e-06	1.678362e-09	1.355046e+01	1.074483e+02
5.130000e-06	1.862121e-06	1.675268e-09	1.324471e+01	1.069294e+02
5.140000e-06	1.818948e-06	1.668517e-09	1.293764e+01	1.064053e+02
5.150000e-06	1.775604e-06	1.660739e-09	1.262934e+01	1.058755e+02
5.160000e-06	1.732194e-06	1.651855e-09	1.232058e+01	1.053393e+02
5.170000e-06	1.688720e-06	1.638342e-09	1.201136e+01	1.047961e+02
5.180000e-06	1.645131e-06	1.622948e-09	1.170133e+01	1.042452e+02
5.190000e-06	1.601417e-06	1.610426e-09	1.139040e+01	1.036859e+02
5.200000e-06	1.557606e-06	1.604032e-09	1.107879e+01	1.031174e+02
5.210000e-06	1.513702e-06	1.599381e-09	1.076652e+01	1.025393e+02
5.220000e-06	1.469760e-06	1.591340e-09	1.045397e+01	1.019506e+02
5.230000e-06	1.425824e-06	1.582401e-09	1.014146e+01	1.013508e+02
5.240000e-06	1.381874e-06	1.573435e-09	9.828858e+00	1.007393e+02
5.250000e-06	1.337811e-06	1.562789e-09	9.515449e+00	1.001153e+02
5.260000e-06	1.293657e-06	1.551521e-09	9.201401e+00	9.947820e+01
5.270000e-06	1.249552e-06	1.538643e-09	8.887691e+00	9.882747e+01
5.280000e-06	1.205433e-06	1.527204e-09	8.573886e+00	9.816251e+01
5.290000e-06	1.161193e-06	1.516785e-09	8.259221e+00	9.748279e+01
5.300000e-06	1.116877e-06	1.505477e-09	7.944015e+00	9.678778e+01
5.310000e-06	1.072490e-06	1.491342e-09	7.628305e+00	9.607700e+01
5.320000e-06	1.028046e-06	1.477588e-09	7.312187e+00	9.535000e+01
5.330000e-06	9.835621e-07	1.466114e-09	6.995785e+00	9.460636e+01
5.340000e-06	9.390041e-07	1.456889e-09	6.678858e+00	9.384568e+01
5.350000e-06	8.944036e-07	1.446114e-09	6.361627e+00	9.306758e+01
5.360000e-06	8.497229e-07	1.432408e-09	6.043827e+00	9.227172e+01
5.370000e-06	8.049986e-07	1.419576e-09	5.725716e+00	9.145778e+01
5.380000e-06	7.602089e-07	1.407979e-09	5.407140e+00	9.062543e+01
5.390000e-06	7.153166e-07	1.394668e-09	5.087835e+00	8.977439e+01
5.400000e-06	6.703959e-07	1.378337e-09	4.768327e+00	8.890434e+01
5.410000e-06	6.253706e-07	1.363096e-09	4.448076e+00	8.801501e+01
5.420000e-06	5.801888e-07	1.351510e-09	4.126711e+00	8.710609e+01
5.430000e-06	5.349806e-07	1.340266e-09	3.805158e+00	8.617730e+01
5.440000e-06	4.898121e-07	1.326299e-09	3.483888e+00	8.522830e+01
5.450000e-06	4.446966e-07	1.310413e-09	3.162995e+00	8.425877e+01
5.460000e-06	3.995479e-07	1.295076e-09	2.841865e+00	8.326835e+01
5.470000e-06	3.542749e-07	1.280970e-09	2.519852e+00	8.225665e+01
5.480000e-06	3.089727e-07	1.265140e-09	2.197631e+00	8.122325e+01
5.490000e-06	2.635767e-07	1.247571e-09	1.874742e+00	8.016769e+01
5.500000e-06	2.181705e-07	1.233379e-09	1.551782e+00	7.908947e+01
5.510000e-06	1.728769e-07	1.221239e-09	1.229622e+00	7.798803e+01
5.520000e-06	1.275385e-07	1.205759e-09	9.071437e-01	7.686279e+01
5.530000e-06	8.212810e-08	1.187194e-09	5.841528e-01	7.571310e+01
5.540000e-06	3.670868e-08	1.169052e-09	2.610980e-01	7.453824e+01
5.550000e-06	-8.661743e-09	1.152870e-09	-6.160841e-02	7.333748e+01
5.560000e-06	-5.405905e-08	1.136130e-09	-3.845060e-01	7.210999e+01
5.570000e-06	-9.948295e-08	1.116063e-09	-7.075927e-01	7.085491e+01
5.580000e-06	-1.448582e-07	1.094692e-09	-1.030334e+00	6.957134e+01
5.590000e-06	-1.902276e-07	1.075642e-09	-1.353032e+00	6.825831e+01
5.600000e-06	-2.354658e-07	1.056317e-09	-1.674798e+00	6.691481e+01
5.610000e-06	-2.806716e-07	1.034325e-09	-1.996333e+00	6.553980e+01
5.620000e-06	-3.259850e-07	1.010302e-09	-2.318634e+00	6.413219e+01
5.630000e-06	-3.712944e-07	9.871422e-10	-2.640907e+00	6.269088e+01
5.640000e-06	-4.165331e-07	9.655053e-10	-2.962676e+00	6.121474e+01
5.650000e-06	-4.616569e-07	9.428387e-10	-3.283629e+00	5.970261e+01
5.660000e-06	-5.066774e-07	9.187226e-10	-3.603846e+00	5.815335e+01
5.670000e-06	-5.517017e-07	8.945656e-10	-3.924091e+00	5.656581e+01
5.680000e-06	-5.966946e-07	8.695744e-10	-4.244111e+00	5.493887e+01
5.690000e-06	-6.415612e-07	8.408685e-10	-4.563234e+00	5.327141e+01
5.700000e-06	-6.863740e-07	8.074043e-10	-4.881975e+00	5.156236e+01
5.710000e-06	-7.310674e-07	7.740771e-10	-5.199866e+00	4.981071e+01
5.720000e-06	-7.756092e-07	7.478290e-10	-5.516678e+00	4.801549e+01
5.730000e-06	-8.201638e-07	7.281246e-10	-5.833582e+00	4.617580e+01
5.740000e-06	-8.647368e-07	7.078400e-10	-6.150616e+00	4.429084e+01
5.750000e-06	-9.091930e-07	6.831031e-10	-6.466820e+00	4.235988e+01
5.760000e-06	-9.535875e-07	6.540484e-10	-6.782585e+00	4.038231e+01
5.770000e-06	-9.979729e-07	6.210989e-10	-7.098285e+00	3.835764e+01
5.780000e-06	-1.042287e-06	5.833860e-10	-7.413476e+00	3.628550e+01
5.790000e-06	-1.086547e-06	5.412629e-10	-7.728290e+00	3.416565e+01
5.800000e-06	-1.130733e-06	5.015781e-10	-8.042571e+00	3.199799e+01
5.810000e-06	-1.174841e-06	4.701186e-10	-8.356297e+00	2.978261e+01
5.820000e-06	-1.218924e-06	4.452133e-10	-8.669846e+00	2.751973e+01
5.830000e-06	-1.262973e-06	4.186756e-10	-8.983153e+00	2.520974e+01
5.840000e-06	-1.307003e-06	3.848647e-10	-9.296326e+00	2.285321e+01
5.850000e-06	-1.351030e-06	3.477754e-10	-9.609475e+00	2.045091e+01
5.860000e-06	-1.395002e-06	3.098711e-10	-9.922237e+00	1.800376e+01
5.870000e-06	-1.438865e-06	2.679642e-10	-1.023422e+01	1.551288e+01
5.880000e-06	-1.482625e-06	2.227339e-10	-1.054547e+01	1.297958e+01
5.890000e-06	-1.526369e-06	1.789287e-10	-1.085661e+01	1.040534e+01
5.900000e-06	-1.570073e-06	1.428290e-10	-1.116746e+01	7.791857e+00
5.910000e-06	-1.613715e-06	1.100319e-10	-1.147788e+01	5.140970e+00
5.920000e-06	-1.657332e-06	7.260399e-11	-1.178811e+01	2.454716e+00
5.930000e-06	-1.700873e-06	3.172565e-11	-1.209781e+01	-2.647004e-01
5.940000e-06	-1.744273e-06	-9.286970e-12	-1.240649e+01	-3.014911e+00
5.950000e-06	-1.787515e-06	-5.342196e-11	-1.271406e+01	-5.793390e+00
5.960000e-06	-1.830580e-06	-1.035853e-10	-1.302037e+01	-8.597466e+00
5.970000e-06	-1.873473e-06	-1.536488e-10	-1.332546e+01	-1.142433e+01
5.980000e-06	-1.916237e-06	-1.984062e-10	-1.362962e+01	-1.427105e+01
5.990000e-06	-1.958907e-06	-2.385770e-10	-1.393312e+01	-1.713458e+01
6.000000e-06	-2.001455e-06	-2.802154e-10	-1.423576e+01	-2.001177e+01
6.010000e-06	-2.043807e-06	-3.287716e-10	-1.453699e+01	-2.289940e+01
6.020000e-06	-2.086024e-06	-3.793599e-10	-1.483727e+01	-2.579415e+01
6.030000e-06	-2.128112e-06	-4.255971e-10	-1.513663e+01	-2.869267e+01
6.040000e-06	-2.170056e-06	-4.709228e-10	-1.543497e+01	-3.159156e+01
6.050000e-06	-2.211892e-06	-5.179618e-10	-1.573253e+01	-3.448740e+01
6.060000e-06	-2.253573e-06	-5.638412e-10	-1.602900e+01	-3.737676e+01
6.070000e-06	-2.295101e-06	-6.073547e-10	-1.632437e+01	-4.025621e+01
6.080000e-06	-2.336527e-06	-6.525392e-10	-1.661902e+01	-4.312236e+01
6.090000e-06	-2.377775e-06	-7.013596e-10	-1.691241e+01	-4.597183e+01
6.100000e-06	-2.418706e-06	-7.508744e-10	-1.720354e+01	-4.880134e+01
6.110000e-06	-2.459383e-06	-7.978004e-10	-1.749286e+01	-5.160763e+01
6.120000e-06	-2.499903e-06	-8.384082e-10	-1.778107e+01	-5.438757e+01
6.130000e-06	-2.540277e-06	-8.745274e-10	-1.806824e+01	-5.713810e+01
6.140000e-06	-2.580529e-06	-9.102847e-10	-1.835453e+01	-5.985628e+01
6.150000e-06	-2.620655e-06	-9.472896e-10	-1.863994e+01	-6.253929e+01
6.160000e-06	-2.660707e-06	-9.894194e-10	-1.892482e+01	-6.518445e+01
6.170000e-06	-2.700692e-06	-1.036524e-09	-1.920922e+01	-6.778923e+01
6.180000e-06	-2.740547e-06	-1.084041e-09	-1.949270e+01	-7.035124e+01
6.190000e-06	-2.780268e-06	-1.125705e-09	-1.977522e+01	-7.286827e+01
6.200000e-06	-2.819901e-06	-1.158315e-09	-2.005712e+01	-7.533826e+01
6.210000e-06	-2.859285e-06	-1.186481e-09	-2.033724e+01	-7.775933e+01
6.220000e-06	-2.898330e-06	-1.215045e-09	-2.061496e+01	-8.012980e+01
6.230000e-06	-2.937152e-06	-1.246318e-09	-2.089109e+01	-8.244815e+01
6.240000e-06	-2.975704e-06	-1.280711e-09	-2.116530e+01	-8.471306e+01
6.250000e-06	-3.013935e-06	-1.318492e-09	-2.143723e+01	-8.692337e+01
6.260000e-06	-3.051820e-06	-1.358836e-09	-2.170669e+01	-8.907814e+01
6.270000e-06	-3.089374e-06	-1.396337e-09	-2.197380e+01	-9.117659e+01
6.280000e-06	-3.126511e-06	-1.425189e-09	-2.223795e+01	-9.321814e+01
6.290000e-06	-3.163250e-06	-1.449182e-09	-2.249926e+01	-9.520235e+01
6.300000e-06	-3.199741e-06	-1.474599e-09	-2.275880e+01	-9.712900e+01
6.310000e-06	-3.235993e-06	-1.499879e-09	-2.301666e+01	-9.899800e+01
6.320000e-06	-3.272123e-06	-1.524604e-09	-2.327364e+01	-1.008094e+02
6.330000e-06	-3.308164e-06	-1.552062e-09	-2.352999e+01	-1.025636e+02
6.340000e-06	-3.344056e-06	-1.582295e-09	-2.378528e+01	-1.042608e+02
6.350000e-06	-3.379845e-06	-1.611674e-09	-2.403984e+01	-1.059015e+02
6.360000e-06	-3.415500e-06	-1.637205e-09	-2.429343e+01	-1.074865e+02
6.370000e-06	-3.450841e-06	-1.658062e-09	-2.454481e+01	-1.090165e+02
6.380000e-06	-3.485876e-06	-1.676131e-09	-2.479400e+01	-1.104923e+02
6.390000e-06	-3.520646e-06	-1.692429e-09	-2.504131e+01	-1.119150e+02
6.400000e-06	-3.555119e-06	-1.711468e-09	-2.528651e+01	-1.132856e+02
6.410000e-06	-3.589399e-06	-1.733916e-09	-2.553033e+01	-1.146051e+02
6.420000e-06	-3.623493e-06	-1.754577e-09	-2.577283e+01	-1.158750e+02
6.430000e-06	-3.657348e-06	-1.773343e-09	-2.601363e+01	-1.170963e+02
6.440000e-06	-3.690949e-06	-1.789692e-09	-2.625262e+01	-1.182704e+02
6.450000e-06	-3.724306e-06	-1.802310e-09	-2.648988e+01	-1.193986e+02
6.460000e-06	-3.757380e-06	-1.816307e-09	-2.672513e+01	-1.204824e+02
6.470000e-06	-3.790112e-06	-1.833931e-09	-2.695794e+01	-1.215230e+02
6.480000e-06	-3.822600e-06	-1.852467e-09	-2.718902e+01	-1.225220e+02
6.490000e-06	-3.854889e-06	-1.871006e-09	-2.741868e+01	-1.234807e+02
6.500000e-06	-3.886974e-06	-1.888153e-09	-2.764689e+01	-1.244006e+02
6.510000e-06	-3.918889e-06	-1.902084e-09	-2.787389e+01	-1.252830e+02
6.520000e-06	-3.950628e-06	-1.914324e-09	-2.809964e+01	-1.261293e+02
6.530000e-06	-3.982147e-06	-1.923517e-09	-2.832383e+01	-1.269409e+02
6.540000e-06	-4.013368e-06	-1.928375e-09	-2.854589e+01	-1.277191e+02
6.550000e-06	-4.044137e-06	-1.936519e-09	-2.876475e+01	-1.284652e+02
6.560000e-06	-4.074368e-06	-1.951615e-09	-2.897977e+01	-1.291806e+02
6.570000e-06	-4.104217e-06	-1.968187e-09	-2.919208e+01	-1.298664e+02
6.580000e-06	-4.133659e-06	-1.981079e-09	-2.940149e+01	-1.305238e+02
6.590000e-06	-4.162601e-06	-1.987863e-09	-2.960735e+01	-1.311540e+02
6.600000e-06	-4.191177e-06	-1.993081e-09	-2.981060e+01	-1.317582e+02
6.610000e-06	-4.219480e-06	-1.999958e-09	-3.001191e+01	-1.323373e+02
6.620000e-06	-4.247590e-06	-2.008538e-09	-3.021185e+01	-1.328925e+02
6.630000e-06	-4.275528e-06	-2.017381e-09	-3.041056e+01	-1.334247e+02
6.640000e-06	-4.303222e-06	-2.026594e-09	-3.060754e+01	-1.339349e+02
6.650000e-06	-4.330678e-06	-2.035839e-09	-3.080283e+01	-1.344240e+02
6.660000e-06	-4.357888e-06	-2.042831e-09	-3.099636e+01	-1.348929e+02
6.670000e-06	-4.384753e-06	-2.048069e-09	-3.118744e+01	-1.353424e+02
6.680000e-06	-4.411294e-06	-2.051468e-09	-3.137622e+01	-1.357732e+02
6.690000e-06	-4.437516e-06	-2.055611e-09	-3.156273e+01	-1.361863e+02
6.700000e-06	-4.463420e-06	-2.062718e-09	-3.174698e+01	-1.365822e+02
6.710000e-06	-4.489058e-06	-2.071159e-09	-3.192934e+01	-1.369617e+02
6.720000e-06	-4.514362e-06	-2.078638e-09	-3.210932e+01	-1.373255e+02
6.730000e-06	-4.539274e-06	-2.084280e-09	-3.228651e+01	-1.376742e+02
6.740000e-06	-4.563726e-06	-2.087357e-09	-3.246043e+01	-1.380084e+02
6.750000e-06	-4.587903e-06	-2.089686e-09	-3.263239e+01	-1.383286e+02
6.760000e-06	-4.611996e-06	-2.093235e-09	-3.280376e+01	-1.386355e+02
6.770000e-06	-4.635970e-06	-2.098088e-09	-3.297428e+01	-1.389296e+02
6.780000e-06	-4.659724e-06	-2.104030e-09	-3.314323e+01	-1.392114e+02
6.790000e-06	-4.683121e-06	-2.112810e-09	-3.330965e+01	-1.394814e+02
6.800000e-06	-4.706102e-06	-2.120970e-09	-3.347310e+01	-1.397400e+02
6.810000e-06	-4.728683e-06	-2.125900e-09	-3.363371e+01	-1.399877e+02
6.820000e-06	-4.750786e-06	-2.127261e-09	-3.379093e+01	-1.402249e+02
6.830000e-06	-4.772278e-06	-2.125970e-09	-3.394380e+01	-1.404520e+02
6.840000e-06	-4.793257e-06	-2.124331e-09	-3.409301e+01	-1.406695e+02
6.850000e-06	-4.813836e-06	-2.123604e-09	-3.423939e+01	-1.408775e+02
6.860000e-06	-4.834097e-06	-2.124688e-09	-3.438350e+01	-1.410766e+02
6.870000e-06	-4.854143e-06	-2.128756e-09	-3.452608e+01	-1.412669e+02
6.880000e-06	-4.873977e-06	-2.134656e-09	-3.466715e+01	-1.414488e+02
6.890000e-06	-4.893562e-06	-2.140184e-09	-3.480646e+01	-1.416226e+02
6.900000e-06	-4.912834e-06	-2.142919e-09	-3.494353e+01	-1.417884e+02
6.910000e-06	-4.931752e-06	-2.143308e-09	-3.507808e+01	-1.419466e+02
6.920000e-06	-4.950327e-06	-2.143873e-09	-3.521021e+01	-1.420972e+02
6.930000e-06	-4.968586e-06	-2.145439e-09	-3.534007e+01	-1.422404e+02
6.940000e-06	-4.986605e-06	-2.146866e-09	-3.546824e+01	-1.423764e+02
6.950000e-06	-5.004280e-06	-2.148381e-09	-3.559396e+01	-1.425053e+02
6.960000e-06	-5.021417e-06	-2.150677e-09	-3.571585e+01	-1.426272e+02
6.970000e-06	-5.038159e-06	-2.152377e-09	-3.583493e+01	-1.427420e+02
6.980000e-06	-5.054739e-06	-2.154191e-09	-3.595286e+01	-1.428499e+02
6.990000e-06	-5.071083e-06	-2.156334e-09	-3.606910e+01	-1.429509e+02
7.000000e-06	-5.087134e-06	-2.157508e-09	-3.618327e+01	-1.430449e+02
7.010000e-06	-5.102975e-06	-2.156886e-09	-3.629594e+01	-1.431320e+02
7.020000e-06	-5.118484e-06	-2.155903e-09	-3.640626e+01	-1.432120e+02
7.030000e-06	-5.133427e-06	-2.155012e-09	-3.651255e+01	-1.432849e+02
7.040000e-06	-5.147754e-06	-2.154749e-09	-3.661445e+01	-1.433506e+02
7.050000e-06	-5.161503e-06	-2.155162e-09	-3.671224e+01	-1.434090e+02
7.060000e-06	-5.174757e-06	-2.155058e-09	-3.680651e+01	-1.434601e+02
7.070000e-06	-5.187502e-06	-2.154115e-09	-3.689716e+01	-1.435037e+02
7.080000e-06	-5.199804e-06	-2.153134e-09	-3.698466e+01	-1.435398e+02
7.090000e-06	-5.211866e-06	-2.153881e-09	-3.707045e+01	-1.435681e+02
7.100000e-06	-5.223596e-06	-2.156444e-09	-3.715389e+01	-1.435887e+02
7.110000e-06	-5.234828e-06	-2.158290e-09	-3.723377e+01	-1.436015e+02
7.120000e-06	-5.245616e-06	-2.157965e-09	-3.731051e+01	-1.436063e+02
7.130000e-06	-5.256077e-06	-2.154900e-09	-3.738492e+01	-1.436031e+02
7.140000e-06	-5.266216e-06	-2.151354e-09	-3.745703e+01	-1.435920e+02
7.150000e-06	-5.276023e-06	-2.150566e-09	-3.752678e+01	-1.435729e+02
7.160000e-06	-5.285496e-06	-2.150470e-09	-3.759417e+01	-1.435457e+02
7.170000e-06	-5.294552e-06	-2.147042e-09	-3.765857e+01	-1.435107e+02
7.180000e-06	-5.303239e-06	-2.145107e-09	-3.772036e+01	-1.434679e+02
7.190000e-06	-5.311629e-06	-2.147448e-09	-3.778004e+01	-1.434173e+02
7.200000e-06	-5.319772e-06	-2.152716e-09	-3.783796e+01	-1.433593e+02
7.210000e-06	-5.327740e-06	-2.156857e-09	-3.789463e+01	-1.432940e+02
7.220000e-06	-5.335386e-06	-2.157842e-09	-3.794902e+01	-1.432216e+02
7.230000e-06	-5.342583e-06	-2.158108e-09	-3.800021e+01	-1.431425e+02
7.240000e-06	-5.349287e-06	-2.157943e-09	-3.804789e+01	-1.430571e+02
7.250000e-06	-5.355317e-06	-2.155560e-09	-3.809078e+01	-1.429657e+02
7.260000e-06	-5.360697e-06	-2.149952e-09	-3.812904e+01	-1.428688e+02
7.270000e-06	-5.365534e-06	-2.145332e-09	-3.816345e+01	-1.427669e+02
7.280000e-06	-5.369909e-06	-2.144712e-09	-3.819457e+01	-1.426605e+02
7.290000e-06	-5.374103e-06	-2.145827e-09	-3.822440e+01	-1.425502e+02
7.300000e-06	-5.378148e-06	-2.145045e-09	-3.825317e+01	-1.424367e+02
7.310000e-06	-5.381866e-06	-2.143658e-09	-3.827961e+01	-1.423205e+02
7.320000e-06	-5.385246e-06	-2.143966e-09	-3.830365e+01	-1.422024e+02
7.330000e-06	-5.388314e-06	-2.143484e-09	-3.832548e+01	-1.420830e+02
7.340000e-06	-5.390977e-06	-2.139286e-09	-3.834442e+01	-1.419631e+02
7.350000e-06	-5.393286e-06	-2.134404e-09	-3.836084e+01	-1.418435e+02
7.360000e-06	-5.395329e-06	-2.131372e-09	-3.837537e+01	-1.417248e+02
7.370000e-06	-5.397008e-06	-2.131113e-09	-3.838731e+01	-1.416080e+02
7.380000e-06	-5.398215e-06	-2.131307e-09	-3.839590e+01	-1.414936e+02
7.390000e-06	-5.398947e-06	-2.131820e-09	-3.840111e+01	-1.413826e+02
7.400000e-06	-5.399373e-06	-2.132521e-09	-3.840414e+01	-1.412755e+02
