# Temperatura_=_-2.1
# Concentracion g/m^3_=_4090.0
# C_Vs_to_Am_M_A/Vsm_=_65563218390.804596
# pendiente_HvsI_1/m_=_3716.3
# ordenada_HvsI_A/m_=_1297.0
# frecuencia_Hz_=_135069.08705049465

Tiempo_(s)	Campo_(V.s)	Magnetizacion_(V.s)	Campo_(kA/m)	Magnetizacion_(A/m)
0.000000e+00	-5.415196e-06	-1.933627e-09	-3.839510e+01	-1.283269e+02
1.000000e-08	-5.415126e-06	-1.932766e-09	-3.839459e+01	-1.282225e+02
2.000000e-08	-5.414867e-06	-1.929404e-09	-3.839276e+01	-1.281214e+02
3.000000e-08	-5.414342e-06	-1.924988e-09	-3.838904e+01	-1.280243e+02
4.000000e-08	-5.413395e-06	-1.925419e-09	-3.838232e+01	-1.279315e+02
5.000000e-08	-5.411937e-06	-1.935439e-09	-3.837199e+01	-1.278436e+02
6.000000e-08	-5.409907e-06	-1.938021e-09	-3.835759e+01	-1.277608e+02
7.000000e-08	-5.407215e-06	-1.908362e-09	-3.833851e+01	-1.276835e+02
8.000000e-08	-5.403924e-06	-1.874481e-09	-3.831517e+01	-1.276119e+02
9.000000e-08	-5.400105e-06	-1.913156e-09	-3.828809e+01	-1.275463e+02
1.000000e-07	-5.395884e-06	-1.977615e-09	-3.825817e+01	-1.274868e+02
1.100000e-07	-5.391454e-06	-1.952704e-09	-3.822675e+01	-1.274334e+02
1.200000e-07	-5.386869e-06	-1.856685e-09	-3.819425e+01	-1.273861e+02
1.300000e-07	-5.382026e-06	-1.883281e-09	-3.815991e+01	-1.273450e+02
1.400000e-07	-5.376696e-06	-1.986517e-09	-3.812212e+01	-1.273098e+02
1.500000e-07	-5.370962e-06	-1.967342e-09	-3.808146e+01	-1.272804e+02
1.600000e-07	-5.364981e-06	-1.833295e-09	-3.803906e+01	-1.272565e+02
1.700000e-07	-5.358612e-06	-1.828181e-09	-3.799390e+01	-1.272377e+02
1.800000e-07	-5.351602e-06	-1.951622e-09	-3.794419e+01	-1.272237e+02
1.900000e-07	-5.344156e-06	-1.963569e-09	-3.789140e+01	-1.272141e+02
2.000000e-07	-5.336558e-06	-1.898262e-09	-3.783753e+01	-1.272082e+02
2.100000e-07	-5.328839e-06	-1.907420e-09	-3.778280e+01	-1.272056e+02
2.200000e-07	-5.320893e-06	-1.974280e-09	-3.772646e+01	-1.272055e+02
2.300000e-07	-5.312597e-06	-1.946056e-09	-3.766764e+01	-1.272074e+02
2.400000e-07	-5.303910e-06	-1.924561e-09	-3.760605e+01	-1.272105e+02
2.500000e-07	-5.294596e-06	-1.966305e-09	-3.754001e+01	-1.272142e+02
2.600000e-07	-5.284574e-06	-1.987779e-09	-3.746895e+01	-1.272175e+02
2.700000e-07	-5.274029e-06	-1.946609e-09	-3.739419e+01	-1.272197e+02
2.800000e-07	-5.262997e-06	-1.954034e-09	-3.731596e+01	-1.272201e+02
2.900000e-07	-5.251463e-06	-1.985856e-09	-3.723419e+01	-1.272178e+02
3.000000e-07	-5.239544e-06	-1.947290e-09	-3.714967e+01	-1.272119e+02
3.100000e-07	-5.227192e-06	-1.902144e-09	-3.706210e+01	-1.272018e+02
3.200000e-07	-5.214417e-06	-1.951898e-09	-3.697152e+01	-1.271865e+02
3.300000e-07	-5.201361e-06	-1.986955e-09	-3.687895e+01	-1.271653e+02
3.400000e-07	-5.187982e-06	-1.947334e-09	-3.678409e+01	-1.271375e+02
3.500000e-07	-5.174120e-06	-1.939895e-09	-3.668581e+01	-1.271024e+02
3.600000e-07	-5.159827e-06	-1.972717e-09	-3.658446e+01	-1.270592e+02
3.700000e-07	-5.145212e-06	-1.954776e-09	-3.648084e+01	-1.270074e+02
3.800000e-07	-5.130073e-06	-1.918105e-09	-3.637350e+01	-1.269463e+02
3.900000e-07	-5.114207e-06	-1.928425e-09	-3.626100e+01	-1.268755e+02
4.000000e-07	-5.097777e-06	-1.927640e-09	-3.614451e+01	-1.267944e+02
4.100000e-07	-5.081046e-06	-1.920257e-09	-3.602589e+01	-1.267027e+02
4.200000e-07	-5.063994e-06	-1.937089e-09	-3.590499e+01	-1.266000e+02
4.300000e-07	-5.046601e-06	-1.948173e-09	-3.578166e+01	-1.264861e+02
4.400000e-07	-5.028999e-06	-1.918594e-09	-3.565686e+01	-1.263608e+02
4.500000e-07	-5.011111e-06	-1.911470e-09	-3.553003e+01	-1.262239e+02
4.600000e-07	-4.992908e-06	-1.924420e-09	-3.540096e+01	-1.260755e+02
4.700000e-07	-4.974304e-06	-1.915988e-09	-3.526906e+01	-1.259154e+02
4.800000e-07	-4.955230e-06	-1.891722e-09	-3.513382e+01	-1.257439e+02
4.900000e-07	-4.935756e-06	-1.895684e-09	-3.499575e+01	-1.255610e+02
5.000000e-07	-4.915973e-06	-1.902928e-09	-3.485548e+01	-1.253671e+02
5.100000e-07	-4.895998e-06	-1.902378e-09	-3.471385e+01	-1.251623e+02
5.200000e-07	-4.875886e-06	-1.891684e-09	-3.457125e+01	-1.249471e+02
5.300000e-07	-4.855600e-06	-1.889443e-09	-3.442741e+01	-1.247219e+02
5.400000e-07	-4.834922e-06	-1.894318e-09	-3.428080e+01	-1.244870e+02
5.500000e-07	-4.813802e-06	-1.901712e-09	-3.413106e+01	-1.242431e+02
5.600000e-07	-4.792329e-06	-1.891462e-09	-3.397881e+01	-1.239907e+02
5.700000e-07	-4.770532e-06	-1.874065e-09	-3.382426e+01	-1.237303e+02
5.800000e-07	-4.748453e-06	-1.861661e-09	-3.366772e+01	-1.234625e+02
5.900000e-07	-4.726115e-06	-1.859798e-09	-3.350934e+01	-1.231881e+02
6.000000e-07	-4.703452e-06	-1.860329e-09	-3.334865e+01	-1.229075e+02
6.100000e-07	-4.680301e-06	-1.858693e-09	-3.318450e+01	-1.226216e+02
6.200000e-07	-4.656793e-06	-1.856299e-09	-3.301783e+01	-1.223308e+02
6.300000e-07	-4.633043e-06	-1.867374e-09	-3.284943e+01	-1.220360e+02
6.400000e-07	-4.609029e-06	-1.880742e-09	-3.267917e+01	-1.217377e+02
6.500000e-07	-4.584844e-06	-1.870496e-09	-3.250769e+01	-1.214365e+02
6.600000e-07	-4.560465e-06	-1.847946e-09	-3.233484e+01	-1.211331e+02
6.700000e-07	-4.535778e-06	-1.837745e-09	-3.215980e+01	-1.208279e+02
6.800000e-07	-4.510644e-06	-1.836685e-09	-3.198159e+01	-1.205216e+02
6.900000e-07	-4.484949e-06	-1.828738e-09	-3.179941e+01	-1.202147e+02
7.000000e-07	-4.458663e-06	-1.822759e-09	-3.161303e+01	-1.199075e+02
7.100000e-07	-4.431860e-06	-1.825513e-09	-3.142299e+01	-1.196005e+02
7.200000e-07	-4.404706e-06	-1.836833e-09	-3.123047e+01	-1.192940e+02
7.300000e-07	-4.377249e-06	-1.837349e-09	-3.103579e+01	-1.189883e+02
7.400000e-07	-4.349505e-06	-1.825092e-09	-3.083908e+01	-1.186837e+02
7.500000e-07	-4.321589e-06	-1.809722e-09	-3.064115e+01	-1.183804e+02
7.600000e-07	-4.293511e-06	-1.804536e-09	-3.044207e+01	-1.180785e+02
7.700000e-07	-4.265229e-06	-1.797406e-09	-3.024154e+01	-1.177780e+02
7.800000e-07	-4.236677e-06	-1.786124e-09	-3.003910e+01	-1.174789e+02
7.900000e-07	-4.207782e-06	-1.778190e-09	-2.983423e+01	-1.171813e+02
8.000000e-07	-4.178469e-06	-1.783913e-09	-2.962639e+01	-1.168851e+02
8.100000e-07	-4.148832e-06	-1.787792e-09	-2.941626e+01	-1.165900e+02
8.200000e-07	-4.119037e-06	-1.783439e-09	-2.920501e+01	-1.162959e+02
8.300000e-07	-4.088988e-06	-1.770438e-09	-2.899195e+01	-1.160025e+02
8.400000e-07	-4.058638e-06	-1.762046e-09	-2.877676e+01	-1.157096e+02
8.500000e-07	-4.027990e-06	-1.759616e-09	-2.855945e+01	-1.154169e+02
8.600000e-07	-3.997044e-06	-1.755718e-09	-2.834004e+01	-1.151240e+02
8.700000e-07	-3.965901e-06	-1.745662e-09	-2.811923e+01	-1.148305e+02
8.800000e-07	-3.934512e-06	-1.739011e-09	-2.789668e+01	-1.145360e+02
8.900000e-07	-3.902810e-06	-1.739871e-09	-2.767190e+01	-1.142401e+02
9.000000e-07	-3.870954e-06	-1.738643e-09	-2.744603e+01	-1.139425e+02
9.100000e-07	-3.839036e-06	-1.726870e-09	-2.721973e+01	-1.136425e+02
9.200000e-07	-3.806935e-06	-1.715246e-09	-2.699212e+01	-1.133399e+02
9.300000e-07	-3.774638e-06	-1.714225e-09	-2.676313e+01	-1.130342e+02
9.400000e-07	-3.742158e-06	-1.717285e-09	-2.653284e+01	-1.127249e+02
9.500000e-07	-3.709338e-06	-1.714647e-09	-2.630013e+01	-1.124117e+02
9.600000e-07	-3.676064e-06	-1.706831e-09	-2.606421e+01	-1.120942e+02
9.700000e-07	-3.642311e-06	-1.701031e-09	-2.582489e+01	-1.117719e+02
9.800000e-07	-3.608032e-06	-1.695876e-09	-2.558185e+01	-1.114447e+02
9.900000e-07	-3.573356e-06	-1.684941e-09	-2.533599e+01	-1.111122e+02
1.000000e-06	-3.538324e-06	-1.669909e-09	-2.508760e+01	-1.107740e+02
1.010000e-06	-3.502915e-06	-1.662528e-09	-2.483654e+01	-1.104301e+02
1.020000e-06	-3.467253e-06	-1.660932e-09	-2.458369e+01	-1.100801e+02
1.030000e-06	-3.431431e-06	-1.660203e-09	-2.432970e+01	-1.097239e+02
1.040000e-06	-3.395504e-06	-1.657590e-09	-2.407497e+01	-1.093615e+02
1.050000e-06	-3.359433e-06	-1.656470e-09	-2.381922e+01	-1.089927e+02
1.060000e-06	-3.323194e-06	-1.653710e-09	-2.356227e+01	-1.086175e+02
1.070000e-06	-3.286809e-06	-1.645784e-09	-2.330430e+01	-1.082359e+02
1.080000e-06	-3.250191e-06	-1.629827e-09	-2.304467e+01	-1.078480e+02
1.090000e-06	-3.213295e-06	-1.617321e-09	-2.278306e+01	-1.074538e+02
1.100000e-06	-3.176165e-06	-1.612410e-09	-2.251981e+01	-1.070535e+02
1.110000e-06	-3.138766e-06	-1.611503e-09	-2.225463e+01	-1.066473e+02
1.120000e-06	-3.101101e-06	-1.609733e-09	-2.198758e+01	-1.062352e+02
1.130000e-06	-3.063242e-06	-1.608251e-09	-2.171915e+01	-1.058175e+02
1.140000e-06	-3.025204e-06	-1.606916e-09	-2.144945e+01	-1.053945e+02
1.150000e-06	-2.987050e-06	-1.603910e-09	-2.117893e+01	-1.049663e+02
1.160000e-06	-2.948723e-06	-1.593978e-09	-2.090718e+01	-1.045332e+02
1.170000e-06	-2.910092e-06	-1.579727e-09	-2.063328e+01	-1.040955e+02
1.180000e-06	-2.871218e-06	-1.567747e-09	-2.035765e+01	-1.036535e+02
1.190000e-06	-2.832102e-06	-1.561598e-09	-2.008031e+01	-1.032074e+02
1.200000e-06	-2.792745e-06	-1.558299e-09	-1.980126e+01	-1.027575e+02
1.210000e-06	-2.753203e-06	-1.555169e-09	-1.952089e+01	-1.023041e+02
1.220000e-06	-2.713550e-06	-1.553099e-09	-1.923974e+01	-1.018473e+02
1.230000e-06	-2.673798e-06	-1.551487e-09	-1.895789e+01	-1.013874e+02
1.240000e-06	-2.633887e-06	-1.546963e-09	-1.867492e+01	-1.009246e+02
1.250000e-06	-2.593894e-06	-1.537330e-09	-1.839136e+01	-1.004591e+02
1.260000e-06	-2.553856e-06	-1.526963e-09	-1.810748e+01	-9.999099e+01
1.270000e-06	-2.513717e-06	-1.517810e-09	-1.782289e+01	-9.952039e+01
1.280000e-06	-2.473497e-06	-1.511375e-09	-1.753771e+01	-9.904739e+01
1.290000e-06	-2.433180e-06	-1.503747e-09	-1.725186e+01	-9.857203e+01
1.300000e-06	-2.392703e-06	-1.494423e-09	-1.696486e+01	-9.809429e+01
1.310000e-06	-2.352012e-06	-1.487133e-09	-1.667635e+01	-9.761415e+01
1.320000e-06	-2.310994e-06	-1.482212e-09	-1.638553e+01	-9.713151e+01
1.330000e-06	-2.269667e-06	-1.475639e-09	-1.609250e+01	-9.664627e+01
1.340000e-06	-2.228138e-06	-1.468049e-09	-1.579806e+01	-9.615825e+01
1.350000e-06	-2.186360e-06	-1.460363e-09	-1.550184e+01	-9.566726e+01
1.360000e-06	-2.144251e-06	-1.452596e-09	-1.520327e+01	-9.517305e+01
1.370000e-06	-2.101790e-06	-1.443453e-09	-1.490222e+01	-9.467534e+01
1.380000e-06	-2.059117e-06	-1.433046e-09	-1.459966e+01	-9.417384e+01
1.390000e-06	-2.016201e-06	-1.421737e-09	-1.429537e+01	-9.366818e+01
1.400000e-06	-1.973050e-06	-1.410177e-09	-1.398942e+01	-9.315801e+01
1.410000e-06	-1.929741e-06	-1.399113e-09	-1.368235e+01	-9.264290e+01
1.420000e-06	-1.886270e-06	-1.391391e-09	-1.337413e+01	-9.212246e+01
1.430000e-06	-1.842688e-06	-1.384729e-09	-1.306512e+01	-9.159622e+01
1.440000e-06	-1.798921e-06	-1.377197e-09	-1.275480e+01	-9.106373e+01
1.450000e-06	-1.755072e-06	-1.367474e-09	-1.244390e+01	-9.052452e+01
1.460000e-06	-1.711187e-06	-1.357098e-09	-1.213274e+01	-8.997810e+01
1.470000e-06	-1.667238e-06	-1.347074e-09	-1.182113e+01	-8.942400e+01
1.480000e-06	-1.623238e-06	-1.336417e-09	-1.150917e+01	-8.886172e+01
1.490000e-06	-1.579163e-06	-1.325853e-09	-1.119666e+01	-8.829079e+01
1.500000e-06	-1.535014e-06	-1.316436e-09	-1.088363e+01	-8.771072e+01
1.510000e-06	-1.490810e-06	-1.309365e-09	-1.057021e+01	-8.712104e+01
1.520000e-06	-1.446582e-06	-1.301617e-09	-1.025663e+01	-8.652130e+01
1.530000e-06	-1.402301e-06	-1.290125e-09	-9.942661e+00	-8.591106e+01
1.540000e-06	-1.357907e-06	-1.274477e-09	-9.627902e+00	-8.528989e+01
1.550000e-06	-1.313422e-06	-1.259692e-09	-9.312492e+00	-8.465738e+01
1.560000e-06	-1.268836e-06	-1.249465e-09	-8.996361e+00	-8.401315e+01
1.570000e-06	-1.224179e-06	-1.243452e-09	-8.679738e+00	-8.335682e+01
1.580000e-06	-1.179518e-06	-1.239476e-09	-8.363076e+00	-8.268806e+01
1.590000e-06	-1.134743e-06	-1.233367e-09	-8.045613e+00	-8.200654e+01
1.600000e-06	-1.089830e-06	-1.223236e-09	-7.727170e+00	-8.131195e+01
1.610000e-06	-1.044848e-06	-1.210725e-09	-7.408231e+00	-8.060402e+01
1.620000e-06	-9.997444e-07	-1.196278e-09	-7.088437e+00	-7.988247e+01
1.630000e-06	-9.544783e-07	-1.180531e-09	-6.767490e+00	-7.914706e+01
1.640000e-06	-9.091616e-07	-1.166430e-09	-6.446183e+00	-7.839756e+01
1.650000e-06	-8.638273e-07	-1.154590e-09	-6.124752e+00	-7.763374e+01
1.660000e-06	-8.184644e-07	-1.145064e-09	-5.803117e+00	-7.685539e+01
1.670000e-06	-7.730894e-07	-1.138376e-09	-5.481397e+00	-7.606230e+01
1.680000e-06	-7.276210e-07	-1.128260e-09	-5.159015e+00	-7.525427e+01
1.690000e-06	-6.820829e-07	-1.112426e-09	-4.836138e+00	-7.443108e+01
1.700000e-06	-6.365075e-07	-1.095928e-09	-4.512997e+00	-7.359252e+01
1.710000e-06	-5.908756e-07	-1.083675e-09	-4.189456e+00	-7.273837e+01
1.720000e-06	-5.451969e-07	-1.070833e-09	-3.865582e+00	-7.186838e+01
1.730000e-06	-4.994266e-07	-1.056618e-09	-3.541059e+00	-7.098231e+01
1.740000e-06	-4.535706e-07	-1.044002e-09	-3.215929e+00	-7.007987e+01
1.750000e-06	-4.077288e-07	-1.036656e-09	-2.890899e+00	-6.916075e+01
1.760000e-06	-3.618642e-07	-1.028087e-09	-2.565708e+00	-6.822462e+01
1.770000e-06	-3.159216e-07	-1.011676e-09	-2.239963e+00	-6.727112e+01
1.780000e-06	-2.698832e-07	-9.945903e-10	-1.913539e+00	-6.629983e+01
1.790000e-06	-2.238281e-07	-9.818881e-10	-1.586997e+00	-6.531033e+01
1.800000e-06	-1.778123e-07	-9.695247e-10	-1.260734e+00	-6.430212e+01
1.810000e-06	-1.318246e-07	-9.513692e-10	-9.346697e-01	-6.327468e+01
1.820000e-06	-8.587505e-08	-9.313791e-10	-6.088756e-01	-6.222745e+01
1.830000e-06	-3.988434e-08	-9.152204e-10	-2.827899e-01	-6.115982e+01
1.840000e-06	6.108126e-09	-9.014552e-10	4.330814e-02	-6.007113e+01
1.850000e-06	5.202554e-08	-8.863145e-10	3.688741e-01	-5.896069e+01
1.860000e-06	9.795578e-08	-8.701094e-10	6.945310e-01	-5.782776e+01
1.870000e-06	1.438968e-07	-8.564408e-10	1.020264e+00	-5.667157e+01
1.880000e-06	1.897942e-07	-8.438255e-10	1.345688e+00	-5.549132e+01
1.890000e-06	2.356328e-07	-8.229427e-10	1.670696e+00	-5.428615e+01
1.900000e-06	2.813931e-07	-7.936751e-10	1.995147e+00	-5.305521e+01
1.910000e-06	3.271982e-07	-7.651658e-10	2.319917e+00	-5.179760e+01
1.920000e-06	3.730400e-07	-7.427348e-10	2.644947e+00	-5.051242e+01
1.930000e-06	4.188610e-07	-7.227749e-10	2.969829e+00	-4.919876e+01
1.940000e-06	4.646275e-07	-7.019147e-10	3.294325e+00	-4.785568e+01
1.950000e-06	5.103506e-07	-6.825292e-10	3.618513e+00	-4.648228e+01
1.960000e-06	5.561028e-07	-6.680543e-10	3.942908e+00	-4.507766e+01
1.970000e-06	6.018556e-07	-6.520571e-10	4.267307e+00	-4.364092e+01
1.980000e-06	6.474894e-07	-6.288591e-10	4.590862e+00	-4.217121e+01
1.990000e-06	6.929969e-07	-6.008018e-10	4.913522e+00	-4.066771e+01
2.000000e-06	7.385303e-07	-5.747490e-10	5.236365e+00	-3.912965e+01
2.010000e-06	7.840432e-07	-5.506347e-10	5.559062e+00	-3.755631e+01
2.020000e-06	8.294236e-07	-5.240700e-10	5.880821e+00	-3.594704e+01
2.030000e-06	8.747114e-07	-4.956337e-10	6.201922e+00	-3.430124e+01
2.040000e-06	9.199790e-07	-4.709503e-10	6.522881e+00	-3.261841e+01
2.050000e-06	9.651829e-07	-4.486458e-10	6.843388e+00	-3.089816e+01
2.060000e-06	1.010321e-06	-4.226376e-10	7.163426e+00	-2.914014e+01
2.070000e-06	1.055411e-06	-3.917686e-10	7.483125e+00	-2.734417e+01
2.080000e-06	1.100340e-06	-3.617263e-10	7.801689e+00	-2.551013e+01
2.090000e-06	1.145146e-06	-3.362671e-10	8.119374e+00	-2.363805e+01
2.100000e-06	1.189868e-06	-3.104465e-10	8.436465e+00	-2.172807e+01
2.110000e-06	1.234496e-06	-2.798207e-10	8.752887e+00	-1.978047e+01
2.120000e-06	1.279074e-06	-2.458337e-10	9.068955e+00	-1.779564e+01
2.130000e-06	1.323570e-06	-2.135942e-10	9.384442e+00	-1.577415e+01
2.140000e-06	1.368034e-06	-1.814225e-10	9.699705e+00	-1.371666e+01
2.150000e-06	1.412393e-06	-1.479709e-10	1.001422e+01	-1.162401e+01
2.160000e-06	1.456613e-06	-1.153069e-10	1.032775e+01	-9.497172e+00
2.170000e-06	1.500814e-06	-8.585178e-11	1.064115e+01	-7.337246e+00
2.180000e-06	1.544902e-06	-5.989014e-11	1.095374e+01	-5.145488e+00
2.190000e-06	1.588889e-06	-3.222715e-11	1.126562e+01	-2.923286e+00
2.200000e-06	1.632873e-06	1.726358e-12	1.157748e+01	-6.721680e-01
2.210000e-06	1.676864e-06	4.003332e-11	1.188938e+01	1.606211e+00
2.220000e-06	1.720846e-06	8.019883e-11	1.220123e+01	3.910068e+00
2.230000e-06	1.764751e-06	1.203527e-10	1.251253e+01	6.237501e+00
2.240000e-06	1.808571e-06	1.586044e-10	1.282322e+01	8.586493e+00
2.250000e-06	1.852292e-06	1.920623e-10	1.313322e+01	1.095492e+01
2.260000e-06	1.895905e-06	2.243737e-10	1.344244e+01	1.334057e+01
2.270000e-06	1.939363e-06	2.575874e-10	1.375057e+01	1.574114e+01
2.280000e-06	1.982591e-06	2.936421e-10	1.405707e+01	1.815423e+01
2.290000e-06	2.025727e-06	3.334425e-10	1.436291e+01	2.057740e+01
2.300000e-06	2.068735e-06	3.723536e-10	1.466785e+01	2.300815e+01
2.310000e-06	2.111371e-06	4.102406e-10	1.497015e+01	2.544391e+01
2.320000e-06	2.153652e-06	4.500761e-10	1.526993e+01	2.788210e+01
2.330000e-06	2.195636e-06	4.881343e-10	1.556761e+01	3.032011e+01
2.340000e-06	2.237371e-06	5.196684e-10	1.586352e+01	3.275532e+01
2.350000e-06	2.278855e-06	5.497495e-10	1.615765e+01	3.518512e+01
2.360000e-06	2.320108e-06	5.845435e-10	1.645015e+01	3.760689e+01
2.370000e-06	2.361093e-06	6.240533e-10	1.674074e+01	4.001807e+01
2.380000e-06	2.401758e-06	6.636950e-10	1.702907e+01	4.241609e+01
2.390000e-06	2.442213e-06	7.002168e-10	1.731590e+01	4.479848e+01
2.400000e-06	2.482507e-06	7.350564e-10	1.760160e+01	4.716280e+01
2.410000e-06	2.522712e-06	7.711500e-10	1.788666e+01	4.950667e+01
2.420000e-06	2.562806e-06	8.075994e-10	1.817093e+01	5.182780e+01
2.430000e-06	2.602812e-06	8.420539e-10	1.845459e+01	5.412399e+01
2.440000e-06	2.642718e-06	8.751580e-10	1.873753e+01	5.639314e+01
2.450000e-06	2.682494e-06	9.100934e-10	1.901956e+01	5.863324e+01
2.460000e-06	2.722154e-06	9.451939e-10	1.930075e+01	6.084240e+01
2.470000e-06	2.761658e-06	9.754282e-10	1.958084e+01	6.301883e+01
2.480000e-06	2.801044e-06	1.002676e-09	1.986010e+01	6.516088e+01
2.490000e-06	2.840248e-06	1.031872e-09	2.013807e+01	6.726701e+01
2.500000e-06	2.879172e-06	1.063707e-09	2.041405e+01	6.933582e+01
2.510000e-06	2.917853e-06	1.096369e-09	2.068831e+01	7.136604e+01
2.520000e-06	2.956268e-06	1.130499e-09	2.096068e+01	7.335652e+01
2.530000e-06	2.994511e-06	1.165609e-09	2.123183e+01	7.530626e+01
2.540000e-06	3.032588e-06	1.197801e-09	2.150181e+01	7.721437e+01
2.550000e-06	3.070401e-06	1.222343e-09	2.176991e+01	7.908012e+01
2.560000e-06	3.107986e-06	1.239974e-09	2.203640e+01	8.090289e+01
2.570000e-06	3.145353e-06	1.257988e-09	2.230134e+01	8.268219e+01
2.580000e-06	3.182552e-06	1.279943e-09	2.256509e+01	8.441767e+01
2.590000e-06	3.219577e-06	1.306809e-09	2.282761e+01	8.610907e+01
2.600000e-06	3.256353e-06	1.338833e-09	2.308836e+01	8.775628e+01
2.610000e-06	3.292886e-06	1.372497e-09	2.334738e+01	8.935928e+01
2.620000e-06	3.329212e-06	1.402534e-09	2.360495e+01	9.091816e+01
2.630000e-06	3.365351e-06	1.424756e-09	2.386118e+01	9.243311e+01
2.640000e-06	3.401303e-06	1.439480e-09	2.411609e+01	9.390442e+01
2.650000e-06	3.437107e-06	1.451462e-09	2.436995e+01	9.533244e+01
2.660000e-06	3.472864e-06	1.465276e-09	2.462347e+01	9.671763e+01
2.670000e-06	3.508492e-06	1.482399e-09	2.487608e+01	9.806052e+01
2.680000e-06	3.543898e-06	1.502511e-09	2.512712e+01	9.936169e+01
2.690000e-06	3.578957e-06	1.527557e-09	2.537570e+01	1.006218e+02
2.700000e-06	3.613528e-06	1.555478e-09	2.562082e+01	1.018415e+02
2.710000e-06	3.647652e-06	1.580532e-09	2.586277e+01	1.030216e+02
2.720000e-06	3.681369e-06	1.597858e-09	2.610183e+01	1.041629e+02
2.730000e-06	3.714638e-06	1.609149e-09	2.633772e+01	1.052661e+02
2.740000e-06	3.747435e-06	1.618381e-09	2.657025e+01	1.063322e+02
2.750000e-06	3.779936e-06	1.628377e-09	2.680069e+01	1.073619e+02
2.760000e-06	3.812257e-06	1.640544e-09	2.702986e+01	1.083562e+02
2.770000e-06	3.844416e-06	1.657757e-09	2.725787e+01	1.093160e+02
2.780000e-06	3.876394e-06	1.681158e-09	2.748460e+01	1.102421e+02
2.790000e-06	3.908164e-06	1.702690e-09	2.770986e+01	1.111354e+02
2.800000e-06	3.939717e-06	1.716034e-09	2.793358e+01	1.119969e+02
2.810000e-06	3.971022e-06	1.723028e-09	2.815554e+01	1.128274e+02
2.820000e-06	4.002079e-06	1.729207e-09	2.837574e+01	1.136279e+02
2.830000e-06	4.032819e-06	1.737816e-09	2.859370e+01	1.143991e+02
2.840000e-06	4.063235e-06	1.748015e-09	2.880935e+01	1.151420e+02
2.850000e-06	4.093371e-06	1.759270e-09	2.902303e+01	1.158573e+02
2.860000e-06	4.123243e-06	1.774370e-09	2.923482e+01	1.165459e+02
2.870000e-06	4.152854e-06	1.793104e-09	2.944477e+01	1.172087e+02
2.880000e-06	4.182191e-06	1.807109e-09	2.965278e+01	1.178464e+02
2.890000e-06	4.211262e-06	1.812371e-09	2.985890e+01	1.184597e+02
2.900000e-06	4.240030e-06	1.816180e-09	3.006288e+01	1.190495e+02
2.910000e-06	4.268478e-06	1.821501e-09	3.026458e+01	1.196165e+02
2.920000e-06	4.296651e-06	1.824868e-09	3.046433e+01	1.201613e+02
2.930000e-06	4.324650e-06	1.825720e-09	3.066285e+01	1.206848e+02
2.940000e-06	4.352534e-06	1.829207e-09	3.086056e+01	1.211875e+02
2.950000e-06	4.380239e-06	1.841262e-09	3.105699e+01	1.216701e+02
2.960000e-06	4.407728e-06	1.856721e-09	3.125189e+01	1.221334e+02
2.970000e-06	4.434954e-06	1.866855e-09	3.144493e+01	1.225779e+02
2.980000e-06	4.461756e-06	1.871745e-09	3.163496e+01	1.230043e+02
2.990000e-06	4.487896e-06	1.876121e-09	3.182030e+01	1.234132e+02
3.000000e-06	4.513344e-06	1.880678e-09	3.200074e+01	1.238052e+02
3.010000e-06	4.538331e-06	1.882468e-09	3.217790e+01	1.241809e+02
3.020000e-06	4.562959e-06	1.884577e-09	3.235252e+01	1.245408e+02
3.030000e-06	4.587218e-06	1.892584e-09	3.252452e+01	1.248855e+02
3.040000e-06	4.611219e-06	1.904358e-09	3.269469e+01	1.252157e+02
3.050000e-06	4.635032e-06	1.913021e-09	3.286353e+01	1.255318e+02
3.060000e-06	4.658653e-06	1.916831e-09	3.303101e+01	1.258343e+02
3.070000e-06	4.682015e-06	1.920362e-09	3.319666e+01	1.261238e+02
3.080000e-06	4.704995e-06	1.927404e-09	3.335959e+01	1.264009e+02
3.090000e-06	4.727609e-06	1.932904e-09	3.351993e+01	1.266659e+02
3.100000e-06	4.749844e-06	1.932840e-09	3.367758e+01	1.269194e+02
3.110000e-06	4.771772e-06	1.932693e-09	3.383305e+01	1.271618e+02
3.120000e-06	4.793450e-06	1.935948e-09	3.398676e+01	1.273937e+02
3.130000e-06	4.814761e-06	1.939897e-09	3.413786e+01	1.276154e+02
3.140000e-06	4.835671e-06	1.943539e-09	3.428612e+01	1.278273e+02
3.150000e-06	4.856231e-06	1.947936e-09	3.443189e+01	1.280299e+02
3.160000e-06	4.876528e-06	1.953399e-09	3.457580e+01	1.282234e+02
3.170000e-06	4.896610e-06	1.957842e-09	3.471819e+01	1.284084e+02
3.180000e-06	4.916494e-06	1.957511e-09	3.485917e+01	1.285850e+02
3.190000e-06	4.936207e-06	1.954964e-09	3.499894e+01	1.287536e+02
3.200000e-06	4.955647e-06	1.956714e-09	3.513677e+01	1.289145e+02
3.210000e-06	4.974736e-06	1.961915e-09	3.527212e+01	1.290679e+02
3.220000e-06	4.993491e-06	1.966298e-09	3.540510e+01	1.292141e+02
3.230000e-06	5.011825e-06	1.969579e-09	3.553509e+01	1.293532e+02
3.240000e-06	5.029713e-06	1.971759e-09	3.566192e+01	1.294853e+02
3.250000e-06	5.047127e-06	1.974050e-09	3.578539e+01	1.296107e+02
3.260000e-06	5.064182e-06	1.974320e-09	3.590632e+01	1.297295e+02
3.270000e-06	5.081063e-06	1.972844e-09	3.602600e+01	1.298417e+02
3.280000e-06	5.097663e-06	1.975545e-09	3.614371e+01	1.299473e+02
3.290000e-06	5.113817e-06	1.982388e-09	3.625824e+01	1.300465e+02
3.300000e-06	5.129469e-06	1.987342e-09	3.636922e+01	1.301392e+02
3.310000e-06	5.144565e-06	1.987332e-09	3.647625e+01	1.302254e+02
3.320000e-06	5.159194e-06	1.987313e-09	3.657997e+01	1.303050e+02
3.330000e-06	5.173416e-06	1.985704e-09	3.668081e+01	1.303781e+02
3.340000e-06	5.187262e-06	1.982476e-09	3.677898e+01	1.304446e+02
3.350000e-06	5.200808e-06	1.981323e-09	3.687503e+01	1.305043e+02
3.360000e-06	5.214028e-06	1.985042e-09	3.696877e+01	1.305572e+02
3.370000e-06	5.226878e-06	1.991311e-09	3.705987e+01	1.306031e+02
3.380000e-06	5.239310e-06	1.994341e-09	3.714802e+01	1.306421e+02
3.390000e-06	5.251366e-06	1.995022e-09	3.723350e+01	1.306740e+02
3.400000e-06	5.263079e-06	1.996672e-09	3.731654e+01	1.306987e+02
3.410000e-06	5.274383e-06	1.995976e-09	3.739669e+01	1.307161e+02
3.420000e-06	5.285176e-06	1.990737e-09	3.747322e+01	1.307261e+02
3.430000e-06	5.295371e-06	1.985688e-09	3.754550e+01	1.307288e+02
3.440000e-06	5.304935e-06	1.987365e-09	3.761331e+01	1.307240e+02
3.450000e-06	5.313901e-06	1.995456e-09	3.767688e+01	1.307118e+02
3.460000e-06	5.322427e-06	2.003053e-09	3.773734e+01	1.306921e+02
3.470000e-06	5.330679e-06	2.006600e-09	3.779585e+01	1.306650e+02
3.480000e-06	5.338636e-06	2.008728e-09	3.785226e+01	1.306306e+02
3.490000e-06	5.346314e-06	2.009968e-09	3.790670e+01	1.305889e+02
3.500000e-06	5.353679e-06	2.006564e-09	3.795892e+01	1.305402e+02
3.510000e-06	5.360683e-06	2.001267e-09	3.800858e+01	1.304846e+02
3.520000e-06	5.367326e-06	2.000071e-09	3.805568e+01	1.304223e+02
3.530000e-06	5.373613e-06	2.003588e-09	3.810026e+01	1.303535e+02
3.540000e-06	5.379547e-06	2.008619e-09	3.814233e+01	1.302785e+02
3.550000e-06	5.385086e-06	2.011399e-09	3.818161e+01	1.301978e+02
3.560000e-06	5.390292e-06	2.012041e-09	3.821851e+01	1.301116e+02
3.570000e-06	5.395153e-06	2.012210e-09	3.825298e+01	1.300203e+02
3.580000e-06	5.399589e-06	2.010285e-09	3.828444e+01	1.299245e+02
3.590000e-06	5.403711e-06	2.006171e-09	3.831366e+01	1.298245e+02
3.600000e-06	5.407683e-06	2.002613e-09	3.834183e+01	1.297209e+02
3.610000e-06	5.411496e-06	2.002589e-09	3.836886e+01	1.296142e+02
3.620000e-06	5.414998e-06	2.003063e-09	3.839369e+01	1.295050e+02
3.630000e-06	5.418004e-06	2.003235e-09	3.841500e+01	1.293938e+02
3.640000e-06	5.420465e-06	2.004822e-09	3.843246e+01	1.292813e+02
3.650000e-06	5.422388e-06	2.006302e-09	3.844609e+01	1.291680e+02
3.660000e-06	5.423614e-06	2.005830e-09	3.845478e+01	1.290545e+02
3.670000e-06	5.424168e-06	2.005972e-09	3.845871e+01	1.289415e+02
3.680000e-06	5.424350e-06	2.005464e-09	3.846000e+01	1.288296e+02
3.690000e-06	5.424323e-06	2.005625e-09	3.845981e+01	1.287194e+02
3.700000e-06	5.424113e-06	2.005850e-09	3.845832e+01	1.286114e+02
3.710000e-06	5.423645e-06	2.003251e-09	3.845500e+01	1.285062e+02
3.720000e-06	5.422797e-06	2.000283e-09	3.844899e+01	1.284043e+02
3.730000e-06	5.421557e-06	1.995197e-09	3.844019e+01	1.283063e+02
3.740000e-06	5.419916e-06	1.982249e-09	3.842856e+01	1.282126e+02
3.750000e-06	5.417957e-06	1.958264e-09	3.841467e+01	1.281237e+02
3.760000e-06	5.415718e-06	1.958499e-09	3.839879e+01	1.280398e+02
3.770000e-06	5.413123e-06	1.997590e-09	3.838039e+01	1.279614e+02
3.780000e-06	5.410196e-06	1.995600e-09	3.835964e+01	1.278886e+02
3.790000e-06	5.406810e-06	1.921530e-09	3.833563e+01	1.278218e+02
3.800000e-06	5.402893e-06	1.875529e-09	3.830786e+01	1.277611e+02
3.810000e-06	5.398720e-06	1.962132e-09	3.827828e+01	1.277065e+02
3.820000e-06	5.394476e-06	2.008116e-09	3.824819e+01	1.276580e+02
3.830000e-06	5.389994e-06	1.892915e-09	3.821641e+01	1.276157e+02
3.840000e-06	5.384950e-06	1.834498e-09	3.818064e+01	1.275793e+02
3.850000e-06	5.379216e-06	1.947332e-09	3.813998e+01	1.275487e+02
3.860000e-06	5.372961e-06	2.041507e-09	3.809563e+01	1.275237e+02
3.870000e-06	5.366331e-06	1.905998e-09	3.804863e+01	1.275040e+02
3.880000e-06	5.359325e-06	1.816241e-09	3.799895e+01	1.274890e+02
3.890000e-06	5.351800e-06	1.934734e-09	3.794560e+01	1.274785e+02
3.900000e-06	5.343826e-06	1.997343e-09	3.788906e+01	1.274718e+02
3.910000e-06	5.335615e-06	1.862612e-09	3.783084e+01	1.274685e+02
3.920000e-06	5.327083e-06	1.817469e-09	3.777035e+01	1.274679e+02
3.930000e-06	5.318106e-06	1.967180e-09	3.770670e+01	1.274693e+02
3.940000e-06	5.308801e-06	1.982705e-09	3.764073e+01	1.274721e+02
3.950000e-06	5.299187e-06	1.856078e-09	3.757256e+01	1.274755e+02
3.960000e-06	5.289205e-06	1.868182e-09	3.750179e+01	1.274787e+02
3.970000e-06	5.278881e-06	2.000558e-09	3.742859e+01	1.274810e+02
3.980000e-06	5.268265e-06	1.973037e-09	3.735331e+01	1.274816e+02
3.990000e-06	5.257243e-06	1.907097e-09	3.727517e+01	1.274795e+02
4.000000e-06	5.245718e-06	1.988642e-09	3.719345e+01	1.274741e+02
4.010000e-06	5.233801e-06	2.050833e-09	3.710896e+01	1.274646e+02
4.020000e-06	5.221487e-06	1.945164e-09	3.702165e+01	1.274500e+02
4.030000e-06	5.208689e-06	1.895080e-09	3.693091e+01	1.274297e+02
4.040000e-06	5.195498e-06	1.966202e-09	3.683738e+01	1.274029e+02
4.050000e-06	5.181811e-06	1.960605e-09	3.674034e+01	1.273688e+02
4.060000e-06	5.167406e-06	1.898555e-09	3.663820e+01	1.273268e+02
4.070000e-06	5.152417e-06	1.946657e-09	3.653192e+01	1.272763e+02
4.080000e-06	5.136987e-06	1.999404e-09	3.642252e+01	1.272166e+02
4.090000e-06	5.121186e-06	1.953249e-09	3.631049e+01	1.271472e+02
4.100000e-06	5.105155e-06	1.929877e-09	3.619683e+01	1.270677e+02
4.110000e-06	5.088888e-06	1.950374e-09	3.608149e+01	1.269776e+02
4.120000e-06	5.072286e-06	1.916891e-09	3.596378e+01	1.268766e+02
4.130000e-06	5.055333e-06	1.888453e-09	3.584357e+01	1.267644e+02
4.140000e-06	5.037915e-06	1.926720e-09	3.572008e+01	1.266408e+02
4.150000e-06	5.020127e-06	1.937484e-09	3.559395e+01	1.265056e+02
4.160000e-06	5.002105e-06	1.914817e-09	3.546617e+01	1.263589e+02
4.170000e-06	4.983850e-06	1.926188e-09	3.533674e+01	1.262006e+02
4.180000e-06	4.965302e-06	1.946297e-09	3.520523e+01	1.260308e+02
4.190000e-06	4.946263e-06	1.915477e-09	3.507024e+01	1.258496e+02
4.200000e-06	4.926812e-06	1.889885e-09	3.493233e+01	1.256573e+02
4.210000e-06	4.907157e-06	1.890509e-09	3.479297e+01	1.254541e+02
4.220000e-06	4.887309e-06	1.896522e-09	3.465224e+01	1.252404e+02
4.230000e-06	4.867302e-06	1.895040e-09	3.451039e+01	1.250166e+02
4.240000e-06	4.847107e-06	1.897381e-09	3.436720e+01	1.247832e+02
4.250000e-06	4.826536e-06	1.893775e-09	3.422135e+01	1.245406e+02
4.260000e-06	4.805440e-06	1.892833e-09	3.407177e+01	1.242893e+02
4.270000e-06	4.783734e-06	1.886147e-09	3.391787e+01	1.240300e+02
4.280000e-06	4.761428e-06	1.877453e-09	3.375971e+01	1.237632e+02
4.290000e-06	4.738595e-06	1.869558e-09	3.359782e+01	1.234897e+02
4.300000e-06	4.715326e-06	1.865329e-09	3.343284e+01	1.232099e+02
4.310000e-06	4.691711e-06	1.859949e-09	3.326540e+01	1.229246e+02
4.320000e-06	4.667844e-06	1.855031e-09	3.309618e+01	1.226344e+02
4.330000e-06	4.643793e-06	1.838788e-09	3.292565e+01	1.223400e+02
4.340000e-06	4.619536e-06	1.826685e-09	3.275366e+01	1.220421e+02
4.350000e-06	4.594937e-06	1.829862e-09	3.257926e+01	1.217411e+02
4.360000e-06	4.569965e-06	1.830705e-09	3.240220e+01	1.214378e+02
4.370000e-06	4.544701e-06	1.817263e-09	3.222307e+01	1.211328e+02
4.380000e-06	4.519124e-06	1.811519e-09	3.204172e+01	1.208264e+02
4.390000e-06	4.493248e-06	1.815871e-09	3.185825e+01	1.205193e+02
4.400000e-06	4.467100e-06	1.808446e-09	3.167286e+01	1.202120e+02
4.410000e-06	4.440667e-06	1.791108e-09	3.148544e+01	1.199047e+02
4.420000e-06	4.413922e-06	1.779354e-09	3.129581e+01	1.195979e+02
4.430000e-06	4.386824e-06	1.780668e-09	3.110368e+01	1.192919e+02
4.440000e-06	4.359417e-06	1.785833e-09	3.090935e+01	1.189869e+02
4.450000e-06	4.331754e-06	1.786826e-09	3.071322e+01	1.186832e+02
4.460000e-06	4.303884e-06	1.782227e-09	3.051562e+01	1.183808e+02
4.470000e-06	4.275891e-06	1.782323e-09	3.031713e+01	1.180799e+02
4.480000e-06	4.247724e-06	1.781703e-09	3.011743e+01	1.177804e+02
4.490000e-06	4.219263e-06	1.775225e-09	2.991563e+01	1.174824e+02
4.500000e-06	4.190404e-06	1.762773e-09	2.971101e+01	1.171857e+02
4.510000e-06	4.161076e-06	1.755558e-09	2.950307e+01	1.168903e+02
4.520000e-06	4.131277e-06	1.754343e-09	2.929179e+01	1.165958e+02
4.530000e-06	4.100937e-06	1.758677e-09	2.907667e+01	1.163022e+02
4.540000e-06	4.070031e-06	1.758288e-09	2.885754e+01	1.160090e+02
4.550000e-06	4.038747e-06	1.754350e-09	2.863573e+01	1.157161e+02
4.560000e-06	4.007209e-06	1.750688e-09	2.841212e+01	1.154231e+02
4.570000e-06	3.975459e-06	1.747610e-09	2.818700e+01	1.151295e+02
4.580000e-06	3.943540e-06	1.737213e-09	2.796069e+01	1.148350e+02
4.590000e-06	3.911477e-06	1.726212e-09	2.773335e+01	1.145392e+02
4.600000e-06	3.879274e-06	1.721005e-09	2.750503e+01	1.142417e+02
4.610000e-06	3.846839e-06	1.720594e-09	2.727505e+01	1.139419e+02
4.620000e-06	3.814084e-06	1.712880e-09	2.704281e+01	1.136396e+02
4.630000e-06	3.781114e-06	1.699899e-09	2.680904e+01	1.133342e+02
4.640000e-06	3.747954e-06	1.691299e-09	2.657393e+01	1.130254e+02
4.650000e-06	3.714510e-06	1.690219e-09	2.633681e+01	1.127127e+02
4.660000e-06	3.680762e-06	1.687572e-09	2.609752e+01	1.123957e+02
4.670000e-06	3.646731e-06	1.680775e-09	2.585623e+01	1.120741e+02
4.680000e-06	3.612477e-06	1.676660e-09	2.561336e+01	1.117475e+02
4.690000e-06	3.577998e-06	1.675554e-09	2.536890e+01	1.114157e+02
4.700000e-06	3.543199e-06	1.671819e-09	2.512216e+01	1.110783e+02
4.710000e-06	3.508142e-06	1.662032e-09	2.487360e+01	1.107351e+02
4.720000e-06	3.472870e-06	1.653527e-09	2.462351e+01	1.103860e+02
4.730000e-06	3.437384e-06	1.650061e-09	2.437191e+01	1.100307e+02
4.740000e-06	3.401765e-06	1.648343e-09	2.411937e+01	1.096691e+02
4.750000e-06	3.365970e-06	1.642688e-09	2.386557e+01	1.093012e+02
4.760000e-06	3.329999e-06	1.637305e-09	2.361053e+01	1.089268e+02
4.770000e-06	3.293902e-06	1.632962e-09	2.335459e+01	1.085461e+02
4.780000e-06	3.257628e-06	1.627238e-09	2.309740e+01	1.081591e+02
4.790000e-06	3.221095e-06	1.616717e-09	2.283837e+01	1.077658e+02
4.800000e-06	3.184270e-06	1.606959e-09	2.257727e+01	1.073663e+02
4.810000e-06	3.147216e-06	1.602648e-09	2.231455e+01	1.069608e+02
4.820000e-06	3.109856e-06	1.602027e-09	2.204966e+01	1.065495e+02
4.830000e-06	3.072051e-06	1.597814e-09	2.178161e+01	1.061325e+02
4.840000e-06	3.033834e-06	1.589962e-09	2.151064e+01	1.057102e+02
4.850000e-06	2.995215e-06	1.582809e-09	2.123682e+01	1.052826e+02
4.860000e-06	2.956215e-06	1.578800e-09	2.096030e+01	1.048502e+02
4.870000e-06	2.916951e-06	1.574312e-09	2.068191e+01	1.044131e+02
4.880000e-06	2.877508e-06	1.567537e-09	2.040225e+01	1.039716e+02
4.890000e-06	2.837852e-06	1.559496e-09	2.012108e+01	1.035259e+02
4.900000e-06	2.798053e-06	1.555091e-09	1.983890e+01	1.030765e+02
4.910000e-06	2.758174e-06	1.552298e-09	1.955615e+01	1.026234e+02
4.920000e-06	2.718212e-06	1.546035e-09	1.927280e+01	1.021670e+02
4.930000e-06	2.678145e-06	1.536662e-09	1.898872e+01	1.017074e+02
4.940000e-06	2.637896e-06	1.531494e-09	1.870335e+01	1.012449e+02
4.950000e-06	2.597466e-06	1.529152e-09	1.841668e+01	1.007796e+02
4.960000e-06	2.556868e-06	1.522271e-09	1.812883e+01	1.003117e+02
4.970000e-06	2.516084e-06	1.512116e-09	1.783966e+01	9.984135e+01
4.980000e-06	2.475151e-06	1.505870e-09	1.754944e+01	9.936856e+01
4.990000e-06	2.434075e-06	1.503023e-09	1.725820e+01	9.889339e+01
5.000000e-06	2.392795e-06	1.496593e-09	1.696551e+01	9.841586e+01
5.010000e-06	2.351290e-06	1.486144e-09	1.667123e+01	9.793593e+01
5.020000e-06	2.309670e-06	1.477345e-09	1.637613e+01	9.745353e+01
5.030000e-06	2.267981e-06	1.474064e-09	1.608055e+01	9.696854e+01
5.040000e-06	2.226182e-06	1.469726e-09	1.578419e+01	9.648080e+01
5.050000e-06	2.184230e-06	1.459505e-09	1.548674e+01	9.599013e+01
5.060000e-06	2.142041e-06	1.447199e-09	1.518761e+01	9.549628e+01
5.070000e-06	2.099664e-06	1.437017e-09	1.488714e+01	9.499899e+01
5.080000e-06	2.057206e-06	1.423773e-09	1.458610e+01	9.449795e+01
5.090000e-06	2.014637e-06	1.409569e-09	1.428428e+01	9.399282e+01
5.100000e-06	1.971861e-06	1.400552e-09	1.398099e+01	9.348323e+01
5.110000e-06	1.928855e-06	1.400070e-09	1.367606e+01	9.296879e+01
5.120000e-06	1.885751e-06	1.402643e-09	1.337045e+01	9.244907e+01
5.130000e-06	1.842531e-06	1.400367e-09	1.306400e+01	9.192363e+01
5.140000e-06	1.799083e-06	1.391313e-09	1.275595e+01	9.139203e+01
5.150000e-06	1.755509e-06	1.377690e-09	1.244699e+01	9.085378e+01
5.160000e-06	1.711850e-06	1.361832e-09	1.213744e+01	9.030840e+01
5.170000e-06	1.668120e-06	1.345006e-09	1.182739e+01	8.975542e+01
5.180000e-06	1.624300e-06	1.329710e-09	1.151669e+01	8.919435e+01
5.190000e-06	1.580449e-06	1.321183e-09	1.120578e+01	8.862470e+01
5.200000e-06	1.536547e-06	1.320127e-09	1.089450e+01	8.804599e+01
5.210000e-06	1.492557e-06	1.320753e-09	1.058260e+01	8.745776e+01
5.220000e-06	1.448522e-06	1.317364e-09	1.027038e+01	8.685954e+01
5.230000e-06	1.404470e-06	1.309367e-09	9.958042e+00	8.625089e+01
5.240000e-06	1.360430e-06	1.297958e-09	9.645791e+00	8.563137e+01
5.250000e-06	1.316337e-06	1.283820e-09	9.333161e+00	8.500059e+01
5.260000e-06	1.272183e-06	1.269228e-09	9.020097e+00	8.435814e+01
5.270000e-06	1.227934e-06	1.256309e-09	8.706358e+00	8.370366e+01
5.280000e-06	1.183607e-06	1.246082e-09	8.392070e+00	8.303681e+01
5.290000e-06	1.139226e-06	1.241934e-09	8.077398e+00	8.235724e+01
5.300000e-06	1.094761e-06	1.238566e-09	7.762132e+00	8.166466e+01
5.310000e-06	1.050223e-06	1.230557e-09	7.446344e+00	8.095878e+01
5.320000e-06	1.005573e-06	1.221732e-09	7.129761e+00	8.023932e+01
5.330000e-06	9.608878e-07	1.213253e-09	6.812935e+00	7.950605e+01
5.340000e-06	9.162004e-07	1.202393e-09	6.496090e+00	7.875872e+01
5.350000e-06	8.714732e-07	1.184966e-09	6.178963e+00	7.799711e+01
5.360000e-06	8.266718e-07	1.167486e-09	5.861310e+00	7.722101e+01
5.370000e-06	7.817761e-07	1.156932e-09	5.542988e+00	7.643020e+01
5.380000e-06	7.368049e-07	1.148679e-09	5.224131e+00	7.562448e+01
5.390000e-06	6.916771e-07	1.139134e-09	4.904163e+00	7.480364e+01
5.400000e-06	6.464402e-07	1.129875e-09	4.583422e+00	7.396746e+01
5.410000e-06	6.011664e-07	1.118916e-09	4.262420e+00	7.311573e+01
5.420000e-06	5.558422e-07	1.104857e-09	3.941060e+00	7.224821e+01
5.430000e-06	5.104709e-07	1.088332e-09	3.619367e+00	7.136465e+01
5.440000e-06	4.650460e-07	1.070067e-09	3.297292e+00	7.046476e+01
5.450000e-06	4.196144e-07	1.050868e-09	2.975171e+00	6.954825e+01
5.460000e-06	3.741466e-07	1.034677e-09	2.652793e+00	6.861479e+01
5.470000e-06	3.286122e-07	1.024281e-09	2.329942e+00	6.766402e+01
5.480000e-06	2.830212e-07	1.015764e-09	2.006691e+00	6.669554e+01
5.490000e-06	2.373924e-07	1.004102e-09	1.683171e+00	6.570891e+01
5.500000e-06	1.918200e-07	9.889116e-10	1.360052e+00	6.470366e+01
5.510000e-06	1.462810e-07	9.721032e-10	1.037169e+00	6.367927e+01
5.520000e-06	1.007121e-07	9.548438e-10	7.140741e-01	6.263519e+01
5.530000e-06	5.515093e-08	9.354917e-10	3.910339e-01	6.157081e+01
5.540000e-06	9.652187e-09	9.164437e-10	6.843642e-02	6.048549e+01
5.550000e-06	-3.582832e-08	9.009219e-10	-2.540318e-01	5.937853e+01
5.560000e-06	-8.134431e-08	8.862070e-10	-5.767515e-01	5.824921e+01
5.570000e-06	-1.269181e-07	8.683756e-10	-8.998814e-01	5.709676e+01
5.580000e-06	-1.724187e-07	8.492469e-10	-1.222492e+00	5.592038e+01
5.590000e-06	-2.178287e-07	8.300512e-10	-1.544460e+00	5.471924e+01
5.600000e-06	-2.632133e-07	8.102511e-10	-1.866248e+00	5.349246e+01
5.610000e-06	-3.085072e-07	7.921695e-10	-2.187393e+00	5.223917e+01
5.620000e-06	-3.538823e-07	7.728091e-10	-2.509114e+00	5.095846e+01
5.630000e-06	-3.993376e-07	7.517880e-10	-2.831403e+00	4.964941e+01
5.640000e-06	-4.447005e-07	7.320260e-10	-3.153037e+00	4.831111e+01
5.650000e-06	-4.900298e-07	7.127522e-10	-3.474434e+00	4.694264e+01
5.660000e-06	-5.353410e-07	6.926721e-10	-3.795701e+00	4.554308e+01
5.670000e-06	-5.804966e-07	6.714549e-10	-4.115866e+00	4.411156e+01
5.680000e-06	-6.254830e-07	6.478678e-10	-4.434831e+00	4.264722e+01
5.690000e-06	-6.705049e-07	6.210656e-10	-4.754047e+00	4.114922e+01
5.700000e-06	-7.155379e-07	5.915269e-10	-5.073343e+00	3.961678e+01
5.710000e-06	-7.604453e-07	5.637751e-10	-5.391747e+00	3.804917e+01
5.720000e-06	-8.053537e-07	5.425606e-10	-5.710159e+00	3.644573e+01
5.730000e-06	-8.502449e-07	5.261956e-10	-6.028449e+00	3.480587e+01
5.740000e-06	-8.949729e-07	5.081105e-10	-6.345581e+00	3.312906e+01
5.750000e-06	-9.395649e-07	4.836102e-10	-6.661750e+00	3.141487e+01
5.760000e-06	-9.841458e-07	4.547981e-10	-6.977840e+00	2.966298e+01
5.770000e-06	-1.028714e-06	4.217498e-10	-7.293837e+00	2.787315e+01
5.780000e-06	-1.073145e-06	3.849638e-10	-7.608866e+00	2.604526e+01
5.790000e-06	-1.117447e-06	3.482485e-10	-7.922980e+00	2.417932e+01
5.800000e-06	-1.161687e-06	3.175465e-10	-8.236653e+00	2.227545e+01
5.810000e-06	-1.205910e-06	2.974488e-10	-8.550201e+00	2.033390e+01
5.820000e-06	-1.250067e-06	2.810265e-10	-8.863289e+00	1.835506e+01
5.830000e-06	-1.294105e-06	2.569737e-10	-9.175530e+00	1.633944e+01
5.840000e-06	-1.338140e-06	2.234181e-10	-9.487749e+00	1.428770e+01
5.850000e-06	-1.382256e-06	1.875394e-10	-9.800538e+00	1.220066e+01
5.860000e-06	-1.426309e-06	1.501857e-10	-1.011289e+01	1.007925e+01
5.870000e-06	-1.470217e-06	1.107988e-10	-1.042421e+01	7.924566e+00
5.880000e-06	-1.514071e-06	7.279218e-11	-1.073514e+01	5.737828e+00
5.890000e-06	-1.557889e-06	4.269858e-11	-1.104583e+01	3.520407e+00
5.900000e-06	-1.601672e-06	1.936525e-11	-1.135626e+01	1.273805e+00
5.910000e-06	-1.645379e-06	-8.144180e-12	-1.166615e+01	-1.000343e+00
5.920000e-06	-1.688916e-06	-4.291090e-11	-1.197484e+01	-3.300275e+00
5.930000e-06	-1.732348e-06	-8.115675e-11	-1.228278e+01	-5.624107e+00
5.940000e-06	-1.775778e-06	-1.205708e-10	-1.259071e+01	-7.969842e+00
5.950000e-06	-1.819070e-06	-1.620151e-10	-1.289766e+01	-1.033538e+01
5.960000e-06	-1.862133e-06	-2.053352e-10	-1.320299e+01	-1.271851e+01
5.970000e-06	-1.905061e-06	-2.464385e-10	-1.350736e+01	-1.511694e+01
5.980000e-06	-1.947869e-06	-2.801882e-10	-1.381088e+01	-1.752831e+01
5.990000e-06	-1.990549e-06	-3.106714e-10	-1.411349e+01	-1.995016e+01
6.000000e-06	-2.033106e-06	-3.471020e-10	-1.441523e+01	-2.238001e+01
6.010000e-06	-2.075557e-06	-3.864257e-10	-1.471622e+01	-2.481531e+01
6.020000e-06	-2.117865e-06	-4.227105e-10	-1.501620e+01	-2.725347e+01
6.030000e-06	-2.159990e-06	-4.595363e-10	-1.531487e+01	-2.969188e+01
6.040000e-06	-2.202006e-06	-5.015151e-10	-1.561277e+01	-3.212794e+01
6.050000e-06	-2.243820e-06	-5.448117e-10	-1.590924e+01	-3.455901e+01
6.060000e-06	-2.285428e-06	-5.815380e-10	-1.620425e+01	-3.698249e+01
6.070000e-06	-2.326960e-06	-6.143150e-10	-1.649873e+01	-3.939580e+01
6.080000e-06	-2.368355e-06	-6.493359e-10	-1.679223e+01	-4.179639e+01
6.090000e-06	-2.409484e-06	-6.866041e-10	-1.708385e+01	-4.418174e+01
6.100000e-06	-2.450292e-06	-7.224402e-10	-1.737318e+01	-4.654943e+01
6.110000e-06	-2.490939e-06	-7.575998e-10	-1.766138e+01	-4.889706e+01
6.120000e-06	-2.531446e-06	-7.952937e-10	-1.794859e+01	-5.122233e+01
6.130000e-06	-2.571762e-06	-8.339437e-10	-1.823444e+01	-5.352302e+01
6.140000e-06	-2.611997e-06	-8.690961e-10	-1.851971e+01	-5.579701e+01
6.150000e-06	-2.652152e-06	-9.019951e-10	-1.880442e+01	-5.804228e+01
6.160000e-06	-2.692204e-06	-9.356838e-10	-1.908840e+01	-6.025691e+01
6.170000e-06	-2.732187e-06	-9.718584e-10	-1.937189e+01	-6.243911e+01
6.180000e-06	-2.772033e-06	-1.005271e-09	-1.965440e+01	-6.458719e+01
6.190000e-06	-2.811750e-06	-1.036654e-09	-1.993601e+01	-6.669960e+01
6.200000e-06	-2.851361e-06	-1.067209e-09	-2.021686e+01	-6.877492e+01
6.210000e-06	-2.890730e-06	-1.095448e-09	-2.049600e+01	-7.081184e+01
6.220000e-06	-2.929903e-06	-1.119512e-09	-2.077374e+01	-7.280921e+01
6.230000e-06	-2.968842e-06	-1.141682e-09	-2.104983e+01	-7.476599e+01
6.240000e-06	-3.007456e-06	-1.172711e-09	-2.132362e+01	-7.668129e+01
6.250000e-06	-3.045693e-06	-1.211444e-09	-2.159473e+01	-7.855434e+01
6.260000e-06	-3.083555e-06	-1.251359e-09	-2.186317e+01	-8.038450e+01
6.270000e-06	-3.120988e-06	-1.283755e-09	-2.212858e+01	-8.217127e+01
6.280000e-06	-3.157983e-06	-1.307915e-09	-2.239089e+01	-8.391426e+01
6.290000e-06	-3.194658e-06	-1.327985e-09	-2.265092e+01	-8.561321e+01
6.300000e-06	-3.231073e-06	-1.342718e-09	-2.290912e+01	-8.726799e+01
6.310000e-06	-3.267269e-06	-1.354332e-09	-2.316575e+01	-8.887854e+01
6.320000e-06	-3.303259e-06	-1.372640e-09	-2.342093e+01	-9.044496e+01
6.330000e-06	-3.339174e-06	-1.405697e-09	-2.367558e+01	-9.196740e+01
6.340000e-06	-3.374999e-06	-1.446961e-09	-2.392958e+01	-9.344615e+01
6.350000e-06	-3.410658e-06	-1.483815e-09	-2.418242e+01	-9.488155e+01
6.360000e-06	-3.446172e-06	-1.508813e-09	-2.443422e+01	-9.627404e+01
6.370000e-06	-3.481495e-06	-1.521267e-09	-2.468467e+01	-9.762413e+01
6.380000e-06	-3.516518e-06	-1.526436e-09	-2.493299e+01	-9.893240e+01
6.390000e-06	-3.551256e-06	-1.530011e-09	-2.517929e+01	-1.001995e+02
6.400000e-06	-3.585770e-06	-1.538707e-09	-2.542401e+01	-1.014261e+02
6.410000e-06	-3.620064e-06	-1.560113e-09	-2.566716e+01	-1.026129e+02
6.420000e-06	-3.654163e-06	-1.594023e-09	-2.590893e+01	-1.037608e+02
6.430000e-06	-3.688069e-06	-1.627114e-09	-2.614933e+01	-1.048705e+02
6.440000e-06	-3.721635e-06	-1.650121e-09	-2.638732e+01	-1.059429e+02
6.450000e-06	-3.754935e-06	-1.663634e-09	-2.662343e+01	-1.069788e+02
6.460000e-06	-3.788030e-06	-1.671472e-09	-2.685808e+01	-1.079791e+02
6.470000e-06	-3.820771e-06	-1.677674e-09	-2.709022e+01	-1.089448e+02
6.480000e-06	-3.853162e-06	-1.684509e-09	-2.731988e+01	-1.098766e+02
6.490000e-06	-3.885317e-06	-1.696724e-09	-2.754787e+01	-1.107756e+02
6.500000e-06	-3.917359e-06	-1.718050e-09	-2.777506e+01	-1.116425e+02
6.510000e-06	-3.949215e-06	-1.741838e-09	-2.800092e+01	-1.124783e+02
6.520000e-06	-3.980814e-06	-1.759474e-09	-2.822497e+01	-1.132839e+02
6.530000e-06	-4.012189e-06	-1.769316e-09	-2.844742e+01	-1.140601e+02
6.540000e-06	-4.043317e-06	-1.775346e-09	-2.866813e+01	-1.148078e+02
6.550000e-06	-4.074100e-06	-1.782567e-09	-2.888639e+01	-1.155279e+02
6.560000e-06	-4.104319e-06	-1.790253e-09	-2.910064e+01	-1.162211e+02
6.570000e-06	-4.134028e-06	-1.797956e-09	-2.931130e+01	-1.168884e+02
6.580000e-06	-4.163288e-06	-1.808376e-09	-2.951876e+01	-1.175303e+02
6.590000e-06	-4.192092e-06	-1.820315e-09	-2.972298e+01	-1.181479e+02
6.600000e-06	-4.220595e-06	-1.830724e-09	-2.992507e+01	-1.187417e+02
6.610000e-06	-4.248814e-06	-1.836679e-09	-3.012515e+01	-1.193126e+02
6.620000e-06	-4.276839e-06	-1.841034e-09	-3.032386e+01	-1.198613e+02
6.630000e-06	-4.304707e-06	-1.848063e-09	-3.052145e+01	-1.203885e+02
6.640000e-06	-4.332342e-06	-1.856261e-09	-3.071739e+01	-1.208948e+02
6.650000e-06	-4.359715e-06	-1.863010e-09	-3.091147e+01	-1.213810e+02
6.660000e-06	-4.386818e-06	-1.868073e-09	-3.110364e+01	-1.218476e+02
6.670000e-06	-4.413625e-06	-1.873978e-09	-3.129371e+01	-1.222954e+02
6.680000e-06	-4.440091e-06	-1.881226e-09	-3.148136e+01	-1.227250e+02
6.690000e-06	-4.466223e-06	-1.884302e-09	-3.166664e+01	-1.231369e+02
6.700000e-06	-4.492026e-06	-1.884142e-09	-3.184958e+01	-1.235319e+02
6.710000e-06	-4.517507e-06	-1.885637e-09	-3.203026e+01	-1.239104e+02
6.720000e-06	-4.542659e-06	-1.891348e-09	-3.220859e+01	-1.242731e+02
6.730000e-06	-4.567502e-06	-1.898745e-09	-3.238473e+01	-1.246205e+02
6.740000e-06	-4.592003e-06	-1.903965e-09	-3.255845e+01	-1.249533e+02
6.750000e-06	-4.616172e-06	-1.911692e-09	-3.272981e+01	-1.252718e+02
6.760000e-06	-4.640146e-06	-1.920421e-09	-3.289979e+01	-1.255768e+02
6.770000e-06	-4.663934e-06	-1.925342e-09	-3.306846e+01	-1.258686e+02
6.780000e-06	-4.687491e-06	-1.925933e-09	-3.323548e+01	-1.261479e+02
6.790000e-06	-4.710754e-06	-1.926175e-09	-3.340042e+01	-1.264151e+02
6.800000e-06	-4.733614e-06	-1.928740e-09	-3.356251e+01	-1.266707e+02
6.810000e-06	-4.755953e-06	-1.934501e-09	-3.372090e+01	-1.269151e+02
6.820000e-06	-4.777748e-06	-1.941802e-09	-3.387543e+01	-1.271489e+02
6.830000e-06	-4.799082e-06	-1.948673e-09	-3.402669e+01	-1.273725e+02
6.840000e-06	-4.819944e-06	-1.953904e-09	-3.417461e+01	-1.275862e+02
6.850000e-06	-4.840337e-06	-1.957380e-09	-3.431920e+01	-1.277905e+02
6.860000e-06	-4.860421e-06	-1.958725e-09	-3.446160e+01	-1.279857e+02
6.870000e-06	-4.880313e-06	-1.959219e-09	-3.460264e+01	-1.281723e+02
6.880000e-06	-4.900071e-06	-1.960285e-09	-3.474273e+01	-1.283504e+02
6.890000e-06	-4.919579e-06	-1.962400e-09	-3.488104e+01	-1.285206e+02
6.900000e-06	-4.938697e-06	-1.966080e-09	-3.501660e+01	-1.286829e+02
6.910000e-06	-4.957481e-06	-1.971626e-09	-3.514978e+01	-1.288378e+02
6.920000e-06	-4.975918e-06	-1.978116e-09	-3.528050e+01	-1.289853e+02
6.930000e-06	-4.994027e-06	-1.981815e-09	-3.540890e+01	-1.291257e+02
6.940000e-06	-5.011791e-06	-1.982458e-09	-3.553485e+01	-1.292592e+02
6.950000e-06	-5.029224e-06	-1.983110e-09	-3.565845e+01	-1.293859e+02
6.960000e-06	-5.046310e-06	-1.984399e-09	-3.577960e+01	-1.295060e+02
6.970000e-06	-5.063034e-06	-1.986165e-09	-3.589818e+01	-1.296194e+02
6.980000e-06	-5.079437e-06	-1.989027e-09	-3.601448e+01	-1.297264e+02
6.990000e-06	-5.095558e-06	-1.991737e-09	-3.612878e+01	-1.298268e+02
7.000000e-06	-5.111472e-06	-1.994298e-09	-3.624161e+01	-1.299208e+02
7.010000e-06	-5.127127e-06	-1.994064e-09	-3.635261e+01	-1.300083e+02
7.020000e-06	-5.142412e-06	-1.991297e-09	-3.646098e+01	-1.300892e+02
7.030000e-06	-5.157062e-06	-1.990429e-09	-3.656486e+01	-1.301636e+02
7.040000e-06	-5.171035e-06	-1.990299e-09	-3.666393e+01	-1.302313e+02
7.050000e-06	-5.184455e-06	-1.991848e-09	-3.675908e+01	-1.302923e+02
7.060000e-06	-5.197376e-06	-1.994591e-09	-3.685069e+01	-1.303466e+02
7.070000e-06	-5.209896e-06	-1.998647e-09	-3.693946e+01	-1.303939e+02
7.080000e-06	-5.222020e-06	-2.000225e-09	-3.702543e+01	-1.304342e+02
7.090000e-06	-5.233790e-06	-1.996801e-09	-3.710888e+01	-1.304675e+02
7.100000e-06	-5.245248e-06	-1.990854e-09	-3.719012e+01	-1.304936e+02
7.110000e-06	-5.256364e-06	-1.983621e-09	-3.726894e+01	-1.305124e+02
7.120000e-06	-5.267052e-06	-1.980747e-09	-3.734471e+01	-1.305239e+02
7.130000e-06	-5.277285e-06	-1.982576e-09	-3.741727e+01	-1.305279e+02
7.140000e-06	-5.287182e-06	-1.987506e-09	-3.748744e+01	-1.305246e+02
7.150000e-06	-5.296748e-06	-1.993391e-09	-3.755527e+01	-1.305138e+02
7.160000e-06	-5.305953e-06	-1.995599e-09	-3.762053e+01	-1.304955e+02
7.170000e-06	-5.314777e-06	-1.991379e-09	-3.768310e+01	-1.304699e+02
7.180000e-06	-5.323213e-06	-1.982430e-09	-3.774291e+01	-1.304369e+02
7.190000e-06	-5.331360e-06	-1.974348e-09	-3.780067e+01	-1.303966e+02
7.200000e-06	-5.339318e-06	-1.969903e-09	-3.785710e+01	-1.303493e+02
7.210000e-06	-5.347102e-06	-1.970457e-09	-3.791229e+01	-1.302950e+02
7.220000e-06	-5.354545e-06	-1.974913e-09	-3.796506e+01	-1.302339e+02
7.230000e-06	-5.361537e-06	-1.979146e-09	-3.801464e+01	-1.301664e+02
7.240000e-06	-5.368001e-06	-1.982360e-09	-3.806047e+01	-1.300927e+02
7.250000e-06	-5.373845e-06	-1.981936e-09	-3.810191e+01	-1.300130e+02
7.260000e-06	-5.379068e-06	-1.977358e-09	-3.813894e+01	-1.299279e+02
7.270000e-06	-5.383765e-06	-1.970349e-09	-3.817224e+01	-1.298377e+02
7.280000e-06	-5.388078e-06	-1.963514e-09	-3.820282e+01	-1.297427e+02
7.290000e-06	-5.392124e-06	-1.957951e-09	-3.823151e+01	-1.296436e+02
7.300000e-06	-5.396000e-06	-1.954153e-09	-3.825899e+01	-1.295408e+02
7.310000e-06	-5.399601e-06	-1.951479e-09	-3.828452e+01	-1.294347e+02
7.320000e-06	-5.402808e-06	-1.951488e-09	-3.830726e+01	-1.293261e+02
7.330000e-06	-5.405578e-06	-1.954327e-09	-3.832690e+01	-1.292154e+02
7.340000e-06	-5.407940e-06	-1.956820e-09	-3.834364e+01	-1.291032e+02
7.350000e-06	-5.410030e-06	-1.954986e-09	-3.835847e+01	-1.289902e+02
7.360000e-06	-5.411886e-06	-1.948569e-09	-3.837163e+01	-1.288769e+02
7.370000e-06	-5.413305e-06	-1.941463e-09	-3.838168e+01	-1.287640e+02
7.380000e-06	-5.414231e-06	-1.936688e-09	-3.838825e+01	-1.286521e+02
7.390000e-06	-5.414800e-06	-1.934143e-09	-3.839228e+01	-1.285417e+02
7.400000e-06	-5.415092e-06	-1.933178e-09	-3.839436e+01	-1.284335e+02
