# Temperatura_=_-0.21
# Concentracion g/m^3_=_4090.0
# C_Vs_to_Am_M_A/Vsm_=_65563218390.804596
# pendiente_HvsI_1/m_=_3716.3
# ordenada_HvsI_A/m_=_1297.0
# frecuencia_Hz_=_135080.68752785525

Tiempo_(s)	Campo_(V.s)	Magnetizacion_(V.s)	Campo_(kA/m)	Magnetizacion_(A/m)
0.000000e+00	-5.407973e-06	-1.919698e-09	-3.837688e+01	-1.287437e+02
1.000000e-08	-5.408139e-06	-1.914356e-09	-3.837806e+01	-1.286320e+02
2.000000e-08	-5.408087e-06	-1.906394e-09	-3.837769e+01	-1.285273e+02
3.000000e-08	-5.407723e-06	-1.899335e-09	-3.837511e+01	-1.284306e+02
4.000000e-08	-5.407026e-06	-1.897718e-09	-3.837016e+01	-1.283425e+02
5.000000e-08	-5.405812e-06	-1.899058e-09	-3.836155e+01	-1.282639e+02
6.000000e-08	-5.403911e-06	-1.898044e-09	-3.834806e+01	-1.281952e+02
7.000000e-08	-5.401305e-06	-1.895009e-09	-3.832956e+01	-1.281372e+02
8.000000e-08	-5.398079e-06	-1.910031e-09	-3.830667e+01	-1.280901e+02
9.000000e-08	-5.394341e-06	-1.922554e-09	-3.828014e+01	-1.280544e+02
1.000000e-07	-5.390166e-06	-1.914014e-09	-3.825052e+01	-1.280302e+02
1.100000e-07	-5.385820e-06	-1.908076e-09	-3.821968e+01	-1.280178e+02
1.200000e-07	-5.381412e-06	-1.923805e-09	-3.818840e+01	-1.280170e+02
1.300000e-07	-5.376732e-06	-1.887702e-09	-3.815519e+01	-1.280279e+02
1.400000e-07	-5.371592e-06	-1.886591e-09	-3.811871e+01	-1.280503e+02
1.500000e-07	-5.365965e-06	-1.871344e-09	-3.807878e+01	-1.280837e+02
1.600000e-07	-5.360007e-06	-1.920476e-09	-3.803650e+01	-1.281278e+02
1.700000e-07	-5.353628e-06	-1.873640e-09	-3.799123e+01	-1.281821e+02
1.800000e-07	-5.346785e-06	-1.882486e-09	-3.794267e+01	-1.282458e+02
1.900000e-07	-5.339544e-06	-1.923242e-09	-3.789129e+01	-1.283182e+02
2.000000e-07	-5.332099e-06	-1.978357e-09	-3.783846e+01	-1.283985e+02
2.100000e-07	-5.324496e-06	-1.932725e-09	-3.778450e+01	-1.284857e+02
2.200000e-07	-5.316615e-06	-1.913356e-09	-3.772858e+01	-1.285789e+02
2.300000e-07	-5.308558e-06	-1.981087e-09	-3.767140e+01	-1.286768e+02
2.400000e-07	-5.300199e-06	-2.008298e-09	-3.761208e+01	-1.287784e+02
2.500000e-07	-5.291098e-06	-1.982468e-09	-3.754750e+01	-1.288824e+02
2.600000e-07	-5.281168e-06	-1.983844e-09	-3.747703e+01	-1.289876e+02
2.700000e-07	-5.270795e-06	-2.071649e-09	-3.740342e+01	-1.290927e+02
2.800000e-07	-5.259992e-06	-2.049371e-09	-3.732676e+01	-1.291962e+02
2.900000e-07	-5.248647e-06	-2.000385e-09	-3.724625e+01	-1.292970e+02
3.000000e-07	-5.236882e-06	-2.002261e-09	-3.716276e+01	-1.293937e+02
3.100000e-07	-5.224791e-06	-2.052959e-09	-3.707696e+01	-1.294850e+02
3.200000e-07	-5.212281e-06	-2.004066e-09	-3.698819e+01	-1.295695e+02
3.300000e-07	-5.199414e-06	-2.006753e-09	-3.689688e+01	-1.296460e+02
3.400000e-07	-5.186152e-06	-2.025423e-09	-3.680276e+01	-1.297133e+02
3.500000e-07	-5.172411e-06	-2.042315e-09	-3.670525e+01	-1.297702e+02
3.600000e-07	-5.158249e-06	-2.004300e-09	-3.660476e+01	-1.298157e+02
3.700000e-07	-5.143683e-06	-2.034346e-09	-3.650139e+01	-1.298486e+02
3.800000e-07	-5.128597e-06	-2.007170e-09	-3.639433e+01	-1.298682e+02
3.900000e-07	-5.112901e-06	-1.985404e-09	-3.628295e+01	-1.298735e+02
4.000000e-07	-5.096737e-06	-1.989176e-09	-3.616824e+01	-1.298638e+02
4.100000e-07	-5.080091e-06	-2.026509e-09	-3.605012e+01	-1.298385e+02
4.200000e-07	-5.063033e-06	-1.990392e-09	-3.592907e+01	-1.297970e+02
4.300000e-07	-5.045703e-06	-1.983867e-09	-3.580609e+01	-1.297390e+02
4.400000e-07	-5.028167e-06	-2.010586e-09	-3.568165e+01	-1.296642e+02
4.500000e-07	-5.010424e-06	-2.010302e-09	-3.555574e+01	-1.295723e+02
4.600000e-07	-4.992282e-06	-1.976851e-09	-3.542699e+01	-1.294634e+02
4.700000e-07	-4.973728e-06	-1.972624e-09	-3.529533e+01	-1.293375e+02
4.800000e-07	-4.954803e-06	-1.978312e-09	-3.516103e+01	-1.291947e+02
4.900000e-07	-4.935538e-06	-1.969321e-09	-3.502432e+01	-1.290355e+02
5.000000e-07	-4.916003e-06	-1.970372e-09	-3.488569e+01	-1.288601e+02
5.100000e-07	-4.896213e-06	-1.961866e-09	-3.474525e+01	-1.286691e+02
5.200000e-07	-4.876227e-06	-1.962358e-09	-3.460343e+01	-1.284632e+02
5.300000e-07	-4.856033e-06	-1.964591e-09	-3.446012e+01	-1.282429e+02
5.400000e-07	-4.835535e-06	-1.968771e-09	-3.431466e+01	-1.280092e+02
5.500000e-07	-4.814581e-06	-1.949550e-09	-3.416597e+01	-1.277628e+02
5.600000e-07	-4.793208e-06	-1.954493e-09	-3.401430e+01	-1.275046e+02
5.700000e-07	-4.771560e-06	-1.951356e-09	-3.386068e+01	-1.272357e+02
5.800000e-07	-4.749674e-06	-1.949000e-09	-3.370536e+01	-1.269571e+02
5.900000e-07	-4.727580e-06	-1.931248e-09	-3.354857e+01	-1.266698e+02
6.000000e-07	-4.705162e-06	-1.928244e-09	-3.338949e+01	-1.263748e+02
6.100000e-07	-4.682301e-06	-1.917976e-09	-3.322726e+01	-1.260734e+02
6.200000e-07	-4.658998e-06	-1.928102e-09	-3.306189e+01	-1.257665e+02
6.300000e-07	-4.635392e-06	-1.919136e-09	-3.289438e+01	-1.254553e+02
6.400000e-07	-4.611601e-06	-1.920168e-09	-3.272555e+01	-1.251408e+02
6.500000e-07	-4.587694e-06	-1.921499e-09	-3.255590e+01	-1.248240e+02
6.600000e-07	-4.563593e-06	-1.932360e-09	-3.238486e+01	-1.245060e+02
6.700000e-07	-4.539059e-06	-1.917237e-09	-3.221077e+01	-1.241876e+02
6.800000e-07	-4.514156e-06	-1.909798e-09	-3.203404e+01	-1.238697e+02
6.900000e-07	-4.488760e-06	-1.900446e-09	-3.185383e+01	-1.235532e+02
7.000000e-07	-4.462806e-06	-1.895103e-09	-3.166964e+01	-1.232388e+02
7.100000e-07	-4.436323e-06	-1.885517e-09	-3.148171e+01	-1.229272e+02
7.200000e-07	-4.409211e-06	-1.887630e-09	-3.128932e+01	-1.226188e+02
7.300000e-07	-4.381732e-06	-1.889003e-09	-3.109432e+01	-1.223143e+02
7.400000e-07	-4.354137e-06	-1.898194e-09	-3.089849e+01	-1.220139e+02
7.500000e-07	-4.326394e-06	-1.899507e-09	-3.070161e+01	-1.217181e+02
7.600000e-07	-4.298481e-06	-1.892388e-09	-3.050354e+01	-1.214270e+02
7.700000e-07	-4.270423e-06	-1.882666e-09	-3.030443e+01	-1.211407e+02
7.800000e-07	-4.242141e-06	-1.872535e-09	-3.010373e+01	-1.208593e+02
7.900000e-07	-4.213523e-06	-1.861050e-09	-2.990064e+01	-1.205826e+02
8.000000e-07	-4.184545e-06	-1.851540e-09	-2.969501e+01	-1.203105e+02
8.100000e-07	-4.155160e-06	-1.852821e-09	-2.948648e+01	-1.200429e+02
8.200000e-07	-4.125442e-06	-1.854674e-09	-2.927559e+01	-1.197792e+02
8.300000e-07	-4.095482e-06	-1.860081e-09	-2.906298e+01	-1.195192e+02
8.400000e-07	-4.065309e-06	-1.857198e-09	-2.884887e+01	-1.192624e+02
8.500000e-07	-4.034937e-06	-1.854262e-09	-2.863334e+01	-1.190083e+02
8.600000e-07	-4.004216e-06	-1.844556e-09	-2.841533e+01	-1.187563e+02
8.700000e-07	-3.973195e-06	-1.840611e-09	-2.819519e+01	-1.185057e+02
8.800000e-07	-3.941966e-06	-1.829786e-09	-2.797358e+01	-1.182560e+02
8.900000e-07	-3.910477e-06	-1.824997e-09	-2.775012e+01	-1.180064e+02
9.000000e-07	-3.878827e-06	-1.816169e-09	-2.752552e+01	-1.177563e+02
9.100000e-07	-3.847027e-06	-1.816093e-09	-2.729986e+01	-1.175050e+02
9.200000e-07	-3.815021e-06	-1.811795e-09	-2.707274e+01	-1.172517e+02
9.300000e-07	-3.782908e-06	-1.810403e-09	-2.684485e+01	-1.169957e+02
9.400000e-07	-3.750512e-06	-1.806282e-09	-2.661496e+01	-1.167364e+02
9.500000e-07	-3.717633e-06	-1.807883e-09	-2.638164e+01	-1.164732e+02
9.600000e-07	-3.684265e-06	-1.802925e-09	-2.614484e+01	-1.162054e+02
9.700000e-07	-3.650451e-06	-1.794756e-09	-2.590489e+01	-1.159324e+02
9.800000e-07	-3.616224e-06	-1.780839e-09	-2.566200e+01	-1.156537e+02
9.900000e-07	-3.581681e-06	-1.772461e-09	-2.541687e+01	-1.153688e+02
1.000000e-06	-3.546771e-06	-1.764422e-09	-2.516914e+01	-1.150773e+02
1.010000e-06	-3.511526e-06	-1.762502e-09	-2.491903e+01	-1.147788e+02
1.020000e-06	-3.476090e-06	-1.761373e-09	-2.466756e+01	-1.144731e+02
1.030000e-06	-3.440469e-06	-1.761228e-09	-2.441478e+01	-1.141599e+02
1.040000e-06	-3.404727e-06	-1.756825e-09	-2.416115e+01	-1.138390e+02
1.050000e-06	-3.368821e-06	-1.749348e-09	-2.390634e+01	-1.135104e+02
1.060000e-06	-3.332728e-06	-1.737848e-09	-2.365021e+01	-1.131740e+02
1.070000e-06	-3.296440e-06	-1.725560e-09	-2.339270e+01	-1.128299e+02
1.080000e-06	-3.259879e-06	-1.718186e-09	-2.313325e+01	-1.124781e+02
1.090000e-06	-3.223074e-06	-1.717707e-09	-2.287207e+01	-1.121189e+02
1.100000e-06	-3.186052e-06	-1.719161e-09	-2.260935e+01	-1.117524e+02
1.110000e-06	-3.148801e-06	-1.715762e-09	-2.234500e+01	-1.113790e+02
1.120000e-06	-3.111311e-06	-1.710504e-09	-2.207896e+01	-1.109989e+02
1.130000e-06	-3.073550e-06	-1.699806e-09	-2.181100e+01	-1.106125e+02
1.140000e-06	-3.035610e-06	-1.688364e-09	-2.154176e+01	-1.102203e+02
1.150000e-06	-2.997473e-06	-1.675431e-09	-2.127112e+01	-1.098226e+02
1.160000e-06	-2.959200e-06	-1.668973e-09	-2.099952e+01	-1.094200e+02
1.170000e-06	-2.920832e-06	-1.667049e-09	-2.072725e+01	-1.090128e+02
1.180000e-06	-2.882265e-06	-1.667291e-09	-2.045357e+01	-1.086016e+02
1.190000e-06	-2.843411e-06	-1.659500e-09	-2.017785e+01	-1.081869e+02
1.200000e-06	-2.804322e-06	-1.652894e-09	-1.990046e+01	-1.077691e+02
1.210000e-06	-2.765058e-06	-1.646857e-09	-1.962183e+01	-1.073486e+02
1.220000e-06	-2.725547e-06	-1.640117e-09	-1.934144e+01	-1.069260e+02
1.230000e-06	-2.685889e-06	-1.625790e-09	-1.906002e+01	-1.065015e+02
1.240000e-06	-2.646158e-06	-1.615036e-09	-1.877807e+01	-1.060757e+02
1.250000e-06	-2.606349e-06	-1.611629e-09	-1.849557e+01	-1.056487e+02
1.260000e-06	-2.566448e-06	-1.613029e-09	-1.821242e+01	-1.052210e+02
1.270000e-06	-2.526413e-06	-1.608199e-09	-1.792832e+01	-1.047926e+02
1.280000e-06	-2.486258e-06	-1.601513e-09	-1.764336e+01	-1.043639e+02
1.290000e-06	-2.445908e-06	-1.597405e-09	-1.735703e+01	-1.039348e+02
1.300000e-06	-2.405492e-06	-1.592550e-09	-1.707022e+01	-1.035055e+02
1.310000e-06	-2.365033e-06	-1.579564e-09	-1.678311e+01	-1.030759e+02
1.320000e-06	-2.324238e-06	-1.565682e-09	-1.649361e+01	-1.026459e+02
1.330000e-06	-2.283024e-06	-1.556630e-09	-1.620115e+01	-1.022155e+02
1.340000e-06	-2.241526e-06	-1.554295e-09	-1.590666e+01	-1.017843e+02
1.350000e-06	-2.199793e-06	-1.551107e-09	-1.561051e+01	-1.013522e+02
1.360000e-06	-2.157690e-06	-1.545985e-09	-1.531173e+01	-1.009188e+02
1.370000e-06	-2.115320e-06	-1.541602e-09	-1.501105e+01	-1.004836e+02
1.380000e-06	-2.072736e-06	-1.538804e-09	-1.470887e+01	-1.000463e+02
1.390000e-06	-2.029886e-06	-1.532256e-09	-1.440479e+01	-9.960627e+01
1.400000e-06	-1.986853e-06	-1.517842e-09	-1.409941e+01	-9.916303e+01
1.410000e-06	-1.943721e-06	-1.502249e-09	-1.379333e+01	-9.871595e+01
1.420000e-06	-1.900517e-06	-1.491827e-09	-1.348674e+01	-9.826441e+01
1.430000e-06	-1.857122e-06	-1.488536e-09	-1.317879e+01	-9.780774e+01
1.440000e-06	-1.813520e-06	-1.485164e-09	-1.286938e+01	-9.734525e+01
1.450000e-06	-1.769807e-06	-1.480826e-09	-1.255918e+01	-9.687623e+01
1.460000e-06	-1.726025e-06	-1.476139e-09	-1.224848e+01	-9.639995e+01
1.470000e-06	-1.682190e-06	-1.470424e-09	-1.193741e+01	-9.591569e+01
1.480000e-06	-1.638314e-06	-1.459669e-09	-1.162606e+01	-9.542271e+01
1.490000e-06	-1.594389e-06	-1.447802e-09	-1.131435e+01	-9.492030e+01
1.500000e-06	-1.550374e-06	-1.438046e-09	-1.100200e+01	-9.440774e+01
1.510000e-06	-1.506280e-06	-1.432130e-09	-1.068909e+01	-9.388433e+01
1.520000e-06	-1.462062e-06	-1.425353e-09	-1.037531e+01	-9.334941e+01
1.530000e-06	-1.417771e-06	-1.415487e-09	-1.006101e+01	-9.280233e+01
1.540000e-06	-1.373444e-06	-1.404225e-09	-9.746441e+00	-9.224248e+01
1.550000e-06	-1.328933e-06	-1.393953e-09	-9.430576e+00	-9.166927e+01
1.560000e-06	-1.284350e-06	-1.383345e-09	-9.114201e+00	-9.108217e+01
1.570000e-06	-1.239703e-06	-1.374774e-09	-8.797371e+00	-9.048066e+01
1.580000e-06	-1.194918e-06	-1.366068e-09	-8.479561e+00	-8.986430e+01
1.590000e-06	-1.150140e-06	-1.359894e-09	-8.161799e+00	-8.923264e+01
1.600000e-06	-1.105376e-06	-1.351319e-09	-7.844139e+00	-8.858533e+01
1.610000e-06	-1.060487e-06	-1.339036e-09	-7.525586e+00	-8.792200e+01
1.620000e-06	-1.015465e-06	-1.326021e-09	-7.206099e+00	-8.724236e+01
1.630000e-06	-9.703057e-07	-1.313809e-09	-6.885632e+00	-8.654614e+01
1.640000e-06	-9.249883e-07	-1.301152e-09	-6.564043e+00	-8.583310e+01
1.650000e-06	-8.796658e-07	-1.288836e-09	-6.242419e+00	-8.510304e+01
1.660000e-06	-8.344000e-07	-1.275911e-09	-5.921197e+00	-8.435577e+01
1.670000e-06	-7.890450e-07	-1.266462e-09	-5.599342e+00	-8.359112e+01
1.680000e-06	-7.435000e-07	-1.258937e-09	-5.276138e+00	-8.280894e+01
1.690000e-06	-6.979355e-07	-1.247891e-09	-4.952797e+00	-8.200910e+01
1.700000e-06	-6.523471e-07	-1.232553e-09	-4.629285e+00	-8.119144e+01
1.710000e-06	-6.066373e-07	-1.216790e-09	-4.304913e+00	-8.035583e+01
1.720000e-06	-5.609017e-07	-1.203807e-09	-3.980356e+00	-7.950209e+01
1.730000e-06	-5.151483e-07	-1.191195e-09	-3.655674e+00	-7.863006e+01
1.740000e-06	-4.693339e-07	-1.177903e-09	-3.330559e+00	-7.773954e+01
1.750000e-06	-4.234969e-07	-1.166122e-09	-3.005283e+00	-7.683028e+01
1.760000e-06	-3.777051e-07	-1.155105e-09	-2.680329e+00	-7.590203e+01
1.770000e-06	-3.319207e-07	-1.139499e-09	-2.355426e+00	-7.495447e+01
1.780000e-06	-2.860792e-07	-1.122210e-09	-2.030119e+00	-7.398725e+01
1.790000e-06	-2.402052e-07	-1.104654e-09	-1.704580e+00	-7.299994e+01
1.800000e-06	-1.943159e-07	-1.087255e-09	-1.378934e+00	-7.199209e+01
1.810000e-06	-1.483673e-07	-1.068833e-09	-1.052867e+00	-7.096317e+01
1.820000e-06	-1.024240e-07	-1.051920e-09	-7.268368e-01	-6.991258e+01
1.830000e-06	-5.655465e-08	-1.035955e-09	-4.013318e-01	-6.883968e+01
1.840000e-06	-1.072028e-08	-1.020780e-09	-7.607490e-02	-6.774374e+01
1.850000e-06	3.512634e-08	-1.004773e-09	2.492689e-01	-6.662398e+01
1.860000e-06	8.108502e-08	-9.874070e-10	5.754079e-01	-6.547956e+01
1.870000e-06	1.270835e-07	-9.711920e-10	9.018293e-01	-6.430956e+01
1.880000e-06	1.729806e-07	-9.557526e-10	1.227531e+00	-6.311302e+01
1.890000e-06	2.188656e-07	-9.339868e-10	1.553148e+00	-6.188892e+01
1.900000e-06	2.647669e-07	-9.059939e-10	1.878879e+00	-6.063619e+01
1.910000e-06	3.106141e-07	-8.811908e-10	2.204227e+00	-5.935371e+01
1.920000e-06	3.564287e-07	-8.623421e-10	2.529344e+00	-5.804035e+01
1.930000e-06	4.022152e-07	-8.423859e-10	2.854261e+00	-5.669492e+01
1.940000e-06	4.479400e-07	-8.187841e-10	3.178740e+00	-5.531624e+01
1.950000e-06	4.936434e-07	-7.935544e-10	3.503068e+00	-5.390310e+01
1.960000e-06	5.393276e-07	-7.737815e-10	3.827259e+00	-5.245430e+01
1.970000e-06	5.849731e-07	-7.524899e-10	4.151176e+00	-5.096864e+01
1.980000e-06	6.305435e-07	-7.285941e-10	4.474559e+00	-4.944498e+01
1.990000e-06	6.760462e-07	-7.031204e-10	4.797462e+00	-4.788217e+01
2.000000e-06	7.215138e-07	-6.780713e-10	5.120116e+00	-4.627913e+01
2.010000e-06	7.668872e-07	-6.541661e-10	5.442102e+00	-4.463485e+01
2.020000e-06	8.122147e-07	-6.257691e-10	5.763762e+00	-4.294837e+01
2.030000e-06	8.575745e-07	-5.928409e-10	6.085651e+00	-4.121883e+01
2.040000e-06	9.028902e-07	-5.615975e-10	6.407227e+00	-3.944546e+01
2.050000e-06	9.480863e-07	-5.382530e-10	6.727955e+00	-3.762760e+01
2.060000e-06	9.932331e-07	-5.158329e-10	7.048333e+00	-3.576470e+01
2.070000e-06	1.038289e-06	-4.904512e-10	7.368066e+00	-3.385637e+01
2.080000e-06	1.083262e-06	-4.630918e-10	7.687212e+00	-3.190231e+01
2.090000e-06	1.128150e-06	-4.336925e-10	8.005749e+00	-2.990243e+01
2.100000e-06	1.172837e-06	-3.996399e-10	8.322867e+00	-2.785674e+01
2.110000e-06	1.217485e-06	-3.599073e-10	8.639704e+00	-2.576547e+01
2.120000e-06	1.262027e-06	-3.202204e-10	8.955791e+00	-2.362897e+01
2.130000e-06	1.306393e-06	-2.914806e-10	9.270628e+00	-2.144781e+01
2.140000e-06	1.350649e-06	-2.691176e-10	9.584680e+00	-1.922271e+01
2.150000e-06	1.394851e-06	-2.431260e-10	9.898354e+00	-1.695459e+01
2.160000e-06	1.439155e-06	-2.119647e-10	1.021275e+01	-1.464456e+01
2.170000e-06	1.483384e-06	-1.781962e-10	1.052662e+01	-1.229390e+01
2.180000e-06	1.527445e-06	-1.405224e-10	1.083929e+01	-9.904083e+00
2.190000e-06	1.571446e-06	-9.937171e-11	1.115154e+01	-7.476763e+00
2.200000e-06	1.615413e-06	-5.710099e-11	1.146354e+01	-5.013769e+00
2.210000e-06	1.659303e-06	-2.034105e-11	1.177500e+01	-2.517104e+00
2.220000e-06	1.703104e-06	1.108748e-11	1.208583e+01	1.106358e-02
2.230000e-06	1.746813e-06	4.136376e-11	1.239600e+01	2.568408e+00
2.240000e-06	1.790452e-06	7.655775e-11	1.270568e+01	5.152454e+00
2.250000e-06	1.834039e-06	1.151178e-10	1.301499e+01	7.760590e+00
2.260000e-06	1.877536e-06	1.559712e-10	1.332366e+01	1.039007e+01
2.270000e-06	1.920848e-06	1.997347e-10	1.363101e+01	1.303805e+01
2.280000e-06	1.964062e-06	2.440706e-10	1.393768e+01	1.570156e+01
2.290000e-06	2.007216e-06	2.874350e-10	1.424391e+01	1.837757e+01
2.300000e-06	2.050120e-06	3.267187e-10	1.454838e+01	2.106294e+01
2.310000e-06	2.092832e-06	3.628499e-10	1.485148e+01	2.375450e+01
2.320000e-06	2.135349e-06	3.994630e-10	1.515319e+01	2.644903e+01
2.330000e-06	2.177527e-06	4.391802e-10	1.545250e+01	2.914328e+01
2.340000e-06	2.219375e-06	4.777315e-10	1.574947e+01	3.183398e+01
2.350000e-06	2.260997e-06	5.143807e-10	1.604483e+01	3.451787e+01
2.360000e-06	2.302460e-06	5.541397e-10	1.633907e+01	3.719172e+01
2.370000e-06	2.343614e-06	6.003030e-10	1.663111e+01	3.985231e+01
2.380000e-06	2.384419e-06	6.464530e-10	1.692068e+01	4.249649e+01
2.390000e-06	2.424950e-06	6.874766e-10	1.720830e+01	4.512117e+01
2.400000e-06	2.465208e-06	7.247102e-10	1.749399e+01	4.772332e+01
2.410000e-06	2.505308e-06	7.623433e-10	1.777855e+01	5.030003e+01
2.420000e-06	2.545336e-06	8.005894e-10	1.806260e+01	5.284847e+01
2.430000e-06	2.585221e-06	8.381002e-10	1.834564e+01	5.536593e+01
2.440000e-06	2.625019e-06	8.744927e-10	1.862806e+01	5.784984e+01
2.450000e-06	2.664788e-06	9.111159e-10	1.891027e+01	6.029775e+01
2.460000e-06	2.704407e-06	9.509678e-10	1.919142e+01	6.270735e+01
2.470000e-06	2.743864e-06	9.914695e-10	1.947143e+01	6.507650e+01
2.480000e-06	2.783133e-06	1.028228e-09	1.975009e+01	6.740320e+01
2.490000e-06	2.822263e-06	1.061350e-09	2.002778e+01	6.968563e+01
2.500000e-06	2.861191e-06	1.093433e-09	2.030402e+01	7.192211e+01
2.510000e-06	2.899837e-06	1.126701e-09	2.057827e+01	7.411115e+01
2.520000e-06	2.938228e-06	1.162621e-09	2.085070e+01	7.625142e+01
2.530000e-06	2.976385e-06	1.199057e-09	2.112148e+01	7.834178e+01
2.540000e-06	3.014377e-06	1.232093e-09	2.139108e+01	8.038123e+01
2.550000e-06	3.052222e-06	1.260044e-09	2.165964e+01	8.236895e+01
2.560000e-06	3.089974e-06	1.285536e-09	2.192754e+01	8.430431e+01
2.570000e-06	3.127543e-06	1.311244e-09	2.219415e+01	8.618681e+01
2.580000e-06	3.164896e-06	1.336183e-09	2.245922e+01	8.801610e+01
2.590000e-06	3.202006e-06	1.360728e-09	2.272256e+01	8.979203e+01
2.600000e-06	3.238788e-06	1.387554e-09	2.298358e+01	9.151453e+01
2.610000e-06	3.275323e-06	1.417482e-09	2.324285e+01	9.318372e+01
2.620000e-06	3.311656e-06	1.445986e-09	2.350068e+01	9.479983e+01
2.630000e-06	3.347773e-06	1.469458e-09	2.375698e+01	9.636321e+01
2.640000e-06	3.383763e-06	1.488605e-09	2.401238e+01	9.787432e+01
2.650000e-06	3.419634e-06	1.505287e-09	2.426693e+01	9.933374e+01
2.660000e-06	3.455356e-06	1.520203e-09	2.452042e+01	1.007421e+02
2.670000e-06	3.490971e-06	1.535470e-09	2.477316e+01	1.021003e+02
2.680000e-06	3.526434e-06	1.551933e-09	2.502482e+01	1.034090e+02
2.690000e-06	3.561620e-06	1.570496e-09	2.527451e+01	1.046692e+02
2.700000e-06	3.596450e-06	1.592364e-09	2.552168e+01	1.058818e+02
2.710000e-06	3.630806e-06	1.615493e-09	2.576548e+01	1.070479e+02
2.720000e-06	3.664533e-06	1.635571e-09	2.600482e+01	1.081685e+02
2.730000e-06	3.697759e-06	1.653324e-09	2.624060e+01	1.092447e+02
2.740000e-06	3.730591e-06	1.668657e-09	2.647359e+01	1.102777e+02
2.750000e-06	3.763098e-06	1.679764e-09	2.670427e+01	1.112687e+02
2.760000e-06	3.795336e-06	1.690723e-09	2.693304e+01	1.122186e+02
2.770000e-06	3.827357e-06	1.703510e-09	2.716027e+01	1.131289e+02
2.780000e-06	3.859253e-06	1.719819e-09	2.738662e+01	1.140006e+02
2.790000e-06	3.891003e-06	1.736569e-09	2.761193e+01	1.148349e+02
2.800000e-06	3.922614e-06	1.748973e-09	2.783625e+01	1.156331e+02
2.810000e-06	3.954050e-06	1.757210e-09	2.805933e+01	1.163962e+02
2.820000e-06	3.985262e-06	1.764280e-09	2.828083e+01	1.171255e+02
2.830000e-06	4.016093e-06	1.772654e-09	2.849961e+01	1.178220e+02
2.840000e-06	4.046501e-06	1.782167e-09	2.871540e+01	1.184871e+02
2.850000e-06	4.076646e-06	1.792501e-09	2.892932e+01	1.191216e+02
2.860000e-06	4.106576e-06	1.804243e-09	2.914171e+01	1.197268e+02
2.870000e-06	4.136311e-06	1.816305e-09	2.935272e+01	1.203038e+02
2.880000e-06	4.165829e-06	1.825894e-09	2.956219e+01	1.208535e+02
2.890000e-06	4.195127e-06	1.829601e-09	2.977010e+01	1.213771e+02
2.900000e-06	4.224073e-06	1.831693e-09	2.997551e+01	1.218756e+02
2.910000e-06	4.252586e-06	1.838332e-09	3.017785e+01	1.223499e+02
2.920000e-06	4.280800e-06	1.845857e-09	3.037807e+01	1.228011e+02
2.930000e-06	4.308837e-06	1.850990e-09	3.057702e+01	1.232302e+02
2.940000e-06	4.336755e-06	1.857677e-09	3.077514e+01	1.236380e+02
2.950000e-06	4.364496e-06	1.867761e-09	3.097201e+01	1.240256e+02
2.960000e-06	4.392075e-06	1.877490e-09	3.116771e+01	1.243938e+02
2.970000e-06	4.419472e-06	1.882530e-09	3.136213e+01	1.247437e+02
2.980000e-06	4.446489e-06	1.882235e-09	3.155386e+01	1.250759e+02
2.990000e-06	4.472947e-06	1.884196e-09	3.174161e+01	1.253916e+02
3.000000e-06	4.498889e-06	1.890093e-09	3.192571e+01	1.256914e+02
3.010000e-06	4.524264e-06	1.895551e-09	3.210577e+01	1.259764e+02
3.020000e-06	4.549000e-06	1.900978e-09	3.228131e+01	1.262472e+02
3.030000e-06	4.573341e-06	1.908114e-09	3.245404e+01	1.265048e+02
3.040000e-06	4.597484e-06	1.915074e-09	3.262537e+01	1.267499e+02
3.050000e-06	4.621407e-06	1.919750e-09	3.279514e+01	1.269833e+02
3.060000e-06	4.645025e-06	1.920969e-09	3.296274e+01	1.272059e+02
3.070000e-06	4.668383e-06	1.919164e-09	3.312849e+01	1.274182e+02
3.080000e-06	4.691402e-06	1.919784e-09	3.329185e+01	1.276212e+02
3.090000e-06	4.713998e-06	1.925283e-09	3.345219e+01	1.278153e+02
3.100000e-06	4.736314e-06	1.931769e-09	3.361055e+01	1.280014e+02
3.110000e-06	4.758315e-06	1.934942e-09	3.376668e+01	1.281800e+02
3.120000e-06	4.780015e-06	1.936688e-09	3.392068e+01	1.283518e+02
3.130000e-06	4.801444e-06	1.940093e-09	3.407274e+01	1.285173e+02
3.140000e-06	4.822454e-06	1.945143e-09	3.422183e+01	1.286771e+02
3.150000e-06	4.843114e-06	1.949302e-09	3.436844e+01	1.288316e+02
3.160000e-06	4.863533e-06	1.951146e-09	3.451335e+01	1.289812e+02
3.170000e-06	4.883716e-06	1.953379e-09	3.465657e+01	1.291264e+02
3.180000e-06	4.903668e-06	1.956365e-09	3.479816e+01	1.292675e+02
3.190000e-06	4.923459e-06	1.957900e-09	3.493860e+01	1.294048e+02
3.200000e-06	4.943071e-06	1.958503e-09	3.507777e+01	1.295386e+02
3.210000e-06	4.962356e-06	1.959236e-09	3.521463e+01	1.296690e+02
3.220000e-06	4.981247e-06	1.960793e-09	3.534869e+01	1.297961e+02
3.230000e-06	4.999669e-06	1.963400e-09	3.547941e+01	1.299201e+02
3.240000e-06	5.017674e-06	1.966403e-09	3.560718e+01	1.300410e+02
3.250000e-06	5.035272e-06	1.970004e-09	3.573206e+01	1.301588e+02
3.260000e-06	5.052469e-06	1.976308e-09	3.585410e+01	1.302733e+02
3.270000e-06	5.069462e-06	1.978970e-09	3.597469e+01	1.303845e+02
3.280000e-06	5.086235e-06	1.978650e-09	3.609372e+01	1.304921e+02
3.290000e-06	5.102640e-06	1.980170e-09	3.621013e+01	1.305961e+02
3.300000e-06	5.118637e-06	1.980962e-09	3.632365e+01	1.306960e+02
3.310000e-06	5.134325e-06	1.981612e-09	3.643498e+01	1.307916e+02
3.320000e-06	5.149477e-06	1.983157e-09	3.654251e+01	1.308826e+02
3.330000e-06	5.163973e-06	1.985530e-09	3.664537e+01	1.309686e+02
3.340000e-06	5.178043e-06	1.986623e-09	3.674522e+01	1.310492e+02
3.350000e-06	5.191726e-06	1.986875e-09	3.684232e+01	1.311241e+02
3.360000e-06	5.205055e-06	1.986327e-09	3.693691e+01	1.311927e+02
3.370000e-06	5.217925e-06	1.982975e-09	3.702824e+01	1.312548e+02
3.380000e-06	5.230348e-06	1.978056e-09	3.711639e+01	1.313099e+02
3.390000e-06	5.242534e-06	1.977504e-09	3.720287e+01	1.313575e+02
3.400000e-06	5.254454e-06	1.980095e-09	3.728746e+01	1.313973e+02
3.410000e-06	5.265965e-06	1.981817e-09	3.736914e+01	1.314289e+02
3.420000e-06	5.277022e-06	1.980965e-09	3.744761e+01	1.314521e+02
3.430000e-06	5.287544e-06	1.980624e-09	3.752228e+01	1.314664e+02
3.440000e-06	5.297424e-06	1.982007e-09	3.759239e+01	1.314716e+02
3.450000e-06	5.306552e-06	1.981611e-09	3.765716e+01	1.314674e+02
3.460000e-06	5.315137e-06	1.979675e-09	3.771808e+01	1.314539e+02
3.470000e-06	5.323424e-06	1.976725e-09	3.777690e+01	1.314307e+02
3.480000e-06	5.331427e-06	1.975791e-09	3.783368e+01	1.313979e+02
3.490000e-06	5.339252e-06	1.978058e-09	3.788921e+01	1.313555e+02
3.500000e-06	5.346827e-06	1.980189e-09	3.794297e+01	1.313036e+02
3.510000e-06	5.354049e-06	1.979861e-09	3.799422e+01	1.312424e+02
3.520000e-06	5.360896e-06	1.979237e-09	3.804281e+01	1.311721e+02
3.530000e-06	5.367326e-06	1.980135e-09	3.808844e+01	1.310930e+02
3.540000e-06	5.373384e-06	1.981468e-09	3.813143e+01	1.310055e+02
3.550000e-06	5.379180e-06	1.979066e-09	3.817256e+01	1.309101e+02
3.560000e-06	5.384645e-06	1.973852e-09	3.821134e+01	1.308072e+02
3.570000e-06	5.389660e-06	1.971818e-09	3.824693e+01	1.306977e+02
3.580000e-06	5.394242e-06	1.972983e-09	3.827945e+01	1.305820e+02
3.590000e-06	5.398437e-06	1.973383e-09	3.830921e+01	1.304609e+02
3.600000e-06	5.402423e-06	1.972481e-09	3.833750e+01	1.303353e+02
3.610000e-06	5.406250e-06	1.972108e-09	3.836466e+01	1.302060e+02
3.620000e-06	5.409749e-06	1.971244e-09	3.838949e+01	1.300740e+02
3.630000e-06	5.412890e-06	1.969663e-09	3.841178e+01	1.299400e+02
3.640000e-06	5.415563e-06	1.970125e-09	3.843074e+01	1.298052e+02
3.650000e-06	5.417508e-06	1.973451e-09	3.844455e+01	1.296704e+02
3.660000e-06	5.418686e-06	1.979229e-09	3.845291e+01	1.295368e+02
3.670000e-06	5.419340e-06	1.984315e-09	3.845755e+01	1.294053e+02
3.680000e-06	5.419651e-06	1.984631e-09	3.845976e+01	1.292770e+02
3.690000e-06	5.419686e-06	1.980476e-09	3.846000e+01	1.291528e+02
3.700000e-06	5.419503e-06	1.973896e-09	3.845870e+01	1.290336e+02
3.710000e-06	5.419079e-06	1.967665e-09	3.845570e+01	1.289206e+02
3.720000e-06	5.418365e-06	1.964501e-09	3.845063e+01	1.288145e+02
3.730000e-06	5.417234e-06	1.964525e-09	3.844260e+01	1.287161e+02
3.740000e-06	5.415659e-06	1.966917e-09	3.843142e+01	1.286264e+02
3.750000e-06	5.413797e-06	1.971950e-09	3.841821e+01	1.285459e+02
3.760000e-06	5.411694e-06	1.979261e-09	3.840329e+01	1.284754e+02
3.770000e-06	5.409223e-06	1.968227e-09	3.838576e+01	1.284153e+02
3.780000e-06	5.406368e-06	1.927476e-09	3.836549e+01	1.283662e+02
3.790000e-06	5.403058e-06	1.914093e-09	3.834200e+01	1.283283e+02
3.800000e-06	5.399252e-06	1.919882e-09	3.831500e+01	1.283020e+02
3.810000e-06	5.395143e-06	1.888568e-09	3.828583e+01	1.282874e+02
3.820000e-06	5.390909e-06	1.925955e-09	3.825579e+01	1.282845e+02
3.830000e-06	5.386507e-06	1.921418e-09	3.822456e+01	1.282933e+02
3.840000e-06	5.381548e-06	1.939116e-09	3.818937e+01	1.283135e+02
3.850000e-06	5.375867e-06	1.916380e-09	3.814905e+01	1.283449e+02
3.860000e-06	5.369838e-06	1.904886e-09	3.810626e+01	1.283871e+02
3.870000e-06	5.363607e-06	1.944770e-09	3.806205e+01	1.284395e+02
3.880000e-06	5.356808e-06	1.893641e-09	3.801380e+01	1.285014e+02
3.890000e-06	5.349353e-06	1.873520e-09	3.796089e+01	1.285723e+02
3.900000e-06	5.341489e-06	1.880622e-09	3.790509e+01	1.286511e+02
3.910000e-06	5.333316e-06	1.975409e-09	3.784709e+01	1.287370e+02
3.920000e-06	5.324783e-06	1.914286e-09	3.778654e+01	1.288291e+02
3.930000e-06	5.315930e-06	1.859677e-09	3.772372e+01	1.289261e+02
3.940000e-06	5.306772e-06	1.890247e-09	3.765873e+01	1.290269e+02
3.950000e-06	5.297334e-06	1.972567e-09	3.759175e+01	1.291304e+02
3.960000e-06	5.287503e-06	1.908577e-09	3.752199e+01	1.292353e+02
3.970000e-06	5.277275e-06	1.860111e-09	3.744940e+01	1.293402e+02
3.980000e-06	5.266756e-06	1.954851e-09	3.737476e+01	1.294440e+02
3.990000e-06	5.255820e-06	2.031962e-09	3.729715e+01	1.295451e+02
4.000000e-06	5.244427e-06	1.971915e-09	3.721630e+01	1.296424e+02
4.010000e-06	5.232675e-06	1.956545e-09	3.713291e+01	1.297344e+02
4.020000e-06	5.220575e-06	2.055286e-09	3.704704e+01	1.298199e+02
4.030000e-06	5.208041e-06	2.040290e-09	3.695810e+01	1.298976e+02
4.040000e-06	5.195142e-06	1.956793e-09	3.686656e+01	1.299663e+02
4.050000e-06	5.181711e-06	1.960136e-09	3.677125e+01	1.300248e+02
4.060000e-06	5.167515e-06	2.022477e-09	3.667051e+01	1.300721e+02
4.070000e-06	5.152608e-06	1.976725e-09	3.656472e+01	1.301070e+02
4.080000e-06	5.137233e-06	1.977453e-09	3.645561e+01	1.301286e+02
4.090000e-06	5.121493e-06	2.000739e-09	3.634392e+01	1.301361e+02
4.100000e-06	5.105475e-06	1.983779e-09	3.623025e+01	1.301288e+02
4.110000e-06	5.089299e-06	1.944407e-09	3.611546e+01	1.301059e+02
4.120000e-06	5.072907e-06	1.989556e-09	3.599914e+01	1.300670e+02
4.130000e-06	5.056199e-06	1.968974e-09	3.588057e+01	1.300115e+02
4.140000e-06	5.039066e-06	1.929350e-09	3.575899e+01	1.299393e+02
4.150000e-06	5.021491e-06	1.942336e-09	3.563427e+01	1.298501e+02
4.160000e-06	5.003672e-06	1.988926e-09	3.550782e+01	1.297438e+02
4.170000e-06	4.985644e-06	1.952247e-09	3.537989e+01	1.296205e+02
4.180000e-06	4.967280e-06	1.941485e-09	3.524957e+01	1.294803e+02
4.190000e-06	4.948453e-06	1.951064e-09	3.511597e+01	1.293236e+02
4.200000e-06	4.929185e-06	1.948550e-09	3.497924e+01	1.291507e+02
4.210000e-06	4.909594e-06	1.933879e-09	3.484021e+01	1.289620e+02
4.220000e-06	4.889749e-06	1.926390e-09	3.469939e+01	1.287583e+02
4.230000e-06	4.869733e-06	1.917854e-09	3.455734e+01	1.285402e+02
4.240000e-06	4.849508e-06	1.934840e-09	3.441382e+01	1.283084e+02
4.250000e-06	4.828936e-06	1.944511e-09	3.426783e+01	1.280638e+02
4.260000e-06	4.808065e-06	1.925775e-09	3.411972e+01	1.278074e+02
4.270000e-06	4.786774e-06	1.924456e-09	3.396864e+01	1.275400e+02
4.280000e-06	4.764917e-06	1.925541e-09	3.381353e+01	1.272627e+02
4.290000e-06	4.742496e-06	1.907299e-09	3.365443e+01	1.269765e+02
4.300000e-06	4.719395e-06	1.893284e-09	3.349049e+01	1.266826e+02
4.310000e-06	4.695835e-06	1.900512e-09	3.332330e+01	1.263820e+02
4.320000e-06	4.672011e-06	1.887999e-09	3.315424e+01	1.260757e+02
4.330000e-06	4.647952e-06	1.901388e-09	3.298351e+01	1.257649e+02
4.340000e-06	4.623742e-06	1.905113e-09	3.281170e+01	1.254507e+02
4.350000e-06	4.599254e-06	1.881780e-09	3.263793e+01	1.251340e+02
4.360000e-06	4.574484e-06	1.860070e-09	3.246215e+01	1.248159e+02
4.370000e-06	4.549463e-06	1.872532e-09	3.228459e+01	1.244973e+02
4.380000e-06	4.524113e-06	1.855480e-09	3.210470e+01	1.241791e+02
4.390000e-06	4.498349e-06	1.845516e-09	3.192187e+01	1.238621e+02
4.400000e-06	4.472170e-06	1.849969e-09	3.173609e+01	1.235471e+02
4.410000e-06	4.445718e-06	1.859030e-09	3.154838e+01	1.232347e+02
4.420000e-06	4.419072e-06	1.853022e-09	3.135929e+01	1.229256e+02
4.430000e-06	4.392180e-06	1.852103e-09	3.116846e+01	1.226202e+02
4.440000e-06	4.364927e-06	1.835532e-09	3.097506e+01	1.223189e+02
4.450000e-06	4.337350e-06	1.832666e-09	3.077937e+01	1.220221e+02
4.460000e-06	4.309528e-06	1.830566e-09	3.058193e+01	1.217300e+02
4.470000e-06	4.281524e-06	1.825030e-09	3.038320e+01	1.214427e+02
4.480000e-06	4.253384e-06	1.818551e-09	3.018351e+01	1.211602e+02
4.490000e-06	4.225093e-06	1.828531e-09	2.998275e+01	1.208825e+02
4.500000e-06	4.196497e-06	1.831194e-09	2.977982e+01	1.206095e+02
4.510000e-06	4.167509e-06	1.825199e-09	2.957412e+01	1.203409e+02
4.520000e-06	4.138036e-06	1.813079e-09	2.936496e+01	1.200764e+02
4.530000e-06	4.107968e-06	1.803844e-09	2.915159e+01	1.198156e+02
4.540000e-06	4.077468e-06	1.805413e-09	2.893515e+01	1.195581e+02
4.550000e-06	4.046626e-06	1.807926e-09	2.871629e+01	1.193034e+02
4.560000e-06	4.015305e-06	1.803057e-09	2.849402e+01	1.190509e+02
4.570000e-06	3.983605e-06	1.798303e-09	2.826907e+01	1.187999e+02
4.580000e-06	3.951722e-06	1.800733e-09	2.804281e+01	1.185499e+02
4.590000e-06	3.919679e-06	1.796612e-09	2.781543e+01	1.183001e+02
4.600000e-06	3.887458e-06	1.788358e-09	2.758678e+01	1.180499e+02
4.610000e-06	3.855038e-06	1.774950e-09	2.735671e+01	1.177986e+02
4.620000e-06	3.822381e-06	1.770950e-09	2.712496e+01	1.175455e+02
4.630000e-06	3.789483e-06	1.768582e-09	2.689151e+01	1.172898e+02
4.640000e-06	3.756282e-06	1.763506e-09	2.665590e+01	1.170309e+02
4.650000e-06	3.722778e-06	1.753169e-09	2.641815e+01	1.167682e+02
4.660000e-06	3.689044e-06	1.753793e-09	2.617876e+01	1.165009e+02
4.670000e-06	3.655085e-06	1.753359e-09	2.593777e+01	1.162286e+02
4.680000e-06	3.620902e-06	1.751534e-09	2.569520e+01	1.159507e+02
4.690000e-06	3.586432e-06	1.739665e-09	2.545058e+01	1.156667e+02
4.700000e-06	3.551671e-06	1.734552e-09	2.520391e+01	1.153761e+02
4.710000e-06	3.516657e-06	1.729533e-09	2.495544e+01	1.150786e+02
4.720000e-06	3.481470e-06	1.723885e-09	2.470574e+01	1.147739e+02
4.730000e-06	3.446079e-06	1.713686e-09	2.445460e+01	1.144618e+02
4.740000e-06	3.410511e-06	1.711659e-09	2.420219e+01	1.141420e+02
4.750000e-06	3.374784e-06	1.713770e-09	2.394866e+01	1.138145e+02
4.760000e-06	3.338839e-06	1.717230e-09	2.369358e+01	1.134791e+02
4.770000e-06	3.302744e-06	1.709161e-09	2.343744e+01	1.131361e+02
4.780000e-06	3.266529e-06	1.699309e-09	2.318044e+01	1.127854e+02
4.790000e-06	3.230205e-06	1.692877e-09	2.292268e+01	1.124272e+02
4.800000e-06	3.193749e-06	1.688622e-09	2.266397e+01	1.120616e+02
4.810000e-06	3.156893e-06	1.679743e-09	2.240243e+01	1.116891e+02
4.820000e-06	3.119632e-06	1.670969e-09	2.213801e+01	1.113099e+02
4.830000e-06	3.081950e-06	1.669978e-09	2.187061e+01	1.109244e+02
4.840000e-06	3.043830e-06	1.672713e-09	2.160009e+01	1.105329e+02
4.850000e-06	3.005467e-06	1.670608e-09	2.132785e+01	1.101359e+02
4.860000e-06	2.966809e-06	1.660500e-09	2.105352e+01	1.097338e+02
4.870000e-06	2.927742e-06	1.652294e-09	2.077629e+01	1.093272e+02
4.880000e-06	2.888363e-06	1.648192e-09	2.049684e+01	1.089164e+02
4.890000e-06	2.848788e-06	1.643656e-09	2.021601e+01	1.085020e+02
4.900000e-06	2.809008e-06	1.631607e-09	1.993371e+01	1.080845e+02
4.910000e-06	2.769080e-06	1.624831e-09	1.965037e+01	1.076642e+02
4.920000e-06	2.729060e-06	1.626172e-09	1.936637e+01	1.072417e+02
4.930000e-06	2.688933e-06	1.629038e-09	1.908162e+01	1.068173e+02
4.940000e-06	2.648709e-06	1.623868e-09	1.879617e+01	1.063915e+02
4.950000e-06	2.608416e-06	1.616373e-09	1.851024e+01	1.059645e+02
4.960000e-06	2.567995e-06	1.607815e-09	1.822340e+01	1.055366e+02
4.970000e-06	2.527340e-06	1.602716e-09	1.793490e+01	1.051082e+02
4.980000e-06	2.486482e-06	1.594220e-09	1.764495e+01	1.046792e+02
4.990000e-06	2.445590e-06	1.586494e-09	1.735477e+01	1.042500e+02
5.000000e-06	2.404481e-06	1.582317e-09	1.706304e+01	1.038205e+02
5.010000e-06	2.363130e-06	1.580996e-09	1.676961e+01	1.033908e+02
5.020000e-06	2.321660e-06	1.574864e-09	1.647532e+01	1.029607e+02
5.030000e-06	2.280004e-06	1.569027e-09	1.617971e+01	1.025301e+02
5.040000e-06	2.238142e-06	1.561724e-09	1.588264e+01	1.020989e+02
5.050000e-06	2.196148e-06	1.553729e-09	1.558464e+01	1.016668e+02
5.060000e-06	2.154089e-06	1.546547e-09	1.528617e+01	1.012334e+02
5.070000e-06	2.111817e-06	1.539995e-09	1.498620e+01	1.007983e+02
5.080000e-06	2.069287e-06	1.532949e-09	1.468439e+01	1.003612e+02
5.090000e-06	2.026594e-06	1.527402e-09	1.438142e+01	9.992142e+01
5.100000e-06	1.983794e-06	1.522469e-09	1.407770e+01	9.947855e+01
5.110000e-06	1.940902e-06	1.517346e-09	1.377332e+01	9.903195e+01
5.120000e-06	1.897979e-06	1.513500e-09	1.346873e+01	9.858099e+01
5.130000e-06	1.854976e-06	1.508999e-09	1.316356e+01	9.812501e+01
5.140000e-06	1.811703e-06	1.503443e-09	1.285648e+01	9.766333e+01
5.150000e-06	1.768211e-06	1.495657e-09	1.254785e+01	9.719524e+01
5.160000e-06	1.724622e-06	1.486636e-09	1.223853e+01	9.672001e+01
5.170000e-06	1.680968e-06	1.477853e-09	1.192874e+01	9.623692e+01
5.180000e-06	1.637211e-06	1.469346e-09	1.161823e+01	9.574524e+01
5.190000e-06	1.593333e-06	1.459393e-09	1.130686e+01	9.524424e+01
5.200000e-06	1.549376e-06	1.452974e-09	1.099492e+01	9.473321e+01
5.210000e-06	1.505346e-06	1.448692e-09	1.068247e+01	9.421145e+01
5.220000e-06	1.461268e-06	1.443126e-09	1.036967e+01	9.367828e+01
5.230000e-06	1.417150e-06	1.435803e-09	1.005660e+01	9.313306e+01
5.240000e-06	1.373001e-06	1.428155e-09	9.743296e+00	9.257517e+01
5.250000e-06	1.328832e-06	1.420688e-09	9.429862e+00	9.200402e+01
5.260000e-06	1.284644e-06	1.412859e-09	9.116285e+00	9.141906e+01
5.270000e-06	1.240418e-06	1.402360e-09	8.802443e+00	9.081978e+01
5.280000e-06	1.196092e-06	1.388584e-09	8.487894e+00	9.020571e+01
5.290000e-06	1.151694e-06	1.375526e-09	8.172827e+00	8.957642e+01
5.300000e-06	1.107233e-06	1.368278e-09	7.857313e+00	8.893153e+01
5.310000e-06	1.062715e-06	1.360520e-09	7.541401e+00	8.827069e+01
5.320000e-06	1.018129e-06	1.350394e-09	7.225006e+00	8.759358e+01
5.330000e-06	9.734488e-07	1.338104e-09	6.907936e+00	8.689993e+01
5.340000e-06	9.287973e-07	1.329063e-09	6.591073e+00	8.618950e+01
5.350000e-06	8.841458e-07	1.318741e-09	6.274211e+00	8.546208e+01
5.360000e-06	8.394943e-07	1.303584e-09	5.957348e+00	8.471747e+01
5.370000e-06	7.947192e-07	1.289830e-09	5.639607e+00	8.395552e+01
5.380000e-06	7.498057e-07	1.278730e-09	5.320886e+00	8.317607e+01
5.390000e-06	7.048420e-07	1.269170e-09	5.001807e+00	8.237897e+01
5.400000e-06	6.598514e-07	1.258718e-09	4.682538e+00	8.156409e+01
5.410000e-06	6.147991e-07	1.246091e-09	4.362831e+00	8.073127e+01
5.420000e-06	5.696947e-07	1.234289e-09	4.042755e+00	7.988035e+01
5.430000e-06	5.246298e-07	1.222447e-09	3.722958e+00	7.901118e+01
5.440000e-06	4.795495e-07	1.208041e-09	3.403052e+00	7.812354e+01
5.450000e-06	4.343835e-07	1.191139e-09	3.082539e+00	7.721721e+01
5.460000e-06	3.891081e-07	1.173997e-09	2.761249e+00	7.629194e+01
5.470000e-06	3.438572e-07	1.159912e-09	2.440132e+00	7.534741e+01
5.480000e-06	2.985596e-07	1.148374e-09	2.118684e+00	7.438328e+01
5.490000e-06	2.530872e-07	1.135983e-09	1.795996e+00	7.339915e+01
5.500000e-06	2.074915e-07	1.121468e-09	1.472433e+00	7.239455e+01
5.510000e-06	1.619258e-07	1.103867e-09	1.149083e+00	7.136897e+01
5.520000e-06	1.164161e-07	1.084883e-09	8.261299e-01	7.032183e+01
5.530000e-06	7.092732e-08	1.068067e-09	5.033252e-01	6.925248e+01
5.540000e-06	2.544446e-08	1.053894e-09	1.805629e-01	6.816023e+01
5.550000e-06	-1.998015e-08	1.039382e-09	-1.417862e-01	6.704428e+01
5.560000e-06	-6.533991e-08	1.022903e-09	-4.636750e-01	6.590382e+01
5.570000e-06	-1.107789e-07	1.006176e-09	-7.861262e-01	6.473794e+01
5.580000e-06	-1.562880e-07	9.884285e-10	-1.109075e+00	6.354569e+01
5.590000e-06	-2.017725e-07	9.700024e-10	-1.431849e+00	6.232604e+01
5.600000e-06	-2.471979e-07	9.476177e-10	-1.754203e+00	6.107795e+01
5.610000e-06	-2.925494e-07	9.247640e-10	-2.076033e+00	5.980030e+01
5.620000e-06	-3.378253e-07	9.054450e-10	-2.397328e+00	5.849196e+01
5.630000e-06	-3.831712e-07	8.880146e-10	-2.719118e+00	5.715175e+01
5.640000e-06	-4.285209e-07	8.691096e-10	-3.040935e+00	5.577849e+01
5.650000e-06	-4.737063e-07	8.477708e-10	-3.361587e+00	5.437096e+01
5.660000e-06	-5.188402e-07	8.253381e-10	-3.681873e+00	5.292798e+01
5.670000e-06	-5.639524e-07	8.060734e-10	-4.002005e+00	5.144834e+01
5.680000e-06	-6.089954e-07	7.832998e-10	-4.321646e+00	4.993088e+01
5.690000e-06	-6.539871e-07	7.532916e-10	-4.640923e+00	4.837446e+01
5.700000e-06	-6.988909e-07	7.208173e-10	-4.959577e+00	4.677800e+01
5.710000e-06	-7.437172e-07	6.953062e-10	-5.277680e+00	4.514045e+01
5.720000e-06	-7.884961e-07	6.788595e-10	-5.595446e+00	4.346086e+01
5.730000e-06	-8.333285e-07	6.616493e-10	-5.913593e+00	4.173834e+01
5.740000e-06	-8.780991e-07	6.407416e-10	-6.231301e+00	3.997211e+01
5.750000e-06	-9.227304e-07	6.172285e-10	-6.548021e+00	3.816150e+01
5.760000e-06	-9.673798e-07	5.915323e-10	-6.864868e+00	3.630593e+01
5.770000e-06	-1.011901e-06	5.581025e-10	-7.180809e+00	3.440498e+01
5.780000e-06	-1.056279e-06	5.179085e-10	-7.495725e+00	3.245835e+01
5.790000e-06	-1.100650e-06	4.779584e-10	-7.810602e+00	3.046589e+01
5.800000e-06	-1.144956e-06	4.467347e-10	-8.125015e+00	2.842762e+01
5.810000e-06	-1.189176e-06	4.230984e-10	-8.438812e+00	2.634371e+01
5.820000e-06	-1.233357e-06	3.996346e-10	-8.752337e+00	2.421451e+01
5.830000e-06	-1.277499e-06	3.720829e-10	-9.065585e+00	2.204054e+01
5.840000e-06	-1.321579e-06	3.407720e-10	-9.378393e+00	1.982249e+01
5.850000e-06	-1.365624e-06	3.058831e-10	-9.690953e+00	1.756127e+01
5.860000e-06	-1.409684e-06	2.676911e-10	-1.000361e+01	1.525793e+01
5.870000e-06	-1.453738e-06	2.262724e-10	-1.031623e+01	1.291373e+01
5.880000e-06	-1.497743e-06	1.850041e-10	-1.062852e+01	1.053012e+01
5.890000e-06	-1.541678e-06	1.489685e-10	-1.094029e+01	8.108722e+00
5.900000e-06	-1.585505e-06	1.168598e-10	-1.125131e+01	5.651330e+00
5.910000e-06	-1.629220e-06	8.290271e-11	-1.156152e+01	3.159922e+00
5.920000e-06	-1.672832e-06	4.886892e-11	-1.187101e+01	6.366381e-01
5.930000e-06	-1.716337e-06	1.285741e-11	-1.217974e+01	-1.916220e+00
5.940000e-06	-1.759790e-06	-2.834207e-11	-1.248809e+01	-4.496204e+00
5.950000e-06	-1.803072e-06	-7.411857e-11	-1.279523e+01	-7.100720e+00
5.960000e-06	-1.846095e-06	-1.220449e-10	-1.310054e+01	-9.727051e+00
5.970000e-06	-1.889021e-06	-1.657434e-10	-1.340516e+01	-1.237236e+01
5.980000e-06	-1.931864e-06	-2.070990e-10	-1.370919e+01	-1.503370e+01
5.990000e-06	-1.974510e-06	-2.498256e-10	-1.401182e+01	-1.770804e+01
6.000000e-06	-2.016956e-06	-2.923644e-10	-1.431303e+01	-2.039228e+01
6.010000e-06	-2.059309e-06	-3.335121e-10	-1.461358e+01	-2.308324e+01
6.020000e-06	-2.101546e-06	-3.741343e-10	-1.491331e+01	-2.577771e+01
6.030000e-06	-2.143614e-06	-4.181599e-10	-1.521184e+01	-2.847244e+01
6.040000e-06	-2.185603e-06	-4.646466e-10	-1.550981e+01	-3.116417e+01
6.050000e-06	-2.227493e-06	-5.097452e-10	-1.580708e+01	-3.384963e+01
6.060000e-06	-2.269178e-06	-5.531250e-10	-1.610289e+01	-3.652559e+01
6.070000e-06	-2.310691e-06	-5.980455e-10	-1.639748e+01	-3.918882e+01
6.080000e-06	-2.352034e-06	-6.430212e-10	-1.669086e+01	-4.183616e+01
6.090000e-06	-2.393152e-06	-6.821536e-10	-1.698265e+01	-4.446451e+01
6.100000e-06	-2.434103e-06	-7.183811e-10	-1.727326e+01	-4.707083e+01
6.110000e-06	-2.474872e-06	-7.592927e-10	-1.756257e+01	-4.965219e+01
6.120000e-06	-2.515452e-06	-8.057795e-10	-1.785053e+01	-5.220574e+01
6.130000e-06	-2.555858e-06	-8.488006e-10	-1.813727e+01	-5.472876e+01
6.140000e-06	-2.596134e-06	-8.873813e-10	-1.842308e+01	-5.721864e+01
6.150000e-06	-2.636326e-06	-9.273389e-10	-1.870830e+01	-5.967292e+01
6.160000e-06	-2.676406e-06	-9.672057e-10	-1.899272e+01	-6.208928e+01
6.170000e-06	-2.716399e-06	-1.001097e-09	-1.927653e+01	-6.446552e+01
6.180000e-06	-2.756371e-06	-1.030177e-09	-1.956018e+01	-6.679964e+01
6.190000e-06	-2.796228e-06	-1.061247e-09	-1.984302e+01	-6.908977e+01
6.200000e-06	-2.835946e-06	-1.096997e-09	-2.012487e+01	-7.133422e+01
6.210000e-06	-2.875510e-06	-1.131517e-09	-2.040564e+01	-7.353148e+01
6.220000e-06	-2.914755e-06	-1.162380e-09	-2.068413e+01	-7.568017e+01
6.230000e-06	-2.953591e-06	-1.193437e-09	-2.095972e+01	-7.777913e+01
6.240000e-06	-2.991934e-06	-1.227785e-09	-2.123182e+01	-7.982733e+01
6.250000e-06	-3.029895e-06	-1.260275e-09	-2.150120e+01	-8.182394e+01
6.260000e-06	-3.067610e-06	-1.286665e-09	-2.176884e+01	-8.376827e+01
6.270000e-06	-3.104964e-06	-1.309219e-09	-2.203392e+01	-8.565981e+01
6.280000e-06	-3.141962e-06	-1.332698e-09	-2.229647e+01	-8.749820e+01
6.290000e-06	-3.178683e-06	-1.359394e-09	-2.255706e+01	-8.928324e+01
6.300000e-06	-3.215131e-06	-1.387947e-09	-2.281571e+01	-9.101485e+01
6.310000e-06	-3.251379e-06	-1.414714e-09	-2.307293e+01	-9.269313e+01
6.320000e-06	-3.287517e-06	-1.438725e-09	-2.332938e+01	-9.431827e+01
6.330000e-06	-3.323575e-06	-1.462813e-09	-2.358526e+01	-9.589061e+01
6.340000e-06	-3.359526e-06	-1.488117e-09	-2.384038e+01	-9.741061e+01
6.350000e-06	-3.395277e-06	-1.510487e-09	-2.409408e+01	-9.887881e+01
6.360000e-06	-3.430809e-06	-1.529195e-09	-2.434623e+01	-1.002959e+02
6.370000e-06	-3.466139e-06	-1.546894e-09	-2.459694e+01	-1.016625e+02
6.380000e-06	-3.501182e-06	-1.562892e-09	-2.484562e+01	-1.029796e+02
6.390000e-06	-3.535928e-06	-1.578405e-09	-2.509219e+01	-1.042480e+02
6.400000e-06	-3.570445e-06	-1.595113e-09	-2.533714e+01	-1.054687e+02
6.410000e-06	-3.604731e-06	-1.612608e-09	-2.558044e+01	-1.066427e+02
6.420000e-06	-3.638770e-06	-1.631191e-09	-2.582200e+01	-1.077710e+02
6.430000e-06	-3.672617e-06	-1.649471e-09	-2.606218e+01	-1.088548e+02
6.440000e-06	-3.706276e-06	-1.664557e-09	-2.630104e+01	-1.098952e+02
6.450000e-06	-3.739657e-06	-1.676896e-09	-2.653792e+01	-1.108932e+02
6.460000e-06	-3.772655e-06	-1.687852e-09	-2.677209e+01	-1.118502e+02
6.470000e-06	-3.805334e-06	-1.699869e-09	-2.700399e+01	-1.127672e+02
6.480000e-06	-3.837777e-06	-1.713721e-09	-2.723422e+01	-1.136454e+02
6.490000e-06	-3.870008e-06	-1.726480e-09	-2.746294e+01	-1.144861e+02
6.500000e-06	-3.902102e-06	-1.738346e-09	-2.769069e+01	-1.152904e+02
6.510000e-06	-3.934041e-06	-1.751855e-09	-2.791734e+01	-1.160595e+02
6.520000e-06	-3.965803e-06	-1.765469e-09	-2.814274e+01	-1.167945e+02
6.530000e-06	-3.997361e-06	-1.777441e-09	-2.836668e+01	-1.174967e+02
6.540000e-06	-4.028544e-06	-1.785514e-09	-2.858797e+01	-1.181671e+02
6.550000e-06	-4.059283e-06	-1.792277e-09	-2.880611e+01	-1.188068e+02
6.560000e-06	-4.089419e-06	-1.801985e-09	-2.901996e+01	-1.194171e+02
6.570000e-06	-4.119029e-06	-1.811538e-09	-2.923009e+01	-1.199989e+02
6.580000e-06	-4.148237e-06	-1.818367e-09	-2.943736e+01	-1.205533e+02
6.590000e-06	-4.176980e-06	-1.822973e-09	-2.964133e+01	-1.210814e+02
6.600000e-06	-4.205443e-06	-1.827830e-09	-2.984330e+01	-1.215842e+02
6.610000e-06	-4.233707e-06	-1.836216e-09	-3.004388e+01	-1.220627e+02
6.620000e-06	-4.261825e-06	-1.845897e-09	-3.024342e+01	-1.225179e+02
6.630000e-06	-4.289797e-06	-1.854412e-09	-3.044191e+01	-1.229508e+02
6.640000e-06	-4.317539e-06	-1.860973e-09	-3.063878e+01	-1.233623e+02
6.650000e-06	-4.345014e-06	-1.866462e-09	-3.083375e+01	-1.237534e+02
6.660000e-06	-4.372123e-06	-1.870383e-09	-3.102613e+01	-1.241250e+02
6.670000e-06	-4.398851e-06	-1.873230e-09	-3.121580e+01	-1.244780e+02
6.680000e-06	-4.425238e-06	-1.875343e-09	-3.140305e+01	-1.248134e+02
6.690000e-06	-4.451368e-06	-1.877641e-09	-3.158848e+01	-1.251320e+02
6.700000e-06	-4.477331e-06	-1.882175e-09	-3.177272e+01	-1.254346e+02
6.710000e-06	-4.502915e-06	-1.889348e-09	-3.195427e+01	-1.257222e+02
6.720000e-06	-4.528097e-06	-1.898341e-09	-3.213297e+01	-1.259955e+02
6.730000e-06	-4.552982e-06	-1.906800e-09	-3.230957e+01	-1.262554e+02
6.740000e-06	-4.577509e-06	-1.910740e-09	-3.248362e+01	-1.265028e+02
6.750000e-06	-4.601749e-06	-1.913055e-09	-3.265563e+01	-1.267383e+02
6.760000e-06	-4.625797e-06	-1.914826e-09	-3.282629e+01	-1.269628e+02
6.770000e-06	-4.649703e-06	-1.914321e-09	-3.299593e+01	-1.271770e+02
6.780000e-06	-4.673426e-06	-1.916470e-09	-3.316428e+01	-1.273817e+02
6.790000e-06	-4.696810e-06	-1.922677e-09	-3.333022e+01	-1.275775e+02
6.800000e-06	-4.719782e-06	-1.929719e-09	-3.349324e+01	-1.277651e+02
6.810000e-06	-4.742275e-06	-1.933247e-09	-3.365286e+01	-1.279451e+02
6.820000e-06	-4.764173e-06	-1.933727e-09	-3.380825e+01	-1.281182e+02
6.830000e-06	-4.785454e-06	-1.933951e-09	-3.395927e+01	-1.282850e+02
6.840000e-06	-4.806173e-06	-1.935409e-09	-3.410630e+01	-1.284458e+02
6.850000e-06	-4.826532e-06	-1.935575e-09	-3.425077e+01	-1.286014e+02
6.860000e-06	-4.846693e-06	-1.936053e-09	-3.439385e+01	-1.287520e+02
6.870000e-06	-4.866708e-06	-1.938550e-09	-3.453588e+01	-1.288981e+02
6.880000e-06	-4.886575e-06	-1.942084e-09	-3.467686e+01	-1.290401e+02
6.890000e-06	-4.906170e-06	-1.945065e-09	-3.481591e+01	-1.291782e+02
6.900000e-06	-4.925413e-06	-1.948491e-09	-3.495247e+01	-1.293128e+02
6.910000e-06	-4.944191e-06	-1.953083e-09	-3.508572e+01	-1.294439e+02
6.920000e-06	-4.962619e-06	-1.958385e-09	-3.521649e+01	-1.295718e+02
6.930000e-06	-4.980814e-06	-1.963412e-09	-3.534561e+01	-1.296966e+02
6.940000e-06	-4.998689e-06	-1.966704e-09	-3.547246e+01	-1.298182e+02
6.950000e-06	-5.016256e-06	-1.967085e-09	-3.559712e+01	-1.299367e+02
6.960000e-06	-5.033493e-06	-1.965049e-09	-3.571944e+01	-1.300519e+02
6.970000e-06	-5.050316e-06	-1.962143e-09	-3.583882e+01	-1.301639e+02
6.980000e-06	-5.066747e-06	-1.960084e-09	-3.595543e+01	-1.302724e+02
6.990000e-06	-5.082941e-06	-1.960311e-09	-3.607034e+01	-1.303771e+02
7.000000e-06	-5.098981e-06	-1.961718e-09	-3.618417e+01	-1.304779e+02
7.010000e-06	-5.114761e-06	-1.964699e-09	-3.629615e+01	-1.305745e+02
7.020000e-06	-5.130199e-06	-1.968047e-09	-3.640570e+01	-1.306665e+02
7.030000e-06	-5.145163e-06	-1.970566e-09	-3.651189e+01	-1.307536e+02
7.040000e-06	-5.159484e-06	-1.970241e-09	-3.661352e+01	-1.308353e+02
7.050000e-06	-5.173072e-06	-1.966562e-09	-3.670994e+01	-1.309114e+02
7.060000e-06	-5.186050e-06	-1.962031e-09	-3.680204e+01	-1.309813e+02
7.070000e-06	-5.198584e-06	-1.959083e-09	-3.689098e+01	-1.310447e+02
7.080000e-06	-5.210751e-06	-1.957065e-09	-3.697733e+01	-1.311012e+02
7.090000e-06	-5.222641e-06	-1.957132e-09	-3.706170e+01	-1.311503e+02
7.100000e-06	-5.234187e-06	-1.961423e-09	-3.714363e+01	-1.311917e+02
7.110000e-06	-5.245341e-06	-1.964480e-09	-3.722279e+01	-1.312249e+02
7.120000e-06	-5.256114e-06	-1.963713e-09	-3.729924e+01	-1.312497e+02
7.130000e-06	-5.266547e-06	-1.961110e-09	-3.737328e+01	-1.312657e+02
7.140000e-06	-5.276630e-06	-1.958315e-09	-3.744483e+01	-1.312726e+02
7.150000e-06	-5.286378e-06	-1.956382e-09	-3.751400e+01	-1.312703e+02
7.160000e-06	-5.295749e-06	-1.952575e-09	-3.758050e+01	-1.312585e+02
7.170000e-06	-5.304627e-06	-1.946361e-09	-3.764350e+01	-1.312371e+02
7.180000e-06	-5.313090e-06	-1.942139e-09	-3.770356e+01	-1.312061e+02
7.190000e-06	-5.321333e-06	-1.943250e-09	-3.776206e+01	-1.311656e+02
7.200000e-06	-5.329413e-06	-1.945924e-09	-3.781939e+01	-1.311155e+02
7.210000e-06	-5.337327e-06	-1.948095e-09	-3.787555e+01	-1.310560e+02
7.220000e-06	-5.344980e-06	-1.950904e-09	-3.792987e+01	-1.309874e+02
7.230000e-06	-5.352200e-06	-1.952125e-09	-3.798110e+01	-1.309099e+02
7.240000e-06	-5.358742e-06	-1.949042e-09	-3.802752e+01	-1.308240e+02
7.250000e-06	-5.364597e-06	-1.943520e-09	-3.806907e+01	-1.307300e+02
7.260000e-06	-5.369897e-06	-1.937209e-09	-3.810668e+01	-1.306286e+02
7.270000e-06	-5.374689e-06	-1.934683e-09	-3.814069e+01	-1.305203e+02
7.280000e-06	-5.379119e-06	-1.935951e-09	-3.817213e+01	-1.304058e+02
7.290000e-06	-5.383317e-06	-1.938311e-09	-3.820191e+01	-1.302858e+02
7.300000e-06	-5.387285e-06	-1.938583e-09	-3.823007e+01	-1.301612e+02
7.310000e-06	-5.390980e-06	-1.937628e-09	-3.825629e+01	-1.300326e+02
7.320000e-06	-5.394341e-06	-1.936928e-09	-3.828015e+01	-1.299012e+02
7.330000e-06	-5.397294e-06	-1.934227e-09	-3.830110e+01	-1.297677e+02
7.340000e-06	-5.399909e-06	-1.930476e-09	-3.831966e+01	-1.296331e+02
7.350000e-06	-5.402194e-06	-1.926751e-09	-3.833588e+01	-1.294985e+02
7.360000e-06	-5.404131e-06	-1.925464e-09	-3.834962e+01	-1.293648e+02
7.370000e-06	-5.405670e-06	-1.924416e-09	-3.836054e+01	-1.292331e+02
7.380000e-06	-5.406697e-06	-1.922359e-09	-3.836783e+01	-1.291044e+02
7.390000e-06	-5.407348e-06	-1.921449e-09	-3.837245e+01	-1.289796e+02
7.400000e-06	-5.407741e-06	-1.921911e-09	-3.837524e+01	-1.288598e+02
