# Temperatura_=_-2.1
# Concentracion g/m^3_=_4090.0
# C_Vs_to_Am_M_A/Vsm_=_65563218390.804596
# pendiente_HvsI_1/m_=_3716.3
# ordenada_HvsI_A/m_=_1297.0
# frecuencia_Hz_=_135068.31777351754

Tiempo_(s)	Campo_(V.s)	Magnetizacion_(V.s)	Campo_(kA/m)	Magnetizacion_(A/m)
0.000000e+00	-5.396087e-06	-1.942978e-09	-3.839392e+01	-1.303409e+02
1.000000e-08	-5.396241e-06	-1.937474e-09	-3.839502e+01	-1.302367e+02
2.000000e-08	-5.396165e-06	-1.934642e-09	-3.839447e+01	-1.301364e+02
3.000000e-08	-5.395798e-06	-1.932332e-09	-3.839186e+01	-1.300408e+02
4.000000e-08	-5.395079e-06	-1.929832e-09	-3.838675e+01	-1.299502e+02
5.000000e-08	-5.393859e-06	-1.928377e-09	-3.837807e+01	-1.298653e+02
6.000000e-08	-5.392022e-06	-1.933647e-09	-3.836499e+01	-1.297864e+02
7.000000e-08	-5.389506e-06	-1.964671e-09	-3.834709e+01	-1.297140e+02
8.000000e-08	-5.386380e-06	-1.967590e-09	-3.832485e+01	-1.296482e+02
9.000000e-08	-5.382742e-06	-1.873011e-09	-3.829897e+01	-1.295894e+02
1.000000e-07	-5.378702e-06	-1.820016e-09	-3.827022e+01	-1.295377e+02
1.100000e-07	-5.374487e-06	-1.981773e-09	-3.824023e+01	-1.294932e+02
1.200000e-07	-5.370052e-06	-2.037047e-09	-3.820867e+01	-1.294559e+02
1.300000e-07	-5.365236e-06	-1.901682e-09	-3.817441e+01	-1.294257e+02
1.400000e-07	-5.360132e-06	-1.789323e-09	-3.813809e+01	-1.294025e+02
1.500000e-07	-5.354781e-06	-1.997603e-09	-3.810002e+01	-1.293860e+02
1.600000e-07	-5.348972e-06	-2.108503e-09	-3.805869e+01	-1.293760e+02
1.700000e-07	-5.342660e-06	-1.884151e-09	-3.801377e+01	-1.293720e+02
1.800000e-07	-5.335945e-06	-1.760517e-09	-3.796600e+01	-1.293736e+02
1.900000e-07	-5.328977e-06	-1.956795e-09	-3.791642e+01	-1.293802e+02
2.000000e-07	-5.321766e-06	-2.092817e-09	-3.786511e+01	-1.293912e+02
2.100000e-07	-5.314263e-06	-1.924153e-09	-3.781173e+01	-1.294061e+02
2.200000e-07	-5.306487e-06	-1.906356e-09	-3.775640e+01	-1.294240e+02
2.300000e-07	-5.298432e-06	-2.068996e-09	-3.769909e+01	-1.294441e+02
2.400000e-07	-5.289883e-06	-2.081423e-09	-3.763826e+01	-1.294658e+02
2.500000e-07	-5.280751e-06	-1.922986e-09	-3.757329e+01	-1.294880e+02
2.600000e-07	-5.271113e-06	-2.000584e-09	-3.750471e+01	-1.295100e+02
2.700000e-07	-5.260823e-06	-2.106052e-09	-3.743150e+01	-1.295308e+02
2.800000e-07	-5.250012e-06	-1.995575e-09	-3.735457e+01	-1.295495e+02
2.900000e-07	-5.238909e-06	-1.910905e-09	-3.727558e+01	-1.295652e+02
3.000000e-07	-5.227459e-06	-2.066474e-09	-3.719411e+01	-1.295769e+02
3.100000e-07	-5.215434e-06	-2.073775e-09	-3.710854e+01	-1.295837e+02
3.200000e-07	-5.202969e-06	-1.923416e-09	-3.701985e+01	-1.295847e+02
3.300000e-07	-5.190147e-06	-1.945074e-09	-3.692863e+01	-1.295790e+02
3.400000e-07	-5.176906e-06	-2.069163e-09	-3.683441e+01	-1.295657e+02
3.500000e-07	-5.163328e-06	-2.010564e-09	-3.673780e+01	-1.295442e+02
3.600000e-07	-5.149397e-06	-1.965409e-09	-3.663868e+01	-1.295135e+02
3.700000e-07	-5.135000e-06	-2.021001e-09	-3.653625e+01	-1.294729e+02
3.800000e-07	-5.120139e-06	-2.000877e-09	-3.643051e+01	-1.294219e+02
3.900000e-07	-5.104814e-06	-1.945362e-09	-3.632147e+01	-1.293599e+02
4.000000e-07	-5.088831e-06	-1.993869e-09	-3.620775e+01	-1.292862e+02
4.100000e-07	-5.072331e-06	-1.995721e-09	-3.609034e+01	-1.292006e+02
4.200000e-07	-5.055559e-06	-1.922485e-09	-3.597102e+01	-1.291025e+02
4.300000e-07	-5.038451e-06	-1.968815e-09	-3.584928e+01	-1.289918e+02
4.400000e-07	-5.020982e-06	-2.035114e-09	-3.572500e+01	-1.288682e+02
4.500000e-07	-5.003228e-06	-1.985366e-09	-3.559867e+01	-1.287316e+02
4.600000e-07	-4.985203e-06	-1.928550e-09	-3.547042e+01	-1.285819e+02
4.700000e-07	-4.966801e-06	-1.970382e-09	-3.533949e+01	-1.284193e+02
4.800000e-07	-4.947982e-06	-1.973139e-09	-3.520559e+01	-1.282438e+02
4.900000e-07	-4.928832e-06	-1.949755e-09	-3.506933e+01	-1.280557e+02
5.000000e-07	-4.909346e-06	-1.928409e-09	-3.493069e+01	-1.278552e+02
5.100000e-07	-4.889561e-06	-1.931853e-09	-3.478991e+01	-1.276427e+02
5.200000e-07	-4.869571e-06	-1.947746e-09	-3.464768e+01	-1.274186e+02
5.300000e-07	-4.849379e-06	-1.975564e-09	-3.450401e+01	-1.271834e+02
5.400000e-07	-4.828857e-06	-1.932814e-09	-3.435800e+01	-1.269378e+02
5.500000e-07	-4.807983e-06	-1.907704e-09	-3.420947e+01	-1.266822e+02
5.600000e-07	-4.786803e-06	-1.934960e-09	-3.405878e+01	-1.264173e+02
5.700000e-07	-4.765342e-06	-1.952305e-09	-3.390608e+01	-1.261439e+02
5.800000e-07	-4.743616e-06	-1.912648e-09	-3.375150e+01	-1.258626e+02
5.900000e-07	-4.721568e-06	-1.898764e-09	-3.359462e+01	-1.255742e+02
6.000000e-07	-4.699127e-06	-1.905616e-09	-3.343495e+01	-1.252795e+02
6.100000e-07	-4.676372e-06	-1.921625e-09	-3.327304e+01	-1.249793e+02
6.200000e-07	-4.653276e-06	-1.919515e-09	-3.310871e+01	-1.246743e+02
6.300000e-07	-4.629852e-06	-1.895032e-09	-3.294205e+01	-1.243653e+02
6.400000e-07	-4.606184e-06	-1.880419e-09	-3.277364e+01	-1.240530e+02
6.500000e-07	-4.582303e-06	-1.912573e-09	-3.260373e+01	-1.237383e+02
6.600000e-07	-4.558196e-06	-1.925028e-09	-3.243220e+01	-1.234218e+02
6.700000e-07	-4.533733e-06	-1.889830e-09	-3.225815e+01	-1.231043e+02
6.800000e-07	-4.508897e-06	-1.870348e-09	-3.208143e+01	-1.227862e+02
6.900000e-07	-4.483605e-06	-1.886189e-09	-3.190148e+01	-1.224684e+02
7.000000e-07	-4.457735e-06	-1.892834e-09	-3.171741e+01	-1.221512e+02
7.100000e-07	-4.431353e-06	-1.872402e-09	-3.152970e+01	-1.218352e+02
7.200000e-07	-4.404543e-06	-1.859377e-09	-3.133894e+01	-1.215208e+02
7.300000e-07	-4.377369e-06	-1.869803e-09	-3.114560e+01	-1.212084e+02
7.400000e-07	-4.349928e-06	-1.893814e-09	-3.095035e+01	-1.208984e+02
7.500000e-07	-4.322276e-06	-1.884250e-09	-3.075360e+01	-1.205908e+02
7.600000e-07	-4.294395e-06	-1.856590e-09	-3.055522e+01	-1.202860e+02
7.700000e-07	-4.266288e-06	-1.845238e-09	-3.035524e+01	-1.199839e+02
7.800000e-07	-4.237966e-06	-1.858386e-09	-3.015373e+01	-1.196848e+02
7.900000e-07	-4.209379e-06	-1.852429e-09	-2.995032e+01	-1.193884e+02
8.000000e-07	-4.180499e-06	-1.836536e-09	-2.974484e+01	-1.190948e+02
8.100000e-07	-4.151281e-06	-1.826982e-09	-2.953695e+01	-1.188038e+02
8.200000e-07	-4.121780e-06	-1.840425e-09	-2.932704e+01	-1.185151e+02
8.300000e-07	-4.092001e-06	-1.844409e-09	-2.911516e+01	-1.182286e+02
8.400000e-07	-4.061875e-06	-1.830234e-09	-2.890081e+01	-1.179438e+02
8.500000e-07	-4.031541e-06	-1.809772e-09	-2.868498e+01	-1.176605e+02
8.600000e-07	-4.001015e-06	-1.814158e-09	-2.846778e+01	-1.173782e+02
8.700000e-07	-3.970164e-06	-1.821193e-09	-2.824828e+01	-1.170965e+02
8.800000e-07	-3.939033e-06	-1.812664e-09	-2.802677e+01	-1.168150e+02
8.900000e-07	-3.907654e-06	-1.792155e-09	-2.780351e+01	-1.165330e+02
9.000000e-07	-3.876115e-06	-1.789868e-09	-2.757910e+01	-1.162503e+02
9.100000e-07	-3.844440e-06	-1.795845e-09	-2.735373e+01	-1.159661e+02
9.200000e-07	-3.812500e-06	-1.793025e-09	-2.712647e+01	-1.156800e+02
9.300000e-07	-3.780335e-06	-1.777231e-09	-2.689761e+01	-1.153915e+02
9.400000e-07	-3.747932e-06	-1.773341e-09	-2.666706e+01	-1.151001e+02
9.500000e-07	-3.715238e-06	-1.780819e-09	-2.643444e+01	-1.148053e+02
9.600000e-07	-3.682153e-06	-1.779393e-09	-2.619904e+01	-1.145065e+02
9.700000e-07	-3.648592e-06	-1.761327e-09	-2.596024e+01	-1.142034e+02
9.800000e-07	-3.614607e-06	-1.745174e-09	-2.571844e+01	-1.138954e+02
9.900000e-07	-3.580199e-06	-1.744286e-09	-2.547362e+01	-1.135823e+02
1.000000e-06	-3.545343e-06	-1.745505e-09	-2.522561e+01	-1.132636e+02
1.010000e-06	-3.510218e-06	-1.741907e-09	-2.497569e+01	-1.129390e+02
1.020000e-06	-3.474874e-06	-1.736030e-09	-2.472422e+01	-1.126082e+02
1.030000e-06	-3.439224e-06	-1.739457e-09	-2.447056e+01	-1.122710e+02
1.040000e-06	-3.403408e-06	-1.740256e-09	-2.421573e+01	-1.119272e+02
1.050000e-06	-3.367469e-06	-1.729203e-09	-2.396002e+01	-1.115767e+02
1.060000e-06	-3.331359e-06	-1.708842e-09	-2.370309e+01	-1.112193e+02
1.070000e-06	-3.295077e-06	-1.697141e-09	-2.344494e+01	-1.108551e+02
1.080000e-06	-3.258632e-06	-1.693068e-09	-2.318563e+01	-1.104839e+02
1.090000e-06	-3.221946e-06	-1.692435e-09	-2.292460e+01	-1.101059e+02
1.100000e-06	-3.185043e-06	-1.687438e-09	-2.266203e+01	-1.097210e+02
1.110000e-06	-3.148024e-06	-1.687671e-09	-2.239863e+01	-1.093295e+02
1.120000e-06	-3.110817e-06	-1.686445e-09	-2.213390e+01	-1.089314e+02
1.130000e-06	-3.073357e-06	-1.678770e-09	-2.186736e+01	-1.085270e+02
1.140000e-06	-3.035632e-06	-1.660811e-09	-2.159895e+01	-1.081165e+02
1.150000e-06	-2.997688e-06	-1.646832e-09	-2.132897e+01	-1.077001e+02
1.160000e-06	-2.959522e-06	-1.641950e-09	-2.105741e+01	-1.072780e+02
1.170000e-06	-2.921120e-06	-1.643303e-09	-2.078418e+01	-1.068505e+02
1.180000e-06	-2.882540e-06	-1.638376e-09	-2.050968e+01	-1.064180e+02
1.190000e-06	-2.843735e-06	-1.629878e-09	-2.023357e+01	-1.059807e+02
1.200000e-06	-2.804698e-06	-1.624918e-09	-1.995582e+01	-1.055388e+02
1.210000e-06	-2.765481e-06	-1.624920e-09	-1.967678e+01	-1.050927e+02
1.220000e-06	-2.726125e-06	-1.618315e-09	-1.939676e+01	-1.046426e+02
1.230000e-06	-2.686576e-06	-1.604948e-09	-1.911537e+01	-1.041888e+02
1.240000e-06	-2.646787e-06	-1.593601e-09	-1.883226e+01	-1.037315e+02
1.250000e-06	-2.606887e-06	-1.588471e-09	-1.854837e+01	-1.032710e+02
1.260000e-06	-2.566882e-06	-1.586320e-09	-1.826372e+01	-1.028074e+02
1.270000e-06	-2.526767e-06	-1.579831e-09	-1.797830e+01	-1.023409e+02
1.280000e-06	-2.486594e-06	-1.576046e-09	-1.769246e+01	-1.018716e+02
1.290000e-06	-2.446359e-06	-1.574738e-09	-1.740619e+01	-1.013996e+02
1.300000e-06	-2.406026e-06	-1.570808e-09	-1.711921e+01	-1.009250e+02
1.310000e-06	-2.365544e-06	-1.560560e-09	-1.683118e+01	-1.004478e+02
1.320000e-06	-2.324887e-06	-1.547999e-09	-1.654190e+01	-9.996786e+01
1.330000e-06	-2.283947e-06	-1.537624e-09	-1.625060e+01	-9.948523e+01
1.340000e-06	-2.242761e-06	-1.532165e-09	-1.595756e+01	-9.899975e+01
1.350000e-06	-2.201270e-06	-1.528997e-09	-1.566235e+01	-9.851127e+01
1.360000e-06	-2.159410e-06	-1.525459e-09	-1.536451e+01	-9.801959e+01
1.370000e-06	-2.117313e-06	-1.517555e-09	-1.506498e+01	-9.752449e+01
1.380000e-06	-2.075038e-06	-1.508506e-09	-1.476419e+01	-9.702568e+01
1.390000e-06	-2.032530e-06	-1.498244e-09	-1.446174e+01	-9.652286e+01
1.400000e-06	-1.989745e-06	-1.487976e-09	-1.415731e+01	-9.601568e+01
1.410000e-06	-1.946743e-06	-1.476618e-09	-1.385135e+01	-9.550377e+01
1.420000e-06	-1.903559e-06	-1.466700e-09	-1.354409e+01	-9.498673e+01
1.430000e-06	-1.860241e-06	-1.460944e-09	-1.323588e+01	-9.446414e+01
1.440000e-06	-1.816798e-06	-1.457223e-09	-1.292677e+01	-9.393554e+01
1.450000e-06	-1.773236e-06	-1.450820e-09	-1.261682e+01	-9.340048e+01
1.460000e-06	-1.729540e-06	-1.442356e-09	-1.230592e+01	-9.285849e+01
1.470000e-06	-1.685686e-06	-1.435684e-09	-1.199389e+01	-9.230907e+01
1.480000e-06	-1.641758e-06	-1.429404e-09	-1.168134e+01	-9.175174e+01
1.490000e-06	-1.597799e-06	-1.421006e-09	-1.136856e+01	-9.118601e+01
1.500000e-06	-1.553815e-06	-1.411597e-09	-1.105561e+01	-9.061138e+01
1.510000e-06	-1.509787e-06	-1.401687e-09	-1.074235e+01	-9.002738e+01
1.520000e-06	-1.465662e-06	-1.392330e-09	-1.042839e+01	-8.943352e+01
1.530000e-06	-1.421468e-06	-1.379779e-09	-1.011394e+01	-8.882935e+01
1.540000e-06	-1.377217e-06	-1.364744e-09	-9.799094e+00	-8.821441e+01
1.550000e-06	-1.332905e-06	-1.351212e-09	-9.483808e+00	-8.758827e+01
1.560000e-06	-1.288493e-06	-1.342955e-09	-9.167812e+00	-8.695050e+01
1.570000e-06	-1.243975e-06	-1.337551e-09	-8.851054e+00	-8.630072e+01
1.580000e-06	-1.199373e-06	-1.328634e-09	-8.533704e+00	-8.563853e+01
1.590000e-06	-1.154646e-06	-1.315217e-09	-8.215471e+00	-8.496359e+01
1.600000e-06	-1.109897e-06	-1.298619e-09	-7.897072e+00	-8.427554e+01
1.610000e-06	-1.065072e-06	-1.282182e-09	-7.578135e+00	-8.357407e+01
1.620000e-06	-1.020074e-06	-1.265470e-09	-7.257968e+00	-8.285888e+01
1.630000e-06	-9.750285e-07	-1.252066e-09	-6.937465e+00	-8.212968e+01
1.640000e-06	-9.299103e-07	-1.244987e-09	-6.616442e+00	-8.138620e+01
1.650000e-06	-8.846918e-07	-1.240826e-09	-6.294706e+00	-8.062818e+01
1.660000e-06	-8.394154e-07	-1.233793e-09	-5.972558e+00	-7.985537e+01
1.670000e-06	-7.940762e-07	-1.219010e-09	-5.649963e+00	-7.906753e+01
1.680000e-06	-7.487154e-07	-1.199699e-09	-5.327215e+00	-7.826441e+01
1.690000e-06	-7.033596e-07	-1.179806e-09	-5.004502e+00	-7.744579e+01
1.700000e-06	-6.580000e-07	-1.161147e-09	-4.681762e+00	-7.661141e+01
1.710000e-06	-6.125220e-07	-1.145244e-09	-4.358180e+00	-7.576102e+01
1.720000e-06	-5.669157e-07	-1.135279e-09	-4.033685e+00	-7.489436e+01
1.730000e-06	-5.213455e-07	-1.131408e-09	-3.709447e+00	-7.401116e+01
1.740000e-06	-4.757951e-07	-1.122974e-09	-3.385349e+00	-7.311111e+01
1.750000e-06	-4.301783e-07	-1.108449e-09	-3.060779e+00	-7.219389e+01
1.760000e-06	-3.844739e-07	-1.089189e-09	-2.735586e+00	-7.125916e+01
1.770000e-06	-3.386917e-07	-1.069895e-09	-2.409839e+00	-7.030653e+01
1.780000e-06	-2.929174e-07	-1.052445e-09	-2.084148e+00	-6.933560e+01
1.790000e-06	-2.472544e-07	-1.036568e-09	-1.759250e+00	-6.834592e+01
1.800000e-06	-2.016170e-07	-1.022161e-09	-1.434534e+00	-6.733700e+01
1.810000e-06	-1.558313e-07	-1.008250e-09	-1.108762e+00	-6.630832e+01
1.820000e-06	-1.099645e-07	-9.945643e-10	-7.824129e-01	-6.525932e+01
1.830000e-06	-6.414225e-08	-9.788687e-10	-4.563811e-01	-6.418939e+01
1.840000e-06	-1.838264e-08	-9.628109e-10	-1.307950e-01	-6.309789e+01
1.850000e-06	2.728392e-08	-9.468896e-10	1.941289e-01	-6.198412e+01
1.860000e-06	7.299436e-08	-9.300009e-10	5.193651e-01	-6.084737e+01
1.870000e-06	1.188124e-07	-9.128161e-10	8.453669e-01	-5.968686e+01
1.880000e-06	1.645602e-07	-8.973916e-10	1.170869e+00	-5.850181e+01
1.890000e-06	2.102880e-07	-8.820810e-10	1.496229e+00	-5.729139e+01
1.900000e-06	2.560375e-07	-8.611823e-10	1.821743e+00	-5.605474e+01
1.910000e-06	3.017069e-07	-8.344448e-10	2.146687e+00	-5.479098e+01
1.920000e-06	3.473266e-07	-8.083566e-10	2.471277e+00	-5.349923e+01
1.930000e-06	3.929362e-07	-7.860650e-10	2.795796e+00	-5.217858e+01
1.940000e-06	4.385275e-07	-7.659621e-10	3.120185e+00	-5.082812e+01
1.950000e-06	4.841267e-07	-7.453610e-10	3.444630e+00	-4.944694e+01
1.960000e-06	5.297505e-07	-7.245679e-10	3.769250e+00	-4.803416e+01
1.970000e-06	5.753700e-07	-7.034549e-10	4.093839e+00	-4.658889e+01
1.980000e-06	6.208746e-07	-6.808424e-10	4.417610e+00	-4.511028e+01
1.990000e-06	6.662958e-07	-6.535489e-10	4.740788e+00	-4.359752e+01
2.000000e-06	7.116703e-07	-6.228952e-10	5.063634e+00	-4.204983e+01
2.010000e-06	7.569811e-07	-5.961870e-10	5.386027e+00	-4.046649e+01
2.020000e-06	8.022212e-07	-5.759588e-10	5.707916e+00	-3.884684e+01
2.030000e-06	8.473105e-07	-5.537556e-10	6.028734e+00	-3.719029e+01
2.040000e-06	8.922897e-07	-5.244475e-10	6.348767e+00	-3.549632e+01
2.050000e-06	9.373183e-07	-4.943675e-10	6.669152e+00	-3.376451e+01
2.060000e-06	9.823197e-07	-4.693273e-10	6.989342e+00	-3.199452e+01
2.070000e-06	1.027216e-06	-4.435624e-10	7.308785e+00	-3.018612e+01
2.080000e-06	1.072025e-06	-4.106589e-10	7.627608e+00	-2.833919e+01
2.090000e-06	1.116730e-06	-3.771209e-10	7.945688e+00	-2.645371e+01
2.100000e-06	1.161334e-06	-3.504452e-10	8.263055e+00	-2.452980e+01
2.110000e-06	1.205876e-06	-3.270071e-10	8.579977e+00	-2.256769e+01
2.120000e-06	1.250372e-06	-2.981126e-10	8.896571e+00	-2.056776e+01
2.130000e-06	1.294724e-06	-2.649711e-10	9.212140e+00	-1.853050e+01
2.140000e-06	1.338994e-06	-2.348718e-10	9.527131e+00	-1.645657e+01
2.150000e-06	1.383223e-06	-2.071820e-10	9.841824e+00	-1.434673e+01
2.160000e-06	1.427401e-06	-1.754042e-10	1.015616e+01	-1.220190e+01
2.170000e-06	1.471506e-06	-1.381425e-10	1.046997e+01	-1.002316e+01
2.180000e-06	1.515559e-06	-1.026986e-10	1.078341e+01	-7.811683e+00
2.190000e-06	1.559557e-06	-7.207292e-11	1.109647e+01	-5.568819e+00
2.200000e-06	1.603482e-06	-4.086293e-11	1.140900e+01	-3.296036e+00
2.210000e-06	1.647394e-06	-6.994321e-12	1.172144e+01	-9.949348e-01
2.220000e-06	1.691266e-06	2.691002e-11	1.203359e+01	1.332757e+00
2.230000e-06	1.735016e-06	6.036339e-11	1.234488e+01	3.685192e+00
2.240000e-06	1.778624e-06	9.705847e-11	1.265516e+01	6.060409e+00
2.250000e-06	1.822194e-06	1.381706e-10	1.296517e+01	8.456338e+00
2.260000e-06	1.865640e-06	1.798478e-10	1.327429e+01	1.087081e+01
2.270000e-06	1.908876e-06	2.177428e-10	1.358192e+01	1.330157e+01
2.280000e-06	1.952024e-06	2.540180e-10	1.388892e+01	1.574628e+01
2.290000e-06	1.994983e-06	2.912327e-10	1.419458e+01	1.820253e+01
2.300000e-06	2.037689e-06	3.265751e-10	1.449845e+01	2.066785e+01
2.310000e-06	2.080293e-06	3.577717e-10	1.480158e+01	2.313972e+01
2.320000e-06	2.122629e-06	3.907996e-10	1.510280e+01	2.561559e+01
2.330000e-06	2.164551e-06	4.301181e-10	1.540108e+01	2.809286e+01
2.340000e-06	2.206203e-06	4.699597e-10	1.569745e+01	3.056893e+01
2.350000e-06	2.247563e-06	5.052680e-10	1.599173e+01	3.304120e+01
2.360000e-06	2.288585e-06	5.383992e-10	1.628360e+01	3.550707e+01
2.370000e-06	2.329415e-06	5.756842e-10	1.657411e+01	3.796397e+01
2.380000e-06	2.370062e-06	6.160728e-10	1.686333e+01	4.040933e+01
2.390000e-06	2.410493e-06	6.512120e-10	1.715100e+01	4.284064e+01
2.400000e-06	2.450776e-06	6.816054e-10	1.743762e+01	4.525546e+01
2.410000e-06	2.490904e-06	7.158311e-10	1.772313e+01	4.765137e+01
2.420000e-06	2.530960e-06	7.564525e-10	1.800813e+01	5.002605e+01
2.430000e-06	2.570986e-06	7.971967e-10	1.829293e+01	5.237726e+01
2.440000e-06	2.610940e-06	8.335009e-10	1.857721e+01	5.470282e+01
2.450000e-06	2.650780e-06	8.690455e-10	1.886067e+01	5.700067e+01
2.460000e-06	2.690445e-06	9.074905e-10	1.914289e+01	5.926885e+01
2.470000e-06	2.729912e-06	9.429782e-10	1.942371e+01	6.150551e+01
2.480000e-06	2.769183e-06	9.707345e-10	1.970313e+01	6.370889e+01
2.490000e-06	2.808203e-06	9.957422e-10	1.998076e+01	6.587737e+01
2.500000e-06	2.847004e-06	1.026426e-09	2.025684e+01	6.800945e+01
2.510000e-06	2.885596e-06	1.061618e-09	2.053142e+01	7.010375e+01
2.520000e-06	2.924080e-06	1.095509e-09	2.080524e+01	7.215902e+01
2.530000e-06	2.962501e-06	1.129781e-09	2.107861e+01	7.417414e+01
2.540000e-06	3.000625e-06	1.165416e-09	2.134987e+01	7.614810e+01
2.550000e-06	3.038425e-06	1.197803e-09	2.161882e+01	7.808004e+01
2.560000e-06	3.075986e-06	1.222934e-09	2.188607e+01	7.996921e+01
2.570000e-06	3.113399e-06	1.243112e-09	2.215227e+01	8.181501e+01
2.580000e-06	3.150615e-06	1.264124e-09	2.241707e+01	8.361692e+01
2.590000e-06	3.187556e-06	1.289349e-09	2.267991e+01	8.537457e+01
2.600000e-06	3.224301e-06	1.316819e-09	2.294136e+01	8.708771e+01
2.610000e-06	3.260824e-06	1.345272e-09	2.320122e+01	8.875618e+01
2.620000e-06	3.297119e-06	1.374212e-09	2.345946e+01	9.037994e+01
2.630000e-06	3.333236e-06	1.400420e-09	2.371644e+01	9.195903e+01
2.640000e-06	3.369235e-06	1.421438e-09	2.397258e+01	9.349362e+01
2.650000e-06	3.405121e-06	1.438380e-09	2.422791e+01	9.498394e+01
2.660000e-06	3.440870e-06	1.453330e-09	2.448228e+01	9.643033e+01
2.670000e-06	3.476523e-06	1.469390e-09	2.473595e+01	9.783318e+01
2.680000e-06	3.512005e-06	1.488447e-09	2.498841e+01	9.919297e+01
2.690000e-06	3.547184e-06	1.508779e-09	2.523871e+01	1.005102e+02
2.700000e-06	3.581876e-06	1.531176e-09	2.548555e+01	1.017856e+02
2.710000e-06	3.616055e-06	1.555815e-09	2.572874e+01	1.030197e+02
2.720000e-06	3.649789e-06	1.575478e-09	2.596876e+01	1.042132e+02
2.730000e-06	3.683109e-06	1.588764e-09	2.620583e+01	1.053669e+02
2.740000e-06	3.716010e-06	1.601110e-09	2.643993e+01	1.064815e+02
2.750000e-06	3.748541e-06	1.616368e-09	2.667139e+01	1.075580e+02
2.760000e-06	3.780822e-06	1.632784e-09	2.690108e+01	1.085970e+02
2.770000e-06	3.812904e-06	1.648236e-09	2.712935e+01	1.095995e+02
2.780000e-06	3.844820e-06	1.665926e-09	2.735644e+01	1.105663e+02
2.790000e-06	3.876588e-06	1.684949e-09	2.758247e+01	1.114984e+02
2.800000e-06	3.908219e-06	1.698223e-09	2.780753e+01	1.123965e+02
2.810000e-06	3.939613e-06	1.703866e-09	2.803090e+01	1.132617e+02
2.820000e-06	3.970692e-06	1.708204e-09	2.825203e+01	1.140949e+02
2.830000e-06	4.001430e-06	1.718528e-09	2.847074e+01	1.148968e+02
2.840000e-06	4.031893e-06	1.734120e-09	2.868749e+01	1.156685e+02
2.850000e-06	4.062064e-06	1.749072e-09	2.890216e+01	1.164108e+02
2.860000e-06	4.091925e-06	1.762419e-09	2.911462e+01	1.171246e+02
2.870000e-06	4.121583e-06	1.775427e-09	2.932564e+01	1.178109e+02
2.880000e-06	4.151119e-06	1.785486e-09	2.953579e+01	1.184704e+02
2.890000e-06	4.180397e-06	1.788185e-09	2.974411e+01	1.191040e+02
2.900000e-06	4.209253e-06	1.788456e-09	2.994943e+01	1.197127e+02
2.910000e-06	4.237827e-06	1.795432e-09	3.015273e+01	1.202973e+02
2.920000e-06	4.266230e-06	1.811825e-09	3.035483e+01	1.208585e+02
2.930000e-06	4.294419e-06	1.828413e-09	3.055539e+01	1.213973e+02
2.940000e-06	4.322382e-06	1.836308e-09	3.075436e+01	1.219143e+02
2.950000e-06	4.350126e-06	1.839704e-09	3.095176e+01	1.224105e+02
2.960000e-06	4.377719e-06	1.843920e-09	3.114808e+01	1.228867e+02
2.970000e-06	4.405012e-06	1.846614e-09	3.134228e+01	1.233435e+02
2.980000e-06	4.431739e-06	1.844235e-09	3.153245e+01	1.237818e+02
2.990000e-06	4.457847e-06	1.843682e-09	3.171821e+01	1.242022e+02
3.000000e-06	4.483430e-06	1.853968e-09	3.190024e+01	1.246057e+02
3.010000e-06	4.508495e-06	1.870324e-09	3.207857e+01	1.249928e+02
3.020000e-06	4.533142e-06	1.883482e-09	3.225394e+01	1.253643e+02
3.030000e-06	4.557593e-06	1.890783e-09	3.242792e+01	1.257208e+02
3.040000e-06	4.581752e-06	1.897349e-09	3.259981e+01	1.260631e+02
3.050000e-06	4.605625e-06	1.903856e-09	3.276967e+01	1.263918e+02
3.060000e-06	4.629295e-06	1.903604e-09	3.293809e+01	1.267075e+02
3.070000e-06	4.652690e-06	1.898790e-09	3.310455e+01	1.270109e+02
3.080000e-06	4.675831e-06	1.899405e-09	3.326920e+01	1.273026e+02
3.090000e-06	4.698676e-06	1.906839e-09	3.343174e+01	1.275831e+02
3.100000e-06	4.721116e-06	1.914947e-09	3.359140e+01	1.278530e+02
3.110000e-06	4.743246e-06	1.920875e-09	3.374886e+01	1.281128e+02
3.120000e-06	4.765059e-06	1.927248e-09	3.390406e+01	1.283630e+02
3.130000e-06	4.786450e-06	1.934816e-09	3.405626e+01	1.286041e+02
3.140000e-06	4.807486e-06	1.940816e-09	3.420594e+01	1.288366e+02
3.150000e-06	4.828286e-06	1.943585e-09	3.435393e+01	1.290607e+02
3.160000e-06	4.848803e-06	1.944523e-09	3.449992e+01	1.292770e+02
3.170000e-06	4.869008e-06	1.945392e-09	3.464368e+01	1.294858e+02
3.180000e-06	4.889012e-06	1.946483e-09	3.478601e+01	1.296873e+02
3.190000e-06	4.908836e-06	1.946664e-09	3.492706e+01	1.298818e+02
3.200000e-06	4.928355e-06	1.948109e-09	3.506594e+01	1.300696e+02
3.210000e-06	4.947518e-06	1.955923e-09	3.520229e+01	1.302509e+02
3.220000e-06	4.966353e-06	1.965685e-09	3.533630e+01	1.304257e+02
3.230000e-06	4.984805e-06	1.971751e-09	3.546759e+01	1.305943e+02
3.240000e-06	5.002810e-06	1.972221e-09	3.559570e+01	1.307567e+02
3.250000e-06	5.020421e-06	1.969323e-09	3.572100e+01	1.309130e+02
3.260000e-06	5.037627e-06	1.966856e-09	3.584342e+01	1.310631e+02
3.270000e-06	5.054496e-06	1.964006e-09	3.596345e+01	1.312071e+02
3.280000e-06	5.071123e-06	1.962197e-09	3.608175e+01	1.313449e+02
3.290000e-06	5.087410e-06	1.965992e-09	3.619764e+01	1.314764e+02
3.300000e-06	5.103147e-06	1.974012e-09	3.630961e+01	1.316015e+02
3.310000e-06	5.118327e-06	1.981620e-09	3.641761e+01	1.317201e+02
3.320000e-06	5.133094e-06	1.986703e-09	3.652268e+01	1.318320e+02
3.330000e-06	5.147424e-06	1.988750e-09	3.662465e+01	1.319370e+02
3.340000e-06	5.161382e-06	1.986919e-09	3.672396e+01	1.320350e+02
3.350000e-06	5.175096e-06	1.982486e-09	3.682154e+01	1.321257e+02
3.360000e-06	5.188522e-06	1.978378e-09	3.691706e+01	1.322090e+02
3.370000e-06	5.201590e-06	1.975364e-09	3.701004e+01	1.322847e+02
3.380000e-06	5.214246e-06	1.974862e-09	3.710009e+01	1.323524e+02
3.390000e-06	5.226421e-06	1.978302e-09	3.718672e+01	1.324121e+02
3.400000e-06	5.238220e-06	1.984345e-09	3.727067e+01	1.324636e+02
3.410000e-06	5.249692e-06	1.990609e-09	3.735230e+01	1.325067e+02
3.420000e-06	5.260741e-06	1.994698e-09	3.743091e+01	1.325412e+02
3.430000e-06	5.271254e-06	1.993223e-09	3.750571e+01	1.325670e+02
3.440000e-06	5.281241e-06	1.986322e-09	3.757677e+01	1.325841e+02
3.450000e-06	5.290697e-06	1.979010e-09	3.764405e+01	1.325923e+02
3.460000e-06	5.299597e-06	1.974674e-09	3.770738e+01	1.325916e+02
3.470000e-06	5.308027e-06	1.974939e-09	3.776736e+01	1.325821e+02
3.480000e-06	5.316088e-06	1.980086e-09	3.782471e+01	1.325638e+02
3.490000e-06	5.323853e-06	1.988250e-09	3.787997e+01	1.325369e+02
3.500000e-06	5.331359e-06	1.995405e-09	3.793337e+01	1.325013e+02
3.510000e-06	5.338575e-06	1.998435e-09	3.798471e+01	1.324575e+02
3.520000e-06	5.345461e-06	1.996876e-09	3.803371e+01	1.324055e+02
3.530000e-06	5.352008e-06	1.992449e-09	3.808029e+01	1.323457e+02
3.540000e-06	5.358167e-06	1.988431e-09	3.812411e+01	1.322784e+02
3.550000e-06	5.363932e-06	1.985476e-09	3.816513e+01	1.322041e+02
3.560000e-06	5.369306e-06	1.983576e-09	3.820336e+01	1.321232e+02
3.570000e-06	5.374251e-06	1.984849e-09	3.823855e+01	1.320361e+02
3.580000e-06	5.378816e-06	1.988445e-09	3.827103e+01	1.319434e+02
3.590000e-06	5.383108e-06	1.990563e-09	3.830157e+01	1.318456e+02
3.600000e-06	5.387184e-06	1.990478e-09	3.833057e+01	1.317435e+02
3.610000e-06	5.390993e-06	1.990378e-09	3.835767e+01	1.316375e+02
3.620000e-06	5.394448e-06	1.991211e-09	3.838225e+01	1.315284e+02
3.630000e-06	5.397548e-06	1.990266e-09	3.840432e+01	1.314169e+02
3.640000e-06	5.400141e-06	1.987182e-09	3.842276e+01	1.313037e+02
3.650000e-06	5.402174e-06	1.984772e-09	3.843723e+01	1.311895e+02
3.660000e-06	5.403693e-06	1.985040e-09	3.844803e+01	1.310750e+02
3.670000e-06	5.404618e-06	1.986195e-09	3.845462e+01	1.309610e+02
3.680000e-06	5.405138e-06	1.988034e-09	3.845832e+01	1.308482e+02
3.690000e-06	5.405375e-06	1.990213e-09	3.846000e+01	1.307373e+02
3.700000e-06	5.405256e-06	1.991771e-09	3.845915e+01	1.306290e+02
3.710000e-06	5.404792e-06	1.993087e-09	3.845585e+01	1.305240e+02
3.720000e-06	5.403998e-06	1.988602e-09	3.845020e+01	1.304228e+02
3.730000e-06	5.402913e-06	1.979004e-09	3.844248e+01	1.303262e+02
3.740000e-06	5.401542e-06	1.970804e-09	3.843273e+01	1.302346e+02
3.750000e-06	5.399808e-06	1.967053e-09	3.842039e+01	1.301485e+02
3.760000e-06	5.397758e-06	1.947696e-09	3.840581e+01	1.300684e+02
3.770000e-06	5.395412e-06	1.896834e-09	3.838912e+01	1.299946e+02
3.780000e-06	5.392618e-06	1.940625e-09	3.836923e+01	1.299275e+02
3.790000e-06	5.389420e-06	2.080452e-09	3.834648e+01	1.298674e+02
3.800000e-06	5.385814e-06	2.001993e-09	3.832082e+01	1.298143e+02
3.810000e-06	5.381873e-06	1.846835e-09	3.829278e+01	1.297684e+02
3.820000e-06	5.377820e-06	1.881442e-09	3.826395e+01	1.297297e+02
3.830000e-06	5.373411e-06	2.032098e-09	3.823257e+01	1.296982e+02
3.840000e-06	5.368397e-06	1.981154e-09	3.819690e+01	1.296736e+02
3.850000e-06	5.362983e-06	1.741879e-09	3.815838e+01	1.296558e+02
3.860000e-06	5.357214e-06	1.855921e-09	3.811733e+01	1.296446e+02
3.870000e-06	5.350870e-06	2.117263e-09	3.807219e+01	1.296394e+02
3.880000e-06	5.344079e-06	2.038067e-09	3.802387e+01	1.296399e+02
3.890000e-06	5.336918e-06	1.751380e-09	3.797292e+01	1.296455e+02
3.900000e-06	5.329333e-06	1.866142e-09	3.791895e+01	1.296557e+02
3.910000e-06	5.321314e-06	2.104481e-09	3.786190e+01	1.296697e+02
3.920000e-06	5.312911e-06	1.903129e-09	3.780211e+01	1.296870e+02
3.930000e-06	5.304208e-06	1.678808e-09	3.774018e+01	1.297066e+02
3.940000e-06	5.295217e-06	1.929235e-09	3.767621e+01	1.297279e+02
3.950000e-06	5.285792e-06	2.154755e-09	3.760915e+01	1.297499e+02
3.960000e-06	5.275955e-06	1.886588e-09	3.753916e+01	1.297718e+02
3.970000e-06	5.265799e-06	1.765540e-09	3.746690e+01	1.297927e+02
3.980000e-06	5.255243e-06	2.060017e-09	3.739180e+01	1.298116e+02
3.990000e-06	5.244309e-06	2.125716e-09	3.731400e+01	1.298277e+02
4.000000e-06	5.233031e-06	1.853465e-09	3.723375e+01	1.298399e+02
4.010000e-06	5.221403e-06	1.923971e-09	3.715101e+01	1.298474e+02
4.020000e-06	5.209327e-06	2.185266e-09	3.706509e+01	1.298492e+02
4.030000e-06	5.196937e-06	2.058667e-09	3.697694e+01	1.298445e+02
4.040000e-06	5.184109e-06	1.838971e-09	3.688567e+01	1.298324e+02
4.050000e-06	5.170602e-06	1.999068e-09	3.678956e+01	1.298120e+02
4.060000e-06	5.156561e-06	2.082426e-09	3.668965e+01	1.297827e+02
4.070000e-06	5.141972e-06	1.928928e-09	3.658586e+01	1.297437e+02
4.080000e-06	5.126888e-06	1.933372e-09	3.647853e+01	1.296943e+02
4.090000e-06	5.111434e-06	2.060420e-09	3.636857e+01	1.296339e+02
4.100000e-06	5.095591e-06	1.992180e-09	3.625584e+01	1.295620e+02
4.110000e-06	5.079490e-06	1.953120e-09	3.614129e+01	1.294782e+02
4.120000e-06	5.063154e-06	2.023785e-09	3.602505e+01	1.293821e+02
4.130000e-06	5.046490e-06	1.955854e-09	3.590648e+01	1.292733e+02
4.140000e-06	5.029427e-06	1.870768e-09	3.578508e+01	1.291516e+02
4.150000e-06	5.011965e-06	1.965477e-09	3.566084e+01	1.290170e+02
4.160000e-06	4.994211e-06	2.010907e-09	3.553451e+01	1.288693e+02
4.170000e-06	4.976190e-06	1.929877e-09	3.540629e+01	1.287087e+02
4.180000e-06	4.957805e-06	1.943971e-09	3.527548e+01	1.285351e+02
4.190000e-06	4.939033e-06	1.991680e-09	3.514192e+01	1.283489e+02
4.200000e-06	4.919926e-06	1.969516e-09	3.500597e+01	1.281502e+02
4.210000e-06	4.900522e-06	1.936218e-09	3.486790e+01	1.279395e+02
4.220000e-06	4.880844e-06	1.922333e-09	3.472789e+01	1.277171e+02
4.230000e-06	4.860897e-06	1.910303e-09	3.458596e+01	1.274836e+02
4.240000e-06	4.840689e-06	1.954131e-09	3.444218e+01	1.272394e+02
4.250000e-06	4.820237e-06	1.955077e-09	3.429666e+01	1.269853e+02
4.260000e-06	4.799468e-06	1.910995e-09	3.414889e+01	1.267217e+02
4.270000e-06	4.778279e-06	1.921538e-09	3.399813e+01	1.264495e+02
4.280000e-06	4.756592e-06	1.956749e-09	3.384382e+01	1.261692e+02
4.290000e-06	4.734292e-06	1.917499e-09	3.368515e+01	1.258818e+02
4.300000e-06	4.711412e-06	1.895882e-09	3.352236e+01	1.255879e+02
4.310000e-06	4.688083e-06	1.896815e-09	3.335637e+01	1.252884e+02
4.320000e-06	4.664457e-06	1.892553e-09	3.318827e+01	1.249839e+02
4.330000e-06	4.640591e-06	1.898129e-09	3.301846e+01	1.246753e+02
4.340000e-06	4.616455e-06	1.897640e-09	3.284673e+01	1.243634e+02
4.350000e-06	4.592029e-06	1.855621e-09	3.267293e+01	1.240488e+02
4.360000e-06	4.567353e-06	1.865132e-09	3.249736e+01	1.237324e+02
4.370000e-06	4.542411e-06	1.899474e-09	3.231989e+01	1.234148e+02
4.380000e-06	4.517136e-06	1.879292e-09	3.214005e+01	1.230966e+02
4.390000e-06	4.491566e-06	1.845761e-09	3.195812e+01	1.227784e+02
4.400000e-06	4.465724e-06	1.857556e-09	3.177425e+01	1.224609e+02
4.410000e-06	4.439563e-06	1.866834e-09	3.158811e+01	1.221445e+02
4.420000e-06	4.413071e-06	1.850586e-09	3.139962e+01	1.218297e+02
4.430000e-06	4.386278e-06	1.824775e-09	3.120898e+01	1.215167e+02
4.440000e-06	4.359171e-06	1.813191e-09	3.101612e+01	1.212060e+02
4.450000e-06	4.331779e-06	1.829582e-09	3.082121e+01	1.208979e+02
4.460000e-06	4.304179e-06	1.839405e-09	3.062484e+01	1.205924e+02
4.470000e-06	4.276379e-06	1.821443e-09	3.042703e+01	1.202897e+02
4.480000e-06	4.248344e-06	1.808366e-09	3.022757e+01	1.199898e+02
4.490000e-06	4.220065e-06	1.819012e-09	3.002635e+01	1.196928e+02
4.500000e-06	4.191522e-06	1.818741e-09	2.982327e+01	1.193986e+02
4.510000e-06	4.162646e-06	1.807102e-09	2.961781e+01	1.191069e+02
4.520000e-06	4.133357e-06	1.792281e-09	2.940942e+01	1.188177e+02
4.530000e-06	4.103556e-06	1.793847e-09	2.919738e+01	1.185306e+02
4.540000e-06	4.073200e-06	1.804059e-09	2.898139e+01	1.182454e+02
4.550000e-06	4.042429e-06	1.806964e-09	2.876245e+01	1.179617e+02
4.560000e-06	4.011303e-06	1.789577e-09	2.854098e+01	1.176791e+02
4.570000e-06	3.979889e-06	1.782160e-09	2.831747e+01	1.173971e+02
4.580000e-06	3.948203e-06	1.786800e-09	2.809202e+01	1.171154e+02
4.590000e-06	3.916254e-06	1.788214e-09	2.786470e+01	1.168334e+02
4.600000e-06	3.884103e-06	1.770515e-09	2.763594e+01	1.165506e+02
4.610000e-06	3.851750e-06	1.760135e-09	2.740574e+01	1.162665e+02
4.620000e-06	3.819170e-06	1.764825e-09	2.717393e+01	1.159806e+02
4.630000e-06	3.786395e-06	1.769489e-09	2.694073e+01	1.156923e+02
4.640000e-06	3.753405e-06	1.750646e-09	2.670600e+01	1.154013e+02
4.650000e-06	3.720210e-06	1.733576e-09	2.646982e+01	1.151068e+02
4.660000e-06	3.686751e-06	1.734103e-09	2.623175e+01	1.148085e+02
4.670000e-06	3.652957e-06	1.739832e-09	2.599131e+01	1.145060e+02
4.680000e-06	3.618891e-06	1.729809e-09	2.574892e+01	1.141987e+02
4.690000e-06	3.584610e-06	1.714432e-09	2.550501e+01	1.138862e+02
4.700000e-06	3.550099e-06	1.709708e-09	2.525945e+01	1.135683e+02
4.710000e-06	3.515298e-06	1.712188e-09	2.501184e+01	1.132445e+02
4.720000e-06	3.480246e-06	1.708541e-09	2.476244e+01	1.129146e+02
4.730000e-06	3.444961e-06	1.699351e-09	2.451138e+01	1.125783e+02
4.740000e-06	3.409499e-06	1.697504e-09	2.425906e+01	1.122354e+02
4.750000e-06	3.373849e-06	1.701957e-09	2.400541e+01	1.118858e+02
4.760000e-06	3.337986e-06	1.699968e-09	2.375024e+01	1.115294e+02
4.770000e-06	3.301972e-06	1.685426e-09	2.349399e+01	1.111661e+02
4.780000e-06	3.265812e-06	1.670747e-09	2.323671e+01	1.107959e+02
4.790000e-06	3.229474e-06	1.662725e-09	2.297816e+01	1.104188e+02
4.800000e-06	3.192879e-06	1.658193e-09	2.271778e+01	1.100349e+02
4.810000e-06	3.156049e-06	1.648997e-09	2.245573e+01	1.096443e+02
4.820000e-06	3.118968e-06	1.642252e-09	2.219189e+01	1.092471e+02
4.830000e-06	3.081483e-06	1.640910e-09	2.192519e+01	1.088436e+02
4.840000e-06	3.043614e-06	1.642887e-09	2.165574e+01	1.084338e+02
4.850000e-06	3.005450e-06	1.635305e-09	2.138420e+01	1.080182e+02
4.860000e-06	2.966975e-06	1.623818e-09	2.111044e+01	1.075968e+02
4.870000e-06	2.928187e-06	1.615912e-09	2.083446e+01	1.071701e+02
4.880000e-06	2.889169e-06	1.612511e-09	2.055685e+01	1.067382e+02
4.890000e-06	2.849898e-06	1.603960e-09	2.027742e+01	1.063014e+02
4.900000e-06	2.810403e-06	1.593740e-09	1.999641e+01	1.058601e+02
4.910000e-06	2.770761e-06	1.588902e-09	1.971436e+01	1.054144e+02
4.920000e-06	2.730914e-06	1.592601e-09	1.943084e+01	1.049648e+02
4.930000e-06	2.690902e-06	1.591303e-09	1.914615e+01	1.045114e+02
4.940000e-06	2.650800e-06	1.583368e-09	1.886081e+01	1.040545e+02
4.950000e-06	2.610537e-06	1.575587e-09	1.857434e+01	1.035943e+02
4.960000e-06	2.570094e-06	1.569387e-09	1.828658e+01	1.031311e+02
4.970000e-06	2.529562e-06	1.558490e-09	1.799819e+01	1.026648e+02
4.980000e-06	2.488933e-06	1.545044e-09	1.770911e+01	1.021958e+02
4.990000e-06	2.448086e-06	1.535568e-09	1.741847e+01	1.017241e+02
5.000000e-06	2.407072e-06	1.533372e-09	1.712666e+01	1.012497e+02
5.010000e-06	2.365965e-06	1.530735e-09	1.683418e+01	1.007727e+02
5.020000e-06	2.324706e-06	1.522211e-09	1.654061e+01	1.002931e+02
5.030000e-06	2.283208e-06	1.513845e-09	1.624535e+01	9.981070e+01
5.040000e-06	2.241486e-06	1.508513e-09	1.594849e+01	9.932551e+01
5.050000e-06	2.199663e-06	1.502595e-09	1.565091e+01	9.883735e+01
5.060000e-06	2.157699e-06	1.492684e-09	1.535233e+01	9.834604e+01
5.070000e-06	2.115554e-06	1.482396e-09	1.505247e+01	9.785133e+01
5.080000e-06	2.073280e-06	1.476064e-09	1.475168e+01	9.735297e+01
5.090000e-06	2.030822e-06	1.473512e-09	1.444959e+01	9.685064e+01
5.100000e-06	1.988148e-06	1.468189e-09	1.414595e+01	9.634403e+01
5.110000e-06	1.945305e-06	1.461967e-09	1.384112e+01	9.583274e+01
5.120000e-06	1.902344e-06	1.455002e-09	1.353545e+01	9.531639e+01
5.130000e-06	1.859293e-06	1.447877e-09	1.322913e+01	9.479456e+01
5.140000e-06	1.816139e-06	1.438227e-09	1.292209e+01	9.426681e+01
5.150000e-06	1.772833e-06	1.429926e-09	1.261395e+01	9.373267e+01
5.160000e-06	1.729446e-06	1.423377e-09	1.230525e+01	9.319167e+01
5.170000e-06	1.685943e-06	1.417196e-09	1.199572e+01	9.264333e+01
5.180000e-06	1.642328e-06	1.408773e-09	1.168539e+01	9.208716e+01
5.190000e-06	1.598641e-06	1.398243e-09	1.137455e+01	9.152267e+01
5.200000e-06	1.554847e-06	1.389788e-09	1.106296e+01	9.094937e+01
5.210000e-06	1.510975e-06	1.380279e-09	1.075080e+01	9.036677e+01
5.220000e-06	1.467028e-06	1.367483e-09	1.043811e+01	8.977440e+01
5.230000e-06	1.423025e-06	1.356490e-09	1.012502e+01	8.917178e+01
5.240000e-06	1.378948e-06	1.351327e-09	9.811412e+00	8.855848e+01
5.250000e-06	1.334813e-06	1.348915e-09	9.497381e+00	8.793404e+01
5.260000e-06	1.290715e-06	1.343425e-09	9.183615e+00	8.729805e+01
5.270000e-06	1.246574e-06	1.334119e-09	8.869548e+00	8.665010e+01
5.280000e-06	1.202347e-06	1.321516e-09	8.554869e+00	8.598981e+01
5.290000e-06	1.158118e-06	1.308604e-09	8.240171e+00	8.531683e+01
5.300000e-06	1.113869e-06	1.296332e-09	7.925336e+00	8.463080e+01
5.310000e-06	1.069505e-06	1.284377e-09	7.609676e+00	8.393140e+01
5.320000e-06	1.025033e-06	1.274375e-09	7.293256e+00	8.321832e+01
5.330000e-06	9.805377e-07	1.267047e-09	6.976664e+00	8.249128e+01
5.340000e-06	9.359764e-07	1.260655e-09	6.659604e+00	8.175001e+01
5.350000e-06	8.913671e-07	1.251997e-09	6.342202e+00	8.099424e+01
5.360000e-06	8.466721e-07	1.239641e-09	6.024191e+00	8.022372e+01
5.370000e-06	8.018903e-07	1.224464e-09	5.705562e+00	7.943820e+01
5.380000e-06	7.570924e-07	1.207719e-09	5.386819e+00	7.863746e+01
5.390000e-06	7.122449e-07	1.193936e-09	5.067723e+00	7.782124e+01
5.400000e-06	6.673261e-07	1.184010e-09	4.748119e+00	7.698931e+01
5.410000e-06	6.223544e-07	1.175349e-09	4.428139e+00	7.614142e+01
5.420000e-06	5.773653e-07	1.165934e-09	4.108036e+00	7.527730e+01
5.430000e-06	5.323302e-07	1.154149e-09	3.787604e+00	7.439668e+01
5.440000e-06	4.872265e-07	1.139353e-09	3.466685e+00	7.349927e+01
5.450000e-06	4.420475e-07	1.122027e-09	3.145230e+00	7.258474e+01
5.460000e-06	3.967597e-07	1.103190e-09	2.823001e+00	7.165276e+01
5.470000e-06	3.515069e-07	1.087272e-09	2.501021e+00	7.070296e+01
5.480000e-06	3.062946e-07	1.078172e-09	2.179329e+00	6.973491e+01
5.490000e-06	2.609731e-07	1.071002e-09	1.856860e+00	6.874820e+01
5.500000e-06	2.156095e-07	1.061400e-09	1.534092e+00	6.774233e+01
5.510000e-06	1.703146e-07	1.046121e-09	1.211812e+00	6.671679e+01
5.520000e-06	1.249760e-07	1.027240e-09	8.892216e-01	6.567102e+01
5.530000e-06	7.961811e-08	1.007692e-09	5.664941e-01	6.460443e+01
5.540000e-06	3.438879e-08	9.889577e-10	2.446810e-01	6.351638e+01
5.550000e-06	-1.081615e-08	9.714171e-10	-7.695839e-02	6.240618e+01
5.560000e-06	-5.609350e-08	9.567984e-10	-3.991132e-01	6.127312e+01
5.570000e-06	-1.014283e-07	9.434226e-10	-7.216766e-01	6.011643e+01
5.580000e-06	-1.467344e-07	9.279435e-10	-1.044036e+00	5.893534e+01
5.590000e-06	-1.920284e-07	9.099170e-10	-1.366309e+00	5.772901e+01
5.600000e-06	-2.373418e-07	8.889967e-10	-1.688720e+00	5.649660e+01
5.610000e-06	-2.826179e-07	8.672854e-10	-2.010866e+00	5.523723e+01
5.620000e-06	-3.278250e-07	8.460844e-10	-2.332521e+00	5.395002e+01
5.630000e-06	-3.729392e-07	8.240228e-10	-2.653515e+00	5.263405e+01
5.640000e-06	-4.179980e-07	8.040651e-10	-2.974115e+00	5.128843e+01
5.650000e-06	-4.630600e-07	7.871900e-10	-3.294737e+00	4.991225e+01
5.660000e-06	-5.081168e-07	7.699003e-10	-3.615322e+00	4.850460e+01
5.670000e-06	-5.531204e-07	7.498979e-10	-3.935529e+00	4.706461e+01
5.680000e-06	-5.980747e-07	7.271396e-10	-4.255386e+00	4.559142e+01
5.690000e-06	-6.430224e-07	7.024525e-10	-4.575195e+00	4.408422e+01
5.700000e-06	-6.879252e-07	6.767316e-10	-4.894685e+00	4.254221e+01
5.710000e-06	-7.326910e-07	6.501668e-10	-5.213200e+00	4.096467e+01
5.720000e-06	-7.773355e-07	6.254480e-10	-5.530851e+00	3.935092e+01
5.730000e-06	-8.219662e-07	6.061094e-10	-5.848405e+00	3.770037e+01
5.740000e-06	-8.665172e-07	5.876230e-10	-6.165391e+00	3.601247e+01
5.750000e-06	-9.109473e-07	5.661623e-10	-6.481518e+00	3.428680e+01
5.760000e-06	-9.553244e-07	5.406447e-10	-6.797268e+00	3.252301e+01
5.770000e-06	-9.996806e-07	5.092260e-10	-7.112868e+00	3.072083e+01
5.780000e-06	-1.043946e-06	4.741665e-10	-7.427823e+00	2.888013e+01
5.790000e-06	-1.088149e-06	4.397049e-10	-7.742332e+00	2.700087e+01
5.800000e-06	-1.132390e-06	4.076379e-10	-8.057111e+00	2.508316e+01
5.810000e-06	-1.176576e-06	3.808701e-10	-8.371505e+00	2.312721e+01
5.820000e-06	-1.220681e-06	3.590154e-10	-8.685317e+00	2.113336e+01
5.830000e-06	-1.264750e-06	3.363163e-10	-8.998873e+00	1.910209e+01
5.840000e-06	-1.308731e-06	3.091934e-10	-9.311806e+00	1.703402e+01
5.850000e-06	-1.352647e-06	2.771521e-10	-9.624270e+00	1.492992e+01
5.860000e-06	-1.396602e-06	2.406510e-10	-9.937021e+00	1.279066e+01
5.870000e-06	-1.440546e-06	2.037908e-10	-1.024969e+01	1.061730e+01
5.880000e-06	-1.484459e-06	1.665799e-10	-1.056213e+01	8.410995e+00
5.890000e-06	-1.528285e-06	1.287361e-10	-1.087396e+01	6.173072e+00
5.900000e-06	-1.571993e-06	9.564472e-11	-1.118495e+01	3.904976e+00
5.910000e-06	-1.615588e-06	6.573965e-11	-1.149514e+01	1.608286e+00
5.920000e-06	-1.659059e-06	3.323290e-11	-1.180444e+01	-7.152916e-01
5.930000e-06	-1.702473e-06	-3.357048e-12	-1.211334e+01	-3.063928e+00
5.940000e-06	-1.745816e-06	-4.007697e-11	-1.242172e+01	-5.435681e+00
5.950000e-06	-1.788976e-06	-7.817178e-11	-1.272881e+01	-7.828498e+00
5.960000e-06	-1.831977e-06	-1.164477e-10	-1.303477e+01	-1.024023e+01
5.970000e-06	-1.874938e-06	-1.558727e-10	-1.334045e+01	-1.266863e+01
5.980000e-06	-1.917764e-06	-1.967450e-10	-1.364516e+01	-1.511137e+01
5.990000e-06	-1.960322e-06	-2.357455e-10	-1.394796e+01	-1.756606e+01
6.000000e-06	-2.002729e-06	-2.757735e-10	-1.424970e+01	-2.003023e+01
6.010000e-06	-2.045061e-06	-3.166460e-10	-1.455089e+01	-2.250138e+01
6.020000e-06	-2.087255e-06	-3.561742e-10	-1.485111e+01	-2.497695e+01
6.030000e-06	-2.129319e-06	-3.925837e-10	-1.515040e+01	-2.745436e+01
6.040000e-06	-2.171288e-06	-4.292455e-10	-1.544902e+01	-2.993100e+01
6.050000e-06	-2.213112e-06	-4.680183e-10	-1.574660e+01	-3.240428e+01
6.060000e-06	-2.254764e-06	-5.091137e-10	-1.604296e+01	-3.487159e+01
6.070000e-06	-2.296247e-06	-5.520567e-10	-1.633812e+01	-3.733035e+01
6.080000e-06	-2.337493e-06	-5.959133e-10	-1.663159e+01	-3.977800e+01
6.090000e-06	-2.378524e-06	-6.372782e-10	-1.692353e+01	-4.221202e+01
6.100000e-06	-2.419378e-06	-6.754816e-10	-1.721422e+01	-4.462995e+01
6.110000e-06	-2.460043e-06	-7.128405e-10	-1.750355e+01	-4.702937e+01
6.120000e-06	-2.500541e-06	-7.489718e-10	-1.779170e+01	-4.940794e+01
6.130000e-06	-2.540904e-06	-7.820780e-10	-1.807889e+01	-5.176340e+01
6.140000e-06	-2.581161e-06	-8.138674e-10	-1.836532e+01	-5.409357e+01
6.150000e-06	-2.621327e-06	-8.480560e-10	-1.865111e+01	-5.639638e+01
6.160000e-06	-2.661389e-06	-8.848713e-10	-1.893616e+01	-5.866983e+01
6.170000e-06	-2.701365e-06	-9.204431e-10	-1.922059e+01	-6.091205e+01
6.180000e-06	-2.741272e-06	-9.530182e-10	-1.950453e+01	-6.312128e+01
6.190000e-06	-2.781098e-06	-9.833783e-10	-1.978791e+01	-6.529588e+01
6.200000e-06	-2.820734e-06	-1.014031e-09	-2.006992e+01	-6.743432e+01
6.210000e-06	-2.860156e-06	-1.044993e-09	-2.035041e+01	-6.953520e+01
6.220000e-06	-2.899372e-06	-1.076320e-09	-2.062944e+01	-7.159725e+01
6.230000e-06	-2.938280e-06	-1.107302e-09	-2.090627e+01	-7.361933e+01
6.240000e-06	-2.976758e-06	-1.139761e-09	-2.118005e+01	-7.560040e+01
6.250000e-06	-3.014845e-06	-1.173353e-09	-2.145105e+01	-7.753959e+01
6.260000e-06	-3.052510e-06	-1.202641e-09	-2.171904e+01	-7.943613e+01
6.270000e-06	-3.089815e-06	-1.225037e-09	-2.198447e+01	-8.128938e+01
6.280000e-06	-3.126846e-06	-1.245250e-09	-2.224795e+01	-8.309883e+01
6.290000e-06	-3.163512e-06	-1.269605e-09	-2.250883e+01	-8.486408e+01
6.300000e-06	-3.199924e-06	-1.298309e-09	-2.276791e+01	-8.658484e+01
6.310000e-06	-3.236155e-06	-1.327834e-09	-2.302570e+01	-8.826095e+01
6.320000e-06	-3.272268e-06	-1.354880e-09	-2.328265e+01	-8.989235e+01
6.330000e-06	-3.308295e-06	-1.381087e-09	-2.353898e+01	-9.147907e+01
6.340000e-06	-3.344173e-06	-1.404150e-09	-2.379426e+01	-9.302126e+01
6.350000e-06	-3.379880e-06	-1.423100e-09	-2.404832e+01	-9.451913e+01
6.360000e-06	-3.415405e-06	-1.437455e-09	-2.430109e+01	-9.597300e+01
6.370000e-06	-3.450722e-06	-1.450852e-09	-2.455238e+01	-9.738327e+01
6.380000e-06	-3.485768e-06	-1.468114e-09	-2.480173e+01	-9.875039e+01
6.390000e-06	-3.520493e-06	-1.489961e-09	-2.504880e+01	-1.000749e+02
6.400000e-06	-3.554932e-06	-1.511812e-09	-2.529384e+01	-1.013574e+02
6.410000e-06	-3.589137e-06	-1.532739e-09	-2.553722e+01	-1.025985e+02
6.420000e-06	-3.623150e-06	-1.553332e-09	-2.577922e+01	-1.037989e+02
6.430000e-06	-3.656937e-06	-1.571051e-09	-2.601962e+01	-1.049594e+02
6.440000e-06	-3.690487e-06	-1.584492e-09	-2.625834e+01	-1.060807e+02
6.450000e-06	-3.723796e-06	-1.595687e-09	-2.649533e+01	-1.071636e+02
6.460000e-06	-3.756714e-06	-1.608155e-09	-2.672955e+01	-1.082090e+02
6.470000e-06	-3.789335e-06	-1.624541e-09	-2.696165e+01	-1.092177e+02
6.480000e-06	-3.821768e-06	-1.643142e-09	-2.719242e+01	-1.101906e+02
6.490000e-06	-3.853968e-06	-1.661238e-09	-2.742152e+01	-1.111286e+02
6.500000e-06	-3.886003e-06	-1.678722e-09	-2.764946e+01	-1.120326e+02
6.510000e-06	-3.917866e-06	-1.696331e-09	-2.787617e+01	-1.129034e+02
6.520000e-06	-3.949537e-06	-1.712500e-09	-2.810151e+01	-1.137420e+02
6.530000e-06	-3.980966e-06	-1.722560e-09	-2.832513e+01	-1.145492e+02
6.540000e-06	-4.012077e-06	-1.727830e-09	-2.854649e+01	-1.153261e+02
6.550000e-06	-4.042753e-06	-1.734208e-09	-2.876475e+01	-1.160734e+02
6.560000e-06	-4.072976e-06	-1.744868e-09	-2.897980e+01	-1.167921e+02
6.570000e-06	-4.102759e-06	-1.757035e-09	-2.919171e+01	-1.174831e+02
6.580000e-06	-4.132047e-06	-1.767770e-09	-2.940009e+01	-1.181472e+02
6.590000e-06	-4.160921e-06	-1.778563e-09	-2.960554e+01	-1.187853e+02
6.600000e-06	-4.189464e-06	-1.789270e-09	-2.980863e+01	-1.193983e+02
6.610000e-06	-4.217728e-06	-1.797597e-09	-3.000973e+01	-1.199870e+02
6.620000e-06	-4.245821e-06	-1.803803e-09	-3.020961e+01	-1.205522e+02
6.630000e-06	-4.273774e-06	-1.810017e-09	-3.040850e+01	-1.210949e+02
6.640000e-06	-4.301510e-06	-1.818893e-09	-3.060585e+01	-1.216157e+02
6.650000e-06	-4.328957e-06	-1.828973e-09	-3.080114e+01	-1.221155e+02
6.660000e-06	-4.356139e-06	-1.836538e-09	-3.099454e+01	-1.225951e+02
6.670000e-06	-4.383032e-06	-1.842504e-09	-3.118589e+01	-1.230553e+02
6.680000e-06	-4.409523e-06	-1.849321e-09	-3.137438e+01	-1.234968e+02
6.690000e-06	-4.435676e-06	-1.856692e-09	-3.156046e+01	-1.239204e+02
6.700000e-06	-4.461576e-06	-1.864641e-09	-3.174474e+01	-1.243268e+02
6.710000e-06	-4.487193e-06	-1.872677e-09	-3.192701e+01	-1.247168e+02
6.720000e-06	-4.512492e-06	-1.880704e-09	-3.210702e+01	-1.250910e+02
6.730000e-06	-4.537488e-06	-1.887184e-09	-3.228487e+01	-1.254502e+02
6.740000e-06	-4.562154e-06	-1.892312e-09	-3.246037e+01	-1.257950e+02
6.750000e-06	-4.586458e-06	-1.897243e-09	-3.263329e+01	-1.261261e+02
6.760000e-06	-4.610520e-06	-1.901826e-09	-3.280450e+01	-1.264442e+02
6.770000e-06	-4.634440e-06	-1.905681e-09	-3.297469e+01	-1.267498e+02
6.780000e-06	-4.658129e-06	-1.911642e-09	-3.314324e+01	-1.270435e+02
6.790000e-06	-4.681577e-06	-1.922599e-09	-3.331008e+01	-1.273260e+02
6.800000e-06	-4.704701e-06	-1.932518e-09	-3.347461e+01	-1.275979e+02
6.810000e-06	-4.727246e-06	-1.936167e-09	-3.363502e+01	-1.278595e+02
6.820000e-06	-4.749147e-06	-1.935279e-09	-3.379085e+01	-1.281115e+02
6.830000e-06	-4.770469e-06	-1.934194e-09	-3.394256e+01	-1.283543e+02
6.840000e-06	-4.791339e-06	-1.934891e-09	-3.409105e+01	-1.285883e+02
6.850000e-06	-4.811854e-06	-1.935259e-09	-3.423702e+01	-1.288141e+02
6.860000e-06	-4.832103e-06	-1.935736e-09	-3.438109e+01	-1.290318e+02
6.870000e-06	-4.852140e-06	-1.939492e-09	-3.452366e+01	-1.292420e+02
6.880000e-06	-4.871999e-06	-1.947884e-09	-3.466496e+01	-1.294449e+02
6.890000e-06	-4.891618e-06	-1.955395e-09	-3.480455e+01	-1.296408e+02
6.900000e-06	-4.910898e-06	-1.956741e-09	-3.494173e+01	-1.298298e+02
6.910000e-06	-4.929840e-06	-1.955537e-09	-3.507650e+01	-1.300124e+02
6.920000e-06	-4.948440e-06	-1.955365e-09	-3.520885e+01	-1.301885e+02
6.930000e-06	-4.966709e-06	-1.955731e-09	-3.533883e+01	-1.303583e+02
6.940000e-06	-4.984666e-06	-1.954802e-09	-3.546660e+01	-1.305219e+02
6.950000e-06	-5.002298e-06	-1.955342e-09	-3.559206e+01	-1.306794e+02
6.960000e-06	-5.019568e-06	-1.960299e-09	-3.571493e+01	-1.308308e+02
6.970000e-06	-5.036496e-06	-1.966314e-09	-3.583538e+01	-1.309760e+02
6.980000e-06	-5.053069e-06	-1.969607e-09	-3.595329e+01	-1.311150e+02
6.990000e-06	-5.069288e-06	-1.971696e-09	-3.606870e+01	-1.312477e+02
7.000000e-06	-5.085260e-06	-1.972911e-09	-3.618234e+01	-1.313741e+02
7.010000e-06	-5.100950e-06	-1.971356e-09	-3.629398e+01	-1.314940e+02
7.020000e-06	-5.116278e-06	-1.969687e-09	-3.640304e+01	-1.316072e+02
7.030000e-06	-5.131151e-06	-1.971156e-09	-3.650886e+01	-1.317136e+02
7.040000e-06	-5.145485e-06	-1.975083e-09	-3.661085e+01	-1.318129e+02
7.050000e-06	-5.159199e-06	-1.977886e-09	-3.670843e+01	-1.319051e+02
7.060000e-06	-5.172243e-06	-1.977254e-09	-3.680123e+01	-1.319898e+02
7.070000e-06	-5.184776e-06	-1.974889e-09	-3.689041e+01	-1.320669e+02
7.080000e-06	-5.196967e-06	-1.973134e-09	-3.697715e+01	-1.321362e+02
7.090000e-06	-5.208862e-06	-1.972590e-09	-3.706178e+01	-1.321975e+02
7.100000e-06	-5.220440e-06	-1.973875e-09	-3.714416e+01	-1.322505e+02
7.110000e-06	-5.231650e-06	-1.976151e-09	-3.722392e+01	-1.322952e+02
7.120000e-06	-5.242462e-06	-1.980034e-09	-3.730085e+01	-1.323313e+02
7.130000e-06	-5.252929e-06	-1.984919e-09	-3.737533e+01	-1.323588e+02
7.140000e-06	-5.263027e-06	-1.986972e-09	-3.744718e+01	-1.323775e+02
7.150000e-06	-5.272738e-06	-1.984868e-09	-3.751627e+01	-1.323874e+02
7.160000e-06	-5.282073e-06	-1.977677e-09	-3.758269e+01	-1.323884e+02
7.170000e-06	-5.290973e-06	-1.969686e-09	-3.764602e+01	-1.323806e+02
7.180000e-06	-5.299482e-06	-1.966449e-09	-3.770656e+01	-1.323639e+02
7.190000e-06	-5.307759e-06	-1.966558e-09	-3.776545e+01	-1.323386e+02
7.200000e-06	-5.315873e-06	-1.970850e-09	-3.782318e+01	-1.323047e+02
7.210000e-06	-5.323677e-06	-1.979795e-09	-3.787871e+01	-1.322624e+02
7.220000e-06	-5.331156e-06	-1.986908e-09	-3.793192e+01	-1.322119e+02
7.230000e-06	-5.338288e-06	-1.985339e-09	-3.798267e+01	-1.321536e+02
7.240000e-06	-5.344965e-06	-1.975548e-09	-3.803018e+01	-1.320878e+02
7.250000e-06	-5.351159e-06	-1.965371e-09	-3.807424e+01	-1.320148e+02
7.260000e-06	-5.356652e-06	-1.959461e-09	-3.811333e+01	-1.319351e+02
7.270000e-06	-5.361493e-06	-1.957315e-09	-3.814778e+01	-1.318492e+02
7.280000e-06	-5.365946e-06	-1.959169e-09	-3.817946e+01	-1.317576e+02
7.290000e-06	-5.370160e-06	-1.966188e-09	-3.820944e+01	-1.316608e+02
7.300000e-06	-5.374171e-06	-1.972447e-09	-3.823798e+01	-1.315595e+02
7.310000e-06	-5.377927e-06	-1.972003e-09	-3.826471e+01	-1.314544e+02
7.320000e-06	-5.381372e-06	-1.963824e-09	-3.828922e+01	-1.313459e+02
7.330000e-06	-5.384418e-06	-1.954364e-09	-3.831089e+01	-1.312350e+02
7.340000e-06	-5.387036e-06	-1.951330e-09	-3.832952e+01	-1.311222e+02
7.350000e-06	-5.389325e-06	-1.951581e-09	-3.834581e+01	-1.310083e+02
7.360000e-06	-5.391363e-06	-1.950632e-09	-3.836030e+01	-1.308940e+02
7.370000e-06	-5.393125e-06	-1.949839e-09	-3.837284e+01	-1.307801e+02
7.380000e-06	-5.394446e-06	-1.950731e-09	-3.838224e+01	-1.306672e+02
7.390000e-06	-5.395287e-06	-1.951726e-09	-3.838823e+01	-1.305561e+02
7.400000e-06	-5.395792e-06	-1.949469e-09	-3.839182e+01	-1.304476e+02
