# Temperatura_=_13.44
# Concentracion g/m^3_=_4090.0
# C_Vs_to_Am_M_A/Vsm_=_65563218390.804596
# pendiente_HvsI_1/m_=_3716.3
# ordenada_HvsI_A/m_=_1297.0
# frecuencia_Hz_=_135089.34435093458

Tiempo_(s)	Campo_(V.s)	Magnetizacion_(V.s)	Campo_(kA/m)	Magnetizacion_(A/m)
0.000000e+00	-5.406274e-06	-1.245666e-09	-3.837555e+01	-8.149839e+01
1.000000e-08	-5.406420e-06	-1.245786e-09	-3.837659e+01	-8.137424e+01
2.000000e-08	-5.406335e-06	-1.242483e-09	-3.837598e+01	-8.126100e+01
3.000000e-08	-5.405965e-06	-1.235673e-09	-3.837336e+01	-8.115944e+01
4.000000e-08	-5.405273e-06	-1.230614e-09	-3.836845e+01	-8.107025e+01
5.000000e-08	-5.404041e-06	-1.233936e-09	-3.835970e+01	-8.099403e+01
6.000000e-08	-5.402188e-06	-1.253073e-09	-3.834654e+01	-8.093125e+01
7.000000e-08	-5.399767e-06	-1.267374e-09	-3.832936e+01	-8.088233e+01
8.000000e-08	-5.396724e-06	-1.234165e-09	-3.830776e+01	-8.084752e+01
9.000000e-08	-5.393109e-06	-1.152638e-09	-3.828210e+01	-8.082699e+01
1.000000e-07	-5.389037e-06	-1.173711e-09	-3.825320e+01	-8.082079e+01
1.100000e-07	-5.384710e-06	-1.315007e-09	-3.822248e+01	-8.082884e+01
1.200000e-07	-5.380247e-06	-1.319956e-09	-3.819081e+01	-8.085093e+01
1.300000e-07	-5.375526e-06	-1.151452e-09	-3.815729e+01	-8.088676e+01
1.400000e-07	-5.370493e-06	-1.149477e-09	-3.812157e+01	-8.093587e+01
1.500000e-07	-5.365095e-06	-1.329668e-09	-3.808325e+01	-8.099771e+01
1.600000e-07	-5.359292e-06	-1.377617e-09	-3.804206e+01	-8.107161e+01
1.700000e-07	-5.353080e-06	-1.117849e-09	-3.799796e+01	-8.115680e+01
1.800000e-07	-5.346378e-06	-1.088530e-09	-3.795039e+01	-8.125238e+01
1.900000e-07	-5.339292e-06	-1.274169e-09	-3.790009e+01	-8.135738e+01
2.000000e-07	-5.331997e-06	-1.364935e-09	-3.784831e+01	-8.147073e+01
2.100000e-07	-5.324399e-06	-1.209810e-09	-3.779437e+01	-8.159129e+01
2.200000e-07	-5.316567e-06	-1.238320e-09	-3.773878e+01	-8.171785e+01
2.300000e-07	-5.308555e-06	-1.381477e-09	-3.768191e+01	-8.184913e+01
2.400000e-07	-5.300147e-06	-1.348618e-09	-3.762222e+01	-8.198380e+01
2.500000e-07	-5.291245e-06	-1.242762e-09	-3.755904e+01	-8.212051e+01
2.600000e-07	-5.281649e-06	-1.326269e-09	-3.749092e+01	-8.225787e+01
2.700000e-07	-5.271212e-06	-1.413325e-09	-3.741684e+01	-8.239449e+01
2.800000e-07	-5.260172e-06	-1.298427e-09	-3.733847e+01	-8.252897e+01
2.900000e-07	-5.248851e-06	-1.279748e-09	-3.725811e+01	-8.265990e+01
3.000000e-07	-5.237208e-06	-1.387649e-09	-3.717546e+01	-8.278594e+01
3.100000e-07	-5.225096e-06	-1.371784e-09	-3.708949e+01	-8.290575e+01
3.200000e-07	-5.212617e-06	-1.219414e-09	-3.700091e+01	-8.301803e+01
3.300000e-07	-5.199763e-06	-1.290973e-09	-3.690967e+01	-8.312157e+01
3.400000e-07	-5.186432e-06	-1.377810e-09	-3.681504e+01	-8.321520e+01
3.500000e-07	-5.172748e-06	-1.340895e-09	-3.671791e+01	-8.329783e+01
3.600000e-07	-5.158720e-06	-1.284459e-09	-3.661833e+01	-8.336846e+01
3.700000e-07	-5.144288e-06	-1.354621e-09	-3.651589e+01	-8.342618e+01
3.800000e-07	-5.129360e-06	-1.315512e-09	-3.640992e+01	-8.347019e+01
3.900000e-07	-5.113711e-06	-1.270496e-09	-3.629884e+01	-8.349978e+01
4.000000e-07	-5.097525e-06	-1.285510e-09	-3.618394e+01	-8.351437e+01
4.100000e-07	-5.081022e-06	-1.296857e-09	-3.606680e+01	-8.351347e+01
4.200000e-07	-5.064093e-06	-1.245713e-09	-3.594664e+01	-8.349674e+01
4.300000e-07	-5.046903e-06	-1.313401e-09	-3.582462e+01	-8.346393e+01
4.400000e-07	-5.029484e-06	-1.364198e-09	-3.570097e+01	-8.341493e+01
4.500000e-07	-5.011743e-06	-1.303954e-09	-3.557504e+01	-8.334974e+01
4.600000e-07	-4.993691e-06	-1.247564e-09	-3.544690e+01	-8.326847e+01
4.700000e-07	-4.975333e-06	-1.298259e-09	-3.531659e+01	-8.317135e+01
4.800000e-07	-4.956574e-06	-1.292869e-09	-3.518343e+01	-8.305872e+01
4.900000e-07	-4.937376e-06	-1.243831e-09	-3.504716e+01	-8.293103e+01
5.000000e-07	-4.917844e-06	-1.242784e-09	-3.490851e+01	-8.278881e+01
5.100000e-07	-4.898035e-06	-1.278487e-09	-3.476790e+01	-8.263271e+01
5.200000e-07	-4.877999e-06	-1.297649e-09	-3.462567e+01	-8.246343e+01
5.300000e-07	-4.857753e-06	-1.296749e-09	-3.448197e+01	-8.228177e+01
5.400000e-07	-4.837199e-06	-1.268337e-09	-3.433606e+01	-8.208859e+01
5.500000e-07	-4.816348e-06	-1.240771e-09	-3.418806e+01	-8.188478e+01
5.600000e-07	-4.795148e-06	-1.261150e-09	-3.403757e+01	-8.167131e+01
5.700000e-07	-4.773566e-06	-1.266557e-09	-3.388438e+01	-8.144918e+01
5.800000e-07	-4.751703e-06	-1.235929e-09	-3.372918e+01	-8.121939e+01
5.900000e-07	-4.729467e-06	-1.218049e-09	-3.357135e+01	-8.098298e+01
6.000000e-07	-4.706938e-06	-1.249677e-09	-3.341143e+01	-8.074098e+01
6.100000e-07	-4.684017e-06	-1.265709e-09	-3.324873e+01	-8.049442e+01
6.200000e-07	-4.660771e-06	-1.253690e-09	-3.308372e+01	-8.024431e+01
6.300000e-07	-4.637319e-06	-1.217122e-09	-3.291725e+01	-7.999163e+01
6.400000e-07	-4.613534e-06	-1.221987e-09	-3.274842e+01	-7.973732e+01
6.500000e-07	-4.589526e-06	-1.239851e-09	-3.257800e+01	-7.948230e+01
6.600000e-07	-4.565382e-06	-1.240992e-09	-3.240662e+01	-7.922740e+01
6.700000e-07	-4.540819e-06	-1.205672e-09	-3.223226e+01	-7.897343e+01
6.800000e-07	-4.515821e-06	-1.206612e-09	-3.205481e+01	-7.872110e+01
6.900000e-07	-4.490520e-06	-1.222223e-09	-3.187522e+01	-7.847106e+01
7.000000e-07	-4.464719e-06	-1.227134e-09	-3.169208e+01	-7.822389e+01
7.100000e-07	-4.438262e-06	-1.198441e-09	-3.150428e+01	-7.798009e+01
7.200000e-07	-4.411381e-06	-1.192644e-09	-3.131346e+01	-7.774007e+01
7.300000e-07	-4.384141e-06	-1.204876e-09	-3.112010e+01	-7.750415e+01
7.400000e-07	-4.356517e-06	-1.222659e-09	-3.092402e+01	-7.727258e+01
7.500000e-07	-4.328722e-06	-1.206432e-09	-3.072673e+01	-7.704552e+01
7.600000e-07	-4.300771e-06	-1.189093e-09	-3.052832e+01	-7.682303e+01
7.700000e-07	-4.272666e-06	-1.188669e-09	-3.032882e+01	-7.660511e+01
7.800000e-07	-4.244319e-06	-1.196179e-09	-3.012760e+01	-7.639168e+01
7.900000e-07	-4.215617e-06	-1.179409e-09	-2.992387e+01	-7.618256e+01
8.000000e-07	-4.186562e-06	-1.161021e-09	-2.971763e+01	-7.597753e+01
8.100000e-07	-4.157194e-06	-1.162297e-09	-2.950916e+01	-7.577629e+01
8.200000e-07	-4.127519e-06	-1.177741e-09	-2.929852e+01	-7.557849e+01
8.300000e-07	-4.097611e-06	-1.181952e-09	-2.908622e+01	-7.538371e+01
8.400000e-07	-4.067493e-06	-1.167647e-09	-2.887243e+01	-7.519150e+01
8.500000e-07	-4.037103e-06	-1.158044e-09	-2.865672e+01	-7.500137e+01
8.600000e-07	-4.006399e-06	-1.161189e-09	-2.843877e+01	-7.481280e+01
8.700000e-07	-3.975368e-06	-1.163614e-09	-2.821850e+01	-7.462525e+01
8.800000e-07	-3.944071e-06	-1.145424e-09	-2.799634e+01	-7.443814e+01
8.900000e-07	-3.912523e-06	-1.133267e-09	-2.777240e+01	-7.425093e+01
9.000000e-07	-3.880756e-06	-1.133749e-09	-2.754691e+01	-7.406303e+01
9.100000e-07	-3.848950e-06	-1.142508e-09	-2.732114e+01	-7.387390e+01
9.200000e-07	-3.817028e-06	-1.136681e-09	-2.709455e+01	-7.368299e+01
9.300000e-07	-3.784814e-06	-1.129777e-09	-2.686588e+01	-7.348978e+01
9.400000e-07	-3.752404e-06	-1.128246e-09	-2.663582e+01	-7.329378e+01
9.500000e-07	-3.719681e-06	-1.133924e-09	-2.640355e+01	-7.309455e+01
9.600000e-07	-3.686445e-06	-1.124393e-09	-2.616763e+01	-7.289165e+01
9.700000e-07	-3.652693e-06	-1.110457e-09	-2.592804e+01	-7.268471e+01
9.800000e-07	-3.618613e-06	-1.098492e-09	-2.568613e+01	-7.247343e+01
9.900000e-07	-3.584193e-06	-1.102485e-09	-2.544180e+01	-7.225751e+01
1.000000e-06	-3.549320e-06	-1.100812e-09	-2.519427e+01	-7.203675e+01
1.010000e-06	-3.514157e-06	-1.098611e-09	-2.494467e+01	-7.181097e+01
1.020000e-06	-3.478756e-06	-1.093387e-09	-2.469338e+01	-7.158008e+01
1.030000e-06	-3.443084e-06	-1.092574e-09	-2.444017e+01	-7.134401e+01
1.040000e-06	-3.407277e-06	-1.087998e-09	-2.418600e+01	-7.110278e+01
1.050000e-06	-3.371359e-06	-1.079675e-09	-2.393104e+01	-7.085644e+01
1.060000e-06	-3.335274e-06	-1.068110e-09	-2.367490e+01	-7.060509e+01
1.070000e-06	-3.299027e-06	-1.065637e-09	-2.341760e+01	-7.034891e+01
1.080000e-06	-3.262572e-06	-1.064347e-09	-2.315884e+01	-7.008807e+01
1.090000e-06	-3.225886e-06	-1.063201e-09	-2.289842e+01	-6.982284e+01
1.100000e-06	-3.188870e-06	-1.062110e-09	-2.263567e+01	-6.955347e+01
1.110000e-06	-3.151607e-06	-1.064095e-09	-2.237116e+01	-6.928030e+01
1.120000e-06	-3.114207e-06	-1.063217e-09	-2.210569e+01	-6.900363e+01
1.130000e-06	-3.076585e-06	-1.053642e-09	-2.183864e+01	-6.872384e+01
1.140000e-06	-3.038759e-06	-1.042394e-09	-2.157013e+01	-6.844128e+01
1.150000e-06	-3.000747e-06	-1.034605e-09	-2.130031e+01	-6.815632e+01
1.160000e-06	-2.962500e-06	-1.032591e-09	-2.102882e+01	-6.786935e+01
1.170000e-06	-2.924062e-06	-1.028009e-09	-2.075597e+01	-6.758072e+01
1.180000e-06	-2.885296e-06	-1.022852e-09	-2.048080e+01	-6.729080e+01
1.190000e-06	-2.846314e-06	-1.017562e-09	-2.020410e+01	-6.699993e+01
1.200000e-06	-2.807292e-06	-1.019527e-09	-1.992710e+01	-6.670841e+01
1.210000e-06	-2.768004e-06	-1.020598e-09	-1.964822e+01	-6.641654e+01
1.220000e-06	-2.728476e-06	-1.017310e-09	-1.936764e+01	-6.612458e+01
1.230000e-06	-2.688878e-06	-1.011266e-09	-1.908656e+01	-6.583274e+01
1.240000e-06	-2.649148e-06	-1.008899e-09	-1.880454e+01	-6.554119e+01
1.250000e-06	-2.609271e-06	-1.003140e-09	-1.852148e+01	-6.525007e+01
1.260000e-06	-2.569313e-06	-9.974024e-10	-1.823784e+01	-6.495946e+01
1.270000e-06	-2.529266e-06	-9.888115e-10	-1.795358e+01	-6.466940e+01
1.280000e-06	-2.489106e-06	-9.851815e-10	-1.766851e+01	-6.437987e+01
1.290000e-06	-2.448836e-06	-9.857248e-10	-1.738266e+01	-6.409080e+01
1.300000e-06	-2.408315e-06	-9.870290e-10	-1.709503e+01	-6.380207e+01
1.310000e-06	-2.367643e-06	-9.809366e-10	-1.680632e+01	-6.351350e+01
1.320000e-06	-2.326827e-06	-9.731419e-10	-1.651660e+01	-6.322488e+01
1.330000e-06	-2.285650e-06	-9.657957e-10	-1.622431e+01	-6.293593e+01
1.340000e-06	-2.244201e-06	-9.629443e-10	-1.593009e+01	-6.264635e+01
1.350000e-06	-2.202499e-06	-9.606762e-10	-1.563408e+01	-6.235575e+01
1.360000e-06	-2.160613e-06	-9.586205e-10	-1.533676e+01	-6.206376e+01
1.370000e-06	-2.118415e-06	-9.560223e-10	-1.503722e+01	-6.176993e+01
1.380000e-06	-2.075764e-06	-9.535113e-10	-1.473447e+01	-6.147379e+01
1.390000e-06	-2.032904e-06	-9.487950e-10	-1.443024e+01	-6.117485e+01
1.400000e-06	-1.989880e-06	-9.422780e-10	-1.412484e+01	-6.087259e+01
1.410000e-06	-1.946664e-06	-9.329031e-10	-1.381808e+01	-6.056648e+01
1.420000e-06	-1.903294e-06	-9.256579e-10	-1.351022e+01	-6.025597e+01
1.430000e-06	-1.859821e-06	-9.238281e-10	-1.320164e+01	-5.994051e+01
1.440000e-06	-1.816258e-06	-9.225506e-10	-1.289241e+01	-5.961955e+01
1.450000e-06	-1.772635e-06	-9.177179e-10	-1.258276e+01	-5.929251e+01
1.460000e-06	-1.728967e-06	-9.108722e-10	-1.227279e+01	-5.895887e+01
1.470000e-06	-1.685143e-06	-9.048053e-10	-1.196171e+01	-5.861809e+01
1.480000e-06	-1.641212e-06	-8.973206e-10	-1.164988e+01	-5.826964e+01
1.490000e-06	-1.597249e-06	-8.909762e-10	-1.133781e+01	-5.791303e+01
1.500000e-06	-1.553258e-06	-8.851439e-10	-1.102555e+01	-5.754779e+01
1.510000e-06	-1.509198e-06	-8.833321e-10	-1.071280e+01	-5.717345e+01
1.520000e-06	-1.465035e-06	-8.800456e-10	-1.039931e+01	-5.678961e+01
1.530000e-06	-1.420742e-06	-8.721001e-10	-1.008490e+01	-5.639586e+01
1.540000e-06	-1.376423e-06	-8.613786e-10	-9.770313e+00	-5.599185e+01
1.550000e-06	-1.332060e-06	-8.534954e-10	-9.455407e+00	-5.557724e+01
1.560000e-06	-1.287569e-06	-8.464061e-10	-9.139599e+00	-5.515174e+01
1.570000e-06	-1.242943e-06	-8.393531e-10	-8.822830e+00	-5.471506e+01
1.580000e-06	-1.198288e-06	-8.328332e-10	-8.505851e+00	-5.426698e+01
1.590000e-06	-1.153626e-06	-8.296003e-10	-8.188823e+00	-5.380728e+01
1.600000e-06	-1.108767e-06	-8.246833e-10	-7.870398e+00	-5.333576e+01
1.610000e-06	-1.063742e-06	-8.159798e-10	-7.550796e+00	-5.285226e+01
1.620000e-06	-1.018636e-06	-8.028208e-10	-7.230618e+00	-5.235664e+01
1.630000e-06	-9.734792e-07	-7.913102e-10	-6.910083e+00	-5.184874e+01
1.640000e-06	-9.282213e-07	-7.831787e-10	-6.588827e+00	-5.132845e+01
1.650000e-06	-8.828686e-07	-7.767543e-10	-6.266899e+00	-5.079564e+01
1.660000e-06	-8.374557e-07	-7.673065e-10	-5.944542e+00	-5.025020e+01
1.670000e-06	-7.920951e-07	-7.595871e-10	-5.622558e+00	-4.969199e+01
1.680000e-06	-7.467131e-07	-7.562898e-10	-5.300421e+00	-4.912088e+01
1.690000e-06	-7.012075e-07	-7.500951e-10	-4.977407e+00	-4.853672e+01
1.700000e-06	-6.556744e-07	-7.364682e-10	-4.654197e+00	-4.793934e+01
1.710000e-06	-6.101267e-07	-7.240404e-10	-4.330885e+00	-4.732855e+01
1.720000e-06	-5.645312e-07	-7.176494e-10	-4.007232e+00	-4.670412e+01
1.730000e-06	-5.188863e-07	-7.118466e-10	-3.683229e+00	-4.606581e+01
1.740000e-06	-4.731749e-07	-7.010420e-10	-3.358754e+00	-4.541330e+01
1.750000e-06	-4.274326e-07	-6.873823e-10	-3.034060e+00	-4.474628e+01
1.760000e-06	-3.816241e-07	-6.786019e-10	-2.708896e+00	-4.406437e+01
1.770000e-06	-3.358020e-07	-6.707822e-10	-2.383636e+00	-4.336715e+01
1.780000e-06	-2.900195e-07	-6.589673e-10	-2.058656e+00	-4.265415e+01
1.790000e-06	-2.442276e-07	-6.460977e-10	-1.733610e+00	-4.192486e+01
1.800000e-06	-1.984659e-07	-6.365524e-10	-1.408778e+00	-4.117872e+01
1.810000e-06	-1.526716e-07	-6.269510e-10	-1.083714e+00	-4.041513e+01
1.820000e-06	-1.068415e-07	-6.152939e-10	-7.583968e-01	-3.963344e+01
1.830000e-06	-6.100284e-08	-6.001604e-10	-4.330187e-01	-3.883295e+01
1.840000e-06	-1.519508e-08	-5.851876e-10	-1.078598e-01	-3.801294e+01
1.850000e-06	3.063560e-08	-5.741262e-10	2.174618e-01	-3.717263e+01
1.860000e-06	7.646679e-08	-5.623060e-10	5.427870e-01	-3.631125e+01
1.870000e-06	1.223132e-07	-5.462616e-10	8.682201e-01	-3.542796e+01
1.880000e-06	1.682010e-07	-5.330673e-10	1.193947e+00	-3.452193e+01
1.890000e-06	2.140819e-07	-5.245992e-10	1.519625e+00	-3.359232e+01
1.900000e-06	2.599134e-07	-5.159411e-10	1.844953e+00	-3.263828e+01
1.910000e-06	3.056771e-07	-4.998781e-10	2.169799e+00	-3.165896e+01
1.920000e-06	3.514629e-07	-4.785801e-10	2.494802e+00	-3.065352e+01
1.930000e-06	3.972074e-07	-4.587723e-10	2.819512e+00	-2.962117e+01
1.940000e-06	4.428609e-07	-4.410038e-10	3.143575e+00	-2.856112e+01
1.950000e-06	4.885171e-07	-4.182810e-10	3.467659e+00	-2.747264e+01
1.960000e-06	5.341942e-07	-3.975690e-10	3.791890e+00	-2.635504e+01
1.970000e-06	5.798512e-07	-3.831240e-10	4.115979e+00	-2.520770e+01
1.980000e-06	6.254597e-07	-3.709680e-10	4.439723e+00	-2.403007e+01
1.990000e-06	6.710142e-07	-3.541433e-10	4.763084e+00	-2.282166e+01
2.000000e-06	7.165064e-07	-3.305663e-10	5.086003e+00	-2.158209e+01
2.010000e-06	7.617961e-07	-3.077196e-10	5.407485e+00	-2.031107e+01
2.020000e-06	8.070922e-07	-2.880885e-10	5.729012e+00	-1.900841e+01
2.030000e-06	8.525256e-07	-2.661240e-10	6.051514e+00	-1.767403e+01
2.040000e-06	8.977959e-07	-2.394327e-10	6.372857e+00	-1.630799e+01
2.050000e-06	9.429196e-07	-2.158307e-10	6.693160e+00	-1.491044e+01
2.060000e-06	9.879452e-07	-1.981729e-10	7.012767e+00	-1.348169e+01
2.070000e-06	1.032905e-06	-1.785113e-10	7.331908e+00	-1.202216e+01
2.080000e-06	1.077793e-06	-1.541167e-10	7.650535e+00	-1.053243e+01
2.090000e-06	1.122577e-06	-1.293577e-10	7.968431e+00	-9.013185e+00
2.100000e-06	1.167279e-06	-1.067913e-10	8.285737e+00	-7.465286e+00
2.110000e-06	1.211942e-06	-8.386132e-11	8.602773e+00	-5.889712e+00
2.120000e-06	1.256560e-06	-5.598027e-11	8.919486e+00	-4.287588e+00
2.130000e-06	1.300959e-06	-2.838527e-11	9.234644e+00	-2.660171e+00
2.140000e-06	1.345234e-06	-5.050619e-12	9.548923e+00	-1.008851e+00
2.150000e-06	1.389543e-06	1.785006e-11	9.863446e+00	6.648518e-01
2.160000e-06	1.433802e-06	4.281094e-11	1.017761e+01	2.359298e+00
2.170000e-06	1.477924e-06	6.878881e-11	1.049080e+01	4.072732e+00
2.180000e-06	1.522006e-06	9.337392e-11	1.080371e+01	5.803291e+00
2.190000e-06	1.566075e-06	1.170156e-10	1.111653e+01	7.549013e+00
2.200000e-06	1.610054e-06	1.448569e-10	1.142871e+01	9.307846e+00
2.210000e-06	1.653957e-06	1.739762e-10	1.174034e+01	1.107766e+01
2.220000e-06	1.697815e-06	2.010175e-10	1.205166e+01	1.285626e+01
2.230000e-06	1.741594e-06	2.280394e-10	1.236242e+01	1.464139e+01
2.240000e-06	1.785339e-06	2.595775e-10	1.267294e+01	1.643074e+01
2.250000e-06	1.829042e-06	2.891580e-10	1.298315e+01	1.822199e+01
2.260000e-06	1.872570e-06	3.140820e-10	1.329213e+01	2.001280e+01
2.270000e-06	1.915971e-06	3.389643e-10	1.360020e+01	2.180079e+01
2.280000e-06	1.959287e-06	3.677151e-10	1.390768e+01	2.358362e+01
2.290000e-06	2.002466e-06	3.993748e-10	1.421418e+01	2.535895e+01
2.300000e-06	2.045335e-06	4.276738e-10	1.451847e+01	2.712450e+01
2.310000e-06	2.087998e-06	4.517944e-10	1.482132e+01	2.887800e+01
2.320000e-06	2.130448e-06	4.782324e-10	1.512263e+01	3.061725e+01
2.330000e-06	2.172543e-06	5.085632e-10	1.542144e+01	3.234013e+01
2.340000e-06	2.214371e-06	5.362376e-10	1.571835e+01	3.404457e+01
2.350000e-06	2.255805e-06	5.571008e-10	1.601247e+01	3.572861e+01
2.360000e-06	2.296986e-06	5.774085e-10	1.630478e+01	3.739039e+01
2.370000e-06	2.337992e-06	6.051951e-10	1.659585e+01	3.902814e+01
2.380000e-06	2.378709e-06	6.353423e-10	1.688488e+01	4.064021e+01
2.390000e-06	2.419203e-06	6.610572e-10	1.717231e+01	4.222507e+01
2.400000e-06	2.459574e-06	6.838266e-10	1.745888e+01	4.378133e+01
2.410000e-06	2.499785e-06	7.087062e-10	1.774431e+01	4.530770e+01
2.420000e-06	2.539845e-06	7.370489e-10	1.802868e+01	4.680304e+01
2.430000e-06	2.579844e-06	7.640400e-10	1.831260e+01	4.826636e+01
2.440000e-06	2.619746e-06	7.858183e-10	1.859584e+01	4.969678e+01
2.450000e-06	2.659518e-06	8.056117e-10	1.887816e+01	5.109356e+01
2.460000e-06	2.699174e-06	8.274057e-10	1.915965e+01	5.245611e+01
2.470000e-06	2.738693e-06	8.466306e-10	1.944017e+01	5.378396e+01
2.480000e-06	2.778040e-06	8.604660e-10	1.971946e+01	5.507678e+01
2.490000e-06	2.817234e-06	8.767470e-10	1.999768e+01	5.633435e+01
2.500000e-06	2.856222e-06	8.989811e-10	2.027442e+01	5.755659e+01
2.510000e-06	2.894928e-06	9.247986e-10	2.054917e+01	5.874352e+01
2.520000e-06	2.933427e-06	9.497538e-10	2.082245e+01	5.989528e+01
2.530000e-06	2.971760e-06	9.718633e-10	2.109455e+01	6.101209e+01
2.540000e-06	3.009770e-06	9.913881e-10	2.136436e+01	6.209430e+01
2.550000e-06	3.047520e-06	1.005472e-09	2.163232e+01	6.314230e+01
2.560000e-06	3.085137e-06	1.011507e-09	2.189934e+01	6.415661e+01
2.570000e-06	3.122620e-06	1.016363e-09	2.216540e+01	6.513776e+01
2.580000e-06	3.159998e-06	1.028357e-09	2.243073e+01	6.608639e+01
2.590000e-06	3.197080e-06	1.045183e-09	2.269395e+01	6.700316e+01
2.600000e-06	3.233839e-06	1.064601e-09	2.295488e+01	6.788879e+01
2.610000e-06	3.270385e-06	1.086477e-09	2.321429e+01	6.874402e+01
2.620000e-06	3.306708e-06	1.104535e-09	2.347212e+01	6.956960e+01
2.630000e-06	3.342898e-06	1.117105e-09	2.372901e+01	7.036634e+01
2.640000e-06	3.378953e-06	1.123605e-09	2.398494e+01	7.113502e+01
2.650000e-06	3.414849e-06	1.125567e-09	2.423975e+01	7.187644e+01
2.660000e-06	3.450609e-06	1.127862e-09	2.449358e+01	7.259138e+01
2.670000e-06	3.486160e-06	1.135697e-09	2.474594e+01	7.328061e+01
2.680000e-06	3.521465e-06	1.146841e-09	2.499654e+01	7.394490e+01
2.690000e-06	3.556551e-06	1.159614e-09	2.524559e+01	7.458497e+01
2.700000e-06	3.591376e-06	1.174254e-09	2.549280e+01	7.520154e+01
2.710000e-06	3.625843e-06	1.187793e-09	2.573746e+01	7.579528e+01
2.720000e-06	3.659783e-06	1.197946e-09	2.597837e+01	7.636685e+01
2.730000e-06	3.693203e-06	1.206326e-09	2.621560e+01	7.691684e+01
2.740000e-06	3.726262e-06	1.213403e-09	2.645026e+01	7.744584e+01
2.750000e-06	3.759027e-06	1.216656e-09	2.668284e+01	7.795438e+01
2.760000e-06	3.791433e-06	1.219727e-09	2.691286e+01	7.844297e+01
2.770000e-06	3.823543e-06	1.224323e-09	2.714079e+01	7.891207e+01
2.780000e-06	3.855576e-06	1.234711e-09	2.736818e+01	7.936213e+01
2.790000e-06	3.887454e-06	1.248267e-09	2.759446e+01	7.979354e+01
2.800000e-06	3.919093e-06	1.254182e-09	2.781904e+01	8.020669e+01
2.810000e-06	3.950540e-06	1.252609e-09	2.804226e+01	8.060192e+01
2.820000e-06	3.981716e-06	1.253873e-09	2.826356e+01	8.097957e+01
2.830000e-06	4.012564e-06	1.259545e-09	2.848253e+01	8.133995e+01
2.840000e-06	4.043121e-06	1.265385e-09	2.869943e+01	8.168336e+01
2.850000e-06	4.073321e-06	1.267542e-09	2.891381e+01	8.201009e+01
2.860000e-06	4.103248e-06	1.271396e-09	2.912624e+01	8.232043e+01
2.870000e-06	4.132958e-06	1.278711e-09	2.933713e+01	8.261465e+01
2.880000e-06	4.162403e-06	1.283817e-09	2.954613e+01	8.289306e+01
2.890000e-06	4.191624e-06	1.282772e-09	2.975356e+01	8.315593e+01
2.900000e-06	4.220565e-06	1.278382e-09	2.995899e+01	8.340359e+01
2.910000e-06	4.249229e-06	1.281969e-09	3.016245e+01	8.363635e+01
2.920000e-06	4.277616e-06	1.288824e-09	3.036396e+01	8.385455e+01
2.930000e-06	4.305750e-06	1.292866e-09	3.056366e+01	8.405855e+01
2.940000e-06	4.333709e-06	1.295375e-09	3.076213e+01	8.424874e+01
2.950000e-06	4.361500e-06	1.297877e-09	3.095939e+01	8.442551e+01
2.960000e-06	4.389121e-06	1.299587e-09	3.115546e+01	8.458930e+01
2.970000e-06	4.416384e-06	1.298658e-09	3.134898e+01	8.474057e+01
2.980000e-06	4.443196e-06	1.294514e-09	3.153930e+01	8.487979e+01
2.990000e-06	4.469590e-06	1.293954e-09	3.172665e+01	8.500749e+01
3.000000e-06	4.495451e-06	1.297631e-09	3.191022e+01	8.512419e+01
3.010000e-06	4.520831e-06	1.302373e-09	3.209038e+01	8.523044e+01
3.020000e-06	4.545690e-06	1.307220e-09	3.226684e+01	8.532682e+01
3.030000e-06	4.570121e-06	1.313853e-09	3.244026e+01	8.541392e+01
3.040000e-06	4.594269e-06	1.317727e-09	3.261166e+01	8.549235e+01
3.050000e-06	4.618143e-06	1.314391e-09	3.278113e+01	8.556271e+01
3.060000e-06	4.641819e-06	1.308449e-09	3.294919e+01	8.562563e+01
3.070000e-06	4.665270e-06	1.304321e-09	3.311565e+01	8.568172e+01
3.080000e-06	4.688353e-06	1.306352e-09	3.327950e+01	8.573161e+01
3.090000e-06	4.711096e-06	1.311766e-09	3.344094e+01	8.577589e+01
3.100000e-06	4.733536e-06	1.312820e-09	3.360023e+01	8.581516e+01
3.110000e-06	4.755568e-06	1.309895e-09	3.375662e+01	8.584998e+01
3.120000e-06	4.777286e-06	1.310415e-09	3.391078e+01	8.588091e+01
3.130000e-06	4.798689e-06	1.313755e-09	3.406271e+01	8.590845e+01
3.140000e-06	4.819790e-06	1.313823e-09	3.421249e+01	8.593309e+01
3.150000e-06	4.840554e-06	1.310781e-09	3.435988e+01	8.595526e+01
3.160000e-06	4.860929e-06	1.309368e-09	3.450451e+01	8.597537e+01
3.170000e-06	4.881084e-06	1.312175e-09	3.464758e+01	8.599375e+01
3.180000e-06	4.901108e-06	1.315349e-09	3.478972e+01	8.601070e+01
3.190000e-06	4.920922e-06	1.311994e-09	3.493036e+01	8.602646e+01
3.200000e-06	4.940439e-06	1.309936e-09	3.506890e+01	8.604120e+01
3.210000e-06	4.959662e-06	1.315518e-09	3.520535e+01	8.605506e+01
3.220000e-06	4.978457e-06	1.322424e-09	3.533876e+01	8.606810e+01
3.230000e-06	4.996803e-06	1.323659e-09	3.546899e+01	8.608031e+01
3.240000e-06	5.014772e-06	1.319264e-09	3.559654e+01	8.609164e+01
3.250000e-06	5.032360e-06	1.314286e-09	3.572138e+01	8.610197e+01
3.260000e-06	5.049702e-06	1.314115e-09	3.584448e+01	8.611112e+01
3.270000e-06	5.066747e-06	1.314583e-09	3.596548e+01	8.611887e+01
3.280000e-06	5.083368e-06	1.313311e-09	3.608346e+01	8.612493e+01
3.290000e-06	5.099610e-06	1.315449e-09	3.619875e+01	8.612898e+01
3.300000e-06	5.115435e-06	1.321612e-09	3.631108e+01	8.613065e+01
3.310000e-06	5.130758e-06	1.325158e-09	3.641985e+01	8.612954e+01
3.320000e-06	5.145687e-06	1.323564e-09	3.652581e+01	8.612520e+01
3.330000e-06	5.160368e-06	1.319124e-09	3.663003e+01	8.611718e+01
3.340000e-06	5.174618e-06	1.314938e-09	3.673118e+01	8.610500e+01
3.350000e-06	5.188315e-06	1.311791e-09	3.682841e+01	8.608817e+01
3.360000e-06	5.201666e-06	1.308839e-09	3.692317e+01	8.606620e+01
3.370000e-06	5.214603e-06	1.306854e-09	3.701500e+01	8.603860e+01
3.380000e-06	5.227105e-06	1.308155e-09	3.710375e+01	8.600491e+01
3.390000e-06	5.239334e-06	1.311785e-09	3.719055e+01	8.596468e+01
3.400000e-06	5.251223e-06	1.313814e-09	3.727495e+01	8.591748e+01
3.410000e-06	5.262680e-06	1.311916e-09	3.735628e+01	8.586294e+01
3.420000e-06	5.273688e-06	1.308787e-09	3.743441e+01	8.580071e+01
3.430000e-06	5.284228e-06	1.304594e-09	3.750923e+01	8.573051e+01
3.440000e-06	5.294193e-06	1.298375e-09	3.757996e+01	8.565211e+01
3.450000e-06	5.303503e-06	1.293075e-09	3.764605e+01	8.556534e+01
3.460000e-06	5.312277e-06	1.291416e-09	3.770833e+01	8.547011e+01
3.470000e-06	5.320666e-06	1.293261e-09	3.776788e+01	8.536639e+01
3.480000e-06	5.328720e-06	1.296434e-09	3.782504e+01	8.525425e+01
3.490000e-06	5.336473e-06	1.297738e-09	3.788008e+01	8.513382e+01
3.500000e-06	5.344008e-06	1.294986e-09	3.793357e+01	8.500532e+01
3.510000e-06	5.351347e-06	1.290411e-09	3.798566e+01	8.486907e+01
3.520000e-06	5.358295e-06	1.287854e-09	3.803498e+01	8.472544e+01
3.530000e-06	5.364797e-06	1.287577e-09	3.808114e+01	8.457492e+01
3.540000e-06	5.370876e-06	1.287616e-09	3.812428e+01	8.441807e+01
3.550000e-06	5.376550e-06	1.287199e-09	3.816456e+01	8.425553e+01
3.560000e-06	5.381840e-06	1.286551e-09	3.820211e+01	8.408800e+01
3.570000e-06	5.386814e-06	1.286098e-09	3.823742e+01	8.391627e+01
3.580000e-06	5.391504e-06	1.281090e-09	3.827071e+01	8.374121e+01
3.590000e-06	5.395828e-06	1.275210e-09	3.830140e+01	8.356372e+01
3.600000e-06	5.399906e-06	1.273603e-09	3.833035e+01	8.338476e+01
3.610000e-06	5.403745e-06	1.274863e-09	3.835760e+01	8.320536e+01
3.620000e-06	5.407297e-06	1.277166e-09	3.838282e+01	8.302654e+01
3.630000e-06	5.410441e-06	1.279057e-09	3.840513e+01	8.284939e+01
3.640000e-06	5.413047e-06	1.279749e-09	3.842362e+01	8.267500e+01
3.650000e-06	5.415164e-06	1.276513e-09	3.843866e+01	8.250447e+01
3.660000e-06	5.416644e-06	1.272419e-09	3.844916e+01	8.233887e+01
3.670000e-06	5.417499e-06	1.271295e-09	3.845523e+01	8.217931e+01
3.680000e-06	5.417984e-06	1.272624e-09	3.845868e+01	8.202683e+01
3.690000e-06	5.418171e-06	1.275322e-09	3.846000e+01	8.188244e+01
3.700000e-06	5.418088e-06	1.275374e-09	3.845941e+01	8.174713e+01
3.710000e-06	5.417687e-06	1.274669e-09	3.845656e+01	8.162182e+01
3.720000e-06	5.416968e-06	1.274732e-09	3.845146e+01	8.150735e+01
3.730000e-06	5.415893e-06	1.270736e-09	3.844383e+01	8.140449e+01
3.740000e-06	5.414405e-06	1.262050e-09	3.843327e+01	8.131396e+01
3.750000e-06	5.412670e-06	1.240180e-09	3.842095e+01	8.123634e+01
3.760000e-06	5.410617e-06	1.205140e-09	3.840638e+01	8.117213e+01
3.770000e-06	5.408137e-06	1.200804e-09	3.838878e+01	8.112175e+01
3.780000e-06	5.405388e-06	1.281150e-09	3.836926e+01	8.108546e+01
3.790000e-06	5.402268e-06	1.340299e-09	3.834711e+01	8.106345e+01
3.800000e-06	5.398692e-06	1.222806e-09	3.832173e+01	8.105576e+01
3.810000e-06	5.394792e-06	1.092840e-09	3.829405e+01	8.106233e+01
3.820000e-06	5.390561e-06	1.215378e-09	3.826402e+01	8.108297e+01
3.830000e-06	5.386025e-06	1.286714e-09	3.823182e+01	8.111737e+01
3.840000e-06	5.381135e-06	1.158891e-09	3.819711e+01	8.116511e+01
3.850000e-06	5.375763e-06	1.018627e-09	3.815897e+01	8.122562e+01
3.860000e-06	5.369843e-06	1.208610e-09	3.811695e+01	8.129825e+01
3.870000e-06	5.363454e-06	1.409173e-09	3.807160e+01	8.138223e+01
3.880000e-06	5.356569e-06	1.205730e-09	3.802273e+01	8.147669e+01
3.890000e-06	5.349209e-06	1.043848e-09	3.797048e+01	8.158065e+01
3.900000e-06	5.341480e-06	1.194770e-09	3.791562e+01	8.169306e+01
3.910000e-06	5.333353e-06	1.342440e-09	3.785794e+01	8.181277e+01
3.920000e-06	5.324879e-06	1.073331e-09	3.779778e+01	8.193858e+01
3.930000e-06	5.316099e-06	1.003540e-09	3.773546e+01	8.206922e+01
3.940000e-06	5.307074e-06	1.266798e-09	3.767140e+01	8.220337e+01
3.950000e-06	5.297743e-06	1.372247e-09	3.760516e+01	8.233967e+01
3.960000e-06	5.287969e-06	1.097583e-09	3.753579e+01	8.247674e+01
3.970000e-06	5.277782e-06	1.097245e-09	3.746347e+01	8.261318e+01
3.980000e-06	5.267174e-06	1.365608e-09	3.738817e+01	8.274759e+01
3.990000e-06	5.256220e-06	1.337401e-09	3.731042e+01	8.287859e+01
4.000000e-06	5.244933e-06	1.137532e-09	3.723030e+01	8.300479e+01
4.010000e-06	5.233336e-06	1.280376e-09	3.714798e+01	8.312487e+01
4.020000e-06	5.221284e-06	1.477272e-09	3.706243e+01	8.323754e+01
4.030000e-06	5.208626e-06	1.294135e-09	3.697258e+01	8.334156e+01
4.040000e-06	5.195607e-06	1.158872e-09	3.688017e+01	8.343576e+01
4.050000e-06	5.182153e-06	1.310171e-09	3.678466e+01	8.351905e+01
4.060000e-06	5.168127e-06	1.350259e-09	3.668510e+01	8.359042e+01
4.070000e-06	5.153717e-06	1.199115e-09	3.658282e+01	8.364896e+01
4.080000e-06	5.138739e-06	1.252156e-09	3.647649e+01	8.369385e+01
4.090000e-06	5.123085e-06	1.352185e-09	3.636538e+01	8.372437e+01
4.100000e-06	5.107074e-06	1.291969e-09	3.625173e+01	8.373993e+01
4.110000e-06	5.090863e-06	1.250605e-09	3.613666e+01	8.374005e+01
4.120000e-06	5.074400e-06	1.319368e-09	3.601980e+01	8.372436e+01
4.130000e-06	5.057569e-06	1.236194e-09	3.590033e+01	8.369261e+01
4.140000e-06	5.040387e-06	1.184227e-09	3.577836e+01	8.364466e+01
4.150000e-06	5.022926e-06	1.270935e-09	3.565442e+01	8.358052e+01
4.160000e-06	5.005166e-06	1.311489e-09	3.552835e+01	8.350029e+01
4.170000e-06	4.986999e-06	1.218954e-09	3.539939e+01	8.340418e+01
4.180000e-06	4.968451e-06	1.250645e-09	3.526774e+01	8.329254e+01
4.190000e-06	4.949553e-06	1.301606e-09	3.513359e+01	8.316579e+01
4.200000e-06	4.930298e-06	1.261346e-09	3.499692e+01	8.302447e+01
4.210000e-06	4.910762e-06	1.210295e-09	3.485824e+01	8.286921e+01
4.220000e-06	4.890952e-06	1.226984e-09	3.471762e+01	8.270071e+01
4.230000e-06	4.870916e-06	1.233027e-09	3.457540e+01	8.251975e+01
4.240000e-06	4.850682e-06	1.252198e-09	3.443177e+01	8.232720e+01
4.250000e-06	4.830165e-06	1.257458e-09	3.428614e+01	8.212395e+01
4.260000e-06	4.809259e-06	1.235839e-09	3.413774e+01	8.191096e+01
4.270000e-06	4.787932e-06	1.239585e-09	3.398635e+01	8.168921e+01
4.280000e-06	4.766109e-06	1.258917e-09	3.383145e+01	8.145973e+01
4.290000e-06	4.743663e-06	1.234039e-09	3.367211e+01	8.122354e+01
4.300000e-06	4.720677e-06	1.207690e-09	3.350895e+01	8.098167e+01
4.310000e-06	4.697252e-06	1.214460e-09	3.334267e+01	8.073516e+01
4.320000e-06	4.673498e-06	1.221030e-09	3.317406e+01	8.048501e+01
4.330000e-06	4.649564e-06	1.223439e-09	3.300417e+01	8.023221e+01
4.340000e-06	4.625413e-06	1.202168e-09	3.283274e+01	7.997772e+01
4.350000e-06	4.600951e-06	1.181453e-09	3.265910e+01	7.972242e+01
4.360000e-06	4.576207e-06	1.196528e-09	3.248345e+01	7.946719e+01
4.370000e-06	4.551106e-06	1.218475e-09	3.230528e+01	7.921282e+01
4.380000e-06	4.525750e-06	1.187367e-09	3.212530e+01	7.896003e+01
4.390000e-06	4.500085e-06	1.173982e-09	3.194311e+01	7.870949e+01
4.400000e-06	4.474041e-06	1.189448e-09	3.175825e+01	7.846177e+01
4.410000e-06	4.447725e-06	1.192020e-09	3.157145e+01	7.821738e+01
4.420000e-06	4.421122e-06	1.164005e-09	3.138261e+01	7.797673e+01
4.430000e-06	4.394208e-06	1.150448e-09	3.119157e+01	7.774017e+01
4.440000e-06	4.366949e-06	1.148973e-09	3.099807e+01	7.750794e+01
4.450000e-06	4.339423e-06	1.168255e-09	3.080268e+01	7.728020e+01
4.460000e-06	4.311654e-06	1.169193e-09	3.060557e+01	7.705704e+01
4.470000e-06	4.283743e-06	1.161501e-09	3.040745e+01	7.683845e+01
4.480000e-06	4.255622e-06	1.159123e-09	3.020784e+01	7.662435e+01
4.490000e-06	4.227148e-06	1.172086e-09	3.000571e+01	7.641459e+01
4.500000e-06	4.198408e-06	1.163965e-09	2.980171e+01	7.620893e+01
4.510000e-06	4.169336e-06	1.148572e-09	2.959535e+01	7.600710e+01
4.520000e-06	4.139765e-06	1.136193e-09	2.938545e+01	7.580873e+01
4.530000e-06	4.109881e-06	1.141533e-09	2.917331e+01	7.561342e+01
4.540000e-06	4.079522e-06	1.151060e-09	2.895782e+01	7.542073e+01
4.550000e-06	4.048497e-06	1.154262e-09	2.873759e+01	7.523015e+01
4.560000e-06	4.017085e-06	1.146981e-09	2.851462e+01	7.504118e+01
4.570000e-06	3.985435e-06	1.148189e-09	2.828996e+01	7.485327e+01
4.580000e-06	3.953612e-06	1.152459e-09	2.806407e+01	7.466585e+01
4.590000e-06	3.921624e-06	1.142670e-09	2.783701e+01	7.447837e+01
4.600000e-06	3.889445e-06	1.124592e-09	2.760859e+01	7.429026e+01
4.610000e-06	3.857063e-06	1.117772e-09	2.737873e+01	7.410096e+01
4.620000e-06	3.824469e-06	1.124585e-09	2.714737e+01	7.390993e+01
4.630000e-06	3.791566e-06	1.123209e-09	2.691381e+01	7.371664e+01
4.640000e-06	3.758356e-06	1.111519e-09	2.667807e+01	7.352060e+01
4.650000e-06	3.724933e-06	1.104648e-09	2.644083e+01	7.332135e+01
4.660000e-06	3.691231e-06	1.112156e-09	2.620160e+01	7.311848e+01
4.670000e-06	3.657352e-06	1.111295e-09	2.596111e+01	7.291160e+01
4.680000e-06	3.623311e-06	1.101169e-09	2.571948e+01	7.270040e+01
4.690000e-06	3.588989e-06	1.086498e-09	2.547585e+01	7.248458e+01
4.700000e-06	3.554415e-06	1.085817e-09	2.523043e+01	7.226393e+01
4.710000e-06	3.519572e-06	1.086396e-09	2.498310e+01	7.203829e+01
4.720000e-06	3.484487e-06	1.081644e-09	2.473406e+01	7.180753e+01
4.730000e-06	3.449090e-06	1.072994e-09	2.448280e+01	7.157160e+01
4.740000e-06	3.413422e-06	1.073411e-09	2.422962e+01	7.133051e+01
4.750000e-06	3.377606e-06	1.074403e-09	2.397538e+01	7.108430e+01
4.760000e-06	3.341627e-06	1.073357e-09	2.371999e+01	7.083307e+01
4.770000e-06	3.305496e-06	1.063895e-09	2.346352e+01	7.057698e+01
4.780000e-06	3.269249e-06	1.057619e-09	2.320623e+01	7.031624e+01
4.790000e-06	3.232812e-06	1.053504e-09	2.294759e+01	7.005106e+01
4.800000e-06	3.196116e-06	1.051023e-09	2.268710e+01	6.978174e+01
4.810000e-06	3.159131e-06	1.042139e-09	2.242458e+01	6.950857e+01
4.820000e-06	3.121755e-06	1.038290e-09	2.215927e+01	6.923189e+01
4.830000e-06	3.084148e-06	1.039310e-09	2.189232e+01	6.895205e+01
4.840000e-06	3.046294e-06	1.039807e-09	2.162362e+01	6.866942e+01
4.850000e-06	3.007919e-06	1.033259e-09	2.135122e+01	6.838435e+01
4.860000e-06	2.969170e-06	1.024666e-09	2.107617e+01	6.809724e+01
4.870000e-06	2.930143e-06	1.022340e-09	2.079914e+01	6.780845e+01
4.880000e-06	2.890755e-06	1.023782e-09	2.051955e+01	6.751833e+01
4.890000e-06	2.851101e-06	1.016590e-09	2.023808e+01	6.722722e+01
4.900000e-06	2.811299e-06	1.005146e-09	1.995554e+01	6.693546e+01
4.910000e-06	2.771355e-06	1.003713e-09	1.967201e+01	6.664332e+01
4.920000e-06	2.731318e-06	1.007383e-09	1.938782e+01	6.635106e+01
4.930000e-06	2.691250e-06	1.005601e-09	1.910340e+01	6.605890e+01
4.940000e-06	2.651086e-06	9.962957e-10	1.881830e+01	6.576703e+01
4.950000e-06	2.610727e-06	9.926034e-10	1.853182e+01	6.547558e+01
4.960000e-06	2.570237e-06	9.913258e-10	1.824441e+01	6.518464e+01
4.970000e-06	2.529715e-06	9.873892e-10	1.795677e+01	6.489424e+01
4.980000e-06	2.489088e-06	9.787156e-10	1.766839e+01	6.460437e+01
4.990000e-06	2.448216e-06	9.734155e-10	1.737826e+01	6.431497e+01
5.000000e-06	2.407005e-06	9.718690e-10	1.708573e+01	6.402592e+01
5.010000e-06	2.365532e-06	9.684510e-10	1.679134e+01	6.373706e+01
5.020000e-06	2.323932e-06	9.577402e-10	1.649605e+01	6.344816e+01
5.030000e-06	2.282244e-06	9.506192e-10	1.620013e+01	6.315896e+01
5.040000e-06	2.240410e-06	9.474505e-10	1.590318e+01	6.286914e+01
5.050000e-06	2.198411e-06	9.456987e-10	1.560506e+01	6.257835e+01
5.060000e-06	2.156279e-06	9.417255e-10	1.530599e+01	6.228620e+01
5.070000e-06	2.114064e-06	9.366103e-10	1.500634e+01	6.199224e+01
5.080000e-06	2.071750e-06	9.300313e-10	1.470598e+01	6.169602e+01
5.090000e-06	2.029261e-06	9.251558e-10	1.440438e+01	6.139704e+01
5.100000e-06	1.986586e-06	9.195325e-10	1.410145e+01	6.109479e+01
5.110000e-06	1.943747e-06	9.142363e-10	1.379737e+01	6.078873e+01
5.120000e-06	1.900807e-06	9.125437e-10	1.349257e+01	6.047832e+01
5.130000e-06	1.857780e-06	9.129604e-10	1.318715e+01	6.016300e+01
5.140000e-06	1.814544e-06	9.108002e-10	1.288024e+01	5.984221e+01
5.150000e-06	1.771168e-06	9.051289e-10	1.257234e+01	5.951541e+01
5.160000e-06	1.727755e-06	8.967619e-10	1.226419e+01	5.918205e+01
5.170000e-06	1.684210e-06	8.877201e-10	1.195509e+01	5.884159e+01
5.180000e-06	1.640474e-06	8.808374e-10	1.164464e+01	5.849351e+01
5.190000e-06	1.596623e-06	8.753745e-10	1.133337e+01	5.813730e+01
5.200000e-06	1.552752e-06	8.725096e-10	1.102196e+01	5.777250e+01
5.210000e-06	1.508814e-06	8.718498e-10	1.071007e+01	5.739865e+01
5.220000e-06	1.464854e-06	8.656791e-10	1.039803e+01	5.701532e+01
5.230000e-06	1.420849e-06	8.571695e-10	1.008567e+01	5.662212e+01
5.240000e-06	1.376766e-06	8.492312e-10	9.772750e+00	5.621868e+01
5.250000e-06	1.332638e-06	8.418909e-10	9.459514e+00	5.580468e+01
5.260000e-06	1.288460e-06	8.360977e-10	9.145922e+00	5.537979e+01
5.270000e-06	1.244256e-06	8.318735e-10	8.832150e+00	5.494377e+01
5.280000e-06	1.200045e-06	8.264423e-10	8.518326e+00	5.449635e+01
5.290000e-06	1.155818e-06	8.180326e-10	8.204382e+00	5.403733e+01
5.300000e-06	1.111504e-06	8.103722e-10	7.889828e+00	5.356651e+01
5.310000e-06	1.067075e-06	8.007202e-10	7.574456e+00	5.308373e+01
5.320000e-06	1.022557e-06	7.887375e-10	7.258454e+00	5.258882e+01
5.330000e-06	9.779916e-07	7.784456e-10	6.942113e+00	5.208166e+01
5.340000e-06	9.333548e-07	7.745214e-10	6.625267e+00	5.156211e+01
5.350000e-06	8.885957e-07	7.720075e-10	6.307551e+00	5.103006e+01
5.360000e-06	8.437921e-07	7.653608e-10	5.989520e+00	5.048538e+01
5.370000e-06	7.989954e-07	7.544945e-10	5.671538e+00	4.992795e+01
5.380000e-06	7.540991e-07	7.414739e-10	5.352849e+00	4.935763e+01
5.390000e-06	7.090755e-07	7.294068e-10	5.033257e+00	4.877427e+01
5.400000e-06	6.640099e-07	7.202782e-10	4.713366e+00	4.817771e+01
5.410000e-06	6.189300e-07	7.119974e-10	4.393373e+00	4.756775e+01
5.420000e-06	5.738342e-07	7.048829e-10	4.073268e+00	4.694417e+01
5.430000e-06	5.286619e-07	6.981467e-10	3.752620e+00	4.630673e+01
5.440000e-06	4.835020e-07	6.904975e-10	3.432060e+00	4.565512e+01
5.450000e-06	4.384206e-07	6.781101e-10	3.112057e+00	4.498903e+01
5.460000e-06	3.932461e-07	6.625442e-10	2.791393e+00	4.430809e+01
5.470000e-06	3.480008e-07	6.496840e-10	2.470226e+00	4.361186e+01
5.480000e-06	3.025759e-07	6.423238e-10	2.147785e+00	4.289990e+01
5.490000e-06	2.570025e-07	6.340120e-10	1.824290e+00	4.217170e+01
5.500000e-06	2.115482e-07	6.214705e-10	1.501640e+00	4.142670e+01
5.510000e-06	1.660798e-07	6.097801e-10	1.178890e+00	4.066429e+01
5.520000e-06	1.205849e-07	6.020759e-10	8.559524e-01	3.988384e+01
5.530000e-06	7.525914e-08	5.919749e-10	5.342147e-01	3.908465e+01
5.540000e-06	2.997012e-08	5.774964e-10	2.127380e-01	3.826600e+01
5.550000e-06	-1.546378e-08	5.638293e-10	-1.097671e-01	3.742712e+01
5.560000e-06	-6.091160e-08	5.543792e-10	-4.323710e-01	3.656723e+01
5.570000e-06	-1.063539e-07	5.436851e-10	-7.549358e-01	3.568551e+01
5.580000e-06	-1.517952e-07	5.287227e-10	-1.077493e+00	3.478112e+01
5.590000e-06	-1.972189e-07	5.121741e-10	-1.399926e+00	3.385321e+01
5.600000e-06	-2.426773e-07	4.949735e-10	-1.722605e+00	3.290094e+01
5.610000e-06	-2.881096e-07	4.781958e-10	-2.045099e+00	3.192347e+01
5.620000e-06	-3.336164e-07	4.616288e-10	-2.368122e+00	3.091995e+01
5.630000e-06	-3.790761e-07	4.450313e-10	-2.690810e+00	2.988957e+01
5.640000e-06	-4.242703e-07	4.315965e-10	-3.011613e+00	2.883157e+01
5.650000e-06	-4.693555e-07	4.208523e-10	-3.331643e+00	2.774519e+01
5.660000e-06	-5.144477e-07	4.064311e-10	-3.651723e+00	2.662975e+01
5.670000e-06	-5.594990e-07	3.894558e-10	-3.971512e+00	2.548462e+01
5.680000e-06	-6.045764e-07	3.694493e-10	-4.291487e+00	2.430923e+01
5.690000e-06	-6.496807e-07	3.470859e-10	-4.611652e+00	2.310311e+01
5.700000e-06	-6.947467e-07	3.227512e-10	-4.931546e+00	2.186586e+01
5.710000e-06	-7.396471e-07	2.995707e-10	-5.250264e+00	2.059717e+01
5.720000e-06	-7.843475e-07	2.831380e-10	-5.567563e+00	1.929686e+01
5.730000e-06	-8.289835e-07	2.715167e-10	-5.884404e+00	1.796484e+01
5.740000e-06	-8.736125e-07	2.593709e-10	-6.201195e+00	1.660113e+01
5.750000e-06	-9.182433e-07	2.418956e-10	-6.518000e+00	1.520591e+01
5.760000e-06	-9.628196e-07	2.206906e-10	-6.834417e+00	1.377945e+01
5.770000e-06	-1.007266e-06	1.965361e-10	-7.149910e+00	1.232217e+01
5.780000e-06	-1.051644e-06	1.683931e-10	-7.464922e+00	1.083463e+01
5.790000e-06	-1.095981e-06	1.365841e-10	-7.779644e+00	9.317528e+00
5.800000e-06	-1.140232e-06	1.073871e-10	-8.093751e+00	7.771688e+00
5.810000e-06	-1.184410e-06	8.688723e-11	-8.407339e+00	6.198087e+00
5.820000e-06	-1.228559e-06	7.344729e-11	-8.720726e+00	4.597836e+00
5.830000e-06	-1.272682e-06	5.867502e-11	-9.033926e+00	2.972181e+00
5.840000e-06	-1.316746e-06	3.720185e-11	-9.346705e+00	1.322504e+00
5.850000e-06	-1.360769e-06	1.081411e-11	-9.659199e+00	-3.496876e-01
5.860000e-06	-1.404767e-06	-1.824117e-11	-9.971506e+00	-2.042764e+00
5.870000e-06	-1.448723e-06	-4.693347e-11	-1.028352e+01	-3.754979e+00
5.880000e-06	-1.492647e-06	-7.607388e-11	-1.059531e+01	-5.484478e+00
5.890000e-06	-1.536552e-06	-1.043942e-10	-1.090696e+01	-7.229306e+00
5.900000e-06	-1.580361e-06	-1.264308e-10	-1.121793e+01	-8.987421e+00
5.910000e-06	-1.624006e-06	-1.442809e-10	-1.152774e+01	-1.075670e+01
5.920000e-06	-1.667619e-06	-1.649901e-10	-1.183732e+01	-1.253494e+01
5.930000e-06	-1.711246e-06	-1.904356e-10	-1.214700e+01	-1.431990e+01
5.940000e-06	-1.754744e-06	-2.181024e-10	-1.245576e+01	-1.610929e+01
5.950000e-06	-1.797999e-06	-2.458102e-10	-1.276280e+01	-1.790077e+01
5.960000e-06	-1.841083e-06	-2.758529e-10	-1.306863e+01	-1.969199e+01
5.970000e-06	-1.884047e-06	-3.080445e-10	-1.337360e+01	-2.148060e+01
5.980000e-06	-1.926917e-06	-3.386977e-10	-1.367790e+01	-2.326424e+01
5.990000e-06	-1.969686e-06	-3.660249e-10	-1.398149e+01	-2.504059e+01
6.000000e-06	-2.012220e-06	-3.925772e-10	-1.428341e+01	-2.680733e+01
6.010000e-06	-2.054533e-06	-4.217340e-10	-1.458377e+01	-2.856221e+01
6.020000e-06	-2.096685e-06	-4.486857e-10	-1.488297e+01	-3.030303e+01
6.030000e-06	-2.138777e-06	-4.724110e-10	-1.518176e+01	-3.202764e+01
6.040000e-06	-2.180791e-06	-4.968097e-10	-1.547999e+01	-3.373398e+01
6.050000e-06	-2.222666e-06	-5.217669e-10	-1.577723e+01	-3.542009e+01
6.060000e-06	-2.264409e-06	-5.498387e-10	-1.607354e+01	-3.708409e+01
6.070000e-06	-2.305966e-06	-5.788835e-10	-1.636852e+01	-3.872419e+01
6.080000e-06	-2.347325e-06	-6.056332e-10	-1.666210e+01	-4.033876e+01
6.090000e-06	-2.388532e-06	-6.305649e-10	-1.695460e+01	-4.192624e+01
6.100000e-06	-2.429513e-06	-6.532733e-10	-1.724550e+01	-4.348522e+01
6.110000e-06	-2.470251e-06	-6.746659e-10	-1.753467e+01	-4.501442e+01
6.120000e-06	-2.510778e-06	-6.950189e-10	-1.782235e+01	-4.651269e+01
6.130000e-06	-2.551133e-06	-7.146010e-10	-1.810880e+01	-4.797900e+01
6.140000e-06	-2.591291e-06	-7.342375e-10	-1.839386e+01	-4.941248e+01
6.150000e-06	-2.631302e-06	-7.575718e-10	-1.867787e+01	-5.081239e+01
6.160000e-06	-2.671323e-06	-7.818844e-10	-1.896195e+01	-5.217810e+01
6.170000e-06	-2.711304e-06	-8.019791e-10	-1.924575e+01	-5.350915e+01
6.180000e-06	-2.751203e-06	-8.162209e-10	-1.952896e+01	-5.480519e+01
6.190000e-06	-2.791019e-06	-8.300385e-10	-1.981159e+01	-5.606600e+01
6.200000e-06	-2.830748e-06	-8.451036e-10	-2.009360e+01	-5.729148e+01
6.210000e-06	-2.870287e-06	-8.586223e-10	-2.037426e+01	-5.848164e+01
6.220000e-06	-2.909445e-06	-8.725812e-10	-2.065222e+01	-5.963661e+01
6.230000e-06	-2.948325e-06	-8.893048e-10	-2.092820e+01	-6.075662e+01
6.240000e-06	-2.986872e-06	-9.117563e-10	-2.120182e+01	-6.184199e+01
6.250000e-06	-3.024984e-06	-9.319702e-10	-2.147236e+01	-6.289312e+01
6.260000e-06	-3.062746e-06	-9.446864e-10	-2.174040e+01	-6.391051e+01
6.270000e-06	-3.100133e-06	-9.545413e-10	-2.200579e+01	-6.489470e+01
6.280000e-06	-3.137235e-06	-9.660224e-10	-2.226915e+01	-6.584630e+01
6.290000e-06	-3.174070e-06	-9.787690e-10	-2.253062e+01	-6.676600e+01
6.300000e-06	-3.210681e-06	-9.904840e-10	-2.279049e+01	-6.765449e+01
6.310000e-06	-3.247027e-06	-1.001593e-09	-2.304849e+01	-6.851251e+01
6.320000e-06	-3.283193e-06	-1.018180e-09	-2.330521e+01	-6.934083e+01
6.330000e-06	-3.319264e-06	-1.039282e-09	-2.356125e+01	-7.014024e+01
6.340000e-06	-3.355181e-06	-1.056284e-09	-2.381621e+01	-7.091152e+01
6.350000e-06	-3.390979e-06	-1.066478e-09	-2.407031e+01	-7.165547e+01
6.360000e-06	-3.426625e-06	-1.074299e-09	-2.432333e+01	-7.237288e+01
6.370000e-06	-3.461875e-06	-1.082771e-09	-2.457355e+01	-7.306451e+01
6.380000e-06	-3.496803e-06	-1.089911e-09	-2.482148e+01	-7.373114e+01
6.390000e-06	-3.531619e-06	-1.095806e-09	-2.506862e+01	-7.437350e+01
6.400000e-06	-3.566139e-06	-1.104408e-09	-2.531365e+01	-7.499230e+01
6.410000e-06	-3.600417e-06	-1.116524e-09	-2.555697e+01	-7.558821e+01
6.420000e-06	-3.634567e-06	-1.129329e-09	-2.579938e+01	-7.616189e+01
6.430000e-06	-3.668441e-06	-1.138709e-09	-2.603983e+01	-7.671395e+01
6.440000e-06	-3.701956e-06	-1.143488e-09	-2.627773e+01	-7.724497e+01
6.450000e-06	-3.735209e-06	-1.149034e-09	-2.651377e+01	-7.775549e+01
6.460000e-06	-3.768267e-06	-1.158009e-09	-2.674843e+01	-7.824602e+01
6.470000e-06	-3.800993e-06	-1.165787e-09	-2.698073e+01	-7.871702e+01
6.480000e-06	-3.833473e-06	-1.173608e-09	-2.721128e+01	-7.916894e+01
6.490000e-06	-3.865783e-06	-1.181272e-09	-2.744063e+01	-7.960219e+01
6.500000e-06	-3.897837e-06	-1.191116e-09	-2.766815e+01	-8.001714e+01
6.510000e-06	-3.929712e-06	-1.198417e-09	-2.789441e+01	-8.041414e+01
6.520000e-06	-3.961387e-06	-1.200007e-09	-2.811926e+01	-8.079354e+01
6.530000e-06	-3.992812e-06	-1.204727e-09	-2.834232e+01	-8.115564e+01
6.540000e-06	-4.023961e-06	-1.214175e-09	-2.856343e+01	-8.150075e+01
6.550000e-06	-4.054724e-06	-1.226467e-09	-2.878179e+01	-8.182915e+01
6.560000e-06	-4.084980e-06	-1.233519e-09	-2.899656e+01	-8.214114e+01
6.570000e-06	-4.114755e-06	-1.237385e-09	-2.920792e+01	-8.243699e+01
6.580000e-06	-4.144109e-06	-1.240691e-09	-2.941628e+01	-8.271699e+01
6.590000e-06	-4.172960e-06	-1.242137e-09	-2.962107e+01	-8.298144e+01
6.600000e-06	-4.201390e-06	-1.240085e-09	-2.982288e+01	-8.323065e+01
6.610000e-06	-4.229688e-06	-1.238605e-09	-3.002375e+01	-8.346493e+01
6.620000e-06	-4.257842e-06	-1.245487e-09	-3.022359e+01	-8.368463e+01
6.630000e-06	-4.285735e-06	-1.259233e-09	-3.042159e+01	-8.389009e+01
6.640000e-06	-4.313376e-06	-1.268987e-09	-3.061779e+01	-8.408170e+01
6.650000e-06	-4.340788e-06	-1.271315e-09	-3.081238e+01	-8.425987e+01
6.660000e-06	-4.368006e-06	-1.271738e-09	-3.100557e+01	-8.442502e+01
6.670000e-06	-4.394897e-06	-1.271788e-09	-3.119645e+01	-8.457760e+01
6.680000e-06	-4.421391e-06	-1.267419e-09	-3.138452e+01	-8.471811e+01
6.690000e-06	-4.447553e-06	-1.262387e-09	-3.157022e+01	-8.484704e+01
6.700000e-06	-4.473413e-06	-1.265360e-09	-3.175379e+01	-8.496492e+01
6.710000e-06	-4.498878e-06	-1.276135e-09	-3.193455e+01	-8.507232e+01
6.720000e-06	-4.523963e-06	-1.286929e-09	-3.211261e+01	-8.516979e+01
6.730000e-06	-4.548804e-06	-1.290677e-09	-3.228894e+01	-8.525794e+01
6.740000e-06	-4.573352e-06	-1.289819e-09	-3.246319e+01	-8.533736e+01
6.750000e-06	-4.597638e-06	-1.291773e-09	-3.263558e+01	-8.540866e+01
6.760000e-06	-4.621714e-06	-1.292471e-09	-3.280648e+01	-8.547247e+01
6.770000e-06	-4.645595e-06	-1.288675e-09	-3.297600e+01	-8.552940e+01
6.780000e-06	-4.669306e-06	-1.288051e-09	-3.314430e+01	-8.558008e+01
6.790000e-06	-4.692729e-06	-1.293330e-09	-3.331057e+01	-8.562510e+01
6.800000e-06	-4.715716e-06	-1.300298e-09	-3.347374e+01	-8.566505e+01
6.810000e-06	-4.738243e-06	-1.301677e-09	-3.363364e+01	-8.570052e+01
6.820000e-06	-4.760148e-06	-1.298279e-09	-3.378913e+01	-8.573204e+01
6.830000e-06	-4.781511e-06	-1.295578e-09	-3.394077e+01	-8.576014e+01
6.840000e-06	-4.802472e-06	-1.297607e-09	-3.408956e+01	-8.578530e+01
6.850000e-06	-4.823011e-06	-1.299250e-09	-3.423536e+01	-8.580796e+01
6.860000e-06	-4.843243e-06	-1.299456e-09	-3.437897e+01	-8.582851e+01
6.870000e-06	-4.863233e-06	-1.301395e-09	-3.452086e+01	-8.584732e+01
6.880000e-06	-4.883057e-06	-1.305933e-09	-3.466158e+01	-8.586467e+01
6.890000e-06	-4.902668e-06	-1.307665e-09	-3.480079e+01	-8.588081e+01
6.900000e-06	-4.921980e-06	-1.304906e-09	-3.493787e+01	-8.589593e+01
6.910000e-06	-4.940922e-06	-1.302213e-09	-3.507233e+01	-8.591016e+01
6.920000e-06	-4.959453e-06	-1.303275e-09	-3.520386e+01	-8.592355e+01
6.930000e-06	-4.977617e-06	-1.306216e-09	-3.533280e+01	-8.593613e+01
6.940000e-06	-4.995434e-06	-1.306032e-09	-3.545927e+01	-8.594783e+01
6.950000e-06	-5.012922e-06	-1.305662e-09	-3.558341e+01	-8.595854e+01
6.960000e-06	-5.030131e-06	-1.308229e-09	-3.570556e+01	-8.596809e+01
6.970000e-06	-5.047059e-06	-1.311709e-09	-3.582572e+01	-8.597626e+01
6.980000e-06	-5.063607e-06	-1.311141e-09	-3.594319e+01	-8.598277e+01
6.990000e-06	-5.079839e-06	-1.306735e-09	-3.605840e+01	-8.598729e+01
7.000000e-06	-5.095898e-06	-1.304903e-09	-3.617240e+01	-8.598947e+01
7.010000e-06	-5.111737e-06	-1.306675e-09	-3.628483e+01	-8.598890e+01
7.020000e-06	-5.127147e-06	-1.306832e-09	-3.639422e+01	-8.598514e+01
7.030000e-06	-5.141990e-06	-1.305385e-09	-3.649958e+01	-8.597774e+01
7.040000e-06	-5.156330e-06	-1.303786e-09	-3.660137e+01	-8.596621e+01
7.050000e-06	-5.170034e-06	-1.301393e-09	-3.669864e+01	-8.595008e+01
7.060000e-06	-5.183147e-06	-1.298133e-09	-3.679172e+01	-8.592885e+01
7.070000e-06	-5.195822e-06	-1.294375e-09	-3.688169e+01	-8.590204e+01
7.080000e-06	-5.208090e-06	-1.292596e-09	-3.696877e+01	-8.586917e+01
7.090000e-06	-5.220090e-06	-1.295736e-09	-3.705395e+01	-8.582979e+01
7.100000e-06	-5.231778e-06	-1.300609e-09	-3.713692e+01	-8.578348e+01
7.110000e-06	-5.243054e-06	-1.300999e-09	-3.721696e+01	-8.572986e+01
7.120000e-06	-5.253918e-06	-1.297765e-09	-3.729407e+01	-8.566857e+01
7.130000e-06	-5.264368e-06	-1.294032e-09	-3.736826e+01	-8.559934e+01
7.140000e-06	-5.274461e-06	-1.291305e-09	-3.743990e+01	-8.552192e+01
7.150000e-06	-5.284234e-06	-1.289934e-09	-3.750927e+01	-8.543615e+01
7.160000e-06	-5.293629e-06	-1.287552e-09	-3.757596e+01	-8.534191e+01
7.170000e-06	-5.302591e-06	-1.284528e-09	-3.763957e+01	-8.523920e+01
7.180000e-06	-5.311138e-06	-1.283192e-09	-3.770024e+01	-8.512805e+01
7.190000e-06	-5.319390e-06	-1.282853e-09	-3.775882e+01	-8.500859e+01
7.200000e-06	-5.327492e-06	-1.281736e-09	-3.781633e+01	-8.488105e+01
7.210000e-06	-5.335385e-06	-1.281024e-09	-3.787236e+01	-8.474572e+01
7.220000e-06	-5.342898e-06	-1.280761e-09	-3.792569e+01	-8.460299e+01
7.230000e-06	-5.350006e-06	-1.279477e-09	-3.797614e+01	-8.445332e+01
7.240000e-06	-5.356654e-06	-1.276813e-09	-3.802333e+01	-8.429727e+01
7.250000e-06	-5.362580e-06	-1.274188e-09	-3.806539e+01	-8.413546e+01
7.260000e-06	-5.367781e-06	-1.270885e-09	-3.810231e+01	-8.396861e+01
7.270000e-06	-5.372573e-06	-1.267846e-09	-3.813633e+01	-8.379750e+01
7.280000e-06	-5.377036e-06	-1.266299e-09	-3.816801e+01	-8.362297e+01
7.290000e-06	-5.381204e-06	-1.263788e-09	-3.819760e+01	-8.344594e+01
7.300000e-06	-5.385147e-06	-1.259851e-09	-3.822558e+01	-8.326736e+01
7.310000e-06	-5.388805e-06	-1.256772e-09	-3.825155e+01	-8.308825e+01
7.320000e-06	-5.392137e-06	-1.255350e-09	-3.827520e+01	-8.290964e+01
7.330000e-06	-5.395135e-06	-1.255749e-09	-3.829649e+01	-8.273260e+01
7.340000e-06	-5.397714e-06	-1.256644e-09	-3.831479e+01	-8.255823e+01
7.350000e-06	-5.399925e-06	-1.255885e-09	-3.833049e+01	-8.238762e+01
7.360000e-06	-5.401877e-06	-1.253239e-09	-3.834434e+01	-8.222187e+01
7.370000e-06	-5.403484e-06	-1.249386e-09	-3.835575e+01	-8.206206e+01
7.380000e-06	-5.404683e-06	-1.245823e-09	-3.836426e+01	-8.190924e+01
7.390000e-06	-5.405517e-06	-1.244853e-09	-3.837018e+01	-8.176443e+01
7.400000e-06	-5.406001e-06	-1.246034e-09	-3.837361e+01	-8.162863e+01
