# Temperatura_=_20.0
# Concentracion g/m^3_=_4090.0
# C_Vs_to_Am_M_A/Vsm_=_65563218390.804596
# pendiente_HvsI_1/m_=_3716.3
# ordenada_HvsI_A/m_=_1297.0
# frecuencia_Hz_=_135081.66300542213

Tiempo_(s)	Campo_(V.s)	Magnetizacion_(V.s)	Campo_(kA/m)	Magnetizacion_(A/m)
0.000000e+00	-5.405238e-06	-1.267612e-09	-3.838481e+01	-8.359773e+01
1.000000e-08	-5.405367e-06	-1.262388e-09	-3.838573e+01	-8.350397e+01
2.000000e-08	-5.405251e-06	-1.255829e-09	-3.838490e+01	-8.342000e+01
3.000000e-08	-5.404835e-06	-1.250568e-09	-3.838195e+01	-8.334649e+01
4.000000e-08	-5.404086e-06	-1.248516e-09	-3.837663e+01	-8.328403e+01
5.000000e-08	-5.402876e-06	-1.248205e-09	-3.836804e+01	-8.323311e+01
6.000000e-08	-5.401090e-06	-1.255856e-09	-3.835536e+01	-8.319412e+01
7.000000e-08	-5.398657e-06	-1.278330e-09	-3.833808e+01	-8.316736e+01
8.000000e-08	-5.395709e-06	-1.279606e-09	-3.831714e+01	-8.315301e+01
9.000000e-08	-5.392250e-06	-1.207408e-09	-3.829258e+01	-8.315114e+01
1.000000e-07	-5.388292e-06	-1.175993e-09	-3.826447e+01	-8.316173e+01
1.100000e-07	-5.384067e-06	-1.292374e-09	-3.823447e+01	-8.318460e+01
1.200000e-07	-5.379636e-06	-1.337498e-09	-3.820301e+01	-8.321951e+01
1.300000e-07	-5.374908e-06	-1.201211e-09	-3.816943e+01	-8.326606e+01
1.400000e-07	-5.369817e-06	-1.150731e-09	-3.813328e+01	-8.332379e+01
1.500000e-07	-5.364364e-06	-1.307362e-09	-3.809455e+01	-8.339209e+01
1.600000e-07	-5.358515e-06	-1.410562e-09	-3.805302e+01	-8.347026e+01
1.700000e-07	-5.352214e-06	-1.189113e-09	-3.800827e+01	-8.355754e+01
1.800000e-07	-5.345496e-06	-1.094702e-09	-3.796056e+01	-8.365302e+01
1.900000e-07	-5.338496e-06	-1.271731e-09	-3.791085e+01	-8.375577e+01
2.000000e-07	-5.331202e-06	-1.383586e-09	-3.785906e+01	-8.386473e+01
2.100000e-07	-5.323583e-06	-1.240908e-09	-3.780495e+01	-8.397883e+01
2.200000e-07	-5.315701e-06	-1.229478e-09	-3.774897e+01	-8.409690e+01
2.300000e-07	-5.307557e-06	-1.396145e-09	-3.769114e+01	-8.421774e+01
2.400000e-07	-5.299050e-06	-1.385435e-09	-3.763073e+01	-8.434014e+01
2.500000e-07	-5.290002e-06	-1.270856e-09	-3.756647e+01	-8.446282e+01
2.600000e-07	-5.280418e-06	-1.340838e-09	-3.749842e+01	-8.458453e+01
2.700000e-07	-5.270218e-06	-1.454386e-09	-3.742598e+01	-8.470400e+01
2.800000e-07	-5.259453e-06	-1.332447e-09	-3.734953e+01	-8.481996e+01
2.900000e-07	-5.248241e-06	-1.264806e-09	-3.726991e+01	-8.493117e+01
3.000000e-07	-5.236588e-06	-1.388281e-09	-3.718716e+01	-8.503644e+01
3.100000e-07	-5.224543e-06	-1.409790e-09	-3.710162e+01	-8.513459e+01
3.200000e-07	-5.212064e-06	-1.258839e-09	-3.701300e+01	-8.522451e+01
3.300000e-07	-5.199183e-06	-1.298273e-09	-3.692153e+01	-8.530515e+01
3.400000e-07	-5.185922e-06	-1.409371e-09	-3.682736e+01	-8.537552e+01
3.500000e-07	-5.172327e-06	-1.367327e-09	-3.673082e+01	-8.543472e+01
3.600000e-07	-5.158334e-06	-1.302509e-09	-3.663145e+01	-8.548191e+01
3.700000e-07	-5.143907e-06	-1.362650e-09	-3.652900e+01	-8.551638e+01
3.800000e-07	-5.129148e-06	-1.341922e-09	-3.642419e+01	-8.553749e+01
3.900000e-07	-5.113868e-06	-1.292972e-09	-3.631568e+01	-8.554469e+01
4.000000e-07	-5.097985e-06	-1.330488e-09	-3.620288e+01	-8.553757e+01
4.100000e-07	-5.081499e-06	-1.346713e-09	-3.608581e+01	-8.551579e+01
4.200000e-07	-5.064430e-06	-1.280930e-09	-3.596460e+01	-8.547914e+01
4.300000e-07	-5.047324e-06	-1.320779e-09	-3.584312e+01	-8.542750e+01
4.400000e-07	-5.030108e-06	-1.381547e-09	-3.572086e+01	-8.536087e+01
4.500000e-07	-5.012412e-06	-1.319577e-09	-3.559519e+01	-8.527934e+01
4.600000e-07	-4.994420e-06	-1.262249e-09	-3.546743e+01	-8.518313e+01
4.700000e-07	-4.976111e-06	-1.302660e-09	-3.533741e+01	-8.507252e+01
4.800000e-07	-4.957315e-06	-1.311723e-09	-3.520393e+01	-8.494792e+01
4.900000e-07	-4.938137e-06	-1.278108e-09	-3.506774e+01	-8.480978e+01
5.000000e-07	-4.918615e-06	-1.278019e-09	-3.492910e+01	-8.465867e+01
5.100000e-07	-4.898772e-06	-1.283411e-09	-3.478819e+01	-8.449523e+01
5.200000e-07	-4.878745e-06	-1.294254e-09	-3.464597e+01	-8.432015e+01
5.300000e-07	-4.858439e-06	-1.303933e-09	-3.450177e+01	-8.413418e+01
5.400000e-07	-4.837905e-06	-1.275891e-09	-3.435595e+01	-8.393812e+01
5.500000e-07	-4.817141e-06	-1.245491e-09	-3.420849e+01	-8.373282e+01
5.600000e-07	-4.795923e-06	-1.278647e-09	-3.405782e+01	-8.351915e+01
5.700000e-07	-4.774246e-06	-1.290548e-09	-3.390388e+01	-8.329799e+01
5.800000e-07	-4.752253e-06	-1.256165e-09	-3.374770e+01	-8.307027e+01
5.900000e-07	-4.730010e-06	-1.235249e-09	-3.358974e+01	-8.283687e+01
6.000000e-07	-4.707447e-06	-1.252369e-09	-3.342952e+01	-8.259871e+01
6.100000e-07	-4.684519e-06	-1.261115e-09	-3.326669e+01	-8.235666e+01
6.200000e-07	-4.661295e-06	-1.261960e-09	-3.310177e+01	-8.211159e+01
6.300000e-07	-4.637769e-06	-1.238801e-09	-3.293470e+01	-8.186433e+01
6.400000e-07	-4.613965e-06	-1.234058e-09	-3.276566e+01	-8.161565e+01
6.500000e-07	-4.589969e-06	-1.258742e-09	-3.259525e+01	-8.136632e+01
6.600000e-07	-4.565798e-06	-1.267441e-09	-3.242360e+01	-8.111700e+01
6.700000e-07	-4.541368e-06	-1.229646e-09	-3.225012e+01	-8.086835e+01
6.800000e-07	-4.516483e-06	-1.216221e-09	-3.207340e+01	-8.062092e+01
6.900000e-07	-4.491134e-06	-1.233694e-09	-3.189338e+01	-8.037522e+01
7.000000e-07	-4.465374e-06	-1.241450e-09	-3.171046e+01	-8.013168e+01
7.100000e-07	-4.439079e-06	-1.222931e-09	-3.152372e+01	-7.989066e+01
7.200000e-07	-4.412289e-06	-1.213434e-09	-3.133347e+01	-7.965245e+01
7.300000e-07	-4.385153e-06	-1.223677e-09	-3.114077e+01	-7.941727e+01
7.400000e-07	-4.357627e-06	-1.239461e-09	-3.094530e+01	-7.918525e+01
7.500000e-07	-4.329793e-06	-1.227160e-09	-3.074764e+01	-7.895648e+01
7.600000e-07	-4.301763e-06	-1.202871e-09	-3.054858e+01	-7.873094e+01
7.700000e-07	-4.273550e-06	-1.202774e-09	-3.034823e+01	-7.850857e+01
7.800000e-07	-4.245176e-06	-1.215416e-09	-3.014674e+01	-7.828925e+01
7.900000e-07	-4.216489e-06	-1.210043e-09	-2.994302e+01	-7.807278e+01
8.000000e-07	-4.187407e-06	-1.193286e-09	-2.973649e+01	-7.785892e+01
8.100000e-07	-4.157998e-06	-1.190045e-09	-2.952765e+01	-7.764738e+01
8.200000e-07	-4.128327e-06	-1.197690e-09	-2.931694e+01	-7.743782e+01
8.300000e-07	-4.098396e-06	-1.200804e-09	-2.910439e+01	-7.722986e+01
8.400000e-07	-4.068237e-06	-1.187288e-09	-2.889022e+01	-7.702311e+01
8.500000e-07	-4.037804e-06	-1.176908e-09	-2.867410e+01	-7.681714e+01
8.600000e-07	-4.007071e-06	-1.178945e-09	-2.845586e+01	-7.661149e+01
8.700000e-07	-3.976139e-06	-1.186197e-09	-2.823620e+01	-7.640570e+01
8.800000e-07	-3.944926e-06	-1.173928e-09	-2.801454e+01	-7.619932e+01
8.900000e-07	-3.913456e-06	-1.159347e-09	-2.779106e+01	-7.599187e+01
9.000000e-07	-3.881765e-06	-1.158025e-09	-2.756601e+01	-7.578291e+01
9.100000e-07	-3.849893e-06	-1.166736e-09	-2.733967e+01	-7.557199e+01
9.200000e-07	-3.817897e-06	-1.164479e-09	-2.711246e+01	-7.535869e+01
9.300000e-07	-3.785660e-06	-1.157301e-09	-2.688352e+01	-7.514262e+01
9.400000e-07	-3.753138e-06	-1.157071e-09	-2.665257e+01	-7.492339e+01
9.500000e-07	-3.720288e-06	-1.165851e-09	-2.641929e+01	-7.470069e+01
9.600000e-07	-3.687140e-06	-1.165076e-09	-2.618389e+01	-7.447420e+01
9.700000e-07	-3.653718e-06	-1.151868e-09	-2.594655e+01	-7.424368e+01
9.800000e-07	-3.619829e-06	-1.137247e-09	-2.570589e+01	-7.400889e+01
9.900000e-07	-3.585432e-06	-1.134536e-09	-2.546162e+01	-7.376968e+01
1.000000e-06	-3.550683e-06	-1.133406e-09	-2.521486e+01	-7.352591e+01
1.010000e-06	-3.515586e-06	-1.129077e-09	-2.496562e+01	-7.327750e+01
1.020000e-06	-3.480141e-06	-1.125547e-09	-2.471391e+01	-7.302441e+01
1.030000e-06	-3.444433e-06	-1.129796e-09	-2.446033e+01	-7.276664e+01
1.040000e-06	-3.408549e-06	-1.132804e-09	-2.420551e+01	-7.250424e+01
1.050000e-06	-3.372562e-06	-1.125420e-09	-2.394994e+01	-7.223730e+01
1.060000e-06	-3.336419e-06	-1.111723e-09	-2.369328e+01	-7.196594e+01
1.070000e-06	-3.300111e-06	-1.100085e-09	-2.343544e+01	-7.169033e+01
1.080000e-06	-3.263646e-06	-1.091522e-09	-2.317649e+01	-7.141066e+01
1.090000e-06	-3.227025e-06	-1.084492e-09	-2.291643e+01	-7.112713e+01
1.100000e-06	-3.190118e-06	-1.082213e-09	-2.265434e+01	-7.084000e+01
1.110000e-06	-3.152894e-06	-1.084587e-09	-2.239000e+01	-7.054951e+01
1.120000e-06	-3.115469e-06	-1.088542e-09	-2.212422e+01	-7.025594e+01
1.130000e-06	-3.077841e-06	-1.086495e-09	-2.185701e+01	-6.995957e+01
1.140000e-06	-3.039993e-06	-1.077708e-09	-2.158824e+01	-6.966068e+01
1.150000e-06	-3.001947e-06	-1.067489e-09	-2.131806e+01	-6.935955e+01
1.160000e-06	-2.963704e-06	-1.059662e-09	-2.104648e+01	-6.905646e+01
1.170000e-06	-2.925328e-06	-1.051374e-09	-2.077395e+01	-6.875167e+01
1.180000e-06	-2.886728e-06	-1.044758e-09	-2.049984e+01	-6.844542e+01
1.190000e-06	-2.847854e-06	-1.039923e-09	-2.022378e+01	-6.813794e+01
1.200000e-06	-2.808759e-06	-1.044360e-09	-1.994615e+01	-6.782944e+01
1.210000e-06	-2.769346e-06	-1.048619e-09	-1.966626e+01	-6.752010e+01
1.220000e-06	-2.729768e-06	-1.046828e-09	-1.938520e+01	-6.721005e+01
1.230000e-06	-2.690124e-06	-1.038288e-09	-1.910367e+01	-6.689941e+01
1.240000e-06	-2.650336e-06	-1.027674e-09	-1.882113e+01	-6.658825e+01
1.250000e-06	-2.610413e-06	-1.016263e-09	-1.853761e+01	-6.627663e+01
1.260000e-06	-2.570389e-06	-1.008947e-09	-1.825339e+01	-6.596452e+01
1.270000e-06	-2.530334e-06	-1.005580e-09	-1.796894e+01	-6.565191e+01
1.280000e-06	-2.490255e-06	-1.005086e-09	-1.768432e+01	-6.533869e+01
1.290000e-06	-2.450071e-06	-1.005599e-09	-1.739896e+01	-6.502477e+01
1.300000e-06	-2.409689e-06	-1.003525e-09	-1.711219e+01	-6.470998e+01
1.310000e-06	-2.369081e-06	-9.945225e-10	-1.682381e+01	-6.439413e+01
1.320000e-06	-2.328299e-06	-9.830123e-10	-1.653421e+01	-6.407698e+01
1.330000e-06	-2.287289e-06	-9.730255e-10	-1.624298e+01	-6.375828e+01
1.340000e-06	-2.246031e-06	-9.674835e-10	-1.594999e+01	-6.343773e+01
1.350000e-06	-2.204417e-06	-9.651714e-10	-1.565447e+01	-6.311501e+01
1.360000e-06	-2.162455e-06	-9.637013e-10	-1.535648e+01	-6.278976e+01
1.370000e-06	-2.120224e-06	-9.609832e-10	-1.505658e+01	-6.246163e+01
1.380000e-06	-2.077718e-06	-9.552146e-10	-1.475473e+01	-6.213023e+01
1.390000e-06	-2.035042e-06	-9.487702e-10	-1.445166e+01	-6.179514e+01
1.400000e-06	-1.992178e-06	-9.408221e-10	-1.414727e+01	-6.145597e+01
1.410000e-06	-1.949129e-06	-9.334136e-10	-1.384157e+01	-6.111228e+01
1.420000e-06	-1.905921e-06	-9.259461e-10	-1.353473e+01	-6.076366e+01
1.430000e-06	-1.862486e-06	-9.208116e-10	-1.322628e+01	-6.040967e+01
1.440000e-06	-1.818883e-06	-9.179065e-10	-1.291663e+01	-6.004991e+01
1.450000e-06	-1.775154e-06	-9.140703e-10	-1.260610e+01	-5.968394e+01
1.460000e-06	-1.731302e-06	-9.061113e-10	-1.229468e+01	-5.931137e+01
1.470000e-06	-1.687369e-06	-8.985467e-10	-1.198270e+01	-5.893179e+01
1.480000e-06	-1.643334e-06	-8.922804e-10	-1.166999e+01	-5.854482e+01
1.490000e-06	-1.599242e-06	-8.883650e-10	-1.135687e+01	-5.815010e+01
1.500000e-06	-1.555118e-06	-8.857673e-10	-1.104353e+01	-5.774727e+01
1.510000e-06	-1.510916e-06	-8.846416e-10	-1.072963e+01	-5.733599e+01
1.520000e-06	-1.466708e-06	-8.815247e-10	-1.041570e+01	-5.691594e+01
1.530000e-06	-1.422475e-06	-8.731722e-10	-1.010158e+01	-5.648682e+01
1.540000e-06	-1.378142e-06	-8.612922e-10	-9.786748e+00	-5.604834e+01
1.550000e-06	-1.333741e-06	-8.478193e-10	-9.471440e+00	-5.560022e+01
1.560000e-06	-1.289305e-06	-8.357583e-10	-9.155884e+00	-5.514220e+01
1.570000e-06	-1.244785e-06	-8.299407e-10	-8.839732e+00	-5.467403e+01
1.580000e-06	-1.200191e-06	-8.273019e-10	-8.523046e+00	-5.419548e+01
1.590000e-06	-1.155561e-06	-8.272674e-10	-8.206111e+00	-5.370629e+01
1.600000e-06	-1.110795e-06	-8.265557e-10	-7.888211e+00	-5.320625e+01
1.610000e-06	-1.065864e-06	-8.184657e-10	-7.569136e+00	-5.269511e+01
1.620000e-06	-1.020869e-06	-8.047343e-10	-7.249611e+00	-5.217263e+01
1.630000e-06	-9.759170e-07	-7.899437e-10	-6.930387e+00	-5.163857e+01
1.640000e-06	-9.308888e-07	-7.754092e-10	-6.610623e+00	-5.109268e+01
1.650000e-06	-8.856601e-07	-7.632619e-10	-6.289436e+00	-5.053466e+01
1.660000e-06	-8.402841e-07	-7.558110e-10	-5.967202e+00	-4.996424e+01
1.670000e-06	-7.948735e-07	-7.551242e-10	-5.644723e+00	-4.938109e+01
1.680000e-06	-7.494643e-07	-7.569530e-10	-5.322254e+00	-4.878487e+01
1.690000e-06	-7.039254e-07	-7.526534e-10	-4.998863e+00	-4.817520e+01
1.700000e-06	-6.582686e-07	-7.403288e-10	-4.674636e+00	-4.755169e+01
1.710000e-06	-6.125938e-07	-7.258154e-10	-4.350280e+00	-4.691389e+01
1.720000e-06	-5.668918e-07	-7.124318e-10	-4.025731e+00	-4.626133e+01
1.730000e-06	-5.211863e-07	-6.981510e-10	-3.701158e+00	-4.559348e+01
1.740000e-06	-4.755726e-07	-6.834491e-10	-3.377236e+00	-4.490980e+01
1.750000e-06	-4.299103e-07	-6.719722e-10	-3.052970e+00	-4.420970e+01
1.760000e-06	-3.841644e-07	-6.659445e-10	-2.728109e+00	-4.349253e+01
1.770000e-06	-3.384030e-07	-6.586369e-10	-2.403138e+00	-4.275762e+01
1.780000e-06	-2.925627e-07	-6.464600e-10	-2.077607e+00	-4.200428e+01
1.790000e-06	-2.467389e-07	-6.324099e-10	-1.752194e+00	-4.123175e+01
1.800000e-06	-2.009471e-07	-6.203007e-10	-1.427008e+00	-4.043927e+01
1.810000e-06	-1.550824e-07	-6.058659e-10	-1.101304e+00	-3.962602e+01
1.820000e-06	-1.091348e-07	-5.880364e-10	-7.750110e-01	-3.879120e+01
1.830000e-06	-6.324117e-08	-5.714644e-10	-4.491015e-01	-3.793396e+01
1.840000e-06	-1.740784e-08	-5.575891e-10	-1.236202e-01	-3.705344e+01
1.850000e-06	2.843938e-08	-5.475486e-10	2.019597e-01	-3.614878e+01
1.860000e-06	7.430066e-08	-5.379761e-10	5.276395e-01	-3.521914e+01
1.870000e-06	1.201270e-07	-5.260471e-10	8.530714e-01	-3.426366e+01
1.880000e-06	1.658936e-07	-5.146487e-10	1.178078e+00	-3.328151e+01
1.890000e-06	2.116559e-07	-5.016903e-10	1.503056e+00	-3.227188e+01
1.900000e-06	2.574704e-07	-4.822254e-10	1.828403e+00	-3.123400e+01
1.910000e-06	3.032793e-07	-4.569232e-10	2.153710e+00	-3.016715e+01
1.920000e-06	3.491194e-07	-4.339421e-10	2.479240e+00	-2.907064e+01
1.930000e-06	3.949043e-07	-4.147591e-10	2.804378e+00	-2.794385e+01
1.940000e-06	4.405593e-07	-3.962792e-10	3.128592e+00	-2.678623e+01
1.950000e-06	4.861801e-07	-3.766560e-10	3.452565e+00	-2.559731e+01
1.960000e-06	5.317463e-07	-3.581777e-10	3.776149e+00	-2.437670e+01
1.970000e-06	5.773351e-07	-3.413018e-10	4.099893e+00	-2.312410e+01
1.980000e-06	6.229183e-07	-3.225155e-10	4.423598e+00	-2.183933e+01
1.990000e-06	6.684251e-07	-2.992519e-10	4.746761e+00	-2.052229e+01
2.000000e-06	7.138304e-07	-2.735684e-10	5.069202e+00	-1.917303e+01
2.010000e-06	7.592164e-07	-2.497669e-10	5.391507e+00	-1.779168e+01
2.020000e-06	8.045935e-07	-2.271982e-10	5.713749e+00	-1.637852e+01
2.030000e-06	8.498916e-07	-2.036536e-10	6.035429e+00	-1.493396e+01
2.040000e-06	8.951075e-07	-1.797636e-10	6.356526e+00	-1.345854e+01
2.050000e-06	9.402658e-07	-1.574565e-10	6.677213e+00	-1.195291e+01
2.060000e-06	9.853745e-07	-1.369849e-10	6.997549e+00	-1.041790e+01
2.070000e-06	1.030374e-06	-1.156671e-10	7.317107e+00	-8.854439e+00
2.080000e-06	1.075273e-06	-9.039167e-11	7.635956e+00	-7.263607e+00
2.090000e-06	1.120062e-06	-6.435847e-11	7.954020e+00	-5.646615e+00
2.100000e-06	1.164766e-06	-3.940413e-11	8.271480e+00	-4.004802e+00
2.110000e-06	1.209336e-06	-1.242429e-11	8.587991e+00	-2.339633e+00
2.120000e-06	1.253796e-06	1.646912e-11	8.903720e+00	-6.526949e-01
2.130000e-06	1.298292e-06	4.276581e-11	9.219704e+00	1.054312e+00
2.140000e-06	1.342711e-06	6.568596e-11	9.535141e+00	2.779580e+00
2.150000e-06	1.387002e-06	8.829701e-11	9.849674e+00	4.521203e+00
2.160000e-06	1.431309e-06	1.123086e-10	1.016431e+01	6.277182e+00
2.170000e-06	1.475557e-06	1.387240e-10	1.047854e+01	8.045440e+00
2.180000e-06	1.519721e-06	1.653783e-10	1.079216e+01	9.823829e+00
2.190000e-06	1.563834e-06	1.911739e-10	1.110542e+01	1.161014e+01
2.200000e-06	1.607861e-06	2.192188e-10	1.141808e+01	1.340212e+01
2.210000e-06	1.651863e-06	2.483384e-10	1.173055e+01	1.519747e+01
2.220000e-06	1.695860e-06	2.757149e-10	1.204300e+01	1.699389e+01
2.230000e-06	1.739771e-06	3.017571e-10	1.235483e+01	1.878903e+01
2.240000e-06	1.783590e-06	3.313584e-10	1.266601e+01	2.058059e+01
2.250000e-06	1.827314e-06	3.615351e-10	1.297651e+01	2.236625e+01
2.260000e-06	1.870907e-06	3.882549e-10	1.328608e+01	2.414371e+01
2.270000e-06	1.914356e-06	4.119750e-10	1.359463e+01	2.591074e+01
2.280000e-06	1.957643e-06	4.358644e-10	1.390203e+01	2.766514e+01
2.290000e-06	2.000673e-06	4.632134e-10	1.420760e+01	2.940478e+01
2.300000e-06	2.043488e-06	4.898763e-10	1.451165e+01	3.112758e+01
2.310000e-06	2.086088e-06	5.140249e-10	1.481417e+01	3.283158e+01
2.320000e-06	2.128285e-06	5.405092e-10	1.511382e+01	3.451488e+01
2.330000e-06	2.170201e-06	5.698815e-10	1.541149e+01	3.617570e+01
2.340000e-06	2.211866e-06	5.960484e-10	1.570737e+01	3.781235e+01
2.350000e-06	2.253212e-06	6.180140e-10	1.600098e+01	3.942328e+01
2.360000e-06	2.294231e-06	6.389977e-10	1.629228e+01	4.100704e+01
2.370000e-06	2.334986e-06	6.633736e-10	1.658169e+01	4.256232e+01
2.380000e-06	2.375586e-06	6.909716e-10	1.687001e+01	4.408793e+01
2.390000e-06	2.416039e-06	7.168105e-10	1.715728e+01	4.558281e+01
2.400000e-06	2.456353e-06	7.394833e-10	1.744357e+01	4.704605e+01
2.410000e-06	2.496558e-06	7.616244e-10	1.772908e+01	4.847687e+01
2.420000e-06	2.536657e-06	7.862805e-10	1.801384e+01	4.987460e+01
2.430000e-06	2.576685e-06	8.109170e-10	1.829810e+01	5.123874e+01
2.440000e-06	2.616669e-06	8.329755e-10	1.858204e+01	5.256889e+01
2.450000e-06	2.656500e-06	8.530932e-10	1.886490e+01	5.386480e+01
2.460000e-06	2.696171e-06	8.734005e-10	1.914662e+01	5.512631e+01
2.470000e-06	2.735709e-06	8.912933e-10	1.942739e+01	5.635340e+01
2.480000e-06	2.775063e-06	9.057193e-10	1.970686e+01	5.754616e+01
2.490000e-06	2.814151e-06	9.220155e-10	1.998444e+01	5.870478e+01
2.500000e-06	2.853024e-06	9.405743e-10	2.026050e+01	5.982953e+01
2.510000e-06	2.891717e-06	9.611014e-10	2.053527e+01	6.092079e+01
2.520000e-06	2.930176e-06	9.822808e-10	2.080838e+01	6.197902e+01
2.530000e-06	2.968476e-06	1.003237e-09	2.108037e+01	6.300472e+01
2.540000e-06	3.006676e-06	1.025000e-09	2.135164e+01	6.399849e+01
2.550000e-06	3.044651e-06	1.041044e-09	2.162132e+01	6.496096e+01
2.560000e-06	3.082315e-06	1.047297e-09	2.188878e+01	6.589280e+01
2.570000e-06	3.119750e-06	1.053846e-09	2.215463e+01	6.679473e+01
2.580000e-06	3.157000e-06	1.067664e-09	2.241915e+01	6.766748e+01
2.590000e-06	3.194036e-06	1.084878e-09	2.268216e+01	6.851182e+01
2.600000e-06	3.230839e-06	1.102488e-09	2.294351e+01	6.932851e+01
2.610000e-06	3.267471e-06	1.117837e-09	2.320365e+01	7.011831e+01
2.620000e-06	3.303912e-06	1.133319e-09	2.346243e+01	7.088197e+01
2.630000e-06	3.340175e-06	1.146778e-09	2.371995e+01	7.162026e+01
2.640000e-06	3.376318e-06	1.154424e-09	2.397662e+01	7.233389e+01
2.650000e-06	3.412283e-06	1.159626e-09	2.423202e+01	7.302357e+01
2.660000e-06	3.448098e-06	1.163212e-09	2.448636e+01	7.368997e+01
2.670000e-06	3.483796e-06	1.167665e-09	2.473987e+01	7.433374e+01
2.680000e-06	3.519222e-06	1.175302e-09	2.499144e+01	7.495547e+01
2.690000e-06	3.554268e-06	1.185286e-09	2.524032e+01	7.555574e+01
2.700000e-06	3.588940e-06	1.196509e-09	2.548654e+01	7.613508e+01
2.710000e-06	3.623256e-06	1.210105e-09	2.573023e+01	7.669398e+01
2.720000e-06	3.657095e-06	1.220573e-09	2.597053e+01	7.723289e+01
2.730000e-06	3.690446e-06	1.226104e-09	2.620737e+01	7.775221e+01
2.740000e-06	3.723436e-06	1.230138e-09	2.644165e+01	7.825232e+01
2.750000e-06	3.756110e-06	1.234374e-09	2.667368e+01	7.873356e+01
2.760000e-06	3.788495e-06	1.238591e-09	2.690366e+01	7.919623e+01
2.770000e-06	3.820660e-06	1.241218e-09	2.713208e+01	7.964062e+01
2.780000e-06	3.852723e-06	1.246655e-09	2.735977e+01	8.006697e+01
2.790000e-06	3.884661e-06	1.256570e-09	2.758657e+01	8.047551e+01
2.800000e-06	3.916411e-06	1.265341e-09	2.781204e+01	8.086646e+01
2.810000e-06	3.947908e-06	1.268585e-09	2.803571e+01	8.124002e+01
2.820000e-06	3.979016e-06	1.268263e-09	2.825663e+01	8.159640e+01
2.830000e-06	4.009734e-06	1.272382e-09	2.847476e+01	8.193578e+01
2.840000e-06	4.040168e-06	1.278424e-09	2.869089e+01	8.225837e+01
2.850000e-06	4.070347e-06	1.280144e-09	2.890520e+01	8.256437e+01
2.860000e-06	4.100385e-06	1.278508e-09	2.911852e+01	8.285401e+01
2.870000e-06	4.130272e-06	1.278572e-09	2.933076e+01	8.312753e+01
2.880000e-06	4.159894e-06	1.284312e-09	2.954111e+01	8.338518e+01
2.890000e-06	4.189189e-06	1.287106e-09	2.974915e+01	8.362727e+01
2.900000e-06	4.218123e-06	1.283508e-09	2.995462e+01	8.385409e+01
2.910000e-06	4.246740e-06	1.285075e-09	3.015784e+01	8.406600e+01
2.920000e-06	4.275114e-06	1.293116e-09	3.035934e+01	8.426339e+01
2.930000e-06	4.303299e-06	1.297623e-09	3.055949e+01	8.444668e+01
2.940000e-06	4.331361e-06	1.296637e-09	3.075877e+01	8.461630e+01
2.950000e-06	4.359244e-06	1.294543e-09	3.095678e+01	8.477277e+01
2.960000e-06	4.386848e-06	1.294981e-09	3.115281e+01	8.491661e+01
2.970000e-06	4.414090e-06	1.296175e-09	3.134626e+01	8.504838e+01
2.980000e-06	4.440847e-06	1.293246e-09	3.153628e+01	8.516868e+01
2.990000e-06	4.467034e-06	1.288578e-09	3.172224e+01	8.527814e+01
3.000000e-06	4.492705e-06	1.289398e-09	3.190454e+01	8.537742e+01
3.010000e-06	4.517979e-06	1.295428e-09	3.208402e+01	8.546719e+01
3.020000e-06	4.542766e-06	1.300101e-09	3.226005e+01	8.554817e+01
3.030000e-06	4.567153e-06	1.301939e-09	3.243323e+01	8.562107e+01
3.040000e-06	4.591393e-06	1.304575e-09	3.260536e+01	8.568662e+01
3.050000e-06	4.615439e-06	1.307067e-09	3.277612e+01	8.574556e+01
3.060000e-06	4.639130e-06	1.306961e-09	3.294437e+01	8.579862e+01
3.070000e-06	4.662502e-06	1.305500e-09	3.311034e+01	8.584653e+01
3.080000e-06	4.685534e-06	1.305987e-09	3.327390e+01	8.589000e+01
3.090000e-06	4.708226e-06	1.308878e-09	3.343504e+01	8.592973e+01
3.100000e-06	4.730624e-06	1.308319e-09	3.359410e+01	8.596638e+01
3.110000e-06	4.752706e-06	1.304287e-09	3.375091e+01	8.600061e+01
3.120000e-06	4.774517e-06	1.304469e-09	3.390580e+01	8.603301e+01
3.130000e-06	4.796075e-06	1.309407e-09	3.405890e+01	8.606413e+01
3.140000e-06	4.817252e-06	1.314846e-09	3.420928e+01	8.609449e+01
3.150000e-06	4.838092e-06	1.319168e-09	3.435727e+01	8.612455e+01
3.160000e-06	4.858646e-06	1.320953e-09	3.450324e+01	8.615470e+01
3.170000e-06	4.878902e-06	1.320796e-09	3.464709e+01	8.618528e+01
3.180000e-06	4.898988e-06	1.318822e-09	3.478973e+01	8.621656e+01
3.190000e-06	4.918873e-06	1.313713e-09	3.493093e+01	8.624876e+01
3.200000e-06	4.938464e-06	1.310958e-09	3.507006e+01	8.628199e+01
3.210000e-06	4.957699e-06	1.315159e-09	3.520666e+01	8.631634e+01
3.220000e-06	4.976518e-06	1.321289e-09	3.534030e+01	8.635179e+01
3.230000e-06	4.994869e-06	1.325272e-09	3.547061e+01	8.638827e+01
3.240000e-06	5.012769e-06	1.328802e-09	3.559773e+01	8.642565e+01
3.250000e-06	5.030337e-06	1.332002e-09	3.572248e+01	8.646370e+01
3.260000e-06	5.047592e-06	1.333227e-09	3.584502e+01	8.650216e+01
3.270000e-06	5.064607e-06	1.328523e-09	3.596585e+01	8.654070e+01
3.280000e-06	5.081319e-06	1.323273e-09	3.608453e+01	8.657893e+01
3.290000e-06	5.097473e-06	1.322762e-09	3.619925e+01	8.661642e+01
3.300000e-06	5.113172e-06	1.324827e-09	3.631073e+01	8.665269e+01
3.310000e-06	5.128477e-06	1.328515e-09	3.641942e+01	8.668723e+01
3.320000e-06	5.143295e-06	1.333497e-09	3.652465e+01	8.671948e+01
3.330000e-06	5.157671e-06	1.339567e-09	3.662674e+01	8.674889e+01
3.340000e-06	5.171620e-06	1.341910e-09	3.672580e+01	8.677488e+01
3.350000e-06	5.185244e-06	1.336058e-09	3.682254e+01	8.679685e+01
3.360000e-06	5.198642e-06	1.327497e-09	3.691769e+01	8.681422e+01
3.370000e-06	5.211720e-06	1.322926e-09	3.701056e+01	8.682643e+01
3.380000e-06	5.224382e-06	1.320912e-09	3.710048e+01	8.683290e+01
3.390000e-06	5.236691e-06	1.320215e-09	3.718789e+01	8.683313e+01
3.400000e-06	5.248631e-06	1.322045e-09	3.727268e+01	8.682660e+01
3.410000e-06	5.260180e-06	1.326822e-09	3.735470e+01	8.681289e+01
3.420000e-06	5.271339e-06	1.329710e-09	3.743394e+01	8.679158e+01
3.430000e-06	5.281854e-06	1.326489e-09	3.750861e+01	8.676235e+01
3.440000e-06	5.291633e-06	1.318714e-09	3.757806e+01	8.672491e+01
3.450000e-06	5.300845e-06	1.313532e-09	3.764348e+01	8.667906e+01
3.460000e-06	5.309579e-06	1.313790e-09	3.770550e+01	8.662468e+01
3.470000e-06	5.317965e-06	1.315268e-09	3.776505e+01	8.656170e+01
3.480000e-06	5.326088e-06	1.316154e-09	3.782274e+01	8.649017e+01
3.490000e-06	5.333938e-06	1.317779e-09	3.787848e+01	8.641020e+01
3.500000e-06	5.341583e-06	1.318597e-09	3.793277e+01	8.632199e+01
3.510000e-06	5.348929e-06	1.315824e-09	3.798494e+01	8.622583e+01
3.520000e-06	5.355851e-06	1.311237e-09	3.803410e+01	8.612210e+01
3.530000e-06	5.362319e-06	1.308338e-09	3.808003e+01	8.601126e+01
3.540000e-06	5.368418e-06	1.308843e-09	3.812334e+01	8.589385e+01
3.550000e-06	5.374158e-06	1.309872e-09	3.816410e+01	8.577050e+01
3.560000e-06	5.379540e-06	1.307616e-09	3.820232e+01	8.564191e+01
3.570000e-06	5.384561e-06	1.305034e-09	3.823798e+01	8.550883e+01
3.580000e-06	5.389172e-06	1.304917e-09	3.827072e+01	8.537209e+01
3.590000e-06	5.393485e-06	1.304296e-09	3.830135e+01	8.523259e+01
3.600000e-06	5.397581e-06	1.302514e-09	3.833043e+01	8.509125e+01
3.610000e-06	5.401543e-06	1.301217e-09	3.835858e+01	8.494905e+01
3.620000e-06	5.405220e-06	1.302055e-09	3.838469e+01	8.480699e+01
3.630000e-06	5.408342e-06	1.301960e-09	3.840686e+01	8.466610e+01
3.640000e-06	5.410959e-06	1.299650e-09	3.842544e+01	8.452740e+01
3.650000e-06	5.412918e-06	1.299682e-09	3.843935e+01	8.439193e+01
3.660000e-06	5.414216e-06	1.302611e-09	3.844857e+01	8.426074e+01
3.670000e-06	5.415065e-06	1.304657e-09	3.845460e+01	8.413481e+01
3.680000e-06	5.415553e-06	1.304140e-09	3.845806e+01	8.401513e+01
3.690000e-06	5.415826e-06	1.303782e-09	3.846000e+01	8.390265e+01
3.700000e-06	5.415786e-06	1.304369e-09	3.845972e+01	8.379824e+01
3.710000e-06	5.415420e-06	1.304863e-09	3.845712e+01	8.370274e+01
3.720000e-06	5.414721e-06	1.303785e-09	3.845216e+01	8.361691e+01
3.730000e-06	5.413619e-06	1.300464e-09	3.844433e+01	8.354143e+01
3.740000e-06	5.412230e-06	1.299591e-09	3.843447e+01	8.347691e+01
3.750000e-06	5.410500e-06	1.295209e-09	3.842218e+01	8.342385e+01
3.760000e-06	5.408374e-06	1.271023e-09	3.840708e+01	8.338267e+01
3.770000e-06	5.405979e-06	1.235440e-09	3.839007e+01	8.335368e+01
3.780000e-06	5.403194e-06	1.270497e-09	3.837030e+01	8.333707e+01
3.790000e-06	5.399928e-06	1.355742e-09	3.834710e+01	8.333295e+01
3.800000e-06	5.396257e-06	1.286126e-09	3.832103e+01	8.334128e+01
3.810000e-06	5.392310e-06	1.154298e-09	3.829300e+01	8.336194e+01
3.820000e-06	5.388166e-06	1.232946e-09	3.826358e+01	8.339469e+01
3.830000e-06	5.383690e-06	1.334060e-09	3.823179e+01	8.343915e+01
3.840000e-06	5.378642e-06	1.255438e-09	3.819594e+01	8.349487e+01
3.850000e-06	5.373058e-06	1.071874e-09	3.815629e+01	8.356127e+01
3.860000e-06	5.367198e-06	1.175375e-09	3.811467e+01	8.363768e+01
3.870000e-06	5.360936e-06	1.409662e-09	3.807021e+01	8.372331e+01
3.880000e-06	5.354120e-06	1.283537e-09	3.802180e+01	8.381732e+01
3.890000e-06	5.346931e-06	1.073422e-09	3.797075e+01	8.391874e+01
3.900000e-06	5.339334e-06	1.195098e-09	3.791680e+01	8.402656e+01
3.910000e-06	5.331258e-06	1.408360e-09	3.785945e+01	8.413970e+01
3.920000e-06	5.322804e-06	1.188439e-09	3.779941e+01	8.425701e+01
3.930000e-06	5.314087e-06	1.015379e-09	3.773751e+01	8.437730e+01
3.940000e-06	5.305035e-06	1.257472e-09	3.767323e+01	8.449934e+01
3.950000e-06	5.295549e-06	1.425672e-09	3.760587e+01	8.462189e+01
3.960000e-06	5.285728e-06	1.166180e-09	3.753612e+01	8.474367e+01
3.970000e-06	5.275596e-06	1.091147e-09	3.746417e+01	8.486341e+01
3.980000e-06	5.265100e-06	1.385469e-09	3.738964e+01	8.497986e+01
3.990000e-06	5.254210e-06	1.415995e-09	3.731230e+01	8.509178e+01
4.000000e-06	5.242951e-06	1.175915e-09	3.723234e+01	8.519794e+01
4.010000e-06	5.231295e-06	1.260078e-09	3.714957e+01	8.529717e+01
4.020000e-06	5.219192e-06	1.502863e-09	3.706363e+01	8.538836e+01
4.030000e-06	5.206669e-06	1.353415e-09	3.697469e+01	8.547044e+01
4.040000e-06	5.193702e-06	1.161689e-09	3.688261e+01	8.554240e+01
4.050000e-06	5.180209e-06	1.310848e-09	3.678679e+01	8.560334e+01
4.060000e-06	5.166168e-06	1.393136e-09	3.668708e+01	8.565241e+01
4.070000e-06	5.151527e-06	1.233827e-09	3.658311e+01	8.568886e+01
4.080000e-06	5.136332e-06	1.262106e-09	3.647520e+01	8.571206e+01
4.090000e-06	5.120718e-06	1.384892e-09	3.636432e+01	8.572143e+01
4.100000e-06	5.104884e-06	1.324154e-09	3.625187e+01	8.571654e+01
4.110000e-06	5.088805e-06	1.268867e-09	3.613769e+01	8.569704e+01
4.120000e-06	5.072347e-06	1.341973e-09	3.602082e+01	8.566270e+01
4.130000e-06	5.055545e-06	1.271651e-09	3.590150e+01	8.561338e+01
4.140000e-06	5.038423e-06	1.197436e-09	3.577991e+01	8.554906e+01
4.150000e-06	5.020961e-06	1.288612e-09	3.565590e+01	8.546983e+01
4.160000e-06	5.003184e-06	1.335898e-09	3.552966e+01	8.537587e+01
4.170000e-06	4.985129e-06	1.255184e-09	3.540144e+01	8.526746e+01
4.180000e-06	4.966673e-06	1.274652e-09	3.527039e+01	8.514497e+01
4.190000e-06	4.947779e-06	1.322582e-09	3.513621e+01	8.500887e+01
4.200000e-06	4.928499e-06	1.284993e-09	3.499929e+01	8.485971e+01
4.210000e-06	4.908949e-06	1.248250e-09	3.486046e+01	8.469810e+01
4.220000e-06	4.889244e-06	1.241332e-09	3.472053e+01	8.452472e+01
4.230000e-06	4.869422e-06	1.237689e-09	3.457976e+01	8.434033e+01
4.240000e-06	4.849364e-06	1.276560e-09	3.443732e+01	8.414572e+01
4.250000e-06	4.828938e-06	1.285182e-09	3.429227e+01	8.394172e+01
4.260000e-06	4.808131e-06	1.238294e-09	3.414451e+01	8.372920e+01
4.270000e-06	4.786777e-06	1.252363e-09	3.399287e+01	8.350905e+01
4.280000e-06	4.764782e-06	1.282140e-09	3.383667e+01	8.328217e+01
4.290000e-06	4.742206e-06	1.244799e-09	3.367635e+01	8.304948e+01
4.300000e-06	4.719203e-06	1.217958e-09	3.351300e+01	8.281187e+01
4.310000e-06	4.695907e-06	1.231486e-09	3.334756e+01	8.257023e+01
4.320000e-06	4.672342e-06	1.225779e-09	3.318022e+01	8.232543e+01
4.330000e-06	4.648510e-06	1.233380e-09	3.301098e+01	8.207829e+01
4.340000e-06	4.624403e-06	1.227355e-09	3.283978e+01	8.182962e+01
4.350000e-06	4.600042e-06	1.192221e-09	3.266679e+01	8.158016e+01
4.360000e-06	4.575310e-06	1.199023e-09	3.249115e+01	8.133062e+01
4.370000e-06	4.550261e-06	1.232561e-09	3.231327e+01	8.108163e+01
4.380000e-06	4.524967e-06	1.202604e-09	3.213365e+01	8.083378e+01
4.390000e-06	4.499338e-06	1.177830e-09	3.195164e+01	8.058758e+01
4.400000e-06	4.473361e-06	1.197394e-09	3.176718e+01	8.034347e+01
4.410000e-06	4.447104e-06	1.208884e-09	3.158071e+01	8.010183e+01
4.420000e-06	4.420510e-06	1.185957e-09	3.139185e+01	7.986296e+01
4.430000e-06	4.393560e-06	1.166052e-09	3.120047e+01	7.962708e+01
4.440000e-06	4.366382e-06	1.160674e-09	3.100747e+01	7.939435e+01
4.450000e-06	4.338981e-06	1.181214e-09	3.081288e+01	7.916485e+01
4.460000e-06	4.311327e-06	1.188495e-09	3.061650e+01	7.893860e+01
4.470000e-06	4.283481e-06	1.171034e-09	3.041875e+01	7.871553e+01
4.480000e-06	4.255453e-06	1.165268e-09	3.021972e+01	7.849553e+01
4.490000e-06	4.227136e-06	1.181357e-09	3.001863e+01	7.827842e+01
4.500000e-06	4.198449e-06	1.179840e-09	2.981491e+01	7.806396e+01
4.510000e-06	4.169370e-06	1.163893e-09	2.960841e+01	7.785188e+01
4.520000e-06	4.139850e-06	1.157986e-09	2.939877e+01	7.764183e+01
4.530000e-06	4.109764e-06	1.165157e-09	2.918512e+01	7.743346e+01
4.540000e-06	4.079132e-06	1.175074e-09	2.896759e+01	7.722636e+01
4.550000e-06	4.048102e-06	1.171242e-09	2.874723e+01	7.702010e+01
4.560000e-06	4.016773e-06	1.155254e-09	2.852475e+01	7.681425e+01
4.570000e-06	3.985239e-06	1.151195e-09	2.830082e+01	7.660834e+01
4.580000e-06	3.953525e-06	1.159571e-09	2.807561e+01	7.640191e+01
4.590000e-06	3.921614e-06	1.158655e-09	2.784899e+01	7.619449e+01
4.600000e-06	3.889558e-06	1.148292e-09	2.762135e+01	7.598563e+01
4.610000e-06	3.857335e-06	1.144232e-09	2.739252e+01	7.577489e+01
4.620000e-06	3.824806e-06	1.152625e-09	2.716152e+01	7.556184e+01
4.630000e-06	3.791882e-06	1.148564e-09	2.692771e+01	7.534607e+01
4.640000e-06	3.758688e-06	1.126578e-09	2.669198e+01	7.512721e+01
4.650000e-06	3.725262e-06	1.109444e-09	2.645461e+01	7.490493e+01
4.660000e-06	3.691554e-06	1.113422e-09	2.621524e+01	7.467891e+01
4.670000e-06	3.657648e-06	1.117378e-09	2.597446e+01	7.444890e+01
4.680000e-06	3.623557e-06	1.111901e-09	2.573237e+01	7.421466e+01
4.690000e-06	3.589251e-06	1.103726e-09	2.548874e+01	7.397602e+01
4.700000e-06	3.554630e-06	1.109252e-09	2.524289e+01	7.373283e+01
4.710000e-06	3.519736e-06	1.114079e-09	2.499509e+01	7.348502e+01
4.720000e-06	3.484633e-06	1.103243e-09	2.474581e+01	7.323252e+01
4.730000e-06	3.449267e-06	1.083642e-09	2.449466e+01	7.297535e+01
4.740000e-06	3.413729e-06	1.076419e-09	2.424229e+01	7.271354e+01
4.750000e-06	3.378050e-06	1.080007e-09	2.398892e+01	7.244717e+01
4.760000e-06	3.342216e-06	1.081632e-09	2.373445e+01	7.217636e+01
4.770000e-06	3.306283e-06	1.074346e-09	2.347927e+01	7.190127e+01
4.780000e-06	3.270237e-06	1.068968e-09	2.322329e+01	7.162207e+01
4.790000e-06	3.234031e-06	1.067652e-09	2.296618e+01	7.133899e+01
4.800000e-06	3.197624e-06	1.063074e-09	2.270764e+01	7.105226e+01
4.810000e-06	3.160893e-06	1.051723e-09	2.244680e+01	7.076213e+01
4.820000e-06	3.123771e-06	1.042184e-09	2.218318e+01	7.046888e+01
4.830000e-06	3.086281e-06	1.039343e-09	2.191694e+01	7.017278e+01
4.840000e-06	3.048419e-06	1.038330e-09	2.164808e+01	6.987411e+01
4.850000e-06	3.010148e-06	1.031300e-09	2.137629e+01	6.957316e+01
4.860000e-06	2.971485e-06	1.020659e-09	2.110174e+01	6.927019e+01
4.870000e-06	2.932493e-06	1.016530e-09	2.082484e+01	6.896548e+01
4.880000e-06	2.893201e-06	1.018421e-09	2.054581e+01	6.865928e+01
4.890000e-06	2.853716e-06	1.019485e-09	2.026541e+01	6.835181e+01
4.900000e-06	2.814106e-06	1.015593e-09	1.998412e+01	6.804329e+01
4.910000e-06	2.774365e-06	1.011239e-09	1.970190e+01	6.773389e+01
4.920000e-06	2.734486e-06	1.005997e-09	1.941871e+01	6.742377e+01
4.930000e-06	2.694489e-06	9.966489e-10	1.913467e+01	6.711305e+01
4.940000e-06	2.654340e-06	9.869060e-10	1.884956e+01	6.680180e+01
4.950000e-06	2.614117e-06	9.836577e-10	1.856391e+01	6.649007e+01
4.960000e-06	2.573778e-06	9.840352e-10	1.827745e+01	6.617786e+01
4.970000e-06	2.533139e-06	9.854063e-10	1.798886e+01	6.586515e+01
4.980000e-06	2.492320e-06	9.839431e-10	1.769898e+01	6.555187e+01
4.990000e-06	2.451419e-06	9.821866e-10	1.740853e+01	6.523790e+01
5.000000e-06	2.410347e-06	9.787483e-10	1.711687e+01	6.492308e+01
5.010000e-06	2.369041e-06	9.700317e-10	1.682353e+01	6.460724e+01
5.020000e-06	2.327584e-06	9.562343e-10	1.652913e+01	6.429015e+01
5.030000e-06	2.286056e-06	9.488340e-10	1.623422e+01	6.397154e+01
5.040000e-06	2.244461e-06	9.497451e-10	1.593884e+01	6.365114e+01
5.050000e-06	2.202657e-06	9.504368e-10	1.564197e+01	6.332863e+01
5.060000e-06	2.160611e-06	9.450423e-10	1.534338e+01	6.300365e+01
5.070000e-06	2.118450e-06	9.398588e-10	1.504398e+01	6.267585e+01
5.080000e-06	2.076145e-06	9.386167e-10	1.474356e+01	6.234483e+01
5.090000e-06	2.033655e-06	9.358840e-10	1.444182e+01	6.201021e+01
5.100000e-06	1.991061e-06	9.267793e-10	1.413934e+01	6.167157e+01
5.110000e-06	1.948283e-06	9.172854e-10	1.383556e+01	6.132848e+01
5.120000e-06	1.905222e-06	9.132517e-10	1.352976e+01	6.098053e+01
5.130000e-06	1.862075e-06	9.127646e-10	1.322336e+01	6.062729e+01
5.140000e-06	1.818895e-06	9.117347e-10	1.291672e+01	6.026833e+01
5.150000e-06	1.775593e-06	9.079846e-10	1.260921e+01	5.990325e+01
5.160000e-06	1.732139e-06	9.042026e-10	1.230063e+01	5.953162e+01
5.170000e-06	1.688555e-06	9.008793e-10	1.199113e+01	5.915306e+01
5.180000e-06	1.644914e-06	8.948096e-10	1.168121e+01	5.876717e+01
5.190000e-06	1.601173e-06	8.847282e-10	1.137059e+01	5.837359e+01
5.200000e-06	1.557341e-06	8.746807e-10	1.105932e+01	5.797195e+01
5.210000e-06	1.513520e-06	8.682383e-10	1.074813e+01	5.756193e+01
5.220000e-06	1.469731e-06	8.626618e-10	1.043716e+01	5.714318e+01
5.230000e-06	1.425868e-06	8.573649e-10	1.012567e+01	5.671541e+01
5.240000e-06	1.381885e-06	8.538871e-10	9.813330e+00	5.627833e+01
5.250000e-06	1.337826e-06	8.507887e-10	9.500452e+00	5.583165e+01
5.260000e-06	1.293763e-06	8.485192e-10	9.187544e+00	5.537512e+01
5.270000e-06	1.249671e-06	8.424942e-10	8.874427e+00	5.490848e+01
5.280000e-06	1.205428e-06	8.313601e-10	8.560239e+00	5.443149e+01
5.290000e-06	1.161118e-06	8.196918e-10	8.245574e+00	5.394392e+01
5.300000e-06	1.116836e-06	8.116660e-10	7.931108e+00	5.344552e+01
5.310000e-06	1.072477e-06	8.031211e-10	7.616099e+00	5.293606e+01
5.320000e-06	1.027989e-06	7.948579e-10	7.300175e+00	5.241531e+01
5.330000e-06	9.834250e-07	7.912724e-10	6.983705e+00	5.188302e+01
5.340000e-06	9.387222e-07	7.902270e-10	6.666252e+00	5.133894e+01
5.350000e-06	8.938383e-07	7.840195e-10	6.347513e+00	5.078278e+01
5.360000e-06	8.489467e-07	7.709507e-10	6.028719e+00	5.021427e+01
5.370000e-06	8.040578e-07	7.556324e-10	5.709944e+00	4.963308e+01
5.380000e-06	7.590362e-07	7.413871e-10	5.390228e+00	4.903888e+01
5.390000e-06	7.139046e-07	7.283087e-10	5.069730e+00	4.843131e+01
5.400000e-06	6.688439e-07	7.158055e-10	4.749735e+00	4.780996e+01
5.410000e-06	6.238167e-07	7.069096e-10	4.429978e+00	4.717439e+01
5.420000e-06	5.786448e-07	7.040453e-10	4.109194e+00	4.652414e+01
5.430000e-06	5.334164e-07	7.032138e-10	3.788009e+00	4.585870e+01
5.440000e-06	4.881532e-07	6.963319e-10	3.466576e+00	4.517752e+01
5.450000e-06	4.428308e-07	6.803336e-10	3.144723e+00	4.448001e+01
5.460000e-06	3.974864e-07	6.606469e-10	2.822714e+00	4.376555e+01
5.470000e-06	3.520911e-07	6.455833e-10	2.500344e+00	4.303347e+01
5.480000e-06	3.065901e-07	6.341935e-10	2.177222e+00	4.228307e+01
5.490000e-06	2.609303e-07	6.232129e-10	1.852973e+00	4.151361e+01
5.500000e-06	2.151927e-07	6.151135e-10	1.528172e+00	4.072433e+01
5.510000e-06	1.694451e-07	6.086462e-10	1.203299e+00	3.991442e+01
5.520000e-06	1.237439e-07	5.999856e-10	8.787561e-01	3.908308e+01
5.530000e-06	7.812276e-08	5.859213e-10	5.547817e-01	3.822945e+01
5.540000e-06	3.257913e-08	5.686116e-10	2.313577e-01	3.735269e+01
5.550000e-06	-1.284220e-08	5.484869e-10	-9.119775e-02	3.645194e+01
5.560000e-06	-5.825138e-08	5.313635e-10	-4.136670e-01	3.552634e+01
5.570000e-06	-1.037152e-07	5.153582e-10	-7.365239e-01	3.457504e+01
5.580000e-06	-1.491772e-07	5.005248e-10	-1.059368e+00	3.359721e+01
5.590000e-06	-1.945613e-07	4.885525e-10	-1.381659e+00	3.259204e+01
5.600000e-06	-2.399048e-07	4.753567e-10	-1.703662e+00	3.155874e+01
5.610000e-06	-2.852913e-07	4.602149e-10	-2.025970e+00	3.049658e+01
5.620000e-06	-3.307166e-07	4.418122e-10	-2.348554e+00	2.940488e+01
5.630000e-06	-3.760530e-07	4.217894e-10	-2.670507e+00	2.828299e+01
5.640000e-06	-4.213098e-07	3.999849e-10	-2.991894e+00	2.713037e+01
5.650000e-06	-4.665285e-07	3.783904e-10	-3.313010e+00	2.594651e+01
5.660000e-06	-5.117134e-07	3.590421e-10	-3.633887e+00	2.473103e+01
5.670000e-06	-5.568765e-07	3.441251e-10	-3.954608e+00	2.348360e+01
5.680000e-06	-6.019833e-07	3.274562e-10	-4.274930e+00	2.220402e+01
5.690000e-06	-6.471073e-07	3.080598e-10	-4.595375e+00	2.089218e+01
5.700000e-06	-6.921117e-07	2.886530e-10	-4.914969e+00	1.954810e+01
5.710000e-06	-7.370107e-07	2.707803e-10	-5.233815e+00	1.817190e+01
5.720000e-06	-7.819281e-07	2.540642e-10	-5.552792e+00	1.676384e+01
5.730000e-06	-8.267991e-07	2.349253e-10	-5.871440e+00	1.532430e+01
5.740000e-06	-8.716413e-07	2.127095e-10	-6.189883e+00	1.385380e+01
5.750000e-06	-9.164251e-07	1.911995e-10	-6.507911e+00	1.235298e+01
5.760000e-06	-9.610411e-07	1.687564e-10	-6.824747e+00	1.082262e+01
5.770000e-06	-1.005446e-06	1.410046e-10	-7.140086e+00	9.263648e+00
5.780000e-06	-1.049748e-06	1.131033e-10	-7.454691e+00	7.677118e+00
5.790000e-06	-1.094006e-06	8.796298e-11	-7.768985e+00	6.064216e+00
5.800000e-06	-1.138245e-06	6.783120e-11	-8.083142e+00	4.426261e+00
5.810000e-06	-1.182434e-06	4.953629e-11	-8.396952e+00	2.764698e+00
5.820000e-06	-1.226518e-06	2.912419e-11	-8.710009e+00	1.081093e+00
5.830000e-06	-1.270594e-06	2.892543e-12	-9.023009e+00	-6.228719e-01
5.840000e-06	-1.314612e-06	-2.560952e-11	-9.335597e+00	-2.345407e+00
5.850000e-06	-1.358545e-06	-5.412655e-11	-9.647584e+00	-4.084620e+00
5.860000e-06	-1.402463e-06	-8.286654e-11	-9.959464e+00	-5.838528e+00
5.870000e-06	-1.446349e-06	-1.092116e-10	-1.027112e+01	-7.605068e+00
5.880000e-06	-1.490222e-06	-1.336271e-10	-1.058267e+01	-9.382100e+00
5.890000e-06	-1.534060e-06	-1.542656e-10	-1.089399e+01	-1.116743e+01
5.900000e-06	-1.577794e-06	-1.742351e-10	-1.120456e+01	-1.295880e+01
5.910000e-06	-1.621471e-06	-1.996517e-10	-1.151473e+01	-1.475393e+01
5.920000e-06	-1.665084e-06	-2.310194e-10	-1.182444e+01	-1.655051e+01
5.930000e-06	-1.708565e-06	-2.626461e-10	-1.213322e+01	-1.834621e+01
5.940000e-06	-1.751933e-06	-2.927134e-10	-1.244120e+01	-2.013871e+01
5.950000e-06	-1.795232e-06	-3.202442e-10	-1.274868e+01	-2.192568e+01
5.960000e-06	-1.838402e-06	-3.459871e-10	-1.305525e+01	-2.370485e+01
5.970000e-06	-1.881343e-06	-3.722110e-10	-1.336019e+01	-2.547396e+01
5.980000e-06	-1.924116e-06	-3.982540e-10	-1.366394e+01	-2.723079e+01
5.990000e-06	-1.966745e-06	-4.225082e-10	-1.396666e+01	-2.897321e+01
6.000000e-06	-2.009177e-06	-4.514416e-10	-1.426799e+01	-3.069914e+01
6.010000e-06	-2.051501e-06	-4.845992e-10	-1.456855e+01	-3.240659e+01
6.020000e-06	-2.093708e-06	-5.168693e-10	-1.486828e+01	-3.409365e+01
6.030000e-06	-2.135744e-06	-5.455661e-10	-1.516679e+01	-3.575851e+01
6.040000e-06	-2.177648e-06	-5.688985e-10	-1.546437e+01	-3.739948e+01
6.050000e-06	-2.219441e-06	-5.900603e-10	-1.576116e+01	-3.901498e+01
6.060000e-06	-2.261144e-06	-6.118668e-10	-1.605731e+01	-4.060355e+01
6.070000e-06	-2.302683e-06	-6.357801e-10	-1.635229e+01	-4.216384e+01
6.080000e-06	-2.344065e-06	-6.598974e-10	-1.664617e+01	-4.369465e+01
6.090000e-06	-2.385230e-06	-6.828366e-10	-1.693850e+01	-4.519490e+01
6.100000e-06	-2.426160e-06	-7.055056e-10	-1.722916e+01	-4.666365e+01
6.110000e-06	-2.466968e-06	-7.290042e-10	-1.751895e+01	-4.810010e+01
6.120000e-06	-2.507571e-06	-7.519701e-10	-1.780729e+01	-4.950357e+01
6.130000e-06	-2.548054e-06	-7.694767e-10	-1.809477e+01	-5.087352e+01
6.140000e-06	-2.588387e-06	-7.831831e-10	-1.838120e+01	-5.220954e+01
6.150000e-06	-2.628503e-06	-8.011275e-10	-1.866608e+01	-5.351134e+01
6.160000e-06	-2.668551e-06	-8.256431e-10	-1.895047e+01	-5.477877e+01
6.170000e-06	-2.708476e-06	-8.509917e-10	-1.923400e+01	-5.601177e+01
6.180000e-06	-2.748308e-06	-8.724448e-10	-1.951686e+01	-5.721043e+01
6.190000e-06	-2.788066e-06	-8.899826e-10	-1.979920e+01	-5.837490e+01
6.200000e-06	-2.827687e-06	-9.044127e-10	-2.008056e+01	-5.950545e+01
6.210000e-06	-2.867167e-06	-9.175805e-10	-2.036093e+01	-6.060245e+01
6.220000e-06	-2.906415e-06	-9.288300e-10	-2.063964e+01	-6.166632e+01
6.230000e-06	-2.945393e-06	-9.387225e-10	-2.091645e+01	-6.269759e+01
6.240000e-06	-2.984052e-06	-9.535884e-10	-2.119098e+01	-6.369682e+01
6.250000e-06	-3.022340e-06	-9.747461e-10	-2.146288e+01	-6.466463e+01
6.260000e-06	-3.060363e-06	-9.947797e-10	-2.173289e+01	-6.560171e+01
6.270000e-06	-3.097990e-06	-1.009286e-09	-2.200010e+01	-6.650875e+01
6.280000e-06	-3.135189e-06	-1.019252e-09	-2.226426e+01	-6.738650e+01
6.290000e-06	-3.171997e-06	-1.028095e-09	-2.252565e+01	-6.823570e+01
6.300000e-06	-3.208351e-06	-1.037226e-09	-2.278382e+01	-6.905712e+01
6.310000e-06	-3.244541e-06	-1.045757e-09	-2.304081e+01	-6.985153e+01
6.320000e-06	-3.280652e-06	-1.054551e-09	-2.329726e+01	-7.061968e+01
6.330000e-06	-3.316594e-06	-1.068441e-09	-2.355249e+01	-7.136233e+01
6.340000e-06	-3.352394e-06	-1.086815e-09	-2.380673e+01	-7.208020e+01
6.350000e-06	-3.388084e-06	-1.103572e-09	-2.406017e+01	-7.277400e+01
6.360000e-06	-3.423591e-06	-1.113634e-09	-2.431233e+01	-7.344442e+01
6.370000e-06	-3.458878e-06	-1.117256e-09	-2.456291e+01	-7.409209e+01
6.380000e-06	-3.494005e-06	-1.119801e-09	-2.481236e+01	-7.471764e+01
6.390000e-06	-3.528883e-06	-1.122517e-09	-2.506005e+01	-7.532163e+01
6.400000e-06	-3.563457e-06	-1.127680e-09	-2.530557e+01	-7.590460e+01
6.410000e-06	-3.597778e-06	-1.138675e-09	-2.554930e+01	-7.646706e+01
6.420000e-06	-3.631855e-06	-1.154708e-09	-2.579129e+01	-7.700944e+01
6.430000e-06	-3.665654e-06	-1.170006e-09	-2.603131e+01	-7.753218e+01
6.440000e-06	-3.699245e-06	-1.178206e-09	-2.626986e+01	-7.803565e+01
6.450000e-06	-3.732547e-06	-1.181879e-09	-2.650635e+01	-7.852019e+01
6.460000e-06	-3.765406e-06	-1.184677e-09	-2.673969e+01	-7.898612e+01
6.470000e-06	-3.797972e-06	-1.187901e-09	-2.697095e+01	-7.943372e+01
6.480000e-06	-3.830368e-06	-1.193064e-09	-2.720101e+01	-7.986323e+01
6.490000e-06	-3.862553e-06	-1.199581e-09	-2.742958e+01	-8.027491e+01
6.500000e-06	-3.894562e-06	-1.207992e-09	-2.765689e+01	-8.066896e+01
6.510000e-06	-3.926393e-06	-1.217565e-09	-2.788293e+01	-8.104559e+01
6.520000e-06	-3.958076e-06	-1.226940e-09	-2.810792e+01	-8.140499e+01
6.530000e-06	-3.989509e-06	-1.232466e-09	-2.833114e+01	-8.174737e+01
6.540000e-06	-4.020595e-06	-1.233139e-09	-2.855189e+01	-8.207293e+01
6.550000e-06	-4.051378e-06	-1.232331e-09	-2.877050e+01	-8.238186e+01
6.560000e-06	-4.081791e-06	-1.234775e-09	-2.898647e+01	-8.267439e+01
6.570000e-06	-4.111769e-06	-1.240533e-09	-2.919936e+01	-8.295076e+01
6.580000e-06	-4.141268e-06	-1.246355e-09	-2.940884e+01	-8.321122e+01
6.590000e-06	-4.170257e-06	-1.251057e-09	-2.961471e+01	-8.345605e+01
6.600000e-06	-4.198769e-06	-1.255588e-09	-2.981718e+01	-8.368558e+01
6.610000e-06	-4.226953e-06	-1.259905e-09	-3.001733e+01	-8.390013e+01
6.620000e-06	-4.254941e-06	-1.263565e-09	-3.021608e+01	-8.410009e+01
6.630000e-06	-4.282811e-06	-1.267773e-09	-3.041400e+01	-8.428588e+01
6.640000e-06	-4.310512e-06	-1.269509e-09	-3.061072e+01	-8.445793e+01
6.650000e-06	-4.337931e-06	-1.268587e-09	-3.080543e+01	-8.461673e+01
6.660000e-06	-4.365131e-06	-1.270125e-09	-3.099858e+01	-8.476282e+01
6.670000e-06	-4.392022e-06	-1.273902e-09	-3.118955e+01	-8.489674e+01
6.680000e-06	-4.418498e-06	-1.276548e-09	-3.137757e+01	-8.501909e+01
6.690000e-06	-4.444631e-06	-1.278594e-09	-3.156315e+01	-8.513049e+01
6.700000e-06	-4.470503e-06	-1.280249e-09	-3.174687e+01	-8.523159e+01
6.710000e-06	-4.496131e-06	-1.282036e-09	-3.192887e+01	-8.532309e+01
6.720000e-06	-4.521369e-06	-1.285535e-09	-3.210809e+01	-8.540566e+01
6.730000e-06	-4.546176e-06	-1.289387e-09	-3.228426e+01	-8.548004e+01
6.740000e-06	-4.570620e-06	-1.292070e-09	-3.245785e+01	-8.554695e+01
6.750000e-06	-4.594848e-06	-1.294618e-09	-3.262990e+01	-8.560711e+01
6.760000e-06	-4.618924e-06	-1.296612e-09	-3.280087e+01	-8.566128e+01
6.770000e-06	-4.642824e-06	-1.296969e-09	-3.297060e+01	-8.571018e+01
6.780000e-06	-4.666490e-06	-1.298200e-09	-3.313866e+01	-8.575452e+01
6.790000e-06	-4.689839e-06	-1.302260e-09	-3.330447e+01	-8.579500e+01
6.800000e-06	-4.712881e-06	-1.306963e-09	-3.346810e+01	-8.583231e+01
6.810000e-06	-4.735561e-06	-1.309374e-09	-3.362916e+01	-8.586708e+01
6.820000e-06	-4.757715e-06	-1.309657e-09	-3.378648e+01	-8.589992e+01
6.830000e-06	-4.779302e-06	-1.309342e-09	-3.393979e+01	-8.593140e+01
6.840000e-06	-4.800328e-06	-1.309619e-09	-3.408910e+01	-8.596203e+01
6.850000e-06	-4.820865e-06	-1.309684e-09	-3.423494e+01	-8.599229e+01
6.860000e-06	-4.841042e-06	-1.309597e-09	-3.437822e+01	-8.602258e+01
6.870000e-06	-4.860957e-06	-1.310764e-09	-3.451965e+01	-8.605325e+01
6.880000e-06	-4.880682e-06	-1.313414e-09	-3.465973e+01	-8.608458e+01
6.890000e-06	-4.900187e-06	-1.316870e-09	-3.479824e+01	-8.611679e+01
6.900000e-06	-4.919389e-06	-1.319436e-09	-3.493460e+01	-8.615003e+01
6.910000e-06	-4.938279e-06	-1.321648e-09	-3.506875e+01	-8.618437e+01
6.920000e-06	-4.956886e-06	-1.324865e-09	-3.520088e+01	-8.621982e+01
6.930000e-06	-4.975070e-06	-1.327109e-09	-3.533002e+01	-8.625632e+01
6.940000e-06	-4.992905e-06	-1.326100e-09	-3.545667e+01	-8.629373e+01
6.950000e-06	-5.010552e-06	-1.323559e-09	-3.558199e+01	-8.633187e+01
6.960000e-06	-5.027749e-06	-1.322591e-09	-3.570411e+01	-8.637046e+01
6.970000e-06	-5.044501e-06	-1.322596e-09	-3.582307e+01	-8.640919e+01
6.980000e-06	-5.061057e-06	-1.322097e-09	-3.594064e+01	-8.644769e+01
6.990000e-06	-5.077311e-06	-1.321437e-09	-3.605607e+01	-8.648551e+01
7.000000e-06	-5.093218e-06	-1.321401e-09	-3.616903e+01	-8.652220e+01
7.010000e-06	-5.108910e-06	-1.321157e-09	-3.628047e+01	-8.655724e+01
7.020000e-06	-5.124408e-06	-1.320130e-09	-3.639052e+01	-8.659010e+01
7.030000e-06	-5.139498e-06	-1.318482e-09	-3.649768e+01	-8.662020e+01
7.040000e-06	-5.153954e-06	-1.316390e-09	-3.660034e+01	-8.664698e+01
7.050000e-06	-5.167652e-06	-1.313106e-09	-3.669762e+01	-8.666984e+01
7.060000e-06	-5.180754e-06	-1.310668e-09	-3.679066e+01	-8.668820e+01
7.070000e-06	-5.193406e-06	-1.311020e-09	-3.688050e+01	-8.670149e+01
7.080000e-06	-5.205639e-06	-1.311633e-09	-3.696738e+01	-8.670913e+01
7.090000e-06	-5.217565e-06	-1.311879e-09	-3.705207e+01	-8.671061e+01
7.100000e-06	-5.229182e-06	-1.311166e-09	-3.713456e+01	-8.670543e+01
7.110000e-06	-5.240435e-06	-1.307201e-09	-3.721448e+01	-8.669312e+01
7.120000e-06	-5.251293e-06	-1.304011e-09	-3.729159e+01	-8.667329e+01
7.130000e-06	-5.261748e-06	-1.302628e-09	-3.736583e+01	-8.664557e+01
7.140000e-06	-5.271866e-06	-1.304036e-09	-3.743769e+01	-8.660970e+01
7.150000e-06	-5.281679e-06	-1.306400e-09	-3.750737e+01	-8.656545e+01
7.160000e-06	-5.291128e-06	-1.305976e-09	-3.757447e+01	-8.651267e+01
7.170000e-06	-5.300196e-06	-1.302771e-09	-3.763887e+01	-8.645131e+01
7.180000e-06	-5.308870e-06	-1.296686e-09	-3.770046e+01	-8.638137e+01
7.190000e-06	-5.317216e-06	-1.288472e-09	-3.775973e+01	-8.630298e+01
7.200000e-06	-5.325305e-06	-1.281795e-09	-3.781717e+01	-8.621630e+01
7.210000e-06	-5.333103e-06	-1.282306e-09	-3.787255e+01	-8.612162e+01
7.220000e-06	-5.340635e-06	-1.287804e-09	-3.792604e+01	-8.601931e+01
7.230000e-06	-5.347863e-06	-1.293254e-09	-3.797737e+01	-8.590980e+01
7.240000e-06	-5.354675e-06	-1.294985e-09	-3.802575e+01	-8.579362e+01
7.250000e-06	-5.360899e-06	-1.292861e-09	-3.806994e+01	-8.567140e+01
7.260000e-06	-5.366443e-06	-1.288737e-09	-3.810931e+01	-8.554380e+01
7.270000e-06	-5.371419e-06	-1.284682e-09	-3.814465e+01	-8.541159e+01
7.280000e-06	-5.375915e-06	-1.279662e-09	-3.817658e+01	-8.527559e+01
7.290000e-06	-5.380034e-06	-1.275341e-09	-3.820583e+01	-8.513667e+01
7.300000e-06	-5.383964e-06	-1.274321e-09	-3.823374e+01	-8.499575e+01
7.310000e-06	-5.387652e-06	-1.277827e-09	-3.825993e+01	-8.485380e+01
7.320000e-06	-5.391008e-06	-1.281197e-09	-3.828376e+01	-8.471183e+01
7.330000e-06	-5.394050e-06	-1.282026e-09	-3.830536e+01	-8.457085e+01
7.340000e-06	-5.396720e-06	-1.281240e-09	-3.832432e+01	-8.443189e+01
7.350000e-06	-5.399023e-06	-1.279488e-09	-3.834068e+01	-8.429600e+01
7.360000e-06	-5.400995e-06	-1.276208e-09	-3.835468e+01	-8.416420e+01
7.370000e-06	-5.402669e-06	-1.271770e-09	-3.836657e+01	-8.403750e+01
7.380000e-06	-5.403889e-06	-1.269408e-09	-3.837523e+01	-8.391690e+01
7.390000e-06	-5.404649e-06	-1.269409e-09	-3.838063e+01	-8.380333e+01
7.400000e-06	-5.405044e-06	-1.270393e-09	-3.838343e+01	-8.369769e+01
