# Temperatura_=_18.04
# Concentracion g/m^3_=_4090.0
# C_Vs_to_Am_M_A/Vsm_=_65563218390.804596
# pendiente_HvsI_1/m_=_3716.3
# ordenada_HvsI_A/m_=_1297.0
# frecuencia_Hz_=_135083.31690867146

Tiempo_(s)	Campo_(V.s)	Magnetizacion_(V.s)	Campo_(kA/m)	Magnetizacion_(A/m)
0.000000e+00	-5.391481e-06	-1.293883e-09	-3.839798e+01	-8.605247e+01
1.000000e-08	-5.391618e-06	-1.287001e-09	-3.839896e+01	-8.591529e+01
2.000000e-08	-5.391512e-06	-1.279096e-09	-3.839820e+01	-8.578499e+01
3.000000e-08	-5.391138e-06	-1.268442e-09	-3.839554e+01	-8.566227e+01
4.000000e-08	-5.390235e-06	-1.261443e-09	-3.838911e+01	-8.554779e+01
5.000000e-08	-5.388678e-06	-1.264433e-09	-3.837802e+01	-8.544212e+01
6.000000e-08	-5.386541e-06	-1.283319e-09	-3.836280e+01	-8.534577e+01
7.000000e-08	-5.383849e-06	-1.294601e-09	-3.834363e+01	-8.525917e+01
8.000000e-08	-5.380525e-06	-1.276461e-09	-3.831995e+01	-8.518265e+01
9.000000e-08	-5.376738e-06	-1.234656e-09	-3.829298e+01	-8.511645e+01
1.000000e-07	-5.372644e-06	-1.261018e-09	-3.826382e+01	-8.506074e+01
1.100000e-07	-5.368228e-06	-1.298415e-09	-3.823238e+01	-8.501554e+01
1.200000e-07	-5.363701e-06	-1.280118e-09	-3.820014e+01	-8.498083e+01
1.300000e-07	-5.358955e-06	-1.211756e-09	-3.816633e+01	-8.495645e+01
1.400000e-07	-5.353699e-06	-1.245674e-09	-3.812890e+01	-8.494215e+01
1.500000e-07	-5.348040e-06	-1.320929e-09	-3.808860e+01	-8.493759e+01
1.600000e-07	-5.342110e-06	-1.316609e-09	-3.804637e+01	-8.494231e+01
1.700000e-07	-5.335751e-06	-1.185130e-09	-3.800108e+01	-8.495577e+01
1.800000e-07	-5.328920e-06	-1.197820e-09	-3.795243e+01	-8.497736e+01
1.900000e-07	-5.321827e-06	-1.271850e-09	-3.790191e+01	-8.500634e+01
2.000000e-07	-5.314586e-06	-1.281531e-09	-3.785034e+01	-8.504193e+01
2.100000e-07	-5.307068e-06	-1.198388e-09	-3.779680e+01	-8.508326e+01
2.200000e-07	-5.299189e-06	-1.248342e-09	-3.774068e+01	-8.512939e+01
2.300000e-07	-5.290963e-06	-1.331393e-09	-3.768210e+01	-8.517933e+01
2.400000e-07	-5.282292e-06	-1.309504e-09	-3.762035e+01	-8.523204e+01
2.500000e-07	-5.272927e-06	-1.278810e-09	-3.755364e+01	-8.528644e+01
2.600000e-07	-5.263023e-06	-1.321493e-09	-3.748311e+01	-8.534142e+01
2.700000e-07	-5.252683e-06	-1.352561e-09	-3.740947e+01	-8.539585e+01
2.800000e-07	-5.241785e-06	-1.295925e-09	-3.733186e+01	-8.544859e+01
2.900000e-07	-5.230410e-06	-1.282478e-09	-3.725084e+01	-8.549848e+01
3.000000e-07	-5.218559e-06	-1.310268e-09	-3.716644e+01	-8.554441e+01
3.100000e-07	-5.206363e-06	-1.327041e-09	-3.707958e+01	-8.558524e+01
3.200000e-07	-5.193735e-06	-1.280662e-09	-3.698964e+01	-8.561991e+01
3.300000e-07	-5.180705e-06	-1.313215e-09	-3.689684e+01	-8.564735e+01
3.400000e-07	-5.167339e-06	-1.326301e-09	-3.680165e+01	-8.566658e+01
3.500000e-07	-5.153519e-06	-1.334500e-09	-3.670322e+01	-8.567665e+01
3.600000e-07	-5.139322e-06	-1.308576e-09	-3.660211e+01	-8.567668e+01
3.700000e-07	-5.124685e-06	-1.324742e-09	-3.649787e+01	-8.566587e+01
3.800000e-07	-5.109437e-06	-1.286927e-09	-3.638927e+01	-8.564349e+01
3.900000e-07	-5.093547e-06	-1.285894e-09	-3.627610e+01	-8.560889e+01
4.000000e-07	-5.077343e-06	-1.300877e-09	-3.616070e+01	-8.556154e+01
4.100000e-07	-5.060892e-06	-1.307938e-09	-3.604354e+01	-8.550096e+01
4.200000e-07	-5.044020e-06	-1.276003e-09	-3.592338e+01	-8.542679e+01
4.300000e-07	-5.026669e-06	-1.301548e-09	-3.579980e+01	-8.533878e+01
4.400000e-07	-5.009035e-06	-1.321697e-09	-3.567421e+01	-8.523677e+01
4.500000e-07	-4.991243e-06	-1.301806e-09	-3.554750e+01	-8.512068e+01
4.600000e-07	-4.973076e-06	-1.268498e-09	-3.541811e+01	-8.499056e+01
4.700000e-07	-4.954543e-06	-1.278680e-09	-3.528612e+01	-8.484655e+01
4.800000e-07	-4.935590e-06	-1.279819e-09	-3.515114e+01	-8.468888e+01
4.900000e-07	-4.916385e-06	-1.269777e-09	-3.501436e+01	-8.451788e+01
5.000000e-07	-4.897025e-06	-1.262754e-09	-3.487648e+01	-8.433397e+01
5.100000e-07	-4.877305e-06	-1.258998e-09	-3.473604e+01	-8.413763e+01
5.200000e-07	-4.857275e-06	-1.261829e-09	-3.459338e+01	-8.392945e+01
5.300000e-07	-4.836954e-06	-1.265795e-09	-3.444865e+01	-8.371006e+01
5.400000e-07	-4.816292e-06	-1.259876e-09	-3.430150e+01	-8.348018e+01
5.500000e-07	-4.795335e-06	-1.243804e-09	-3.415225e+01	-8.324058e+01
5.600000e-07	-4.773989e-06	-1.251078e-09	-3.400022e+01	-8.299205e+01
5.700000e-07	-4.752248e-06	-1.253880e-09	-3.384539e+01	-8.273545e+01
5.800000e-07	-4.730269e-06	-1.238920e-09	-3.368885e+01	-8.247166e+01
5.900000e-07	-4.708047e-06	-1.215931e-09	-3.353058e+01	-8.220158e+01
6.000000e-07	-4.685535e-06	-1.222925e-09	-3.337026e+01	-8.192611e+01
6.100000e-07	-4.662726e-06	-1.226877e-09	-3.320781e+01	-8.164618e+01
6.200000e-07	-4.639587e-06	-1.228279e-09	-3.304301e+01	-8.136269e+01
6.300000e-07	-4.616119e-06	-1.216029e-09	-3.287588e+01	-8.107653e+01
6.400000e-07	-4.592410e-06	-1.224491e-09	-3.270702e+01	-8.078857e+01
6.500000e-07	-4.568411e-06	-1.229405e-09	-3.253610e+01	-8.049966e+01
6.600000e-07	-4.544135e-06	-1.230301e-09	-3.236321e+01	-8.021060e+01
6.700000e-07	-4.519578e-06	-1.205774e-09	-3.218832e+01	-7.992213e+01
6.800000e-07	-4.494633e-06	-1.194012e-09	-3.201066e+01	-7.963496e+01
6.900000e-07	-4.469195e-06	-1.188402e-09	-3.182948e+01	-7.934974e+01
7.000000e-07	-4.443168e-06	-1.192070e-09	-3.164413e+01	-7.906705e+01
7.100000e-07	-4.416669e-06	-1.182116e-09	-3.145540e+01	-7.878741e+01
7.200000e-07	-4.389735e-06	-1.182208e-09	-3.126358e+01	-7.851126e+01
7.300000e-07	-4.362420e-06	-1.189054e-09	-3.106904e+01	-7.823897e+01
7.400000e-07	-4.334890e-06	-1.199987e-09	-3.087297e+01	-7.797085e+01
7.500000e-07	-4.307234e-06	-1.192463e-09	-3.067600e+01	-7.770711e+01
7.600000e-07	-4.279384e-06	-1.181681e-09	-3.047766e+01	-7.744790e+01
7.700000e-07	-4.251253e-06	-1.175196e-09	-3.027731e+01	-7.719330e+01
7.800000e-07	-4.222884e-06	-1.174073e-09	-3.007527e+01	-7.694330e+01
7.900000e-07	-4.194235e-06	-1.163834e-09	-2.987123e+01	-7.669783e+01
8.000000e-07	-4.165240e-06	-1.154160e-09	-2.966473e+01	-7.645675e+01
8.100000e-07	-4.135944e-06	-1.151615e-09	-2.945608e+01	-7.621985e+01
8.200000e-07	-4.106367e-06	-1.155622e-09	-2.924544e+01	-7.598687e+01
8.300000e-07	-4.076449e-06	-1.157710e-09	-2.903236e+01	-7.575749e+01
8.400000e-07	-4.046304e-06	-1.150559e-09	-2.881767e+01	-7.553133e+01
8.500000e-07	-4.015899e-06	-1.146448e-09	-2.860113e+01	-7.530798e+01
8.600000e-07	-3.985115e-06	-1.143874e-09	-2.838189e+01	-7.508698e+01
8.700000e-07	-3.954062e-06	-1.142794e-09	-2.816073e+01	-7.486785e+01
8.800000e-07	-3.922831e-06	-1.131724e-09	-2.793830e+01	-7.465007e+01
8.900000e-07	-3.891444e-06	-1.123096e-09	-2.771476e+01	-7.443312e+01
9.000000e-07	-3.859834e-06	-1.118858e-09	-2.748964e+01	-7.421644e+01
9.100000e-07	-3.828063e-06	-1.123088e-09	-2.726337e+01	-7.399951e+01
9.200000e-07	-3.796107e-06	-1.121640e-09	-2.703577e+01	-7.378175e+01
9.300000e-07	-3.763903e-06	-1.121918e-09	-2.680642e+01	-7.356265e+01
9.400000e-07	-3.731411e-06	-1.121145e-09	-2.657501e+01	-7.334167e+01
9.500000e-07	-3.698541e-06	-1.123178e-09	-2.634091e+01	-7.311830e+01
9.600000e-07	-3.665363e-06	-1.113646e-09	-2.610461e+01	-7.289207e+01
9.700000e-07	-3.631712e-06	-1.098553e-09	-2.586496e+01	-7.266252e+01
9.800000e-07	-3.597548e-06	-1.083961e-09	-2.562164e+01	-7.242923e+01
9.900000e-07	-3.563018e-06	-1.082276e-09	-2.537572e+01	-7.219183e+01
1.000000e-06	-3.528173e-06	-1.081559e-09	-2.512755e+01	-7.194997e+01
1.010000e-06	-3.493060e-06	-1.083385e-09	-2.487748e+01	-7.170336e+01
1.020000e-06	-3.457665e-06	-1.083278e-09	-2.462540e+01	-7.145175e+01
1.030000e-06	-3.422040e-06	-1.085444e-09	-2.437168e+01	-7.119494e+01
1.040000e-06	-3.386272e-06	-1.080236e-09	-2.411694e+01	-7.093277e+01
1.050000e-06	-3.350392e-06	-1.068107e-09	-2.386140e+01	-7.066514e+01
1.060000e-06	-3.314295e-06	-1.052909e-09	-2.360432e+01	-7.039199e+01
1.070000e-06	-3.277977e-06	-1.044074e-09	-2.334567e+01	-7.011330e+01
1.080000e-06	-3.241509e-06	-1.040000e-09	-2.308594e+01	-6.982912e+01
1.090000e-06	-3.204902e-06	-1.039995e-09	-2.282523e+01	-6.953950e+01
1.100000e-06	-3.168065e-06	-1.042736e-09	-2.256287e+01	-6.924458e+01
1.110000e-06	-3.130917e-06	-1.046333e-09	-2.229830e+01	-6.894450e+01
1.120000e-06	-3.093516e-06	-1.045516e-09	-2.203194e+01	-6.863944e+01
1.130000e-06	-3.055998e-06	-1.034541e-09	-2.176474e+01	-6.832962e+01
1.140000e-06	-3.018321e-06	-1.021429e-09	-2.149640e+01	-6.801529e+01
1.150000e-06	-2.980401e-06	-1.011452e-09	-2.122633e+01	-6.769669e+01
1.160000e-06	-2.942289e-06	-1.005235e-09	-2.095490e+01	-6.737410e+01
1.170000e-06	-2.903918e-06	-9.991295e-10	-2.068163e+01	-6.704781e+01
1.180000e-06	-2.865297e-06	-9.957273e-10	-2.040657e+01	-6.671812e+01
1.190000e-06	-2.826495e-06	-9.938207e-10	-2.013022e+01	-6.638530e+01
1.200000e-06	-2.787449e-06	-9.961913e-10	-1.985213e+01	-6.604967e+01
1.210000e-06	-2.748185e-06	-9.947507e-10	-1.957250e+01	-6.571149e+01
1.220000e-06	-2.708800e-06	-9.883031e-10	-1.929200e+01	-6.537104e+01
1.230000e-06	-2.669284e-06	-9.776018e-10	-1.901057e+01	-6.502856e+01
1.240000e-06	-2.629643e-06	-9.701855e-10	-1.872825e+01	-6.468430e+01
1.250000e-06	-2.589873e-06	-9.628440e-10	-1.844500e+01	-6.433846e+01
1.260000e-06	-2.549970e-06	-9.557247e-10	-1.816082e+01	-6.399122e+01
1.270000e-06	-2.509984e-06	-9.469455e-10	-1.787604e+01	-6.364273e+01
1.280000e-06	-2.469860e-06	-9.438698e-10	-1.759028e+01	-6.329312e+01
1.290000e-06	-2.429604e-06	-9.414830e-10	-1.730358e+01	-6.294246e+01
1.300000e-06	-2.389193e-06	-9.372616e-10	-1.701577e+01	-6.259080e+01
1.310000e-06	-2.348561e-06	-9.282583e-10	-1.672639e+01	-6.223817e+01
1.320000e-06	-2.307757e-06	-9.221150e-10	-1.643579e+01	-6.188452e+01
1.330000e-06	-2.266766e-06	-9.173917e-10	-1.614385e+01	-6.152980e+01
1.340000e-06	-2.225555e-06	-9.126072e-10	-1.585034e+01	-6.117391e+01
1.350000e-06	-2.184042e-06	-9.061232e-10	-1.555469e+01	-6.081671e+01
1.360000e-06	-2.142195e-06	-8.998162e-10	-1.525666e+01	-6.045803e+01
1.370000e-06	-2.099998e-06	-8.954513e-10	-1.495613e+01	-6.009767e+01
1.380000e-06	-2.057557e-06	-8.917973e-10	-1.465387e+01	-5.973539e+01
1.390000e-06	-2.014847e-06	-8.868079e-10	-1.434969e+01	-5.937092e+01
1.400000e-06	-1.971915e-06	-8.804615e-10	-1.404393e+01	-5.900397e+01
1.410000e-06	-1.928875e-06	-8.756280e-10	-1.373740e+01	-5.863422e+01
1.420000e-06	-1.885648e-06	-8.726997e-10	-1.342953e+01	-5.826133e+01
1.430000e-06	-1.842306e-06	-8.695731e-10	-1.312086e+01	-5.788495e+01
1.440000e-06	-1.798933e-06	-8.633643e-10	-1.281195e+01	-5.750470e+01
1.450000e-06	-1.755513e-06	-8.553619e-10	-1.250272e+01	-5.712020e+01
1.460000e-06	-1.711927e-06	-8.480688e-10	-1.219230e+01	-5.673104e+01
1.470000e-06	-1.668134e-06	-8.426938e-10	-1.188041e+01	-5.633683e+01
1.480000e-06	-1.624218e-06	-8.378350e-10	-1.156764e+01	-5.593715e+01
1.490000e-06	-1.580280e-06	-8.362314e-10	-1.125472e+01	-5.553160e+01
1.500000e-06	-1.536302e-06	-8.342319e-10	-1.094150e+01	-5.511976e+01
1.510000e-06	-1.492241e-06	-8.315324e-10	-1.062770e+01	-5.470122e+01
1.520000e-06	-1.448092e-06	-8.252039e-10	-1.031327e+01	-5.427558e+01
1.530000e-06	-1.403956e-06	-8.152108e-10	-9.998940e+00	-5.384245e+01
1.540000e-06	-1.359742e-06	-8.027424e-10	-9.684045e+00	-5.340142e+01
1.550000e-06	-1.315446e-06	-7.919533e-10	-9.368568e+00	-5.295211e+01
1.560000e-06	-1.271065e-06	-7.828479e-10	-9.052490e+00	-5.249415e+01
1.570000e-06	-1.226554e-06	-7.787298e-10	-8.735482e+00	-5.202716e+01
1.580000e-06	-1.181982e-06	-7.767044e-10	-8.418045e+00	-5.155077e+01
1.590000e-06	-1.137333e-06	-7.734118e-10	-8.100054e+00	-5.106462e+01
1.600000e-06	-1.092584e-06	-7.653666e-10	-7.781354e+00	-5.056837e+01
1.610000e-06	-1.047778e-06	-7.554290e-10	-7.462246e+00	-5.006166e+01
1.620000e-06	-1.002923e-06	-7.429868e-10	-7.142792e+00	-4.954414e+01
1.630000e-06	-9.580039e-07	-7.301632e-10	-6.822878e+00	-4.901547e+01
1.640000e-06	-9.130865e-07	-7.184705e-10	-6.502978e+00	-4.847529e+01
1.650000e-06	-8.681196e-07	-7.094890e-10	-6.182724e+00	-4.792325e+01
1.660000e-06	-8.230326e-07	-7.038986e-10	-5.861616e+00	-4.735899e+01
1.670000e-06	-7.778300e-07	-7.016402e-10	-5.539684e+00	-4.678213e+01
1.680000e-06	-7.325671e-07	-6.964026e-10	-5.217324e+00	-4.619229e+01
1.690000e-06	-6.871600e-07	-6.844145e-10	-4.893935e+00	-4.558908e+01
1.700000e-06	-6.416398e-07	-6.696254e-10	-4.569741e+00	-4.497208e+01
1.710000e-06	-5.960840e-07	-6.565000e-10	-4.245295e+00	-4.434086e+01
1.720000e-06	-5.504969e-07	-6.463879e-10	-3.920624e+00	-4.369497e+01
1.730000e-06	-5.049553e-07	-6.364781e-10	-3.596278e+00	-4.303392e+01
1.740000e-06	-4.594576e-07	-6.261620e-10	-3.272244e+00	-4.235723e+01
1.750000e-06	-4.138799e-07	-6.172678e-10	-2.947642e+00	-4.166437e+01
1.760000e-06	-3.682165e-07	-6.106836e-10	-2.622428e+00	-4.095478e+01
1.770000e-06	-3.224884e-07	-5.988866e-10	-2.296754e+00	-4.022789e+01
1.780000e-06	-2.767435e-07	-5.836185e-10	-1.970960e+00	-3.948310e+01
1.790000e-06	-2.310107e-07	-5.707430e-10	-1.645252e+00	-3.871978e+01
1.800000e-06	-1.852294e-07	-5.592542e-10	-1.319199e+00	-3.793728e+01
1.810000e-06	-1.395130e-07	-5.469099e-10	-9.936075e-01	-3.713493e+01
1.820000e-06	-9.380319e-08	-5.334633e-10	-6.680639e-01	-3.631204e+01
1.830000e-06	-4.803038e-08	-5.216272e-10	-3.420711e-01	-3.546791e+01
1.840000e-06	-2.322148e-09	-5.127692e-10	-1.653828e-02	-3.460180e+01
1.850000e-06	4.332053e-08	-5.032163e-10	3.085276e-01	-3.371301e+01
1.860000e-06	8.895883e-08	-4.893460e-10	6.335624e-01	-3.280078e+01
1.870000e-06	1.346233e-07	-4.718946e-10	9.587838e-01	-3.186439e+01
1.880000e-06	1.802922e-07	-4.562672e-10	1.284036e+00	-3.090312e+01
1.890000e-06	2.259734e-07	-4.408091e-10	1.609376e+00	-2.991626e+01
1.900000e-06	2.716860e-07	-4.244810e-10	1.934941e+00	-2.890311e+01
1.910000e-06	3.173365e-07	-4.072319e-10	2.260062e+00	-2.786301e+01
1.920000e-06	3.629710e-07	-3.917295e-10	2.585070e+00	-2.679532e+01
1.930000e-06	4.085983e-07	-3.758136e-10	2.910027e+00	-2.569945e+01
1.940000e-06	4.541922e-07	-3.558380e-10	3.234745e+00	-2.457487e+01
1.950000e-06	4.997708e-07	-3.329620e-10	3.559354e+00	-2.342107e+01
1.960000e-06	5.452643e-07	-3.104141e-10	3.883358e+00	-2.223764e+01
1.970000e-06	5.907430e-07	-2.900846e-10	4.207256e+00	-2.102421e+01
1.980000e-06	6.362128e-07	-2.709603e-10	4.531091e+00	-1.978050e+01
1.990000e-06	6.816711e-07	-2.494550e-10	4.854844e+00	-1.850632e+01
2.000000e-06	7.270548e-07	-2.303132e-10	5.178065e+00	-1.720155e+01
2.010000e-06	7.722610e-07	-2.155436e-10	5.500022e+00	-1.586620e+01
2.020000e-06	8.174154e-07	-2.004416e-10	5.821610e+00	-1.450034e+01
2.030000e-06	8.625724e-07	-1.798163e-10	6.143217e+00	-1.310418e+01
2.040000e-06	9.076336e-07	-1.526770e-10	6.464142e+00	-1.167803e+01
2.050000e-06	9.524821e-07	-1.243031e-10	6.783552e+00	-1.022231e+01
2.060000e-06	9.973050e-07	-9.754440e-11	7.102779e+00	-8.737562e+00
2.070000e-06	1.042165e-06	-7.426914e-11	7.422271e+00	-7.224448e+00
2.080000e-06	1.086902e-06	-5.414401e-11	7.740887e+00	-5.683754e+00
2.090000e-06	1.131491e-06	-3.627055e-11	8.058448e+00	-4.116385e+00
2.100000e-06	1.176003e-06	-1.918584e-11	8.375459e+00	-2.523367e+00
2.110000e-06	1.220466e-06	3.825255e-12	8.692127e+00	-9.058489e-01
2.120000e-06	1.264822e-06	3.355539e-11	9.008028e+00	7.349048e-01
2.130000e-06	1.309105e-06	6.499047e-11	9.323414e+00	2.397514e+00
2.140000e-06	1.353296e-06	9.410982e-11	9.638140e+00	4.080489e+00
2.150000e-06	1.397401e-06	1.199084e-10	9.952251e+00	5.782233e+00
2.160000e-06	1.441457e-06	1.419209e-10	1.026602e+01	7.501051e+00
2.170000e-06	1.485489e-06	1.626531e-10	1.057962e+01	9.235155e+00
2.180000e-06	1.529453e-06	1.842810e-10	1.089272e+01	1.098267e+01
2.190000e-06	1.573320e-06	2.083734e-10	1.120514e+01	1.274165e+01
2.200000e-06	1.617201e-06	2.365077e-10	1.151766e+01	1.451007e+01
2.210000e-06	1.661071e-06	2.659239e-10	1.183011e+01	1.628585e+01
2.220000e-06	1.704874e-06	2.964781e-10	1.214207e+01	1.806687e+01
2.230000e-06	1.748609e-06	3.256907e-10	1.245355e+01	1.985096e+01
2.240000e-06	1.792265e-06	3.532587e-10	1.276446e+01	2.163593e+01
2.250000e-06	1.835817e-06	3.787983e-10	1.307464e+01	2.341957e+01
2.260000e-06	1.879228e-06	4.042248e-10	1.338381e+01	2.519967e+01
2.270000e-06	1.922475e-06	4.322301e-10	1.369182e+01	2.697401e+01
2.280000e-06	1.965454e-06	4.606982e-10	1.399791e+01	2.874040e+01
2.290000e-06	2.008105e-06	4.888967e-10	1.430167e+01	3.049669e+01
2.300000e-06	2.050506e-06	5.158540e-10	1.460365e+01	3.224074e+01
2.310000e-06	2.092843e-06	5.422044e-10	1.490517e+01	3.397049e+01
2.320000e-06	2.135068e-06	5.690219e-10	1.520590e+01	3.568391e+01
2.330000e-06	2.176903e-06	5.935741e-10	1.550384e+01	3.737907e+01
2.340000e-06	2.218358e-06	6.144269e-10	1.579908e+01	3.905409e+01
2.350000e-06	2.259573e-06	6.369013e-10	1.609262e+01	4.070720e+01
2.360000e-06	2.300515e-06	6.633151e-10	1.638420e+01	4.233672e+01
2.370000e-06	2.341261e-06	6.909649e-10	1.667440e+01	4.394106e+01
2.380000e-06	2.381844e-06	7.183197e-10	1.696343e+01	4.551876e+01
2.390000e-06	2.422270e-06	7.431331e-10	1.725134e+01	4.706844e+01
2.400000e-06	2.462518e-06	7.660114e-10	1.753798e+01	4.858888e+01
2.410000e-06	2.502575e-06	7.878022e-10	1.782328e+01	5.007894e+01
2.420000e-06	2.542532e-06	8.094700e-10	1.810785e+01	5.153765e+01
2.430000e-06	2.582417e-06	8.326258e-10	1.839191e+01	5.296411e+01
2.440000e-06	2.622298e-06	8.568455e-10	1.867594e+01	5.435760e+01
2.450000e-06	2.662036e-06	8.793650e-10	1.895895e+01	5.571748e+01
2.460000e-06	2.701596e-06	9.007787e-10	1.924069e+01	5.704327e+01
2.470000e-06	2.741109e-06	9.187575e-10	1.952211e+01	5.833460e+01
2.480000e-06	2.780339e-06	9.313998e-10	1.980150e+01	5.959120e+01
2.490000e-06	2.819299e-06	9.459731e-10	2.007897e+01	6.081294e+01
2.500000e-06	2.858116e-06	9.685642e-10	2.035542e+01	6.199980e+01
2.510000e-06	2.896592e-06	9.962391e-10	2.062945e+01	6.315184e+01
2.520000e-06	2.934816e-06	1.023101e-09	2.090168e+01	6.426925e+01
2.530000e-06	2.972911e-06	1.043397e-09	2.117299e+01	6.535229e+01
2.540000e-06	3.010791e-06	1.058657e-09	2.144278e+01	6.640133e+01
2.550000e-06	3.048483e-06	1.066328e-09	2.171122e+01	6.741678e+01
2.560000e-06	3.086050e-06	1.070227e-09	2.197876e+01	6.839916e+01
2.570000e-06	3.123406e-06	1.078767e-09	2.224481e+01	6.934902e+01
2.580000e-06	3.160509e-06	1.094057e-09	2.250906e+01	7.026700e+01
2.590000e-06	3.197358e-06	1.114877e-09	2.277150e+01	7.115375e+01
2.600000e-06	3.233940e-06	1.138190e-09	2.303203e+01	7.200999e+01
2.610000e-06	3.270275e-06	1.161305e-09	2.329081e+01	7.283644e+01
2.620000e-06	3.306389e-06	1.177143e-09	2.354801e+01	7.363386e+01
2.630000e-06	3.342379e-06	1.183301e-09	2.380434e+01	7.440304e+01
2.640000e-06	3.378305e-06	1.186282e-09	2.406019e+01	7.514475e+01
2.650000e-06	3.414140e-06	1.189801e-09	2.431542e+01	7.585977e+01
2.660000e-06	3.449803e-06	1.196604e-09	2.456940e+01	7.654888e+01
2.670000e-06	3.485277e-06	1.204710e-09	2.482205e+01	7.721286e+01
2.680000e-06	3.520525e-06	1.215150e-09	2.507309e+01	7.785244e+01
2.690000e-06	3.555428e-06	1.229879e-09	2.532166e+01	7.846838e+01
2.700000e-06	3.589857e-06	1.244511e-09	2.556687e+01	7.906136e+01
2.710000e-06	3.623863e-06	1.255060e-09	2.580905e+01	7.963209e+01
2.720000e-06	3.657485e-06	1.262158e-09	2.604851e+01	8.018120e+01
2.730000e-06	3.690687e-06	1.271005e-09	2.628498e+01	8.070932e+01
2.740000e-06	3.723409e-06	1.276478e-09	2.651802e+01	8.121703e+01
2.750000e-06	3.755710e-06	1.277238e-09	2.674807e+01	8.170490e+01
2.760000e-06	3.787835e-06	1.278709e-09	2.697686e+01	8.217344e+01
2.770000e-06	3.819803e-06	1.285335e-09	2.720453e+01	8.262314e+01
2.780000e-06	3.851635e-06	1.295688e-09	2.743124e+01	8.305446e+01
2.790000e-06	3.883313e-06	1.302358e-09	2.765685e+01	8.346783e+01
2.800000e-06	3.914732e-06	1.304134e-09	2.788062e+01	8.386364e+01
2.810000e-06	3.945950e-06	1.304917e-09	2.810295e+01	8.424229e+01
2.820000e-06	3.976907e-06	1.305514e-09	2.832343e+01	8.460412e+01
2.830000e-06	4.007540e-06	1.307946e-09	2.854159e+01	8.494947e+01
2.840000e-06	4.037904e-06	1.310814e-09	2.875785e+01	8.527867e+01
2.850000e-06	4.067985e-06	1.316153e-09	2.897208e+01	8.559202e+01
2.860000e-06	4.097810e-06	1.320612e-09	2.918449e+01	8.588984e+01
2.870000e-06	4.127406e-06	1.323941e-09	2.939527e+01	8.617242e+01
2.880000e-06	4.156782e-06	1.324265e-09	2.960449e+01	8.644007e+01
2.890000e-06	4.185842e-06	1.321200e-09	2.981146e+01	8.669309e+01
2.900000e-06	4.214559e-06	1.321031e-09	3.001598e+01	8.693181e+01
2.910000e-06	4.243009e-06	1.323966e-09	3.021859e+01	8.715653e+01
2.920000e-06	4.271150e-06	1.325881e-09	3.041902e+01	8.736761e+01
2.930000e-06	4.299040e-06	1.326440e-09	3.061765e+01	8.756540e+01
2.940000e-06	4.326863e-06	1.328594e-09	3.081580e+01	8.775026e+01
2.950000e-06	4.354602e-06	1.331611e-09	3.101336e+01	8.792260e+01
2.960000e-06	4.382071e-06	1.334121e-09	3.120899e+01	8.808282e+01
2.970000e-06	4.409161e-06	1.335050e-09	3.140193e+01	8.823137e+01
2.980000e-06	4.435775e-06	1.333724e-09	3.159147e+01	8.836870e+01
2.990000e-06	4.461881e-06	1.333751e-09	3.177740e+01	8.849529e+01
3.000000e-06	4.487429e-06	1.335605e-09	3.195935e+01	8.861164e+01
3.010000e-06	4.512347e-06	1.337711e-09	3.213682e+01	8.871828e+01
3.020000e-06	4.536858e-06	1.339361e-09	3.231138e+01	8.881573e+01
3.030000e-06	4.561067e-06	1.342889e-09	3.248380e+01	8.890456e+01
3.040000e-06	4.584984e-06	1.347860e-09	3.265413e+01	8.898533e+01
3.050000e-06	4.608732e-06	1.351525e-09	3.282326e+01	8.905862e+01
3.060000e-06	4.632251e-06	1.354369e-09	3.299077e+01	8.912500e+01
3.070000e-06	4.655421e-06	1.356144e-09	3.315579e+01	8.918506e+01
3.080000e-06	4.678275e-06	1.358139e-09	3.331855e+01	8.923938e+01
3.090000e-06	4.700792e-06	1.359136e-09	3.347891e+01	8.928854e+01
3.100000e-06	4.722982e-06	1.358057e-09	3.363695e+01	8.933309e+01
3.110000e-06	4.744909e-06	1.355725e-09	3.379311e+01	8.937358e+01
3.120000e-06	4.766540e-06	1.356442e-09	3.394717e+01	8.941053e+01
3.130000e-06	4.787910e-06	1.358463e-09	3.409937e+01	8.944445e+01
3.140000e-06	4.808958e-06	1.359872e-09	3.424927e+01	8.947580e+01
3.150000e-06	4.829548e-06	1.360975e-09	3.439591e+01	8.950502e+01
3.160000e-06	4.849830e-06	1.362775e-09	3.454036e+01	8.953249e+01
3.170000e-06	4.869890e-06	1.365145e-09	3.468323e+01	8.955859e+01
3.180000e-06	4.889736e-06	1.367805e-09	3.482457e+01	8.958360e+01
3.190000e-06	4.909404e-06	1.366909e-09	3.496464e+01	8.960779e+01
3.200000e-06	4.928792e-06	1.363250e-09	3.510272e+01	8.963137e+01
3.210000e-06	4.947837e-06	1.361624e-09	3.523836e+01	8.965449e+01
3.220000e-06	4.966537e-06	1.363192e-09	3.537155e+01	8.967724e+01
3.230000e-06	4.984819e-06	1.366959e-09	3.550175e+01	8.969966e+01
3.240000e-06	5.002646e-06	1.369889e-09	3.562871e+01	8.972175e+01
3.250000e-06	5.020142e-06	1.371242e-09	3.575332e+01	8.974344e+01
3.260000e-06	5.037421e-06	1.372129e-09	3.587638e+01	8.976460e+01
3.270000e-06	5.054369e-06	1.369249e-09	3.599708e+01	8.978505e+01
3.280000e-06	5.070972e-06	1.364560e-09	3.611533e+01	8.980456e+01
3.290000e-06	5.087242e-06	1.360586e-09	3.623121e+01	8.982288e+01
3.300000e-06	5.103027e-06	1.359620e-09	3.634362e+01	8.983967e+01
3.310000e-06	5.118310e-06	1.361834e-09	3.645247e+01	8.985459e+01
3.320000e-06	5.133109e-06	1.362685e-09	3.655787e+01	8.986724e+01
3.330000e-06	5.147440e-06	1.363240e-09	3.665993e+01	8.987721e+01
3.340000e-06	5.161361e-06	1.363074e-09	3.675907e+01	8.988405e+01
3.350000e-06	5.174978e-06	1.361265e-09	3.685605e+01	8.988732e+01
3.360000e-06	5.188238e-06	1.359916e-09	3.695049e+01	8.988653e+01
3.370000e-06	5.201071e-06	1.356769e-09	3.704189e+01	8.988122e+01
3.380000e-06	5.213591e-06	1.354611e-09	3.713105e+01	8.987093e+01
3.390000e-06	5.225783e-06	1.357735e-09	3.721789e+01	8.985519e+01
3.400000e-06	5.237564e-06	1.359886e-09	3.730179e+01	8.983356e+01
3.410000e-06	5.248945e-06	1.360459e-09	3.738285e+01	8.980563e+01
3.420000e-06	5.259939e-06	1.357173e-09	3.746115e+01	8.977102e+01
3.430000e-06	5.270415e-06	1.352733e-09	3.753576e+01	8.972937e+01
3.440000e-06	5.280191e-06	1.347536e-09	3.760538e+01	8.968038e+01
3.450000e-06	5.289242e-06	1.342508e-09	3.766984e+01	8.962380e+01
3.460000e-06	5.297743e-06	1.340490e-09	3.773039e+01	8.955943e+01
3.470000e-06	5.305926e-06	1.342851e-09	3.778866e+01	8.948712e+01
3.480000e-06	5.313838e-06	1.350297e-09	3.784502e+01	8.940682e+01
3.490000e-06	5.321510e-06	1.354191e-09	3.789965e+01	8.931849e+01
3.500000e-06	5.328964e-06	1.351822e-09	3.795274e+01	8.922221e+01
3.510000e-06	5.336156e-06	1.347994e-09	3.800396e+01	8.911811e+01
3.520000e-06	5.343000e-06	1.343996e-09	3.805270e+01	8.900640e+01
3.530000e-06	5.349351e-06	1.337845e-09	3.809794e+01	8.888736e+01
3.540000e-06	5.355314e-06	1.332188e-09	3.814040e+01	8.876134e+01
3.550000e-06	5.360974e-06	1.333455e-09	3.818071e+01	8.862876e+01
3.560000e-06	5.366235e-06	1.339712e-09	3.821818e+01	8.849013e+01
3.570000e-06	5.371077e-06	1.344876e-09	3.825267e+01	8.834600e+01
3.580000e-06	5.375499e-06	1.347142e-09	3.828416e+01	8.819699e+01
3.590000e-06	5.379608e-06	1.347253e-09	3.831342e+01	8.804380e+01
3.600000e-06	5.383524e-06	1.345261e-09	3.834131e+01	8.788716e+01
3.610000e-06	5.387198e-06	1.339170e-09	3.836748e+01	8.772785e+01
3.620000e-06	5.390575e-06	1.331192e-09	3.839153e+01	8.756670e+01
3.630000e-06	5.393578e-06	1.328284e-09	3.841292e+01	8.740455e+01
3.640000e-06	5.396090e-06	1.333709e-09	3.843081e+01	8.724229e+01
3.650000e-06	5.397924e-06	1.339568e-09	3.844387e+01	8.708083e+01
3.660000e-06	5.399104e-06	1.342650e-09	3.845227e+01	8.692105e+01
3.670000e-06	5.399761e-06	1.343465e-09	3.845695e+01	8.676388e+01
3.680000e-06	5.400075e-06	1.342560e-09	3.845919e+01	8.661021e+01
3.690000e-06	5.400189e-06	1.339340e-09	3.846000e+01	8.646091e+01
3.700000e-06	5.399979e-06	1.335593e-09	3.845851e+01	8.631684e+01
3.710000e-06	5.399469e-06	1.332783e-09	3.845488e+01	8.617881e+01
3.720000e-06	5.398656e-06	1.331633e-09	3.844909e+01	8.604759e+01
3.730000e-06	5.397477e-06	1.330583e-09	3.844069e+01	8.592389e+01
3.740000e-06	5.395918e-06	1.327770e-09	3.842959e+01	8.580838e+01
3.750000e-06	5.394035e-06	1.316522e-09	3.841618e+01	8.570164e+01
3.760000e-06	5.391861e-06	1.295673e-09	3.840069e+01	8.560418e+01
3.770000e-06	5.389370e-06	1.297208e-09	3.838295e+01	8.551644e+01
3.780000e-06	5.386485e-06	1.334016e-09	3.836240e+01	8.543875e+01
3.790000e-06	5.383063e-06	1.330810e-09	3.833803e+01	8.537137e+01
3.800000e-06	5.379242e-06	1.295268e-09	3.831081e+01	8.531446e+01
3.810000e-06	5.375227e-06	1.258701e-09	3.828222e+01	8.526807e+01
3.820000e-06	5.371018e-06	1.313873e-09	3.825225e+01	8.523217e+01
3.830000e-06	5.366480e-06	1.310126e-09	3.821993e+01	8.520662e+01
3.840000e-06	5.361395e-06	1.238755e-09	3.818371e+01	8.519118e+01
3.850000e-06	5.355785e-06	1.208732e-09	3.814376e+01	8.518550e+01
3.860000e-06	5.349841e-06	1.289729e-09	3.810143e+01	8.518915e+01
3.870000e-06	5.343482e-06	1.351604e-09	3.805614e+01	8.520159e+01
3.880000e-06	5.336511e-06	1.241825e-09	3.800649e+01	8.522221e+01
3.890000e-06	5.329016e-06	1.212438e-09	3.795311e+01	8.525028e+01
3.900000e-06	5.321188e-06	1.284554e-09	3.789736e+01	8.528504e+01
3.910000e-06	5.313093e-06	1.331125e-09	3.783970e+01	8.532560e+01
3.920000e-06	5.304639e-06	1.188491e-09	3.777950e+01	8.537105e+01
3.930000e-06	5.295801e-06	1.176941e-09	3.771655e+01	8.542040e+01
3.940000e-06	5.286743e-06	1.287592e-09	3.765204e+01	8.547260e+01
3.950000e-06	5.277405e-06	1.324818e-09	3.758554e+01	8.552659e+01
3.960000e-06	5.267487e-06	1.204027e-09	3.751490e+01	8.558125e+01
3.970000e-06	5.257175e-06	1.229147e-09	3.744146e+01	8.563545e+01
3.980000e-06	5.246579e-06	1.345194e-09	3.736599e+01	8.568805e+01
3.990000e-06	5.235565e-06	1.329861e-09	3.728755e+01	8.573791e+01
4.000000e-06	5.224191e-06	1.257888e-09	3.720655e+01	8.578389e+01
4.010000e-06	5.212427e-06	1.311129e-09	3.712277e+01	8.582488e+01
4.020000e-06	5.200268e-06	1.386989e-09	3.703617e+01	8.585978e+01
4.030000e-06	5.187746e-06	1.319613e-09	3.694699e+01	8.588755e+01
4.040000e-06	5.174868e-06	1.269416e-09	3.685527e+01	8.590718e+01
4.050000e-06	5.161476e-06	1.303383e-09	3.675990e+01	8.591773e+01
4.060000e-06	5.147300e-06	1.325509e-09	3.665894e+01	8.591831e+01
4.070000e-06	5.132331e-06	1.283320e-09	3.655233e+01	8.590811e+01
4.080000e-06	5.116960e-06	1.296325e-09	3.644285e+01	8.588640e+01
4.090000e-06	5.101323e-06	1.307676e-09	3.633148e+01	8.585253e+01
4.100000e-06	5.085412e-06	1.287277e-09	3.621817e+01	8.580594e+01
4.110000e-06	5.069296e-06	1.270632e-09	3.610339e+01	8.574616e+01
4.120000e-06	5.052898e-06	1.291860e-09	3.598660e+01	8.567282e+01
4.130000e-06	5.036090e-06	1.242249e-09	3.586690e+01	8.558566e+01
4.140000e-06	5.018899e-06	1.231752e-09	3.574447e+01	8.548449e+01
4.150000e-06	5.001391e-06	1.265544e-09	3.561978e+01	8.536926e+01
4.160000e-06	4.983546e-06	1.292157e-09	3.549268e+01	8.523999e+01
4.170000e-06	4.965388e-06	1.250465e-09	3.536336e+01	8.509681e+01
4.180000e-06	4.946861e-06	1.252801e-09	3.523141e+01	8.493995e+01
4.190000e-06	4.927973e-06	1.262985e-09	3.509689e+01	8.476973e+01
4.200000e-06	4.908851e-06	1.252228e-09	3.496071e+01	8.458656e+01
4.210000e-06	4.889381e-06	1.225588e-09	3.482204e+01	8.439092e+01
4.220000e-06	4.869560e-06	1.223897e-09	3.468088e+01	8.418338e+01
4.230000e-06	4.849561e-06	1.221771e-09	3.453845e+01	8.396459e+01
4.240000e-06	4.829356e-06	1.236625e-09	3.439455e+01	8.373524e+01
4.250000e-06	4.808831e-06	1.240351e-09	3.424836e+01	8.349609e+01
4.260000e-06	4.787976e-06	1.219912e-09	3.409984e+01	8.324796e+01
4.270000e-06	4.766689e-06	1.213605e-09	3.394823e+01	8.299168e+01
4.280000e-06	4.744841e-06	1.227382e-09	3.379263e+01	8.272814e+01
4.290000e-06	4.722459e-06	1.221672e-09	3.363323e+01	8.245823e+01
4.300000e-06	4.699511e-06	1.199470e-09	3.346979e+01	8.218286e+01
4.310000e-06	4.676084e-06	1.195036e-09	3.330295e+01	8.190295e+01
4.320000e-06	4.652341e-06	1.195651e-09	3.313385e+01	8.161940e+01
4.330000e-06	4.628340e-06	1.193892e-09	3.296291e+01	8.133311e+01
4.340000e-06	4.604139e-06	1.175509e-09	3.279056e+01	8.104496e+01
4.350000e-06	4.579727e-06	1.162337e-09	3.261670e+01	8.075578e+01
4.360000e-06	4.555033e-06	1.163743e-09	3.244082e+01	8.046638e+01
4.370000e-06	4.530021e-06	1.177296e-09	3.226269e+01	8.017752e+01
4.380000e-06	4.504716e-06	1.166240e-09	3.208247e+01	7.988990e+01
4.390000e-06	4.479095e-06	1.156589e-09	3.189999e+01	7.960418e+01
4.400000e-06	4.453047e-06	1.154575e-09	3.171448e+01	7.932094e+01
4.410000e-06	4.426653e-06	1.159324e-09	3.152651e+01	7.904071e+01
4.420000e-06	4.400012e-06	1.147577e-09	3.133677e+01	7.876393e+01
4.430000e-06	4.373060e-06	1.137078e-09	3.114482e+01	7.849099e+01
4.440000e-06	4.345792e-06	1.129289e-09	3.095062e+01	7.822219e+01
4.450000e-06	4.318252e-06	1.138268e-09	3.075447e+01	7.795776e+01
4.460000e-06	4.290488e-06	1.138634e-09	3.055674e+01	7.769786e+01
4.470000e-06	4.262485e-06	1.133791e-09	3.035730e+01	7.744255e+01
4.480000e-06	4.234276e-06	1.128343e-09	3.015640e+01	7.719186e+01
4.490000e-06	4.205906e-06	1.136895e-09	2.995435e+01	7.694570e+01
4.500000e-06	4.177251e-06	1.135779e-09	2.975027e+01	7.670394e+01
4.510000e-06	4.148242e-06	1.127042e-09	2.954367e+01	7.646639e+01
4.520000e-06	4.118815e-06	1.115846e-09	2.933409e+01	7.623277e+01
4.530000e-06	4.088918e-06	1.116449e-09	2.912116e+01	7.600279e+01
4.540000e-06	4.058593e-06	1.120762e-09	2.890519e+01	7.577606e+01
4.550000e-06	4.027885e-06	1.117381e-09	2.868649e+01	7.555217e+01
4.560000e-06	3.996719e-06	1.106407e-09	2.846453e+01	7.533068e+01
4.570000e-06	3.965184e-06	1.103175e-09	2.823994e+01	7.511109e+01
4.580000e-06	3.933454e-06	1.106290e-09	2.801396e+01	7.489290e+01
4.590000e-06	3.901515e-06	1.101656e-09	2.778648e+01	7.467558e+01
4.600000e-06	3.869325e-06	1.091251e-09	2.755723e+01	7.445859e+01
4.610000e-06	3.836915e-06	1.084329e-09	2.732641e+01	7.424138e+01
4.620000e-06	3.804329e-06	1.085529e-09	2.709433e+01	7.402340e+01
4.630000e-06	3.771550e-06	1.083406e-09	2.686088e+01	7.380411e+01
4.640000e-06	3.738536e-06	1.074826e-09	2.662576e+01	7.358299e+01
4.650000e-06	3.705231e-06	1.067249e-09	2.638856e+01	7.335952e+01
4.660000e-06	3.671623e-06	1.069456e-09	2.614920e+01	7.313323e+01
4.670000e-06	3.637829e-06	1.068365e-09	2.590852e+01	7.290365e+01
4.680000e-06	3.603869e-06	1.063620e-09	2.566666e+01	7.267037e+01
4.690000e-06	3.569661e-06	1.054557e-09	2.542303e+01	7.243301e+01
4.700000e-06	3.535210e-06	1.055762e-09	2.517767e+01	7.219122e+01
4.710000e-06	3.500425e-06	1.055882e-09	2.492994e+01	7.194470e+01
4.720000e-06	3.465315e-06	1.051680e-09	2.467988e+01	7.169320e+01
4.730000e-06	3.429983e-06	1.042923e-09	2.442825e+01	7.143651e+01
4.740000e-06	3.394399e-06	1.040467e-09	2.417482e+01	7.117447e+01
4.750000e-06	3.358619e-06	1.040478e-09	2.392000e+01	7.090698e+01
4.760000e-06	3.322720e-06	1.038363e-09	2.366432e+01	7.063398e+01
4.770000e-06	3.286675e-06	1.028728e-09	2.340761e+01	7.035543e+01
4.780000e-06	3.250513e-06	1.022223e-09	2.315007e+01	7.007138e+01
4.790000e-06	3.214254e-06	1.018795e-09	2.289183e+01	6.978190e+01
4.800000e-06	3.177824e-06	1.016543e-09	2.263238e+01	6.948710e+01
4.810000e-06	3.141133e-06	1.009644e-09	2.237106e+01	6.918712e+01
4.820000e-06	3.104158e-06	1.004388e-09	2.210773e+01	6.888215e+01
4.830000e-06	3.066792e-06	1.002308e-09	2.184161e+01	6.857241e+01
4.840000e-06	3.029078e-06	1.000045e-09	2.157301e+01	6.825812e+01
4.850000e-06	2.991100e-06	9.929993e-10	2.130254e+01	6.793955e+01
4.860000e-06	2.952812e-06	9.848124e-10	2.102985e+01	6.761697e+01
4.870000e-06	2.914141e-06	9.814042e-10	2.075443e+01	6.729066e+01
4.880000e-06	2.875033e-06	9.812452e-10	2.047591e+01	6.696092e+01
4.890000e-06	2.835639e-06	9.775975e-10	2.019535e+01	6.662804e+01
4.900000e-06	2.796074e-06	9.705680e-10	1.991356e+01	6.629231e+01
4.910000e-06	2.756349e-06	9.665212e-10	1.963064e+01	6.595401e+01
4.920000e-06	2.716435e-06	9.654524e-10	1.934638e+01	6.561342e+01
4.930000e-06	2.676347e-06	9.629717e-10	1.906087e+01	6.527079e+01
4.940000e-06	2.636203e-06	9.578525e-10	1.877496e+01	6.492635e+01
4.950000e-06	2.595953e-06	9.560903e-10	1.848830e+01	6.458032e+01
4.960000e-06	2.555525e-06	9.536422e-10	1.820038e+01	6.423287e+01
4.970000e-06	2.514967e-06	9.495018e-10	1.791153e+01	6.388416e+01
4.980000e-06	2.474246e-06	9.434455e-10	1.762151e+01	6.353432e+01
4.990000e-06	2.433318e-06	9.389301e-10	1.733002e+01	6.318343e+01
5.000000e-06	2.392236e-06	9.341236e-10	1.703744e+01	6.283154e+01
5.010000e-06	2.351043e-06	9.291313e-10	1.674406e+01	6.247867e+01
5.020000e-06	2.309689e-06	9.210032e-10	1.644954e+01	6.212479e+01
5.030000e-06	2.268119e-06	9.158976e-10	1.615349e+01	6.176985e+01
5.040000e-06	2.226374e-06	9.126952e-10	1.585618e+01	6.141374e+01
5.050000e-06	2.184504e-06	9.089925e-10	1.555798e+01	6.105634e+01
5.060000e-06	2.142465e-06	9.030806e-10	1.525858e+01	6.069748e+01
5.070000e-06	2.100294e-06	8.973621e-10	1.495823e+01	6.033694e+01
5.080000e-06	2.058026e-06	8.904432e-10	1.465720e+01	5.997451e+01
5.090000e-06	2.015575e-06	8.843313e-10	1.435487e+01	5.960992e+01
5.100000e-06	1.972934e-06	8.782202e-10	1.405119e+01	5.924287e+01
5.110000e-06	1.930190e-06	8.717961e-10	1.374676e+01	5.887305e+01
5.120000e-06	1.887320e-06	8.680570e-10	1.344144e+01	5.850012e+01
5.130000e-06	1.844308e-06	8.683032e-10	1.313511e+01	5.812373e+01
5.140000e-06	1.801228e-06	8.670688e-10	1.282830e+01	5.774350e+01
5.150000e-06	1.758000e-06	8.615328e-10	1.252043e+01	5.735905e+01
5.160000e-06	1.714609e-06	8.526704e-10	1.221140e+01	5.696998e+01
5.170000e-06	1.671097e-06	8.445204e-10	1.190150e+01	5.657588e+01
5.180000e-06	1.627418e-06	8.375299e-10	1.159043e+01	5.617636e+01
5.190000e-06	1.583729e-06	8.315783e-10	1.127928e+01	5.577099e+01
5.200000e-06	1.539987e-06	8.276908e-10	1.096775e+01	5.535937e+01
5.210000e-06	1.496063e-06	8.259903e-10	1.065492e+01	5.494109e+01
5.220000e-06	1.452069e-06	8.222055e-10	1.034159e+01	5.451575e+01
5.230000e-06	1.408062e-06	8.169155e-10	1.002818e+01	5.408293e+01
5.240000e-06	1.363995e-06	8.118535e-10	9.714339e+00	5.364226e+01
5.250000e-06	1.319866e-06	8.066320e-10	9.400053e+00	5.319334e+01
5.260000e-06	1.275728e-06	8.016060e-10	9.085704e+00	5.273580e+01
5.270000e-06	1.231567e-06	7.924665e-10	8.771187e+00	5.226925e+01
5.280000e-06	1.187355e-06	7.807856e-10	8.456312e+00	5.179334e+01
5.290000e-06	1.143037e-06	7.689831e-10	8.140682e+00	5.130771e+01
5.300000e-06	1.098668e-06	7.603257e-10	7.824682e+00	5.081199e+01
5.310000e-06	1.054272e-06	7.529913e-10	7.508500e+00	5.030585e+01
5.320000e-06	1.009776e-06	7.459056e-10	7.191595e+00	4.978893e+01
5.330000e-06	9.652495e-07	7.389994e-10	6.874481e+00	4.926088e+01
5.340000e-06	9.206754e-07	7.345732e-10	6.557025e+00	4.872136e+01
5.350000e-06	8.759846e-07	7.283734e-10	6.238739e+00	4.817000e+01
5.360000e-06	8.312832e-07	7.193891e-10	5.920377e+00	4.760645e+01
5.370000e-06	7.866238e-07	7.080931e-10	5.602314e+00	4.703034e+01
5.380000e-06	7.419109e-07	6.965546e-10	5.283870e+00	4.644128e+01
5.390000e-06	6.971243e-07	6.862807e-10	4.964901e+00	4.583888e+01
5.400000e-06	6.522686e-07	6.784257e-10	4.645439e+00	4.522273e+01
5.410000e-06	6.072498e-07	6.714700e-10	4.324817e+00	4.459240e+01
5.420000e-06	5.621368e-07	6.618614e-10	4.003524e+00	4.394743e+01
5.430000e-06	5.170002e-07	6.512552e-10	3.682061e+00	4.328735e+01
5.440000e-06	4.718872e-07	6.417937e-10	3.360768e+00	4.261166e+01
5.450000e-06	4.267468e-07	6.289454e-10	3.039280e+00	4.191985e+01
5.460000e-06	3.816108e-07	6.131484e-10	2.717822e+00	4.121136e+01
5.470000e-06	3.365032e-07	5.991840e-10	2.396567e+00	4.048562e+01
5.480000e-06	2.912751e-07	5.900163e-10	2.074454e+00	3.974202e+01
5.490000e-06	2.459728e-07	5.825473e-10	1.751812e+00	3.897995e+01
5.500000e-06	2.006438e-07	5.729530e-10	1.428980e+00	3.819876e+01
5.510000e-06	1.552803e-07	5.610620e-10	1.105902e+00	3.739778e+01
5.520000e-06	1.099208e-07	5.485405e-10	7.828529e-01	3.657631e+01
5.530000e-06	6.457863e-08	5.343328e-10	4.599273e-01	3.573366e+01
5.540000e-06	1.932458e-08	5.196786e-10	1.376291e-01	3.486909e+01
5.550000e-06	-2.589704e-08	5.061159e-10	-1.844380e-01	3.398190e+01
5.560000e-06	-7.113368e-08	4.923235e-10	-5.066122e-01	3.307133e+01
5.570000e-06	-1.163818e-07	4.789583e-10	-8.288682e-01	3.213667e+01
5.580000e-06	-1.616484e-07	4.641719e-10	-1.151256e+00	3.117718e+01
5.590000e-06	-2.068769e-07	4.493262e-10	-1.473372e+00	3.019216e+01
5.600000e-06	-2.521409e-07	4.339364e-10	-1.795741e+00	2.918091e+01
5.610000e-06	-2.973875e-07	4.175308e-10	-2.117986e+00	2.814276e+01
5.620000e-06	-3.426337e-07	3.998933e-10	-2.440228e+00	2.707708e+01
5.630000e-06	-3.878647e-07	3.833840e-10	-2.762362e+00	2.598327e+01
5.640000e-06	-4.328827e-07	3.689887e-10	-3.082979e+00	2.486078e+01
5.650000e-06	-4.779305e-07	3.549949e-10	-3.403809e+00	2.370912e+01
5.660000e-06	-5.230209e-07	3.373522e-10	-3.724941e+00	2.252785e+01
5.670000e-06	-5.680395e-07	3.162981e-10	-4.045562e+00	2.131661e+01
5.680000e-06	-6.129461e-07	2.931552e-10	-4.365385e+00	2.007512e+01
5.690000e-06	-6.576358e-07	2.706696e-10	-4.683665e+00	1.880316e+01
5.700000e-06	-7.023650e-07	2.485139e-10	-5.002225e+00	1.750063e+01
5.710000e-06	-7.470917e-07	2.275440e-10	-5.320767e+00	1.616751e+01
5.720000e-06	-7.917270e-07	2.107004e-10	-5.638658e+00	1.480387e+01
5.730000e-06	-8.363412e-07	1.966440e-10	-5.956400e+00	1.340991e+01
5.740000e-06	-8.809219e-07	1.823767e-10	-6.273902e+00	1.198592e+01
5.750000e-06	-9.254259e-07	1.631842e-10	-6.590859e+00	1.053233e+01
5.760000e-06	-9.699211e-07	1.373878e-10	-6.907752e+00	9.049659e+00
5.770000e-06	-1.014348e-06	1.077164e-10	-7.224158e+00	7.538564e+00
5.780000e-06	-1.058651e-06	7.756856e-11	-7.539685e+00	5.999818e+00
5.790000e-06	-1.102960e-06	4.858901e-11	-7.855249e+00	4.434316e+00
5.800000e-06	-1.147267e-06	2.396640e-11	-8.170804e+00	2.843077e+00
5.810000e-06	-1.191486e-06	4.716522e-12	-8.485733e+00	1.227236e+00
5.820000e-06	-1.235630e-06	-1.363195e-11	-8.800124e+00	-4.119497e-01
5.830000e-06	-1.279722e-06	-3.435639e-11	-9.114149e+00	-2.073111e+00
5.840000e-06	-1.323758e-06	-5.693980e-11	-9.427766e+00	-3.754765e+00
5.850000e-06	-1.367780e-06	-8.352202e-11	-9.741292e+00	-5.455326e+00
5.860000e-06	-1.411745e-06	-1.139782e-10	-1.005441e+01	-7.173106e+00
5.870000e-06	-1.455618e-06	-1.460316e-10	-1.036687e+01	-8.906324e+00
5.880000e-06	-1.499441e-06	-1.775815e-10	-1.067898e+01	-1.065311e+01
5.890000e-06	-1.543230e-06	-2.046097e-10	-1.099084e+01	-1.241153e+01
5.900000e-06	-1.586958e-06	-2.235041e-10	-1.130227e+01	-1.417956e+01
5.910000e-06	-1.630614e-06	-2.422801e-10	-1.161319e+01	-1.595512e+01
5.920000e-06	-1.674180e-06	-2.634161e-10	-1.192346e+01	-1.773611e+01
5.930000e-06	-1.717581e-06	-2.875028e-10	-1.223257e+01	-1.952034e+01
5.940000e-06	-1.760730e-06	-3.168981e-10	-1.253987e+01	-2.130564e+01
5.950000e-06	-1.803689e-06	-3.504445e-10	-1.284582e+01	-2.308980e+01
5.960000e-06	-1.846583e-06	-3.849229e-10	-1.315131e+01	-2.487059e+01
5.970000e-06	-1.889399e-06	-4.166550e-10	-1.345625e+01	-2.664581e+01
5.980000e-06	-1.932091e-06	-4.431356e-10	-1.376030e+01	-2.841327e+01
5.990000e-06	-1.974645e-06	-4.669704e-10	-1.406337e+01	-3.017079e+01
6.000000e-06	-2.017024e-06	-4.911967e-10	-1.436519e+01	-3.191626e+01
6.010000e-06	-2.059257e-06	-5.149348e-10	-1.466597e+01	-3.364760e+01
6.020000e-06	-2.101364e-06	-5.415601e-10	-1.496586e+01	-3.536277e+01
6.030000e-06	-2.143404e-06	-5.713698e-10	-1.526527e+01	-3.705984e+01
6.040000e-06	-2.185266e-06	-6.027858e-10	-1.556340e+01	-3.873693e+01
6.050000e-06	-2.226964e-06	-6.308480e-10	-1.586038e+01	-4.039225e+01
6.060000e-06	-2.268560e-06	-6.547312e-10	-1.615662e+01	-4.202411e+01
6.070000e-06	-2.309922e-06	-6.782825e-10	-1.645120e+01	-4.363093e+01
6.080000e-06	-2.351098e-06	-7.010401e-10	-1.674446e+01	-4.521121e+01
6.090000e-06	-2.392061e-06	-7.194435e-10	-1.703620e+01	-4.676360e+01
6.100000e-06	-2.432810e-06	-7.365828e-10	-1.732640e+01	-4.828683e+01
6.110000e-06	-2.473425e-06	-7.600292e-10	-1.761567e+01	-4.977979e+01
6.120000e-06	-2.513914e-06	-7.894608e-10	-1.790403e+01	-5.124146e+01
6.130000e-06	-2.554313e-06	-8.161458e-10	-1.819175e+01	-5.267096e+01
6.140000e-06	-2.594581e-06	-8.359485e-10	-1.847854e+01	-5.406753e+01
6.150000e-06	-2.634724e-06	-8.536728e-10	-1.876443e+01	-5.543056e+01
6.160000e-06	-2.674793e-06	-8.741770e-10	-1.904980e+01	-5.675952e+01
6.170000e-06	-2.714740e-06	-8.948200e-10	-1.933430e+01	-5.805405e+01
6.180000e-06	-2.754639e-06	-9.113091e-10	-1.961846e+01	-5.931387e+01
6.190000e-06	-2.794431e-06	-9.273456e-10	-1.990186e+01	-6.053883e+01
6.200000e-06	-2.833910e-06	-9.461470e-10	-2.018303e+01	-6.172891e+01
6.210000e-06	-2.873117e-06	-9.652945e-10	-2.046226e+01	-6.288417e+01
6.220000e-06	-2.911989e-06	-9.801799e-10	-2.073910e+01	-6.400477e+01
6.230000e-06	-2.950435e-06	-9.900920e-10	-2.101292e+01	-6.509099e+01
6.240000e-06	-2.988622e-06	-1.004418e-09	-2.128489e+01	-6.614315e+01
6.250000e-06	-3.026444e-06	-1.023715e-09	-2.155425e+01	-6.716170e+01
6.260000e-06	-3.063933e-06	-1.041779e-09	-2.182125e+01	-6.814713e+01
6.270000e-06	-3.101178e-06	-1.055778e-09	-2.208650e+01	-6.910000e+01
6.280000e-06	-3.138089e-06	-1.068305e-09	-2.234938e+01	-7.002093e+01
6.290000e-06	-3.174718e-06	-1.083427e-09	-2.261026e+01	-7.091058e+01
6.300000e-06	-3.211164e-06	-1.097624e-09	-2.286983e+01	-7.176964e+01
6.310000e-06	-3.247437e-06	-1.105948e-09	-2.312816e+01	-7.259886e+01
6.320000e-06	-3.283509e-06	-1.113503e-09	-2.338506e+01	-7.339900e+01
6.330000e-06	-3.319447e-06	-1.127763e-09	-2.364101e+01	-7.417082e+01
6.340000e-06	-3.355276e-06	-1.144926e-09	-2.389619e+01	-7.491510e+01
6.350000e-06	-3.390957e-06	-1.158568e-09	-2.415031e+01	-7.563263e+01
6.360000e-06	-3.426436e-06	-1.166306e-09	-2.440299e+01	-7.632419e+01
6.370000e-06	-3.461688e-06	-1.171221e-09	-2.465405e+01	-7.699055e+01
6.380000e-06	-3.496669e-06	-1.176304e-09	-2.490318e+01	-7.763246e+01
6.390000e-06	-3.531343e-06	-1.181226e-09	-2.515013e+01	-7.825065e+01
6.400000e-06	-3.565800e-06	-1.188988e-09	-2.539553e+01	-7.884584e+01
6.410000e-06	-3.600041e-06	-1.201292e-09	-2.563939e+01	-7.941872e+01
6.420000e-06	-3.633970e-06	-1.216241e-09	-2.588104e+01	-7.996992e+01
6.430000e-06	-3.667656e-06	-1.228505e-09	-2.612095e+01	-8.050008e+01
6.440000e-06	-3.701161e-06	-1.234435e-09	-2.635957e+01	-8.100979e+01
6.450000e-06	-3.734289e-06	-1.237631e-09	-2.659551e+01	-8.149961e+01
6.460000e-06	-3.767068e-06	-1.239459e-09	-2.682896e+01	-8.197006e+01
6.470000e-06	-3.799633e-06	-1.241404e-09	-2.706088e+01	-8.242163e+01
6.480000e-06	-3.831987e-06	-1.246550e-09	-2.729131e+01	-8.285478e+01
6.490000e-06	-3.864154e-06	-1.256220e-09	-2.752040e+01	-8.326995e+01
6.500000e-06	-3.896147e-06	-1.269361e-09	-2.774826e+01	-8.366753e+01
6.510000e-06	-3.928005e-06	-1.281225e-09	-2.797515e+01	-8.404791e+01
6.520000e-06	-3.959674e-06	-1.287891e-09	-2.820069e+01	-8.441145e+01
6.530000e-06	-3.991056e-06	-1.290566e-09	-2.842419e+01	-8.475848e+01
6.540000e-06	-4.021934e-06	-1.292802e-09	-2.864411e+01	-8.508932e+01
6.550000e-06	-4.052279e-06	-1.295659e-09	-2.886022e+01	-8.540430e+01
6.560000e-06	-4.082174e-06	-1.297882e-09	-2.907313e+01	-8.570372e+01
6.570000e-06	-4.111571e-06	-1.301075e-09	-2.928250e+01	-8.598788e+01
6.580000e-06	-4.140497e-06	-1.306397e-09	-2.948851e+01	-8.625708e+01
6.590000e-06	-4.169096e-06	-1.312201e-09	-2.969219e+01	-8.651163e+01
6.600000e-06	-4.197448e-06	-1.317315e-09	-2.989411e+01	-8.675184e+01
6.610000e-06	-4.225587e-06	-1.322360e-09	-3.009452e+01	-8.697803e+01
6.620000e-06	-4.253575e-06	-1.328094e-09	-3.029385e+01	-8.719055e+01
6.630000e-06	-4.281412e-06	-1.332105e-09	-3.049210e+01	-8.738975e+01
6.640000e-06	-4.309012e-06	-1.331622e-09	-3.068867e+01	-8.757599e+01
6.650000e-06	-4.336235e-06	-1.328260e-09	-3.088255e+01	-8.774968e+01
6.660000e-06	-4.363132e-06	-1.327594e-09	-3.107411e+01	-8.791121e+01
6.670000e-06	-4.389742e-06	-1.332216e-09	-3.126363e+01	-8.806103e+01
6.680000e-06	-4.416096e-06	-1.337504e-09	-3.145132e+01	-8.819960e+01
6.690000e-06	-4.442207e-06	-1.339468e-09	-3.163728e+01	-8.832738e+01
6.700000e-06	-4.468018e-06	-1.341296e-09	-3.182110e+01	-8.844488e+01
6.710000e-06	-4.493423e-06	-1.344992e-09	-3.200204e+01	-8.855263e+01
6.720000e-06	-4.518438e-06	-1.347611e-09	-3.218020e+01	-8.865114e+01
6.730000e-06	-4.543102e-06	-1.347589e-09	-3.235585e+01	-8.874099e+01
6.740000e-06	-4.567427e-06	-1.344939e-09	-3.252910e+01	-8.882272e+01
6.750000e-06	-4.591628e-06	-1.345688e-09	-3.270145e+01	-8.889693e+01
6.760000e-06	-4.615706e-06	-1.348792e-09	-3.287294e+01	-8.896418e+01
6.770000e-06	-4.639562e-06	-1.352773e-09	-3.304284e+01	-8.902506e+01
6.780000e-06	-4.663221e-06	-1.358668e-09	-3.321133e+01	-8.908016e+01
6.790000e-06	-4.686475e-06	-1.364077e-09	-3.337695e+01	-8.913004e+01
6.800000e-06	-4.709176e-06	-1.366546e-09	-3.353862e+01	-8.917527e+01
6.810000e-06	-4.731430e-06	-1.363573e-09	-3.369712e+01	-8.921639e+01
6.820000e-06	-4.753170e-06	-1.359235e-09	-3.385195e+01	-8.925394e+01
6.830000e-06	-4.774317e-06	-1.357723e-09	-3.400256e+01	-8.928841e+01
6.840000e-06	-4.794984e-06	-1.358337e-09	-3.414975e+01	-8.932028e+01
6.850000e-06	-4.815383e-06	-1.358155e-09	-3.429503e+01	-8.934997e+01
6.860000e-06	-4.835594e-06	-1.359674e-09	-3.443897e+01	-8.937790e+01
6.870000e-06	-4.855596e-06	-1.364501e-09	-3.458142e+01	-8.940441e+01
6.880000e-06	-4.875337e-06	-1.368273e-09	-3.472202e+01	-8.942982e+01
6.890000e-06	-4.894761e-06	-1.367118e-09	-3.486036e+01	-8.945439e+01
6.900000e-06	-4.913864e-06	-1.364059e-09	-3.499640e+01	-8.947833e+01
6.910000e-06	-4.932581e-06	-1.363541e-09	-3.512971e+01	-8.950180e+01
6.920000e-06	-4.950977e-06	-1.364209e-09	-3.526073e+01	-8.952489e+01
6.930000e-06	-4.969097e-06	-1.362975e-09	-3.538978e+01	-8.954766e+01
6.940000e-06	-4.986849e-06	-1.361841e-09	-3.551621e+01	-8.957010e+01
6.950000e-06	-5.004304e-06	-1.363729e-09	-3.564052e+01	-8.959214e+01
6.960000e-06	-5.021409e-06	-1.367119e-09	-3.576234e+01	-8.961367e+01
6.970000e-06	-5.038022e-06	-1.367973e-09	-3.588066e+01	-8.963450e+01
6.980000e-06	-5.054324e-06	-1.365770e-09	-3.599676e+01	-8.965442e+01
6.990000e-06	-5.070461e-06	-1.363150e-09	-3.611169e+01	-8.967317e+01
7.000000e-06	-5.086393e-06	-1.361949e-09	-3.622515e+01	-8.969042e+01
7.010000e-06	-5.102046e-06	-1.359955e-09	-3.633663e+01	-8.970582e+01
7.020000e-06	-5.117339e-06	-1.356715e-09	-3.644555e+01	-8.971899e+01
7.030000e-06	-5.131934e-06	-1.355071e-09	-3.654950e+01	-8.972952e+01
7.040000e-06	-5.145781e-06	-1.356147e-09	-3.664811e+01	-8.973696e+01
7.050000e-06	-5.159142e-06	-1.356505e-09	-3.674327e+01	-8.974086e+01
7.060000e-06	-5.172023e-06	-1.354820e-09	-3.683501e+01	-8.974074e+01
7.070000e-06	-5.184548e-06	-1.352866e-09	-3.692422e+01	-8.973615e+01
7.080000e-06	-5.196682e-06	-1.352740e-09	-3.701063e+01	-8.972661e+01
7.090000e-06	-5.208379e-06	-1.354199e-09	-3.709394e+01	-8.971165e+01
7.100000e-06	-5.219835e-06	-1.353801e-09	-3.717552e+01	-8.969085e+01
7.110000e-06	-5.230941e-06	-1.349097e-09	-3.725462e+01	-8.966378e+01
7.120000e-06	-5.241506e-06	-1.345034e-09	-3.732987e+01	-8.963005e+01
7.130000e-06	-5.251671e-06	-1.345514e-09	-3.740226e+01	-8.958932e+01
7.140000e-06	-5.261612e-06	-1.347045e-09	-3.747306e+01	-8.954127e+01
7.150000e-06	-5.271213e-06	-1.347527e-09	-3.754144e+01	-8.948565e+01
7.160000e-06	-5.280350e-06	-1.346786e-09	-3.760651e+01	-8.942225e+01
7.170000e-06	-5.289135e-06	-1.344116e-09	-3.766908e+01	-8.935093e+01
7.180000e-06	-5.297614e-06	-1.339169e-09	-3.772946e+01	-8.927161e+01
7.190000e-06	-5.305859e-06	-1.333923e-09	-3.778819e+01	-8.918426e+01
7.200000e-06	-5.313920e-06	-1.331856e-09	-3.784560e+01	-8.908896e+01
7.210000e-06	-5.321713e-06	-1.332649e-09	-3.790110e+01	-8.898583e+01
7.220000e-06	-5.329239e-06	-1.333233e-09	-3.795470e+01	-8.887506e+01
7.230000e-06	-5.336343e-06	-1.332771e-09	-3.800529e+01	-8.875693e+01
7.240000e-06	-5.342831e-06	-1.331759e-09	-3.805150e+01	-8.863179e+01
7.250000e-06	-5.348639e-06	-1.331158e-09	-3.809286e+01	-8.850006e+01
7.260000e-06	-5.353866e-06	-1.328331e-09	-3.813009e+01	-8.836223e+01
7.270000e-06	-5.358632e-06	-1.325957e-09	-3.816403e+01	-8.821885e+01
7.280000e-06	-5.363032e-06	-1.324390e-09	-3.819537e+01	-8.807055e+01
7.290000e-06	-5.367231e-06	-1.322228e-09	-3.822528e+01	-8.791799e+01
7.300000e-06	-5.371204e-06	-1.317676e-09	-3.825357e+01	-8.776193e+01
7.310000e-06	-5.374854e-06	-1.311492e-09	-3.827956e+01	-8.760313e+01
7.320000e-06	-5.378074e-06	-1.308075e-09	-3.830250e+01	-8.744241e+01
7.330000e-06	-5.380897e-06	-1.308492e-09	-3.832261e+01	-8.728063e+01
7.340000e-06	-5.383427e-06	-1.313023e-09	-3.834062e+01	-8.711867e+01
7.350000e-06	-5.385640e-06	-1.315163e-09	-3.835638e+01	-8.695742e+01
7.360000e-06	-5.387548e-06	-1.311717e-09	-3.836997e+01	-8.679778e+01
7.370000e-06	-5.389023e-06	-1.307467e-09	-3.838048e+01	-8.664068e+01
7.380000e-06	-5.390019e-06	-1.305518e-09	-3.838757e+01	-8.648700e+01
7.390000e-06	-5.390677e-06	-1.304796e-09	-3.839226e+01	-8.633762e+01
7.400000e-06	-5.391129e-06	-1.301639e-09	-3.839548e+01	-8.619340e+01
