# Temperatura_=_15.08
# Concentracion g/m^3_=_4090.0
# C_Vs_to_Am_M_A/Vsm_=_65563218390.804596
# pendiente_HvsI_1/m_=_3716.3
# ordenada_HvsI_A/m_=_1297.0
# frecuencia_Hz_=_135084.97621502224

Tiempo_(s)	Campo_(V.s)	Magnetizacion_(V.s)	Campo_(kA/m)	Magnetizacion_(A/m)
0.000000e+00	-5.409306e-06	-1.222176e-09	-3.838282e+01	-8.425124e+01
1.000000e-08	-5.409524e-06	-1.215989e-09	-3.838436e+01	-8.411384e+01
2.000000e-08	-5.409436e-06	-1.212241e-09	-3.838374e+01	-8.398188e+01
3.000000e-08	-5.409130e-06	-1.208821e-09	-3.838157e+01	-8.385599e+01
4.000000e-08	-5.408512e-06	-1.204982e-09	-3.837719e+01	-8.373675e+01
5.000000e-08	-5.407581e-06	-1.208830e-09	-3.837058e+01	-8.362467e+01
6.000000e-08	-5.406147e-06	-1.226873e-09	-3.836041e+01	-8.352019e+01
7.000000e-08	-5.403952e-06	-1.239246e-09	-3.834483e+01	-8.342369e+01
8.000000e-08	-5.401051e-06	-1.220153e-09	-3.832425e+01	-8.333549e+01
9.000000e-08	-5.397603e-06	-1.161644e-09	-3.829978e+01	-8.325581e+01
1.000000e-07	-5.393707e-06	-1.155127e-09	-3.827214e+01	-8.318480e+01
1.100000e-07	-5.389477e-06	-1.205495e-09	-3.824212e+01	-8.312253e+01
1.200000e-07	-5.385035e-06	-1.235022e-09	-3.821060e+01	-8.306899e+01
1.300000e-07	-5.380401e-06	-1.198643e-09	-3.817772e+01	-8.302408e+01
1.400000e-07	-5.375455e-06	-1.175032e-09	-3.814262e+01	-8.298761e+01
1.500000e-07	-5.370029e-06	-1.223527e-09	-3.810412e+01	-8.295933e+01
1.600000e-07	-5.364185e-06	-1.285814e-09	-3.806265e+01	-8.293888e+01
1.700000e-07	-5.358069e-06	-1.202192e-09	-3.801926e+01	-8.292586e+01
1.800000e-07	-5.351510e-06	-1.159221e-09	-3.797271e+01	-8.291975e+01
1.900000e-07	-5.344482e-06	-1.147728e-09	-3.792285e+01	-8.292000e+01
2.000000e-07	-5.337275e-06	-1.242229e-09	-3.787171e+01	-8.292598e+01
2.100000e-07	-5.329874e-06	-1.241489e-09	-3.781919e+01	-8.293699e+01
2.200000e-07	-5.322190e-06	-1.252041e-09	-3.776467e+01	-8.295230e+01
2.300000e-07	-5.314134e-06	-1.251560e-09	-3.770751e+01	-8.297111e+01
2.400000e-07	-5.305737e-06	-1.280276e-09	-3.764792e+01	-8.299260e+01
2.500000e-07	-5.296825e-06	-1.288361e-09	-3.758468e+01	-8.301590e+01
2.600000e-07	-5.287333e-06	-1.292670e-09	-3.751733e+01	-8.304014e+01
2.700000e-07	-5.277307e-06	-1.303942e-09	-3.744619e+01	-8.306442e+01
2.800000e-07	-5.266724e-06	-1.311529e-09	-3.737110e+01	-8.308781e+01
2.900000e-07	-5.255618e-06	-1.318665e-09	-3.729229e+01	-8.310943e+01
3.000000e-07	-5.244016e-06	-1.312439e-09	-3.720997e+01	-8.312837e+01
3.100000e-07	-5.232093e-06	-1.336654e-09	-3.712537e+01	-8.314375e+01
3.200000e-07	-5.219833e-06	-1.310912e-09	-3.703837e+01	-8.315470e+01
3.300000e-07	-5.207162e-06	-1.312567e-09	-3.694847e+01	-8.316041e+01
3.400000e-07	-5.194121e-06	-1.292548e-09	-3.685593e+01	-8.316008e+01
3.500000e-07	-5.180759e-06	-1.338954e-09	-3.676111e+01	-8.315296e+01
3.600000e-07	-5.166976e-06	-1.340729e-09	-3.666332e+01	-8.313838e+01
3.700000e-07	-5.152720e-06	-1.347903e-09	-3.656216e+01	-8.311569e+01
3.800000e-07	-5.137973e-06	-1.311842e-09	-3.645752e+01	-8.308432e+01
3.900000e-07	-5.122657e-06	-1.333019e-09	-3.634884e+01	-8.304377e+01
4.000000e-07	-5.106795e-06	-1.319846e-09	-3.623629e+01	-8.299359e+01
4.100000e-07	-5.090427e-06	-1.310128e-09	-3.612015e+01	-8.293342e+01
4.200000e-07	-5.073642e-06	-1.286195e-09	-3.600105e+01	-8.286297e+01
4.300000e-07	-5.056596e-06	-1.314860e-09	-3.588010e+01	-8.278204e+01
4.400000e-07	-5.039224e-06	-1.324005e-09	-3.575683e+01	-8.269048e+01
4.500000e-07	-5.021524e-06	-1.339803e-09	-3.563123e+01	-8.258822e+01
4.600000e-07	-5.003576e-06	-1.316908e-09	-3.550388e+01	-8.247530e+01
4.700000e-07	-4.985323e-06	-1.307424e-09	-3.537436e+01	-8.235179e+01
4.800000e-07	-4.966601e-06	-1.299134e-09	-3.524152e+01	-8.221785e+01
4.900000e-07	-4.947420e-06	-1.303584e-09	-3.510541e+01	-8.207371e+01
5.000000e-07	-4.927933e-06	-1.280086e-09	-3.496714e+01	-8.191966e+01
5.100000e-07	-4.908246e-06	-1.269107e-09	-3.482745e+01	-8.175606e+01
5.200000e-07	-4.888359e-06	-1.285595e-09	-3.468633e+01	-8.158330e+01
5.300000e-07	-4.868181e-06	-1.305205e-09	-3.454315e+01	-8.140185e+01
5.400000e-07	-4.847722e-06	-1.297192e-09	-3.439799e+01	-8.121220e+01
5.500000e-07	-4.826958e-06	-1.280017e-09	-3.425065e+01	-8.101489e+01
5.600000e-07	-4.805790e-06	-1.280763e-09	-3.410045e+01	-8.081048e+01
5.700000e-07	-4.784206e-06	-1.284729e-09	-3.394729e+01	-8.059958e+01
5.800000e-07	-4.762309e-06	-1.279701e-09	-3.379192e+01	-8.038279e+01
5.900000e-07	-4.740161e-06	-1.253976e-09	-3.363477e+01	-8.016073e+01
6.000000e-07	-4.717782e-06	-1.251272e-09	-3.347597e+01	-7.993403e+01
6.100000e-07	-4.695163e-06	-1.261329e-09	-3.331548e+01	-7.970332e+01
6.200000e-07	-4.672158e-06	-1.271921e-09	-3.315224e+01	-7.946922e+01
6.300000e-07	-4.648713e-06	-1.250103e-09	-3.298588e+01	-7.923232e+01
6.400000e-07	-4.624883e-06	-1.245233e-09	-3.281679e+01	-7.899321e+01
6.500000e-07	-4.600836e-06	-1.244506e-09	-3.264616e+01	-7.875244e+01
6.600000e-07	-4.576704e-06	-1.254366e-09	-3.247492e+01	-7.851055e+01
6.700000e-07	-4.552384e-06	-1.238675e-09	-3.230235e+01	-7.826803e+01
6.800000e-07	-4.527699e-06	-1.226782e-09	-3.212720e+01	-7.802532e+01
6.900000e-07	-4.502597e-06	-1.216233e-09	-3.194908e+01	-7.778285e+01
7.000000e-07	-4.477004e-06	-1.228898e-09	-3.176748e+01	-7.754097e+01
7.100000e-07	-4.450862e-06	-1.219995e-09	-3.158199e+01	-7.730000e+01
7.200000e-07	-4.424235e-06	-1.214071e-09	-3.139305e+01	-7.706022e+01
7.300000e-07	-4.397123e-06	-1.210148e-09	-3.120067e+01	-7.682184e+01
7.400000e-07	-4.369645e-06	-1.221347e-09	-3.100569e+01	-7.658503e+01
7.500000e-07	-4.341885e-06	-1.212863e-09	-3.080872e+01	-7.634990e+01
7.600000e-07	-4.313928e-06	-1.205000e-09	-3.061034e+01	-7.611654e+01
7.700000e-07	-4.285835e-06	-1.196417e-09	-3.041100e+01	-7.588496e+01
7.800000e-07	-4.257582e-06	-1.202593e-09	-3.021053e+01	-7.565513e+01
7.900000e-07	-4.229006e-06	-1.201341e-09	-3.000776e+01	-7.542699e+01
8.000000e-07	-4.200101e-06	-1.192269e-09	-2.980266e+01	-7.520042e+01
8.100000e-07	-4.170870e-06	-1.181209e-09	-2.959525e+01	-7.497529e+01
8.200000e-07	-4.141291e-06	-1.182212e-09	-2.938536e+01	-7.475140e+01
8.300000e-07	-4.111446e-06	-1.184437e-09	-2.917360e+01	-7.452856e+01
8.400000e-07	-4.081367e-06	-1.180791e-09	-2.896016e+01	-7.430653e+01
8.500000e-07	-4.051033e-06	-1.177421e-09	-2.874492e+01	-7.408504e+01
8.600000e-07	-4.020452e-06	-1.176664e-09	-2.852793e+01	-7.386383e+01
8.700000e-07	-3.989621e-06	-1.178987e-09	-2.830916e+01	-7.364262e+01
8.800000e-07	-3.958465e-06	-1.171451e-09	-2.808809e+01	-7.342110e+01
8.900000e-07	-3.927051e-06	-1.161453e-09	-2.786518e+01	-7.319899e+01
9.000000e-07	-3.895356e-06	-1.149713e-09	-2.764028e+01	-7.297600e+01
9.100000e-07	-3.863507e-06	-1.147769e-09	-2.741429e+01	-7.275183e+01
9.200000e-07	-3.831570e-06	-1.144182e-09	-2.718767e+01	-7.252622e+01
9.300000e-07	-3.799402e-06	-1.145066e-09	-2.695942e+01	-7.229890e+01
9.400000e-07	-3.766902e-06	-1.143629e-09	-2.672881e+01	-7.206962e+01
9.500000e-07	-3.734076e-06	-1.148883e-09	-2.649589e+01	-7.183816e+01
9.600000e-07	-3.700938e-06	-1.147715e-09	-2.626075e+01	-7.160431e+01
9.700000e-07	-3.667483e-06	-1.143346e-09	-2.602336e+01	-7.136791e+01
9.800000e-07	-3.633726e-06	-1.128893e-09	-2.578383e+01	-7.112880e+01
9.900000e-07	-3.599549e-06	-1.121831e-09	-2.554132e+01	-7.088687e+01
1.000000e-06	-3.564902e-06	-1.112426e-09	-2.529548e+01	-7.064201e+01
1.010000e-06	-3.529864e-06	-1.109195e-09	-2.504686e+01	-7.039417e+01
1.020000e-06	-3.494553e-06	-1.105105e-09	-2.479631e+01	-7.014332e+01
1.030000e-06	-3.458996e-06	-1.108025e-09	-2.454400e+01	-6.988945e+01
1.040000e-06	-3.423243e-06	-1.108793e-09	-2.429031e+01	-6.963259e+01
1.050000e-06	-3.387325e-06	-1.107576e-09	-2.403545e+01	-6.937279e+01
1.060000e-06	-3.351230e-06	-1.097058e-09	-2.377933e+01	-6.911013e+01
1.070000e-06	-3.314992e-06	-1.086589e-09	-2.352219e+01	-6.884469e+01
1.080000e-06	-3.278528e-06	-1.076411e-09	-2.326346e+01	-6.857661e+01
1.090000e-06	-3.241796e-06	-1.070814e-09	-2.300282e+01	-6.830602e+01
1.100000e-06	-3.204774e-06	-1.067984e-09	-2.274012e+01	-6.803306e+01
1.110000e-06	-3.167560e-06	-1.067810e-09	-2.247606e+01	-6.775790e+01
1.120000e-06	-3.130176e-06	-1.066131e-09	-2.221079e+01	-6.748069e+01
1.130000e-06	-3.092508e-06	-1.063525e-09	-2.194351e+01	-6.720162e+01
1.140000e-06	-3.054663e-06	-1.057241e-09	-2.167498e+01	-6.692085e+01
1.150000e-06	-3.016637e-06	-1.048562e-09	-2.140516e+01	-6.663854e+01
1.160000e-06	-2.978385e-06	-1.040882e-09	-2.113373e+01	-6.635486e+01
1.170000e-06	-2.939920e-06	-1.035500e-09	-2.086079e+01	-6.606996e+01
1.180000e-06	-2.901205e-06	-1.033504e-09	-2.058608e+01	-6.578396e+01
1.190000e-06	-2.862359e-06	-1.027505e-09	-2.031044e+01	-6.549699e+01
1.200000e-06	-2.823396e-06	-1.023768e-09	-2.003397e+01	-6.520913e+01
1.210000e-06	-2.784151e-06	-1.021938e-09	-1.975551e+01	-6.492048e+01
1.220000e-06	-2.744688e-06	-1.023960e-09	-1.947549e+01	-6.463107e+01
1.230000e-06	-2.705066e-06	-1.020125e-09	-1.919434e+01	-6.434092e+01
1.240000e-06	-2.665237e-06	-1.012479e-09	-1.891172e+01	-6.405004e+01
1.250000e-06	-2.625243e-06	-1.001817e-09	-1.862794e+01	-6.375839e+01
1.260000e-06	-2.585212e-06	-9.970500e-10	-1.834389e+01	-6.346591e+01
1.270000e-06	-2.545183e-06	-9.934900e-10	-1.805986e+01	-6.317249e+01
1.280000e-06	-2.505062e-06	-9.899237e-10	-1.777517e+01	-6.287803e+01
1.290000e-06	-2.464779e-06	-9.850646e-10	-1.748933e+01	-6.258235e+01
1.300000e-06	-2.424293e-06	-9.832269e-10	-1.720206e+01	-6.228528e+01
1.310000e-06	-2.383671e-06	-9.787868e-10	-1.691382e+01	-6.198661e+01
1.320000e-06	-2.342835e-06	-9.707060e-10	-1.662405e+01	-6.168609e+01
1.330000e-06	-2.301843e-06	-9.589351e-10	-1.633319e+01	-6.138348e+01
1.340000e-06	-2.260596e-06	-9.538958e-10	-1.604051e+01	-6.107849e+01
1.350000e-06	-2.218949e-06	-9.551053e-10	-1.574500e+01	-6.077081e+01
1.360000e-06	-2.177186e-06	-9.569982e-10	-1.544866e+01	-6.046013e+01
1.370000e-06	-2.135201e-06	-9.504696e-10	-1.515075e+01	-6.014611e+01
1.380000e-06	-2.092941e-06	-9.415943e-10	-1.485088e+01	-5.982842e+01
1.390000e-06	-2.050468e-06	-9.339134e-10	-1.454951e+01	-5.950669e+01
1.400000e-06	-2.007601e-06	-9.258868e-10	-1.424533e+01	-5.918059e+01
1.410000e-06	-1.964410e-06	-9.149983e-10	-1.393887e+01	-5.884975e+01
1.420000e-06	-1.921097e-06	-9.074338e-10	-1.363153e+01	-5.851381e+01
1.430000e-06	-1.877676e-06	-9.084125e-10	-1.332343e+01	-5.817243e+01
1.440000e-06	-1.834139e-06	-9.137547e-10	-1.301450e+01	-5.782526e+01
1.450000e-06	-1.790494e-06	-9.134271e-10	-1.270481e+01	-5.747197e+01
1.460000e-06	-1.746680e-06	-9.046161e-10	-1.239392e+01	-5.711224e+01
1.470000e-06	-1.702751e-06	-8.953660e-10	-1.208221e+01	-5.674575e+01
1.480000e-06	-1.658780e-06	-8.873032e-10	-1.177021e+01	-5.637221e+01
1.490000e-06	-1.614754e-06	-8.772316e-10	-1.145781e+01	-5.599135e+01
1.500000e-06	-1.570712e-06	-8.664760e-10	-1.114530e+01	-5.560290e+01
1.510000e-06	-1.526624e-06	-8.640638e-10	-1.083247e+01	-5.520662e+01
1.520000e-06	-1.482351e-06	-8.686601e-10	-1.051832e+01	-5.480228e+01
1.530000e-06	-1.437996e-06	-8.689994e-10	-1.020359e+01	-5.438967e+01
1.540000e-06	-1.393649e-06	-8.577631e-10	-9.888919e+00	-5.396860e+01
1.550000e-06	-1.349228e-06	-8.447897e-10	-9.573717e+00	-5.353889e+01
1.560000e-06	-1.304765e-06	-8.335207e-10	-9.258222e+00	-5.310037e+01
1.570000e-06	-1.260247e-06	-8.232379e-10	-8.942334e+00	-5.265288e+01
1.580000e-06	-1.215616e-06	-8.129587e-10	-8.625647e+00	-5.219627e+01
1.590000e-06	-1.170874e-06	-8.080740e-10	-8.308171e+00	-5.173040e+01
1.600000e-06	-1.126091e-06	-8.084003e-10	-7.990405e+00	-5.125513e+01
1.610000e-06	-1.081247e-06	-8.079458e-10	-7.672202e+00	-5.077030e+01
1.620000e-06	-1.036228e-06	-7.978469e-10	-7.352767e+00	-5.027578e+01
1.630000e-06	-9.910853e-07	-7.830233e-10	-7.032445e+00	-4.977140e+01
1.640000e-06	-9.458813e-07	-7.705079e-10	-6.711691e+00	-4.925698e+01
1.650000e-06	-9.006086e-07	-7.629269e-10	-6.390450e+00	-4.873234e+01
1.660000e-06	-8.553050e-07	-7.562057e-10	-6.068988e+00	-4.819727e+01
1.670000e-06	-8.100247e-07	-7.512754e-10	-5.747693e+00	-4.765153e+01
1.680000e-06	-7.647185e-07	-7.478103e-10	-5.426214e+00	-4.709485e+01
1.690000e-06	-7.192539e-07	-7.442888e-10	-5.103611e+00	-4.652694e+01
1.700000e-06	-6.736485e-07	-7.338327e-10	-4.780008e+00	-4.594747e+01
1.710000e-06	-6.280755e-07	-7.183403e-10	-4.456636e+00	-4.535606e+01
1.720000e-06	-5.824900e-07	-7.055989e-10	-4.133175e+00	-4.475230e+01
1.730000e-06	-5.367860e-07	-6.989313e-10	-3.808873e+00	-4.413575e+01
1.740000e-06	-4.910081e-07	-6.934688e-10	-3.484047e+00	-4.350590e+01
1.750000e-06	-4.450973e-07	-6.859401e-10	-3.158277e+00	-4.286221e+01
1.760000e-06	-3.991499e-07	-6.788295e-10	-2.832248e+00	-4.220409e+01
1.770000e-06	-3.532608e-07	-6.712720e-10	-2.506633e+00	-4.153091e+01
1.780000e-06	-3.073629e-07	-6.601862e-10	-2.180955e+00	-4.084199e+01
1.790000e-06	-2.615462e-07	-6.448927e-10	-1.855854e+00	-4.013660e+01
1.800000e-06	-2.157421e-07	-6.283654e-10	-1.530841e+00	-3.941399e+01
1.810000e-06	-1.699059e-07	-6.134838e-10	-1.205602e+00	-3.867336e+01
1.820000e-06	-1.240990e-07	-6.015789e-10	-8.805695e-01	-3.791387e+01
1.830000e-06	-7.825370e-08	-5.918591e-10	-5.552649e-01	-3.713465e+01
1.840000e-06	-3.236222e-08	-5.813559e-10	-2.296326e-01	-3.633483e+01
1.850000e-06	1.356298e-08	-5.710376e-10	9.623886e-02	-3.551349e+01
1.860000e-06	5.946386e-08	-5.597278e-10	4.219378e-01	-3.466972e+01
1.870000e-06	1.053188e-07	-5.441650e-10	7.473104e-01	-3.380258e+01
1.880000e-06	1.511533e-07	-5.302224e-10	1.072539e+00	-3.291116e+01
1.890000e-06	1.969857e-07	-5.189043e-10	1.397752e+00	-3.199453e+01
1.900000e-06	2.428137e-07	-5.065812e-10	1.722934e+00	-3.105179e+01
1.910000e-06	2.886397e-07	-4.887564e-10	2.048101e+00	-3.008208e+01
1.920000e-06	3.345235e-07	-4.711460e-10	2.373679e+00	-2.908455e+01
1.930000e-06	3.803992e-07	-4.521707e-10	2.699199e+00	-2.805839e+01
1.940000e-06	4.261176e-07	-4.299108e-10	3.023603e+00	-2.700287e+01
1.950000e-06	4.718398e-07	-4.035659e-10	3.348034e+00	-2.591730e+01
1.960000e-06	5.176243e-07	-3.832850e-10	3.672907e+00	-2.480104e+01
1.970000e-06	5.633479e-07	-3.725130e-10	3.997348e+00	-2.365357e+01
1.980000e-06	6.090122e-07	-3.651059e-10	4.321369e+00	-2.247443e+01
1.990000e-06	6.546003e-07	-3.510751e-10	4.644848e+00	-2.126324e+01
2.000000e-06	7.001554e-07	-3.304590e-10	4.968094e+00	-2.001975e+01
2.010000e-06	7.456082e-07	-3.071003e-10	5.290613e+00	-1.874380e+01
2.020000e-06	7.909736e-07	-2.836534e-10	5.612512e+00	-1.743534e+01
2.030000e-06	8.362301e-07	-2.562378e-10	5.933639e+00	-1.609446e+01
2.040000e-06	8.813979e-07	-2.266331e-10	6.254136e+00	-1.472134e+01
2.050000e-06	9.265261e-07	-2.050765e-10	6.574352e+00	-1.331631e+01
2.060000e-06	9.715776e-07	-1.930569e-10	6.894024e+00	-1.187983e+01
2.070000e-06	1.016617e-06	-1.801617e-10	7.213612e+00	-1.041249e+01
2.080000e-06	1.061570e-06	-1.568699e-10	7.532582e+00	-8.915004e+00
2.090000e-06	1.106377e-06	-1.272784e-10	7.850524e+00	-7.388236e+00
2.100000e-06	1.151156e-06	-1.003354e-10	8.168259e+00	-5.833173e+00
2.110000e-06	1.195852e-06	-7.559066e-11	8.485409e+00	-4.250933e+00
2.120000e-06	1.240452e-06	-4.676990e-11	8.801878e+00	-2.642766e+00
2.130000e-06	1.285002e-06	-1.861541e-11	9.117989e+00	-1.010046e+00
2.140000e-06	1.329413e-06	1.619382e-12	9.433121e+00	6.457354e-01
2.150000e-06	1.373737e-06	1.846917e-11	9.747630e+00	2.322969e+00
2.160000e-06	1.418027e-06	4.212557e-11	1.006190e+01	4.019942e+00
2.170000e-06	1.462320e-06	6.988055e-11	1.037618e+01	5.734838e+00
2.180000e-06	1.506585e-06	9.751287e-11	1.069028e+01	7.465750e+00
2.190000e-06	1.550753e-06	1.208138e-10	1.100368e+01	9.210690e+00
2.200000e-06	1.594876e-06	1.452624e-10	1.131676e+01	1.096759e+01
2.210000e-06	1.638935e-06	1.724063e-10	1.162939e+01	1.273434e+01
2.220000e-06	1.682932e-06	1.967626e-10	1.194158e+01	1.450874e+01
2.230000e-06	1.726937e-06	2.185184e-10	1.225383e+01	1.628859e+01
2.240000e-06	1.770814e-06	2.459179e-10	1.256517e+01	1.807164e+01
2.250000e-06	1.814515e-06	2.806087e-10	1.287526e+01	1.985561e+01
2.260000e-06	1.858133e-06	3.165600e-10	1.318476e+01	2.163824e+01
2.270000e-06	1.901540e-06	3.463158e-10	1.349276e+01	2.341726e+01
2.280000e-06	1.944802e-06	3.699827e-10	1.379973e+01	2.519043e+01
2.290000e-06	1.988040e-06	3.929702e-10	1.410653e+01	2.695551e+01
2.300000e-06	2.031102e-06	4.161076e-10	1.441209e+01	2.871033e+01
2.310000e-06	2.073868e-06	4.358211e-10	1.471555e+01	3.045277e+01
2.320000e-06	2.116240e-06	4.575280e-10	1.501621e+01	3.218074e+01
2.330000e-06	2.158354e-06	4.877887e-10	1.531503e+01	3.389226e+01
2.340000e-06	2.200372e-06	5.221937e-10	1.561318e+01	3.558541e+01
2.350000e-06	2.242008e-06	5.518290e-10	1.590862e+01	3.725835e+01
2.360000e-06	2.283256e-06	5.750626e-10	1.620130e+01	3.890935e+01
2.370000e-06	2.324345e-06	5.969657e-10	1.649286e+01	4.053679e+01
2.380000e-06	2.365135e-06	6.192415e-10	1.678229e+01	4.213913e+01
2.390000e-06	2.405670e-06	6.412196e-10	1.706992e+01	4.371498e+01
2.400000e-06	2.446111e-06	6.629506e-10	1.735687e+01	4.526305e+01
2.410000e-06	2.486442e-06	6.860294e-10	1.764305e+01	4.678216e+01
2.420000e-06	2.526677e-06	7.119887e-10	1.792854e+01	4.827127e+01
2.430000e-06	2.566747e-06	7.418300e-10	1.821287e+01	4.972947e+01
2.440000e-06	2.606728e-06	7.720178e-10	1.849656e+01	5.115595e+01
2.450000e-06	2.646640e-06	7.966179e-10	1.877977e+01	5.255004e+01
2.460000e-06	2.686355e-06	8.162220e-10	1.906157e+01	5.391120e+01
2.470000e-06	2.725978e-06	8.326754e-10	1.934273e+01	5.523900e+01
2.480000e-06	2.765465e-06	8.452067e-10	1.962291e+01	5.653312e+01
2.490000e-06	2.804665e-06	8.573426e-10	1.990107e+01	5.779337e+01
2.500000e-06	2.843675e-06	8.734538e-10	2.017786e+01	5.901964e+01
2.510000e-06	2.882545e-06	8.953076e-10	2.045368e+01	6.021196e+01
2.520000e-06	2.921105e-06	9.221224e-10	2.072729e+01	6.137042e+01
2.530000e-06	2.959405e-06	9.513808e-10	2.099905e+01	6.249522e+01
2.540000e-06	2.997585e-06	9.754478e-10	2.126997e+01	6.358664e+01
2.550000e-06	3.035568e-06	9.902226e-10	2.153949e+01	6.464503e+01
2.560000e-06	3.073376e-06	9.977067e-10	2.180776e+01	6.567080e+01
2.570000e-06	3.110936e-06	1.003063e-09	2.207427e+01	6.666444e+01
2.580000e-06	3.148228e-06	1.010721e-09	2.233888e+01	6.762647e+01
2.590000e-06	3.185332e-06	1.022541e-09	2.260216e+01	6.855747e+01
2.600000e-06	3.222146e-06	1.040907e-09	2.286339e+01	6.945805e+01
2.610000e-06	3.258711e-06	1.064946e-09	2.312284e+01	7.032885e+01
2.620000e-06	3.295111e-06	1.089942e-09	2.338112e+01	7.117053e+01
2.630000e-06	3.331430e-06	1.110415e-09	2.363883e+01	7.198375e+01
2.640000e-06	3.367645e-06	1.120753e-09	2.389580e+01	7.276921e+01
2.650000e-06	3.403656e-06	1.124116e-09	2.415132e+01	7.352758e+01
2.660000e-06	3.439522e-06	1.125390e-09	2.440582e+01	7.425954e+01
2.670000e-06	3.475234e-06	1.127290e-09	2.465922e+01	7.496576e+01
2.680000e-06	3.510720e-06	1.132998e-09	2.491102e+01	7.564689e+01
2.690000e-06	3.545943e-06	1.146593e-09	2.516095e+01	7.630357e+01
2.700000e-06	3.580760e-06	1.165641e-09	2.540800e+01	7.693642e+01
2.710000e-06	3.615175e-06	1.184616e-09	2.565220e+01	7.754603e+01
2.720000e-06	3.649247e-06	1.198963e-09	2.589396e+01	7.813296e+01
2.730000e-06	3.682778e-06	1.207001e-09	2.613189e+01	7.869775e+01
2.740000e-06	3.715900e-06	1.213120e-09	2.636692e+01	7.924090e+01
2.750000e-06	3.748799e-06	1.219360e-09	2.660036e+01	7.976291e+01
2.760000e-06	3.781389e-06	1.222987e-09	2.683161e+01	8.026423e+01
2.770000e-06	3.813737e-06	1.225515e-09	2.706114e+01	8.074528e+01
2.780000e-06	3.845895e-06	1.233163e-09	2.728932e+01	8.120646e+01
2.790000e-06	3.877827e-06	1.245386e-09	2.751590e+01	8.164817e+01
2.800000e-06	3.909509e-06	1.254929e-09	2.774071e+01	8.207075e+01
2.810000e-06	3.940952e-06	1.258988e-09	2.796382e+01	8.247455e+01
2.820000e-06	3.972228e-06	1.259767e-09	2.818575e+01	8.285991e+01
2.830000e-06	4.003169e-06	1.261058e-09	2.840529e+01	8.322712e+01
2.840000e-06	4.033764e-06	1.264735e-09	2.862238e+01	8.357652e+01
2.850000e-06	4.064222e-06	1.268166e-09	2.883851e+01	8.390839e+01
2.860000e-06	4.094391e-06	1.271815e-09	2.905257e+01	8.422305e+01
2.870000e-06	4.124194e-06	1.278196e-09	2.926405e+01	8.452081e+01
2.880000e-06	4.153744e-06	1.286553e-09	2.947373e+01	8.480199e+01
2.890000e-06	4.183078e-06	1.289079e-09	2.968187e+01	8.506690e+01
2.900000e-06	4.212151e-06	1.287184e-09	2.988816e+01	8.531589e+01
2.910000e-06	4.240893e-06	1.289171e-09	3.009211e+01	8.554931e+01
2.920000e-06	4.269332e-06	1.293213e-09	3.029390e+01	8.576755e+01
2.930000e-06	4.297601e-06	1.292556e-09	3.049449e+01	8.597099e+01
2.940000e-06	4.325759e-06	1.290931e-09	3.069430e+01	8.616006e+01
2.950000e-06	4.353737e-06	1.293626e-09	3.089281e+01	8.633520e+01
2.960000e-06	4.381425e-06	1.298461e-09	3.108928e+01	8.649686e+01
2.970000e-06	4.408708e-06	1.301054e-09	3.128287e+01	8.664556e+01
2.980000e-06	4.435570e-06	1.299077e-09	3.147348e+01	8.678179e+01
2.990000e-06	4.461957e-06	1.296821e-09	3.166071e+01	8.690610e+01
3.000000e-06	4.487869e-06	1.300181e-09	3.184458e+01	8.701906e+01
3.010000e-06	4.513296e-06	1.304739e-09	3.202500e+01	8.712125e+01
3.020000e-06	4.538245e-06	1.303474e-09	3.220203e+01	8.721327e+01
3.030000e-06	4.562838e-06	1.299692e-09	3.237654e+01	8.729573e+01
3.040000e-06	4.587153e-06	1.300739e-09	3.254906e+01	8.736927e+01
3.050000e-06	4.611256e-06	1.305995e-09	3.272009e+01	8.743452e+01
3.060000e-06	4.635079e-06	1.310079e-09	3.288913e+01	8.749214e+01
3.070000e-06	4.658574e-06	1.310469e-09	3.305585e+01	8.754277e+01
3.080000e-06	4.681713e-06	1.311677e-09	3.322003e+01	8.758704e+01
3.090000e-06	4.704500e-06	1.315397e-09	3.338172e+01	8.762560e+01
3.100000e-06	4.727009e-06	1.313907e-09	3.354145e+01	8.765906e+01
3.110000e-06	4.749224e-06	1.306160e-09	3.369907e+01	8.768802e+01
3.120000e-06	4.771126e-06	1.302373e-09	3.385448e+01	8.771308e+01
3.130000e-06	4.792731e-06	1.309012e-09	3.400779e+01	8.773478e+01
3.140000e-06	4.814028e-06	1.317019e-09	3.415890e+01	8.775365e+01
3.150000e-06	4.834947e-06	1.320812e-09	3.430734e+01	8.777017e+01
3.160000e-06	4.855515e-06	1.323395e-09	3.445328e+01	8.778480e+01
3.170000e-06	4.875834e-06	1.326310e-09	3.459746e+01	8.779792e+01
3.180000e-06	4.895954e-06	1.325663e-09	3.474023e+01	8.780991e+01
3.190000e-06	4.915853e-06	1.320052e-09	3.488142e+01	8.782107e+01
3.200000e-06	4.935472e-06	1.315716e-09	3.502064e+01	8.783164e+01
3.210000e-06	4.954812e-06	1.316980e-09	3.515786e+01	8.784184e+01
3.220000e-06	4.973720e-06	1.320595e-09	3.529203e+01	8.785179e+01
3.230000e-06	4.992148e-06	1.322946e-09	3.542279e+01	8.786161e+01
3.240000e-06	5.010203e-06	1.325414e-09	3.555091e+01	8.787130e+01
3.250000e-06	5.027963e-06	1.328814e-09	3.567692e+01	8.788086e+01
3.260000e-06	5.045416e-06	1.332979e-09	3.580076e+01	8.789020e+01
3.270000e-06	5.062460e-06	1.333934e-09	3.592170e+01	8.789918e+01
3.280000e-06	5.079221e-06	1.330543e-09	3.604063e+01	8.790764e+01
3.290000e-06	5.095720e-06	1.328774e-09	3.615771e+01	8.791532e+01
3.300000e-06	5.111792e-06	1.329972e-09	3.627175e+01	8.792198e+01
3.310000e-06	5.127406e-06	1.330131e-09	3.638254e+01	8.792728e+01
3.320000e-06	5.142567e-06	1.329062e-09	3.649012e+01	8.793088e+01
3.330000e-06	5.157361e-06	1.331283e-09	3.659510e+01	8.793241e+01
3.340000e-06	5.171815e-06	1.335728e-09	3.669765e+01	8.793146e+01
3.350000e-06	5.185750e-06	1.337794e-09	3.679653e+01	8.792760e+01
3.360000e-06	5.199292e-06	1.336643e-09	3.689262e+01	8.792041e+01
3.370000e-06	5.212504e-06	1.336527e-09	3.698637e+01	8.790945e+01
3.380000e-06	5.225280e-06	1.334609e-09	3.707703e+01	8.789427e+01
3.390000e-06	5.237642e-06	1.329296e-09	3.716474e+01	8.787444e+01
3.400000e-06	5.249628e-06	1.324977e-09	3.724979e+01	8.784954e+01
3.410000e-06	5.261325e-06	1.323313e-09	3.733279e+01	8.781919e+01
3.420000e-06	5.272578e-06	1.324686e-09	3.741264e+01	8.778299e+01
3.430000e-06	5.283219e-06	1.325270e-09	3.748814e+01	8.774061e+01
3.440000e-06	5.293369e-06	1.325438e-09	3.756016e+01	8.769175e+01
3.450000e-06	5.303024e-06	1.325239e-09	3.762867e+01	8.763616e+01
3.460000e-06	5.312042e-06	1.323813e-09	3.769266e+01	8.757361e+01
3.470000e-06	5.320537e-06	1.320755e-09	3.775294e+01	8.750395e+01
3.480000e-06	5.328713e-06	1.317324e-09	3.781095e+01	8.742709e+01
3.490000e-06	5.336656e-06	1.315602e-09	3.786731e+01	8.734297e+01
3.500000e-06	5.344331e-06	1.314633e-09	3.792178e+01	8.725163e+01
3.510000e-06	5.351669e-06	1.313645e-09	3.797384e+01	8.715314e+01
3.520000e-06	5.358628e-06	1.313295e-09	3.802322e+01	8.704766e+01
3.530000e-06	5.365240e-06	1.314388e-09	3.807014e+01	8.693541e+01
3.540000e-06	5.371533e-06	1.314917e-09	3.811479e+01	8.681666e+01
3.550000e-06	5.377385e-06	1.311962e-09	3.815632e+01	8.669177e+01
3.560000e-06	5.382734e-06	1.306889e-09	3.819427e+01	8.656115e+01
3.570000e-06	5.387721e-06	1.301728e-09	3.822965e+01	8.642525e+01
3.580000e-06	5.392470e-06	1.297509e-09	3.826335e+01	8.628462e+01
3.590000e-06	5.396966e-06	1.294122e-09	3.829525e+01	8.613983e+01
3.600000e-06	5.401173e-06	1.291772e-09	3.832511e+01	8.599149e+01
3.610000e-06	5.405085e-06	1.291447e-09	3.835287e+01	8.584029e+01
3.620000e-06	5.408687e-06	1.293563e-09	3.837842e+01	8.568693e+01
3.630000e-06	5.411891e-06	1.296110e-09	3.840116e+01	8.553214e+01
3.640000e-06	5.414631e-06	1.295722e-09	3.842060e+01	8.537668e+01
3.650000e-06	5.416736e-06	1.293758e-09	3.843554e+01	8.522133e+01
3.660000e-06	5.418219e-06	1.292018e-09	3.844606e+01	8.506686e+01
3.670000e-06	5.419265e-06	1.291460e-09	3.845349e+01	8.491406e+01
3.680000e-06	5.419872e-06	1.289578e-09	3.845779e+01	8.476372e+01
3.690000e-06	5.420130e-06	1.286221e-09	3.845962e+01	8.461659e+01
3.700000e-06	5.420183e-06	1.285970e-09	3.846000e+01	8.447342e+01
3.710000e-06	5.419956e-06	1.287865e-09	3.845839e+01	8.433491e+01
3.720000e-06	5.419402e-06	1.289827e-09	3.845446e+01	8.420175e+01
3.730000e-06	5.418468e-06	1.285993e-09	3.844783e+01	8.407455e+01
3.740000e-06	5.417163e-06	1.277021e-09	3.843857e+01	8.395391e+01
3.750000e-06	5.415484e-06	1.262987e-09	3.842666e+01	8.384035e+01
3.760000e-06	5.413417e-06	1.238915e-09	3.841199e+01	8.373432e+01
3.770000e-06	5.411147e-06	1.232569e-09	3.839588e+01	8.363622e+01
3.780000e-06	5.408619e-06	1.278404e-09	3.837794e+01	8.354636e+01
3.790000e-06	5.405645e-06	1.320960e-09	3.835684e+01	8.346499e+01
3.800000e-06	5.402199e-06	1.302014e-09	3.833239e+01	8.339228e+01
3.810000e-06	5.398370e-06	1.232218e-09	3.830522e+01	8.332830e+01
3.820000e-06	5.394292e-06	1.232465e-09	3.827629e+01	8.327305e+01
3.830000e-06	5.389946e-06	1.238862e-09	3.824545e+01	8.322646e+01
3.840000e-06	5.385141e-06	1.224989e-09	3.821135e+01	8.318835e+01
3.850000e-06	5.379754e-06	1.149874e-09	3.817313e+01	8.315847e+01
3.860000e-06	5.373827e-06	1.200340e-09	3.813107e+01	8.313649e+01
3.870000e-06	5.367540e-06	1.299138e-09	3.808646e+01	8.312201e+01
3.880000e-06	5.360827e-06	1.286785e-09	3.803883e+01	8.311453e+01
3.890000e-06	5.353545e-06	1.234395e-09	3.798715e+01	8.311351e+01
3.900000e-06	5.345904e-06	1.196289e-09	3.793294e+01	8.311833e+01
3.910000e-06	5.338026e-06	1.242006e-09	3.787703e+01	8.312830e+01
3.920000e-06	5.329762e-06	1.164053e-09	3.781840e+01	8.314269e+01
3.930000e-06	5.321094e-06	1.148866e-09	3.775689e+01	8.316072e+01
3.940000e-06	5.312135e-06	1.173327e-09	3.769332e+01	8.318157e+01
3.950000e-06	5.302835e-06	1.264673e-09	3.762733e+01	8.320438e+01
3.960000e-06	5.293086e-06	1.233440e-09	3.755815e+01	8.322827e+01
3.970000e-06	5.282998e-06	1.219034e-09	3.748658e+01	8.325235e+01
3.980000e-06	5.272627e-06	1.226366e-09	3.741298e+01	8.327570e+01
3.990000e-06	5.261938e-06	1.262798e-09	3.733714e+01	8.329743e+01
4.000000e-06	5.250760e-06	1.264216e-09	3.725782e+01	8.331662e+01
4.010000e-06	5.239136e-06	1.271032e-09	3.717534e+01	8.333240e+01
4.020000e-06	5.227173e-06	1.314668e-09	3.709046e+01	8.334389e+01
4.030000e-06	5.214890e-06	1.335095e-09	3.700330e+01	8.335028e+01
4.040000e-06	5.202052e-06	1.319236e-09	3.691221e+01	8.335075e+01
4.050000e-06	5.188594e-06	1.274130e-09	3.681671e+01	8.334456e+01
4.060000e-06	5.174622e-06	1.269629e-09	3.671757e+01	8.333102e+01
4.070000e-06	5.159981e-06	1.283125e-09	3.661368e+01	8.330947e+01
4.080000e-06	5.144875e-06	1.286495e-09	3.650650e+01	8.327933e+01
4.090000e-06	5.129508e-06	1.257663e-09	3.639746e+01	8.324008e+01
4.100000e-06	5.113800e-06	1.280181e-09	3.628600e+01	8.319128e+01
4.110000e-06	5.097761e-06	1.302395e-09	3.617219e+01	8.313255e+01
4.120000e-06	5.081438e-06	1.299055e-09	3.605637e+01	8.306358e+01
4.130000e-06	5.064784e-06	1.240827e-09	3.593819e+01	8.298415e+01
4.140000e-06	5.047752e-06	1.242367e-09	3.581734e+01	8.289411e+01
4.150000e-06	5.030399e-06	1.236418e-09	3.569421e+01	8.279339e+01
4.160000e-06	5.012766e-06	1.257515e-09	3.556909e+01	8.268198e+01
4.170000e-06	4.994708e-06	1.255447e-09	3.544096e+01	8.255997e+01
4.180000e-06	4.976296e-06	1.267327e-09	3.531031e+01	8.242750e+01
4.190000e-06	4.957616e-06	1.252061e-09	3.517776e+01	8.228479e+01
4.200000e-06	4.938594e-06	1.265896e-09	3.504279e+01	8.213212e+01
4.210000e-06	4.919237e-06	1.247802e-09	3.490543e+01	8.196983e+01
4.220000e-06	4.899621e-06	1.220025e-09	3.476625e+01	8.179831e+01
4.230000e-06	4.879807e-06	1.199244e-09	3.462565e+01	8.161802e+01
4.240000e-06	4.859789e-06	1.220777e-09	3.448361e+01	8.142945e+01
4.250000e-06	4.839496e-06	1.231511e-09	3.433962e+01	8.123312e+01
4.260000e-06	4.818910e-06	1.231110e-09	3.419355e+01	8.102961e+01
4.270000e-06	4.797808e-06	1.222211e-09	3.404381e+01	8.081949e+01
4.280000e-06	4.776031e-06	1.227324e-09	3.388929e+01	8.060338e+01
4.290000e-06	4.753672e-06	1.228925e-09	3.373064e+01	8.038191e+01
4.300000e-06	4.730848e-06	1.209263e-09	3.356868e+01	8.015569e+01
4.310000e-06	4.707594e-06	1.185329e-09	3.340368e+01	7.992535e+01
4.320000e-06	4.684040e-06	1.185912e-09	3.323655e+01	7.969151e+01
4.330000e-06	4.660279e-06	1.195417e-09	3.306795e+01	7.945478e+01
4.340000e-06	4.636228e-06	1.184748e-09	3.289729e+01	7.921575e+01
4.350000e-06	4.611868e-06	1.177869e-09	3.272444e+01	7.897497e+01
4.360000e-06	4.587248e-06	1.173686e-09	3.254974e+01	7.873298e+01
4.370000e-06	4.562363e-06	1.178373e-09	3.237316e+01	7.849027e+01
4.380000e-06	4.537301e-06	1.175193e-09	3.219534e+01	7.824731e+01
4.390000e-06	4.511955e-06	1.166054e-09	3.201548e+01	7.800452e+01
4.400000e-06	4.486149e-06	1.148949e-09	3.183238e+01	7.776226e+01
4.410000e-06	4.459940e-06	1.158782e-09	3.164640e+01	7.752087e+01
4.420000e-06	4.433383e-06	1.160749e-09	3.145796e+01	7.728062e+01
4.430000e-06	4.406519e-06	1.151461e-09	3.126734e+01	7.704174e+01
4.440000e-06	4.379299e-06	1.136652e-09	3.107420e+01	7.680441e+01
4.450000e-06	4.351881e-06	1.145000e-09	3.087965e+01	7.656874e+01
4.460000e-06	4.324297e-06	1.148410e-09	3.068392e+01	7.633483e+01
4.470000e-06	4.296405e-06	1.152685e-09	3.048601e+01	7.610270e+01
4.480000e-06	4.268306e-06	1.143693e-09	3.028662e+01	7.587233e+01
4.490000e-06	4.240070e-06	1.144230e-09	3.008627e+01	7.564366e+01
4.500000e-06	4.211537e-06	1.146463e-09	2.988381e+01	7.541658e+01
4.510000e-06	4.182519e-06	1.148498e-09	2.967791e+01	7.519097e+01
4.520000e-06	4.153189e-06	1.133532e-09	2.946979e+01	7.496664e+01
4.530000e-06	4.123343e-06	1.127051e-09	2.925801e+01	7.474338e+01
4.540000e-06	4.092788e-06	1.128637e-09	2.904120e+01	7.452098e+01
4.550000e-06	4.061885e-06	1.137315e-09	2.882192e+01	7.429916e+01
4.560000e-06	4.030658e-06	1.135992e-09	2.860034e+01	7.407768e+01
4.570000e-06	3.999150e-06	1.131438e-09	2.837677e+01	7.385623e+01
4.580000e-06	3.967477e-06	1.131451e-09	2.815203e+01	7.363453e+01
4.590000e-06	3.935620e-06	1.135377e-09	2.792598e+01	7.341229e+01
4.600000e-06	3.903523e-06	1.129500e-09	2.769823e+01	7.318921e+01
4.610000e-06	3.871258e-06	1.118751e-09	2.746929e+01	7.296500e+01
4.620000e-06	3.838755e-06	1.115482e-09	2.723866e+01	7.273940e+01
4.630000e-06	3.805921e-06	1.117597e-09	2.700568e+01	7.251212e+01
4.640000e-06	3.772793e-06	1.117514e-09	2.677061e+01	7.228293e+01
4.650000e-06	3.739449e-06	1.107814e-09	2.653401e+01	7.205159e+01
4.660000e-06	3.705900e-06	1.102679e-09	2.629596e+01	7.181791e+01
4.670000e-06	3.672047e-06	1.102976e-09	2.605574e+01	7.158169e+01
4.680000e-06	3.637964e-06	1.104975e-09	2.581390e+01	7.134279e+01
4.690000e-06	3.603716e-06	1.094993e-09	2.557089e+01	7.110108e+01
4.700000e-06	3.569210e-06	1.086918e-09	2.532605e+01	7.085646e+01
4.710000e-06	3.534503e-06	1.083714e-09	2.507978e+01	7.060887e+01
4.720000e-06	3.499528e-06	1.084891e-09	2.483160e+01	7.035827e+01
4.730000e-06	3.464228e-06	1.076486e-09	2.458112e+01	7.010465e+01
4.740000e-06	3.428750e-06	1.068538e-09	2.432939e+01	6.984803e+01
4.750000e-06	3.393062e-06	1.065044e-09	2.407615e+01	6.958846e+01
4.760000e-06	3.357232e-06	1.069646e-09	2.382191e+01	6.932601e+01
4.770000e-06	3.321330e-06	1.067054e-09	2.356717e+01	6.906078e+01
4.780000e-06	3.285309e-06	1.061324e-09	2.331157e+01	6.879288e+01
4.790000e-06	3.249065e-06	1.052314e-09	2.305439e+01	6.852244e+01
4.800000e-06	3.212516e-06	1.048863e-09	2.279505e+01	6.824961e+01
4.810000e-06	3.175624e-06	1.043119e-09	2.253328e+01	6.797455e+01
4.820000e-06	3.138342e-06	1.037088e-09	2.226874e+01	6.769742e+01
4.830000e-06	3.100689e-06	1.029840e-09	2.200156e+01	6.741839e+01
4.840000e-06	3.062723e-06	1.027496e-09	2.173217e+01	6.713764e+01
4.850000e-06	3.024396e-06	1.025790e-09	2.146021e+01	6.685533e+01
4.860000e-06	2.985726e-06	1.023271e-09	2.118582e+01	6.657161e+01
4.870000e-06	2.946751e-06	1.018409e-09	2.090926e+01	6.628665e+01
4.880000e-06	2.907531e-06	1.013694e-09	2.063097e+01	6.600057e+01
4.890000e-06	2.868108e-06	1.008423e-09	2.035124e+01	6.571350e+01
4.900000e-06	2.828522e-06	1.000674e-09	2.007035e+01	6.542553e+01
4.910000e-06	2.788790e-06	9.919294e-10	1.978842e+01	6.513675e+01
4.920000e-06	2.748871e-06	9.854337e-10	1.950516e+01	6.484721e+01
4.930000e-06	2.708890e-06	9.826320e-10	1.922148e+01	6.455693e+01
4.940000e-06	2.668753e-06	9.801871e-10	1.893667e+01	6.426593e+01
4.950000e-06	2.628464e-06	9.794384e-10	1.865079e+01	6.397415e+01
4.960000e-06	2.588139e-06	9.790776e-10	1.836466e+01	6.368156e+01
4.970000e-06	2.547625e-06	9.790136e-10	1.807719e+01	6.338805e+01
4.980000e-06	2.506969e-06	9.760323e-10	1.778870e+01	6.309352e+01
4.990000e-06	2.466125e-06	9.722247e-10	1.749889e+01	6.279780e+01
5.000000e-06	2.425075e-06	9.653415e-10	1.720761e+01	6.250072e+01
5.010000e-06	2.383882e-06	9.574995e-10	1.691531e+01	6.220208e+01
5.020000e-06	2.342422e-06	9.449584e-10	1.662113e+01	6.190164e+01
5.030000e-06	2.300777e-06	9.358151e-10	1.632562e+01	6.159914e+01
5.040000e-06	2.259012e-06	9.337640e-10	1.602927e+01	6.129431e+01
5.050000e-06	2.217130e-06	9.374282e-10	1.573209e+01	6.098685e+01
5.060000e-06	2.175065e-06	9.380171e-10	1.543361e+01	6.067643e+01
5.070000e-06	2.132844e-06	9.360984e-10	1.513403e+01	6.036274e+01
5.080000e-06	2.090538e-06	9.311592e-10	1.483383e+01	6.004543e+01
5.090000e-06	2.048063e-06	9.257781e-10	1.453244e+01	5.972415e+01
5.100000e-06	2.005443e-06	9.177067e-10	1.423002e+01	5.939855e+01
5.110000e-06	1.962612e-06	9.095948e-10	1.392611e+01	5.906827e+01
5.120000e-06	1.919563e-06	9.025481e-10	1.362064e+01	5.873295e+01
5.130000e-06	1.876444e-06	9.000729e-10	1.331468e+01	5.839225e+01
5.140000e-06	1.833237e-06	8.987564e-10	1.300810e+01	5.804582e+01
5.150000e-06	1.789896e-06	8.969407e-10	1.270057e+01	5.769332e+01
5.160000e-06	1.746423e-06	8.946367e-10	1.239210e+01	5.733442e+01
5.170000e-06	1.702811e-06	8.914171e-10	1.208264e+01	5.696883e+01
5.180000e-06	1.659149e-06	8.875480e-10	1.177283e+01	5.659623e+01
5.190000e-06	1.615457e-06	8.796799e-10	1.146280e+01	5.621636e+01
5.200000e-06	1.571662e-06	8.700303e-10	1.115204e+01	5.582893e+01
5.210000e-06	1.527776e-06	8.619012e-10	1.084064e+01	5.543372e+01
5.220000e-06	1.483858e-06	8.531891e-10	1.052901e+01	5.503049e+01
5.230000e-06	1.439903e-06	8.445687e-10	1.021712e+01	5.461902e+01
5.240000e-06	1.395941e-06	8.415618e-10	9.905181e+00	5.419912e+01
5.250000e-06	1.351981e-06	8.423648e-10	9.593255e+00	5.377060e+01
5.260000e-06	1.307984e-06	8.424959e-10	9.281063e+00	5.333331e+01
5.270000e-06	1.263919e-06	8.400822e-10	8.968390e+00	5.288707e+01
5.280000e-06	1.219753e-06	8.311622e-10	8.655002e+00	5.243174e+01
5.290000e-06	1.175509e-06	8.167996e-10	8.341063e+00	5.196717e+01
5.300000e-06	1.131158e-06	8.033647e-10	8.026361e+00	5.149322e+01
5.310000e-06	1.086707e-06	7.899567e-10	7.710951e+00	5.100975e+01
5.320000e-06	1.042190e-06	7.789707e-10	7.395072e+00	5.051660e+01
5.330000e-06	9.975785e-07	7.741273e-10	7.078519e+00	5.001361e+01
5.340000e-06	9.528398e-07	7.769074e-10	6.761067e+00	4.950063e+01
5.350000e-06	9.080951e-07	7.784713e-10	6.443571e+00	4.897745e+01
5.360000e-06	8.633297e-07	7.733465e-10	6.125929e+00	4.844388e+01
5.370000e-06	8.184278e-07	7.619934e-10	5.807319e+00	4.789968e+01
5.380000e-06	7.734099e-07	7.493861e-10	5.487885e+00	4.734459e+01
5.390000e-06	7.283114e-07	7.382595e-10	5.167880e+00	4.677832e+01
5.400000e-06	6.832151e-07	7.276341e-10	4.847890e+00	4.620055e+01
5.410000e-06	6.381268e-07	7.171133e-10	4.527957e+00	4.561090e+01
5.420000e-06	5.929412e-07	7.099072e-10	4.207334e+00	4.500898e+01
5.430000e-06	5.476832e-07	7.071649e-10	3.886196e+00	4.439435e+01
5.440000e-06	5.023310e-07	7.031609e-10	3.564390e+00	4.376650e+01
5.450000e-06	4.568983e-07	6.934489e-10	3.242014e+00	4.312490e+01
5.460000e-06	4.115317e-07	6.787354e-10	2.920106e+00	4.246897e+01
5.470000e-06	3.661466e-07	6.634967e-10	2.598067e+00	4.179810e+01
5.480000e-06	3.206580e-07	6.521258e-10	2.275293e+00	4.111159e+01
5.490000e-06	2.751081e-07	6.414781e-10	1.952085e+00	4.040875e+01
5.500000e-06	2.295886e-07	6.297436e-10	1.629092e+00	3.968881e+01
5.510000e-06	1.840531e-07	6.187117e-10	1.305986e+00	3.895098e+01
5.520000e-06	1.385350e-07	6.092158e-10	9.830032e-01	3.819444e+01
5.530000e-06	9.299998e-08	5.989669e-10	6.599001e-01	3.741832e+01
5.540000e-06	4.747493e-08	5.869575e-10	3.368679e-01	3.662174e+01
5.550000e-06	2.002816e-09	5.712806e-10	1.421139e-02	3.580380e+01
5.560000e-06	-4.342168e-08	5.558384e-10	-3.081073e-01	3.496357e+01
5.570000e-06	-8.874041e-08	5.438828e-10	-6.296754e-01	3.410014e+01
5.580000e-06	-1.341257e-07	5.300330e-10	-9.517160e-01	3.321258e+01
5.590000e-06	-1.795808e-07	5.107393e-10	-1.274252e+00	3.229996e+01
5.600000e-06	-2.250465e-07	4.926955e-10	-1.596863e+00	3.136138e+01
5.610000e-06	-2.704751e-07	4.812851e-10	-1.919210e+00	3.039597e+01
5.620000e-06	-3.158397e-07	4.723826e-10	-2.241104e+00	2.940288e+01
5.630000e-06	-3.612039e-07	4.584856e-10	-2.562995e+00	2.838129e+01
5.640000e-06	-4.065792e-07	4.356811e-10	-2.884964e+00	2.733046e+01
5.650000e-06	-4.518521e-07	4.159699e-10	-3.206208e+00	2.624969e+01
5.660000e-06	-4.970746e-07	3.983377e-10	-3.527093e+00	2.513833e+01
5.670000e-06	-5.422271e-07	3.794750e-10	-3.847481e+00	2.399585e+01
5.680000e-06	-5.873714e-07	3.581071e-10	-4.167812e+00	2.282175e+01
5.690000e-06	-6.326054e-07	3.388289e-10	-4.488779e+00	2.161568e+01
5.700000e-06	-6.776839e-07	3.231718e-10	-4.808642e+00	2.037733e+01
5.710000e-06	-7.225986e-07	3.062289e-10	-5.127343e+00	1.910654e+01
5.720000e-06	-7.675237e-07	2.868848e-10	-5.446119e+00	1.780325e+01
5.730000e-06	-8.124515e-07	2.678678e-10	-5.764913e+00	1.646750e+01
5.740000e-06	-8.572698e-07	2.499768e-10	-6.082931e+00	1.509948e+01
5.750000e-06	-9.019849e-07	2.314631e-10	-6.400215e+00	1.369949e+01
5.760000e-06	-9.466193e-07	2.092968e-10	-6.716928e+00	1.226796e+01
5.770000e-06	-9.911309e-07	1.851150e-10	-7.032769e+00	1.080546e+01
5.780000e-06	-1.035507e-06	1.623794e-10	-7.347645e+00	9.312695e+00
5.790000e-06	-1.079877e-06	1.383950e-10	-7.662482e+00	7.790490e+00
5.800000e-06	-1.124223e-06	1.128341e-10	-7.977153e+00	6.239814e+00
5.810000e-06	-1.168481e-06	9.021863e-11	-8.291190e+00	4.661767e+00
5.820000e-06	-1.212673e-06	7.188390e-11	-8.604766e+00	3.057575e+00
5.830000e-06	-1.256793e-06	5.378891e-11	-8.917828e+00	1.428593e+00
5.840000e-06	-1.300779e-06	3.319230e-11	-9.229942e+00	-2.237066e-01
5.850000e-06	-1.344717e-06	8.160994e-12	-9.541713e+00	-1.897735e+00
5.860000e-06	-1.388656e-06	-1.839721e-11	-9.853489e+00	-3.591795e+00
5.870000e-06	-1.432524e-06	-4.466176e-11	-1.016476e+01	-5.304087e+00
5.880000e-06	-1.476429e-06	-7.056154e-11	-1.047630e+01	-7.032719e+00
5.890000e-06	-1.520307e-06	-9.768327e-11	-1.078765e+01	-8.775716e+00
5.900000e-06	-1.564068e-06	-1.220364e-10	-1.109816e+01	-1.053103e+01
5.910000e-06	-1.607745e-06	-1.443448e-10	-1.140808e+01	-1.229653e+01
5.920000e-06	-1.651385e-06	-1.662451e-10	-1.171773e+01	-1.407007e+01
5.930000e-06	-1.694902e-06	-1.903170e-10	-1.202652e+01	-1.584942e+01
5.940000e-06	-1.738332e-06	-2.181018e-10	-1.233469e+01	-1.763234e+01
5.950000e-06	-1.781660e-06	-2.477312e-10	-1.264213e+01	-1.941657e+01
5.960000e-06	-1.824794e-06	-2.769241e-10	-1.294819e+01	-2.119984e+01
5.970000e-06	-1.867805e-06	-3.059758e-10	-1.325338e+01	-2.297987e+01
5.980000e-06	-1.910746e-06	-3.333995e-10	-1.355808e+01	-2.475442e+01
5.990000e-06	-1.953604e-06	-3.569208e-10	-1.386219e+01	-2.652126e+01
6.000000e-06	-1.996324e-06	-3.789180e-10	-1.416532e+01	-2.827819e+01
6.010000e-06	-2.038827e-06	-4.066429e-10	-1.446691e+01	-3.002309e+01
6.020000e-06	-2.081097e-06	-4.389891e-10	-1.476684e+01	-3.175387e+01
6.030000e-06	-2.123281e-06	-4.698914e-10	-1.506616e+01	-3.346852e+01
6.040000e-06	-2.165394e-06	-4.985459e-10	-1.536499e+01	-3.516511e+01
6.050000e-06	-2.207315e-06	-5.258959e-10	-1.566245e+01	-3.684179e+01
6.060000e-06	-2.249096e-06	-5.537883e-10	-1.595891e+01	-3.849682e+01
6.070000e-06	-2.290777e-06	-5.798245e-10	-1.625467e+01	-4.012855e+01
6.080000e-06	-2.332290e-06	-6.013021e-10	-1.654923e+01	-4.173543e+01
6.090000e-06	-2.373695e-06	-6.204161e-10	-1.684303e+01	-4.331605e+01
6.100000e-06	-2.414864e-06	-6.415489e-10	-1.713516e+01	-4.486908e+01
6.110000e-06	-2.455737e-06	-6.682956e-10	-1.742517e+01	-4.639335e+01
6.120000e-06	-2.496403e-06	-6.974075e-10	-1.771373e+01	-4.788778e+01
6.130000e-06	-2.536948e-06	-7.217785e-10	-1.800143e+01	-4.935144e+01
6.140000e-06	-2.577321e-06	-7.422452e-10	-1.828790e+01	-5.078351e+01
6.150000e-06	-2.617552e-06	-7.621789e-10	-1.857337e+01	-5.218330e+01
6.160000e-06	-2.657689e-06	-7.837210e-10	-1.885817e+01	-5.355023e+01
6.170000e-06	-2.697724e-06	-8.046171e-10	-1.914224e+01	-5.488387e+01
6.180000e-06	-2.737701e-06	-8.229760e-10	-1.942591e+01	-5.618387e+01
6.190000e-06	-2.777551e-06	-8.419847e-10	-1.970867e+01	-5.745003e+01
6.200000e-06	-2.817275e-06	-8.638979e-10	-1.999054e+01	-5.868222e+01
6.210000e-06	-2.856820e-06	-8.832462e-10	-2.027114e+01	-5.988045e+01
6.220000e-06	-2.896169e-06	-8.995724e-10	-2.055035e+01	-6.104479e+01
6.230000e-06	-2.935289e-06	-9.145472e-10	-2.082793e+01	-6.217544e+01
6.240000e-06	-2.974023e-06	-9.320738e-10	-2.110278e+01	-6.327265e+01
6.250000e-06	-3.012382e-06	-9.512760e-10	-2.137497e+01	-6.433677e+01
6.260000e-06	-3.050471e-06	-9.664191e-10	-2.164523e+01	-6.536820e+01
6.270000e-06	-3.088252e-06	-9.794298e-10	-2.191331e+01	-6.636741e+01
6.280000e-06	-3.125689e-06	-9.926442e-10	-2.217895e+01	-6.733493e+01
6.290000e-06	-3.162758e-06	-1.004573e-09	-2.244198e+01	-6.827131e+01
6.300000e-06	-3.199420e-06	-1.015342e-09	-2.270213e+01	-6.917717e+01
6.310000e-06	-3.235760e-06	-1.026273e-09	-2.295999e+01	-7.005314e+01
6.320000e-06	-3.271969e-06	-1.038150e-09	-2.321692e+01	-7.089988e+01
6.330000e-06	-3.308045e-06	-1.052795e-09	-2.347290e+01	-7.171805e+01
6.340000e-06	-3.343962e-06	-1.068674e-09	-2.372776e+01	-7.250834e+01
6.350000e-06	-3.379738e-06	-1.082240e-09	-2.398161e+01	-7.327143e+01
6.360000e-06	-3.415316e-06	-1.093783e-09	-2.423406e+01	-7.400800e+01
6.370000e-06	-3.450722e-06	-1.103865e-09	-2.448529e+01	-7.471872e+01
6.380000e-06	-3.485972e-06	-1.110054e-09	-2.473541e+01	-7.540424e+01
6.390000e-06	-3.520983e-06	-1.112763e-09	-2.498384e+01	-7.606521e+01
6.400000e-06	-3.555704e-06	-1.116785e-09	-2.523021e+01	-7.670225e+01
6.410000e-06	-3.590152e-06	-1.126208e-09	-2.547464e+01	-7.731594e+01
6.420000e-06	-3.624358e-06	-1.140274e-09	-2.571736e+01	-7.790686e+01
6.430000e-06	-3.658358e-06	-1.154026e-09	-2.595861e+01	-7.847556e+01
6.440000e-06	-3.692067e-06	-1.164137e-09	-2.619780e+01	-7.902254e+01
6.450000e-06	-3.725421e-06	-1.171967e-09	-2.643447e+01	-7.954830e+01
6.460000e-06	-3.758509e-06	-1.177335e-09	-2.666926e+01	-8.005328e+01
6.470000e-06	-3.791375e-06	-1.180320e-09	-2.690246e+01	-8.053793e+01
6.480000e-06	-3.823953e-06	-1.183675e-09	-2.713363e+01	-8.100266e+01
6.490000e-06	-3.856287e-06	-1.190274e-09	-2.736306e+01	-8.144784e+01
6.500000e-06	-3.888419e-06	-1.199939e-09	-2.759106e+01	-8.187384e+01
6.510000e-06	-3.920333e-06	-1.209633e-09	-2.781751e+01	-8.228100e+01
6.520000e-06	-3.952137e-06	-1.217772e-09	-2.804318e+01	-8.266966e+01
6.530000e-06	-3.983706e-06	-1.224771e-09	-2.826719e+01	-8.304013e+01
6.540000e-06	-4.014956e-06	-1.228510e-09	-2.848893e+01	-8.339273e+01
6.550000e-06	-4.045819e-06	-1.229316e-09	-2.870792e+01	-8.372775e+01
6.560000e-06	-4.076172e-06	-1.231263e-09	-2.892330e+01	-8.404552e+01
6.570000e-06	-4.106078e-06	-1.235824e-09	-2.913550e+01	-8.434632e+01
6.580000e-06	-4.135568e-06	-1.239435e-09	-2.934475e+01	-8.463049e+01
6.590000e-06	-4.164623e-06	-1.241447e-09	-2.955092e+01	-8.489834e+01
6.600000e-06	-4.193252e-06	-1.244725e-09	-2.975406e+01	-8.515022e+01
6.610000e-06	-4.221598e-06	-1.250036e-09	-2.995519e+01	-8.538647e+01
6.620000e-06	-4.249809e-06	-1.254628e-09	-3.015537e+01	-8.560746e+01
6.630000e-06	-4.277864e-06	-1.256636e-09	-3.035444e+01	-8.581360e+01
6.640000e-06	-4.305675e-06	-1.257808e-09	-3.055178e+01	-8.600528e+01
6.650000e-06	-4.333166e-06	-1.259759e-09	-3.074685e+01	-8.618296e+01
6.660000e-06	-4.360345e-06	-1.262297e-09	-3.093970e+01	-8.634709e+01
6.670000e-06	-4.387313e-06	-1.263173e-09	-3.113106e+01	-8.649817e+01
6.680000e-06	-4.413996e-06	-1.262951e-09	-3.132040e+01	-8.663669e+01
6.690000e-06	-4.440357e-06	-1.265863e-09	-3.150745e+01	-8.676321e+01
6.700000e-06	-4.466395e-06	-1.270548e-09	-3.169221e+01	-8.687827e+01
6.710000e-06	-4.492092e-06	-1.273038e-09	-3.187454e+01	-8.698247e+01
6.720000e-06	-4.517510e-06	-1.275152e-09	-3.205490e+01	-8.707639e+01
6.730000e-06	-4.542560e-06	-1.279696e-09	-3.223265e+01	-8.716066e+01
6.740000e-06	-4.567256e-06	-1.284437e-09	-3.240788e+01	-8.723589e+01
6.750000e-06	-4.591671e-06	-1.287671e-09	-3.258113e+01	-8.730274e+01
6.760000e-06	-4.615855e-06	-1.289654e-09	-3.275273e+01	-8.736184e+01
6.770000e-06	-4.639852e-06	-1.289674e-09	-3.292300e+01	-8.741384e+01
6.780000e-06	-4.663604e-06	-1.289634e-09	-3.309154e+01	-8.745938e+01
6.790000e-06	-4.687137e-06	-1.290931e-09	-3.325852e+01	-8.749910e+01
6.800000e-06	-4.710337e-06	-1.291484e-09	-3.342314e+01	-8.753362e+01
6.810000e-06	-4.732990e-06	-1.292265e-09	-3.358389e+01	-8.756355e+01
6.820000e-06	-4.755139e-06	-1.295314e-09	-3.374105e+01	-8.758947e+01
6.830000e-06	-4.776821e-06	-1.299257e-09	-3.389489e+01	-8.761195e+01
6.840000e-06	-4.797972e-06	-1.303207e-09	-3.404498e+01	-8.763151e+01
6.850000e-06	-4.818670e-06	-1.304927e-09	-3.419184e+01	-8.764864e+01
6.860000e-06	-4.839086e-06	-1.304778e-09	-3.433671e+01	-8.766380e+01
6.870000e-06	-4.859323e-06	-1.304676e-09	-3.448031e+01	-8.767741e+01
6.880000e-06	-4.879270e-06	-1.304349e-09	-3.462184e+01	-8.768982e+01
6.890000e-06	-4.898834e-06	-1.303963e-09	-3.476066e+01	-8.770134e+01
6.900000e-06	-4.918118e-06	-1.304798e-09	-3.489749e+01	-8.771225e+01
6.910000e-06	-4.937075e-06	-1.307525e-09	-3.503201e+01	-8.772275e+01
6.920000e-06	-4.955667e-06	-1.312295e-09	-3.516393e+01	-8.773300e+01
6.930000e-06	-4.973979e-06	-1.316000e-09	-3.529387e+01	-8.774308e+01
6.940000e-06	-4.991982e-06	-1.316737e-09	-3.542161e+01	-8.775305e+01
6.950000e-06	-5.009737e-06	-1.315224e-09	-3.554759e+01	-8.776289e+01
6.960000e-06	-5.027178e-06	-1.312460e-09	-3.567135e+01	-8.777253e+01
6.970000e-06	-5.044142e-06	-1.309374e-09	-3.579173e+01	-8.778184e+01
6.980000e-06	-5.060800e-06	-1.307030e-09	-3.590993e+01	-8.779065e+01
6.990000e-06	-5.077178e-06	-1.306008e-09	-3.602614e+01	-8.779873e+01
7.000000e-06	-5.093232e-06	-1.306883e-09	-3.614005e+01	-8.780583e+01
7.010000e-06	-5.109087e-06	-1.308591e-09	-3.625256e+01	-8.781164e+01
7.020000e-06	-5.124620e-06	-1.309990e-09	-3.636277e+01	-8.781580e+01
7.030000e-06	-5.139656e-06	-1.311916e-09	-3.646946e+01	-8.781796e+01
7.040000e-06	-5.154080e-06	-1.312698e-09	-3.657181e+01	-8.781770e+01
7.050000e-06	-5.167984e-06	-1.308936e-09	-3.667047e+01	-8.781461e+01
7.060000e-06	-5.181404e-06	-1.301246e-09	-3.676569e+01	-8.780826e+01
7.070000e-06	-5.194303e-06	-1.295499e-09	-3.685722e+01	-8.779821e+01
7.080000e-06	-5.206815e-06	-1.293424e-09	-3.694600e+01	-8.778402e+01
7.090000e-06	-5.218978e-06	-1.291949e-09	-3.703231e+01	-8.776525e+01
7.100000e-06	-5.230690e-06	-1.291388e-09	-3.711541e+01	-8.774148e+01
7.110000e-06	-5.241965e-06	-1.293694e-09	-3.719541e+01	-8.771231e+01
7.120000e-06	-5.252953e-06	-1.295711e-09	-3.727338e+01	-8.767736e+01
7.130000e-06	-5.263602e-06	-1.295304e-09	-3.734895e+01	-8.763629e+01
7.140000e-06	-5.273861e-06	-1.292857e-09	-3.742174e+01	-8.758879e+01
7.150000e-06	-5.283713e-06	-1.289170e-09	-3.749165e+01	-8.753458e+01
7.160000e-06	-5.293217e-06	-1.286057e-09	-3.755909e+01	-8.747346e+01
7.170000e-06	-5.302299e-06	-1.281157e-09	-3.762353e+01	-8.740525e+01
7.180000e-06	-5.310992e-06	-1.274563e-09	-3.768521e+01	-8.732984e+01
7.190000e-06	-5.319451e-06	-1.270378e-09	-3.774524e+01	-8.724719e+01
7.200000e-06	-5.327641e-06	-1.270320e-09	-3.780335e+01	-8.715730e+01
7.210000e-06	-5.335615e-06	-1.272766e-09	-3.785993e+01	-8.706025e+01
7.220000e-06	-5.343243e-06	-1.271942e-09	-3.791405e+01	-8.695618e+01
7.230000e-06	-5.350503e-06	-1.265942e-09	-3.796557e+01	-8.684529e+01
7.240000e-06	-5.357308e-06	-1.261887e-09	-3.801386e+01	-8.672785e+01
7.250000e-06	-5.363521e-06	-1.260335e-09	-3.805794e+01	-8.660422e+01
7.260000e-06	-5.369172e-06	-1.260362e-09	-3.809804e+01	-8.647477e+01
7.270000e-06	-5.374310e-06	-1.258946e-09	-3.813450e+01	-8.633997e+01
7.280000e-06	-5.379017e-06	-1.259663e-09	-3.816790e+01	-8.620034e+01
7.290000e-06	-5.383355e-06	-1.261106e-09	-3.819868e+01	-8.605645e+01
7.300000e-06	-5.387363e-06	-1.255421e-09	-3.822712e+01	-8.590892e+01
7.310000e-06	-5.391040e-06	-1.244658e-09	-3.825321e+01	-8.575840e+01
7.320000e-06	-5.394481e-06	-1.236909e-09	-3.827763e+01	-8.560560e+01
7.330000e-06	-5.397557e-06	-1.238467e-09	-3.829945e+01	-8.545125e+01
7.340000e-06	-5.400214e-06	-1.246056e-09	-3.831831e+01	-8.529610e+01
7.350000e-06	-5.402543e-06	-1.251665e-09	-3.833483e+01	-8.514093e+01
7.360000e-06	-5.404574e-06	-1.252987e-09	-3.834924e+01	-8.498651e+01
7.370000e-06	-5.406330e-06	-1.250952e-09	-3.836170e+01	-8.483364e+01
7.380000e-06	-5.407666e-06	-1.245565e-09	-3.837118e+01	-8.468309e+01
7.390000e-06	-5.408490e-06	-1.236996e-09	-3.837703e+01	-8.453562e+01
7.400000e-06	-5.408937e-06	-1.228981e-09	-3.838020e+01	-8.439199e+01
