# Temperatura_=_19.57
# Concentracion g/m^3_=_4090.0
# C_Vs_to_Am_M_A/Vsm_=_65563218390.804596
# pendiente_HvsI_1/m_=_3716.3
# ordenada_HvsI_A/m_=_1297.0
# frecuencia_Hz_=_135083.17733077335

Tiempo_(s)	Campo_(V.s)	Magnetizacion_(V.s)	Campo_(kA/m)	Magnetizacion_(A/m)
0.000000e+00	-5.418814e-06	-1.332680e-09	-3.838694e+01	-8.900826e+01
1.000000e-08	-5.419060e-06	-1.328561e-09	-3.838868e+01	-8.888805e+01
2.000000e-08	-5.419008e-06	-1.323971e-09	-3.838831e+01	-8.877177e+01
3.000000e-08	-5.418688e-06	-1.317959e-09	-3.838604e+01	-8.865998e+01
4.000000e-08	-5.418017e-06	-1.313039e-09	-3.838129e+01	-8.855317e+01
5.000000e-08	-5.416831e-06	-1.314071e-09	-3.837289e+01	-8.845180e+01
6.000000e-08	-5.415105e-06	-1.326435e-09	-3.836066e+01	-8.835628e+01
7.000000e-08	-5.412839e-06	-1.350987e-09	-3.834461e+01	-8.826696e+01
8.000000e-08	-5.410009e-06	-1.363337e-09	-3.832456e+01	-8.818411e+01
9.000000e-08	-5.406616e-06	-1.300894e-09	-3.830052e+01	-8.810795e+01
1.000000e-07	-5.402792e-06	-1.216309e-09	-3.827343e+01	-8.803864e+01
1.100000e-07	-5.398720e-06	-1.280143e-09	-3.824459e+01	-8.797626e+01
1.200000e-07	-5.394402e-06	-1.405788e-09	-3.821400e+01	-8.792080e+01
1.300000e-07	-5.389676e-06	-1.354757e-09	-3.818052e+01	-8.787220e+01
1.400000e-07	-5.384531e-06	-1.206267e-09	-3.814407e+01	-8.783033e+01
1.500000e-07	-5.379073e-06	-1.250921e-09	-3.810541e+01	-8.779498e+01
1.600000e-07	-5.373361e-06	-1.461974e-09	-3.806495e+01	-8.776585e+01
1.700000e-07	-5.367208e-06	-1.390967e-09	-3.802136e+01	-8.774260e+01
1.800000e-07	-5.360499e-06	-1.161565e-09	-3.797383e+01	-8.772482e+01
1.900000e-07	-5.353536e-06	-1.194073e-09	-3.792450e+01	-8.771202e+01
2.000000e-07	-5.346352e-06	-1.397277e-09	-3.787362e+01	-8.770366e+01
2.100000e-07	-5.338829e-06	-1.359056e-09	-3.782032e+01	-8.769916e+01
2.200000e-07	-5.331058e-06	-1.224686e-09	-3.776527e+01	-8.769788e+01
2.300000e-07	-5.323057e-06	-1.326485e-09	-3.770859e+01	-8.769913e+01
2.400000e-07	-5.314684e-06	-1.429220e-09	-3.764928e+01	-8.770219e+01
2.500000e-07	-5.305675e-06	-1.321213e-09	-3.758546e+01	-8.770631e+01
2.600000e-07	-5.296059e-06	-1.269681e-09	-3.751734e+01	-8.771073e+01
2.700000e-07	-5.285986e-06	-1.402264e-09	-3.744598e+01	-8.771466e+01
2.800000e-07	-5.275263e-06	-1.404527e-09	-3.737002e+01	-8.771729e+01
2.900000e-07	-5.263994e-06	-1.280324e-09	-3.729019e+01	-8.771784e+01
3.000000e-07	-5.252422e-06	-1.324263e-09	-3.720821e+01	-8.771550e+01
3.100000e-07	-5.240391e-06	-1.451227e-09	-3.712299e+01	-8.770950e+01
3.200000e-07	-5.227837e-06	-1.357620e-09	-3.703405e+01	-8.769908e+01
3.300000e-07	-5.214935e-06	-1.258243e-09	-3.694266e+01	-8.768350e+01
3.400000e-07	-5.201791e-06	-1.349955e-09	-3.684954e+01	-8.766205e+01
3.500000e-07	-5.188295e-06	-1.418443e-09	-3.675394e+01	-8.763409e+01
3.600000e-07	-5.174411e-06	-1.349348e-09	-3.665558e+01	-8.759897e+01
3.700000e-07	-5.160077e-06	-1.340054e-09	-3.655404e+01	-8.755615e+01
3.800000e-07	-5.145124e-06	-1.369426e-09	-3.644811e+01	-8.750509e+01
3.900000e-07	-5.129744e-06	-1.338520e-09	-3.633916e+01	-8.744534e+01
4.000000e-07	-5.113888e-06	-1.334546e-09	-3.622684e+01	-8.737651e+01
4.100000e-07	-5.097486e-06	-1.365900e-09	-3.611065e+01	-8.729826e+01
4.200000e-07	-5.080703e-06	-1.317176e-09	-3.599175e+01	-8.721033e+01
4.300000e-07	-5.063561e-06	-1.302342e-09	-3.587032e+01	-8.711251e+01
4.400000e-07	-5.046122e-06	-1.381504e-09	-3.574678e+01	-8.700467e+01
4.500000e-07	-5.028325e-06	-1.396745e-09	-3.562070e+01	-8.688676e+01
4.600000e-07	-5.010206e-06	-1.319257e-09	-3.549235e+01	-8.675878e+01
4.700000e-07	-4.991854e-06	-1.307542e-09	-3.536234e+01	-8.662079e+01
4.800000e-07	-4.973096e-06	-1.351426e-09	-3.522947e+01	-8.647293e+01
4.900000e-07	-4.953905e-06	-1.342847e-09	-3.509351e+01	-8.631540e+01
5.000000e-07	-4.934400e-06	-1.305243e-09	-3.495534e+01	-8.614846e+01
5.100000e-07	-4.914631e-06	-1.292556e-09	-3.481530e+01	-8.597240e+01
5.200000e-07	-4.894648e-06	-1.316618e-09	-3.467373e+01	-8.578759e+01
5.300000e-07	-4.874417e-06	-1.348147e-09	-3.453042e+01	-8.559444e+01
5.400000e-07	-4.853869e-06	-1.336997e-09	-3.438486e+01	-8.539338e+01
5.500000e-07	-4.833001e-06	-1.291600e-09	-3.423703e+01	-8.518490e+01
5.600000e-07	-4.811838e-06	-1.297419e-09	-3.408711e+01	-8.496950e+01
5.700000e-07	-4.790308e-06	-1.327499e-09	-3.393459e+01	-8.474771e+01
5.800000e-07	-4.768483e-06	-1.312682e-09	-3.377998e+01	-8.452009e+01
5.900000e-07	-4.746314e-06	-1.272523e-09	-3.362294e+01	-8.428720e+01
6.000000e-07	-4.723736e-06	-1.272009e-09	-3.346299e+01	-8.404959e+01
6.100000e-07	-4.700828e-06	-1.293579e-09	-3.330072e+01	-8.380783e+01
6.200000e-07	-4.677656e-06	-1.307465e-09	-3.313656e+01	-8.356249e+01
6.300000e-07	-4.654118e-06	-1.284753e-09	-3.296982e+01	-8.331410e+01
6.400000e-07	-4.630280e-06	-1.260198e-09	-3.280095e+01	-8.306320e+01
6.500000e-07	-4.606358e-06	-1.275075e-09	-3.263149e+01	-8.281029e+01
6.600000e-07	-4.582224e-06	-1.302527e-09	-3.246052e+01	-8.255585e+01
6.700000e-07	-4.557826e-06	-1.280241e-09	-3.228769e+01	-8.230033e+01
6.800000e-07	-4.533057e-06	-1.245673e-09	-3.211222e+01	-8.204414e+01
6.900000e-07	-4.507756e-06	-1.250082e-09	-3.193299e+01	-8.178764e+01
7.000000e-07	-4.481900e-06	-1.272941e-09	-3.174983e+01	-8.153119e+01
7.100000e-07	-4.455522e-06	-1.264781e-09	-3.156296e+01	-8.127506e+01
7.200000e-07	-4.428622e-06	-1.241477e-09	-3.137240e+01	-8.101950e+01
7.300000e-07	-4.401362e-06	-1.240125e-09	-3.117930e+01	-8.076471e+01
7.400000e-07	-4.373908e-06	-1.263612e-09	-3.098481e+01	-8.051083e+01
7.500000e-07	-4.346219e-06	-1.269508e-09	-3.078866e+01	-8.025798e+01
7.600000e-07	-4.318261e-06	-1.243533e-09	-3.059061e+01	-8.000622e+01
7.700000e-07	-4.289994e-06	-1.225646e-09	-3.039036e+01	-7.975555e+01
7.800000e-07	-4.261528e-06	-1.235524e-09	-3.018871e+01	-7.950595e+01
7.900000e-07	-4.232856e-06	-1.241305e-09	-2.998559e+01	-7.925735e+01
8.000000e-07	-4.203870e-06	-1.224237e-09	-2.978026e+01	-7.900964e+01
8.100000e-07	-4.174607e-06	-1.211756e-09	-2.957296e+01	-7.876268e+01
8.200000e-07	-4.145131e-06	-1.218118e-09	-2.936415e+01	-7.851628e+01
8.300000e-07	-4.115345e-06	-1.229137e-09	-2.915315e+01	-7.827025e+01
8.400000e-07	-4.085177e-06	-1.218928e-09	-2.893944e+01	-7.802436e+01
8.500000e-07	-4.054662e-06	-1.200377e-09	-2.872327e+01	-7.777835e+01
8.600000e-07	-4.023858e-06	-1.196842e-09	-2.850505e+01	-7.753195e+01
8.700000e-07	-3.992820e-06	-1.207988e-09	-2.828518e+01	-7.728489e+01
8.800000e-07	-3.961560e-06	-1.204129e-09	-2.806373e+01	-7.703688e+01
8.900000e-07	-3.930020e-06	-1.184422e-09	-2.784030e+01	-7.678762e+01
9.000000e-07	-3.898257e-06	-1.170981e-09	-2.761530e+01	-7.653683e+01
9.100000e-07	-3.866408e-06	-1.176090e-09	-2.738967e+01	-7.628422e+01
9.200000e-07	-3.834430e-06	-1.178184e-09	-2.716314e+01	-7.602950e+01
9.300000e-07	-3.802190e-06	-1.167708e-09	-2.693475e+01	-7.577242e+01
9.400000e-07	-3.769669e-06	-1.159127e-09	-2.670438e+01	-7.551272e+01
9.500000e-07	-3.736909e-06	-1.166506e-09	-2.647230e+01	-7.525017e+01
9.600000e-07	-3.703833e-06	-1.171964e-09	-2.623799e+01	-7.498455e+01
9.700000e-07	-3.670334e-06	-1.161423e-09	-2.600068e+01	-7.471568e+01
9.800000e-07	-3.636379e-06	-1.143022e-09	-2.576015e+01	-7.444340e+01
9.900000e-07	-3.602052e-06	-1.136327e-09	-2.551698e+01	-7.416757e+01
1.000000e-06	-3.567299e-06	-1.137658e-09	-2.527078e+01	-7.388808e+01
1.010000e-06	-3.532204e-06	-1.135362e-09	-2.502217e+01	-7.360485e+01
1.020000e-06	-3.496872e-06	-1.126823e-09	-2.477188e+01	-7.331784e+01
1.030000e-06	-3.461265e-06	-1.123955e-09	-2.451964e+01	-7.302702e+01
1.040000e-06	-3.425481e-06	-1.126261e-09	-2.426614e+01	-7.273240e+01
1.050000e-06	-3.389532e-06	-1.121720e-09	-2.401148e+01	-7.243401e+01
1.060000e-06	-3.353395e-06	-1.108091e-09	-2.375548e+01	-7.213192e+01
1.070000e-06	-3.317037e-06	-1.095597e-09	-2.349792e+01	-7.182620e+01
1.080000e-06	-3.280481e-06	-1.091653e-09	-2.323896e+01	-7.151696e+01
1.090000e-06	-3.243698e-06	-1.090507e-09	-2.297839e+01	-7.120432e+01
1.100000e-06	-3.206670e-06	-1.087299e-09	-2.271608e+01	-7.088842e+01
1.110000e-06	-3.169488e-06	-1.081598e-09	-2.245268e+01	-7.056942e+01
1.120000e-06	-3.132025e-06	-1.078606e-09	-2.218730e+01	-7.024748e+01
1.130000e-06	-3.094281e-06	-1.074256e-09	-2.191992e+01	-6.992276e+01
1.140000e-06	-3.056343e-06	-1.064118e-09	-2.165117e+01	-6.959546e+01
1.150000e-06	-3.018237e-06	-1.054361e-09	-2.138123e+01	-6.926573e+01
1.160000e-06	-2.979930e-06	-1.053461e-09	-2.110986e+01	-6.893376e+01
1.170000e-06	-2.941401e-06	-1.055022e-09	-2.083692e+01	-6.859971e+01
1.180000e-06	-2.902649e-06	-1.050973e-09	-2.056240e+01	-6.826373e+01
1.190000e-06	-2.863650e-06	-1.040719e-09	-2.028613e+01	-6.792598e+01
1.200000e-06	-2.824467e-06	-1.031872e-09	-2.000855e+01	-6.758657e+01
1.210000e-06	-2.785164e-06	-1.025091e-09	-1.973013e+01	-6.724563e+01
1.220000e-06	-2.745661e-06	-1.017959e-09	-1.945029e+01	-6.690324e+01
1.230000e-06	-2.705988e-06	-1.008913e-09	-1.916924e+01	-6.655947e+01
1.240000e-06	-2.666222e-06	-1.005953e-09	-1.888754e+01	-6.621437e+01
1.250000e-06	-2.626306e-06	-1.006427e-09	-1.860478e+01	-6.586796e+01
1.260000e-06	-2.586276e-06	-1.007484e-09	-1.832120e+01	-6.552022e+01
1.270000e-06	-2.546099e-06	-1.004016e-09	-1.803659e+01	-6.517113e+01
1.280000e-06	-2.505866e-06	-9.969617e-10	-1.775158e+01	-6.482061e+01
1.290000e-06	-2.465500e-06	-9.898066e-10	-1.746562e+01	-6.446859e+01
1.300000e-06	-2.424916e-06	-9.813165e-10	-1.717813e+01	-6.411493e+01
1.310000e-06	-2.384219e-06	-9.701376e-10	-1.688983e+01	-6.375949e+01
1.320000e-06	-2.343400e-06	-9.598517e-10	-1.660067e+01	-6.340210e+01
1.330000e-06	-2.302463e-06	-9.560119e-10	-1.631067e+01	-6.304256e+01
1.340000e-06	-2.261196e-06	-9.561400e-10	-1.601834e+01	-6.268065e+01
1.350000e-06	-2.219365e-06	-9.556660e-10	-1.572201e+01	-6.231612e+01
1.360000e-06	-2.177215e-06	-9.525624e-10	-1.542341e+01	-6.194871e+01
1.370000e-06	-2.134912e-06	-9.463082e-10	-1.512374e+01	-6.157814e+01
1.380000e-06	-2.092423e-06	-9.348581e-10	-1.482275e+01	-6.120410e+01
1.390000e-06	-2.049760e-06	-9.214297e-10	-1.452052e+01	-6.082629e+01
1.400000e-06	-2.006892e-06	-9.087865e-10	-1.421685e+01	-6.044438e+01
1.410000e-06	-1.963752e-06	-8.974330e-10	-1.391124e+01	-6.005805e+01
1.420000e-06	-1.920348e-06	-8.914372e-10	-1.360376e+01	-5.966695e+01
1.430000e-06	-1.876845e-06	-8.910607e-10	-1.329559e+01	-5.927075e+01
1.440000e-06	-1.833250e-06	-8.911056e-10	-1.298676e+01	-5.886911e+01
1.450000e-06	-1.789472e-06	-8.892825e-10	-1.267664e+01	-5.846167e+01
1.460000e-06	-1.745513e-06	-8.835115e-10	-1.236524e+01	-5.804811e+01
1.470000e-06	-1.701486e-06	-8.745728e-10	-1.205335e+01	-5.762808e+01
1.480000e-06	-1.657473e-06	-8.638306e-10	-1.174156e+01	-5.720126e+01
1.490000e-06	-1.613417e-06	-8.541370e-10	-1.142946e+01	-5.676733e+01
1.500000e-06	-1.569248e-06	-8.452605e-10	-1.111657e+01	-5.632597e+01
1.510000e-06	-1.525002e-06	-8.379792e-10	-1.080313e+01	-5.587686e+01
1.520000e-06	-1.480714e-06	-8.321488e-10	-1.048940e+01	-5.541972e+01
1.530000e-06	-1.436412e-06	-8.248610e-10	-1.017556e+01	-5.495425e+01
1.540000e-06	-1.392123e-06	-8.171785e-10	-9.861813e+00	-5.448017e+01
1.550000e-06	-1.347686e-06	-8.082378e-10	-9.547020e+00	-5.399720e+01
1.560000e-06	-1.303106e-06	-7.966083e-10	-9.231218e+00	-5.350507e+01
1.570000e-06	-1.258450e-06	-7.891058e-10	-8.914873e+00	-5.300351e+01
1.580000e-06	-1.213647e-06	-7.857529e-10	-8.597486e+00	-5.249227e+01
1.590000e-06	-1.168759e-06	-7.808337e-10	-8.279501e+00	-5.197107e+01
1.600000e-06	-1.123755e-06	-7.727228e-10	-7.960690e+00	-5.143966e+01
1.610000e-06	-1.078712e-06	-7.622108e-10	-7.641605e+00	-5.089776e+01
1.620000e-06	-1.033616e-06	-7.507687e-10	-7.322149e+00	-5.034511e+01
1.630000e-06	-9.882987e-07	-7.394836e-10	-7.001118e+00	-4.978141e+01
1.640000e-06	-9.428178e-07	-7.305195e-10	-6.678931e+00	-4.920637e+01
1.650000e-06	-8.974038e-07	-7.230128e-10	-6.357218e+00	-4.861968e+01
1.660000e-06	-8.520322e-07	-7.151191e-10	-6.035805e+00	-4.802102e+01
1.670000e-06	-8.065633e-07	-7.070644e-10	-5.713703e+00	-4.741003e+01
1.680000e-06	-7.610842e-07	-7.000014e-10	-5.391528e+00	-4.678634e+01
1.690000e-06	-7.155085e-07	-6.934061e-10	-5.068670e+00	-4.614957e+01
1.700000e-06	-6.698992e-07	-6.846192e-10	-4.745573e+00	-4.549929e+01
1.710000e-06	-6.242651e-07	-6.742978e-10	-4.422301e+00	-4.483504e+01
1.720000e-06	-5.785955e-07	-6.649632e-10	-4.098777e+00	-4.415636e+01
1.730000e-06	-5.329058e-07	-6.562759e-10	-3.775110e+00	-4.346272e+01
1.740000e-06	-4.871103e-07	-6.483602e-10	-3.450695e+00	-4.275359e+01
1.750000e-06	-4.412905e-07	-6.397832e-10	-3.126107e+00	-4.202838e+01
1.760000e-06	-3.954438e-07	-6.292193e-10	-2.801328e+00	-4.128650e+01
1.770000e-06	-3.496123e-07	-6.176856e-10	-2.476657e+00	-4.052730e+01
1.780000e-06	-3.037555e-07	-6.058649e-10	-2.151807e+00	-3.975013e+01
1.790000e-06	-2.578398e-07	-5.946182e-10	-1.826540e+00	-3.895428e+01
1.800000e-06	-2.119234e-07	-5.820584e-10	-1.501267e+00	-3.813903e+01
1.810000e-06	-1.659686e-07	-5.669525e-10	-1.175723e+00	-3.730366e+01
1.820000e-06	-1.200203e-07	-5.521105e-10	-8.502247e-01	-3.644739e+01
1.830000e-06	-7.414909e-08	-5.391761e-10	-5.252729e-01	-3.556945e+01
1.840000e-06	-2.829071e-08	-5.250857e-10	-2.004117e-01	-3.466907e+01
1.850000e-06	1.763510e-08	-5.090444e-10	1.249272e-01	-3.374546e+01
1.860000e-06	6.355347e-08	-4.950525e-10	4.502134e-01	-3.279784e+01
1.870000e-06	1.095046e-07	-4.837505e-10	7.757314e-01	-3.182542e+01
1.880000e-06	1.554749e-07	-4.711033e-10	1.101386e+00	-3.082746e+01
1.890000e-06	2.013705e-07	-4.545278e-10	1.426511e+00	-2.980320e+01
1.900000e-06	2.472787e-07	-4.347057e-10	1.751725e+00	-2.875194e+01
1.910000e-06	2.932495e-07	-4.128123e-10	2.077383e+00	-2.767300e+01
1.920000e-06	3.392315e-07	-3.918016e-10	2.403119e+00	-2.656575e+01
1.930000e-06	3.851742e-07	-3.733685e-10	2.728578e+00	-2.542961e+01
1.940000e-06	4.309883e-07	-3.558921e-10	3.053126e+00	-2.426406e+01
1.950000e-06	4.767230e-07	-3.382171e-10	3.377111e+00	-2.306863e+01
1.960000e-06	5.224404e-07	-3.197447e-10	3.700973e+00	-2.184295e+01
1.970000e-06	5.680746e-07	-2.988139e-10	4.024246e+00	-2.058671e+01
1.980000e-06	6.136901e-07	-2.779898e-10	4.347387e+00	-1.929969e+01
1.990000e-06	6.592844e-07	-2.574248e-10	4.670377e+00	-1.798177e+01
2.000000e-06	7.048029e-07	-2.360160e-10	4.992831e+00	-1.663292e+01
2.010000e-06	7.503239e-07	-2.152452e-10	5.315302e+00	-1.525324e+01
2.020000e-06	7.958259e-07	-1.946234e-10	5.637639e+00	-1.384289e+01
2.030000e-06	8.412356e-07	-1.720609e-10	5.959322e+00	-1.240220e+01
2.040000e-06	8.865755e-07	-1.484435e-10	6.280510e+00	-1.093158e+01
2.050000e-06	9.318387e-07	-1.256294e-10	6.601155e+00	-9.431574e+00
2.060000e-06	9.770382e-07	-1.025449e-10	6.921349e+00	-7.902839e+00
2.070000e-06	1.022160e-06	-7.827259e-11	7.240989e+00	-6.346163e+00
2.080000e-06	1.067265e-06	-5.285132e-11	7.560514e+00	-4.762454e+00
2.090000e-06	1.112283e-06	-2.756348e-11	7.879425e+00	-3.152740e+00
2.100000e-06	1.157083e-06	-3.443352e-12	8.196789e+00	-1.518174e+00
2.110000e-06	1.201799e-06	2.023479e-11	8.513559e+00	1.399791e-01
2.120000e-06	1.246515e-06	4.420087e-11	8.830326e+00	1.820335e+00
2.130000e-06	1.291145e-06	6.855654e-11	9.146482e+00	3.521403e+00
2.140000e-06	1.335684e-06	9.362547e-11	9.462002e+00	5.241584e+00
2.150000e-06	1.380153e-06	1.185713e-10	9.777021e+00	6.979185e+00
2.160000e-06	1.424548e-06	1.437415e-10	1.009151e+01	8.732417e+00
2.170000e-06	1.468870e-06	1.707629e-10	1.040549e+01	1.049941e+01
2.180000e-06	1.513089e-06	1.994801e-10	1.071874e+01	1.227821e+01
2.190000e-06	1.557226e-06	2.286229e-10	1.103140e+01	1.406682e+01
2.200000e-06	1.601297e-06	2.552596e-10	1.134361e+01	1.586315e+01
2.210000e-06	1.645334e-06	2.792935e-10	1.165556e+01	1.766508e+01
2.220000e-06	1.689333e-06	3.046434e-10	1.196725e+01	1.947047e+01
2.230000e-06	1.733277e-06	3.325931e-10	1.227855e+01	2.127712e+01
2.240000e-06	1.777172e-06	3.614088e-10	1.258951e+01	2.308284e+01
2.250000e-06	1.820975e-06	3.885913e-10	1.289981e+01	2.488543e+01
2.260000e-06	1.864636e-06	4.162326e-10	1.320910e+01	2.668269e+01
2.270000e-06	1.908130e-06	4.476858e-10	1.351721e+01	2.847244e+01
2.280000e-06	1.951578e-06	4.799032e-10	1.382500e+01	3.025253e+01
2.290000e-06	1.994911e-06	5.084076e-10	1.413197e+01	3.202085e+01
2.300000e-06	2.037939e-06	5.333047e-10	1.443678e+01	3.377534e+01
2.310000e-06	2.080765e-06	5.567335e-10	1.474016e+01	3.551399e+01
2.320000e-06	2.123292e-06	5.806915e-10	1.504142e+01	3.723488e+01
2.330000e-06	2.165460e-06	6.058883e-10	1.534014e+01	3.893615e+01
2.340000e-06	2.207344e-06	6.314629e-10	1.563685e+01	4.061603e+01
2.350000e-06	2.248997e-06	6.572802e-10	1.593192e+01	4.227285e+01
2.360000e-06	2.290442e-06	6.843567e-10	1.622551e+01	4.390503e+01
2.370000e-06	2.331679e-06	7.131016e-10	1.651764e+01	4.551110e+01
2.380000e-06	2.372592e-06	7.404158e-10	1.680747e+01	4.708971e+01
2.390000e-06	2.413164e-06	7.641928e-10	1.709488e+01	4.863962e+01
2.400000e-06	2.453598e-06	7.856882e-10	1.738131e+01	5.015971e+01
2.410000e-06	2.493919e-06	8.042591e-10	1.766695e+01	5.164898e+01
2.420000e-06	2.534072e-06	8.222173e-10	1.795139e+01	5.310655e+01
2.430000e-06	2.574123e-06	8.434375e-10	1.823512e+01	5.453167e+01
2.440000e-06	2.614134e-06	8.685509e-10	1.851855e+01	5.592372e+01
2.450000e-06	2.654026e-06	8.943223e-10	1.880115e+01	5.728217e+01
2.460000e-06	2.693780e-06	9.183379e-10	1.908276e+01	5.860666e+01
2.470000e-06	2.733426e-06	9.389961e-10	1.936362e+01	5.989690e+01
2.480000e-06	2.772927e-06	9.555266e-10	1.964345e+01	6.115274e+01
2.490000e-06	2.812213e-06	9.690996e-10	1.992175e+01	6.237413e+01
2.500000e-06	2.851347e-06	9.828751e-10	2.019897e+01	6.356113e+01
2.510000e-06	2.890167e-06	9.995811e-10	2.047397e+01	6.471389e+01
2.520000e-06	2.928674e-06	1.021514e-09	2.074676e+01	6.583265e+01
2.530000e-06	2.967071e-06	1.047217e-09	2.101876e+01	6.691773e+01
2.540000e-06	3.005265e-06	1.070302e-09	2.128933e+01	6.796956e+01
2.550000e-06	3.043235e-06	1.088546e-09	2.155831e+01	6.898859e+01
2.560000e-06	3.081124e-06	1.102818e-09	2.182671e+01	6.997537e+01
2.570000e-06	3.118897e-06	1.113770e-09	2.209430e+01	7.093048e+01
2.580000e-06	3.156393e-06	1.122271e-09	2.235992e+01	7.185457e+01
2.590000e-06	3.193579e-06	1.132086e-09	2.262335e+01	7.274831e+01
2.600000e-06	3.230499e-06	1.146472e-09	2.288489e+01	7.361240e+01
2.610000e-06	3.267165e-06	1.165634e-09	2.314463e+01	7.444757e+01
2.620000e-06	3.303576e-06	1.184780e-09	2.340257e+01	7.525458e+01
2.630000e-06	3.339875e-06	1.199180e-09	2.365971e+01	7.603416e+01
2.640000e-06	3.376079e-06	1.208999e-09	2.391618e+01	7.678708e+01
2.650000e-06	3.412093e-06	1.215769e-09	2.417130e+01	7.751408e+01
2.660000e-06	3.447965e-06	1.219598e-09	2.442542e+01	7.821591e+01
2.670000e-06	3.483721e-06	1.221560e-09	2.467871e+01	7.889329e+01
2.680000e-06	3.519274e-06	1.227981e-09	2.493057e+01	7.954693e+01
2.690000e-06	3.554565e-06	1.238534e-09	2.518057e+01	8.017750e+01
2.700000e-06	3.589522e-06	1.248584e-09	2.542821e+01	8.078567e+01
2.710000e-06	3.623993e-06	1.260508e-09	2.567241e+01	8.137205e+01
2.720000e-06	3.657954e-06	1.273253e-09	2.591298e+01	8.193724e+01
2.730000e-06	3.691414e-06	1.285280e-09	2.615001e+01	8.248181e+01
2.740000e-06	3.724466e-06	1.294932e-09	2.638416e+01	8.300627e+01
2.750000e-06	3.757252e-06	1.299542e-09	2.661641e+01	8.351113e+01
2.760000e-06	3.789791e-06	1.303550e-09	2.684692e+01	8.399683e+01
2.770000e-06	3.822067e-06	1.307485e-09	2.707556e+01	8.446382e+01
2.780000e-06	3.854117e-06	1.313709e-09	2.730261e+01	8.491249e+01
2.790000e-06	3.886000e-06	1.320518e-09	2.752847e+01	8.534320e+01
2.800000e-06	3.917749e-06	1.324724e-09	2.775338e+01	8.575629e+01
2.810000e-06	3.949342e-06	1.328246e-09	2.797718e+01	8.615210e+01
2.820000e-06	3.980635e-06	1.333817e-09	2.819886e+01	8.653092e+01
2.830000e-06	4.011617e-06	1.339897e-09	2.841834e+01	8.689303e+01
2.840000e-06	4.042313e-06	1.343553e-09	2.863579e+01	8.723870e+01
2.850000e-06	4.072697e-06	1.347617e-09	2.885103e+01	8.756820e+01
2.860000e-06	4.102832e-06	1.352975e-09	2.906451e+01	8.788178e+01
2.870000e-06	4.132756e-06	1.355629e-09	2.927648e+01	8.817971e+01
2.880000e-06	4.162386e-06	1.357254e-09	2.948639e+01	8.846223e+01
2.890000e-06	4.191729e-06	1.357621e-09	2.969425e+01	8.872961e+01
2.900000e-06	4.220803e-06	1.358354e-09	2.990021e+01	8.898213e+01
2.910000e-06	4.249571e-06	1.362294e-09	3.010401e+01	8.922008e+01
2.920000e-06	4.278077e-06	1.366195e-09	3.030594e+01	8.944375e+01
2.930000e-06	4.306386e-06	1.369009e-09	3.050648e+01	8.965348e+01
2.940000e-06	4.334575e-06	1.369715e-09	3.070617e+01	8.984960e+01
2.950000e-06	4.362542e-06	1.368562e-09	3.090429e+01	9.003247e+01
2.960000e-06	4.390212e-06	1.368233e-09	3.110031e+01	9.020248e+01
2.970000e-06	4.417549e-06	1.370370e-09	3.129397e+01	9.036005e+01
2.980000e-06	4.444378e-06	1.372501e-09	3.148402e+01	9.050561e+01
2.990000e-06	4.470756e-06	1.373157e-09	3.167088e+01	9.063963e+01
3.000000e-06	4.496652e-06	1.373416e-09	3.185433e+01	9.076258e+01
3.010000e-06	4.521972e-06	1.374556e-09	3.203370e+01	9.087497e+01
3.020000e-06	4.546913e-06	1.376234e-09	3.221038e+01	9.097734e+01
3.030000e-06	4.571547e-06	1.377568e-09	3.238489e+01	9.107022e+01
3.040000e-06	4.595881e-06	1.376714e-09	3.255727e+01	9.115418e+01
3.050000e-06	4.619985e-06	1.378583e-09	3.272802e+01	9.122981e+01
3.060000e-06	4.643821e-06	1.383149e-09	3.289688e+01	9.129767e+01
3.070000e-06	4.667356e-06	1.384923e-09	3.306360e+01	9.135836e+01
3.080000e-06	4.690563e-06	1.383905e-09	3.322800e+01	9.141248e+01
3.090000e-06	4.713410e-06	1.384409e-09	3.338985e+01	9.146062e+01
3.100000e-06	4.735988e-06	1.384694e-09	3.354979e+01	9.150337e+01
3.110000e-06	4.758278e-06	1.381112e-09	3.370769e+01	9.154128e+01
3.120000e-06	4.780222e-06	1.376378e-09	3.386314e+01	9.157494e+01
3.130000e-06	4.801779e-06	1.377310e-09	3.401585e+01	9.160486e+01
3.140000e-06	4.823004e-06	1.382296e-09	3.416621e+01	9.163158e+01
3.150000e-06	4.843927e-06	1.387908e-09	3.431443e+01	9.165557e+01
3.160000e-06	4.864477e-06	1.391046e-09	3.446001e+01	9.167729e+01
3.170000e-06	4.884827e-06	1.391597e-09	3.460417e+01	9.169716e+01
3.180000e-06	4.905047e-06	1.392977e-09	3.474740e+01	9.171555e+01
3.190000e-06	4.925035e-06	1.392019e-09	3.488900e+01	9.173280e+01
3.200000e-06	4.944768e-06	1.387699e-09	3.502879e+01	9.174919e+01
3.210000e-06	4.964076e-06	1.385758e-09	3.516557e+01	9.176498e+01
3.220000e-06	4.983027e-06	1.390003e-09	3.529982e+01	9.178035e+01
3.230000e-06	5.001660e-06	1.396657e-09	3.543181e+01	9.179544e+01
3.240000e-06	5.019716e-06	1.402084e-09	3.555972e+01	9.181035e+01
3.250000e-06	5.037363e-06	1.403151e-09	3.568473e+01	9.182511e+01
3.260000e-06	5.054768e-06	1.402925e-09	3.580803e+01	9.183971e+01
3.270000e-06	5.071906e-06	1.404006e-09	3.592944e+01	9.185409e+01
3.280000e-06	5.088705e-06	1.400307e-09	3.604844e+01	9.186814e+01
3.290000e-06	5.105092e-06	1.396239e-09	3.616453e+01	9.188171e+01
3.300000e-06	5.121188e-06	1.395275e-09	3.627855e+01	9.189459e+01
3.310000e-06	5.136817e-06	1.397327e-09	3.638927e+01	9.190655e+01
3.320000e-06	5.151889e-06	1.400170e-09	3.649603e+01	9.191732e+01
3.330000e-06	5.166509e-06	1.401115e-09	3.659960e+01	9.192658e+01
3.340000e-06	5.180759e-06	1.401785e-09	3.670055e+01	9.193401e+01
3.350000e-06	5.194712e-06	1.402278e-09	3.679940e+01	9.193926e+01
3.360000e-06	5.208279e-06	1.402269e-09	3.689550e+01	9.194194e+01
3.370000e-06	5.221388e-06	1.398782e-09	3.698837e+01	9.194167e+01
3.380000e-06	5.234058e-06	1.394201e-09	3.707812e+01	9.193808e+01
3.390000e-06	5.246430e-06	1.391209e-09	3.716576e+01	9.193077e+01
3.400000e-06	5.258527e-06	1.390019e-09	3.725146e+01	9.191936e+01
3.410000e-06	5.270204e-06	1.389742e-09	3.733418e+01	9.190347e+01
3.420000e-06	5.281380e-06	1.389703e-09	3.741335e+01	9.188277e+01
3.430000e-06	5.292010e-06	1.390384e-09	3.748866e+01	9.185692e+01
3.440000e-06	5.302191e-06	1.392503e-09	3.756077e+01	9.182562e+01
3.450000e-06	5.311778e-06	1.393097e-09	3.762869e+01	9.178861e+01
3.460000e-06	5.320682e-06	1.391283e-09	3.769177e+01	9.174566e+01
3.470000e-06	5.329187e-06	1.390132e-09	3.775201e+01	9.169658e+01
3.480000e-06	5.337415e-06	1.388805e-09	3.781030e+01	9.164125e+01
3.490000e-06	5.345349e-06	1.386457e-09	3.786651e+01	9.157958e+01
3.500000e-06	5.352952e-06	1.385493e-09	3.792037e+01	9.151153e+01
3.510000e-06	5.360306e-06	1.385319e-09	3.797246e+01	9.143712e+01
3.520000e-06	5.367328e-06	1.384061e-09	3.802221e+01	9.135643e+01
3.530000e-06	5.373910e-06	1.382456e-09	3.806883e+01	9.126960e+01
3.540000e-06	5.380158e-06	1.382905e-09	3.811309e+01	9.117682e+01
3.550000e-06	5.386138e-06	1.384961e-09	3.815546e+01	9.107833e+01
3.560000e-06	5.391680e-06	1.386476e-09	3.819472e+01	9.097446e+01
3.570000e-06	5.396728e-06	1.387164e-09	3.823048e+01	9.086554e+01
3.580000e-06	5.401488e-06	1.387307e-09	3.826420e+01	9.075200e+01
3.590000e-06	5.405988e-06	1.385445e-09	3.829608e+01	9.063429e+01
3.600000e-06	5.410207e-06	1.381892e-09	3.832596e+01	9.051292e+01
3.610000e-06	5.414129e-06	1.377697e-09	3.835375e+01	9.038843e+01
3.620000e-06	5.417768e-06	1.375760e-09	3.837953e+01	9.026139e+01
3.630000e-06	5.421066e-06	1.376256e-09	3.840289e+01	9.013241e+01
3.640000e-06	5.423810e-06	1.377138e-09	3.842233e+01	9.000214e+01
3.650000e-06	5.425779e-06	1.378925e-09	3.843628e+01	8.987121e+01
3.660000e-06	5.427176e-06	1.383392e-09	3.844617e+01	8.974028e+01
3.670000e-06	5.428230e-06	1.389139e-09	3.845364e+01	8.961003e+01
3.680000e-06	5.428824e-06	1.389551e-09	3.845784e+01	8.948112e+01
3.690000e-06	5.429092e-06	1.383386e-09	3.845974e+01	8.935420e+01
3.700000e-06	5.429128e-06	1.376597e-09	3.846000e+01	8.922992e+01
3.710000e-06	5.428806e-06	1.372577e-09	3.845772e+01	8.910889e+01
3.720000e-06	5.428152e-06	1.370962e-09	3.845309e+01	8.899169e+01
3.730000e-06	5.427198e-06	1.370719e-09	3.844632e+01	8.887889e+01
3.740000e-06	5.425886e-06	1.369095e-09	3.843703e+01	8.877100e+01
3.750000e-06	5.424261e-06	1.362099e-09	3.842552e+01	8.866848e+01
3.760000e-06	5.422278e-06	1.338233e-09	3.841147e+01	8.857174e+01
3.770000e-06	5.419960e-06	1.297774e-09	3.839505e+01	8.848114e+01
3.780000e-06	5.417249e-06	1.310606e-09	3.837585e+01	8.839697e+01
3.790000e-06	5.414041e-06	1.415199e-09	3.835313e+01	8.831947e+01
3.800000e-06	5.410475e-06	1.450097e-09	3.832786e+01	8.824879e+01
3.810000e-06	5.406678e-06	1.305947e-09	3.830096e+01	8.818502e+01
3.820000e-06	5.402649e-06	1.242103e-09	3.827242e+01	8.812819e+01
3.830000e-06	5.398270e-06	1.354716e-09	3.824140e+01	8.807824e+01
3.840000e-06	5.393406e-06	1.407649e-09	3.820695e+01	8.803504e+01
3.850000e-06	5.388048e-06	1.237170e-09	3.816899e+01	8.799840e+01
3.860000e-06	5.382389e-06	1.157879e-09	3.812890e+01	8.796803e+01
3.870000e-06	5.376209e-06	1.402708e-09	3.808512e+01	8.794361e+01
3.880000e-06	5.369340e-06	1.510198e-09	3.803646e+01	8.792473e+01
3.890000e-06	5.362098e-06	1.282814e-09	3.798516e+01	8.791091e+01
3.900000e-06	5.354520e-06	1.176913e-09	3.793148e+01	8.790164e+01
3.910000e-06	5.346577e-06	1.407159e-09	3.787520e+01	8.789632e+01
3.920000e-06	5.338270e-06	1.409768e-09	3.781636e+01	8.789432e+01
3.930000e-06	5.329572e-06	1.129727e-09	3.775474e+01	8.789497e+01
3.940000e-06	5.320562e-06	1.161420e-09	3.769092e+01	8.789756e+01
3.950000e-06	5.311233e-06	1.466292e-09	3.762483e+01	8.790134e+01
3.960000e-06	5.301454e-06	1.403612e-09	3.755555e+01	8.790555e+01
3.970000e-06	5.291341e-06	1.129176e-09	3.748392e+01	8.790939e+01
3.980000e-06	5.280969e-06	1.252939e-09	3.741044e+01	8.791208e+01
3.990000e-06	5.270159e-06	1.470496e-09	3.733386e+01	8.791281e+01
4.000000e-06	5.258926e-06	1.302028e-09	3.725429e+01	8.791078e+01
4.010000e-06	5.247333e-06	1.160935e-09	3.717216e+01	8.790523e+01
4.020000e-06	5.235302e-06	1.400274e-09	3.708694e+01	8.789537e+01
4.030000e-06	5.222797e-06	1.501347e-09	3.699835e+01	8.788048e+01
4.040000e-06	5.209856e-06	1.269511e-09	3.690668e+01	8.785984e+01
4.050000e-06	5.196457e-06	1.233365e-09	3.681175e+01	8.783278e+01
4.060000e-06	5.182507e-06	1.409425e-09	3.671293e+01	8.779868e+01
4.070000e-06	5.168045e-06	1.363301e-09	3.661049e+01	8.775695e+01
4.080000e-06	5.153119e-06	1.243100e-09	3.650475e+01	8.770708e+01
4.090000e-06	5.137696e-06	1.312333e-09	3.639549e+01	8.764859e+01
4.100000e-06	5.121919e-06	1.369600e-09	3.628373e+01	8.758108e+01
4.110000e-06	5.105879e-06	1.311463e-09	3.617010e+01	8.750420e+01
4.120000e-06	5.089487e-06	1.335451e-09	3.605398e+01	8.741767e+01
4.130000e-06	5.072747e-06	1.331495e-09	3.593539e+01	8.732129e+01
4.140000e-06	5.055631e-06	1.240334e-09	3.581414e+01	8.721491e+01
4.150000e-06	5.038187e-06	1.256403e-09	3.569057e+01	8.709846e+01
4.160000e-06	5.020512e-06	1.345882e-09	3.556536e+01	8.697193e+01
4.170000e-06	5.002508e-06	1.307699e-09	3.543782e+01	8.683538e+01
4.180000e-06	4.984124e-06	1.254238e-09	3.530758e+01	8.668894e+01
4.190000e-06	4.965364e-06	1.300719e-09	3.517469e+01	8.653278e+01
4.200000e-06	4.946208e-06	1.330946e-09	3.503899e+01	8.636716e+01
4.210000e-06	4.926751e-06	1.290450e-09	3.490115e+01	8.619238e+01
4.220000e-06	4.907132e-06	1.247656e-09	3.476217e+01	8.600878e+01
4.230000e-06	4.887303e-06	1.236620e-09	3.462170e+01	8.581677e+01
4.240000e-06	4.867195e-06	1.270960e-09	3.447926e+01	8.561678e+01
4.250000e-06	4.846754e-06	1.296177e-09	3.433446e+01	8.540927e+01
4.260000e-06	4.825930e-06	1.257955e-09	3.418694e+01	8.519477e+01
4.270000e-06	4.804623e-06	1.243578e-09	3.403600e+01	8.497379e+01
4.280000e-06	4.782680e-06	1.280872e-09	3.388056e+01	8.474688e+01
4.290000e-06	4.760142e-06	1.274796e-09	3.372090e+01	8.451461e+01
4.300000e-06	4.737174e-06	1.230443e-09	3.355819e+01	8.427752e+01
4.310000e-06	4.713888e-06	1.219095e-09	3.339323e+01	8.403620e+01
4.320000e-06	4.690331e-06	1.222068e-09	3.322635e+01	8.379120e+01
4.330000e-06	4.666490e-06	1.234779e-09	3.305746e+01	8.354306e+01
4.340000e-06	4.642426e-06	1.240674e-09	3.288699e+01	8.329232e+01
4.350000e-06	4.618065e-06	1.207658e-09	3.271442e+01	8.303949e+01
4.360000e-06	4.593329e-06	1.189396e-09	3.253919e+01	8.278505e+01
4.370000e-06	4.568277e-06	1.223162e-09	3.236172e+01	8.252946e+01
4.380000e-06	4.542900e-06	1.222034e-09	3.218195e+01	8.227313e+01
4.390000e-06	4.517191e-06	1.178615e-09	3.199983e+01	8.201644e+01
4.400000e-06	4.491147e-06	1.168066e-09	3.181533e+01	8.175974e+01
4.410000e-06	4.464839e-06	1.193988e-09	3.162897e+01	8.150332e+01
4.420000e-06	4.438299e-06	1.197745e-09	3.144096e+01	8.124743e+01
4.430000e-06	4.411459e-06	1.176926e-09	3.125082e+01	8.099227e+01
4.440000e-06	4.384292e-06	1.158313e-09	3.105837e+01	8.073802e+01
4.450000e-06	4.356875e-06	1.167322e-09	3.086415e+01	8.048477e+01
4.460000e-06	4.329253e-06	1.181787e-09	3.066847e+01	8.023260e+01
4.470000e-06	4.301433e-06	1.169998e-09	3.047140e+01	7.998153e+01
4.480000e-06	4.273345e-06	1.151278e-09	3.027242e+01	7.973154e+01
4.490000e-06	4.244916e-06	1.159229e-09	3.007103e+01	7.948256e+01
4.500000e-06	4.216151e-06	1.173073e-09	2.986726e+01	7.923449e+01
4.510000e-06	4.186973e-06	1.168118e-09	2.966056e+01	7.898719e+01
4.520000e-06	4.157355e-06	1.153740e-09	2.945075e+01	7.874049e+01
4.530000e-06	4.127221e-06	1.149489e-09	2.923727e+01	7.849420e+01
4.540000e-06	4.096592e-06	1.157147e-09	2.902030e+01	7.824808e+01
4.550000e-06	4.065573e-06	1.158541e-09	2.880056e+01	7.800188e+01
4.560000e-06	4.034245e-06	1.144986e-09	2.857863e+01	7.775535e+01
4.570000e-06	4.002675e-06	1.134825e-09	2.835499e+01	7.750820e+01
4.580000e-06	3.970897e-06	1.143042e-09	2.812988e+01	7.726014e+01
4.590000e-06	3.938951e-06	1.152112e-09	2.790357e+01	7.701089e+01
4.600000e-06	3.906827e-06	1.144641e-09	2.767601e+01	7.676016e+01
4.610000e-06	3.874484e-06	1.130352e-09	2.744689e+01	7.650765e+01
4.620000e-06	3.841841e-06	1.127413e-09	2.721564e+01	7.625308e+01
4.630000e-06	3.808949e-06	1.127070e-09	2.698263e+01	7.599619e+01
4.640000e-06	3.775882e-06	1.114734e-09	2.674839e+01	7.573672e+01
4.650000e-06	3.742595e-06	1.098298e-09	2.651258e+01	7.547444e+01
4.660000e-06	3.709022e-06	1.099112e-09	2.627475e+01	7.520912e+01
4.670000e-06	3.675188e-06	1.110982e-09	2.603507e+01	7.494059e+01
4.680000e-06	3.641066e-06	1.116479e-09	2.579335e+01	7.466867e+01
4.690000e-06	3.606683e-06	1.107408e-09	2.554978e+01	7.439321e+01
4.700000e-06	3.572087e-06	1.098780e-09	2.530470e+01	7.411412e+01
4.710000e-06	3.537154e-06	1.096470e-09	2.505723e+01	7.383130e+01
4.720000e-06	3.501969e-06	1.089660e-09	2.480799e+01	7.354470e+01
4.730000e-06	3.466683e-06	1.074477e-09	2.455802e+01	7.325429e+01
4.740000e-06	3.431195e-06	1.065228e-09	2.430662e+01	7.296009e+01
4.750000e-06	3.395500e-06	1.068352e-09	2.405376e+01	7.266210e+01
4.760000e-06	3.359695e-06	1.074137e-09	2.380012e+01	7.236040e+01
4.770000e-06	3.323764e-06	1.069268e-09	2.354558e+01	7.205505e+01
4.780000e-06	3.287582e-06	1.060105e-09	2.328926e+01	7.174617e+01
4.790000e-06	3.251123e-06	1.055016e-09	2.303099e+01	7.143387e+01
4.800000e-06	3.214481e-06	1.052546e-09	2.277142e+01	7.111828e+01
4.810000e-06	3.177661e-06	1.046396e-09	2.251058e+01	7.079956e+01
4.820000e-06	3.140435e-06	1.037379e-09	2.224688e+01	7.047788e+01
4.830000e-06	3.102728e-06	1.032164e-09	2.197976e+01	7.015340e+01
4.840000e-06	3.064686e-06	1.030963e-09	2.171027e+01	6.982629e+01
4.850000e-06	3.026348e-06	1.026658e-09	2.143868e+01	6.949674e+01
4.860000e-06	2.987636e-06	1.016247e-09	2.116445e+01	6.916491e+01
4.870000e-06	2.948555e-06	1.007767e-09	2.088759e+01	6.883097e+01
4.880000e-06	2.909275e-06	1.008439e-09	2.060933e+01	6.849508e+01
4.890000e-06	2.869795e-06	1.010968e-09	2.032966e+01	6.815739e+01
4.900000e-06	2.830101e-06	1.005779e-09	2.004846e+01	6.781803e+01
4.910000e-06	2.790294e-06	9.995418e-10	1.976647e+01	6.747712e+01
4.920000e-06	2.750343e-06	9.987308e-10	1.948346e+01	6.713474e+01
4.930000e-06	2.710273e-06	9.995998e-10	1.919960e+01	6.679098e+01
4.940000e-06	2.670126e-06	9.916307e-10	1.891520e+01	6.644588e+01
4.950000e-06	2.629778e-06	9.827738e-10	1.862938e+01	6.609946e+01
4.960000e-06	2.589221e-06	9.795217e-10	1.834207e+01	6.575173e+01
4.970000e-06	2.548588e-06	9.804287e-10	1.805422e+01	6.540264e+01
4.980000e-06	2.507813e-06	9.781697e-10	1.776538e+01	6.505215e+01
4.990000e-06	2.466809e-06	9.728677e-10	1.747490e+01	6.470016e+01
5.000000e-06	2.425653e-06	9.712083e-10	1.718335e+01	6.434657e+01
5.010000e-06	2.384368e-06	9.713656e-10	1.689089e+01	6.399122e+01
5.020000e-06	2.342931e-06	9.636728e-10	1.659735e+01	6.363395e+01
5.030000e-06	2.301310e-06	9.504722e-10	1.630251e+01	6.327456e+01
5.040000e-06	2.259459e-06	9.416116e-10	1.600603e+01	6.291284e+01
5.050000e-06	2.217503e-06	9.386502e-10	1.570881e+01	6.254854e+01
5.060000e-06	2.175375e-06	9.366353e-10	1.541038e+01	6.218141e+01
5.070000e-06	2.133126e-06	9.349735e-10	1.511109e+01	6.181116e+01
5.080000e-06	2.090806e-06	9.315485e-10	1.481129e+01	6.143750e+01
5.090000e-06	2.048243e-06	9.273627e-10	1.450977e+01	6.106012e+01
5.100000e-06	2.005481e-06	9.226353e-10	1.420685e+01	6.067870e+01
5.110000e-06	1.962602e-06	9.155331e-10	1.390309e+01	6.029291e+01
5.120000e-06	1.919563e-06	9.078649e-10	1.359821e+01	5.990241e+01
5.130000e-06	1.876308e-06	9.015934e-10	1.329178e+01	5.950686e+01
5.140000e-06	1.832925e-06	8.989206e-10	1.298446e+01	5.910593e+01
5.150000e-06	1.789481e-06	8.957716e-10	1.267670e+01	5.869926e+01
5.160000e-06	1.745958e-06	8.907873e-10	1.236838e+01	5.828652e+01
5.170000e-06	1.702418e-06	8.841641e-10	1.205995e+01	5.786737e+01
5.180000e-06	1.658763e-06	8.778977e-10	1.175069e+01	5.744149e+01
5.190000e-06	1.614938e-06	8.721614e-10	1.144024e+01	5.700854e+01
5.200000e-06	1.571093e-06	8.642202e-10	1.112964e+01	5.656822e+01
5.210000e-06	1.527238e-06	8.573003e-10	1.081897e+01	5.612020e+01
5.220000e-06	1.483298e-06	8.512098e-10	1.050770e+01	5.566420e+01
5.230000e-06	1.439253e-06	8.436556e-10	1.019568e+01	5.519992e+01
5.240000e-06	1.395149e-06	8.351634e-10	9.883247e+00	5.472707e+01
5.250000e-06	1.351041e-06	8.256790e-10	9.570790e+00	5.424538e+01
5.260000e-06	1.306969e-06	8.198705e-10	9.258581e+00	5.375457e+01
5.270000e-06	1.262795e-06	8.166089e-10	8.945654e+00	5.325439e+01
5.280000e-06	1.218543e-06	8.092632e-10	8.632169e+00	5.274455e+01
5.290000e-06	1.174238e-06	7.968878e-10	8.318317e+00	5.222481e+01
5.300000e-06	1.129788e-06	7.881098e-10	8.003427e+00	5.169490e+01
5.310000e-06	1.085260e-06	7.821800e-10	7.687991e+00	5.115455e+01
5.320000e-06	1.040635e-06	7.741400e-10	7.371870e+00	5.060349e+01
5.330000e-06	9.959177e-07	7.629425e-10	7.055092e+00	5.004143e+01
5.340000e-06	9.511498e-07	7.542209e-10	6.737955e+00	4.946808e+01
5.350000e-06	9.063500e-07	7.480270e-10	6.420593e+00	4.888313e+01
5.360000e-06	8.615064e-07	7.413928e-10	6.102921e+00	4.828627e+01
5.370000e-06	8.164916e-07	7.307443e-10	5.784035e+00	4.767714e+01
5.380000e-06	7.714251e-07	7.212849e-10	5.464784e+00	4.705538e+01
5.390000e-06	7.263477e-07	7.166707e-10	5.145455e+00	4.642059e+01
5.400000e-06	6.810902e-07	7.090601e-10	4.824850e+00	4.577237e+01
5.410000e-06	6.357540e-07	6.983956e-10	4.503688e+00	4.511026e+01
5.420000e-06	5.904116e-07	6.855371e-10	4.182482e+00	4.443380e+01
5.430000e-06	5.450922e-07	6.735676e-10	3.861439e+00	4.374247e+01
5.440000e-06	4.997413e-07	6.621542e-10	3.540172e+00	4.303574e+01
5.450000e-06	4.542829e-07	6.499659e-10	3.218145e+00	4.231303e+01
5.460000e-06	4.087405e-07	6.370210e-10	2.895522e+00	4.157375e+01
5.470000e-06	3.631083e-07	6.247477e-10	2.572263e+00	4.081727e+01
5.480000e-06	3.174930e-07	6.156798e-10	2.249124e+00	4.004291e+01
5.490000e-06	2.718738e-07	6.062521e-10	1.925957e+00	3.925000e+01
5.500000e-06	2.261406e-07	5.926566e-10	1.601982e+00	3.843782e+01
5.510000e-06	1.803991e-07	5.770014e-10	1.277949e+00	3.760563e+01
5.520000e-06	1.347239e-07	5.628941e-10	9.543857e-01	3.675268e+01
5.530000e-06	8.913496e-08	5.519901e-10	6.314330e-01	3.587819e+01
5.540000e-06	4.361530e-08	5.400296e-10	3.089713e-01	3.498138e+01
5.550000e-06	-1.951760e-09	5.247002e-10	-1.382629e-02	3.406148e+01
5.560000e-06	-4.749871e-08	5.089864e-10	-3.364814e-01	3.311769e+01
5.570000e-06	-9.297850e-08	4.950715e-10	-6.586606e-01	3.214924e+01
5.580000e-06	-1.384621e-07	4.821374e-10	-9.808672e-01	3.115536e+01
5.590000e-06	-1.841000e-07	4.668071e-10	-1.304166e+00	3.013531e+01
5.600000e-06	-2.298327e-07	4.486881e-10	-1.628137e+00	2.908838e+01
5.610000e-06	-2.754876e-07	4.313937e-10	-1.951557e+00	2.801388e+01
5.620000e-06	-3.210382e-07	4.164704e-10	-2.274238e+00	2.691117e+01
5.630000e-06	-3.664522e-07	3.992101e-10	-2.595951e+00	2.577966e+01
5.640000e-06	-4.118943e-07	3.788330e-10	-2.917863e+00	2.461882e+01
5.650000e-06	-4.573918e-07	3.594695e-10	-3.240168e+00	2.342819e+01
5.660000e-06	-5.027422e-07	3.424907e-10	-3.561431e+00	2.220735e+01
5.670000e-06	-5.480778e-07	3.246976e-10	-3.882589e+00	2.095599e+01
5.680000e-06	-5.934250e-07	3.041902e-10	-4.203829e+00	1.967390e+01
5.690000e-06	-6.386317e-07	2.818433e-10	-4.524074e+00	1.836091e+01
5.700000e-06	-6.837727e-07	2.588619e-10	-4.843853e+00	1.701700e+01
5.710000e-06	-7.289272e-07	2.356269e-10	-5.163728e+00	1.564222e+01
5.720000e-06	-7.740120e-07	2.136641e-10	-5.483109e+00	1.423675e+01
5.730000e-06	-8.189111e-07	1.923669e-10	-5.801174e+00	1.280087e+01
5.740000e-06	-8.637125e-07	1.715848e-10	-6.118548e+00	1.133498e+01
5.750000e-06	-9.084993e-07	1.538832e-10	-6.435819e+00	9.839605e+00
5.760000e-06	-9.532134e-07	1.349787e-10	-6.752574e+00	8.315386e+00
5.770000e-06	-9.977601e-07	1.114365e-10	-7.068143e+00	6.763086e+00
5.780000e-06	-1.042194e-06	8.533088e-11	-7.382915e+00	5.183593e+00
5.790000e-06	-1.086552e-06	5.835109e-11	-7.697146e+00	3.577917e+00
5.800000e-06	-1.130918e-06	3.066395e-11	-8.011438e+00	1.947186e+00
5.810000e-06	-1.175273e-06	2.806910e-12	-8.325648e+00	2.926509e-01
5.820000e-06	-1.219451e-06	-2.314645e-11	-8.638604e+00	-1.384326e+00
5.830000e-06	-1.263551e-06	-4.412191e-11	-8.951006e+00	-3.082271e+00
5.840000e-06	-1.307622e-06	-6.257066e-11	-9.263206e+00	-4.799603e+00
5.850000e-06	-1.351642e-06	-8.440255e-11	-9.575047e+00	-6.534643e+00
5.860000e-06	-1.395621e-06	-1.097250e-10	-9.886595e+00	-8.285618e+00
5.870000e-06	-1.439509e-06	-1.376145e-10	-1.019750e+01	-1.005067e+01
5.880000e-06	-1.483399e-06	-1.664471e-10	-1.050841e+01	-1.182787e+01
5.890000e-06	-1.527268e-06	-1.946321e-10	-1.081918e+01	-1.361520e+01
5.900000e-06	-1.571025e-06	-2.225514e-10	-1.112916e+01	-1.541061e+01
5.910000e-06	-1.614741e-06	-2.495922e-10	-1.143884e+01	-1.721198e+01
5.920000e-06	-1.658418e-06	-2.753403e-10	-1.174825e+01	-1.901716e+01
5.930000e-06	-1.702015e-06	-2.997314e-10	-1.205709e+01	-2.082398e+01
5.940000e-06	-1.745521e-06	-3.242245e-10	-1.236529e+01	-2.263023e+01
5.950000e-06	-1.788920e-06	-3.513165e-10	-1.267273e+01	-2.443371e+01
5.960000e-06	-1.832154e-06	-3.791818e-10	-1.297900e+01	-2.623223e+01
5.970000e-06	-1.875272e-06	-4.042402e-10	-1.328444e+01	-2.802360e+01
5.980000e-06	-1.918246e-06	-4.309283e-10	-1.358887e+01	-2.980567e+01
5.990000e-06	-1.961041e-06	-4.623288e-10	-1.389203e+01	-3.157632e+01
6.000000e-06	-2.003751e-06	-4.939521e-10	-1.419459e+01	-3.333347e+01
6.010000e-06	-2.046290e-06	-5.232101e-10	-1.449594e+01	-3.507513e+01
6.020000e-06	-2.088630e-06	-5.510305e-10	-1.479587e+01	-3.679933e+01
6.030000e-06	-2.130835e-06	-5.770598e-10	-1.509486e+01	-3.850421e+01
6.040000e-06	-2.172916e-06	-5.996623e-10	-1.539296e+01	-4.018800e+01
6.050000e-06	-2.214891e-06	-6.197183e-10	-1.569031e+01	-4.184899e+01
6.060000e-06	-2.256722e-06	-6.408228e-10	-1.598664e+01	-4.348560e+01
6.070000e-06	-2.298384e-06	-6.678134e-10	-1.628178e+01	-4.509634e+01
6.080000e-06	-2.339894e-06	-6.977595e-10	-1.657583e+01	-4.667984e+01
6.090000e-06	-2.381227e-06	-7.237475e-10	-1.686864e+01	-4.823484e+01
6.100000e-06	-2.422334e-06	-7.463133e-10	-1.715984e+01	-4.976019e+01
6.110000e-06	-2.463228e-06	-7.692206e-10	-1.744953e+01	-5.125488e+01
6.120000e-06	-2.504025e-06	-7.917003e-10	-1.773854e+01	-5.271801e+01
6.130000e-06	-2.544656e-06	-8.105777e-10	-1.802637e+01	-5.414881e+01
6.140000e-06	-2.585103e-06	-8.268013e-10	-1.831290e+01	-5.554662e+01
6.150000e-06	-2.625350e-06	-8.439806e-10	-1.859801e+01	-5.691093e+01
6.160000e-06	-2.665368e-06	-8.662424e-10	-1.888149e+01	-5.824132e+01
6.170000e-06	-2.705295e-06	-8.898871e-10	-1.916434e+01	-5.953750e+01
6.180000e-06	-2.745161e-06	-9.091119e-10	-1.944675e+01	-6.079931e+01
6.190000e-06	-2.784949e-06	-9.264663e-10	-1.972861e+01	-6.202666e+01
6.200000e-06	-2.824627e-06	-9.448452e-10	-2.000969e+01	-6.321960e+01
6.210000e-06	-2.864164e-06	-9.634139e-10	-2.028977e+01	-6.437827e+01
6.220000e-06	-2.903612e-06	-9.784927e-10	-2.056921e+01	-6.550290e+01
6.230000e-06	-2.942894e-06	-9.881881e-10	-2.084749e+01	-6.659379e+01
6.240000e-06	-2.981852e-06	-9.990818e-10	-2.112347e+01	-6.765135e+01
6.250000e-06	-3.020432e-06	-1.017683e-09	-2.139677e+01	-6.867603e+01
6.260000e-06	-3.058746e-06	-1.039277e-09	-2.166819e+01	-6.966836e+01
6.270000e-06	-3.096774e-06	-1.056726e-09	-2.193758e+01	-7.062893e+01
6.280000e-06	-3.134223e-06	-1.069993e-09	-2.220287e+01	-7.155837e+01
6.290000e-06	-3.171182e-06	-1.084304e-09	-2.246469e+01	-7.245734e+01
6.300000e-06	-3.207891e-06	-1.099720e-09	-2.272473e+01	-7.332654e+01
6.310000e-06	-3.244357e-06	-1.110835e-09	-2.298306e+01	-7.416670e+01
6.320000e-06	-3.280566e-06	-1.118691e-09	-2.323957e+01	-7.497857e+01
6.330000e-06	-3.316584e-06	-1.128876e-09	-2.349471e+01	-7.576289e+01
6.340000e-06	-3.352507e-06	-1.144160e-09	-2.374919e+01	-7.652043e+01
6.350000e-06	-3.388305e-06	-1.160586e-09	-2.400279e+01	-7.725192e+01
6.360000e-06	-3.423913e-06	-1.172863e-09	-2.425504e+01	-7.795811e+01
6.370000e-06	-3.459359e-06	-1.181807e-09	-2.450614e+01	-7.863974e+01
6.380000e-06	-3.494582e-06	-1.191287e-09	-2.475566e+01	-7.929750e+01
6.390000e-06	-3.529502e-06	-1.200337e-09	-2.500303e+01	-7.993210e+01
6.400000e-06	-3.564101e-06	-1.207426e-09	-2.524813e+01	-8.054417e+01
6.410000e-06	-3.598510e-06	-1.214553e-09	-2.549188e+01	-8.113436e+01
6.420000e-06	-3.632720e-06	-1.223343e-09	-2.573423e+01	-8.170327e+01
6.430000e-06	-3.666667e-06	-1.233504e-09	-2.597471e+01	-8.225146e+01
6.440000e-06	-3.700367e-06	-1.241934e-09	-2.621344e+01	-8.277946e+01
6.450000e-06	-3.733802e-06	-1.246942e-09	-2.645029e+01	-8.328777e+01
6.460000e-06	-3.767017e-06	-1.250461e-09	-2.668559e+01	-8.377686e+01
6.470000e-06	-3.799926e-06	-1.256043e-09	-2.691871e+01	-8.424716e+01
6.480000e-06	-3.832547e-06	-1.265304e-09	-2.714980e+01	-8.469907e+01
6.490000e-06	-3.864895e-06	-1.274758e-09	-2.737895e+01	-8.513297e+01
6.500000e-06	-3.896949e-06	-1.283816e-09	-2.760602e+01	-8.554920e+01
6.510000e-06	-3.928870e-06	-1.294434e-09	-2.783216e+01	-8.594809e+01
6.520000e-06	-3.960683e-06	-1.304679e-09	-2.805752e+01	-8.632994e+01
6.530000e-06	-3.992257e-06	-1.309897e-09	-2.828119e+01	-8.669503e+01
6.540000e-06	-4.023514e-06	-1.309630e-09	-2.850261e+01	-8.704365e+01
6.550000e-06	-4.054497e-06	-1.307456e-09	-2.872210e+01	-8.737605e+01
6.560000e-06	-4.085096e-06	-1.308013e-09	-2.893887e+01	-8.769248e+01
6.570000e-06	-4.115221e-06	-1.314815e-09	-2.915227e+01	-8.799322e+01
6.580000e-06	-4.144873e-06	-1.325143e-09	-2.936233e+01	-8.827851e+01
6.590000e-06	-4.173995e-06	-1.336067e-09	-2.956863e+01	-8.854862e+01
6.600000e-06	-4.202668e-06	-1.344513e-09	-2.977174e+01	-8.880382e+01
6.610000e-06	-4.230996e-06	-1.349521e-09	-2.997242e+01	-8.904440e+01
6.620000e-06	-4.259112e-06	-1.349910e-09	-3.017159e+01	-8.927065e+01
6.630000e-06	-4.287057e-06	-1.346067e-09	-3.036956e+01	-8.948290e+01
6.640000e-06	-4.314831e-06	-1.343021e-09	-3.056631e+01	-8.968148e+01
6.650000e-06	-4.342413e-06	-1.342629e-09	-3.076170e+01	-8.986675e+01
6.660000e-06	-4.369744e-06	-1.346161e-09	-3.095531e+01	-9.003910e+01
6.670000e-06	-4.396805e-06	-1.353317e-09	-3.114701e+01	-9.019893e+01
6.680000e-06	-4.423466e-06	-1.362312e-09	-3.133588e+01	-9.034669e+01
6.690000e-06	-4.449774e-06	-1.368868e-09	-3.152224e+01	-9.048281e+01
6.700000e-06	-4.475826e-06	-1.370635e-09	-3.170679e+01	-9.060779e+01
6.710000e-06	-4.501515e-06	-1.368333e-09	-3.188878e+01	-9.072213e+01
6.720000e-06	-4.526789e-06	-1.364265e-09	-3.206782e+01	-9.082635e+01
6.730000e-06	-4.551733e-06	-1.362290e-09	-3.224452e+01	-9.092100e+01
6.740000e-06	-4.576435e-06	-1.362593e-09	-3.241952e+01	-9.100663e+01
6.750000e-06	-4.600807e-06	-1.364843e-09	-3.259216e+01	-9.108382e+01
6.760000e-06	-4.624944e-06	-1.368282e-09	-3.276315e+01	-9.115316e+01
6.770000e-06	-4.648924e-06	-1.373444e-09	-3.293303e+01	-9.121523e+01
6.780000e-06	-4.672721e-06	-1.379657e-09	-3.310161e+01	-9.127062e+01
6.790000e-06	-4.696320e-06	-1.383801e-09	-3.326878e+01	-9.131994e+01
6.800000e-06	-4.719608e-06	-1.384855e-09	-3.343375e+01	-9.136376e+01
6.810000e-06	-4.742449e-06	-1.381938e-09	-3.359556e+01	-9.140267e+01
6.820000e-06	-4.764797e-06	-1.377705e-09	-3.375387e+01	-9.143721e+01
6.830000e-06	-4.786666e-06	-1.375056e-09	-3.390879e+01	-9.146795e+01
6.840000e-06	-4.807949e-06	-1.374536e-09	-3.405956e+01	-9.149538e+01
6.850000e-06	-4.828633e-06	-1.376251e-09	-3.420608e+01	-9.152002e+01
6.860000e-06	-4.848900e-06	-1.380149e-09	-3.434966e+01	-9.154231e+01
6.870000e-06	-4.868944e-06	-1.385354e-09	-3.449165e+01	-9.156267e+01
6.880000e-06	-4.888829e-06	-1.388742e-09	-3.463252e+01	-9.158151e+01
6.890000e-06	-4.908476e-06	-1.389582e-09	-3.477169e+01	-9.159914e+01
6.900000e-06	-4.927769e-06	-1.388630e-09	-3.490837e+01	-9.161589e+01
6.910000e-06	-4.946693e-06	-1.387881e-09	-3.504243e+01	-9.163198e+01
6.920000e-06	-4.965274e-06	-1.389090e-09	-3.517405e+01	-9.164763e+01
6.930000e-06	-4.983590e-06	-1.391480e-09	-3.530381e+01	-9.166298e+01
6.940000e-06	-5.001678e-06	-1.394407e-09	-3.543194e+01	-9.167813e+01
6.950000e-06	-5.019401e-06	-1.396494e-09	-3.555749e+01	-9.169314e+01
6.960000e-06	-5.036692e-06	-1.397085e-09	-3.567998e+01	-9.170799e+01
6.970000e-06	-5.053666e-06	-1.398472e-09	-3.580022e+01	-9.172263e+01
6.980000e-06	-5.070359e-06	-1.400460e-09	-3.591848e+01	-9.173697e+01
6.990000e-06	-5.086726e-06	-1.400631e-09	-3.603442e+01	-9.175085e+01
7.000000e-06	-5.102745e-06	-1.400653e-09	-3.614790e+01	-9.176409e+01
7.010000e-06	-5.118539e-06	-1.401359e-09	-3.625978e+01	-9.177644e+01
7.020000e-06	-5.134121e-06	-1.401597e-09	-3.637017e+01	-9.178765e+01
7.030000e-06	-5.149219e-06	-1.400025e-09	-3.647712e+01	-9.179740e+01
7.040000e-06	-5.163695e-06	-1.396791e-09	-3.657967e+01	-9.180539e+01
7.050000e-06	-5.177539e-06	-1.393304e-09	-3.667774e+01	-9.181124e+01
7.060000e-06	-5.190830e-06	-1.392606e-09	-3.677189e+01	-9.181459e+01
7.070000e-06	-5.203671e-06	-1.393479e-09	-3.686286e+01	-9.181507e+01
7.080000e-06	-5.216114e-06	-1.392660e-09	-3.695100e+01	-9.181228e+01
7.090000e-06	-5.228213e-06	-1.393297e-09	-3.703672e+01	-9.180583e+01
7.100000e-06	-5.239939e-06	-1.396572e-09	-3.711979e+01	-9.179535e+01
7.110000e-06	-5.251223e-06	-1.397669e-09	-3.719972e+01	-9.178046e+01
7.120000e-06	-5.262064e-06	-1.392819e-09	-3.727652e+01	-9.176080e+01
7.130000e-06	-5.272553e-06	-1.387417e-09	-3.735082e+01	-9.173605e+01
7.140000e-06	-5.282729e-06	-1.385449e-09	-3.742291e+01	-9.170590e+01
7.150000e-06	-5.292548e-06	-1.384451e-09	-3.749246e+01	-9.167008e+01
7.160000e-06	-5.302017e-06	-1.381604e-09	-3.755954e+01	-9.162835e+01
7.170000e-06	-5.311141e-06	-1.378393e-09	-3.762418e+01	-9.158053e+01
7.180000e-06	-5.319841e-06	-1.377810e-09	-3.768581e+01	-9.152647e+01
7.190000e-06	-5.328146e-06	-1.379232e-09	-3.774464e+01	-9.146608e+01
7.200000e-06	-5.336247e-06	-1.380053e-09	-3.780203e+01	-9.139931e+01
7.210000e-06	-5.344207e-06	-1.379169e-09	-3.785842e+01	-9.132618e+01
7.220000e-06	-5.351868e-06	-1.376379e-09	-3.791269e+01	-9.124675e+01
7.230000e-06	-5.359138e-06	-1.373018e-09	-3.796419e+01	-9.116115e+01
7.240000e-06	-5.365929e-06	-1.368280e-09	-3.801229e+01	-9.106957e+01
7.250000e-06	-5.372231e-06	-1.364176e-09	-3.805694e+01	-9.097224e+01
7.260000e-06	-5.378051e-06	-1.362864e-09	-3.809817e+01	-9.086946e+01
7.270000e-06	-5.383277e-06	-1.366661e-09	-3.813519e+01	-9.076157e+01
7.280000e-06	-5.388008e-06	-1.369720e-09	-3.816870e+01	-9.064899e+01
7.290000e-06	-5.392374e-06	-1.368430e-09	-3.819964e+01	-9.053217e+01
7.300000e-06	-5.396408e-06	-1.362720e-09	-3.822821e+01	-9.041159e+01
7.310000e-06	-5.400143e-06	-1.354747e-09	-3.825467e+01	-9.028780e+01
7.320000e-06	-5.403533e-06	-1.348203e-09	-3.827868e+01	-9.016136e+01
7.330000e-06	-5.406567e-06	-1.342554e-09	-3.830018e+01	-9.003289e+01
7.340000e-06	-5.409260e-06	-1.341560e-09	-3.831925e+01	-8.990301e+01
7.350000e-06	-5.411610e-06	-1.345829e-09	-3.833590e+01	-8.977236e+01
7.360000e-06	-5.413619e-06	-1.349468e-09	-3.835013e+01	-8.964161e+01
7.370000e-06	-5.415363e-06	-1.348580e-09	-3.836248e+01	-8.951142e+01
7.380000e-06	-5.416773e-06	-1.344193e-09	-3.837248e+01	-8.938246e+01
7.390000e-06	-5.417699e-06	-1.338809e-09	-3.837904e+01	-8.925539e+01
7.400000e-06	-5.418335e-06	-1.335708e-09	-3.838354e+01	-8.913084e+01
