# Temperatura_=_-1.6
# Concentracion g/m^3_=_4090.0
# C_Vs_to_Am_M_A/Vsm_=_65563218390.804596
# pendiente_HvsI_1/m_=_3716.3
# ordenada_HvsI_A/m_=_1297.0
# frecuencia_Hz_=_135067.89189737965

Tiempo_(s)	Campo_(V.s)	Magnetizacion_(V.s)	Campo_(kA/m)	Magnetizacion_(A/m)
0.000000e+00	-5.431983e-06	-2.094020e-09	-3.839658e+01	-1.384750e+02
1.000000e-08	-5.432207e-06	-2.091497e-09	-3.839817e+01	-1.383688e+02
2.000000e-08	-5.432174e-06	-2.087573e-09	-3.839794e+01	-1.382694e+02
3.000000e-08	-5.431961e-06	-2.082968e-09	-3.839643e+01	-1.381776e+02
4.000000e-08	-5.431430e-06	-2.079869e-09	-3.839268e+01	-1.380940e+02
5.000000e-08	-5.430359e-06	-2.088549e-09	-3.838510e+01	-1.380190e+02
6.000000e-08	-5.428680e-06	-2.105722e-09	-3.837323e+01	-1.379532e+02
7.000000e-08	-5.426404e-06	-2.104269e-09	-3.835715e+01	-1.378969e+02
8.000000e-08	-5.423538e-06	-2.072988e-09	-3.833689e+01	-1.378504e+02
9.000000e-08	-5.420170e-06	-2.059006e-09	-3.831308e+01	-1.378139e+02
1.000000e-07	-5.416308e-06	-2.059564e-09	-3.828578e+01	-1.377875e+02
1.100000e-07	-5.412048e-06	-2.084663e-09	-3.825567e+01	-1.377714e+02
1.200000e-07	-5.407639e-06	-2.116288e-09	-3.822450e+01	-1.377653e+02
1.300000e-07	-5.403044e-06	-2.072679e-09	-3.819203e+01	-1.377691e+02
1.400000e-07	-5.398087e-06	-2.071722e-09	-3.815699e+01	-1.377826e+02
1.500000e-07	-5.392731e-06	-2.083973e-09	-3.811913e+01	-1.378054e+02
1.600000e-07	-5.387004e-06	-2.129395e-09	-3.807865e+01	-1.378371e+02
1.700000e-07	-5.380870e-06	-2.090051e-09	-3.803528e+01	-1.378771e+02
1.800000e-07	-5.374202e-06	-1.997647e-09	-3.798815e+01	-1.379248e+02
1.900000e-07	-5.367160e-06	-2.034578e-09	-3.793837e+01	-1.379795e+02
2.000000e-07	-5.359896e-06	-2.102464e-09	-3.788703e+01	-1.380404e+02
2.100000e-07	-5.352422e-06	-2.130887e-09	-3.783420e+01	-1.381066e+02
2.200000e-07	-5.344638e-06	-2.060510e-09	-3.777918e+01	-1.381772e+02
2.300000e-07	-5.336502e-06	-2.113851e-09	-3.772167e+01	-1.382513e+02
2.400000e-07	-5.328133e-06	-2.167201e-09	-3.766251e+01	-1.383277e+02
2.500000e-07	-5.319356e-06	-2.153879e-09	-3.760047e+01	-1.384055e+02
2.600000e-07	-5.309897e-06	-2.096566e-09	-3.753361e+01	-1.384834e+02
2.700000e-07	-5.299781e-06	-2.155659e-09	-3.746210e+01	-1.385605e+02
2.800000e-07	-5.289083e-06	-2.190406e-09	-3.738648e+01	-1.386354e+02
2.900000e-07	-5.277876e-06	-2.148986e-09	-3.730726e+01	-1.387072e+02
3.000000e-07	-5.266268e-06	-2.132083e-09	-3.722521e+01	-1.387746e+02
3.100000e-07	-5.254310e-06	-2.186626e-09	-3.714068e+01	-1.388365e+02
3.200000e-07	-5.241987e-06	-2.176514e-09	-3.705358e+01	-1.388919e+02
3.300000e-07	-5.229262e-06	-2.119856e-09	-3.696363e+01	-1.389395e+02
3.400000e-07	-5.216142e-06	-2.150656e-09	-3.687089e+01	-1.389785e+02
3.500000e-07	-5.202641e-06	-2.181845e-09	-3.677545e+01	-1.390078e+02
3.600000e-07	-5.188730e-06	-2.155296e-09	-3.667712e+01	-1.390265e+02
3.700000e-07	-5.174460e-06	-2.135367e-09	-3.657626e+01	-1.390338e+02
3.800000e-07	-5.159709e-06	-2.165320e-09	-3.647199e+01	-1.390289e+02
3.900000e-07	-5.144316e-06	-2.138882e-09	-3.636318e+01	-1.390111e+02
4.000000e-07	-5.128332e-06	-2.118917e-09	-3.625019e+01	-1.389797e+02
4.100000e-07	-5.111901e-06	-2.141138e-09	-3.613405e+01	-1.389343e+02
4.200000e-07	-5.095169e-06	-2.150148e-09	-3.601578e+01	-1.388744e+02
4.300000e-07	-5.078037e-06	-2.115300e-09	-3.589467e+01	-1.387997e+02
4.400000e-07	-5.060553e-06	-2.144062e-09	-3.577109e+01	-1.387099e+02
4.500000e-07	-5.042790e-06	-2.153971e-09	-3.564553e+01	-1.386050e+02
4.600000e-07	-5.024777e-06	-2.123995e-09	-3.551820e+01	-1.384848e+02
4.700000e-07	-5.006447e-06	-2.099279e-09	-3.538863e+01	-1.383495e+02
4.800000e-07	-4.987685e-06	-2.127164e-09	-3.525602e+01	-1.381991e+02
4.900000e-07	-4.968590e-06	-2.111769e-09	-3.512104e+01	-1.380340e+02
5.000000e-07	-4.949161e-06	-2.103662e-09	-3.498370e+01	-1.378545e+02
5.100000e-07	-4.929433e-06	-2.102584e-09	-3.484425e+01	-1.376610e+02
5.200000e-07	-4.909465e-06	-2.112026e-09	-3.470310e+01	-1.374540e+02
5.300000e-07	-4.889234e-06	-2.107797e-09	-3.456010e+01	-1.372341e+02
5.400000e-07	-4.868746e-06	-2.114224e-09	-3.441528e+01	-1.370019e+02
5.500000e-07	-4.847901e-06	-2.091828e-09	-3.426793e+01	-1.367582e+02
5.600000e-07	-4.826737e-06	-2.083217e-09	-3.411833e+01	-1.365036e+02
5.700000e-07	-4.805273e-06	-2.085995e-09	-3.396661e+01	-1.362390e+02
5.800000e-07	-4.783542e-06	-2.083024e-09	-3.381301e+01	-1.359653e+02
5.900000e-07	-4.761537e-06	-2.066500e-09	-3.365746e+01	-1.356832e+02
6.000000e-07	-4.739127e-06	-2.070604e-09	-3.349906e+01	-1.353936e+02
6.100000e-07	-4.716352e-06	-2.078096e-09	-3.333806e+01	-1.350975e+02
6.200000e-07	-4.693211e-06	-2.076907e-09	-3.317449e+01	-1.347958e+02
6.300000e-07	-4.669702e-06	-2.069945e-09	-3.300831e+01	-1.344892e+02
6.400000e-07	-4.645920e-06	-2.054816e-09	-3.284021e+01	-1.341787e+02
6.500000e-07	-4.621988e-06	-2.050842e-09	-3.267104e+01	-1.338651e+02
6.600000e-07	-4.597892e-06	-2.054531e-09	-3.250072e+01	-1.335492e+02
6.700000e-07	-4.573439e-06	-2.051255e-09	-3.232787e+01	-1.332317e+02
6.800000e-07	-4.548502e-06	-2.038749e-09	-3.215160e+01	-1.329135e+02
6.900000e-07	-4.523130e-06	-2.045208e-09	-3.197225e+01	-1.325950e+02
7.000000e-07	-4.497229e-06	-2.047463e-09	-3.178917e+01	-1.322770e+02
7.100000e-07	-4.470743e-06	-2.041157e-09	-3.160195e+01	-1.319600e+02
7.200000e-07	-4.443806e-06	-2.022679e-09	-3.141154e+01	-1.316445e+02
7.300000e-07	-4.416543e-06	-2.019870e-09	-3.121883e+01	-1.313308e+02
7.400000e-07	-4.389034e-06	-2.020380e-09	-3.102438e+01	-1.310192e+02
7.500000e-07	-4.361329e-06	-2.027289e-09	-3.082855e+01	-1.307102e+02
7.600000e-07	-4.333462e-06	-2.015190e-09	-3.063157e+01	-1.304037e+02
7.700000e-07	-4.305381e-06	-2.009204e-09	-3.043307e+01	-1.301000e+02
7.800000e-07	-4.277055e-06	-2.006256e-09	-3.023285e+01	-1.297991e+02
7.900000e-07	-4.248472e-06	-2.006501e-09	-3.003080e+01	-1.295009e+02
8.000000e-07	-4.219530e-06	-1.991120e-09	-2.982622e+01	-1.292053e+02
8.100000e-07	-4.190198e-06	-1.983264e-09	-2.961889e+01	-1.289122e+02
8.200000e-07	-4.160591e-06	-1.980193e-09	-2.940961e+01	-1.286213e+02
8.300000e-07	-4.130753e-06	-1.984774e-09	-2.919870e+01	-1.283324e+02
8.400000e-07	-4.100618e-06	-1.979938e-09	-2.898568e+01	-1.280450e+02
8.500000e-07	-4.070186e-06	-1.971151e-09	-2.877057e+01	-1.277589e+02
8.600000e-07	-4.039494e-06	-1.961254e-09	-2.855362e+01	-1.274736e+02
8.700000e-07	-4.008534e-06	-1.958125e-09	-2.833478e+01	-1.271887e+02
8.800000e-07	-3.977338e-06	-1.950997e-09	-2.811426e+01	-1.269036e+02
8.900000e-07	-3.945941e-06	-1.941400e-09	-2.789233e+01	-1.266179e+02
9.000000e-07	-3.914346e-06	-1.934449e-09	-2.766900e+01	-1.263310e+02
9.100000e-07	-3.882583e-06	-1.935770e-09	-2.744448e+01	-1.260425e+02
9.200000e-07	-3.850627e-06	-1.936120e-09	-2.721859e+01	-1.257517e+02
9.300000e-07	-3.818466e-06	-1.928069e-09	-2.699126e+01	-1.254583e+02
9.400000e-07	-3.785972e-06	-1.919455e-09	-2.676157e+01	-1.251616e+02
9.500000e-07	-3.753125e-06	-1.914776e-09	-2.652938e+01	-1.248613e+02
9.600000e-07	-3.719970e-06	-1.912670e-09	-2.629503e+01	-1.245568e+02
9.700000e-07	-3.686349e-06	-1.904900e-09	-2.605737e+01	-1.242477e+02
9.800000e-07	-3.652247e-06	-1.896770e-09	-2.581632e+01	-1.239336e+02
9.900000e-07	-3.617660e-06	-1.889096e-09	-2.557184e+01	-1.236142e+02
1.000000e-06	-3.582686e-06	-1.886045e-09	-2.532462e+01	-1.232892e+02
1.010000e-06	-3.547479e-06	-1.877386e-09	-2.507575e+01	-1.229582e+02
1.020000e-06	-3.512027e-06	-1.870138e-09	-2.482516e+01	-1.226212e+02
1.030000e-06	-3.476363e-06	-1.863283e-09	-2.457306e+01	-1.222778e+02
1.040000e-06	-3.440573e-06	-1.861995e-09	-2.432008e+01	-1.219280e+02
1.050000e-06	-3.404642e-06	-1.856572e-09	-2.406610e+01	-1.215717e+02
1.060000e-06	-3.368516e-06	-1.851110e-09	-2.381074e+01	-1.212088e+02
1.070000e-06	-3.332180e-06	-1.841259e-09	-2.355389e+01	-1.208394e+02
1.080000e-06	-3.295593e-06	-1.833402e-09	-2.329527e+01	-1.204636e+02
1.090000e-06	-3.258752e-06	-1.823753e-09	-2.303485e+01	-1.200815e+02
1.100000e-06	-3.221635e-06	-1.818210e-09	-2.277249e+01	-1.196932e+02
1.110000e-06	-3.184301e-06	-1.811872e-09	-2.250859e+01	-1.192988e+02
1.120000e-06	-3.146846e-06	-1.808487e-09	-2.224384e+01	-1.188986e+02
1.130000e-06	-3.109156e-06	-1.803470e-09	-2.197742e+01	-1.184929e+02
1.140000e-06	-3.071202e-06	-1.798743e-09	-2.170913e+01	-1.180819e+02
1.150000e-06	-3.033094e-06	-1.790534e-09	-2.143977e+01	-1.176659e+02
1.160000e-06	-2.994770e-06	-1.783181e-09	-2.116887e+01	-1.172451e+02
1.170000e-06	-2.956237e-06	-1.776065e-09	-2.089649e+01	-1.168199e+02
1.180000e-06	-2.917613e-06	-1.769975e-09	-2.062348e+01	-1.163906e+02
1.190000e-06	-2.878791e-06	-1.761346e-09	-2.034906e+01	-1.159575e+02
1.200000e-06	-2.839646e-06	-1.751630e-09	-2.007236e+01	-1.155207e+02
1.210000e-06	-2.800293e-06	-1.746534e-09	-1.979419e+01	-1.150807e+02
1.220000e-06	-2.760788e-06	-1.744475e-09	-1.951494e+01	-1.146376e+02
1.230000e-06	-2.721089e-06	-1.741432e-09	-1.923433e+01	-1.141917e+02
1.240000e-06	-2.681289e-06	-1.733995e-09	-1.895300e+01	-1.137432e+02
1.250000e-06	-2.641432e-06	-1.726136e-09	-1.867126e+01	-1.132922e+02
1.260000e-06	-2.601500e-06	-1.718123e-09	-1.838900e+01	-1.128388e+02
1.270000e-06	-2.561500e-06	-1.709714e-09	-1.810625e+01	-1.123831e+02
1.280000e-06	-2.521404e-06	-1.699020e-09	-1.782283e+01	-1.119252e+02
1.290000e-06	-2.481058e-06	-1.692711e-09	-1.753764e+01	-1.114649e+02
1.300000e-06	-2.440406e-06	-1.688108e-09	-1.725028e+01	-1.110024e+02
1.310000e-06	-2.399632e-06	-1.682620e-09	-1.696207e+01	-1.105374e+02
1.320000e-06	-2.358708e-06	-1.671543e-09	-1.667280e+01	-1.100698e+02
1.330000e-06	-2.317483e-06	-1.661586e-09	-1.638139e+01	-1.095995e+02
1.340000e-06	-2.275928e-06	-1.656008e-09	-1.608765e+01	-1.091261e+02
1.350000e-06	-2.234075e-06	-1.654692e-09	-1.579181e+01	-1.086494e+02
1.360000e-06	-2.191878e-06	-1.649946e-09	-1.549354e+01	-1.081690e+02
1.370000e-06	-2.149321e-06	-1.643139e-09	-1.519272e+01	-1.076846e+02
1.380000e-06	-2.106499e-06	-1.636511e-09	-1.489003e+01	-1.071957e+02
1.390000e-06	-2.063447e-06	-1.630857e-09	-1.458571e+01	-1.067020e+02
1.400000e-06	-2.020147e-06	-1.619888e-09	-1.427963e+01	-1.062029e+02
1.410000e-06	-1.976718e-06	-1.605553e-09	-1.397265e+01	-1.056980e+02
1.420000e-06	-1.933273e-06	-1.592128e-09	-1.366556e+01	-1.051867e+02
1.430000e-06	-1.889709e-06	-1.582970e-09	-1.335762e+01	-1.046686e+02
1.440000e-06	-1.846046e-06	-1.573813e-09	-1.304898e+01	-1.041430e+02
1.450000e-06	-1.802321e-06	-1.564167e-09	-1.273991e+01	-1.036094e+02
1.460000e-06	-1.758552e-06	-1.555541e-09	-1.243052e+01	-1.030672e+02
1.470000e-06	-1.714725e-06	-1.549462e-09	-1.212073e+01	-1.025160e+02
1.480000e-06	-1.670770e-06	-1.543112e-09	-1.181003e+01	-1.019552e+02
1.490000e-06	-1.626693e-06	-1.533508e-09	-1.149846e+01	-1.013842e+02
1.500000e-06	-1.582524e-06	-1.522646e-09	-1.118625e+01	-1.008025e+02
1.510000e-06	-1.538303e-06	-1.513225e-09	-1.087367e+01	-1.002097e+02
1.520000e-06	-1.494029e-06	-1.504124e-09	-1.056071e+01	-9.960529e+01
1.530000e-06	-1.449629e-06	-1.491009e-09	-1.024687e+01	-9.898876e+01
1.540000e-06	-1.405138e-06	-1.474716e-09	-9.932380e+00	-9.835973e+01
1.550000e-06	-1.360669e-06	-1.460785e-09	-9.618039e+00	-9.771779e+01
1.560000e-06	-1.316128e-06	-1.451173e-09	-9.303199e+00	-9.706259e+01
1.570000e-06	-1.271437e-06	-1.442894e-09	-8.987293e+00	-9.639378e+01
1.580000e-06	-1.226652e-06	-1.435775e-09	-8.670729e+00	-9.571106e+01
1.590000e-06	-1.181798e-06	-1.427465e-09	-8.353670e+00	-9.501415e+01
1.600000e-06	-1.136857e-06	-1.418102e-09	-8.036002e+00	-9.430278e+01
1.610000e-06	-1.091782e-06	-1.405643e-09	-7.717387e+00	-9.357674e+01
1.620000e-06	-1.046572e-06	-1.390247e-09	-7.397810e+00	-9.283580e+01
1.630000e-06	-1.001283e-06	-1.374769e-09	-7.077678e+00	-9.207977e+01
1.640000e-06	-9.559087e-07	-1.361728e-09	-6.756948e+00	-9.130848e+01
1.650000e-06	-9.104557e-07	-1.349364e-09	-6.435659e+00	-9.052175e+01
1.660000e-06	-8.650050e-07	-1.337345e-09	-6.114386e+00	-8.971942e+01
1.670000e-06	-8.195243e-07	-1.325951e-09	-5.792900e+00	-8.890131e+01
1.680000e-06	-7.738904e-07	-1.318530e-09	-5.470332e+00	-8.806727e+01
1.690000e-06	-7.281741e-07	-1.310415e-09	-5.147181e+00	-8.721710e+01
1.700000e-06	-6.824312e-07	-1.298011e-09	-4.823842e+00	-8.635061e+01
1.710000e-06	-6.366182e-07	-1.283105e-09	-4.500007e+00	-8.546757e+01
1.720000e-06	-5.907698e-07	-1.268872e-09	-4.175923e+00	-8.456772e+01
1.730000e-06	-5.448430e-07	-1.253441e-09	-3.851284e+00	-8.365079e+01
1.740000e-06	-4.989165e-07	-1.238566e-09	-3.526648e+00	-8.271645e+01
1.750000e-06	-4.531137e-07	-1.224977e-09	-3.202886e+00	-8.176432e+01
1.760000e-06	-4.072721e-07	-1.212391e-09	-2.878849e+00	-8.079398e+01
1.770000e-06	-3.613443e-07	-1.198930e-09	-2.554203e+00	-7.980497e+01
1.780000e-06	-3.154035e-07	-1.182527e-09	-2.229465e+00	-7.879675e+01
1.790000e-06	-2.693805e-07	-1.163308e-09	-1.904146e+00	-7.776873e+01
1.800000e-06	-2.233373e-07	-1.145887e-09	-1.578685e+00	-7.672025e+01
1.810000e-06	-1.773579e-07	-1.129942e-09	-1.253674e+00	-7.565060e+01
1.820000e-06	-1.314699e-07	-1.112803e-09	-9.293098e-01	-7.455899e+01
1.830000e-06	-8.553269e-08	-1.096724e-09	-6.045974e-01	-7.344458e+01
1.840000e-06	-3.948023e-08	-1.083681e-09	-2.790705e-01	-7.230645e+01
1.850000e-06	6.576622e-09	-1.071010e-09	4.648760e-02	-7.114363e+01
1.860000e-06	5.265418e-08	-1.053162e-09	3.721920e-01	-6.995507e+01
1.870000e-06	9.872031e-08	-1.031325e-09	6.978156e-01	-6.873968e+01
1.880000e-06	1.447617e-07	-1.010906e-09	1.023264e+00	-6.749633e+01
1.890000e-06	1.907897e-07	-9.921204e-10	1.348618e+00	-6.622381e+01
1.900000e-06	2.368122e-07	-9.713734e-10	1.673934e+00	-6.492090e+01
1.910000e-06	2.828591e-07	-9.483652e-10	1.999421e+00	-6.358634e+01
1.920000e-06	3.288875e-07	-9.268134e-10	2.324778e+00	-6.221883e+01
1.930000e-06	3.748564e-07	-9.090090e-10	2.649715e+00	-6.081706e+01
1.940000e-06	4.207783e-07	-8.894785e-10	2.974319e+00	-5.937974e+01
1.950000e-06	4.666368e-07	-8.649005e-10	3.298475e+00	-5.790554e+01
1.960000e-06	5.124807e-07	-8.380585e-10	3.622527e+00	-5.639318e+01
1.970000e-06	5.583631e-07	-8.144741e-10	3.946853e+00	-5.484139e+01
1.980000e-06	6.041618e-07	-7.908186e-10	4.270586e+00	-5.324893e+01
1.990000e-06	6.498303e-07	-7.651523e-10	4.593398e+00	-5.161463e+01
2.000000e-06	6.955602e-07	-7.377885e-10	4.916645e+00	-4.993735e+01
2.010000e-06	7.412919e-07	-7.105219e-10	5.239905e+00	-4.821606e+01
2.020000e-06	7.868989e-07	-6.840596e-10	5.562284e+00	-4.644978e+01
2.030000e-06	8.324402e-07	-6.579585e-10	5.884198e+00	-4.463764e+01
2.040000e-06	8.779696e-07	-6.290992e-10	6.206027e+00	-4.277889e+01
2.050000e-06	9.234823e-07	-6.002005e-10	6.527739e+00	-4.087288e+01
2.060000e-06	9.688873e-07	-5.717572e-10	6.848689e+00	-3.891909e+01
2.070000e-06	1.014178e-06	-5.400614e-10	7.168831e+00	-3.691715e+01
2.080000e-06	1.059370e-06	-5.060580e-10	7.488276e+00	-3.486683e+01
2.090000e-06	1.104458e-06	-4.732926e-10	7.806988e+00	-3.276806e+01
2.100000e-06	1.149450e-06	-4.411729e-10	8.125018e+00	-3.062093e+01
2.110000e-06	1.194319e-06	-4.086434e-10	8.442179e+00	-2.842571e+01
2.120000e-06	1.239056e-06	-3.746363e-10	8.758408e+00	-2.618283e+01
2.130000e-06	1.283738e-06	-3.397766e-10	9.074244e+00	-2.389291e+01
2.140000e-06	1.328346e-06	-3.064827e-10	9.389562e+00	-2.155675e+01
2.150000e-06	1.372840e-06	-2.734521e-10	9.704072e+00	-1.917535e+01
2.160000e-06	1.417187e-06	-2.381597e-10	1.001754e+01	-1.674987e+01
2.170000e-06	1.461416e-06	-1.996505e-10	1.033019e+01	-1.428168e+01
2.180000e-06	1.505620e-06	-1.603928e-10	1.064264e+01	-1.177231e+01
2.190000e-06	1.549728e-06	-1.231026e-10	1.095442e+01	-9.223486e+00
2.200000e-06	1.593780e-06	-8.705776e-11	1.126582e+01	-6.637104e+00
2.210000e-06	1.637779e-06	-4.989504e-11	1.157683e+01	-4.015233e+00
2.220000e-06	1.681711e-06	-1.278035e-11	1.188736e+01	-1.360103e+00
2.230000e-06	1.725618e-06	2.567968e-11	1.219773e+01	1.325902e+00
2.240000e-06	1.769461e-06	6.754960e-11	1.250763e+01	4.040250e+00
2.250000e-06	1.813262e-06	1.125466e-10	1.281725e+01	6.780274e+00
2.260000e-06	1.857012e-06	1.567990e-10	1.312650e+01	9.543183e+00
2.270000e-06	1.900693e-06	1.997667e-10	1.343526e+01	1.232607e+01
2.280000e-06	1.944307e-06	2.410649e-10	1.374356e+01	1.512594e+01
2.290000e-06	1.987782e-06	2.812504e-10	1.405086e+01	1.793970e+01
2.300000e-06	2.031109e-06	3.210808e-10	1.435712e+01	2.076418e+01
2.310000e-06	2.074254e-06	3.592696e-10	1.466210e+01	2.359617e+01
2.320000e-06	2.117031e-06	4.000521e-10	1.496447e+01	2.643241e+01
2.330000e-06	2.159514e-06	4.458310e-10	1.526477e+01	2.926960e+01
2.340000e-06	2.201734e-06	4.900082e-10	1.556320e+01	3.210444e+01
2.350000e-06	2.243735e-06	5.286561e-10	1.586010e+01	3.493364e+01
2.360000e-06	2.285501e-06	5.657185e-10	1.615532e+01	3.775390e+01
2.370000e-06	2.326878e-06	6.065363e-10	1.644780e+01	4.056198e+01
2.380000e-06	2.367958e-06	6.505578e-10	1.673818e+01	4.335468e+01
2.390000e-06	2.408809e-06	6.938496e-10	1.702694e+01	4.612885e+01
2.400000e-06	2.449427e-06	7.366115e-10	1.731405e+01	4.888143e+01
2.410000e-06	2.489765e-06	7.801411e-10	1.759918e+01	5.160944e+01
2.420000e-06	2.529926e-06	8.214961e-10	1.788307e+01	5.430999e+01
2.430000e-06	2.570023e-06	8.609060e-10	1.816650e+01	5.698032e+01
2.440000e-06	2.610014e-06	9.013617e-10	1.844918e+01	5.961777e+01
2.450000e-06	2.649898e-06	9.421555e-10	1.873111e+01	6.221982e+01
2.460000e-06	2.689695e-06	9.823167e-10	1.901241e+01	6.478411e+01
2.470000e-06	2.729382e-06	1.021518e-09	1.929294e+01	6.730838e+01
2.480000e-06	2.768965e-06	1.057214e-09	1.957274e+01	6.979057e+01
2.490000e-06	2.808397e-06	1.090726e-09	1.985147e+01	7.222875e+01
2.500000e-06	2.847662e-06	1.124713e-09	2.012902e+01	7.462115e+01
2.510000e-06	2.886721e-06	1.159976e-09	2.040511e+01	7.696617e+01
2.520000e-06	2.925503e-06	1.196648e-09	2.067925e+01	7.926240e+01
2.530000e-06	2.964009e-06	1.233845e-09	2.095143e+01	8.150856e+01
2.540000e-06	3.002292e-06	1.271115e-09	2.122204e+01	8.370356e+01
2.550000e-06	3.040374e-06	1.306675e-09	2.149122e+01	8.584647e+01
2.560000e-06	3.078332e-06	1.336348e-09	2.175953e+01	8.793652e+01
2.570000e-06	3.116099e-06	1.360561e-09	2.202649e+01	8.997311e+01
2.580000e-06	3.153640e-06	1.385006e-09	2.229186e+01	9.195579e+01
2.590000e-06	3.191065e-06	1.413212e-09	2.255640e+01	9.388426e+01
2.600000e-06	3.228247e-06	1.445146e-09	2.281923e+01	9.575838e+01
2.610000e-06	3.265114e-06	1.477982e-09	2.307983e+01	9.757812e+01
2.620000e-06	3.301738e-06	1.510256e-09	2.333871e+01	9.934361e+01
2.630000e-06	3.338089e-06	1.540487e-09	2.359566e+01	1.010551e+02
2.640000e-06	3.374206e-06	1.565241e-09	2.385096e+01	1.027129e+02
2.650000e-06	3.410241e-06	1.583269e-09	2.410568e+01	1.043176e+02
2.660000e-06	3.446179e-06	1.598335e-09	2.435971e+01	1.058698e+02
2.670000e-06	3.482012e-06	1.612683e-09	2.461300e+01	1.073700e+02
2.680000e-06	3.517734e-06	1.631629e-09	2.486550e+01	1.088190e+02
2.690000e-06	3.553223e-06	1.654620e-09	2.511636e+01	1.102178e+02
2.700000e-06	3.588412e-06	1.677463e-09	2.536509e+01	1.115671e+02
2.710000e-06	3.623222e-06	1.699923e-09	2.561115e+01	1.128680e+02
2.720000e-06	3.657572e-06	1.722260e-09	2.585396e+01	1.141214e+02
2.730000e-06	3.691434e-06	1.743085e-09	2.609332e+01	1.153285e+02
2.740000e-06	3.724907e-06	1.760413e-09	2.632993e+01	1.164903e+02
2.750000e-06	3.758048e-06	1.777451e-09	2.656419e+01	1.176079e+02
2.760000e-06	3.790795e-06	1.794720e-09	2.679567e+01	1.186826e+02
2.770000e-06	3.823179e-06	1.812118e-09	2.702457e+01	1.197154e+02
2.780000e-06	3.855284e-06	1.827446e-09	2.725151e+01	1.207076e+02
2.790000e-06	3.887232e-06	1.839852e-09	2.747734e+01	1.216603e+02
2.800000e-06	3.919018e-06	1.851712e-09	2.770202e+01	1.225748e+02
2.810000e-06	3.950637e-06	1.862859e-09	2.792552e+01	1.234522e+02
2.820000e-06	3.982091e-06	1.873708e-09	2.814786e+01	1.242937e+02
2.830000e-06	4.013302e-06	1.886346e-09	2.836847e+01	1.251005e+02
2.840000e-06	4.044190e-06	1.900141e-09	2.858681e+01	1.258737e+02
2.850000e-06	4.074738e-06	1.913680e-09	2.880274e+01	1.266145e+02
2.860000e-06	4.104975e-06	1.927144e-09	2.901648e+01	1.273240e+02
2.870000e-06	4.134974e-06	1.936816e-09	2.922853e+01	1.280033e+02
2.880000e-06	4.164740e-06	1.942337e-09	2.943893e+01	1.286535e+02
2.890000e-06	4.194214e-06	1.947154e-09	2.964728e+01	1.292757e+02
2.900000e-06	4.223383e-06	1.953039e-09	2.985346e+01	1.298709e+02
2.910000e-06	4.252247e-06	1.962921e-09	3.005749e+01	1.304401e+02
2.920000e-06	4.280832e-06	1.975280e-09	3.025954e+01	1.309845e+02
2.930000e-06	4.309126e-06	1.987172e-09	3.045955e+01	1.315048e+02
2.940000e-06	4.337181e-06	1.997287e-09	3.065785e+01	1.320022e+02
2.950000e-06	4.365081e-06	2.004732e-09	3.085507e+01	1.324775e+02
2.960000e-06	4.392847e-06	2.009755e-09	3.105133e+01	1.329316e+02
2.970000e-06	4.420404e-06	2.012875e-09	3.124612e+01	1.333655e+02
2.980000e-06	4.447675e-06	2.016078e-09	3.143889e+01	1.337801e+02
2.990000e-06	4.474532e-06	2.021284e-09	3.162873e+01	1.341761e+02
3.000000e-06	4.500889e-06	2.030531e-09	3.181504e+01	1.345544e+02
3.010000e-06	4.526642e-06	2.041972e-09	3.199708e+01	1.349159e+02
3.020000e-06	4.551836e-06	2.052204e-09	3.217517e+01	1.352613e+02
3.030000e-06	4.576568e-06	2.059307e-09	3.234999e+01	1.355914e+02
3.040000e-06	4.600898e-06	2.063294e-09	3.252197e+01	1.359070e+02
3.050000e-06	4.625000e-06	2.066741e-09	3.269234e+01	1.362086e+02
3.060000e-06	4.648876e-06	2.069858e-09	3.286110e+01	1.364972e+02
3.070000e-06	4.672538e-06	2.072204e-09	3.302836e+01	1.367733e+02
3.080000e-06	4.695944e-06	2.074869e-09	3.319381e+01	1.370375e+02
3.090000e-06	4.718971e-06	2.079249e-09	3.335658e+01	1.372906e+02
3.100000e-06	4.741553e-06	2.086338e-09	3.351620e+01	1.375330e+02
3.110000e-06	4.763765e-06	2.091373e-09	3.367321e+01	1.377654e+02
3.120000e-06	4.785762e-06	2.092240e-09	3.382870e+01	1.379882e+02
3.130000e-06	4.807472e-06	2.093586e-09	3.398216e+01	1.382020e+02
3.140000e-06	4.828888e-06	2.097842e-09	3.413354e+01	1.384072e+02
3.150000e-06	4.850037e-06	2.102166e-09	3.428303e+01	1.386043e+02
3.160000e-06	4.870759e-06	2.103937e-09	3.442951e+01	1.387936e+02
3.170000e-06	4.891129e-06	2.104713e-09	3.457350e+01	1.389754e+02
3.180000e-06	4.911293e-06	2.107700e-09	3.471603e+01	1.391502e+02
3.190000e-06	4.931214e-06	2.111697e-09	3.485684e+01	1.393180e+02
3.200000e-06	4.950942e-06	2.114353e-09	3.499629e+01	1.394792e+02
3.210000e-06	4.970452e-06	2.117538e-09	3.513420e+01	1.396340e+02
3.220000e-06	4.989619e-06	2.122968e-09	3.526968e+01	1.397825e+02
3.230000e-06	5.008373e-06	2.128898e-09	3.540225e+01	1.399247e+02
3.240000e-06	5.026655e-06	2.131428e-09	3.553148e+01	1.400608e+02
3.250000e-06	5.044509e-06	2.129570e-09	3.565768e+01	1.401907e+02
3.260000e-06	5.061970e-06	2.127619e-09	3.578111e+01	1.403145e+02
3.270000e-06	5.079138e-06	2.128665e-09	3.590246e+01	1.404321e+02
3.280000e-06	5.096075e-06	2.129228e-09	3.602218e+01	1.405434e+02
3.290000e-06	5.112644e-06	2.129369e-09	3.613930e+01	1.406483e+02
3.300000e-06	5.128790e-06	2.132982e-09	3.625343e+01	1.407466e+02
3.310000e-06	5.144463e-06	2.140384e-09	3.636422e+01	1.408383e+02
3.320000e-06	5.159692e-06	2.147445e-09	3.647187e+01	1.409230e+02
3.330000e-06	5.174523e-06	2.150569e-09	3.657670e+01	1.410006e+02
3.340000e-06	5.188843e-06	2.149628e-09	3.667792e+01	1.410708e+02
3.350000e-06	5.202779e-06	2.147827e-09	3.677643e+01	1.411335e+02
3.360000e-06	5.216426e-06	2.146831e-09	3.687290e+01	1.411885e+02
3.370000e-06	5.229681e-06	2.143862e-09	3.696659e+01	1.412354e+02
3.380000e-06	5.242540e-06	2.141520e-09	3.705749e+01	1.412740e+02
3.390000e-06	5.255071e-06	2.144187e-09	3.714606e+01	1.413043e+02
3.400000e-06	5.267198e-06	2.152583e-09	3.723178e+01	1.413259e+02
3.410000e-06	5.278968e-06	2.157916e-09	3.731498e+01	1.413387e+02
3.420000e-06	5.290415e-06	2.155818e-09	3.739589e+01	1.413426e+02
3.430000e-06	5.301443e-06	2.149475e-09	3.747385e+01	1.413374e+02
3.440000e-06	5.311886e-06	2.146537e-09	3.754767e+01	1.413232e+02
3.450000e-06	5.321654e-06	2.147710e-09	3.761671e+01	1.412998e+02
3.460000e-06	5.330762e-06	2.147181e-09	3.768109e+01	1.412673e+02
3.470000e-06	5.339285e-06	2.148693e-09	3.774134e+01	1.412257e+02
3.480000e-06	5.347467e-06	2.152397e-09	3.779917e+01	1.411752e+02
3.490000e-06	5.355421e-06	2.156679e-09	3.785539e+01	1.411159e+02
3.500000e-06	5.363166e-06	2.154482e-09	3.791015e+01	1.410481e+02
3.510000e-06	5.370632e-06	2.146425e-09	3.796292e+01	1.409721e+02
3.520000e-06	5.377753e-06	2.143290e-09	3.801326e+01	1.408881e+02
3.530000e-06	5.384462e-06	2.148216e-09	3.806068e+01	1.407966e+02
3.540000e-06	5.390828e-06	2.156489e-09	3.810567e+01	1.406981e+02
3.550000e-06	5.396811e-06	2.160656e-09	3.814797e+01	1.405931e+02
3.560000e-06	5.402330e-06	2.160776e-09	3.818698e+01	1.404820e+02
3.570000e-06	5.407535e-06	2.160707e-09	3.822377e+01	1.403657e+02
3.580000e-06	5.412362e-06	2.157720e-09	3.825789e+01	1.402447e+02
3.590000e-06	5.416754e-06	2.151376e-09	3.828894e+01	1.401197e+02
3.600000e-06	5.420832e-06	2.147087e-09	3.831776e+01	1.399915e+02
3.610000e-06	5.424713e-06	2.149905e-09	3.834520e+01	1.398609e+02
3.620000e-06	5.428405e-06	2.156355e-09	3.837129e+01	1.397288e+02
3.630000e-06	5.431739e-06	2.160741e-09	3.839486e+01	1.395959e+02
3.640000e-06	5.434614e-06	2.161380e-09	3.841518e+01	1.394631e+02
3.650000e-06	5.436943e-06	2.160161e-09	3.843164e+01	1.393313e+02
3.660000e-06	5.438697e-06	2.157805e-09	3.844404e+01	1.392013e+02
3.670000e-06	5.439919e-06	2.155212e-09	3.845268e+01	1.390741e+02
3.680000e-06	5.440606e-06	2.151664e-09	3.845754e+01	1.389505e+02
3.690000e-06	5.440903e-06	2.149641e-09	3.845964e+01	1.388313e+02
3.700000e-06	5.440954e-06	2.150604e-09	3.846000e+01	1.387174e+02
3.710000e-06	5.440735e-06	2.153548e-09	3.845845e+01	1.386094e+02
3.720000e-06	5.440215e-06	2.157041e-09	3.845477e+01	1.385081e+02
3.730000e-06	5.439385e-06	2.155392e-09	3.844890e+01	1.384142e+02
3.740000e-06	5.438157e-06	2.148458e-09	3.844023e+01	1.383284e+02
3.750000e-06	5.436553e-06	2.130449e-09	3.842889e+01	1.382510e+02
3.760000e-06	5.434596e-06	2.111500e-09	3.841506e+01	1.381827e+02
3.770000e-06	5.432353e-06	2.127923e-09	3.839920e+01	1.381238e+02
3.780000e-06	5.429859e-06	2.149479e-09	3.838157e+01	1.380747e+02
3.790000e-06	5.426917e-06	2.160671e-09	3.836078e+01	1.380355e+02
3.800000e-06	5.423454e-06	2.154018e-09	3.833630e+01	1.380065e+02
3.810000e-06	5.419539e-06	2.096181e-09	3.830862e+01	1.379876e+02
3.820000e-06	5.415301e-06	2.091601e-09	3.827867e+01	1.379789e+02
3.830000e-06	5.410928e-06	2.118694e-09	3.824775e+01	1.379801e+02
3.840000e-06	5.406349e-06	2.092529e-09	3.821539e+01	1.379911e+02
3.850000e-06	5.401124e-06	2.069039e-09	3.817845e+01	1.380115e+02
3.860000e-06	5.395266e-06	2.054682e-09	3.813705e+01	1.380408e+02
3.870000e-06	5.389130e-06	2.145817e-09	3.809367e+01	1.380787e+02
3.880000e-06	5.382597e-06	2.164276e-09	3.804749e+01	1.381244e+02
3.890000e-06	5.375445e-06	2.087672e-09	3.799694e+01	1.381772e+02
3.900000e-06	5.367788e-06	2.042652e-09	3.794282e+01	1.382365e+02
3.910000e-06	5.359860e-06	2.096659e-09	3.788678e+01	1.383013e+02
3.920000e-06	5.351660e-06	2.126689e-09	3.782881e+01	1.383707e+02
3.930000e-06	5.343067e-06	2.016076e-09	3.776807e+01	1.384439e+02
3.940000e-06	5.334147e-06	2.022182e-09	3.770502e+01	1.385197e+02
3.950000e-06	5.324933e-06	2.122981e-09	3.763989e+01	1.385970e+02
3.960000e-06	5.315327e-06	2.156369e-09	3.757198e+01	1.386749e+02
3.970000e-06	5.305317e-06	2.023565e-09	3.750123e+01	1.387521e+02
3.980000e-06	5.294985e-06	2.039937e-09	3.742820e+01	1.388276e+02
3.990000e-06	5.284273e-06	2.150349e-09	3.735248e+01	1.389001e+02
4.000000e-06	5.273066e-06	2.140069e-09	3.727326e+01	1.389686e+02
4.010000e-06	5.261421e-06	2.058222e-09	3.719095e+01	1.390318e+02
4.020000e-06	5.249467e-06	2.128454e-09	3.710645e+01	1.390888e+02
4.030000e-06	5.237091e-06	2.211528e-09	3.701896e+01	1.391383e+02
4.040000e-06	5.224269e-06	2.130277e-09	3.692833e+01	1.391794e+02
4.050000e-06	5.211067e-06	2.065207e-09	3.683501e+01	1.392110e+02
4.060000e-06	5.197320e-06	2.142795e-09	3.673784e+01	1.392323e+02
4.070000e-06	5.182950e-06	2.153098e-09	3.663627e+01	1.392424e+02
4.080000e-06	5.167964e-06	2.090841e-09	3.653034e+01	1.392405e+02
4.090000e-06	5.152473e-06	2.118170e-09	3.642084e+01	1.392258e+02
4.100000e-06	5.136667e-06	2.162756e-09	3.630911e+01	1.391977e+02
4.110000e-06	5.120583e-06	2.115509e-09	3.619542e+01	1.391557e+02
4.120000e-06	5.104279e-06	2.095567e-09	3.608017e+01	1.390993e+02
4.130000e-06	5.087669e-06	2.123211e-09	3.596276e+01	1.390281e+02
4.140000e-06	5.070642e-06	2.071583e-09	3.584241e+01	1.389420e+02
4.150000e-06	5.053275e-06	2.055785e-09	3.571964e+01	1.388407e+02
4.160000e-06	5.035548e-06	2.108452e-09	3.559434e+01	1.387242e+02
4.170000e-06	5.017466e-06	2.125487e-09	3.546652e+01	1.385925e+02
4.180000e-06	4.999064e-06	2.082541e-09	3.533644e+01	1.384457e+02
4.190000e-06	4.980358e-06	2.104784e-09	3.520423e+01	1.382842e+02
4.200000e-06	4.961310e-06	2.105780e-09	3.506958e+01	1.381081e+02
4.210000e-06	4.941889e-06	2.077672e-09	3.493230e+01	1.379179e+02
4.220000e-06	4.922159e-06	2.054140e-09	3.479284e+01	1.377140e+02
4.230000e-06	4.902209e-06	2.055895e-09	3.465181e+01	1.374972e+02
4.240000e-06	4.882073e-06	2.054056e-09	3.450949e+01	1.372678e+02
4.250000e-06	4.861709e-06	2.084169e-09	3.436554e+01	1.370267e+02
4.260000e-06	4.840954e-06	2.078758e-09	3.421883e+01	1.367747e+02
4.270000e-06	4.819769e-06	2.062397e-09	3.406908e+01	1.365123e+02
4.280000e-06	4.798123e-06	2.068765e-09	3.391607e+01	1.362406e+02
4.290000e-06	4.775889e-06	2.067050e-09	3.375891e+01	1.359604e+02
4.300000e-06	4.753129e-06	2.030930e-09	3.359803e+01	1.356725e+02
4.310000e-06	4.729892e-06	2.029850e-09	3.343377e+01	1.353778e+02
4.320000e-06	4.706213e-06	2.035341e-09	3.326640e+01	1.350772e+02
4.330000e-06	4.682249e-06	2.034887e-09	3.309701e+01	1.347716e+02
4.340000e-06	4.658113e-06	2.040632e-09	3.292640e+01	1.344619e+02
4.350000e-06	4.633808e-06	2.034859e-09	3.275460e+01	1.341488e+02
4.360000e-06	4.609213e-06	2.012323e-09	3.258074e+01	1.338333e+02
4.370000e-06	4.584314e-06	2.015741e-09	3.240474e+01	1.335160e+02
4.380000e-06	4.559054e-06	2.015036e-09	3.222619e+01	1.331977e+02
4.390000e-06	4.533374e-06	1.991783e-09	3.204467e+01	1.328791e+02
4.400000e-06	4.507366e-06	1.990081e-09	3.186083e+01	1.325608e+02
4.410000e-06	4.481133e-06	2.003114e-09	3.167539e+01	1.322434e+02
4.420000e-06	4.454591e-06	2.001529e-09	3.148778e+01	1.319272e+02
4.430000e-06	4.427673e-06	1.987753e-09	3.129750e+01	1.316129e+02
4.440000e-06	4.400436e-06	1.978036e-09	3.110498e+01	1.313006e+02
4.450000e-06	4.372915e-06	1.971856e-09	3.091044e+01	1.309908e+02
4.460000e-06	4.345184e-06	1.978302e-09	3.071442e+01	1.306835e+02
4.470000e-06	4.317287e-06	1.972051e-09	3.051723e+01	1.303790e+02
4.480000e-06	4.289212e-06	1.963963e-09	3.031878e+01	1.300772e+02
4.490000e-06	4.260872e-06	1.965157e-09	3.011845e+01	1.297782e+02
4.500000e-06	4.232247e-06	1.973971e-09	2.991612e+01	1.294818e+02
4.510000e-06	4.203287e-06	1.965205e-09	2.971141e+01	1.291879e+02
4.520000e-06	4.173884e-06	1.957101e-09	2.950357e+01	1.288964e+02
4.530000e-06	4.144006e-06	1.949309e-09	2.929238e+01	1.286068e+02
4.540000e-06	4.113618e-06	1.951192e-09	2.907757e+01	1.283190e+02
4.550000e-06	4.082717e-06	1.949825e-09	2.885915e+01	1.280325e+02
4.560000e-06	4.051451e-06	1.945688e-09	2.863814e+01	1.277469e+02
4.570000e-06	4.019918e-06	1.936666e-09	2.841524e+01	1.274617e+02
4.580000e-06	3.988100e-06	1.937509e-09	2.819034e+01	1.271766e+02
4.590000e-06	3.956102e-06	1.933359e-09	2.796415e+01	1.268909e+02
4.600000e-06	3.923953e-06	1.923861e-09	2.773690e+01	1.266042e+02
4.610000e-06	3.891622e-06	1.912126e-09	2.750837e+01	1.263160e+02
4.620000e-06	3.859080e-06	1.909948e-09	2.727834e+01	1.260257e+02
4.630000e-06	3.826190e-06	1.911137e-09	2.704585e+01	1.257328e+02
4.640000e-06	3.793013e-06	1.907093e-09	2.681134e+01	1.254369e+02
4.650000e-06	3.759598e-06	1.896646e-09	2.657515e+01	1.251373e+02
4.660000e-06	3.725888e-06	1.894674e-09	2.633686e+01	1.248337e+02
4.670000e-06	3.691951e-06	1.892300e-09	2.609697e+01	1.245257e+02
4.680000e-06	3.657843e-06	1.883402e-09	2.585587e+01	1.242127e+02
4.690000e-06	3.623496e-06	1.872939e-09	2.561309e+01	1.238946e+02
4.700000e-06	3.588876e-06	1.867699e-09	2.536837e+01	1.235708e+02
4.710000e-06	3.553983e-06	1.869916e-09	2.512173e+01	1.232412e+02
4.720000e-06	3.518838e-06	1.868688e-09	2.487330e+01	1.229056e+02
4.730000e-06	3.483457e-06	1.866084e-09	2.462321e+01	1.225636e+02
4.740000e-06	3.447876e-06	1.863443e-09	2.437170e+01	1.222153e+02
4.750000e-06	3.412113e-06	1.860587e-09	2.411891e+01	1.218604e+02
4.760000e-06	3.376141e-06	1.851356e-09	2.386464e+01	1.214991e+02
4.770000e-06	3.340053e-06	1.842222e-09	2.360954e+01	1.211312e+02
4.780000e-06	3.303873e-06	1.833403e-09	2.335380e+01	1.207568e+02
4.790000e-06	3.267568e-06	1.829576e-09	2.309717e+01	1.203761e+02
4.800000e-06	3.230989e-06	1.824170e-09	2.283861e+01	1.199891e+02
4.810000e-06	3.194048e-06	1.819447e-09	2.257749e+01	1.195961e+02
4.820000e-06	3.156814e-06	1.815133e-09	2.231430e+01	1.191973e+02
4.830000e-06	3.119296e-06	1.814999e-09	2.204909e+01	1.187928e+02
4.840000e-06	3.081361e-06	1.809939e-09	2.178094e+01	1.183829e+02
4.850000e-06	3.043034e-06	1.801367e-09	2.151003e+01	1.179679e+02
4.860000e-06	3.004355e-06	1.790762e-09	2.123662e+01	1.175482e+02
4.870000e-06	2.965311e-06	1.784090e-09	2.096063e+01	1.171239e+02
4.880000e-06	2.925938e-06	1.779785e-09	2.068232e+01	1.166955e+02
4.890000e-06	2.886337e-06	1.776465e-09	2.040240e+01	1.162631e+02
4.900000e-06	2.846609e-06	1.770595e-09	2.012158e+01	1.158271e+02
4.910000e-06	2.806704e-06	1.765478e-09	1.983951e+01	1.153877e+02
4.920000e-06	2.766715e-06	1.760308e-09	1.955684e+01	1.149452e+02
4.930000e-06	2.726643e-06	1.754976e-09	1.927359e+01	1.144999e+02
4.940000e-06	2.686407e-06	1.747854e-09	1.898917e+01	1.140518e+02
4.950000e-06	2.646009e-06	1.743048e-09	1.870361e+01	1.136013e+02
4.960000e-06	2.605446e-06	1.737958e-09	1.841689e+01	1.131483e+02
4.970000e-06	2.564729e-06	1.731978e-09	1.812907e+01	1.126930e+02
4.980000e-06	2.523815e-06	1.725930e-09	1.783987e+01	1.122355e+02
4.990000e-06	2.482694e-06	1.719027e-09	1.754921e+01	1.117757e+02
5.000000e-06	2.441402e-06	1.711116e-09	1.725733e+01	1.113136e+02
5.010000e-06	2.400011e-06	1.702089e-09	1.696475e+01	1.108491e+02
5.020000e-06	2.358464e-06	1.694776e-09	1.667107e+01	1.103820e+02
5.030000e-06	2.316742e-06	1.688880e-09	1.637615e+01	1.099122e+02
5.040000e-06	2.274841e-06	1.684045e-09	1.607997e+01	1.094395e+02
5.050000e-06	2.232817e-06	1.676654e-09	1.578292e+01	1.089635e+02
5.060000e-06	2.190717e-06	1.669435e-09	1.548533e+01	1.084839e+02
5.070000e-06	2.148416e-06	1.662285e-09	1.518632e+01	1.080004e+02
5.080000e-06	2.105927e-06	1.654785e-09	1.488598e+01	1.075125e+02
5.090000e-06	2.063278e-06	1.643206e-09	1.458452e+01	1.070199e+02
5.100000e-06	2.020447e-06	1.630938e-09	1.428176e+01	1.065221e+02
5.110000e-06	1.977451e-06	1.622879e-09	1.397783e+01	1.060185e+02
5.120000e-06	1.934363e-06	1.618013e-09	1.367326e+01	1.055087e+02
5.130000e-06	1.891155e-06	1.612521e-09	1.336784e+01	1.049922e+02
5.140000e-06	1.847768e-06	1.607779e-09	1.306115e+01	1.044683e+02
5.150000e-06	1.804234e-06	1.604528e-09	1.275343e+01	1.039366e+02
5.160000e-06	1.760574e-06	1.601218e-09	1.244482e+01	1.033965e+02
5.170000e-06	1.716797e-06	1.593224e-09	1.213538e+01	1.028475e+02
5.180000e-06	1.672961e-06	1.581103e-09	1.182551e+01	1.022890e+02
5.190000e-06	1.629112e-06	1.568440e-09	1.151556e+01	1.017204e+02
5.200000e-06	1.585210e-06	1.554541e-09	1.120523e+01	1.011413e+02
5.210000e-06	1.541217e-06	1.542228e-09	1.089426e+01	1.005512e+02
5.220000e-06	1.497149e-06	1.533695e-09	1.058277e+01	9.994956e+01
5.230000e-06	1.453000e-06	1.527774e-09	1.027069e+01	9.933594e+01
5.240000e-06	1.408799e-06	1.523789e-09	9.958256e+00	9.870992e+01
5.250000e-06	1.364556e-06	1.517062e-09	9.645518e+00	9.807110e+01
5.260000e-06	1.320280e-06	1.508860e-09	9.332547e+00	9.741910e+01
5.270000e-06	1.276025e-06	1.497834e-09	9.019724e+00	9.675357e+01
5.280000e-06	1.231720e-06	1.482006e-09	8.706555e+00	9.607421e+01
5.290000e-06	1.187281e-06	1.463462e-09	8.392432e+00	9.538072e+01
5.300000e-06	1.142777e-06	1.449078e-09	8.077845e+00	9.467284e+01
5.310000e-06	1.098251e-06	1.443192e-09	7.763111e+00	9.395033e+01
5.320000e-06	1.053558e-06	1.440387e-09	7.447191e+00	9.321298e+01
5.330000e-06	1.008767e-06	1.433678e-09	7.130584e+00	9.246060e+01
5.340000e-06	9.639142e-07	1.424799e-09	6.813536e+00	9.169299e+01
5.350000e-06	9.188489e-07	1.413584e-09	6.494987e+00	9.090998e+01
5.360000e-06	8.737188e-07	1.398821e-09	6.175980e+00	9.011141e+01
5.370000e-06	8.286086e-07	1.381812e-09	5.857113e+00	8.929712e+01
5.380000e-06	7.834750e-07	1.365682e-09	5.538081e+00	8.846693e+01
5.390000e-06	7.382874e-07	1.352934e-09	5.218668e+00	8.762066e+01
5.400000e-06	6.930049e-07	1.343163e-09	4.898583e+00	8.675812e+01
5.410000e-06	6.476806e-07	1.333723e-09	4.578203e+00	8.587909e+01
5.420000e-06	6.023150e-07	1.322314e-09	4.257531e+00	8.498332e+01
5.430000e-06	5.568132e-07	1.308800e-09	3.935897e+00	8.407054e+01
5.440000e-06	5.112044e-07	1.294935e-09	3.613506e+00	8.314043e+01
5.450000e-06	4.656865e-07	1.281013e-09	3.291757e+00	8.219263e+01
5.460000e-06	4.202903e-07	1.265244e-09	2.970869e+00	8.122674e+01
5.470000e-06	3.748564e-07	1.249583e-09	2.649715e+00	8.024230e+01
5.480000e-06	3.292496e-07	1.236457e-09	2.327338e+00	7.923878e+01
5.490000e-06	2.834929e-07	1.224201e-09	2.003901e+00	7.821562e+01
5.500000e-06	2.377061e-07	1.209637e-09	1.680252e+00	7.717217e+01
5.510000e-06	1.918991e-07	1.193326e-09	1.356460e+00	7.610773e+01
5.520000e-06	1.460937e-07	1.175916e-09	1.032680e+00	7.502154e+01
5.530000e-06	1.003464e-07	1.158869e-09	7.093102e-01	7.391277e+01
5.540000e-06	5.463572e-08	1.141928e-09	3.861987e-01	7.278051e+01
5.550000e-06	8.982277e-09	1.124334e-09	6.349224e-02	7.162380e+01
5.560000e-06	-3.661368e-08	1.105950e-09	-2.588079e-01	7.044162e+01
5.570000e-06	-8.226405e-08	1.088239e-09	-5.814927e-01	6.923290e+01
5.580000e-06	-1.279791e-07	1.069020e-09	-9.046350e-01	6.799650e+01
5.590000e-06	-1.736500e-07	1.048689e-09	-1.227464e+00	6.673124e+01
5.600000e-06	-2.193188e-07	1.026541e-09	-1.550280e+00	6.543589e+01
5.610000e-06	-2.649587e-07	1.002047e-09	-1.872890e+00	6.410921e+01
5.620000e-06	-3.105351e-07	9.789905e-10	-2.195052e+00	6.274991e+01
5.630000e-06	-3.560673e-07	9.574943e-10	-2.516902e+00	6.135668e+01
5.640000e-06	-4.015365e-07	9.353610e-10	-2.838306e+00	5.992822e+01
5.650000e-06	-4.470625e-07	9.144242e-10	-3.160111e+00	5.846321e+01
5.660000e-06	-4.925308e-07	8.944890e-10	-3.481510e+00	5.696037e+01
5.670000e-06	-5.378912e-07	8.712397e-10	-3.802144e+00	5.541840e+01
5.680000e-06	-5.832156e-07	8.450152e-10	-4.122525e+00	5.383607e+01
5.690000e-06	-6.284361e-07	8.162500e-10	-4.442171e+00	5.221218e+01
5.700000e-06	-6.736202e-07	7.838497e-10	-4.761560e+00	5.054560e+01
5.710000e-06	-7.188147e-07	7.514219e-10	-5.081023e+00	4.883526e+01
5.720000e-06	-7.638846e-07	7.248188e-10	-5.399604e+00	4.708016e+01
5.730000e-06	-8.088377e-07	7.053051e-10	-5.717361e+00	4.527942e+01
5.740000e-06	-8.538169e-07	6.860598e-10	-6.035301e+00	4.343223e+01
5.750000e-06	-8.987213e-07	6.595991e-10	-6.352713e+00	4.153794e+01
5.760000e-06	-9.435478e-07	6.276827e-10	-6.669574e+00	3.959599e+01
5.770000e-06	-9.883195e-07	5.940688e-10	-6.986048e+00	3.760596e+01
5.780000e-06	-1.032954e-06	5.580717e-10	-7.301553e+00	3.556760e+01
5.790000e-06	-1.077465e-06	5.199234e-10	-7.616185e+00	3.348079e+01
5.800000e-06	-1.121914e-06	4.828173e-10	-7.930374e+00	3.134558e+01
5.810000e-06	-1.166306e-06	4.506691e-10	-8.244164e+00	2.916220e+01
5.820000e-06	-1.210620e-06	4.240449e-10	-8.557401e+00	2.693103e+01
5.830000e-06	-1.254847e-06	3.961000e-10	-8.870029e+00	2.465265e+01
5.840000e-06	-1.299032e-06	3.612410e-10	-9.182358e+00	2.232782e+01
5.850000e-06	-1.343187e-06	3.223756e-10	-9.494468e+00	1.995748e+01
5.860000e-06	-1.387291e-06	2.849684e-10	-9.806221e+00	1.754275e+01
5.870000e-06	-1.431379e-06	2.456460e-10	-1.011786e+01	1.508495e+01
5.880000e-06	-1.475426e-06	2.030139e-10	-1.042922e+01	1.258557e+01
5.890000e-06	-1.519432e-06	1.620588e-10	-1.074028e+01	1.004629e+01
5.900000e-06	-1.563398e-06	1.278229e-10	-1.105105e+01	7.468957e+00
5.910000e-06	-1.607295e-06	9.583764e-11	-1.136135e+01	4.855606e+00
5.920000e-06	-1.651073e-06	5.829452e-11	-1.167080e+01	2.208423e+00
5.930000e-06	-1.694745e-06	1.523680e-11	-1.197950e+01	-4.702452e-01
5.940000e-06	-1.738382e-06	-2.864515e-11	-1.228795e+01	-3.177902e+00
5.950000e-06	-1.781944e-06	-7.153713e-11	-1.259587e+01	-5.911914e+00
5.960000e-06	-1.825333e-06	-1.162479e-10	-1.290257e+01	-8.669520e+00
5.970000e-06	-1.868593e-06	-1.617393e-10	-1.320836e+01	-1.144784e+01
5.980000e-06	-1.911807e-06	-2.042150e-10	-1.351382e+01	-1.424390e+01
5.990000e-06	-1.954904e-06	-2.433286e-10	-1.381846e+01	-1.705463e+01
6.000000e-06	-1.997741e-06	-2.850224e-10	-1.412126e+01	-1.987689e+01
6.010000e-06	-2.040337e-06	-3.307825e-10	-1.442236e+01	-2.270745e+01
6.020000e-06	-2.082769e-06	-3.776872e-10	-1.472228e+01	-2.554309e+01
6.030000e-06	-2.125053e-06	-4.224098e-10	-1.502118e+01	-2.838050e+01
6.040000e-06	-2.167210e-06	-4.660550e-10	-1.531917e+01	-3.121639e+01
6.050000e-06	-2.209268e-06	-5.131790e-10	-1.561646e+01	-3.404745e+01
6.060000e-06	-2.251213e-06	-5.604651e-10	-1.591295e+01	-3.687040e+01
6.070000e-06	-2.293032e-06	-6.043525e-10	-1.620856e+01	-3.968198e+01
6.080000e-06	-2.334746e-06	-6.479247e-10	-1.650341e+01	-4.247897e+01
6.090000e-06	-2.376333e-06	-6.927823e-10	-1.679738e+01	-4.525822e+01
6.100000e-06	-2.417686e-06	-7.384288e-10	-1.708969e+01	-4.801663e+01
6.110000e-06	-2.458834e-06	-7.815317e-10	-1.738054e+01	-5.075120e+01
6.120000e-06	-2.499741e-06	-8.232171e-10	-1.766970e+01	-5.345903e+01
6.130000e-06	-2.540382e-06	-8.649359e-10	-1.795697e+01	-5.613732e+01
6.140000e-06	-2.580882e-06	-9.067821e-10	-1.824325e+01	-5.878338e+01
6.150000e-06	-2.621266e-06	-9.471990e-10	-1.852872e+01	-6.139466e+01
6.160000e-06	-2.661535e-06	-9.860407e-10	-1.881336e+01	-6.396876e+01
6.170000e-06	-2.701723e-06	-1.026088e-09	-1.909743e+01	-6.650338e+01
6.180000e-06	-2.741822e-06	-1.067617e-09	-1.938088e+01	-6.899643e+01
6.190000e-06	-2.781766e-06	-1.106583e-09	-1.966323e+01	-7.144593e+01
6.200000e-06	-2.821589e-06	-1.142475e-09	-1.994472e+01	-7.385008e+01
6.210000e-06	-2.861341e-06	-1.176808e-09	-2.022571e+01	-7.620724e+01
6.220000e-06	-2.900974e-06	-1.210339e-09	-2.050586e+01	-7.851594e+01
6.230000e-06	-2.940321e-06	-1.243224e-09	-2.078399e+01	-8.077488e+01
6.240000e-06	-2.979294e-06	-1.276226e-09	-2.105948e+01	-8.298291e+01
6.250000e-06	-3.018040e-06	-1.311795e-09	-2.133335e+01	-8.513907e+01
6.260000e-06	-3.056495e-06	-1.348626e-09	-2.160518e+01	-8.724255e+01
6.270000e-06	-3.094466e-06	-1.384799e-09	-2.187358e+01	-8.929271e+01
6.280000e-06	-3.131974e-06	-1.415500e-09	-2.213871e+01	-9.128905e+01
6.290000e-06	-3.169075e-06	-1.440743e-09	-2.240096e+01	-9.323124e+01
6.300000e-06	-3.205877e-06	-1.465919e-09	-2.266110e+01	-9.511910e+01
6.310000e-06	-3.242438e-06	-1.492097e-09	-2.291954e+01	-9.695257e+01
6.320000e-06	-3.278749e-06	-1.516690e-09	-2.317621e+01	-9.873176e+01
6.330000e-06	-3.314867e-06	-1.543469e-09	-2.343151e+01	-1.004569e+02
6.340000e-06	-3.350885e-06	-1.574452e-09	-2.368611e+01	-1.021282e+02
6.350000e-06	-3.386812e-06	-1.604383e-09	-2.394006e+01	-1.037463e+02
6.360000e-06	-3.422578e-06	-1.629569e-09	-2.419288e+01	-1.053117e+02
6.370000e-06	-3.458190e-06	-1.648104e-09	-2.444460e+01	-1.068249e+02
6.380000e-06	-3.493617e-06	-1.664287e-09	-2.469502e+01	-1.082869e+02
6.390000e-06	-3.528792e-06	-1.681092e-09	-2.494366e+01	-1.096982e+02
6.400000e-06	-3.563654e-06	-1.700236e-09	-2.519009e+01	-1.110600e+02
6.410000e-06	-3.598231e-06	-1.721205e-09	-2.543450e+01	-1.123730e+02
6.420000e-06	-3.632579e-06	-1.743776e-09	-2.567730e+01	-1.136384e+02
6.430000e-06	-3.666767e-06	-1.768255e-09	-2.591896e+01	-1.148571e+02
6.440000e-06	-3.700737e-06	-1.788813e-09	-2.615908e+01	-1.160302e+02
6.450000e-06	-3.734392e-06	-1.803730e-09	-2.639697e+01	-1.171590e+02
6.460000e-06	-3.767801e-06	-1.813869e-09	-2.663313e+01	-1.182444e+02
6.470000e-06	-3.800970e-06	-1.824641e-09	-2.686759e+01	-1.192878e+02
6.480000e-06	-3.833792e-06	-1.839892e-09	-2.709959e+01	-1.202901e+02
6.490000e-06	-3.866266e-06	-1.859067e-09	-2.732913e+01	-1.212528e+02
6.500000e-06	-3.898537e-06	-1.880028e-09	-2.755725e+01	-1.221769e+02
6.510000e-06	-3.930644e-06	-1.899030e-09	-2.778420e+01	-1.230636e+02
6.520000e-06	-3.962593e-06	-1.913159e-09	-2.801003e+01	-1.239141e+02
6.530000e-06	-3.994390e-06	-1.922943e-09	-2.823479e+01	-1.247296e+02
6.540000e-06	-4.025907e-06	-1.929153e-09	-2.845758e+01	-1.255112e+02
6.550000e-06	-4.057060e-06	-1.935870e-09	-2.867778e+01	-1.262601e+02
6.560000e-06	-4.087813e-06	-1.948318e-09	-2.889517e+01	-1.269775e+02
6.570000e-06	-4.118040e-06	-1.964011e-09	-2.910883e+01	-1.276644e+02
6.580000e-06	-4.147868e-06	-1.978981e-09	-2.931968e+01	-1.283219e+02
6.590000e-06	-4.177189e-06	-1.991897e-09	-2.952693e+01	-1.289512e+02
6.600000e-06	-4.205981e-06	-1.999141e-09	-2.973045e+01	-1.295532e+02
6.610000e-06	-4.234513e-06	-2.003072e-09	-2.993213e+01	-1.301290e+02
6.620000e-06	-4.262742e-06	-2.008508e-09	-3.013168e+01	-1.306796e+02
6.630000e-06	-4.290778e-06	-2.015885e-09	-3.032985e+01	-1.312060e+02
6.640000e-06	-4.318717e-06	-2.025786e-09	-3.052734e+01	-1.317092e+02
6.650000e-06	-4.346448e-06	-2.036149e-09	-3.072336e+01	-1.321901e+02
6.660000e-06	-4.373905e-06	-2.044385e-09	-3.091744e+01	-1.326496e+02
6.670000e-06	-4.401021e-06	-2.050048e-09	-3.110911e+01	-1.330886e+02
6.680000e-06	-4.427827e-06	-2.052748e-09	-3.129859e+01	-1.335081e+02
6.690000e-06	-4.454337e-06	-2.053753e-09	-3.148598e+01	-1.339088e+02
6.700000e-06	-4.480506e-06	-2.057225e-09	-3.167096e+01	-1.342916e+02
6.710000e-06	-4.506409e-06	-2.064709e-09	-3.185406e+01	-1.346574e+02
6.720000e-06	-4.532032e-06	-2.073483e-09	-3.203518e+01	-1.350069e+02
6.730000e-06	-4.557304e-06	-2.081802e-09	-3.221382e+01	-1.353409e+02
6.740000e-06	-4.582166e-06	-2.087777e-09	-3.238956e+01	-1.356601e+02
6.750000e-06	-4.606658e-06	-2.091168e-09	-3.256268e+01	-1.359654e+02
6.760000e-06	-4.630908e-06	-2.093897e-09	-3.273409e+01	-1.362573e+02
6.770000e-06	-4.654961e-06	-2.095057e-09	-3.290412e+01	-1.365366e+02
6.780000e-06	-4.678815e-06	-2.098452e-09	-3.307273e+01	-1.368039e+02
6.790000e-06	-4.702439e-06	-2.107091e-09	-3.323972e+01	-1.370598e+02
6.800000e-06	-4.725748e-06	-2.115743e-09	-3.340448e+01	-1.373050e+02
6.810000e-06	-4.748627e-06	-2.118462e-09	-3.356620e+01	-1.375400e+02
6.820000e-06	-4.771007e-06	-2.118204e-09	-3.372440e+01	-1.377653e+02
6.830000e-06	-4.792855e-06	-2.120080e-09	-3.387884e+01	-1.379815e+02
6.840000e-06	-4.814100e-06	-2.123627e-09	-3.402901e+01	-1.381890e+02
6.850000e-06	-4.834859e-06	-2.125594e-09	-3.417575e+01	-1.383882e+02
6.860000e-06	-4.855288e-06	-2.126515e-09	-3.432015e+01	-1.385795e+02
6.870000e-06	-4.875453e-06	-2.128951e-09	-3.446269e+01	-1.387633e+02
6.880000e-06	-4.895449e-06	-2.131910e-09	-3.460403e+01	-1.389400e+02
6.890000e-06	-4.915296e-06	-2.134440e-09	-3.474432e+01	-1.391097e+02
6.900000e-06	-4.934884e-06	-2.135817e-09	-3.488278e+01	-1.392727e+02
6.910000e-06	-4.954100e-06	-2.136587e-09	-3.501861e+01	-1.394292e+02
6.920000e-06	-4.972941e-06	-2.139933e-09	-3.515179e+01	-1.395794e+02
6.930000e-06	-4.991414e-06	-2.145183e-09	-3.528238e+01	-1.397233e+02
6.940000e-06	-5.009560e-06	-2.146996e-09	-3.541064e+01	-1.398611e+02
6.950000e-06	-5.027470e-06	-2.146507e-09	-3.553724e+01	-1.399927e+02
6.960000e-06	-5.045033e-06	-2.146810e-09	-3.566139e+01	-1.401182e+02
6.970000e-06	-5.062168e-06	-2.147751e-09	-3.578251e+01	-1.402375e+02
6.980000e-06	-5.078927e-06	-2.148692e-09	-3.590096e+01	-1.403505e+02
6.990000e-06	-5.095253e-06	-2.150176e-09	-3.601637e+01	-1.404572e+02
7.000000e-06	-5.111260e-06	-2.151777e-09	-3.612952e+01	-1.405573e+02
7.010000e-06	-5.127118e-06	-2.154213e-09	-3.624161e+01	-1.406508e+02
7.020000e-06	-5.142787e-06	-2.156311e-09	-3.635237e+01	-1.407374e+02
7.030000e-06	-5.158040e-06	-2.156598e-09	-3.646019e+01	-1.408169e+02
7.040000e-06	-5.172740e-06	-2.156961e-09	-3.656409e+01	-1.408892e+02
7.050000e-06	-5.186853e-06	-2.156997e-09	-3.666385e+01	-1.409540e+02
7.060000e-06	-5.200339e-06	-2.154978e-09	-3.675919e+01	-1.410110e+02
7.070000e-06	-5.213248e-06	-2.151092e-09	-3.685043e+01	-1.410601e+02
7.080000e-06	-5.225691e-06	-2.149609e-09	-3.693839e+01	-1.411010e+02
7.090000e-06	-5.237831e-06	-2.150709e-09	-3.702420e+01	-1.411335e+02
7.100000e-06	-5.249686e-06	-2.151699e-09	-3.710800e+01	-1.411575e+02
7.110000e-06	-5.261207e-06	-2.151468e-09	-3.718944e+01	-1.411726e+02
7.120000e-06	-5.272332e-06	-2.151017e-09	-3.726807e+01	-1.411789e+02
7.130000e-06	-5.282982e-06	-2.150614e-09	-3.734336e+01	-1.411762e+02
7.140000e-06	-5.293266e-06	-2.150505e-09	-3.741604e+01	-1.411644e+02
7.150000e-06	-5.303209e-06	-2.150633e-09	-3.748633e+01	-1.411434e+02
7.160000e-06	-5.312784e-06	-2.148495e-09	-3.755401e+01	-1.411133e+02
7.170000e-06	-5.322005e-06	-2.145389e-09	-3.761919e+01	-1.410741e+02
7.180000e-06	-5.330837e-06	-2.142905e-09	-3.768162e+01	-1.410260e+02
7.190000e-06	-5.339347e-06	-2.140506e-09	-3.774178e+01	-1.409691e+02
7.200000e-06	-5.347592e-06	-2.138829e-09	-3.780006e+01	-1.409035e+02
7.210000e-06	-5.355597e-06	-2.139028e-09	-3.785664e+01	-1.408297e+02
7.220000e-06	-5.363326e-06	-2.139414e-09	-3.791127e+01	-1.407478e+02
7.230000e-06	-5.370674e-06	-2.138137e-09	-3.796322e+01	-1.406583e+02
7.240000e-06	-5.377618e-06	-2.135762e-09	-3.801230e+01	-1.405616e+02
7.250000e-06	-5.384054e-06	-2.132387e-09	-3.805779e+01	-1.404583e+02
7.260000e-06	-5.389870e-06	-2.128216e-09	-3.809890e+01	-1.403489e+02
7.270000e-06	-5.395116e-06	-2.123433e-09	-3.813599e+01	-1.402339e+02
7.280000e-06	-5.399919e-06	-2.118968e-09	-3.816994e+01	-1.401142e+02
7.290000e-06	-5.404331e-06	-2.118078e-09	-3.820112e+01	-1.399903e+02
7.300000e-06	-5.408428e-06	-2.118977e-09	-3.823008e+01	-1.398630e+02
7.310000e-06	-5.412296e-06	-2.116727e-09	-3.825743e+01	-1.397330e+02
7.320000e-06	-5.415860e-06	-2.112648e-09	-3.828261e+01	-1.396014e+02
7.330000e-06	-5.419057e-06	-2.109562e-09	-3.830522e+01	-1.394687e+02
7.340000e-06	-5.421926e-06	-2.106975e-09	-3.832550e+01	-1.393360e+02
7.350000e-06	-5.424434e-06	-2.103652e-09	-3.834322e+01	-1.392040e+02
7.360000e-06	-5.426621e-06	-2.099745e-09	-3.835868e+01	-1.390737e+02
7.370000e-06	-5.428557e-06	-2.096666e-09	-3.837237e+01	-1.389458e+02
7.380000e-06	-5.429998e-06	-2.095905e-09	-3.838255e+01	-1.388214e+02
7.390000e-06	-5.430908e-06	-2.095479e-09	-3.838899e+01	-1.387012e+02
7.400000e-06	-5.431531e-06	-2.095059e-09	-3.839339e+01	-1.385860e+02
