# Temperatura_=_-5.48
# Concentracion g/m^3_=_4090.0
# C_Vs_to_Am_M_A/Vsm_=_65563218390.804596
# pendiente_HvsI_1/m_=_3716.3
# ordenada_HvsI_A/m_=_1297.0
# frecuencia_Hz_=_135077.6675263349

Tiempo_(s)	Campo_(V.s)	Magnetizacion_(V.s)	Campo_(kA/m)	Magnetizacion_(A/m)
0.000000e+00	-5.414695e-06	-1.455770e-09	-3.839104e+01	-9.577614e+01
1.000000e-08	-5.414880e-06	-1.454087e-09	-3.839236e+01	-9.565659e+01
2.000000e-08	-5.414826e-06	-1.453082e-09	-3.839197e+01	-9.554088e+01
3.000000e-08	-5.414391e-06	-1.449879e-09	-3.838889e+01	-9.542935e+01
4.000000e-08	-5.413519e-06	-1.444891e-09	-3.838271e+01	-9.532227e+01
5.000000e-08	-5.412237e-06	-1.442031e-09	-3.837361e+01	-9.521986e+01
6.000000e-08	-5.410323e-06	-1.440181e-09	-3.836005e+01	-9.512227e+01
7.000000e-08	-5.407746e-06	-1.439230e-09	-3.834177e+01	-9.502960e+01
8.000000e-08	-5.404668e-06	-1.459716e-09	-3.831995e+01	-9.494189e+01
9.000000e-08	-5.401065e-06	-1.468739e-09	-3.829440e+01	-9.485912e+01
1.000000e-07	-5.396917e-06	-1.438297e-09	-3.826499e+01	-9.478119e+01
1.100000e-07	-5.392558e-06	-1.419604e-09	-3.823408e+01	-9.470795e+01
1.200000e-07	-5.388189e-06	-1.470044e-09	-3.820311e+01	-9.463920e+01
1.300000e-07	-5.383472e-06	-1.443051e-09	-3.816967e+01	-9.457467e+01
1.400000e-07	-5.378200e-06	-1.419503e-09	-3.813229e+01	-9.451404e+01
1.500000e-07	-5.372506e-06	-1.393555e-09	-3.809191e+01	-9.445694e+01
1.600000e-07	-5.366591e-06	-1.480795e-09	-3.804998e+01	-9.440293e+01
1.700000e-07	-5.360286e-06	-1.444012e-09	-3.800527e+01	-9.435156e+01
1.800000e-07	-5.353395e-06	-1.397216e-09	-3.795641e+01	-9.430229e+01
1.900000e-07	-5.346151e-06	-1.409064e-09	-3.790505e+01	-9.425460e+01
2.000000e-07	-5.338809e-06	-1.474498e-09	-3.785300e+01	-9.420788e+01
2.100000e-07	-5.331337e-06	-1.433808e-09	-3.780002e+01	-9.416152e+01
2.200000e-07	-5.323540e-06	-1.377467e-09	-3.774474e+01	-9.411490e+01
2.300000e-07	-5.315399e-06	-1.444002e-09	-3.768702e+01	-9.406736e+01
2.400000e-07	-5.306937e-06	-1.487318e-09	-3.762702e+01	-9.401823e+01
2.500000e-07	-5.297807e-06	-1.456359e-09	-3.756229e+01	-9.396684e+01
2.600000e-07	-5.288006e-06	-1.418511e-09	-3.749280e+01	-9.391251e+01
2.700000e-07	-5.277752e-06	-1.498562e-09	-3.742009e+01	-9.385458e+01
2.800000e-07	-5.266903e-06	-1.477107e-09	-3.734317e+01	-9.379239e+01
2.900000e-07	-5.255514e-06	-1.410938e-09	-3.726242e+01	-9.372528e+01
3.000000e-07	-5.243702e-06	-1.411233e-09	-3.717867e+01	-9.365264e+01
3.100000e-07	-5.231520e-06	-1.489127e-09	-3.709230e+01	-9.357387e+01
3.200000e-07	-5.218932e-06	-1.437055e-09	-3.700305e+01	-9.348840e+01
3.300000e-07	-5.206002e-06	-1.417872e-09	-3.691138e+01	-9.339569e+01
3.400000e-07	-5.192692e-06	-1.445218e-09	-3.681700e+01	-9.329525e+01
3.500000e-07	-5.178978e-06	-1.465127e-09	-3.671977e+01	-9.318661e+01
3.600000e-07	-5.164910e-06	-1.403784e-09	-3.662003e+01	-9.306938e+01
3.700000e-07	-5.150324e-06	-1.427615e-09	-3.651661e+01	-9.294319e+01
3.800000e-07	-5.134975e-06	-1.415479e-09	-3.640778e+01	-9.280772e+01
3.900000e-07	-5.119048e-06	-1.392054e-09	-3.629486e+01	-9.266272e+01
4.000000e-07	-5.102815e-06	-1.400260e-09	-3.617976e+01	-9.250798e+01
4.100000e-07	-5.086208e-06	-1.445944e-09	-3.606202e+01	-9.234335e+01
4.200000e-07	-5.069190e-06	-1.401755e-09	-3.594136e+01	-9.216873e+01
4.300000e-07	-5.051931e-06	-1.385249e-09	-3.581898e+01	-9.198409e+01
4.400000e-07	-5.034438e-06	-1.427715e-09	-3.569496e+01	-9.178942e+01
4.500000e-07	-5.016608e-06	-1.422159e-09	-3.556854e+01	-9.158481e+01
4.600000e-07	-4.998385e-06	-1.372903e-09	-3.543934e+01	-9.137035e+01
4.700000e-07	-4.979753e-06	-1.376010e-09	-3.530724e+01	-9.114623e+01
4.800000e-07	-4.960817e-06	-1.396377e-09	-3.517298e+01	-9.091266e+01
4.900000e-07	-4.941550e-06	-1.376651e-09	-3.503636e+01	-9.066989e+01
5.000000e-07	-4.921998e-06	-1.375983e-09	-3.489774e+01	-9.041822e+01
5.100000e-07	-4.902229e-06	-1.368530e-09	-3.475758e+01	-9.015798e+01
5.200000e-07	-4.882243e-06	-1.361560e-09	-3.461587e+01	-8.988957e+01
5.300000e-07	-4.861975e-06	-1.364418e-09	-3.447217e+01	-8.961336e+01
5.400000e-07	-4.841396e-06	-1.378368e-09	-3.432626e+01	-8.932980e+01
5.500000e-07	-4.820464e-06	-1.345819e-09	-3.417785e+01	-8.903932e+01
5.600000e-07	-4.799164e-06	-1.345485e-09	-3.402683e+01	-8.874241e+01
5.700000e-07	-4.777488e-06	-1.357218e-09	-3.387314e+01	-8.843954e+01
5.800000e-07	-4.755459e-06	-1.351335e-09	-3.371695e+01	-8.813119e+01
5.900000e-07	-4.733156e-06	-1.315571e-09	-3.355882e+01	-8.781786e+01
6.000000e-07	-4.710578e-06	-1.320084e-09	-3.339874e+01	-8.750005e+01
6.100000e-07	-4.687697e-06	-1.324953e-09	-3.323651e+01	-8.717824e+01
6.200000e-07	-4.664503e-06	-1.332845e-09	-3.307206e+01	-8.685290e+01
6.300000e-07	-4.640961e-06	-1.318560e-09	-3.290515e+01	-8.652450e+01
6.400000e-07	-4.617142e-06	-1.313917e-09	-3.273626e+01	-8.619350e+01
6.500000e-07	-4.593179e-06	-1.308135e-09	-3.256636e+01	-8.586031e+01
6.600000e-07	-4.569029e-06	-1.317048e-09	-3.239514e+01	-8.552535e+01
6.700000e-07	-4.544566e-06	-1.299836e-09	-3.222169e+01	-8.518898e+01
6.800000e-07	-4.519656e-06	-1.284806e-09	-3.204507e+01	-8.485157e+01
6.900000e-07	-4.494205e-06	-1.279704e-09	-3.186462e+01	-8.451342e+01
7.000000e-07	-4.468160e-06	-1.291080e-09	-3.167996e+01	-8.417482e+01
7.100000e-07	-4.441532e-06	-1.287745e-09	-3.149116e+01	-8.383602e+01
7.200000e-07	-4.414452e-06	-1.279127e-09	-3.129916e+01	-8.349723e+01
7.300000e-07	-4.387104e-06	-1.272675e-09	-3.110526e+01	-8.315862e+01
7.400000e-07	-4.359594e-06	-1.276101e-09	-3.091021e+01	-8.282035e+01
7.500000e-07	-4.331864e-06	-1.272214e-09	-3.071359e+01	-8.248250e+01
7.600000e-07	-4.303917e-06	-1.256767e-09	-3.051545e+01	-8.214515e+01
7.700000e-07	-4.275715e-06	-1.248221e-09	-3.031549e+01	-8.180832e+01
7.800000e-07	-4.247163e-06	-1.250889e-09	-3.011305e+01	-8.147200e+01
7.900000e-07	-4.218335e-06	-1.256248e-09	-2.990866e+01	-8.113617e+01
8.000000e-07	-4.189259e-06	-1.249251e-09	-2.970251e+01	-8.080074e+01
8.100000e-07	-4.159926e-06	-1.240690e-09	-2.949453e+01	-8.046562e+01
8.200000e-07	-4.130319e-06	-1.231843e-09	-2.928461e+01	-8.013068e+01
8.300000e-07	-4.100408e-06	-1.230683e-09	-2.907254e+01	-7.979577e+01
8.400000e-07	-4.070283e-06	-1.220229e-09	-2.885895e+01	-7.946069e+01
8.500000e-07	-4.039835e-06	-1.213166e-09	-2.864307e+01	-7.912527e+01
8.600000e-07	-4.009058e-06	-1.207405e-09	-2.842485e+01	-7.878929e+01
8.700000e-07	-3.978080e-06	-1.214762e-09	-2.820521e+01	-7.845251e+01
8.800000e-07	-3.946855e-06	-1.211330e-09	-2.798382e+01	-7.811470e+01
8.900000e-07	-3.915348e-06	-1.201735e-09	-2.776043e+01	-7.777561e+01
9.000000e-07	-3.883671e-06	-1.184444e-09	-2.753584e+01	-7.743499e+01
9.100000e-07	-3.851936e-06	-1.180381e-09	-2.731083e+01	-7.709258e+01
9.200000e-07	-3.820000e-06	-1.173102e-09	-2.708440e+01	-7.674813e+01
9.300000e-07	-3.787779e-06	-1.168900e-09	-2.685595e+01	-7.640139e+01
9.400000e-07	-3.755225e-06	-1.164458e-09	-2.662514e+01	-7.605210e+01
9.500000e-07	-3.722315e-06	-1.168311e-09	-2.639180e+01	-7.570003e+01
9.600000e-07	-3.689034e-06	-1.165025e-09	-2.615583e+01	-7.534496e+01
9.700000e-07	-3.655305e-06	-1.153407e-09	-2.591669e+01	-7.498667e+01
9.800000e-07	-3.621154e-06	-1.133812e-09	-2.567455e+01	-7.462496e+01
9.900000e-07	-3.586499e-06	-1.123506e-09	-2.542884e+01	-7.425965e+01
1.000000e-06	-3.551461e-06	-1.116979e-09	-2.518041e+01	-7.389056e+01
1.010000e-06	-3.516241e-06	-1.112736e-09	-2.493071e+01	-7.351755e+01
1.020000e-06	-3.480747e-06	-1.107293e-09	-2.467904e+01	-7.314049e+01
1.030000e-06	-3.445038e-06	-1.105823e-09	-2.442586e+01	-7.275926e+01
1.040000e-06	-3.409237e-06	-1.104397e-09	-2.417202e+01	-7.237379e+01
1.050000e-06	-3.373333e-06	-1.096680e-09	-2.391746e+01	-7.198399e+01
1.060000e-06	-3.337284e-06	-1.081949e-09	-2.366187e+01	-7.158981e+01
1.070000e-06	-3.300979e-06	-1.065803e-09	-2.340446e+01	-7.119123e+01
1.080000e-06	-3.264362e-06	-1.056270e-09	-2.314484e+01	-7.078822e+01
1.090000e-06	-3.227458e-06	-1.052008e-09	-2.288318e+01	-7.038080e+01
1.100000e-06	-3.190306e-06	-1.050335e-09	-2.261977e+01	-6.996898e+01
1.110000e-06	-3.152989e-06	-1.045985e-09	-2.235519e+01	-6.955280e+01
1.120000e-06	-3.115479e-06	-1.042556e-09	-2.208924e+01	-6.913230e+01
1.130000e-06	-3.077749e-06	-1.033246e-09	-2.182173e+01	-6.870754e+01
1.140000e-06	-3.039750e-06	-1.021850e-09	-2.155231e+01	-6.827861e+01
1.150000e-06	-3.001584e-06	-1.009184e-09	-2.128170e+01	-6.784556e+01
1.160000e-06	-2.963357e-06	-1.003625e-09	-2.101067e+01	-6.740850e+01
1.170000e-06	-2.924876e-06	-1.000789e-09	-2.073783e+01	-6.696751e+01
1.180000e-06	-2.886120e-06	-9.999206e-10	-2.046305e+01	-6.652269e+01
1.190000e-06	-2.847218e-06	-9.924405e-10	-2.018722e+01	-6.607411e+01
1.200000e-06	-2.808084e-06	-9.850309e-10	-1.990976e+01	-6.562189e+01
1.210000e-06	-2.768671e-06	-9.772984e-10	-1.963031e+01	-6.516611e+01
1.220000e-06	-2.729115e-06	-9.724944e-10	-1.934985e+01	-6.470685e+01
1.230000e-06	-2.689465e-06	-9.656820e-10	-1.906873e+01	-6.424419e+01
1.240000e-06	-2.649706e-06	-9.609764e-10	-1.878683e+01	-6.377820e+01
1.250000e-06	-2.609870e-06	-9.542780e-10	-1.850439e+01	-6.330894e+01
1.260000e-06	-2.569923e-06	-9.500592e-10	-1.822116e+01	-6.283647e+01
1.270000e-06	-2.529844e-06	-9.442406e-10	-1.793699e+01	-6.236082e+01
1.280000e-06	-2.489675e-06	-9.369238e-10	-1.765219e+01	-6.188201e+01
1.290000e-06	-2.449396e-06	-9.269103e-10	-1.736660e+01	-6.140006e+01
1.300000e-06	-2.408899e-06	-9.191720e-10	-1.707947e+01	-6.091496e+01
1.310000e-06	-2.368150e-06	-9.113717e-10	-1.679056e+01	-6.042670e+01
1.320000e-06	-2.327158e-06	-9.046823e-10	-1.649992e+01	-5.993525e+01
1.330000e-06	-2.285852e-06	-8.990562e-10	-1.620705e+01	-5.944055e+01
1.340000e-06	-2.244224e-06	-8.964190e-10	-1.591190e+01	-5.894256e+01
1.350000e-06	-2.202326e-06	-8.948069e-10	-1.561483e+01	-5.844118e+01
1.360000e-06	-2.160158e-06	-8.891941e-10	-1.531586e+01	-5.793633e+01
1.370000e-06	-2.117710e-06	-8.803961e-10	-1.501490e+01	-5.742790e+01
1.380000e-06	-2.075098e-06	-8.702393e-10	-1.471277e+01	-5.691578e+01
1.390000e-06	-2.032290e-06	-8.605047e-10	-1.440926e+01	-5.639984e+01
1.400000e-06	-1.989233e-06	-8.515193e-10	-1.410397e+01	-5.587993e+01
1.410000e-06	-1.945980e-06	-8.442656e-10	-1.379731e+01	-5.535591e+01
1.420000e-06	-1.902577e-06	-8.378141e-10	-1.348957e+01	-5.482760e+01
1.430000e-06	-1.859036e-06	-8.353908e-10	-1.318086e+01	-5.429486e+01
1.440000e-06	-1.815390e-06	-8.323206e-10	-1.287140e+01	-5.375749e+01
1.450000e-06	-1.771695e-06	-8.248114e-10	-1.256160e+01	-5.321533e+01
1.460000e-06	-1.727925e-06	-8.131220e-10	-1.225126e+01	-5.266818e+01
1.470000e-06	-1.684122e-06	-8.020179e-10	-1.194069e+01	-5.211587e+01
1.480000e-06	-1.640247e-06	-7.908580e-10	-1.162961e+01	-5.155819e+01
1.490000e-06	-1.596206e-06	-7.843003e-10	-1.131735e+01	-5.099497e+01
1.500000e-06	-1.552106e-06	-7.781241e-10	-1.100468e+01	-5.042601e+01
1.510000e-06	-1.507971e-06	-7.702801e-10	-1.069175e+01	-4.985113e+01
1.520000e-06	-1.463633e-06	-7.589570e-10	-1.037739e+01	-4.927015e+01
1.530000e-06	-1.419292e-06	-7.465918e-10	-1.006300e+01	-4.868289e+01
1.540000e-06	-1.374978e-06	-7.316135e-10	-9.748813e+00	-4.808917e+01
1.550000e-06	-1.330497e-06	-7.164550e-10	-9.433435e+00	-4.748882e+01
1.560000e-06	-1.285897e-06	-7.022330e-10	-9.117211e+00	-4.688169e+01
1.570000e-06	-1.241298e-06	-6.971180e-10	-8.800997e+00	-4.626761e+01
1.580000e-06	-1.196644e-06	-6.950902e-10	-8.484391e+00	-4.564644e+01
1.590000e-06	-1.151814e-06	-6.888108e-10	-8.166540e+00	-4.501804e+01
1.600000e-06	-1.106873e-06	-6.770684e-10	-7.847901e+00	-4.438227e+01
1.610000e-06	-1.061883e-06	-6.633629e-10	-7.528916e+00	-4.373901e+01
1.620000e-06	-1.016876e-06	-6.492621e-10	-7.209811e+00	-4.308814e+01
1.630000e-06	-9.717434e-07	-6.360000e-10	-6.889814e+00	-4.242954e+01
1.640000e-06	-9.264172e-07	-6.254180e-10	-6.568444e+00	-4.176311e+01
1.650000e-06	-8.810057e-07	-6.203049e-10	-6.246469e+00	-4.108875e+01
1.660000e-06	-8.355644e-07	-6.155909e-10	-5.924283e+00	-4.040638e+01
1.670000e-06	-7.901018e-07	-6.083729e-10	-5.601946e+00	-3.971589e+01
1.680000e-06	-7.446425e-07	-5.990742e-10	-5.279632e+00	-3.901722e+01
1.690000e-06	-6.991006e-07	-5.855252e-10	-4.956733e+00	-3.831028e+01
1.700000e-06	-6.534735e-07	-5.708453e-10	-4.633230e+00	-3.759500e+01
1.710000e-06	-6.078155e-07	-5.563026e-10	-4.309508e+00	-3.687131e+01
1.720000e-06	-5.621095e-07	-5.451781e-10	-3.985445e+00	-3.613914e+01
1.730000e-06	-5.163595e-07	-5.379412e-10	-3.661070e+00	-3.539842e+01
1.740000e-06	-4.706327e-07	-5.305651e-10	-3.336860e+00	-3.464910e+01
1.750000e-06	-4.248767e-07	-5.191291e-10	-3.012443e+00	-3.389109e+01
1.760000e-06	-3.790468e-07	-5.061002e-10	-2.687501e+00	-3.312433e+01
1.770000e-06	-3.332153e-07	-4.923332e-10	-2.362549e+00	-3.234877e+01
1.780000e-06	-2.872919e-07	-4.787817e-10	-2.036945e+00	-3.156432e+01
1.790000e-06	-2.412947e-07	-4.657108e-10	-1.710818e+00	-3.077092e+01
1.800000e-06	-1.953391e-07	-4.541877e-10	-1.384985e+00	-2.996850e+01
1.810000e-06	-1.494532e-07	-4.400672e-10	-1.059647e+00	-2.915698e+01
1.820000e-06	-1.035612e-07	-4.269657e-10	-7.342650e-01	-2.833628e+01
1.830000e-06	-5.763480e-08	-4.142781e-10	-4.086398e-01	-2.750632e+01
1.840000e-06	-1.171939e-08	-4.001417e-10	-8.309230e-02	-2.666702e+01
1.850000e-06	3.413775e-08	-3.875361e-10	2.420420e-01	-2.581829e+01
1.860000e-06	7.999439e-08	-3.778344e-10	5.671728e-01	-2.496004e+01
1.870000e-06	1.258503e-07	-3.673721e-10	8.922987e-01	-2.409220e+01
1.880000e-06	1.716727e-07	-3.571930e-10	1.217187e+00	-2.321465e+01
1.890000e-06	2.175413e-07	-3.442398e-10	1.542402e+00	-2.232732e+01
1.900000e-06	2.634262e-07	-3.282356e-10	1.867733e+00	-2.143011e+01
1.910000e-06	3.092736e-07	-3.123081e-10	2.192798e+00	-2.052292e+01
1.920000e-06	3.550676e-07	-2.972383e-10	2.517485e+00	-1.960568e+01
1.930000e-06	4.008480e-07	-2.827622e-10	2.842076e+00	-1.867828e+01
1.940000e-06	4.466653e-07	-2.684118e-10	3.166927e+00	-1.774064e+01
1.950000e-06	4.924728e-07	-2.541523e-10	3.491710e+00	-1.679269e+01
1.960000e-06	5.382048e-07	-2.425691e-10	3.815956e+00	-1.583434e+01
1.970000e-06	5.838664e-07	-2.299800e-10	4.139705e+00	-1.486553e+01
1.980000e-06	6.294363e-07	-2.144859e-10	4.462803e+00	-1.388620e+01
1.990000e-06	6.749378e-07	-1.986848e-10	4.785415e+00	-1.289627e+01
2.000000e-06	7.204483e-07	-1.824662e-10	5.108092e+00	-1.189573e+01
2.010000e-06	7.659196e-07	-1.662841e-10	5.430490e+00	-1.088451e+01
2.020000e-06	8.113797e-07	-1.499955e-10	5.752810e+00	-9.862616e+00
2.030000e-06	8.568154e-07	-1.335882e-10	6.074956e+00	-8.830019e+00
2.040000e-06	9.021347e-07	-1.183932e-10	6.396277e+00	-7.786724e+00
2.050000e-06	9.474092e-07	-1.041123e-10	6.717281e+00	-6.732748e+00
2.060000e-06	9.926603e-07	-8.859486e-11	7.038118e+00	-5.668121e+00
2.070000e-06	1.037837e-06	-7.383448e-11	7.358427e+00	-4.592889e+00
2.080000e-06	1.082880e-06	-5.646981e-11	7.677792e+00	-3.507116e+00
2.090000e-06	1.127850e-06	-3.830103e-11	7.996633e+00	-2.410882e+00
2.100000e-06	1.172721e-06	-2.073261e-11	8.314775e+00	-1.304284e+00
2.110000e-06	1.217467e-06	-2.965033e-12	8.632036e+00	-1.874379e-01
2.120000e-06	1.262135e-06	1.563375e-11	8.948737e+00	9.395227e-01
2.130000e-06	1.306709e-06	3.247445e-11	9.264775e+00	2.076445e+00
2.140000e-06	1.351138e-06	4.722063e-11	9.579780e+00	3.223156e+00
2.150000e-06	1.395411e-06	6.030286e-11	9.893681e+00	4.379467e+00
2.160000e-06	1.439603e-06	7.623713e-11	1.020701e+01	5.545167e+00
2.170000e-06	1.483741e-06	9.856394e-11	1.051996e+01	6.720026e+00
2.180000e-06	1.527855e-06	1.197574e-10	1.083273e+01	7.903798e+00
2.190000e-06	1.571903e-06	1.383726e-10	1.114504e+01	9.096215e+00
2.200000e-06	1.615847e-06	1.586458e-10	1.145661e+01	1.029699e+01
2.210000e-06	1.659712e-06	1.781012e-10	1.176762e+01	1.150583e+01
2.220000e-06	1.703529e-06	1.961931e-10	1.207829e+01	1.272239e+01
2.230000e-06	1.747315e-06	2.144831e-10	1.238874e+01	1.394635e+01
2.240000e-06	1.791057e-06	2.350931e-10	1.269888e+01	1.517735e+01
2.250000e-06	1.834756e-06	2.585585e-10	1.300871e+01	1.641501e+01
2.260000e-06	1.878369e-06	2.815532e-10	1.331793e+01	1.765895e+01
2.270000e-06	1.921835e-06	3.015423e-10	1.362611e+01	1.890875e+01
2.280000e-06	1.965181e-06	3.218434e-10	1.393344e+01	2.016399e+01
2.290000e-06	2.008444e-06	3.448244e-10	1.424018e+01	2.142424e+01
2.300000e-06	2.051545e-06	3.650893e-10	1.454578e+01	2.268905e+01
2.310000e-06	2.094345e-06	3.820052e-10	1.484923e+01	2.395794e+01
2.320000e-06	2.136853e-06	4.003851e-10	1.515062e+01	2.523044e+01
2.330000e-06	2.179162e-06	4.222330e-10	1.545060e+01	2.650605e+01
2.340000e-06	2.221169e-06	4.442243e-10	1.574844e+01	2.778427e+01
2.350000e-06	2.262709e-06	4.639380e-10	1.604297e+01	2.906457e+01
2.360000e-06	2.303929e-06	4.836088e-10	1.633522e+01	3.034643e+01
2.370000e-06	2.344988e-06	5.075474e-10	1.662633e+01	3.162930e+01
2.380000e-06	2.385756e-06	5.324454e-10	1.691538e+01	3.291263e+01
2.390000e-06	2.426274e-06	5.540730e-10	1.720267e+01	3.419584e+01
2.400000e-06	2.466592e-06	5.722259e-10	1.748852e+01	3.547837e+01
2.410000e-06	2.506719e-06	5.891391e-10	1.777303e+01	3.675962e+01
2.420000e-06	2.546762e-06	6.112134e-10	1.805694e+01	3.803899e+01
2.430000e-06	2.586752e-06	6.380092e-10	1.834048e+01	3.931589e+01
2.440000e-06	2.626665e-06	6.615666e-10	1.862347e+01	4.058969e+01
2.450000e-06	2.666450e-06	6.794494e-10	1.890555e+01	4.185978e+01
2.460000e-06	2.706122e-06	6.971792e-10	1.918683e+01	4.312551e+01
2.470000e-06	2.745656e-06	7.163735e-10	1.946713e+01	4.438625e+01
2.480000e-06	2.785004e-06	7.340593e-10	1.974612e+01	4.564136e+01
2.490000e-06	2.824137e-06	7.499846e-10	2.002358e+01	4.689018e+01
2.500000e-06	2.863021e-06	7.693722e-10	2.029927e+01	4.813205e+01
2.510000e-06	2.901710e-06	7.936201e-10	2.057358e+01	4.936633e+01
2.520000e-06	2.940231e-06	8.191619e-10	2.084670e+01	5.059234e+01
2.530000e-06	2.978541e-06	8.410585e-10	2.111833e+01	5.180942e+01
2.540000e-06	3.016660e-06	8.578418e-10	2.138860e+01	5.301691e+01
2.550000e-06	3.054635e-06	8.726805e-10	2.165785e+01	5.421414e+01
2.560000e-06	3.092461e-06	8.870180e-10	2.192604e+01	5.540045e+01
2.570000e-06	3.130015e-06	9.019362e-10	2.219230e+01	5.657519e+01
2.580000e-06	3.167328e-06	9.185693e-10	2.245685e+01	5.773770e+01
2.590000e-06	3.204425e-06	9.371893e-10	2.271987e+01	5.888733e+01
2.600000e-06	3.241204e-06	9.586177e-10	2.298065e+01	6.002347e+01
2.610000e-06	3.277777e-06	9.814010e-10	2.323996e+01	6.114547e+01
2.620000e-06	3.314164e-06	1.000578e-09	2.349794e+01	6.225273e+01
2.630000e-06	3.350299e-06	1.015710e-09	2.375415e+01	6.334465e+01
2.640000e-06	3.386269e-06	1.027542e-09	2.400918e+01	6.442067e+01
2.650000e-06	3.422140e-06	1.036795e-09	2.426351e+01	6.548021e+01
2.660000e-06	3.457909e-06	1.046567e-09	2.451712e+01	6.652274e+01
2.670000e-06	3.493537e-06	1.057614e-09	2.476973e+01	6.754776e+01
2.680000e-06	3.529061e-06	1.071617e-09	2.502160e+01	6.855477e+01
2.690000e-06	3.564350e-06	1.088208e-09	2.527180e+01	6.954332e+01
2.700000e-06	3.599188e-06	1.106258e-09	2.551881e+01	7.051298e+01
2.710000e-06	3.633644e-06	1.124067e-09	2.576311e+01	7.146336e+01
2.720000e-06	3.667704e-06	1.138504e-09	2.600460e+01	7.239410e+01
2.730000e-06	3.701278e-06	1.151361e-09	2.624265e+01	7.330488e+01
2.740000e-06	3.734354e-06	1.164394e-09	2.647716e+01	7.419541e+01
2.750000e-06	3.767019e-06	1.176286e-09	2.670876e+01	7.506545e+01
2.760000e-06	3.799371e-06	1.185636e-09	2.693814e+01	7.591479e+01
2.770000e-06	3.831412e-06	1.194291e-09	2.716532e+01	7.674329e+01
2.780000e-06	3.863321e-06	1.205810e-09	2.739156e+01	7.755081e+01
2.790000e-06	3.895223e-06	1.221929e-09	2.761774e+01	7.833729e+01
2.800000e-06	3.926937e-06	1.235481e-09	2.784260e+01	7.910270e+01
2.810000e-06	3.958342e-06	1.244929e-09	2.806527e+01	7.984706e+01
2.820000e-06	3.989421e-06	1.257663e-09	2.828562e+01	8.057044e+01
2.830000e-06	4.020248e-06	1.270969e-09	2.850419e+01	8.127293e+01
2.840000e-06	4.050840e-06	1.280939e-09	2.872110e+01	8.195469e+01
2.850000e-06	4.081119e-06	1.286163e-09	2.893578e+01	8.261593e+01
2.860000e-06	4.111123e-06	1.291175e-09	2.914851e+01	8.325687e+01
2.870000e-06	4.140914e-06	1.300092e-09	2.935973e+01	8.387779e+01
2.880000e-06	4.170417e-06	1.312138e-09	2.956891e+01	8.447902e+01
2.890000e-06	4.199562e-06	1.321692e-09	2.977556e+01	8.506091e+01
2.900000e-06	4.228419e-06	1.329688e-09	2.998016e+01	8.562385e+01
2.910000e-06	4.256987e-06	1.341956e-09	3.018271e+01	8.616826e+01
2.920000e-06	4.285245e-06	1.352736e-09	3.038306e+01	8.669459e+01
2.930000e-06	4.313311e-06	1.356342e-09	3.058206e+01	8.720333e+01
2.940000e-06	4.341244e-06	1.356242e-09	3.078011e+01	8.769497e+01
2.950000e-06	4.369030e-06	1.358933e-09	3.097711e+01	8.817003e+01
2.960000e-06	4.396651e-06	1.367351e-09	3.117295e+01	8.862906e+01
2.970000e-06	4.423971e-06	1.376322e-09	3.136665e+01	8.907259e+01
2.980000e-06	4.450820e-06	1.382571e-09	3.155701e+01	8.950120e+01
2.990000e-06	4.477080e-06	1.390578e-09	3.174320e+01	8.991544e+01
3.000000e-06	4.502801e-06	1.400592e-09	3.192557e+01	9.031587e+01
3.010000e-06	4.528056e-06	1.408257e-09	3.210463e+01	9.070306e+01
3.020000e-06	4.552824e-06	1.410914e-09	3.228024e+01	9.107756e+01
3.030000e-06	4.577149e-06	1.413649e-09	3.245271e+01	9.143991e+01
3.040000e-06	4.601212e-06	1.419216e-09	3.262332e+01	9.179063e+01
3.050000e-06	4.625126e-06	1.425980e-09	3.279287e+01	9.213024e+01
3.060000e-06	4.648794e-06	1.430906e-09	3.296068e+01	9.245922e+01
3.070000e-06	4.672176e-06	1.434724e-09	3.312646e+01	9.277804e+01
3.080000e-06	4.695310e-06	1.439742e-09	3.329049e+01	9.308712e+01
3.090000e-06	4.718106e-06	1.445154e-09	3.345211e+01	9.338687e+01
3.100000e-06	4.740497e-06	1.445813e-09	3.361087e+01	9.367766e+01
3.110000e-06	4.762548e-06	1.445328e-09	3.376721e+01	9.395983e+01
3.120000e-06	4.784297e-06	1.449542e-09	3.392142e+01	9.423367e+01
3.130000e-06	4.805779e-06	1.457063e-09	3.407373e+01	9.449943e+01
3.140000e-06	4.826917e-06	1.462679e-09	3.422360e+01	9.475735e+01
3.150000e-06	4.847616e-06	1.466636e-09	3.437036e+01	9.500759e+01
3.160000e-06	4.867971e-06	1.470565e-09	3.451468e+01	9.525031e+01
3.170000e-06	4.888034e-06	1.473945e-09	3.465693e+01	9.548559e+01
3.180000e-06	4.907927e-06	1.474158e-09	3.479798e+01	9.571349e+01
3.190000e-06	4.927720e-06	1.472396e-09	3.493831e+01	9.593404e+01
3.200000e-06	4.947294e-06	1.476141e-09	3.507710e+01	9.614722e+01
3.210000e-06	4.966462e-06	1.484111e-09	3.521300e+01	9.635299e+01
3.220000e-06	4.985224e-06	1.488683e-09	3.534603e+01	9.655124e+01
3.230000e-06	5.003712e-06	1.488323e-09	3.547710e+01	9.674188e+01
3.240000e-06	5.021819e-06	1.486427e-09	3.560549e+01	9.692476e+01
3.250000e-06	5.039454e-06	1.486023e-09	3.573053e+01	9.709971e+01
3.260000e-06	5.056728e-06	1.487322e-09	3.585300e+01	9.726654e+01
3.270000e-06	5.073743e-06	1.485460e-09	3.597364e+01	9.742505e+01
3.280000e-06	5.090547e-06	1.486083e-09	3.609278e+01	9.757502e+01
3.290000e-06	5.107108e-06	1.492990e-09	3.621020e+01	9.771623e+01
3.300000e-06	5.123174e-06	1.501088e-09	3.632411e+01	9.784844e+01
3.310000e-06	5.138758e-06	1.504921e-09	3.643461e+01	9.797142e+01
3.320000e-06	5.153798e-06	1.504124e-09	3.654124e+01	9.808493e+01
3.330000e-06	5.168298e-06	1.503265e-09	3.664405e+01	9.818877e+01
3.340000e-06	5.182397e-06	1.501471e-09	3.674401e+01	9.828272e+01
3.350000e-06	5.196130e-06	1.496991e-09	3.684138e+01	9.836658e+01
3.360000e-06	5.209514e-06	1.492772e-09	3.693628e+01	9.844019e+01
3.370000e-06	5.222542e-06	1.492033e-09	3.702865e+01	9.850340e+01
3.380000e-06	5.235160e-06	1.494112e-09	3.711811e+01	9.855610e+01
3.390000e-06	5.247370e-06	1.496014e-09	3.720468e+01	9.859819e+01
3.400000e-06	5.259288e-06	1.497464e-09	3.728918e+01	9.862962e+01
3.410000e-06	5.270850e-06	1.498299e-09	3.737116e+01	9.865039e+01
3.420000e-06	5.282004e-06	1.496915e-09	3.745024e+01	9.866052e+01
3.430000e-06	5.292544e-06	1.491423e-09	3.752497e+01	9.866007e+01
3.440000e-06	5.302380e-06	1.486202e-09	3.759471e+01	9.864916e+01
3.450000e-06	5.311567e-06	1.486143e-09	3.765985e+01	9.862796e+01
3.460000e-06	5.320152e-06	1.489047e-09	3.772071e+01	9.859665e+01
3.470000e-06	5.328379e-06	1.490526e-09	3.777905e+01	9.855550e+01
3.480000e-06	5.336397e-06	1.490958e-09	3.783590e+01	9.850480e+01
3.490000e-06	5.344189e-06	1.492338e-09	3.789114e+01	9.844489e+01
3.500000e-06	5.351720e-06	1.494027e-09	3.794454e+01	9.837615e+01
3.510000e-06	5.358935e-06	1.492722e-09	3.799569e+01	9.829903e+01
3.520000e-06	5.365779e-06	1.488003e-09	3.804422e+01	9.821397e+01
3.530000e-06	5.372260e-06	1.484844e-09	3.809017e+01	9.812150e+01
3.540000e-06	5.378394e-06	1.486103e-09	3.813366e+01	9.802215e+01
3.550000e-06	5.384118e-06	1.487498e-09	3.817425e+01	9.791649e+01
3.560000e-06	5.389402e-06	1.487287e-09	3.821171e+01	9.780512e+01
3.570000e-06	5.394264e-06	1.488439e-09	3.824618e+01	9.768867e+01
3.580000e-06	5.398746e-06	1.489740e-09	3.827796e+01	9.756779e+01
3.590000e-06	5.402914e-06	1.489067e-09	3.830751e+01	9.744312e+01
3.600000e-06	5.406883e-06	1.485927e-09	3.833565e+01	9.731534e+01
3.610000e-06	5.410675e-06	1.483412e-09	3.836254e+01	9.718511e+01
3.620000e-06	5.414238e-06	1.482956e-09	3.838780e+01	9.705312e+01
3.630000e-06	5.417428e-06	1.482773e-09	3.841042e+01	9.692002e+01
3.640000e-06	5.419993e-06	1.481230e-09	3.842860e+01	9.678647e+01
3.650000e-06	5.421888e-06	1.481069e-09	3.844204e+01	9.665311e+01
3.660000e-06	5.423201e-06	1.485393e-09	3.845135e+01	9.652055e+01
3.670000e-06	5.423967e-06	1.492597e-09	3.845678e+01	9.638939e+01
3.680000e-06	5.424327e-06	1.495566e-09	3.845933e+01	9.626018e+01
3.690000e-06	5.424421e-06	1.491764e-09	3.846000e+01	9.613344e+01
3.700000e-06	5.424325e-06	1.485561e-09	3.845932e+01	9.600967e+01
3.710000e-06	5.424023e-06	1.481782e-09	3.845718e+01	9.588929e+01
3.720000e-06	5.423401e-06	1.478076e-09	3.845277e+01	9.577270e+01
3.730000e-06	5.422291e-06	1.471574e-09	3.844490e+01	9.566024e+01
3.740000e-06	5.420734e-06	1.469135e-09	3.843385e+01	9.555218e+01
3.750000e-06	5.418880e-06	1.472961e-09	3.842071e+01	9.544875e+01
3.760000e-06	5.416734e-06	1.481228e-09	3.840550e+01	9.535013e+01
3.770000e-06	5.414309e-06	1.472361e-09	3.838830e+01	9.525642e+01
3.780000e-06	5.411536e-06	1.427944e-09	3.836864e+01	9.516767e+01
3.790000e-06	5.408234e-06	1.430049e-09	3.834523e+01	9.508386e+01
3.800000e-06	5.404358e-06	1.477887e-09	3.831775e+01	9.500491e+01
3.810000e-06	5.400175e-06	1.429007e-09	3.828809e+01	9.493068e+01
3.820000e-06	5.395963e-06	1.424496e-09	3.825823e+01	9.486098e+01
3.830000e-06	5.391655e-06	1.426091e-09	3.822768e+01	9.479555e+01
3.840000e-06	5.386763e-06	1.467772e-09	3.819300e+01	9.473408e+01
3.850000e-06	5.381142e-06	1.434884e-09	3.815315e+01	9.467619e+01
3.860000e-06	5.375244e-06	1.369854e-09	3.811133e+01	9.462148e+01
3.870000e-06	5.369147e-06	1.439568e-09	3.806809e+01	9.456948e+01
3.880000e-06	5.362338e-06	1.444796e-09	3.801982e+01	9.451968e+01
3.890000e-06	5.354830e-06	1.409606e-09	3.796659e+01	9.447155e+01
3.900000e-06	5.346996e-06	1.360104e-09	3.791105e+01	9.442449e+01
3.910000e-06	5.338919e-06	1.464846e-09	3.785378e+01	9.437790e+01
3.920000e-06	5.330460e-06	1.445856e-09	3.779380e+01	9.433115e+01
3.930000e-06	5.321596e-06	1.346886e-09	3.773096e+01	9.428358e+01
3.940000e-06	5.312439e-06	1.337743e-09	3.766603e+01	9.423454e+01
3.950000e-06	5.302980e-06	1.449826e-09	3.759896e+01	9.418336e+01
3.960000e-06	5.293057e-06	1.420214e-09	3.752861e+01	9.412935e+01
3.970000e-06	5.282755e-06	1.324076e-09	3.745557e+01	9.407184e+01
3.980000e-06	5.272244e-06	1.394284e-09	3.738104e+01	9.401018e+01
3.990000e-06	5.261309e-06	1.496695e-09	3.730351e+01	9.394372e+01
4.000000e-06	5.249934e-06	1.419174e-09	3.722286e+01	9.387183e+01
4.010000e-06	5.238256e-06	1.334593e-09	3.714006e+01	9.379390e+01
4.020000e-06	5.226113e-06	1.430046e-09	3.705397e+01	9.370936e+01
4.030000e-06	5.213492e-06	1.446419e-09	3.696448e+01	9.361768e+01
4.040000e-06	5.200596e-06	1.348627e-09	3.687304e+01	9.351834e+01
4.050000e-06	5.187258e-06	1.340243e-09	3.677848e+01	9.341088e+01
4.060000e-06	5.173148e-06	1.441039e-09	3.667843e+01	9.329488e+01
4.070000e-06	5.158255e-06	1.400656e-09	3.657284e+01	9.316999e+01
4.080000e-06	5.142881e-06	1.372940e-09	3.646383e+01	9.303586e+01
4.090000e-06	5.127160e-06	1.406693e-09	3.635237e+01	9.289225e+01
4.100000e-06	5.111105e-06	1.397722e-09	3.623854e+01	9.273892e+01
4.110000e-06	5.094818e-06	1.331823e-09	3.612306e+01	9.257573e+01
4.120000e-06	5.078354e-06	1.373090e-09	3.600633e+01	9.240256e+01
4.130000e-06	5.061568e-06	1.368866e-09	3.588731e+01	9.221937e+01
4.140000e-06	5.044437e-06	1.318414e-09	3.576585e+01	9.202615e+01
4.150000e-06	5.026895e-06	1.332806e-09	3.564148e+01	9.182297e+01
4.160000e-06	5.008884e-06	1.397050e-09	3.551377e+01	9.160993e+01
4.170000e-06	4.990610e-06	1.355136e-09	3.538421e+01	9.138718e+01
4.180000e-06	4.972143e-06	1.331694e-09	3.525328e+01	9.115495e+01
4.190000e-06	4.953294e-06	1.354196e-09	3.511963e+01	9.091347e+01
4.200000e-06	4.934031e-06	1.342090e-09	3.498306e+01	9.066304e+01
4.210000e-06	4.914459e-06	1.319719e-09	3.484429e+01	9.040399e+01
4.220000e-06	4.894610e-06	1.325994e-09	3.470355e+01	9.013669e+01
4.230000e-06	4.874548e-06	1.310637e-09	3.456131e+01	8.986153e+01
4.240000e-06	4.854314e-06	1.304717e-09	3.441785e+01	8.957895e+01
4.250000e-06	4.833865e-06	1.334358e-09	3.427287e+01	8.928937e+01
4.260000e-06	4.813042e-06	1.317591e-09	3.412523e+01	8.899328e+01
4.270000e-06	4.791656e-06	1.293028e-09	3.397360e+01	8.869115e+01
4.280000e-06	4.769758e-06	1.306280e-09	3.381834e+01	8.838346e+01
4.290000e-06	4.747295e-06	1.316388e-09	3.365907e+01	8.807071e+01
4.300000e-06	4.724219e-06	1.286010e-09	3.349546e+01	8.775339e+01
4.310000e-06	4.700721e-06	1.278745e-09	3.332885e+01	8.743199e+01
4.320000e-06	4.676904e-06	1.272525e-09	3.315999e+01	8.710698e+01
4.330000e-06	4.652887e-06	1.274924e-09	3.298970e+01	8.677885e+01
4.340000e-06	4.628677e-06	1.270696e-09	3.281805e+01	8.644803e+01
4.350000e-06	4.604193e-06	1.261270e-09	3.264445e+01	8.611496e+01
4.360000e-06	4.579441e-06	1.245137e-09	3.246896e+01	8.578004e+01
4.370000e-06	4.554424e-06	1.260204e-09	3.229158e+01	8.544367e+01
4.380000e-06	4.529049e-06	1.256783e-09	3.211167e+01	8.510618e+01
4.390000e-06	4.503302e-06	1.243108e-09	3.192912e+01	8.476792e+01
4.400000e-06	4.477216e-06	1.227264e-09	3.174417e+01	8.442915e+01
4.410000e-06	4.450861e-06	1.229824e-09	3.155731e+01	8.409015e+01
4.420000e-06	4.424292e-06	1.223976e-09	3.136893e+01	8.375112e+01
4.430000e-06	4.397442e-06	1.218860e-09	3.117855e+01	8.341226e+01
4.440000e-06	4.370217e-06	1.205236e-09	3.098553e+01	8.307370e+01
4.450000e-06	4.342681e-06	1.207834e-09	3.079030e+01	8.273556e+01
4.460000e-06	4.314866e-06	1.212586e-09	3.059308e+01	8.239790e+01
4.470000e-06	4.286829e-06	1.208332e-09	3.039429e+01	8.206076e+01
4.480000e-06	4.258684e-06	1.195658e-09	3.019474e+01	8.172415e+01
4.490000e-06	4.230403e-06	1.196121e-09	2.999422e+01	8.138802e+01
4.500000e-06	4.201806e-06	1.198620e-09	2.979146e+01	8.105231e+01
4.510000e-06	4.172805e-06	1.193212e-09	2.958585e+01	8.071693e+01
4.520000e-06	4.143361e-06	1.182306e-09	2.937708e+01	8.038175e+01
4.530000e-06	4.113375e-06	1.177126e-09	2.916448e+01	8.004662e+01
4.540000e-06	4.082917e-06	1.183951e-09	2.894853e+01	7.971136e+01
4.550000e-06	4.051946e-06	1.184858e-09	2.872893e+01	7.937580e+01
4.560000e-06	4.020505e-06	1.175809e-09	2.850601e+01	7.903970e+01
4.570000e-06	3.988809e-06	1.163944e-09	2.828129e+01	7.870285e+01
4.580000e-06	3.956924e-06	1.163200e-09	2.805522e+01	7.836501e+01
4.590000e-06	3.924834e-06	1.158899e-09	2.782769e+01	7.802594e+01
4.600000e-06	3.892560e-06	1.149495e-09	2.759886e+01	7.768537e+01
4.610000e-06	3.860111e-06	1.134884e-09	2.736880e+01	7.734305e+01
4.620000e-06	3.827474e-06	1.133709e-09	2.713739e+01	7.699874e+01
4.630000e-06	3.794589e-06	1.132533e-09	2.690423e+01	7.665218e+01
4.640000e-06	3.761448e-06	1.125361e-09	2.666926e+01	7.630311e+01
4.650000e-06	3.728120e-06	1.108929e-09	2.643295e+01	7.595130e+01
4.660000e-06	3.694483e-06	1.103249e-09	2.619447e+01	7.559653e+01
4.670000e-06	3.660515e-06	1.102907e-09	2.595363e+01	7.523857e+01
4.680000e-06	3.626339e-06	1.103641e-09	2.571131e+01	7.487722e+01
4.690000e-06	3.591910e-06	1.091591e-09	2.546720e+01	7.451230e+01
4.700000e-06	3.557261e-06	1.085291e-09	2.522154e+01	7.414363e+01
4.710000e-06	3.522385e-06	1.083930e-09	2.497426e+01	7.377107e+01
4.720000e-06	3.487166e-06	1.082336e-09	2.472456e+01	7.339447e+01
4.730000e-06	3.451691e-06	1.070690e-09	2.447303e+01	7.301373e+01
4.740000e-06	3.416065e-06	1.061878e-09	2.422044e+01	7.262875e+01
4.750000e-06	3.380221e-06	1.059087e-09	2.396630e+01	7.223945e+01
4.760000e-06	3.344174e-06	1.059160e-09	2.371072e+01	7.184579e+01
4.770000e-06	3.308048e-06	1.050631e-09	2.345458e+01	7.144772e+01
4.780000e-06	3.271819e-06	1.038943e-09	2.319771e+01	7.104523e+01
4.790000e-06	3.235410e-06	1.031285e-09	2.293957e+01	7.063832e+01
4.800000e-06	3.198798e-06	1.027532e-09	2.267998e+01	7.022701e+01
4.810000e-06	3.161853e-06	1.020104e-09	2.241804e+01	6.981134e+01
4.820000e-06	3.124495e-06	1.010498e-09	2.215316e+01	6.939133e+01
4.830000e-06	3.086812e-06	1.005515e-09	2.188598e+01	6.896706e+01
4.840000e-06	3.048873e-06	1.004106e-09	2.161699e+01	6.853860e+01
4.850000e-06	3.010594e-06	1.000093e-09	2.134559e+01	6.810602e+01
4.860000e-06	2.971929e-06	9.900563e-10	2.107145e+01	6.766940e+01
4.870000e-06	2.932842e-06	9.829429e-10	2.079431e+01	6.722884e+01
4.880000e-06	2.893391e-06	9.800704e-10	2.051460e+01	6.678442e+01
4.890000e-06	2.853758e-06	9.765090e-10	2.023360e+01	6.633625e+01
4.900000e-06	2.813966e-06	9.655573e-10	1.995146e+01	6.588441e+01
4.910000e-06	2.774014e-06	9.581907e-10	1.966820e+01	6.542900e+01
4.920000e-06	2.733896e-06	9.540028e-10	1.938375e+01	6.497009e+01
4.930000e-06	2.693709e-06	9.503641e-10	1.909882e+01	6.450777e+01
4.940000e-06	2.653542e-06	9.425427e-10	1.881403e+01	6.404211e+01
4.950000e-06	2.613275e-06	9.387591e-10	1.852853e+01	6.357318e+01
4.960000e-06	2.572866e-06	9.354227e-10	1.824202e+01	6.310102e+01
4.970000e-06	2.532251e-06	9.315990e-10	1.795406e+01	6.262567e+01
4.980000e-06	2.491373e-06	9.223682e-10	1.766423e+01	6.214717e+01
4.990000e-06	2.450379e-06	9.138754e-10	1.737357e+01	6.166552e+01
5.000000e-06	2.409262e-06	9.081556e-10	1.708205e+01	6.118073e+01
5.010000e-06	2.367899e-06	9.030573e-10	1.678877e+01	6.069278e+01
5.020000e-06	2.326292e-06	8.928908e-10	1.649378e+01	6.020164e+01
5.030000e-06	2.284559e-06	8.857173e-10	1.619788e+01	5.970727e+01
5.040000e-06	2.242680e-06	8.833328e-10	1.590096e+01	5.920961e+01
5.050000e-06	2.200610e-06	8.803503e-10	1.560267e+01	5.870858e+01
5.060000e-06	2.158389e-06	8.733022e-10	1.530332e+01	5.820410e+01
5.070000e-06	2.116076e-06	8.639140e-10	1.500331e+01	5.769606e+01
5.080000e-06	2.073687e-06	8.541727e-10	1.470277e+01	5.718434e+01
5.090000e-06	2.031133e-06	8.466977e-10	1.440105e+01	5.666883e+01
5.100000e-06	1.988404e-06	8.368245e-10	1.409810e+01	5.614937e+01
5.110000e-06	1.945491e-06	8.245005e-10	1.379383e+01	5.562582e+01
5.120000e-06	1.902402e-06	8.167071e-10	1.348833e+01	5.509802e+01
5.130000e-06	1.859187e-06	8.137382e-10	1.318193e+01	5.456581e+01
5.140000e-06	1.815860e-06	8.121253e-10	1.287473e+01	5.402901e+01
5.150000e-06	1.772446e-06	8.079247e-10	1.256692e+01	5.348744e+01
5.160000e-06	1.728865e-06	8.000887e-10	1.225792e+01	5.294092e+01
5.170000e-06	1.685128e-06	7.872448e-10	1.194783e+01	5.238925e+01
5.180000e-06	1.641314e-06	7.710082e-10	1.163718e+01	5.183226e+01
5.190000e-06	1.597457e-06	7.528147e-10	1.132622e+01	5.126976e+01
5.200000e-06	1.553521e-06	7.384091e-10	1.101471e+01	5.070155e+01
5.210000e-06	1.509479e-06	7.310362e-10	1.070245e+01	5.012745e+01
5.220000e-06	1.465418e-06	7.279275e-10	1.039004e+01	4.954728e+01
5.230000e-06	1.421327e-06	7.255163e-10	1.007743e+01	4.896086e+01
5.240000e-06	1.377195e-06	7.206550e-10	9.764530e+00	4.836800e+01
5.250000e-06	1.333045e-06	7.121332e-10	9.451500e+00	4.776855e+01
5.260000e-06	1.288878e-06	7.003470e-10	9.138345e+00	4.716234e+01
5.270000e-06	1.244679e-06	6.838362e-10	8.824972e+00	4.654922e+01
5.280000e-06	1.200373e-06	6.674094e-10	8.510834e+00	4.592902e+01
5.290000e-06	1.156031e-06	6.539736e-10	8.196444e+00	4.530162e+01
5.300000e-06	1.111685e-06	6.478248e-10	7.882020e+00	4.466686e+01
5.310000e-06	1.067285e-06	6.435154e-10	7.567222e+00	4.402464e+01
5.320000e-06	1.022814e-06	6.367659e-10	7.251912e+00	4.337482e+01
5.330000e-06	9.781967e-07	6.271115e-10	6.935569e+00	4.271730e+01
5.340000e-06	9.334620e-07	6.177286e-10	6.618392e+00	4.205196e+01
5.350000e-06	8.886655e-07	6.061251e-10	6.300779e+00	4.137871e+01
5.360000e-06	8.437735e-07	5.907871e-10	5.982487e+00	4.069746e+01
5.370000e-06	7.987861e-07	5.777254e-10	5.663520e+00	4.000811e+01
5.380000e-06	7.538604e-07	5.691260e-10	5.344989e+00	3.931059e+01
5.390000e-06	7.089213e-07	5.619305e-10	5.026364e+00	3.860482e+01
5.400000e-06	6.639124e-07	5.534354e-10	4.707244e+00	3.789071e+01
5.410000e-06	6.188106e-07	5.434739e-10	4.387465e+00	3.716821e+01
5.420000e-06	5.735629e-07	5.321650e-10	4.066651e+00	3.643724e+01
5.430000e-06	5.282851e-07	5.181472e-10	3.745624e+00	3.569773e+01
5.440000e-06	4.829469e-07	5.042903e-10	3.424170e+00	3.494962e+01
5.450000e-06	4.375764e-07	4.927140e-10	3.102486e+00	3.419284e+01
5.460000e-06	3.921930e-07	4.826660e-10	2.780710e+00	3.342733e+01
5.470000e-06	3.467980e-07	4.743196e-10	2.458853e+00	3.265302e+01
5.480000e-06	3.013924e-07	4.668422e-10	2.136920e+00	3.186984e+01
5.490000e-06	2.559799e-07	4.569490e-10	1.814938e+00	3.107772e+01
5.500000e-06	2.104775e-07	4.422018e-10	1.492318e+00	3.027659e+01
5.510000e-06	1.649136e-07	4.237524e-10	1.169263e+00	2.946636e+01
5.520000e-06	1.194626e-07	4.095137e-10	8.470085e-01	2.864698e+01
5.530000e-06	7.404449e-08	4.013856e-10	5.249871e-01	2.781835e+01
5.540000e-06	2.860826e-08	3.937656e-10	2.028371e-01	2.698039e+01
5.550000e-06	-1.689348e-08	3.843429e-10	-1.197774e-01	2.613302e+01
5.560000e-06	-6.245240e-08	3.731938e-10	-4.427974e-01	2.527615e+01
5.570000e-06	-1.080306e-07	3.611655e-10	-7.659537e-01	2.440969e+01
5.580000e-06	-1.536287e-07	3.464400e-10	-1.089251e+00	2.353355e+01
5.590000e-06	-1.991768e-07	3.297203e-10	-1.412195e+00	2.264763e+01
5.600000e-06	-2.447003e-07	3.137332e-10	-1.734964e+00	2.175185e+01
5.610000e-06	-2.901947e-07	3.029089e-10	-2.057526e+00	2.084612e+01
5.620000e-06	-3.355999e-07	2.961419e-10	-2.379456e+00	1.993034e+01
5.630000e-06	-3.809990e-07	2.835547e-10	-2.701343e+00	1.900442e+01
5.640000e-06	-4.263158e-07	2.674083e-10	-3.022646e+00	1.806827e+01
5.650000e-06	-4.715725e-07	2.531127e-10	-3.343523e+00	1.712183e+01
5.660000e-06	-5.169268e-07	2.385951e-10	-3.665092e+00	1.616500e+01
5.670000e-06	-5.622635e-07	2.224899e-10	-3.986537e+00	1.519772e+01
5.680000e-06	-6.074152e-07	2.053698e-10	-4.306669e+00	1.421992e+01
5.690000e-06	-6.524912e-07	1.909895e-10	-4.626265e+00	1.323154e+01
5.700000e-06	-6.975507e-07	1.774853e-10	-4.945744e+00	1.223255e+01
5.710000e-06	-7.424792e-07	1.634689e-10	-5.264295e+00	1.122290e+01
5.720000e-06	-7.873094e-07	1.494440e-10	-5.582148e+00	1.020256e+01
5.730000e-06	-8.320891e-07	1.373570e-10	-5.899643e+00	9.171527e+00
5.740000e-06	-8.767982e-07	1.264832e-10	-6.216637e+00	8.129795e+00
5.750000e-06	-9.214783e-07	1.139412e-10	-6.533426e+00	7.077377e+00
5.760000e-06	-9.661065e-07	9.835042e-11	-6.849847e+00	6.014303e+00
5.770000e-06	-1.010654e-06	7.894846e-11	-7.165696e+00	4.940616e+00
5.780000e-06	-1.055133e-06	5.770366e-11	-7.481061e+00	3.856375e+00
5.790000e-06	-1.099472e-06	3.439047e-11	-7.795429e+00	2.761658e+00
5.800000e-06	-1.143757e-06	1.297177e-11	-8.109420e+00	1.656560e+00
5.810000e-06	-1.188011e-06	-3.026563e-12	-8.423187e+00	5.411937e-01
5.820000e-06	-1.232228e-06	-1.338803e-11	-8.736690e+00	-5.843109e-01
5.830000e-06	-1.276448e-06	-2.174133e-11	-9.050220e+00	-1.719804e+00
5.840000e-06	-1.320606e-06	-3.376416e-11	-9.363306e+00	-2.865116e+00
5.850000e-06	-1.364640e-06	-5.070538e-11	-9.675515e+00	-4.020061e+00
5.860000e-06	-1.408571e-06	-7.216819e-11	-9.986990e+00	-5.184431e+00
5.870000e-06	-1.452499e-06	-9.555659e-11	-1.029845e+01	-6.358000e+00
5.880000e-06	-1.496421e-06	-1.185723e-10	-1.060986e+01	-7.540524e+00
5.890000e-06	-1.540320e-06	-1.388009e-10	-1.092111e+01	-8.731740e+00
5.900000e-06	-1.584234e-06	-1.544317e-10	-1.123247e+01	-9.931363e+00
5.910000e-06	-1.628064e-06	-1.668112e-10	-1.154323e+01	-1.113910e+01
5.920000e-06	-1.671724e-06	-1.786449e-10	-1.185279e+01	-1.235462e+01
5.930000e-06	-1.715212e-06	-1.920289e-10	-1.216112e+01	-1.357759e+01
5.940000e-06	-1.758610e-06	-2.093533e-10	-1.246882e+01	-1.480766e+01
5.950000e-06	-1.801947e-06	-2.309041e-10	-1.277609e+01	-1.604446e+01
5.960000e-06	-1.845075e-06	-2.528423e-10	-1.308187e+01	-1.728759e+01
5.970000e-06	-1.888005e-06	-2.736028e-10	-1.338625e+01	-1.853666e+01
5.980000e-06	-1.930863e-06	-2.938593e-10	-1.369012e+01	-1.979125e+01
5.990000e-06	-1.973593e-06	-3.130467e-10	-1.399309e+01	-2.105092e+01
6.000000e-06	-2.016222e-06	-3.313489e-10	-1.429533e+01	-2.231521e+01
6.010000e-06	-2.058737e-06	-3.485451e-10	-1.459677e+01	-2.358368e+01
6.020000e-06	-2.101067e-06	-3.658887e-10	-1.489690e+01	-2.485583e+01
6.030000e-06	-2.143238e-06	-3.850324e-10	-1.519589e+01	-2.613118e+01
6.040000e-06	-2.185304e-06	-4.053009e-10	-1.549415e+01	-2.740922e+01
6.050000e-06	-2.227279e-06	-4.260331e-10	-1.579176e+01	-2.868943e+01
6.060000e-06	-2.269144e-06	-4.466839e-10	-1.608859e+01	-2.997129e+01
6.070000e-06	-2.310839e-06	-4.668447e-10	-1.638421e+01	-3.125424e+01
6.080000e-06	-2.352325e-06	-4.854875e-10	-1.667835e+01	-3.253775e+01
6.090000e-06	-2.393632e-06	-5.019485e-10	-1.697123e+01	-3.382124e+01
6.100000e-06	-2.434733e-06	-5.189805e-10	-1.726264e+01	-3.510415e+01
6.110000e-06	-2.475612e-06	-5.389022e-10	-1.755248e+01	-3.638587e+01
6.120000e-06	-2.516262e-06	-5.602332e-10	-1.784069e+01	-3.766582e+01
6.130000e-06	-2.556697e-06	-5.798555e-10	-1.812739e+01	-3.894339e+01
6.140000e-06	-2.597009e-06	-5.988493e-10	-1.841320e+01	-4.021797e+01
6.150000e-06	-2.637263e-06	-6.177058e-10	-1.869861e+01	-4.148894e+01
6.160000e-06	-2.677388e-06	-6.344693e-10	-1.898310e+01	-4.275566e+01
6.170000e-06	-2.717421e-06	-6.504425e-10	-1.926694e+01	-4.401750e+01
6.180000e-06	-2.757367e-06	-6.692839e-10	-1.955017e+01	-4.527381e+01
6.190000e-06	-2.797210e-06	-6.887675e-10	-1.983266e+01	-4.652394e+01
6.200000e-06	-2.836988e-06	-7.070493e-10	-2.011469e+01	-4.776724e+01
6.210000e-06	-2.876568e-06	-7.255431e-10	-2.039532e+01	-4.900305e+01
6.220000e-06	-2.915864e-06	-7.423816e-10	-2.067394e+01	-5.023070e+01
6.230000e-06	-2.954932e-06	-7.568301e-10	-2.095093e+01	-5.144954e+01
6.240000e-06	-2.993743e-06	-7.721646e-10	-2.122611e+01	-5.265889e+01
6.250000e-06	-3.032179e-06	-7.874306e-10	-2.149862e+01	-5.385810e+01
6.260000e-06	-3.070174e-06	-8.030709e-10	-2.176802e+01	-5.504650e+01
6.270000e-06	-3.107737e-06	-8.208044e-10	-2.203434e+01	-5.622343e+01
6.280000e-06	-3.144949e-06	-8.401782e-10	-2.229818e+01	-5.738824e+01
6.290000e-06	-3.181826e-06	-8.588747e-10	-2.255965e+01	-5.854028e+01
6.300000e-06	-3.218406e-06	-8.743212e-10	-2.281901e+01	-5.967893e+01
6.310000e-06	-3.254729e-06	-8.872418e-10	-2.307654e+01	-6.080355e+01
6.320000e-06	-3.290881e-06	-9.002840e-10	-2.333287e+01	-6.191353e+01
6.330000e-06	-3.326934e-06	-9.172838e-10	-2.358848e+01	-6.300827e+01
6.340000e-06	-3.362894e-06	-9.360251e-10	-2.384345e+01	-6.408719e+01
6.350000e-06	-3.398788e-06	-9.541424e-10	-2.409794e+01	-6.514974e+01
6.360000e-06	-3.434488e-06	-9.719581e-10	-2.435106e+01	-6.619536e+01
6.370000e-06	-3.469869e-06	-9.863572e-10	-2.460192e+01	-6.722355e+01
6.380000e-06	-3.504909e-06	-9.980639e-10	-2.485036e+01	-6.823382e+01
6.390000e-06	-3.539675e-06	-1.008761e-09	-2.509685e+01	-6.922569e+01
6.400000e-06	-3.574272e-06	-1.022519e-09	-2.534215e+01	-7.019875e+01
6.410000e-06	-3.608686e-06	-1.037274e-09	-2.558615e+01	-7.115259e+01
6.420000e-06	-3.642829e-06	-1.052180e-09	-2.582823e+01	-7.208685e+01
6.430000e-06	-3.676659e-06	-1.067593e-09	-2.606809e+01	-7.300119e+01
6.440000e-06	-3.710226e-06	-1.081117e-09	-2.630609e+01	-7.389533e+01
6.450000e-06	-3.743552e-06	-1.093497e-09	-2.654237e+01	-7.476902e+01
6.460000e-06	-3.776604e-06	-1.103441e-09	-2.677672e+01	-7.562205e+01
6.470000e-06	-3.809316e-06	-1.114327e-09	-2.700865e+01	-7.645425e+01
6.480000e-06	-3.841780e-06	-1.130639e-09	-2.723883e+01	-7.726549e+01
6.490000e-06	-3.874127e-06	-1.149261e-09	-2.746817e+01	-7.805570e+01
6.500000e-06	-3.906301e-06	-1.165350e-09	-2.769629e+01	-7.882485e+01
6.510000e-06	-3.938309e-06	-1.178247e-09	-2.792323e+01	-7.957293e+01
6.520000e-06	-3.970053e-06	-1.189248e-09	-2.814830e+01	-8.030002e+01
6.530000e-06	-4.001519e-06	-1.197782e-09	-2.837140e+01	-8.100620e+01
6.540000e-06	-4.032748e-06	-1.202098e-09	-2.859282e+01	-8.169163e+01
6.550000e-06	-4.063649e-06	-1.208201e-09	-2.881191e+01	-8.235649e+01
6.560000e-06	-4.094114e-06	-1.219820e-09	-2.902791e+01	-8.300101e+01
6.570000e-06	-4.123953e-06	-1.236060e-09	-2.923947e+01	-8.362547e+01
6.580000e-06	-4.153224e-06	-1.252120e-09	-2.944702e+01	-8.423018e+01
6.590000e-06	-4.182058e-06	-1.262870e-09	-2.965145e+01	-8.481548e+01
6.600000e-06	-4.210532e-06	-1.269339e-09	-2.985333e+01	-8.538177e+01
6.610000e-06	-4.238780e-06	-1.275495e-09	-3.005362e+01	-8.592946e+01
6.620000e-06	-4.266880e-06	-1.279907e-09	-3.025285e+01	-8.645899e+01
6.630000e-06	-4.294839e-06	-1.283778e-09	-3.045108e+01	-8.697084e+01
6.640000e-06	-4.322599e-06	-1.290002e-09	-3.064791e+01	-8.746552e+01
6.650000e-06	-4.350076e-06	-1.300147e-09	-3.084272e+01	-8.794352e+01
6.660000e-06	-4.377258e-06	-1.311999e-09	-3.103545e+01	-8.840541e+01
6.670000e-06	-4.404144e-06	-1.322266e-09	-3.122607e+01	-8.885170e+01
6.680000e-06	-4.430659e-06	-1.330200e-09	-3.141407e+01	-8.928298e+01
6.690000e-06	-4.456852e-06	-1.337650e-09	-3.159978e+01	-8.969979e+01
6.700000e-06	-4.482758e-06	-1.345416e-09	-3.178346e+01	-9.010271e+01
6.710000e-06	-4.508379e-06	-1.352393e-09	-3.196512e+01	-9.049229e+01
6.720000e-06	-4.533606e-06	-1.357704e-09	-3.214398e+01	-9.086908e+01
6.730000e-06	-4.558424e-06	-1.361272e-09	-3.231994e+01	-9.123364e+01
6.740000e-06	-4.582986e-06	-1.364620e-09	-3.249409e+01	-9.158648e+01
6.750000e-06	-4.607373e-06	-1.370782e-09	-3.266700e+01	-9.192813e+01
6.760000e-06	-4.631592e-06	-1.380178e-09	-3.283872e+01	-9.225907e+01
6.770000e-06	-4.655552e-06	-1.389519e-09	-3.300860e+01	-9.257977e+01
6.780000e-06	-4.679211e-06	-1.399788e-09	-3.317635e+01	-9.289066e+01
6.790000e-06	-4.702617e-06	-1.410176e-09	-3.334230e+01	-9.319216e+01
6.800000e-06	-4.725712e-06	-1.417534e-09	-3.350604e+01	-9.348464e+01
6.810000e-06	-4.748317e-06	-1.417197e-09	-3.366632e+01	-9.376844e+01
6.820000e-06	-4.770304e-06	-1.413401e-09	-3.382221e+01	-9.404387e+01
6.830000e-06	-4.791674e-06	-1.413382e-09	-3.397373e+01	-9.431119e+01
6.840000e-06	-4.812510e-06	-1.419242e-09	-3.412145e+01	-9.457062e+01
6.850000e-06	-4.832961e-06	-1.427346e-09	-3.426646e+01	-9.482235e+01
6.860000e-06	-4.853176e-06	-1.438182e-09	-3.440978e+01	-9.506653e+01
6.870000e-06	-4.873232e-06	-1.449450e-09	-3.455198e+01	-9.530326e+01
6.880000e-06	-4.893103e-06	-1.456673e-09	-3.469287e+01	-9.553261e+01
6.890000e-06	-4.912739e-06	-1.456556e-09	-3.483209e+01	-9.575461e+01
6.900000e-06	-4.931989e-06	-1.450646e-09	-3.496858e+01	-9.596924e+01
6.910000e-06	-4.950871e-06	-1.444874e-09	-3.510246e+01	-9.617647e+01
6.920000e-06	-4.969421e-06	-1.446144e-09	-3.523398e+01	-9.637620e+01
6.930000e-06	-4.987628e-06	-1.453980e-09	-3.536306e+01	-9.656834e+01
6.940000e-06	-5.005566e-06	-1.464305e-09	-3.549025e+01	-9.675274e+01
6.950000e-06	-5.023133e-06	-1.474853e-09	-3.561480e+01	-9.692924e+01
6.960000e-06	-5.040335e-06	-1.482856e-09	-3.573677e+01	-9.709766e+01
6.970000e-06	-5.057179e-06	-1.486958e-09	-3.585619e+01	-9.725779e+01
6.980000e-06	-5.073671e-06	-1.483409e-09	-3.597313e+01	-9.740942e+01
6.990000e-06	-5.089926e-06	-1.474583e-09	-3.608838e+01	-9.755233e+01
7.000000e-06	-5.105921e-06	-1.468202e-09	-3.620178e+01	-9.768627e+01
7.010000e-06	-5.121681e-06	-1.469181e-09	-3.631352e+01	-9.781102e+01
7.020000e-06	-5.137149e-06	-1.474205e-09	-3.642319e+01	-9.792635e+01
7.030000e-06	-5.152024e-06	-1.479990e-09	-3.652866e+01	-9.803204e+01
7.040000e-06	-5.166163e-06	-1.484975e-09	-3.662891e+01	-9.812786e+01
7.050000e-06	-5.179636e-06	-1.489466e-09	-3.672443e+01	-9.821364e+01
7.060000e-06	-5.192578e-06	-1.490868e-09	-3.681619e+01	-9.828919e+01
7.070000e-06	-5.205102e-06	-1.487091e-09	-3.690500e+01	-9.835436e+01
7.080000e-06	-5.217370e-06	-1.481507e-09	-3.699197e+01	-9.840904e+01
7.090000e-06	-5.229381e-06	-1.479418e-09	-3.707714e+01	-9.845312e+01
7.100000e-06	-5.240950e-06	-1.481900e-09	-3.715916e+01	-9.848655e+01
7.110000e-06	-5.252055e-06	-1.484051e-09	-3.723790e+01	-9.850932e+01
7.120000e-06	-5.262744e-06	-1.483756e-09	-3.731368e+01	-9.852143e+01
7.130000e-06	-5.273088e-06	-1.485154e-09	-3.738702e+01	-9.852296e+01
7.140000e-06	-5.283156e-06	-1.487538e-09	-3.745841e+01	-9.851401e+01
7.150000e-06	-5.292893e-06	-1.488410e-09	-3.752744e+01	-9.849472e+01
7.160000e-06	-5.302212e-06	-1.485197e-09	-3.759352e+01	-9.846531e+01
7.170000e-06	-5.311199e-06	-1.479857e-09	-3.765724e+01	-9.842600e+01
7.180000e-06	-5.319836e-06	-1.476238e-09	-3.771848e+01	-9.837708e+01
7.190000e-06	-5.328118e-06	-1.475788e-09	-3.777720e+01	-9.831890e+01
7.200000e-06	-5.336232e-06	-1.477222e-09	-3.783473e+01	-9.825183e+01
7.210000e-06	-5.344202e-06	-1.480544e-09	-3.789123e+01	-9.817629e+01
7.220000e-06	-5.351873e-06	-1.484847e-09	-3.794562e+01	-9.809274e+01
7.230000e-06	-5.359123e-06	-1.485924e-09	-3.799703e+01	-9.800169e+01
7.240000e-06	-5.365817e-06	-1.482738e-09	-3.804449e+01	-9.790366e+01
7.250000e-06	-5.371771e-06	-1.479584e-09	-3.808670e+01	-9.779923e+01
7.260000e-06	-5.376987e-06	-1.477486e-09	-3.812368e+01	-9.768899e+01
7.270000e-06	-5.381650e-06	-1.475895e-09	-3.815675e+01	-9.757357e+01
7.280000e-06	-5.386030e-06	-1.475921e-09	-3.818780e+01	-9.745360e+01
7.290000e-06	-5.390234e-06	-1.476926e-09	-3.821761e+01	-9.732973e+01
7.300000e-06	-5.394176e-06	-1.476554e-09	-3.824556e+01	-9.720264e+01
7.310000e-06	-5.397807e-06	-1.472377e-09	-3.827130e+01	-9.707300e+01
7.320000e-06	-5.401111e-06	-1.468782e-09	-3.829472e+01	-9.694147e+01
7.330000e-06	-5.404023e-06	-1.469997e-09	-3.831538e+01	-9.680873e+01
7.340000e-06	-5.406513e-06	-1.474065e-09	-3.833303e+01	-9.667543e+01
7.350000e-06	-5.408689e-06	-1.475762e-09	-3.834846e+01	-9.654222e+01
7.360000e-06	-5.410634e-06	-1.473039e-09	-3.836225e+01	-9.640970e+01
7.370000e-06	-5.412141e-06	-1.468519e-09	-3.837293e+01	-9.627849e+01
7.380000e-06	-5.413182e-06	-1.465829e-09	-3.838031e+01	-9.614913e+01
7.390000e-06	-5.413918e-06	-1.463218e-09	-3.838553e+01	-9.602217e+01
7.400000e-06	-5.414372e-06	-1.459098e-09	-3.838875e+01	-9.589809e+01
