# Temperatura_=_19.5
# Concentracion g/m^3_=_4090.0
# C_Vs_to_Am_M_A/Vsm_=_65563218390.804596
# pendiente_HvsI_1/m_=_3716.3
# ordenada_HvsI_A/m_=_1297.0
# frecuencia_Hz_=_135080.96222815846

Tiempo_(s)	Campo_(V.s)	Magnetizacion_(V.s)	Campo_(kA/m)	Magnetizacion_(A/m)
0.000000e+00	-5.419501e-06	-1.217790e-09	-3.838397e+01	-8.325065e+01
1.000000e-08	-5.419601e-06	-1.214321e-09	-3.838467e+01	-8.312395e+01
2.000000e-08	-5.419552e-06	-1.208676e-09	-3.838432e+01	-8.300436e+01
3.000000e-08	-5.419279e-06	-1.200383e-09	-3.838239e+01	-8.289262e+01
4.000000e-08	-5.418590e-06	-1.197390e-09	-3.837751e+01	-8.278944e+01
5.000000e-08	-5.417425e-06	-1.200907e-09	-3.836926e+01	-8.269542e+01
6.000000e-08	-5.415782e-06	-1.205255e-09	-3.835763e+01	-8.261113e+01
7.000000e-08	-5.413504e-06	-1.213602e-09	-3.834149e+01	-8.253701e+01
8.000000e-08	-5.410411e-06	-1.228865e-09	-3.831959e+01	-8.247345e+01
9.000000e-08	-5.406673e-06	-1.219712e-09	-3.829311e+01	-8.242073e+01
1.000000e-07	-5.402561e-06	-1.171953e-09	-3.826398e+01	-8.237906e+01
1.100000e-07	-5.398262e-06	-1.177922e-09	-3.823353e+01	-8.234850e+01
1.200000e-07	-5.393873e-06	-1.260582e-09	-3.820245e+01	-8.232907e+01
1.300000e-07	-5.389167e-06	-1.245085e-09	-3.816912e+01	-8.232065e+01
1.400000e-07	-5.384068e-06	-1.152851e-09	-3.813301e+01	-8.232304e+01
1.500000e-07	-5.378681e-06	-1.155511e-09	-3.809485e+01	-8.233591e+01
1.600000e-07	-5.372930e-06	-1.262372e-09	-3.805412e+01	-8.235887e+01
1.700000e-07	-5.366734e-06	-1.254464e-09	-3.801024e+01	-8.239141e+01
1.800000e-07	-5.360059e-06	-1.112487e-09	-3.796296e+01	-8.243293e+01
1.900000e-07	-5.353015e-06	-1.128714e-09	-3.791307e+01	-8.248276e+01
2.000000e-07	-5.345752e-06	-1.258070e-09	-3.786163e+01	-8.254013e+01
2.100000e-07	-5.338201e-06	-1.267181e-09	-3.780815e+01	-8.260421e+01
2.200000e-07	-5.330345e-06	-1.167981e-09	-3.775251e+01	-8.267408e+01
2.300000e-07	-5.322271e-06	-1.231061e-09	-3.769533e+01	-8.274879e+01
2.400000e-07	-5.313913e-06	-1.333028e-09	-3.763613e+01	-8.282732e+01
2.500000e-07	-5.304899e-06	-1.290308e-09	-3.757229e+01	-8.290860e+01
2.600000e-07	-5.295094e-06	-1.244544e-09	-3.750284e+01	-8.299156e+01
2.700000e-07	-5.284742e-06	-1.341566e-09	-3.742952e+01	-8.307507e+01
2.800000e-07	-5.273907e-06	-1.364655e-09	-3.735279e+01	-8.315800e+01
2.900000e-07	-5.262630e-06	-1.244606e-09	-3.727292e+01	-8.323923e+01
3.000000e-07	-5.250948e-06	-1.256926e-09	-3.719018e+01	-8.331762e+01
3.100000e-07	-5.238766e-06	-1.371629e-09	-3.710390e+01	-8.339207e+01
3.200000e-07	-5.226150e-06	-1.336842e-09	-3.701455e+01	-8.346149e+01
3.300000e-07	-5.213219e-06	-1.252992e-09	-3.692296e+01	-8.352483e+01
3.400000e-07	-5.199954e-06	-1.318950e-09	-3.682901e+01	-8.358109e+01
3.500000e-07	-5.186246e-06	-1.370058e-09	-3.673192e+01	-8.362931e+01
3.600000e-07	-5.172203e-06	-1.312241e-09	-3.663246e+01	-8.366861e+01
3.700000e-07	-5.157868e-06	-1.287142e-09	-3.653093e+01	-8.369816e+01
3.800000e-07	-5.143024e-06	-1.307150e-09	-3.642580e+01	-8.371721e+01
3.900000e-07	-5.127419e-06	-1.272468e-09	-3.631527e+01	-8.372511e+01
4.000000e-07	-5.111258e-06	-1.280602e-09	-3.620081e+01	-8.372126e+01
4.100000e-07	-5.094704e-06	-1.324085e-09	-3.608357e+01	-8.370518e+01
4.200000e-07	-5.077733e-06	-1.302961e-09	-3.596337e+01	-8.367647e+01
4.300000e-07	-5.060458e-06	-1.269776e-09	-3.584102e+01	-8.363483e+01
4.400000e-07	-5.042925e-06	-1.325110e-09	-3.571684e+01	-8.358006e+01
4.500000e-07	-5.025116e-06	-1.332547e-09	-3.559071e+01	-8.351206e+01
4.600000e-07	-5.006953e-06	-1.267479e-09	-3.546206e+01	-8.343080e+01
4.700000e-07	-4.988443e-06	-1.249118e-09	-3.533097e+01	-8.333639e+01
4.800000e-07	-4.969559e-06	-1.283138e-09	-3.519722e+01	-8.322900e+01
4.900000e-07	-4.950283e-06	-1.282252e-09	-3.506070e+01	-8.310891e+01
5.000000e-07	-4.930709e-06	-1.269602e-09	-3.492206e+01	-8.297646e+01
5.100000e-07	-4.910907e-06	-1.261769e-09	-3.478182e+01	-8.283210e+01
5.200000e-07	-4.890851e-06	-1.266047e-09	-3.463977e+01	-8.267633e+01
5.300000e-07	-4.870568e-06	-1.289390e-09	-3.449611e+01	-8.250975e+01
5.400000e-07	-4.850007e-06	-1.288676e-09	-3.435048e+01	-8.233299e+01
5.500000e-07	-4.829023e-06	-1.248027e-09	-3.420187e+01	-8.214674e+01
5.600000e-07	-4.807655e-06	-1.240883e-09	-3.405052e+01	-8.195176e+01
5.700000e-07	-4.786043e-06	-1.270472e-09	-3.389745e+01	-8.174882e+01
5.800000e-07	-4.764118e-06	-1.263789e-09	-3.374218e+01	-8.153873e+01
5.900000e-07	-4.741839e-06	-1.236689e-09	-3.358438e+01	-8.132233e+01
6.000000e-07	-4.719317e-06	-1.234179e-09	-3.342487e+01	-8.110045e+01
6.100000e-07	-4.696467e-06	-1.247405e-09	-3.326303e+01	-8.087394e+01
6.200000e-07	-4.673172e-06	-1.254715e-09	-3.309804e+01	-8.064364e+01
6.300000e-07	-4.649619e-06	-1.250009e-09	-3.293122e+01	-8.041038e+01
6.400000e-07	-4.625895e-06	-1.230072e-09	-3.276320e+01	-8.017496e+01
6.500000e-07	-4.601919e-06	-1.233507e-09	-3.259339e+01	-7.993815e+01
6.600000e-07	-4.577686e-06	-1.253431e-09	-3.242175e+01	-7.970069e+01
6.700000e-07	-4.553241e-06	-1.244178e-09	-3.224862e+01	-7.946327e+01
6.800000e-07	-4.528469e-06	-1.213768e-09	-3.207318e+01	-7.922653e+01
6.900000e-07	-4.503164e-06	-1.215851e-09	-3.189395e+01	-7.899106e+01
7.000000e-07	-4.477291e-06	-1.232435e-09	-3.171070e+01	-7.875738e+01
7.100000e-07	-4.450945e-06	-1.232847e-09	-3.152410e+01	-7.852596e+01
7.200000e-07	-4.424187e-06	-1.218461e-09	-3.133459e+01	-7.829719e+01
7.300000e-07	-4.396974e-06	-1.214568e-09	-3.114185e+01	-7.807138e+01
7.400000e-07	-4.369358e-06	-1.223272e-09	-3.094626e+01	-7.784879e+01
7.500000e-07	-4.341479e-06	-1.229759e-09	-3.074880e+01	-7.762960e+01
7.600000e-07	-4.313458e-06	-1.212901e-09	-3.055034e+01	-7.741391e+01
7.700000e-07	-4.285233e-06	-1.198651e-09	-3.035044e+01	-7.720175e+01
7.800000e-07	-4.256759e-06	-1.204027e-09	-3.014877e+01	-7.699308e+01
7.900000e-07	-4.228049e-06	-1.212109e-09	-2.994543e+01	-7.678781e+01
8.000000e-07	-4.198971e-06	-1.204298e-09	-2.973948e+01	-7.658574e+01
8.100000e-07	-4.169528e-06	-1.195604e-09	-2.953095e+01	-7.638666e+01
8.200000e-07	-4.139778e-06	-1.198444e-09	-2.932024e+01	-7.619027e+01
8.300000e-07	-4.109804e-06	-1.206184e-09	-2.910795e+01	-7.599623e+01
8.400000e-07	-4.079600e-06	-1.201997e-09	-2.889403e+01	-7.580415e+01
8.500000e-07	-4.049139e-06	-1.188188e-09	-2.867829e+01	-7.561360e+01
8.600000e-07	-4.018401e-06	-1.181690e-09	-2.846058e+01	-7.542412e+01
8.700000e-07	-3.987325e-06	-1.187974e-09	-2.824048e+01	-7.523521e+01
8.800000e-07	-3.955953e-06	-1.189126e-09	-2.801829e+01	-7.504636e+01
8.900000e-07	-3.924390e-06	-1.175822e-09	-2.779475e+01	-7.485704e+01
9.000000e-07	-3.892685e-06	-1.165148e-09	-2.757019e+01	-7.466670e+01
9.100000e-07	-3.860793e-06	-1.168034e-09	-2.734432e+01	-7.447482e+01
9.200000e-07	-3.828663e-06	-1.174161e-09	-2.711675e+01	-7.428085e+01
9.300000e-07	-3.796348e-06	-1.169539e-09	-2.688788e+01	-7.408427e+01
9.400000e-07	-3.763855e-06	-1.165290e-09	-2.665774e+01	-7.388458e+01
9.500000e-07	-3.731093e-06	-1.170546e-09	-2.642571e+01	-7.368129e+01
9.600000e-07	-3.697967e-06	-1.177816e-09	-2.619109e+01	-7.347394e+01
9.700000e-07	-3.664349e-06	-1.167305e-09	-2.595299e+01	-7.326212e+01
9.800000e-07	-3.630212e-06	-1.149364e-09	-2.571121e+01	-7.304543e+01
9.900000e-07	-3.595618e-06	-1.138898e-09	-2.546620e+01	-7.282355e+01
1.000000e-06	-3.560743e-06	-1.138626e-09	-2.521919e+01	-7.259616e+01
1.010000e-06	-3.525548e-06	-1.139078e-09	-2.496992e+01	-7.236302e+01
1.020000e-06	-3.490060e-06	-1.137718e-09	-2.471857e+01	-7.212393e+01
1.030000e-06	-3.454419e-06	-1.138514e-09	-2.446615e+01	-7.187873e+01
1.040000e-06	-3.418567e-06	-1.142791e-09	-2.421222e+01	-7.162733e+01
1.050000e-06	-3.382542e-06	-1.138752e-09	-2.395707e+01	-7.136967e+01
1.060000e-06	-3.346395e-06	-1.123489e-09	-2.370105e+01	-7.110576e+01
1.070000e-06	-3.310075e-06	-1.104459e-09	-2.344382e+01	-7.083564e+01
1.080000e-06	-3.273542e-06	-1.094878e-09	-2.318507e+01	-7.055941e+01
1.090000e-06	-3.236777e-06	-1.093272e-09	-2.292468e+01	-7.027721e+01
1.100000e-06	-3.199706e-06	-1.092661e-09	-2.266213e+01	-6.998923e+01
1.110000e-06	-3.162425e-06	-1.093040e-09	-2.239808e+01	-6.969568e+01
1.120000e-06	-3.124977e-06	-1.096254e-09	-2.213285e+01	-6.939682e+01
1.130000e-06	-3.087288e-06	-1.097996e-09	-2.186591e+01	-6.909294e+01
1.140000e-06	-3.049396e-06	-1.091131e-09	-2.159754e+01	-6.878435e+01
1.150000e-06	-3.011349e-06	-1.076612e-09	-2.132807e+01	-6.847138e+01
1.160000e-06	-2.973090e-06	-1.062559e-09	-2.105710e+01	-6.815436e+01
1.170000e-06	-2.934509e-06	-1.052818e-09	-2.078385e+01	-6.783367e+01
1.180000e-06	-2.895744e-06	-1.045505e-09	-2.050930e+01	-6.750967e+01
1.190000e-06	-2.856862e-06	-1.038404e-09	-2.023391e+01	-6.718271e+01
1.200000e-06	-2.817835e-06	-1.036540e-09	-1.995750e+01	-6.685315e+01
1.210000e-06	-2.778540e-06	-1.041158e-09	-1.967919e+01	-6.652133e+01
1.220000e-06	-2.738939e-06	-1.042935e-09	-1.939871e+01	-6.618760e+01
1.230000e-06	-2.699162e-06	-1.036311e-09	-1.911699e+01	-6.585226e+01
1.240000e-06	-2.659261e-06	-1.025025e-09	-1.883439e+01	-6.551559e+01
1.250000e-06	-2.619303e-06	-1.016505e-09	-1.855138e+01	-6.517786e+01
1.260000e-06	-2.579252e-06	-1.009035e-09	-1.826772e+01	-6.483929e+01
1.270000e-06	-2.539065e-06	-1.001588e-09	-1.798309e+01	-6.450008e+01
1.280000e-06	-2.498728e-06	-9.947782e-10	-1.769740e+01	-6.416038e+01
1.290000e-06	-2.458357e-06	-9.925704e-10	-1.741147e+01	-6.382030e+01
1.300000e-06	-2.417900e-06	-9.921467e-10	-1.712493e+01	-6.347992e+01
1.310000e-06	-2.377212e-06	-9.876530e-10	-1.683676e+01	-6.313926e+01
1.320000e-06	-2.336332e-06	-9.792074e-10	-1.654722e+01	-6.279832e+01
1.330000e-06	-2.295258e-06	-9.726534e-10	-1.625631e+01	-6.245702e+01
1.340000e-06	-2.253808e-06	-9.688859e-10	-1.596274e+01	-6.211529e+01
1.350000e-06	-2.212007e-06	-9.648872e-10	-1.566668e+01	-6.177295e+01
1.360000e-06	-2.169901e-06	-9.599098e-10	-1.536846e+01	-6.142983e+01
1.370000e-06	-2.127523e-06	-9.551541e-10	-1.506832e+01	-6.108570e+01
1.380000e-06	-2.084946e-06	-9.496583e-10	-1.476676e+01	-6.074028e+01
1.390000e-06	-2.042077e-06	-9.442989e-10	-1.446314e+01	-6.039328e+01
1.400000e-06	-1.998991e-06	-9.398071e-10	-1.415799e+01	-6.004435e+01
1.410000e-06	-1.955790e-06	-9.376335e-10	-1.385201e+01	-5.969312e+01
1.420000e-06	-1.912449e-06	-9.339826e-10	-1.354504e+01	-5.933919e+01
1.430000e-06	-1.868943e-06	-9.275006e-10	-1.323691e+01	-5.898214e+01
1.440000e-06	-1.825293e-06	-9.227785e-10	-1.292775e+01	-5.862152e+01
1.450000e-06	-1.781524e-06	-9.176608e-10	-1.261776e+01	-5.825685e+01
1.460000e-06	-1.737646e-06	-9.105963e-10	-1.230699e+01	-5.788767e+01
1.470000e-06	-1.693711e-06	-9.027409e-10	-1.199582e+01	-5.751347e+01
1.480000e-06	-1.649762e-06	-8.967618e-10	-1.168455e+01	-5.713374e+01
1.490000e-06	-1.605738e-06	-8.935246e-10	-1.137274e+01	-5.674799e+01
1.500000e-06	-1.561576e-06	-8.905888e-10	-1.105996e+01	-5.635569e+01
1.510000e-06	-1.517256e-06	-8.871425e-10	-1.074606e+01	-5.595633e+01
1.520000e-06	-1.472823e-06	-8.826107e-10	-1.043137e+01	-5.554940e+01
1.530000e-06	-1.428382e-06	-8.753787e-10	-1.011661e+01	-5.513440e+01
1.540000e-06	-1.383877e-06	-8.652897e-10	-9.801396e+00	-5.471081e+01
1.550000e-06	-1.339296e-06	-8.535763e-10	-9.485648e+00	-5.427814e+01
1.560000e-06	-1.294692e-06	-8.431544e-10	-9.169740e+00	-5.383590e+01
1.570000e-06	-1.249992e-06	-8.376052e-10	-8.853147e+00	-5.338362e+01
1.580000e-06	-1.205147e-06	-8.348482e-10	-8.535534e+00	-5.292082e+01
1.590000e-06	-1.160261e-06	-8.304780e-10	-8.217625e+00	-5.244704e+01
1.600000e-06	-1.115321e-06	-8.219222e-10	-7.899333e+00	-5.196184e+01
1.610000e-06	-1.070279e-06	-8.109110e-10	-7.580317e+00	-5.146478e+01
1.620000e-06	-1.025175e-06	-7.990689e-10	-7.260871e+00	-5.095540e+01
1.630000e-06	-9.799543e-07	-7.859887e-10	-6.940590e+00	-5.043330e+01
1.640000e-06	-9.346046e-07	-7.744452e-10	-6.619397e+00	-4.989804e+01
1.650000e-06	-8.891833e-07	-7.660881e-10	-6.297698e+00	-4.934920e+01
1.660000e-06	-8.437542e-07	-7.608668e-10	-5.975944e+00	-4.878637e+01
1.670000e-06	-7.982475e-07	-7.558038e-10	-5.653639e+00	-4.820913e+01
1.680000e-06	-7.526696e-07	-7.478111e-10	-5.330831e+00	-4.761706e+01
1.690000e-06	-7.071426e-07	-7.367760e-10	-5.008383e+00	-4.700972e+01
1.700000e-06	-6.615476e-07	-7.244157e-10	-4.685453e+00	-4.638670e+01
1.710000e-06	-6.158696e-07	-7.121384e-10	-4.361936e+00	-4.574755e+01
1.720000e-06	-5.702004e-07	-7.014138e-10	-4.038481e+00	-4.509183e+01
1.730000e-06	-5.244694e-07	-6.925577e-10	-3.714588e+00	-4.441907e+01
1.740000e-06	-4.786425e-07	-6.840488e-10	-3.390016e+00	-4.372879e+01
1.750000e-06	-4.327840e-07	-6.721806e-10	-3.065221e+00	-4.302052e+01
1.760000e-06	-3.870087e-07	-6.584467e-10	-2.741014e+00	-4.229376e+01
1.770000e-06	-3.412183e-07	-6.453296e-10	-2.416701e+00	-4.154798e+01
1.780000e-06	-2.952607e-07	-6.338023e-10	-2.091203e+00	-4.078266e+01
1.790000e-06	-2.492563e-07	-6.225715e-10	-1.765374e+00	-3.999725e+01
1.800000e-06	-2.032548e-07	-6.084646e-10	-1.439565e+00	-3.919119e+01
1.810000e-06	-1.572347e-07	-5.933728e-10	-1.113625e+00	-3.836392e+01
1.820000e-06	-1.113223e-07	-5.807322e-10	-7.884472e-01	-3.751485e+01
1.830000e-06	-6.540840e-08	-5.697881e-10	-4.632592e-01	-3.664340e+01
1.840000e-06	-1.937262e-08	-5.557719e-10	-1.372079e-01	-3.574897e+01
1.850000e-06	2.668664e-08	-5.402920e-10	1.890098e-01	-3.483098e+01
1.860000e-06	7.268062e-08	-5.274224e-10	5.147652e-01	-3.388883e+01
1.870000e-06	1.186143e-07	-5.160631e-10	8.400935e-01	-3.292194e+01
1.880000e-06	1.645805e-07	-5.036158e-10	1.165652e+00	-3.192973e+01
1.890000e-06	2.104891e-07	-4.868301e-10	1.490803e+00	-3.091166e+01
1.900000e-06	2.563253e-07	-4.662319e-10	1.815441e+00	-2.986718e+01
1.910000e-06	3.022259e-07	-4.457448e-10	2.140535e+00	-2.879581e+01
1.920000e-06	3.481345e-07	-4.270097e-10	2.465685e+00	-2.769706e+01
1.930000e-06	3.939780e-07	-4.077002e-10	2.790375e+00	-2.657051e+01
1.940000e-06	4.398529e-07	-3.878138e-10	3.115287e+00	-2.541577e+01
1.950000e-06	4.857511e-07	-3.700928e-10	3.440363e+00	-2.423252e+01
1.960000e-06	5.315677e-07	-3.555602e-10	3.764862e+00	-2.302049e+01
1.970000e-06	5.772877e-07	-3.377002e-10	4.088677e+00	-2.177947e+01
1.980000e-06	6.229396e-07	-3.134430e-10	4.412010e+00	-2.050934e+01
1.990000e-06	6.686142e-07	-2.908639e-10	4.735503e+00	-1.921004e+01
2.000000e-06	7.142786e-07	-2.722107e-10	5.058924e+00	-1.788161e+01
2.010000e-06	7.598006e-07	-2.514740e-10	5.381336e+00	-1.652416e+01
2.020000e-06	8.052097e-07	-2.276809e-10	5.702949e+00	-1.513792e+01
2.030000e-06	8.505811e-07	-2.043272e-10	6.024295e+00	-1.372319e+01
2.040000e-06	8.958878e-07	-1.833628e-10	6.345183e+00	-1.228040e+01
2.050000e-06	9.411322e-07	-1.635754e-10	6.665629e+00	-1.081007e+01
2.060000e-06	9.863498e-07	-1.416409e-10	6.985886e+00	-9.312825e+00
2.070000e-06	1.031494e-06	-1.183410e-10	7.305624e+00	-7.789413e+00
2.080000e-06	1.076494e-06	-9.555097e-11	7.624340e+00	-6.240683e+00
2.090000e-06	1.121473e-06	-7.317619e-11	7.942907e+00	-4.667600e+00
2.100000e-06	1.166466e-06	-4.864645e-11	8.261568e+00	-3.071239e+00
2.110000e-06	1.211208e-06	-2.120740e-11	8.578460e+00	-1.452782e+00
2.120000e-06	1.255790e-06	5.985293e-12	8.894210e+00	1.864779e-01
2.130000e-06	1.300426e-06	2.979574e-11	9.210354e+00	1.845147e+00
2.140000e-06	1.345080e-06	5.321734e-11	9.526615e+00	3.521731e+00
2.150000e-06	1.389663e-06	7.862267e-11	9.842376e+00	5.214640e+00
2.160000e-06	1.434063e-06	1.017679e-10	1.015684e+01	6.922193e+00
2.170000e-06	1.478362e-06	1.253637e-10	1.047059e+01	8.642628e+00
2.180000e-06	1.522633e-06	1.525910e-10	1.078414e+01	1.037411e+01
2.190000e-06	1.566839e-06	1.802446e-10	1.109724e+01	1.211472e+01
2.200000e-06	1.610973e-06	2.069686e-10	1.140982e+01	1.386250e+01
2.210000e-06	1.655094e-06	2.340268e-10	1.172231e+01	1.561544e+01
2.220000e-06	1.699175e-06	2.607867e-10	1.203451e+01	1.737146e+01
2.230000e-06	1.743147e-06	2.874479e-10	1.234595e+01	1.912848e+01
2.240000e-06	1.786995e-06	3.149628e-10	1.265651e+01	2.088438e+01
2.250000e-06	1.830736e-06	3.414373e-10	1.296630e+01	2.263704e+01
2.260000e-06	1.874368e-06	3.689199e-10	1.327533e+01	2.438433e+01
2.270000e-06	1.917779e-06	3.980135e-10	1.358279e+01	2.612414e+01
2.280000e-06	1.960991e-06	4.256541e-10	1.388885e+01	2.785436e+01
2.290000e-06	2.004092e-06	4.510568e-10	1.419411e+01	2.957293e+01
2.300000e-06	2.047038e-06	4.753128e-10	1.449828e+01	3.127783e+01
2.310000e-06	2.089794e-06	5.008358e-10	1.480110e+01	3.296708e+01
2.320000e-06	2.132384e-06	5.280120e-10	1.510274e+01	3.463876e+01
2.330000e-06	2.174661e-06	5.537096e-10	1.540218e+01	3.629104e+01
2.340000e-06	2.216620e-06	5.777942e-10	1.569936e+01	3.792213e+01
2.350000e-06	2.258297e-06	6.015824e-10	1.599453e+01	3.953037e+01
2.360000e-06	2.299598e-06	6.246488e-10	1.628705e+01	4.111416e+01
2.370000e-06	2.340654e-06	6.486470e-10	1.657783e+01	4.267202e+01
2.380000e-06	2.381560e-06	6.740462e-10	1.686755e+01	4.420255e+01
2.390000e-06	2.422241e-06	6.990091e-10	1.715567e+01	4.570450e+01
2.400000e-06	2.462691e-06	7.225571e-10	1.744217e+01	4.717669e+01
2.410000e-06	2.503021e-06	7.457953e-10	1.772781e+01	4.861809e+01
2.420000e-06	2.543308e-06	7.708992e-10	1.801314e+01	5.002778e+01
2.430000e-06	2.583526e-06	7.975232e-10	1.829799e+01	5.140495e+01
2.440000e-06	2.623586e-06	8.218014e-10	1.858172e+01	5.274894e+01
2.450000e-06	2.663481e-06	8.402564e-10	1.886427e+01	5.405918e+01
2.460000e-06	2.703232e-06	8.572079e-10	1.914581e+01	5.533523e+01
2.470000e-06	2.742869e-06	8.747058e-10	1.942655e+01	5.657678e+01
2.480000e-06	2.782333e-06	8.912881e-10	1.970606e+01	5.778362e+01
2.490000e-06	2.821533e-06	9.091723e-10	1.998369e+01	5.895567e+01
2.500000e-06	2.860532e-06	9.299992e-10	2.025990e+01	6.009292e+01
2.510000e-06	2.899273e-06	9.523337e-10	2.053429e+01	6.119551e+01
2.520000e-06	2.937809e-06	9.758813e-10	2.080722e+01	6.226363e+01
2.530000e-06	2.976188e-06	9.956661e-10	2.107904e+01	6.329759e+01
2.540000e-06	3.014359e-06	1.011854e-09	2.134939e+01	6.429778e+01
2.550000e-06	3.052370e-06	1.023290e-09	2.161861e+01	6.526465e+01
2.560000e-06	3.090203e-06	1.031456e-09	2.188656e+01	6.619873e+01
2.570000e-06	3.127795e-06	1.040790e-09	2.215281e+01	6.710060e+01
2.580000e-06	3.165156e-06	1.053404e-09	2.241742e+01	6.797092e+01
2.590000e-06	3.202297e-06	1.070516e-09	2.268047e+01	6.881036e+01
2.600000e-06	3.239128e-06	1.089772e-09	2.294133e+01	6.961965e+01
2.610000e-06	3.275750e-06	1.108413e-09	2.320071e+01	7.039955e+01
2.620000e-06	3.312260e-06	1.123650e-09	2.345930e+01	7.115082e+01
2.630000e-06	3.348563e-06	1.133039e-09	2.371642e+01	7.187428e+01
2.640000e-06	3.384682e-06	1.137614e-09	2.397223e+01	7.257071e+01
2.650000e-06	3.420682e-06	1.138824e-09	2.422720e+01	7.324092e+01
2.660000e-06	3.456590e-06	1.141138e-09	2.448152e+01	7.388571e+01
2.670000e-06	3.492377e-06	1.145717e-09	2.473499e+01	7.450587e+01
2.680000e-06	3.527799e-06	1.155203e-09	2.498587e+01	7.510218e+01
2.690000e-06	3.562857e-06	1.170786e-09	2.523416e+01	7.567539e+01
2.700000e-06	3.597656e-06	1.184399e-09	2.548063e+01	7.622624e+01
2.710000e-06	3.632135e-06	1.193441e-09	2.572483e+01	7.675544e+01
2.720000e-06	3.666087e-06	1.197119e-09	2.596530e+01	7.726368e+01
2.730000e-06	3.699485e-06	1.200038e-09	2.620184e+01	7.775159e+01
2.740000e-06	3.732518e-06	1.203756e-09	2.643580e+01	7.821982e+01
2.750000e-06	3.765218e-06	1.208853e-09	2.666740e+01	7.866894e+01
2.760000e-06	3.797628e-06	1.214468e-09	2.689694e+01	7.909951e+01
2.770000e-06	3.829880e-06	1.220171e-09	2.712537e+01	7.951206e+01
2.780000e-06	3.862019e-06	1.228306e-09	2.735300e+01	7.990709e+01
2.790000e-06	3.893954e-06	1.236971e-09	2.757918e+01	8.028507e+01
2.800000e-06	3.925704e-06	1.238995e-09	2.780405e+01	8.064643e+01
2.810000e-06	3.957171e-06	1.236085e-09	2.802692e+01	8.099161e+01
2.820000e-06	3.988347e-06	1.234155e-09	2.824773e+01	8.132098e+01
2.830000e-06	4.019170e-06	1.238075e-09	2.846603e+01	8.163494e+01
2.840000e-06	4.049706e-06	1.244975e-09	2.868230e+01	8.193384e+01
2.850000e-06	4.080108e-06	1.250397e-09	2.889763e+01	8.221804e+01
2.860000e-06	4.110262e-06	1.253618e-09	2.911119e+01	8.248788e+01
2.870000e-06	4.140124e-06	1.256190e-09	2.932269e+01	8.274370e+01
2.880000e-06	4.169767e-06	1.259186e-09	2.953264e+01	8.298584e+01
2.890000e-06	4.199071e-06	1.260645e-09	2.974019e+01	8.321465e+01
2.900000e-06	4.227987e-06	1.260490e-09	2.994499e+01	8.343046e+01
2.910000e-06	4.256647e-06	1.263686e-09	3.014798e+01	8.363363e+01
2.920000e-06	4.285095e-06	1.267203e-09	3.034946e+01	8.382452e+01
2.930000e-06	4.313401e-06	1.268429e-09	3.054994e+01	8.400352e+01
2.940000e-06	4.341528e-06	1.269863e-09	3.074915e+01	8.417101e+01
2.950000e-06	4.369462e-06	1.272733e-09	3.094700e+01	8.432741e+01
2.960000e-06	4.397142e-06	1.277248e-09	3.114304e+01	8.447314e+01
2.970000e-06	4.424561e-06	1.280854e-09	3.133724e+01	8.460864e+01
2.980000e-06	4.451574e-06	1.281249e-09	3.152856e+01	8.473439e+01
2.990000e-06	4.477981e-06	1.281049e-09	3.171559e+01	8.485085e+01
3.000000e-06	4.503862e-06	1.283333e-09	3.189889e+01	8.495854e+01
3.010000e-06	4.529118e-06	1.287366e-09	3.207777e+01	8.505795e+01
3.020000e-06	4.553883e-06	1.291418e-09	3.225317e+01	8.514962e+01
3.030000e-06	4.578394e-06	1.293218e-09	3.242677e+01	8.523409e+01
3.040000e-06	4.602633e-06	1.296299e-09	3.259845e+01	8.531189e+01
3.050000e-06	4.626674e-06	1.300843e-09	3.276872e+01	8.538360e+01
3.060000e-06	4.650481e-06	1.303215e-09	3.293733e+01	8.544975e+01
3.070000e-06	4.673968e-06	1.300954e-09	3.310368e+01	8.551089e+01
3.080000e-06	4.697101e-06	1.300460e-09	3.326752e+01	8.556758e+01
3.090000e-06	4.719834e-06	1.303881e-09	3.342853e+01	8.562036e+01
3.100000e-06	4.742265e-06	1.303690e-09	3.358740e+01	8.566973e+01
3.110000e-06	4.764464e-06	1.300071e-09	3.374463e+01	8.571620e+01
3.120000e-06	4.786357e-06	1.301662e-09	3.389968e+01	8.576025e+01
3.130000e-06	4.807953e-06	1.308995e-09	3.405264e+01	8.580233e+01
3.140000e-06	4.829185e-06	1.314404e-09	3.420301e+01	8.584285e+01
3.150000e-06	4.850005e-06	1.315002e-09	3.435047e+01	8.588220e+01
3.160000e-06	4.870544e-06	1.314286e-09	3.449594e+01	8.592071e+01
3.170000e-06	4.890839e-06	1.314534e-09	3.463968e+01	8.595869e+01
3.180000e-06	4.910899e-06	1.315291e-09	3.478176e+01	8.599638e+01
3.190000e-06	4.930762e-06	1.314259e-09	3.492244e+01	8.603398e+01
3.200000e-06	4.950346e-06	1.313564e-09	3.506115e+01	8.607165e+01
3.210000e-06	4.969597e-06	1.318125e-09	3.519749e+01	8.610946e+01
3.220000e-06	4.988498e-06	1.323979e-09	3.533136e+01	8.614747e+01
3.230000e-06	5.006969e-06	1.325406e-09	3.546218e+01	8.618566e+01
3.240000e-06	5.024983e-06	1.322412e-09	3.558977e+01	8.622395e+01
3.250000e-06	5.042618e-06	1.318501e-09	3.571466e+01	8.626222e+01
3.260000e-06	5.060002e-06	1.316492e-09	3.583779e+01	8.630030e+01
3.270000e-06	5.077200e-06	1.315374e-09	3.595960e+01	8.633795e+01
3.280000e-06	5.094100e-06	1.315929e-09	3.607929e+01	8.637489e+01
3.290000e-06	5.110439e-06	1.320622e-09	3.619501e+01	8.641080e+01
3.300000e-06	5.126331e-06	1.327794e-09	3.630757e+01	8.644531e+01
3.310000e-06	5.141737e-06	1.332737e-09	3.641668e+01	8.647803e+01
3.320000e-06	5.156580e-06	1.332453e-09	3.652181e+01	8.650851e+01
3.330000e-06	5.171022e-06	1.329402e-09	3.662409e+01	8.653631e+01
3.340000e-06	5.185124e-06	1.325539e-09	3.672398e+01	8.656093e+01
3.350000e-06	5.198946e-06	1.321376e-09	3.682187e+01	8.658189e+01
3.360000e-06	5.212384e-06	1.317919e-09	3.691705e+01	8.659867e+01
3.370000e-06	5.225397e-06	1.317460e-09	3.700921e+01	8.661078e+01
3.380000e-06	5.238029e-06	1.319788e-09	3.709868e+01	8.661772e+01
3.390000e-06	5.250336e-06	1.322096e-09	3.718584e+01	8.661900e+01
3.400000e-06	5.262309e-06	1.321422e-09	3.727064e+01	8.661415e+01
3.410000e-06	5.273923e-06	1.318144e-09	3.735290e+01	8.660275e+01
3.420000e-06	5.285130e-06	1.316062e-09	3.743228e+01	8.658438e+01
3.430000e-06	5.295665e-06	1.314885e-09	3.750689e+01	8.655868e+01
3.440000e-06	5.305485e-06	1.313959e-09	3.757644e+01	8.652533e+01
3.450000e-06	5.314784e-06	1.314316e-09	3.764230e+01	8.648407e+01
3.460000e-06	5.323568e-06	1.317385e-09	3.770451e+01	8.643468e+01
3.470000e-06	5.332016e-06	1.320446e-09	3.776434e+01	8.637702e+01
3.480000e-06	5.340255e-06	1.321668e-09	3.782270e+01	8.631101e+01
3.490000e-06	5.348182e-06	1.321274e-09	3.787884e+01	8.623663e+01
3.500000e-06	5.355787e-06	1.318745e-09	3.793271e+01	8.615396e+01
3.510000e-06	5.363048e-06	1.315229e-09	3.798413e+01	8.606312e+01
3.520000e-06	5.369971e-06	1.312525e-09	3.803316e+01	8.596432e+01
3.530000e-06	5.376533e-06	1.311908e-09	3.807964e+01	8.585785e+01
3.540000e-06	5.382730e-06	1.313101e-09	3.812353e+01	8.574408e+01
3.550000e-06	5.388616e-06	1.313848e-09	3.816522e+01	8.562344e+01
3.560000e-06	5.394044e-06	1.312634e-09	3.820366e+01	8.549644e+01
3.570000e-06	5.398998e-06	1.310512e-09	3.823875e+01	8.536365e+01
3.580000e-06	5.403659e-06	1.307617e-09	3.827176e+01	8.522572e+01
3.590000e-06	5.408030e-06	1.304442e-09	3.830272e+01	8.508335e+01
3.600000e-06	5.412132e-06	1.302510e-09	3.833177e+01	8.493730e+01
3.610000e-06	5.416012e-06	1.302213e-09	3.835925e+01	8.478837e+01
3.620000e-06	5.419585e-06	1.303983e-09	3.838456e+01	8.463741e+01
3.630000e-06	5.422753e-06	1.306259e-09	3.840700e+01	8.448530e+01
3.640000e-06	5.425294e-06	1.307907e-09	3.842499e+01	8.433296e+01
3.650000e-06	5.427219e-06	1.309485e-09	3.843863e+01	8.418131e+01
3.660000e-06	5.428614e-06	1.311713e-09	3.844851e+01	8.403129e+01
3.670000e-06	5.429477e-06	1.313797e-09	3.845462e+01	8.388384e+01
3.680000e-06	5.430000e-06	1.312425e-09	3.845832e+01	8.373990e+01
3.690000e-06	5.430237e-06	1.309914e-09	3.846000e+01	8.360038e+01
3.700000e-06	5.430141e-06	1.309804e-09	3.845933e+01	8.346617e+01
3.710000e-06	5.429743e-06	1.311381e-09	3.845650e+01	8.333812e+01
3.720000e-06	5.429015e-06	1.312701e-09	3.845135e+01	8.321705e+01
3.730000e-06	5.427884e-06	1.312262e-09	3.844334e+01	8.310372e+01
3.740000e-06	5.426445e-06	1.310715e-09	3.843315e+01	8.299883e+01
3.750000e-06	5.424757e-06	1.308440e-09	3.842119e+01	8.290301e+01
3.760000e-06	5.422758e-06	1.299804e-09	3.840703e+01	8.281682e+01
3.770000e-06	5.420393e-06	1.270753e-09	3.839028e+01	8.274074e+01
3.780000e-06	5.417594e-06	1.240768e-09	3.837046e+01	8.267517e+01
3.790000e-06	5.414308e-06	1.279727e-09	3.834718e+01	8.262039e+01
3.800000e-06	5.410595e-06	1.325261e-09	3.832088e+01	8.257663e+01
3.810000e-06	5.406647e-06	1.244448e-09	3.829292e+01	8.254398e+01
3.820000e-06	5.402571e-06	1.194643e-09	3.826406e+01	8.252247e+01
3.830000e-06	5.398257e-06	1.269863e-09	3.823350e+01	8.251199e+01
3.840000e-06	5.393318e-06	1.310429e-09	3.819852e+01	8.251235e+01
3.850000e-06	5.387700e-06	1.224130e-09	3.815873e+01	8.252327e+01
3.860000e-06	5.381718e-06	1.133573e-09	3.811636e+01	8.254434e+01
3.870000e-06	5.375452e-06	1.255782e-09	3.807199e+01	8.257509e+01
3.880000e-06	5.368615e-06	1.335290e-09	3.802356e+01	8.261492e+01
3.890000e-06	5.361223e-06	1.201623e-09	3.797121e+01	8.266318e+01
3.900000e-06	5.353606e-06	1.133893e-09	3.791726e+01	8.271912e+01
3.910000e-06	5.345695e-06	1.284392e-09	3.786123e+01	8.278190e+01
3.920000e-06	5.337305e-06	1.321080e-09	3.780181e+01	8.285064e+01
3.930000e-06	5.328486e-06	1.111154e-09	3.773934e+01	8.292437e+01
3.940000e-06	5.319394e-06	1.096560e-09	3.767495e+01	8.300210e+01
3.950000e-06	5.309891e-06	1.304399e-09	3.760765e+01	8.308277e+01
3.960000e-06	5.300020e-06	1.312753e-09	3.753773e+01	8.316528e+01
3.970000e-06	5.289891e-06	1.123307e-09	3.746599e+01	8.324854e+01
3.980000e-06	5.279459e-06	1.201522e-09	3.739210e+01	8.333142e+01
3.990000e-06	5.268595e-06	1.399064e-09	3.731516e+01	8.341277e+01
4.000000e-06	5.257301e-06	1.309143e-09	3.723517e+01	8.349148e+01
4.010000e-06	5.245704e-06	1.167772e-09	3.715304e+01	8.356642e+01
4.020000e-06	5.233652e-06	1.312114e-09	3.706768e+01	8.363651e+01
4.030000e-06	5.221026e-06	1.402883e-09	3.697825e+01	8.370070e+01
4.040000e-06	5.207987e-06	1.229825e-09	3.688590e+01	8.375797e+01
4.050000e-06	5.194479e-06	1.180324e-09	3.679023e+01	8.380736e+01
4.060000e-06	5.180283e-06	1.330420e-09	3.668969e+01	8.384797e+01
4.070000e-06	5.165554e-06	1.324507e-09	3.658537e+01	8.387896e+01
4.080000e-06	5.150460e-06	1.227634e-09	3.647846e+01	8.389958e+01
4.090000e-06	5.134931e-06	1.276473e-09	3.636848e+01	8.390914e+01
4.100000e-06	5.118975e-06	1.304529e-09	3.625547e+01	8.390705e+01
4.110000e-06	5.102788e-06	1.239149e-09	3.614083e+01	8.389280e+01
4.120000e-06	5.086441e-06	1.245873e-09	3.602505e+01	8.386599e+01
4.130000e-06	5.069647e-06	1.262001e-09	3.590610e+01	8.382629e+01
4.140000e-06	5.052363e-06	1.187554e-09	3.578368e+01	8.377348e+01
4.150000e-06	5.034856e-06	1.194650e-09	3.565969e+01	8.370744e+01
4.160000e-06	5.017085e-06	1.279606e-09	3.553382e+01	8.362816e+01
4.170000e-06	4.998895e-06	1.267834e-09	3.540499e+01	8.353569e+01
4.180000e-06	4.980317e-06	1.215476e-09	3.527342e+01	8.343022e+01
4.190000e-06	4.961415e-06	1.239026e-09	3.513954e+01	8.331198e+01
4.200000e-06	4.942200e-06	1.244912e-09	3.500345e+01	8.318132e+01
4.210000e-06	4.922755e-06	1.217251e-09	3.486573e+01	8.303868e+01
4.220000e-06	4.903064e-06	1.192327e-09	3.472626e+01	8.288454e+01
4.230000e-06	4.883140e-06	1.180120e-09	3.458515e+01	8.271948e+01
4.240000e-06	4.862956e-06	1.203458e-09	3.444220e+01	8.254413e+01
4.250000e-06	4.842448e-06	1.240335e-09	3.429695e+01	8.235918e+01
4.260000e-06	4.821537e-06	1.215214e-09	3.414885e+01	8.216536e+01
4.270000e-06	4.800044e-06	1.197079e-09	3.399662e+01	8.196346e+01
4.280000e-06	4.777959e-06	1.226424e-09	3.384020e+01	8.175427e+01
4.290000e-06	4.755404e-06	1.218586e-09	3.368046e+01	8.153862e+01
4.300000e-06	4.732347e-06	1.179372e-09	3.351715e+01	8.131736e+01
4.310000e-06	4.708875e-06	1.176521e-09	3.335091e+01	8.109133e+01
4.320000e-06	4.685177e-06	1.176445e-09	3.318307e+01	8.086137e+01
4.330000e-06	4.661239e-06	1.174612e-09	3.301353e+01	8.062831e+01
4.340000e-06	4.636988e-06	1.190990e-09	3.284176e+01	8.039295e+01
4.350000e-06	4.612499e-06	1.176145e-09	3.266832e+01	8.015609e+01
4.360000e-06	4.587797e-06	1.153744e-09	3.249337e+01	7.991845e+01
4.370000e-06	4.562747e-06	1.176888e-09	3.231595e+01	7.968074e+01
4.380000e-06	4.537361e-06	1.184024e-09	3.213615e+01	7.944361e+01
4.390000e-06	4.511647e-06	1.148602e-09	3.195403e+01	7.920766e+01
4.400000e-06	4.485610e-06	1.139797e-09	3.176962e+01	7.897341e+01
4.410000e-06	4.459231e-06	1.153948e-09	3.158279e+01	7.874135e+01
4.420000e-06	4.432551e-06	1.154494e-09	3.139383e+01	7.851187e+01
4.430000e-06	4.405630e-06	1.143555e-09	3.120316e+01	7.828532e+01
4.440000e-06	4.378456e-06	1.134523e-09	3.101069e+01	7.806194e+01
4.450000e-06	4.351019e-06	1.137938e-09	3.081637e+01	7.784194e+01
4.460000e-06	4.323339e-06	1.153266e-09	3.062033e+01	7.762542e+01
4.470000e-06	4.295463e-06	1.146443e-09	3.042290e+01	7.741244e+01
4.480000e-06	4.267376e-06	1.129464e-09	3.022396e+01	7.720296e+01
4.490000e-06	4.239044e-06	1.132166e-09	3.002330e+01	7.699689e+01
4.500000e-06	4.210349e-06	1.139149e-09	2.982007e+01	7.679407e+01
4.510000e-06	4.181146e-06	1.127285e-09	2.961323e+01	7.659428e+01
4.520000e-06	4.151477e-06	1.116044e-09	2.940310e+01	7.639722e+01
4.530000e-06	4.121313e-06	1.116399e-09	2.918946e+01	7.620258e+01
4.540000e-06	4.090699e-06	1.129384e-09	2.897264e+01	7.600997e+01
4.550000e-06	4.059715e-06	1.138199e-09	2.875320e+01	7.581896e+01
4.560000e-06	4.028358e-06	1.130729e-09	2.853110e+01	7.562910e+01
4.570000e-06	3.996766e-06	1.120676e-09	2.830735e+01	7.543989e+01
4.580000e-06	3.964982e-06	1.119914e-09	2.808224e+01	7.525083e+01
4.590000e-06	3.933040e-06	1.115158e-09	2.785601e+01	7.506139e+01
4.600000e-06	3.900935e-06	1.096650e-09	2.762862e+01	7.487103e+01
4.610000e-06	3.868565e-06	1.082102e-09	2.739936e+01	7.467920e+01
4.620000e-06	3.836035e-06	1.086978e-09	2.716897e+01	7.448538e+01
4.630000e-06	3.803196e-06	1.101295e-09	2.693638e+01	7.428904e+01
4.640000e-06	3.769957e-06	1.103140e-09	2.670096e+01	7.408966e+01
4.650000e-06	3.736587e-06	1.091531e-09	2.646462e+01	7.388676e+01
4.660000e-06	3.702931e-06	1.084818e-09	2.622625e+01	7.367988e+01
4.670000e-06	3.668997e-06	1.083172e-09	2.598591e+01	7.346860e+01
4.680000e-06	3.634864e-06	1.072626e-09	2.574416e+01	7.325252e+01
4.690000e-06	3.600444e-06	1.056965e-09	2.550038e+01	7.303128e+01
4.700000e-06	3.565766e-06	1.051716e-09	2.525477e+01	7.280460e+01
4.710000e-06	3.530777e-06	1.061425e-09	2.500696e+01	7.257220e+01
4.720000e-06	3.495516e-06	1.070826e-09	2.475722e+01	7.233387e+01
4.730000e-06	3.460112e-06	1.070745e-09	2.450646e+01	7.208946e+01
4.740000e-06	3.424555e-06	1.064757e-09	2.425463e+01	7.183886e+01
4.750000e-06	3.388831e-06	1.062201e-09	2.400161e+01	7.158201e+01
4.760000e-06	3.352975e-06	1.057832e-09	2.374766e+01	7.131890e+01
4.770000e-06	3.317034e-06	1.046020e-09	2.349311e+01	7.104957e+01
4.780000e-06	3.280959e-06	1.032289e-09	2.323760e+01	7.077412e+01
4.790000e-06	3.244601e-06	1.027848e-09	2.298009e+01	7.049267e+01
4.800000e-06	3.207914e-06	1.032004e-09	2.272025e+01	7.020540e+01
4.810000e-06	3.170900e-06	1.031187e-09	2.245810e+01	6.991253e+01
4.820000e-06	3.133605e-06	1.022923e-09	2.219396e+01	6.961430e+01
4.830000e-06	3.095901e-06	1.016273e-09	2.192692e+01	6.931100e+01
4.840000e-06	3.057709e-06	1.014255e-09	2.165642e+01	6.900293e+01
4.850000e-06	3.019049e-06	1.010378e-09	2.138261e+01	6.869043e+01
4.860000e-06	2.980078e-06	1.001048e-09	2.110659e+01	6.837383e+01
4.870000e-06	2.941048e-06	9.933301e-10	2.083016e+01	6.805349e+01
4.880000e-06	2.901821e-06	9.935028e-10	2.055234e+01	6.772978e+01
4.890000e-06	2.862286e-06	9.941053e-10	2.027232e+01	6.740305e+01
4.900000e-06	2.822563e-06	9.876215e-10	1.999099e+01	6.707366e+01
4.910000e-06	2.782733e-06	9.794677e-10	1.970889e+01	6.674196e+01
4.920000e-06	2.742810e-06	9.771333e-10	1.942613e+01	6.640829e+01
4.930000e-06	2.702740e-06	9.775204e-10	1.914233e+01	6.607296e+01
4.940000e-06	2.662491e-06	9.759294e-10	1.885727e+01	6.573626e+01
4.950000e-06	2.622155e-06	9.744303e-10	1.857158e+01	6.539845e+01
4.960000e-06	2.581709e-06	9.720697e-10	1.828512e+01	6.505977e+01
4.970000e-06	2.540979e-06	9.686201e-10	1.799665e+01	6.472042e+01
4.980000e-06	2.500029e-06	9.631805e-10	1.770661e+01	6.438055e+01
4.990000e-06	2.458980e-06	9.553455e-10	1.741588e+01	6.404030e+01
5.000000e-06	2.417830e-06	9.501792e-10	1.712444e+01	6.369972e+01
5.010000e-06	2.376484e-06	9.485141e-10	1.683160e+01	6.335888e+01
5.020000e-06	2.334940e-06	9.463984e-10	1.653736e+01	6.301775e+01
5.030000e-06	2.293294e-06	9.423842e-10	1.624240e+01	6.267629e+01
5.040000e-06	2.251438e-06	9.381453e-10	1.594596e+01	6.233439e+01
5.050000e-06	2.209363e-06	9.333359e-10	1.564796e+01	6.199193e+01
5.060000e-06	2.167144e-06	9.296436e-10	1.534894e+01	6.164872e+01
5.070000e-06	2.124821e-06	9.250151e-10	1.504918e+01	6.130454e+01
5.080000e-06	2.082329e-06	9.179871e-10	1.474823e+01	6.095912e+01
5.090000e-06	2.039657e-06	9.114042e-10	1.444600e+01	6.061217e+01
5.100000e-06	1.996935e-06	9.060706e-10	1.414342e+01	6.026335e+01
5.110000e-06	1.954121e-06	9.026958e-10	1.384019e+01	5.991230e+01
5.120000e-06	1.911146e-06	9.018823e-10	1.353581e+01	5.955861e+01
5.130000e-06	1.867977e-06	9.006875e-10	1.323006e+01	5.920188e+01
5.140000e-06	1.824626e-06	8.988504e-10	1.292303e+01	5.884164e+01
5.150000e-06	1.781159e-06	8.978216e-10	1.261517e+01	5.847745e+01
5.160000e-06	1.737594e-06	8.923906e-10	1.230662e+01	5.810881e+01
5.170000e-06	1.693971e-06	8.816047e-10	1.199766e+01	5.773525e+01
5.180000e-06	1.650296e-06	8.706566e-10	1.168833e+01	5.735624e+01
5.190000e-06	1.606545e-06	8.641247e-10	1.137846e+01	5.697129e+01
5.200000e-06	1.562707e-06	8.613635e-10	1.106797e+01	5.657989e+01
5.210000e-06	1.518785e-06	8.589721e-10	1.075689e+01	5.618150e+01
5.220000e-06	1.474849e-06	8.549574e-10	1.044572e+01	5.577564e+01
5.230000e-06	1.430865e-06	8.484414e-10	1.013420e+01	5.536177e+01
5.240000e-06	1.386747e-06	8.409214e-10	9.821723e+00	5.493941e+01
5.250000e-06	1.342619e-06	8.318104e-10	9.509185e+00	5.450805e+01
5.260000e-06	1.298499e-06	8.229729e-10	9.196700e+00	5.406721e+01
5.270000e-06	1.254317e-06	8.159550e-10	8.883778e+00	5.361640e+01
5.280000e-06	1.210076e-06	8.103003e-10	8.570443e+00	5.315515e+01
5.290000e-06	1.165765e-06	8.044208e-10	8.256604e+00	5.268300e+01
5.300000e-06	1.121372e-06	7.992545e-10	7.942187e+00	5.219950e+01
5.310000e-06	1.076881e-06	7.926607e-10	7.627078e+00	5.170420e+01
5.320000e-06	1.032295e-06	7.834190e-10	7.311298e+00	5.119667e+01
5.330000e-06	9.875839e-07	7.736262e-10	6.994627e+00	5.067648e+01
5.340000e-06	9.428253e-07	7.656992e-10	6.677621e+00	5.014321e+01
5.350000e-06	8.980611e-07	7.582776e-10	6.360575e+00	4.959643e+01
5.360000e-06	8.531973e-07	7.492969e-10	6.042825e+00	4.903572e+01
5.370000e-06	8.081956e-07	7.410155e-10	5.724097e+00	4.846068e+01
5.380000e-06	7.631086e-07	7.340757e-10	5.404766e+00	4.787087e+01
5.390000e-06	7.179967e-07	7.263436e-10	5.085258e+00	4.726587e+01
5.400000e-06	6.728435e-07	7.166186e-10	4.765457e+00	4.664526e+01
5.410000e-06	6.275729e-07	7.055843e-10	4.444825e+00	4.600859e+01
5.420000e-06	5.822371e-07	6.941883e-10	4.123731e+00	4.535543e+01
5.430000e-06	5.369134e-07	6.842419e-10	3.802724e+00	4.468530e+01
5.440000e-06	4.916156e-07	6.744495e-10	3.481899e+00	4.399774e+01
5.450000e-06	4.462513e-07	6.623649e-10	3.160603e+00	4.329227e+01
5.460000e-06	4.007698e-07	6.476641e-10	2.838478e+00	4.256839e+01
5.470000e-06	3.552583e-07	6.350361e-10	2.516140e+00	4.182558e+01
5.480000e-06	3.097562e-07	6.263731e-10	2.193868e+00	4.106331e+01
5.490000e-06	2.641730e-07	6.195765e-10	1.871022e+00	4.028105e+01
5.500000e-06	2.185125e-07	6.110416e-10	1.547629e+00	3.947824e+01
5.510000e-06	1.729246e-07	5.990463e-10	1.224749e+00	3.865431e+01
5.520000e-06	1.273827e-07	5.866497e-10	9.021958e-01	3.780868e+01
5.530000e-06	8.174456e-08	5.734166e-10	5.789611e-01	3.694076e+01
5.540000e-06	3.603157e-08	5.564607e-10	2.551959e-01	3.604997e+01
5.550000e-06	-9.639870e-09	5.385913e-10	-6.827500e-02	3.513571e+01
5.560000e-06	-5.535557e-08	5.233715e-10	-3.920594e-01	3.419739e+01
5.570000e-06	-1.011369e-07	5.127522e-10	-7.163087e-01	3.323443e+01
5.580000e-06	-1.468407e-07	5.026604e-10	-1.040009e+00	3.224624e+01
5.590000e-06	-1.924586e-07	4.903243e-10	-1.363100e+00	3.123228e+01
5.600000e-06	-2.380234e-07	4.734153e-10	-1.685816e+00	3.019201e+01
5.610000e-06	-2.835667e-07	4.533140e-10	-2.008379e+00	2.912491e+01
5.620000e-06	-3.291348e-07	4.324425e-10	-2.331119e+00	2.803052e+01
5.630000e-06	-3.747307e-07	4.124636e-10	-2.654054e+00	2.690839e+01
5.640000e-06	-4.202662e-07	3.957017e-10	-2.976562e+00	2.575814e+01
5.650000e-06	-4.656442e-07	3.833151e-10	-3.297955e+00	2.457943e+01
5.660000e-06	-5.109620e-07	3.732580e-10	-3.618921e+00	2.337197e+01
5.670000e-06	-5.562742e-07	3.603407e-10	-3.939847e+00	2.213556e+01
5.680000e-06	-6.014749e-07	3.396359e-10	-4.259985e+00	2.087005e+01
5.690000e-06	-6.466322e-07	3.127696e-10	-4.579814e+00	1.957538e+01
5.700000e-06	-6.917458e-07	2.846479e-10	-4.899334e+00	1.825156e+01
5.710000e-06	-7.367975e-07	2.588935e-10	-5.218416e+00	1.689870e+01
5.720000e-06	-7.818889e-07	2.397861e-10	-5.537778e+00	1.551700e+01
5.730000e-06	-8.268626e-07	2.263378e-10	-5.856307e+00	1.410676e+01
5.740000e-06	-8.716192e-07	2.149381e-10	-6.173299e+00	1.266838e+01
5.750000e-06	-9.163366e-07	1.995637e-10	-6.490013e+00	1.120236e+01
5.760000e-06	-9.610585e-07	1.785460e-10	-6.806759e+00	9.709317e+00
5.770000e-06	-1.005594e-06	1.503541e-10	-7.122185e+00	8.189973e+00
5.780000e-06	-1.050019e-06	1.177153e-10	-7.436825e+00	6.645163e+00
5.790000e-06	-1.094509e-06	8.637967e-11	-7.751932e+00	5.075831e+00
5.800000e-06	-1.138912e-06	5.927750e-11	-8.066415e+00	3.483034e+00
5.810000e-06	-1.183151e-06	3.770366e-11	-8.379741e+00	1.867937e+00
5.820000e-06	-1.227355e-06	2.272314e-11	-8.692824e+00	2.318139e-01
5.830000e-06	-1.271536e-06	8.552557e-12	-9.005736e+00	-1.423958e+00
5.840000e-06	-1.315690e-06	-1.133505e-11	-9.318463e+00	-3.097900e+00
5.850000e-06	-1.359759e-06	-3.803391e-11	-9.630584e+00	-4.788438e+00
5.860000e-06	-1.403718e-06	-6.970034e-11	-9.941921e+00	-6.493907e+00
5.870000e-06	-1.447604e-06	-1.024637e-10	-1.025275e+01	-8.212557e+00
5.880000e-06	-1.491441e-06	-1.331558e-10	-1.056323e+01	-9.942562e+00
5.890000e-06	-1.535232e-06	-1.602223e-10	-1.087338e+01	-1.168203e+01
5.900000e-06	-1.579001e-06	-1.828258e-10	-1.118337e+01	-1.342899e+01
5.910000e-06	-1.622776e-06	-2.041527e-10	-1.149342e+01	-1.518144e+01
5.920000e-06	-1.666455e-06	-2.266291e-10	-1.180278e+01	-1.693733e+01
5.930000e-06	-1.710029e-06	-2.506040e-10	-1.211139e+01	-1.869456e+01
5.940000e-06	-1.753595e-06	-2.787331e-10	-1.241995e+01	-2.045104e+01
5.950000e-06	-1.797069e-06	-3.107068e-10	-1.272786e+01	-2.220462e+01
5.960000e-06	-1.840329e-06	-3.406674e-10	-1.303425e+01	-2.395319e+01
5.970000e-06	-1.883397e-06	-3.664648e-10	-1.333928e+01	-2.569463e+01
5.980000e-06	-1.926306e-06	-3.917548e-10	-1.364318e+01	-2.742683e+01
5.990000e-06	-1.969067e-06	-4.173318e-10	-1.394604e+01	-2.914772e+01
6.000000e-06	-2.011747e-06	-4.441950e-10	-1.424833e+01	-3.085527e+01
6.010000e-06	-2.054272e-06	-4.729547e-10	-1.454951e+01	-3.254750e+01
6.020000e-06	-2.096626e-06	-5.007705e-10	-1.484949e+01	-3.422247e+01
6.030000e-06	-2.138876e-06	-5.256974e-10	-1.514873e+01	-3.587834e+01
6.040000e-06	-2.180966e-06	-5.503289e-10	-1.544683e+01	-3.751333e+01
6.050000e-06	-2.222906e-06	-5.745301e-10	-1.574388e+01	-3.912572e+01
6.060000e-06	-2.264699e-06	-5.991072e-10	-1.603987e+01	-4.071393e+01
6.070000e-06	-2.306300e-06	-6.242651e-10	-1.633452e+01	-4.227644e+01
6.080000e-06	-2.347812e-06	-6.467872e-10	-1.662853e+01	-4.381186e+01
6.090000e-06	-2.389256e-06	-6.677371e-10	-1.692206e+01	-4.531889e+01
6.100000e-06	-2.430500e-06	-6.895962e-10	-1.721417e+01	-4.679635e+01
6.110000e-06	-2.471442e-06	-7.128197e-10	-1.750415e+01	-4.824319e+01
6.120000e-06	-2.512081e-06	-7.367757e-10	-1.779197e+01	-4.965846e+01
6.130000e-06	-2.552573e-06	-7.582695e-10	-1.807876e+01	-5.104134e+01
6.140000e-06	-2.592918e-06	-7.787372e-10	-1.836451e+01	-5.239113e+01
6.150000e-06	-2.633095e-06	-7.997854e-10	-1.864907e+01	-5.370727e+01
6.160000e-06	-2.673164e-06	-8.212046e-10	-1.893285e+01	-5.498928e+01
6.170000e-06	-2.713110e-06	-8.399718e-10	-1.921578e+01	-5.623683e+01
6.180000e-06	-2.752966e-06	-8.564916e-10	-1.949806e+01	-5.744971e+01
6.190000e-06	-2.792776e-06	-8.744284e-10	-1.978002e+01	-5.862779e+01
6.200000e-06	-2.832515e-06	-8.936309e-10	-2.006147e+01	-5.977107e+01
6.210000e-06	-2.872105e-06	-9.103698e-10	-2.034187e+01	-6.087966e+01
6.220000e-06	-2.911531e-06	-9.232549e-10	-2.062111e+01	-6.195374e+01
6.230000e-06	-2.950712e-06	-9.350523e-10	-2.089861e+01	-6.299361e+01
6.240000e-06	-2.989538e-06	-9.512498e-10	-2.117359e+01	-6.399963e+01
6.250000e-06	-3.028080e-06	-9.684650e-10	-2.144657e+01	-6.497225e+01
6.260000e-06	-3.066315e-06	-9.821558e-10	-2.171737e+01	-6.591199e+01
6.270000e-06	-3.104203e-06	-9.937861e-10	-2.198571e+01	-6.681943e+01
6.280000e-06	-3.141748e-06	-1.005979e-09	-2.225163e+01	-6.769519e+01
6.290000e-06	-3.178935e-06	-1.019685e-09	-2.251501e+01	-6.853997e+01
6.300000e-06	-3.215733e-06	-1.032148e-09	-2.277563e+01	-6.935447e+01
6.310000e-06	-3.252231e-06	-1.042947e-09	-2.303413e+01	-7.013945e+01
6.320000e-06	-3.288454e-06	-1.053185e-09	-2.329069e+01	-7.089568e+01
6.330000e-06	-3.324407e-06	-1.065339e-09	-2.354532e+01	-7.162395e+01
6.340000e-06	-3.360240e-06	-1.080130e-09	-2.379912e+01	-7.232507e+01
6.350000e-06	-3.396038e-06	-1.092925e-09	-2.405265e+01	-7.299983e+01
6.360000e-06	-3.431775e-06	-1.100291e-09	-2.430577e+01	-7.364903e+01
6.370000e-06	-3.467314e-06	-1.105137e-09	-2.455748e+01	-7.427348e+01
6.380000e-06	-3.502702e-06	-1.109101e-09	-2.480811e+01	-7.487395e+01
6.390000e-06	-3.537865e-06	-1.113861e-09	-2.505715e+01	-7.545119e+01
6.400000e-06	-3.572653e-06	-1.121077e-09	-2.530355e+01	-7.600596e+01
6.410000e-06	-3.607088e-06	-1.131674e-09	-2.554743e+01	-7.653895e+01
6.420000e-06	-3.641263e-06	-1.143601e-09	-2.578948e+01	-7.705087e+01
6.430000e-06	-3.675227e-06	-1.154523e-09	-2.603003e+01	-7.754237e+01
6.440000e-06	-3.708926e-06	-1.162279e-09	-2.626870e+01	-7.801407e+01
6.450000e-06	-3.742372e-06	-1.166626e-09	-2.650559e+01	-7.846657e+01
6.460000e-06	-3.775474e-06	-1.168085e-09	-2.674004e+01	-7.890043e+01
6.470000e-06	-3.808257e-06	-1.169638e-09	-2.697223e+01	-7.931619e+01
6.480000e-06	-3.840910e-06	-1.174159e-09	-2.720349e+01	-7.971434e+01
6.490000e-06	-3.873315e-06	-1.181410e-09	-2.743300e+01	-8.009537e+01
6.500000e-06	-3.905374e-06	-1.188664e-09	-2.766006e+01	-8.045971e+01
6.510000e-06	-3.937270e-06	-1.195490e-09	-2.788597e+01	-8.080778e+01
6.520000e-06	-3.969027e-06	-1.201742e-09	-2.811089e+01	-8.114000e+01
6.530000e-06	-4.000564e-06	-1.206637e-09	-2.833425e+01	-8.145674e+01
6.540000e-06	-4.031899e-06	-1.208747e-09	-2.855619e+01	-8.175836e+01
6.550000e-06	-4.062926e-06	-1.208967e-09	-2.877594e+01	-8.204522e+01
6.560000e-06	-4.093518e-06	-1.211251e-09	-2.899261e+01	-8.231767e+01
6.570000e-06	-4.123598e-06	-1.214612e-09	-2.920565e+01	-8.257604e+01
6.580000e-06	-4.153205e-06	-1.218222e-09	-2.941534e+01	-8.282067e+01
6.590000e-06	-4.182359e-06	-1.224640e-09	-2.962183e+01	-8.305191e+01
6.600000e-06	-4.211020e-06	-1.231506e-09	-2.982482e+01	-8.327010e+01
6.610000e-06	-4.239343e-06	-1.235478e-09	-3.002542e+01	-8.347559e+01
6.620000e-06	-4.267462e-06	-1.237984e-09	-3.022457e+01	-8.366874e+01
6.630000e-06	-4.295411e-06	-1.240350e-09	-3.042252e+01	-8.384993e+01
6.640000e-06	-4.323188e-06	-1.242203e-09	-3.061926e+01	-8.401955e+01
6.650000e-06	-4.350804e-06	-1.243119e-09	-3.081485e+01	-8.417800e+01
6.660000e-06	-4.378142e-06	-1.243807e-09	-3.100847e+01	-8.432571e+01
6.670000e-06	-4.405045e-06	-1.246409e-09	-3.119902e+01	-8.446313e+01
6.680000e-06	-4.431568e-06	-1.251694e-09	-3.138687e+01	-8.459070e+01
6.690000e-06	-4.457761e-06	-1.256260e-09	-3.157238e+01	-8.470892e+01
6.700000e-06	-4.483701e-06	-1.257081e-09	-3.175610e+01	-8.481826e+01
6.710000e-06	-4.509301e-06	-1.256087e-09	-3.193741e+01	-8.491925e+01
6.720000e-06	-4.534463e-06	-1.258720e-09	-3.211563e+01	-8.501241e+01
6.730000e-06	-4.559348e-06	-1.261188e-09	-3.229187e+01	-8.509828e+01
6.740000e-06	-4.583968e-06	-1.261642e-09	-3.246625e+01	-8.517740e+01
6.750000e-06	-4.608230e-06	-1.262832e-09	-3.263809e+01	-8.525031e+01
6.760000e-06	-4.632266e-06	-1.266321e-09	-3.280832e+01	-8.531759e+01
6.770000e-06	-4.656201e-06	-1.270277e-09	-3.297785e+01	-8.537977e+01
6.780000e-06	-4.679983e-06	-1.273009e-09	-3.314628e+01	-8.543740e+01
6.790000e-06	-4.703483e-06	-1.277921e-09	-3.331272e+01	-8.549102e+01
6.800000e-06	-4.726601e-06	-1.281691e-09	-3.347646e+01	-8.554116e+01
6.810000e-06	-4.749380e-06	-1.281603e-09	-3.363779e+01	-8.558832e+01
6.820000e-06	-4.771618e-06	-1.278487e-09	-3.379529e+01	-8.563298e+01
6.830000e-06	-4.793185e-06	-1.275010e-09	-3.394804e+01	-8.567559e+01
6.840000e-06	-4.814312e-06	-1.274470e-09	-3.409767e+01	-8.571658e+01
6.850000e-06	-4.835029e-06	-1.276623e-09	-3.424440e+01	-8.575634e+01
6.860000e-06	-4.855330e-06	-1.279020e-09	-3.438819e+01	-8.579520e+01
6.870000e-06	-4.875326e-06	-1.282796e-09	-3.452981e+01	-8.583349e+01
6.880000e-06	-4.895181e-06	-1.287634e-09	-3.467043e+01	-8.587145e+01
6.890000e-06	-4.914838e-06	-1.290664e-09	-3.480966e+01	-8.590929e+01
6.900000e-06	-4.934078e-06	-1.290039e-09	-3.494593e+01	-8.594717e+01
6.910000e-06	-4.952936e-06	-1.287342e-09	-3.507949e+01	-8.598519e+01
6.920000e-06	-4.971474e-06	-1.284520e-09	-3.521079e+01	-8.602340e+01
6.930000e-06	-4.989709e-06	-1.282180e-09	-3.533994e+01	-8.606180e+01
6.940000e-06	-5.007726e-06	-1.280507e-09	-3.546754e+01	-8.610032e+01
6.950000e-06	-5.025395e-06	-1.282220e-09	-3.559269e+01	-8.613884e+01
6.960000e-06	-5.042565e-06	-1.285341e-09	-3.571429e+01	-8.617720e+01
6.970000e-06	-5.059312e-06	-1.287754e-09	-3.583290e+01	-8.621517e+01
6.980000e-06	-5.075798e-06	-1.290010e-09	-3.594966e+01	-8.625249e+01
6.990000e-06	-5.092020e-06	-1.291252e-09	-3.606456e+01	-8.628883e+01
7.000000e-06	-5.108003e-06	-1.291274e-09	-3.617776e+01	-8.632384e+01
7.010000e-06	-5.123799e-06	-1.288637e-09	-3.628964e+01	-8.635712e+01
7.020000e-06	-5.139266e-06	-1.284110e-09	-3.639919e+01	-8.638825e+01
7.030000e-06	-5.154247e-06	-1.280013e-09	-3.650529e+01	-8.641676e+01
7.040000e-06	-5.168564e-06	-1.275964e-09	-3.660669e+01	-8.644218e+01
7.050000e-06	-5.182182e-06	-1.272169e-09	-3.670314e+01	-8.646402e+01
7.060000e-06	-5.195291e-06	-1.271590e-09	-3.679598e+01	-8.648177e+01
7.070000e-06	-5.208034e-06	-1.273452e-09	-3.688623e+01	-8.649493e+01
7.080000e-06	-5.220387e-06	-1.276359e-09	-3.697373e+01	-8.650300e+01
7.090000e-06	-5.232383e-06	-1.278890e-09	-3.705869e+01	-8.650549e+01
7.100000e-06	-5.244010e-06	-1.280151e-09	-3.714104e+01	-8.650194e+01
7.110000e-06	-5.255188e-06	-1.275978e-09	-3.722020e+01	-8.649189e+01
7.120000e-06	-5.265933e-06	-1.265704e-09	-3.729631e+01	-8.647495e+01
7.130000e-06	-5.276319e-06	-1.255931e-09	-3.736987e+01	-8.645073e+01
7.140000e-06	-5.286415e-06	-1.254345e-09	-3.744137e+01	-8.641891e+01
7.150000e-06	-5.296171e-06	-1.259560e-09	-3.751047e+01	-8.637922e+01
7.160000e-06	-5.305534e-06	-1.264514e-09	-3.757679e+01	-8.633143e+01
7.170000e-06	-5.314515e-06	-1.264744e-09	-3.764040e+01	-8.627539e+01
7.180000e-06	-5.323110e-06	-1.262880e-09	-3.770127e+01	-8.621101e+01
7.190000e-06	-5.331378e-06	-1.258767e-09	-3.775983e+01	-8.613827e+01
7.200000e-06	-5.339409e-06	-1.250460e-09	-3.781671e+01	-8.605720e+01
7.210000e-06	-5.347263e-06	-1.243177e-09	-3.787233e+01	-8.596795e+01
7.220000e-06	-5.354938e-06	-1.241115e-09	-3.792670e+01	-8.587069e+01
7.230000e-06	-5.362266e-06	-1.244030e-09	-3.797859e+01	-8.576572e+01
7.240000e-06	-5.369046e-06	-1.247531e-09	-3.802662e+01	-8.565337e+01
7.250000e-06	-5.375301e-06	-1.249700e-09	-3.807091e+01	-8.553408e+01
7.260000e-06	-5.380970e-06	-1.249146e-09	-3.811107e+01	-8.540833e+01
7.270000e-06	-5.386006e-06	-1.245226e-09	-3.814673e+01	-8.527670e+01
7.280000e-06	-5.390523e-06	-1.238820e-09	-3.817872e+01	-8.513982e+01
7.290000e-06	-5.394693e-06	-1.233138e-09	-3.820826e+01	-8.499837e+01
7.300000e-06	-5.398602e-06	-1.229629e-09	-3.823594e+01	-8.485312e+01
7.310000e-06	-5.402278e-06	-1.227962e-09	-3.826198e+01	-8.470484e+01
7.320000e-06	-5.405648e-06	-1.229151e-09	-3.828585e+01	-8.455440e+01
7.330000e-06	-5.408585e-06	-1.230532e-09	-3.830665e+01	-8.440266e+01
7.340000e-06	-5.411145e-06	-1.229845e-09	-3.832478e+01	-8.425052e+01
7.350000e-06	-5.413351e-06	-1.228592e-09	-3.834041e+01	-8.409893e+01
7.360000e-06	-5.415274e-06	-1.226102e-09	-3.835402e+01	-8.394881e+01
7.370000e-06	-5.416967e-06	-1.221017e-09	-3.836602e+01	-8.380111e+01
7.380000e-06	-5.418072e-06	-1.217160e-09	-3.837385e+01	-8.365675e+01
7.390000e-06	-5.418767e-06	-1.216778e-09	-3.837877e+01	-8.351667e+01
7.400000e-06	-5.419272e-06	-1.218558e-09	-3.838235e+01	-8.338174e+01
