# Temperatura_=_7.89
# Concentracion g/m^3_=_4090.0
# C_Vs_to_Am_M_A/Vsm_=_65563218390.804596
# pendiente_HvsI_1/m_=_3716.3
# ordenada_HvsI_A/m_=_1297.0
# frecuencia_Hz_=_135085.97528201903

Tiempo_(s)	Campo_(V.s)	Magnetizacion_(V.s)	Campo_(kA/m)	Magnetizacion_(A/m)
0.000000e+00	-5.421380e-06	-1.271717e-09	-3.837596e+01	-8.604075e+01
1.000000e-08	-5.421489e-06	-1.265899e-09	-3.837674e+01	-8.591665e+01
2.000000e-08	-5.421406e-06	-1.260351e-09	-3.837615e+01	-8.580133e+01
3.000000e-08	-5.421066e-06	-1.254409e-09	-3.837374e+01	-8.569562e+01
4.000000e-08	-5.420265e-06	-1.251953e-09	-3.836807e+01	-8.560026e+01
5.000000e-08	-5.418931e-06	-1.254387e-09	-3.835863e+01	-8.551594e+01
6.000000e-08	-5.417011e-06	-1.253506e-09	-3.834503e+01	-8.544325e+01
7.000000e-08	-5.414402e-06	-1.242981e-09	-3.832657e+01	-8.538272e+01
8.000000e-08	-5.411157e-06	-1.245897e-09	-3.830360e+01	-8.533475e+01
9.000000e-08	-5.407346e-06	-1.271228e-09	-3.827662e+01	-8.529965e+01
1.000000e-07	-5.403163e-06	-1.301500e-09	-3.824701e+01	-8.527763e+01
1.100000e-07	-5.398801e-06	-1.275613e-09	-3.821613e+01	-8.526879e+01
1.200000e-07	-5.394375e-06	-1.212792e-09	-3.818480e+01	-8.527311e+01
1.300000e-07	-5.389668e-06	-1.242082e-09	-3.815149e+01	-8.529046e+01
1.400000e-07	-5.384427e-06	-1.295354e-09	-3.811439e+01	-8.532060e+01
1.500000e-07	-5.378771e-06	-1.280360e-09	-3.807435e+01	-8.536317e+01
1.600000e-07	-5.372869e-06	-1.207026e-09	-3.803257e+01	-8.541771e+01
1.700000e-07	-5.366509e-06	-1.203043e-09	-3.798755e+01	-8.548363e+01
1.800000e-07	-5.359475e-06	-1.312031e-09	-3.793776e+01	-8.556025e+01
1.900000e-07	-5.352109e-06	-1.310430e-09	-3.788562e+01	-8.564680e+01
2.000000e-07	-5.344718e-06	-1.281633e-09	-3.783330e+01	-8.574238e+01
2.100000e-07	-5.337188e-06	-1.270680e-09	-3.778000e+01	-8.584604e+01
2.200000e-07	-5.329391e-06	-1.343904e-09	-3.772481e+01	-8.595672e+01
2.300000e-07	-5.321280e-06	-1.340076e-09	-3.766739e+01	-8.607332e+01
2.400000e-07	-5.312792e-06	-1.348596e-09	-3.760731e+01	-8.619466e+01
2.500000e-07	-5.303628e-06	-1.396404e-09	-3.754244e+01	-8.631949e+01
2.600000e-07	-5.293580e-06	-1.435571e-09	-3.747132e+01	-8.644656e+01
2.700000e-07	-5.282939e-06	-1.414339e-09	-3.739599e+01	-8.657455e+01
2.800000e-07	-5.271914e-06	-1.414760e-09	-3.731794e+01	-8.670213e+01
2.900000e-07	-5.260467e-06	-1.424002e-09	-3.723692e+01	-8.682799e+01
3.000000e-07	-5.248639e-06	-1.386822e-09	-3.715319e+01	-8.695077e+01
3.100000e-07	-5.236408e-06	-1.374433e-09	-3.706661e+01	-8.706917e+01
3.200000e-07	-5.223717e-06	-1.418096e-09	-3.697678e+01	-8.718190e+01
3.300000e-07	-5.210651e-06	-1.449166e-09	-3.688429e+01	-8.728769e+01
3.400000e-07	-5.197371e-06	-1.401931e-09	-3.679028e+01	-8.738534e+01
3.500000e-07	-5.183716e-06	-1.406475e-09	-3.669363e+01	-8.747369e+01
3.600000e-07	-5.169512e-06	-1.425457e-09	-3.659308e+01	-8.755167e+01
3.700000e-07	-5.154861e-06	-1.410250e-09	-3.648937e+01	-8.761825e+01
3.800000e-07	-5.139691e-06	-1.358949e-09	-3.638199e+01	-8.767251e+01
3.900000e-07	-5.123880e-06	-1.372342e-09	-3.627007e+01	-8.771361e+01
4.000000e-07	-5.107489e-06	-1.383818e-09	-3.615404e+01	-8.774082e+01
4.100000e-07	-5.090714e-06	-1.398590e-09	-3.603530e+01	-8.775350e+01
4.200000e-07	-5.073720e-06	-1.402126e-09	-3.591501e+01	-8.775112e+01
4.300000e-07	-5.056486e-06	-1.405844e-09	-3.579301e+01	-8.773325e+01
4.400000e-07	-5.038914e-06	-1.379035e-09	-3.566862e+01	-8.769961e+01
4.500000e-07	-5.021072e-06	-1.382496e-09	-3.554233e+01	-8.764998e+01
4.600000e-07	-5.002884e-06	-1.372797e-09	-3.541358e+01	-8.758431e+01
4.700000e-07	-4.984243e-06	-1.359867e-09	-3.528163e+01	-8.750262e+01
4.800000e-07	-4.965126e-06	-1.346714e-09	-3.514631e+01	-8.740506e+01
4.900000e-07	-4.945639e-06	-1.370031e-09	-3.500836e+01	-8.729189e+01
5.000000e-07	-4.925964e-06	-1.373720e-09	-3.486909e+01	-8.716346e+01
5.100000e-07	-4.906139e-06	-1.370007e-09	-3.472876e+01	-8.702024e+01
5.200000e-07	-4.886069e-06	-1.356315e-09	-3.458669e+01	-8.686279e+01
5.300000e-07	-4.865681e-06	-1.351682e-09	-3.444237e+01	-8.669172e+01
5.400000e-07	-4.844974e-06	-1.348740e-09	-3.429580e+01	-8.650778e+01
5.500000e-07	-4.823897e-06	-1.349634e-09	-3.414660e+01	-8.631173e+01
5.600000e-07	-4.802363e-06	-1.337613e-09	-3.399417e+01	-8.610444e+01
5.700000e-07	-4.780531e-06	-1.335416e-09	-3.383963e+01	-8.588679e+01
5.800000e-07	-4.758567e-06	-1.341950e-09	-3.368415e+01	-8.565974e+01
5.900000e-07	-4.736287e-06	-1.338938e-09	-3.352644e+01	-8.542427e+01
6.000000e-07	-4.713591e-06	-1.327825e-09	-3.336578e+01	-8.518136e+01
6.100000e-07	-4.690506e-06	-1.323154e-09	-3.320237e+01	-8.493204e+01
6.200000e-07	-4.667073e-06	-1.326981e-09	-3.303650e+01	-8.467731e+01
6.300000e-07	-4.643410e-06	-1.325047e-09	-3.286900e+01	-8.441818e+01
6.400000e-07	-4.619611e-06	-1.327912e-09	-3.270053e+01	-8.415565e+01
6.500000e-07	-4.595607e-06	-1.321634e-09	-3.253061e+01	-8.389067e+01
6.600000e-07	-4.571354e-06	-1.316337e-09	-3.235894e+01	-8.362417e+01
6.700000e-07	-4.546852e-06	-1.310456e-09	-3.218550e+01	-8.335704e+01
6.800000e-07	-4.521999e-06	-1.311010e-09	-3.200958e+01	-8.309010e+01
6.900000e-07	-4.496533e-06	-1.297091e-09	-3.182931e+01	-8.282414e+01
7.000000e-07	-4.470354e-06	-1.294157e-09	-3.164400e+01	-8.255986e+01
7.100000e-07	-4.443645e-06	-1.293179e-09	-3.145494e+01	-8.229790e+01
7.200000e-07	-4.416425e-06	-1.299374e-09	-3.126225e+01	-8.203883e+01
7.300000e-07	-4.388840e-06	-1.291367e-09	-3.106699e+01	-8.178313e+01
7.400000e-07	-4.361107e-06	-1.287542e-09	-3.087068e+01	-8.153121e+01
7.500000e-07	-4.333270e-06	-1.283097e-09	-3.067363e+01	-8.128339e+01
7.600000e-07	-4.305319e-06	-1.287510e-09	-3.047578e+01	-8.103992e+01
7.700000e-07	-4.277119e-06	-1.283196e-09	-3.027616e+01	-8.080096e+01
7.800000e-07	-4.248625e-06	-1.277599e-09	-3.007446e+01	-8.056657e+01
7.900000e-07	-4.219853e-06	-1.269367e-09	-2.987079e+01	-8.033675e+01
8.000000e-07	-4.190664e-06	-1.271372e-09	-2.966417e+01	-8.011142e+01
8.100000e-07	-4.161102e-06	-1.266717e-09	-2.945492e+01	-7.989042e+01
8.200000e-07	-4.131300e-06	-1.261989e-09	-2.924396e+01	-7.967353e+01
8.300000e-07	-4.101299e-06	-1.256463e-09	-2.903159e+01	-7.946045e+01
8.400000e-07	-4.071054e-06	-1.257188e-09	-2.881750e+01	-7.925083e+01
8.500000e-07	-4.040442e-06	-1.259171e-09	-2.860081e+01	-7.904428e+01
8.600000e-07	-4.009590e-06	-1.257149e-09	-2.838242e+01	-7.884034e+01
8.700000e-07	-3.978541e-06	-1.249456e-09	-2.816263e+01	-7.863852e+01
8.800000e-07	-3.947166e-06	-1.242605e-09	-2.794054e+01	-7.843830e+01
8.900000e-07	-3.915531e-06	-1.238211e-09	-2.771661e+01	-7.823914e+01
9.000000e-07	-3.883688e-06	-1.229685e-09	-2.749120e+01	-7.804048e+01
9.100000e-07	-3.851738e-06	-1.221573e-09	-2.726504e+01	-7.784173e+01
9.200000e-07	-3.819690e-06	-1.218441e-09	-2.703819e+01	-7.764234e+01
9.300000e-07	-3.787410e-06	-1.223686e-09	-2.680969e+01	-7.744172e+01
9.400000e-07	-3.754764e-06	-1.225493e-09	-2.657860e+01	-7.723933e+01
9.500000e-07	-3.721748e-06	-1.222509e-09	-2.634489e+01	-7.703462e+01
9.600000e-07	-3.688358e-06	-1.217028e-09	-2.610853e+01	-7.682708e+01
9.700000e-07	-3.654524e-06	-1.212285e-09	-2.586904e+01	-7.661624e+01
9.800000e-07	-3.620283e-06	-1.201297e-09	-2.562666e+01	-7.640164e+01
9.900000e-07	-3.585529e-06	-1.191974e-09	-2.538064e+01	-7.618289e+01
1.000000e-06	-3.550338e-06	-1.184195e-09	-2.513154e+01	-7.595962e+01
1.010000e-06	-3.514953e-06	-1.188179e-09	-2.488107e+01	-7.573152e+01
1.020000e-06	-3.479381e-06	-1.192211e-09	-2.462927e+01	-7.549834e+01
1.030000e-06	-3.443656e-06	-1.192660e-09	-2.437638e+01	-7.525987e+01
1.040000e-06	-3.407822e-06	-1.184521e-09	-2.412272e+01	-7.501596e+01
1.050000e-06	-3.371892e-06	-1.177568e-09	-2.386839e+01	-7.476651e+01
1.060000e-06	-3.335823e-06	-1.168614e-09	-2.361307e+01	-7.451148e+01
1.070000e-06	-3.299442e-06	-1.159412e-09	-2.335554e+01	-7.425087e+01
1.080000e-06	-3.262833e-06	-1.147196e-09	-2.309640e+01	-7.398475e+01
1.090000e-06	-3.226063e-06	-1.142932e-09	-2.283612e+01	-7.371322e+01
1.100000e-06	-3.188944e-06	-1.144473e-09	-2.257337e+01	-7.343646e+01
1.110000e-06	-3.151509e-06	-1.146532e-09	-2.230838e+01	-7.315464e+01
1.120000e-06	-3.113908e-06	-1.142718e-09	-2.204221e+01	-7.286802e+01
1.130000e-06	-3.076124e-06	-1.136761e-09	-2.177475e+01	-7.257686e+01
1.140000e-06	-3.038144e-06	-1.130622e-09	-2.150591e+01	-7.228146e+01
1.150000e-06	-2.999963e-06	-1.125650e-09	-2.123564e+01	-7.198214e+01
1.160000e-06	-2.961584e-06	-1.118836e-09	-2.096397e+01	-7.167926e+01
1.170000e-06	-2.922986e-06	-1.112141e-09	-2.069075e+01	-7.137315e+01
1.180000e-06	-2.884065e-06	-1.107471e-09	-2.041524e+01	-7.106419e+01
1.190000e-06	-2.844943e-06	-1.104981e-09	-2.013831e+01	-7.075273e+01
1.200000e-06	-2.805681e-06	-1.103184e-09	-1.986039e+01	-7.043913e+01
1.210000e-06	-2.766268e-06	-1.099404e-09	-1.958140e+01	-7.012374e+01
1.220000e-06	-2.726668e-06	-1.095926e-09	-1.930108e+01	-6.980688e+01
1.230000e-06	-2.686913e-06	-1.091167e-09	-1.901967e+01	-6.948888e+01
1.240000e-06	-2.647133e-06	-1.083702e-09	-1.873809e+01	-6.917000e+01
1.250000e-06	-2.607269e-06	-1.074249e-09	-1.845590e+01	-6.885051e+01
1.260000e-06	-2.567355e-06	-1.067692e-09	-1.817336e+01	-6.853062e+01
1.270000e-06	-2.527348e-06	-1.062953e-09	-1.789017e+01	-6.821053e+01
1.280000e-06	-2.487109e-06	-1.063139e-09	-1.760533e+01	-6.789035e+01
1.290000e-06	-2.446665e-06	-1.060750e-09	-1.731905e+01	-6.757021e+01
1.300000e-06	-2.406031e-06	-1.055172e-09	-1.703141e+01	-6.725014e+01
1.310000e-06	-2.365115e-06	-1.047259e-09	-1.674178e+01	-6.693015e+01
1.320000e-06	-2.323974e-06	-1.042443e-09	-1.645056e+01	-6.661021e+01
1.330000e-06	-2.282651e-06	-1.036897e-09	-1.615805e+01	-6.629023e+01
1.340000e-06	-2.240961e-06	-1.032904e-09	-1.586294e+01	-6.597006e+01
1.350000e-06	-2.198888e-06	-1.029557e-09	-1.556512e+01	-6.564954e+01
1.360000e-06	-2.156606e-06	-1.026683e-09	-1.526582e+01	-6.532843e+01
1.370000e-06	-2.113989e-06	-1.020662e-09	-1.496415e+01	-6.500648e+01
1.380000e-06	-2.071020e-06	-1.013199e-09	-1.465999e+01	-6.468337e+01
1.390000e-06	-2.027921e-06	-1.004898e-09	-1.435491e+01	-6.435876e+01
1.400000e-06	-1.984757e-06	-9.975952e-10	-1.404937e+01	-6.403227e+01
1.410000e-06	-1.941437e-06	-9.903854e-10	-1.374272e+01	-6.370350e+01
1.420000e-06	-1.897937e-06	-9.857370e-10	-1.343480e+01	-6.337202e+01
1.430000e-06	-1.854357e-06	-9.837793e-10	-1.312632e+01	-6.303738e+01
1.440000e-06	-1.810683e-06	-9.818216e-10	-1.281716e+01	-6.269909e+01
1.450000e-06	-1.766889e-06	-9.760031e-10	-1.250716e+01	-6.235668e+01
1.460000e-06	-1.723043e-06	-9.684124e-10	-1.219679e+01	-6.200966e+01
1.470000e-06	-1.679164e-06	-9.615194e-10	-1.188619e+01	-6.165752e+01
1.480000e-06	-1.635231e-06	-9.547153e-10	-1.157520e+01	-6.129976e+01
1.490000e-06	-1.591216e-06	-9.503493e-10	-1.126363e+01	-6.093588e+01
1.500000e-06	-1.547101e-06	-9.474212e-10	-1.095136e+01	-6.056540e+01
1.510000e-06	-1.502917e-06	-9.459139e-10	-1.063860e+01	-6.018783e+01
1.520000e-06	-1.458632e-06	-9.419916e-10	-1.032512e+01	-5.980271e+01
1.530000e-06	-1.414295e-06	-9.328696e-10	-1.001127e+01	-5.940957e+01
1.540000e-06	-1.369836e-06	-9.209317e-10	-9.696567e+00	-5.900799e+01
1.550000e-06	-1.325243e-06	-9.103319e-10	-9.380911e+00	-5.859754e+01
1.560000e-06	-1.280600e-06	-9.011597e-10	-9.064900e+00	-5.817782e+01
1.570000e-06	-1.235856e-06	-8.961841e-10	-8.748171e+00	-5.774846e+01
1.580000e-06	-1.191041e-06	-8.926181e-10	-8.430940e+00	-5.730910e+01
1.590000e-06	-1.146177e-06	-8.896527e-10	-8.113366e+00	-5.685940e+01
1.600000e-06	-1.101163e-06	-8.864919e-10	-7.794726e+00	-5.639905e+01
1.610000e-06	-1.055977e-06	-8.805813e-10	-7.474872e+00	-5.592774e+01
1.620000e-06	-1.010748e-06	-8.708085e-10	-7.154712e+00	-5.544518e+01
1.630000e-06	-9.654780e-07	-8.612410e-10	-6.834265e+00	-5.495112e+01
1.640000e-06	-9.201598e-07	-8.518793e-10	-6.513474e+00	-5.444528e+01
1.650000e-06	-8.747979e-07	-8.444106e-10	-6.192374e+00	-5.392741e+01
1.660000e-06	-8.293406e-07	-8.383107e-10	-5.870598e+00	-5.339727e+01
1.670000e-06	-7.838407e-07	-8.333131e-10	-5.548521e+00	-5.285460e+01
1.680000e-06	-7.383027e-07	-8.258402e-10	-5.226174e+00	-5.229916e+01
1.690000e-06	-6.926729e-07	-8.163583e-10	-4.903177e+00	-5.173069e+01
1.700000e-06	-6.469760e-07	-8.062027e-10	-4.579706e+00	-5.114891e+01
1.710000e-06	-6.012288e-07	-7.962653e-10	-4.255878e+00	-5.055355e+01
1.720000e-06	-5.554805e-07	-7.877988e-10	-3.932043e+00	-4.994429e+01
1.730000e-06	-5.097703e-07	-7.793197e-10	-3.608477e+00	-4.932082e+01
1.740000e-06	-4.640173e-07	-7.702713e-10	-3.284608e+00	-4.868278e+01
1.750000e-06	-4.181851e-07	-7.605932e-10	-2.960179e+00	-4.802978e+01
1.760000e-06	-3.723398e-07	-7.486953e-10	-2.635657e+00	-4.736141e+01
1.770000e-06	-3.263739e-07	-7.331648e-10	-2.310281e+00	-4.667723e+01
1.780000e-06	-2.803305e-07	-7.160149e-10	-1.984357e+00	-4.597673e+01
1.790000e-06	-2.343699e-07	-7.017871e-10	-1.659019e+00	-4.525940e+01
1.800000e-06	-1.884424e-07	-6.898138e-10	-1.333914e+00	-4.452467e+01
1.810000e-06	-1.425272e-07	-6.774827e-10	-1.008898e+00	-4.377194e+01
1.820000e-06	-9.664471e-08	-6.657088e-10	-6.841125e-01	-4.300057e+01
1.830000e-06	-5.072857e-08	-6.550980e-10	-3.590889e-01	-4.220987e+01
1.840000e-06	-4.748289e-09	-6.440041e-10	-3.361140e-02	-4.139912e+01
1.850000e-06	4.124051e-08	-6.295283e-10	2.919264e-01	-4.056759e+01
1.860000e-06	8.724484e-08	-6.131120e-10	6.175742e-01	-3.971448e+01
1.870000e-06	1.332786e-07	-5.975519e-10	9.434304e-01	-3.883899e+01
1.880000e-06	1.792476e-07	-5.848524e-10	1.268828e+00	-3.794030e+01
1.890000e-06	2.251686e-07	-5.716903e-10	1.593886e+00	-3.701756e+01
1.900000e-06	2.710587e-07	-5.553134e-10	1.918725e+00	-3.606992e+01
1.910000e-06	3.168882e-07	-5.384641e-10	2.243136e+00	-3.509653e+01
1.920000e-06	3.627305e-07	-5.240744e-10	2.567637e+00	-3.409654e+01
1.930000e-06	4.085195e-07	-5.085421e-10	2.891760e+00	-3.306910e+01
1.940000e-06	4.543291e-07	-4.892015e-10	3.216029e+00	-3.201340e+01
1.950000e-06	5.001912e-07	-4.680567e-10	3.540670e+00	-3.092864e+01
1.960000e-06	5.459963e-07	-4.499827e-10	3.864908e+00	-2.981408e+01
1.970000e-06	5.916731e-07	-4.316462e-10	4.188237e+00	-2.866900e+01
1.980000e-06	6.372501e-07	-4.116825e-10	4.510860e+00	-2.749274e+01
1.990000e-06	6.827984e-07	-3.924474e-10	4.833280e+00	-2.628473e+01
2.000000e-06	7.283705e-07	-3.776551e-10	5.155868e+00	-2.504443e+01
2.010000e-06	7.738775e-07	-3.654772e-10	5.477995e+00	-2.377141e+01
2.020000e-06	8.192497e-07	-3.481603e-10	5.799169e+00	-2.246533e+01
2.030000e-06	8.646163e-07	-3.210111e-10	6.120302e+00	-2.112592e+01
2.040000e-06	9.099857e-07	-2.926634e-10	6.441456e+00	-1.975304e+01
2.050000e-06	9.553389e-07	-2.698233e-10	6.762494e+00	-1.834665e+01
2.060000e-06	1.000635e-06	-2.466396e-10	7.083125e+00	-1.690684e+01
2.070000e-06	1.045782e-06	-2.206797e-10	7.402705e+00	-1.543380e+01
2.080000e-06	1.090803e-06	-1.978080e-10	7.721392e+00	-1.392786e+01
2.090000e-06	1.135768e-06	-1.816034e-10	8.039684e+00	-1.238949e+01
2.100000e-06	1.180635e-06	-1.645496e-10	8.357282e+00	-1.081929e+01
2.110000e-06	1.225387e-06	-1.378901e-10	8.674064e+00	-9.217977e+00
2.120000e-06	1.270082e-06	-1.044281e-10	8.990447e+00	-7.586429e+00
2.130000e-06	1.314661e-06	-7.533864e-11	9.306004e+00	-5.925651e+00
2.140000e-06	1.359102e-06	-5.153726e-11	9.620586e+00	-4.236786e+00
2.150000e-06	1.403507e-06	-2.808123e-11	9.934908e+00	-2.521112e+00
2.160000e-06	1.447849e-06	-3.045633e-12	1.024880e+01	-7.800352e-01
2.170000e-06	1.492115e-06	2.138791e-11	1.056213e+01	9.849088e-01
2.180000e-06	1.536313e-06	4.463695e-11	1.087500e+01	2.772064e+00
2.190000e-06	1.580469e-06	6.924896e-11	1.118756e+01	4.579658e+00
2.200000e-06	1.624538e-06	9.775197e-11	1.149951e+01	6.405812e+00
2.210000e-06	1.668509e-06	1.273373e-10	1.181076e+01	8.248545e+00
2.220000e-06	1.712438e-06	1.567062e-10	1.212172e+01	1.010578e+01
2.230000e-06	1.756262e-06	1.878385e-10	1.243193e+01	1.197538e+01
2.240000e-06	1.799983e-06	2.206842e-10	1.274142e+01	1.385510e+01
2.250000e-06	1.843661e-06	2.501764e-10	1.305060e+01	1.574265e+01
2.260000e-06	1.887281e-06	2.760620e-10	1.335937e+01	1.763571e+01
2.270000e-06	1.930773e-06	3.023438e-10	1.366724e+01	1.953190e+01
2.280000e-06	1.974103e-06	3.315400e-10	1.397395e+01	2.142881e+01
2.290000e-06	2.017247e-06	3.616974e-10	1.427935e+01	2.332402e+01
2.300000e-06	2.060281e-06	3.894444e-10	1.458398e+01	2.521513e+01
2.310000e-06	2.103180e-06	4.165376e-10	1.488764e+01	2.709972e+01
2.320000e-06	2.145787e-06	4.479059e-10	1.518924e+01	2.897540e+01
2.330000e-06	2.188096e-06	4.800756e-10	1.548873e+01	3.083983e+01
2.340000e-06	2.230175e-06	5.064993e-10	1.578659e+01	3.269070e+01
2.350000e-06	2.271933e-06	5.320413e-10	1.608218e+01	3.452575e+01
2.360000e-06	2.313305e-06	5.606251e-10	1.637504e+01	3.634282e+01
2.370000e-06	2.354438e-06	5.892074e-10	1.666620e+01	3.813978e+01
2.380000e-06	2.395264e-06	6.140572e-10	1.695520e+01	3.991463e+01
2.390000e-06	2.435885e-06	6.370984e-10	1.724274e+01	4.166544e+01
2.400000e-06	2.476348e-06	6.623317e-10	1.752916e+01	4.339039e+01
2.410000e-06	2.516541e-06	6.889614e-10	1.781367e+01	4.508777e+01
2.420000e-06	2.556635e-06	7.176497e-10	1.809748e+01	4.675600e+01
2.430000e-06	2.596660e-06	7.493409e-10	1.838081e+01	4.839359e+01
2.440000e-06	2.636570e-06	7.794081e-10	1.866331e+01	4.999920e+01
2.450000e-06	2.676394e-06	8.060600e-10	1.894521e+01	5.157161e+01
2.460000e-06	2.716118e-06	8.310229e-10	1.922640e+01	5.310973e+01
2.470000e-06	2.755687e-06	8.520285e-10	1.950650e+01	5.461260e+01
2.480000e-06	2.795110e-06	8.718185e-10	1.978556e+01	5.607941e+01
2.490000e-06	2.834356e-06	8.939786e-10	2.006337e+01	5.750944e+01
2.500000e-06	2.873352e-06	9.182034e-10	2.033941e+01	5.890214e+01
2.510000e-06	2.912080e-06	9.430893e-10	2.061355e+01	6.025707e+01
2.520000e-06	2.950554e-06	9.684039e-10	2.088589e+01	6.157391e+01
2.530000e-06	2.988927e-06	9.923221e-10	2.115752e+01	6.285246e+01
2.540000e-06	3.027158e-06	1.013950e-09	2.142814e+01	6.409264e+01
2.550000e-06	3.065186e-06	1.033220e-09	2.169733e+01	6.529446e+01
2.560000e-06	3.103041e-06	1.047502e-09	2.196529e+01	6.645806e+01
2.570000e-06	3.140636e-06	1.060268e-09	2.223141e+01	6.758366e+01
2.580000e-06	3.177992e-06	1.075698e-09	2.249584e+01	6.867157e+01
2.590000e-06	3.215104e-06	1.092912e-09	2.275854e+01	6.972217e+01
2.600000e-06	3.252006e-06	1.112607e-09	2.301976e+01	7.073593e+01
2.610000e-06	3.288646e-06	1.133184e-09	2.327912e+01	7.171339e+01
2.620000e-06	3.325032e-06	1.151237e-09	2.353668e+01	7.265512e+01
2.630000e-06	3.361293e-06	1.166251e-09	2.379336e+01	7.356178e+01
2.640000e-06	3.397314e-06	1.177657e-09	2.404834e+01	7.443403e+01
2.650000e-06	3.433058e-06	1.186366e-09	2.430136e+01	7.527260e+01
2.660000e-06	3.468738e-06	1.192996e-09	2.455392e+01	7.607823e+01
2.670000e-06	3.504396e-06	1.198911e-09	2.480633e+01	7.685170e+01
2.680000e-06	3.539901e-06	1.205459e-09	2.505766e+01	7.759378e+01
2.690000e-06	3.575132e-06	1.217042e-09	2.530705e+01	7.830526e+01
2.700000e-06	3.609957e-06	1.234159e-09	2.555356e+01	7.898694e+01
2.710000e-06	3.644402e-06	1.251989e-09	2.579739e+01	7.963962e+01
2.720000e-06	3.678392e-06	1.265689e-09	2.603799e+01	8.026408e+01
2.730000e-06	3.711936e-06	1.275902e-09	2.627543e+01	8.086111e+01
2.740000e-06	3.745090e-06	1.281863e-09	2.651012e+01	8.143146e+01
2.750000e-06	3.777793e-06	1.284556e-09	2.674161e+01	8.197590e+01
2.760000e-06	3.810131e-06	1.285410e-09	2.697052e+01	8.249516e+01
2.770000e-06	3.842224e-06	1.288711e-09	2.719770e+01	8.298994e+01
2.780000e-06	3.874153e-06	1.298092e-09	2.742371e+01	8.346096e+01
2.790000e-06	3.905946e-06	1.309163e-09	2.764876e+01	8.390889e+01
2.800000e-06	3.937588e-06	1.318542e-09	2.787274e+01	8.433438e+01
2.810000e-06	3.969001e-06	1.324711e-09	2.809510e+01	8.473807e+01
2.820000e-06	4.000175e-06	1.325578e-09	2.831577e+01	8.512059e+01
2.830000e-06	4.031175e-06	1.324833e-09	2.853521e+01	8.548254e+01
2.840000e-06	4.061836e-06	1.325878e-09	2.875225e+01	8.582451e+01
2.850000e-06	4.092105e-06	1.329059e-09	2.896651e+01	8.614708e+01
2.860000e-06	4.122071e-06	1.334787e-09	2.917863e+01	8.645082e+01
2.870000e-06	4.151750e-06	1.339684e-09	2.938872e+01	8.673629e+01
2.880000e-06	4.181200e-06	1.343812e-09	2.959718e+01	8.700404e+01
2.890000e-06	4.210405e-06	1.345509e-09	2.980391e+01	8.725464e+01
2.900000e-06	4.239334e-06	1.345666e-09	3.000869e+01	8.748862e+01
2.910000e-06	4.267935e-06	1.346724e-09	3.021115e+01	8.770656e+01
2.920000e-06	4.296226e-06	1.347586e-09	3.041141e+01	8.790900e+01
2.930000e-06	4.324357e-06	1.348561e-09	3.061054e+01	8.809651e+01
2.940000e-06	4.352365e-06	1.352812e-09	3.080879e+01	8.826967e+01
2.950000e-06	4.380216e-06	1.357601e-09	3.100594e+01	8.842906e+01
2.960000e-06	4.407748e-06	1.358371e-09	3.120083e+01	8.857527e+01
2.970000e-06	4.434894e-06	1.355727e-09	3.139299e+01	8.870891e+01
2.980000e-06	4.461812e-06	1.352583e-09	3.158353e+01	8.883060e+01
2.990000e-06	4.488416e-06	1.351625e-09	3.177185e+01	8.894095e+01
3.000000e-06	4.514348e-06	1.353427e-09	3.195542e+01	8.904060e+01
3.010000e-06	4.539615e-06	1.357590e-09	3.213427e+01	8.913020e+01
3.020000e-06	4.564364e-06	1.362908e-09	3.230946e+01	8.921040e+01
3.030000e-06	4.588666e-06	1.370024e-09	3.248148e+01	8.928186e+01
3.040000e-06	4.612679e-06	1.375871e-09	3.265146e+01	8.934524e+01
3.050000e-06	4.636535e-06	1.377237e-09	3.282033e+01	8.940119e+01
3.060000e-06	4.660238e-06	1.375025e-09	3.298812e+01	8.945038e+01
3.070000e-06	4.683565e-06	1.372147e-09	3.315324e+01	8.949345e+01
3.080000e-06	4.706604e-06	1.373781e-09	3.331633e+01	8.953105e+01
3.090000e-06	4.729332e-06	1.374759e-09	3.347721e+01	8.956380e+01
3.100000e-06	4.751686e-06	1.375727e-09	3.363544e+01	8.959230e+01
3.110000e-06	4.773730e-06	1.376336e-09	3.379148e+01	8.961714e+01
3.120000e-06	4.795487e-06	1.378163e-09	3.394549e+01	8.963888e+01
3.130000e-06	4.816961e-06	1.380518e-09	3.409750e+01	8.965805e+01
3.140000e-06	4.838016e-06	1.383356e-09	3.424654e+01	8.967513e+01
3.150000e-06	4.858763e-06	1.388440e-09	3.439340e+01	8.969058e+01
3.160000e-06	4.879223e-06	1.390005e-09	3.453823e+01	8.970480e+01
3.170000e-06	4.899362e-06	1.388870e-09	3.468079e+01	8.971816e+01
3.180000e-06	4.919291e-06	1.382745e-09	3.482186e+01	8.973096e+01
3.190000e-06	4.939000e-06	1.375595e-09	3.496137e+01	8.974348e+01
3.200000e-06	4.958509e-06	1.374977e-09	3.509947e+01	8.975591e+01
3.210000e-06	4.977802e-06	1.380081e-09	3.523603e+01	8.976840e+01
3.220000e-06	4.996675e-06	1.389095e-09	3.536963e+01	8.978104e+01
3.230000e-06	5.015091e-06	1.398569e-09	3.549999e+01	8.979387e+01
3.240000e-06	5.032998e-06	1.403619e-09	3.562675e+01	8.980685e+01
3.250000e-06	5.050421e-06	1.403609e-09	3.575008e+01	8.981991e+01
3.260000e-06	5.067650e-06	1.396871e-09	3.587204e+01	8.983291e+01
3.270000e-06	5.084694e-06	1.384073e-09	3.599269e+01	8.984565e+01
3.280000e-06	5.101333e-06	1.373196e-09	3.611047e+01	8.985788e+01
3.290000e-06	5.117621e-06	1.373220e-09	3.622577e+01	8.986931e+01
3.300000e-06	5.133590e-06	1.381068e-09	3.633880e+01	8.987961e+01
3.310000e-06	5.149032e-06	1.392771e-09	3.644811e+01	8.988839e+01
3.320000e-06	5.163943e-06	1.404769e-09	3.655366e+01	8.989524e+01
3.330000e-06	5.178456e-06	1.410978e-09	3.665639e+01	8.989971e+01
3.340000e-06	5.192556e-06	1.405069e-09	3.675620e+01	8.990135e+01
3.350000e-06	5.206251e-06	1.391519e-09	3.685314e+01	8.989965e+01
3.360000e-06	5.219555e-06	1.377231e-09	3.694732e+01	8.989414e+01
3.370000e-06	5.232424e-06	1.369651e-09	3.703841e+01	8.988431e+01
3.380000e-06	5.244963e-06	1.370436e-09	3.712717e+01	8.986966e+01
3.390000e-06	5.257134e-06	1.378552e-09	3.721332e+01	8.984973e+01
3.400000e-06	5.268967e-06	1.391754e-09	3.729709e+01	8.982403e+01
3.410000e-06	5.280510e-06	1.399138e-09	3.737880e+01	8.979215e+01
3.420000e-06	5.291680e-06	1.396327e-09	3.745786e+01	8.975366e+01
3.430000e-06	5.302269e-06	1.385981e-09	3.753282e+01	8.970822e+01
3.440000e-06	5.312059e-06	1.373151e-09	3.760212e+01	8.965549e+01
3.450000e-06	5.321113e-06	1.364170e-09	3.766621e+01	8.959523e+01
3.460000e-06	5.329623e-06	1.363235e-09	3.772645e+01	8.952722e+01
3.470000e-06	5.337810e-06	1.367093e-09	3.778440e+01	8.945132e+01
3.480000e-06	5.345798e-06	1.372671e-09	3.784095e+01	8.936747e+01
3.490000e-06	5.353588e-06	1.377894e-09	3.789609e+01	8.927566e+01
3.500000e-06	5.361083e-06	1.379323e-09	3.794914e+01	8.917597e+01
3.510000e-06	5.368268e-06	1.375828e-09	3.800001e+01	8.906855e+01
3.520000e-06	5.375048e-06	1.370484e-09	3.804800e+01	8.895365e+01
3.530000e-06	5.381364e-06	1.363862e-09	3.809270e+01	8.883157e+01
3.540000e-06	5.387387e-06	1.360072e-09	3.813534e+01	8.870270e+01
3.550000e-06	5.393073e-06	1.359864e-09	3.817559e+01	8.856754e+01
3.560000e-06	5.398332e-06	1.360803e-09	3.821282e+01	8.842661e+01
3.570000e-06	5.403249e-06	1.360630e-09	3.824762e+01	8.828055e+01
3.580000e-06	5.407797e-06	1.360051e-09	3.827981e+01	8.813006e+01
3.590000e-06	5.411974e-06	1.360124e-09	3.830938e+01	8.797588e+01
3.600000e-06	5.415931e-06	1.360375e-09	3.833739e+01	8.781885e+01
3.610000e-06	5.419707e-06	1.359289e-09	3.836412e+01	8.765982e+01
3.620000e-06	5.423284e-06	1.359085e-09	3.838944e+01	8.749973e+01
3.630000e-06	5.426504e-06	1.360393e-09	3.841223e+01	8.733952e+01
3.640000e-06	5.429067e-06	1.359015e-09	3.843038e+01	8.718018e+01
3.650000e-06	5.430919e-06	1.355656e-09	3.844349e+01	8.702271e+01
3.660000e-06	5.432151e-06	1.354600e-09	3.845221e+01	8.686814e+01
3.670000e-06	5.432881e-06	1.357216e-09	3.845738e+01	8.671749e+01
3.680000e-06	5.433216e-06	1.362026e-09	3.845974e+01	8.657177e+01
3.690000e-06	5.433252e-06	1.364701e-09	3.846000e+01	8.643197e+01
3.700000e-06	5.433052e-06	1.366735e-09	3.845859e+01	8.629907e+01
3.710000e-06	5.432614e-06	1.368235e-09	3.845548e+01	8.617399e+01
3.720000e-06	5.431807e-06	1.364107e-09	3.844977e+01	8.605762e+01
3.730000e-06	5.430625e-06	1.355618e-09	3.844140e+01	8.595078e+01
3.740000e-06	5.429045e-06	1.345505e-09	3.843022e+01	8.585424e+01
3.750000e-06	5.427116e-06	1.341024e-09	3.841656e+01	8.576869e+01
3.760000e-06	5.424969e-06	1.348779e-09	3.840137e+01	8.569472e+01
3.770000e-06	5.422523e-06	1.349912e-09	3.838406e+01	8.563287e+01
3.780000e-06	5.419697e-06	1.316136e-09	3.836405e+01	8.558355e+01
3.790000e-06	5.416405e-06	1.258423e-09	3.834075e+01	8.554707e+01
3.800000e-06	5.412583e-06	1.247629e-09	3.831369e+01	8.552367e+01
3.810000e-06	5.408331e-06	1.308190e-09	3.828359e+01	8.551344e+01
3.820000e-06	5.403998e-06	1.322833e-09	3.825292e+01	8.551637e+01
3.830000e-06	5.399603e-06	1.250362e-09	3.822181e+01	8.553236e+01
3.840000e-06	5.394693e-06	1.246211e-09	3.818706e+01	8.556115e+01
3.850000e-06	5.388962e-06	1.312806e-09	3.814649e+01	8.560242e+01
3.860000e-06	5.382712e-06	1.348927e-09	3.810225e+01	8.565569e+01
3.870000e-06	5.376244e-06	1.240473e-09	3.805646e+01	8.572039e+01
3.880000e-06	5.369295e-06	1.184375e-09	3.800727e+01	8.579586e+01
3.890000e-06	5.361641e-06	1.275664e-09	3.795309e+01	8.588132e+01
3.900000e-06	5.353604e-06	1.316534e-09	3.789620e+01	8.597590e+01
3.910000e-06	5.345455e-06	1.253488e-09	3.783852e+01	8.607863e+01
3.920000e-06	5.337038e-06	1.217619e-09	3.777893e+01	8.618848e+01
3.930000e-06	5.328181e-06	1.309474e-09	3.771624e+01	8.630434e+01
3.940000e-06	5.319022e-06	1.289205e-09	3.765141e+01	8.642504e+01
3.950000e-06	5.309503e-06	1.228403e-09	3.758402e+01	8.654934e+01
3.960000e-06	5.299480e-06	1.243097e-09	3.751307e+01	8.667598e+01
3.970000e-06	5.289143e-06	1.338155e-09	3.743990e+01	8.680365e+01
3.980000e-06	5.278547e-06	1.322831e-09	3.736490e+01	8.693103e+01
3.990000e-06	5.267582e-06	1.312788e-09	3.728728e+01	8.705679e+01
4.000000e-06	5.256120e-06	1.384923e-09	3.720615e+01	8.717959e+01
4.010000e-06	5.244290e-06	1.414336e-09	3.712241e+01	8.729812e+01
4.020000e-06	5.232077e-06	1.350266e-09	3.703596e+01	8.741107e+01
4.030000e-06	5.219304e-06	1.339560e-09	3.694554e+01	8.751720e+01
4.040000e-06	5.206113e-06	1.393516e-09	3.685216e+01	8.761528e+01
4.050000e-06	5.192576e-06	1.369746e-09	3.675634e+01	8.770416e+01
4.060000e-06	5.178320e-06	1.326259e-09	3.665543e+01	8.778275e+01
4.070000e-06	5.163171e-06	1.371751e-09	3.654819e+01	8.785003e+01
4.080000e-06	5.147580e-06	1.403766e-09	3.643783e+01	8.790506e+01
4.090000e-06	5.131834e-06	1.355756e-09	3.632637e+01	8.794700e+01
4.100000e-06	5.115833e-06	1.331716e-09	3.621311e+01	8.797510e+01
4.110000e-06	5.099552e-06	1.342088e-09	3.609786e+01	8.798872e+01
4.120000e-06	5.083055e-06	1.334314e-09	3.598108e+01	8.798732e+01
4.130000e-06	5.066203e-06	1.315439e-09	3.586179e+01	8.797047e+01
4.140000e-06	5.048895e-06	1.338449e-09	3.573928e+01	8.793786e+01
4.150000e-06	5.031205e-06	1.332641e-09	3.561406e+01	8.788928e+01
4.160000e-06	5.013199e-06	1.334805e-09	3.548660e+01	8.782465e+01
4.170000e-06	4.994919e-06	1.340781e-09	3.535720e+01	8.774400e+01
4.180000e-06	4.976293e-06	1.337649e-09	3.522536e+01	8.764746e+01
4.190000e-06	4.957305e-06	1.301447e-09	3.509095e+01	8.753529e+01
4.200000e-06	4.937943e-06	1.301047e-09	3.495389e+01	8.740783e+01
4.210000e-06	4.918208e-06	1.305742e-09	3.481419e+01	8.726554e+01
4.220000e-06	4.898245e-06	1.310394e-09	3.467288e+01	8.710895e+01
4.230000e-06	4.878129e-06	1.302127e-09	3.453049e+01	8.693871e+01
4.240000e-06	4.857801e-06	1.304163e-09	3.438659e+01	8.675551e+01
4.250000e-06	4.837309e-06	1.299140e-09	3.424154e+01	8.656015e+01
4.260000e-06	4.816395e-06	1.300807e-09	3.409349e+01	8.635347e+01
4.270000e-06	4.794842e-06	1.288139e-09	3.394093e+01	8.613637e+01
4.280000e-06	4.772633e-06	1.279879e-09	3.378372e+01	8.590977e+01
4.290000e-06	4.749865e-06	1.281560e-09	3.362255e+01	8.567467e+01
4.300000e-06	4.726744e-06	1.285018e-09	3.345889e+01	8.543205e+01
4.310000e-06	4.703191e-06	1.272361e-09	3.329217e+01	8.518293e+01
4.320000e-06	4.679316e-06	1.263487e-09	3.312316e+01	8.492833e+01
4.330000e-06	4.655270e-06	1.257313e-09	3.295295e+01	8.466924e+01
4.340000e-06	4.631083e-06	1.250839e-09	3.278174e+01	8.440666e+01
4.350000e-06	4.606648e-06	1.246210e-09	3.260878e+01	8.414156e+01
4.360000e-06	4.581808e-06	1.244613e-09	3.243294e+01	8.387486e+01
4.370000e-06	4.556604e-06	1.243451e-09	3.225453e+01	8.360746e+01
4.380000e-06	4.531103e-06	1.243895e-09	3.207402e+01	8.334019e+01
4.390000e-06	4.505308e-06	1.246344e-09	3.189143e+01	8.307383e+01
4.400000e-06	4.479209e-06	1.235083e-09	3.170668e+01	8.280909e+01
4.410000e-06	4.452807e-06	1.222112e-09	3.151979e+01	8.254662e+01
4.420000e-06	4.426105e-06	1.216067e-09	3.133077e+01	8.228700e+01
4.430000e-06	4.398994e-06	1.219328e-09	3.113887e+01	8.203071e+01
4.440000e-06	4.371492e-06	1.217902e-09	3.094419e+01	8.177818e+01
4.450000e-06	4.343706e-06	1.221093e-09	3.074750e+01	8.152972e+01
4.460000e-06	4.315716e-06	1.222696e-09	3.054937e+01	8.128559e+01
4.470000e-06	4.287650e-06	1.227407e-09	3.035070e+01	8.104595e+01
4.480000e-06	4.259505e-06	1.221829e-09	3.015148e+01	8.081089e+01
4.490000e-06	4.231081e-06	1.216782e-09	2.995027e+01	8.058040e+01
4.500000e-06	4.202270e-06	1.208383e-09	2.974633e+01	8.035441e+01
4.510000e-06	4.173133e-06	1.206286e-09	2.954008e+01	8.013277e+01
4.520000e-06	4.143575e-06	1.201799e-09	2.933085e+01	7.991525e+01
4.530000e-06	4.113448e-06	1.205200e-09	2.911759e+01	7.970158e+01
4.540000e-06	4.082708e-06	1.210105e-09	2.889999e+01	7.949140e+01
4.550000e-06	4.051390e-06	1.214291e-09	2.867831e+01	7.928432e+01
4.560000e-06	4.019790e-06	1.210180e-09	2.845462e+01	7.907989e+01
4.570000e-06	3.988036e-06	1.207061e-09	2.822985e+01	7.887762e+01
4.580000e-06	3.956122e-06	1.201457e-09	2.800394e+01	7.867700e+01
4.590000e-06	3.924055e-06	1.195367e-09	2.777695e+01	7.847749e+01
4.600000e-06	3.891781e-06	1.188715e-09	2.754849e+01	7.827851e+01
4.610000e-06	3.859324e-06	1.183397e-09	2.731874e+01	7.807950e+01
4.620000e-06	3.826649e-06	1.176409e-09	2.708745e+01	7.787989e+01
4.630000e-06	3.793655e-06	1.171921e-09	2.685389e+01	7.767911e+01
4.640000e-06	3.760314e-06	1.169427e-09	2.661789e+01	7.747659e+01
4.650000e-06	3.726747e-06	1.168479e-09	2.638028e+01	7.727181e+01
4.660000e-06	3.693018e-06	1.167124e-09	2.614152e+01	7.706424e+01
4.670000e-06	3.659030e-06	1.165783e-09	2.590093e+01	7.685339e+01
4.680000e-06	3.624735e-06	1.165135e-09	2.565817e+01	7.663883e+01
4.690000e-06	3.590116e-06	1.159070e-09	2.541312e+01	7.642015e+01
4.700000e-06	3.555252e-06	1.153583e-09	2.516633e+01	7.619698e+01
4.710000e-06	3.520235e-06	1.147205e-09	2.491845e+01	7.596901e+01
4.720000e-06	3.484970e-06	1.143210e-09	2.466882e+01	7.573597e+01
4.730000e-06	3.449480e-06	1.138216e-09	2.441760e+01	7.549766e+01
4.740000e-06	3.413786e-06	1.135180e-09	2.416494e+01	7.525392e+01
4.750000e-06	3.377892e-06	1.134669e-09	2.391086e+01	7.500464e+01
4.760000e-06	3.341864e-06	1.135863e-09	2.365583e+01	7.474978e+01
4.770000e-06	3.305754e-06	1.132925e-09	2.340022e+01	7.448934e+01
4.780000e-06	3.269488e-06	1.127476e-09	2.314350e+01	7.422339e+01
4.790000e-06	3.233028e-06	1.119607e-09	2.288542e+01	7.395202e+01
4.800000e-06	3.196407e-06	1.116507e-09	2.262620e+01	7.367539e+01
4.810000e-06	3.159561e-06	1.112831e-09	2.236538e+01	7.339370e+01
4.820000e-06	3.122292e-06	1.109961e-09	2.210156e+01	7.310718e+01
4.830000e-06	3.084487e-06	1.106652e-09	2.183395e+01	7.281609e+01
4.840000e-06	3.046285e-06	1.104677e-09	2.156354e+01	7.252074e+01
4.850000e-06	3.007748e-06	1.100328e-09	2.129075e+01	7.222145e+01
4.860000e-06	2.968850e-06	1.094425e-09	2.101540e+01	7.191856e+01
4.870000e-06	2.929572e-06	1.090800e-09	2.073737e+01	7.161242e+01
4.880000e-06	2.890048e-06	1.091392e-09	2.045759e+01	7.130339e+01
4.890000e-06	2.850352e-06	1.088364e-09	2.017660e+01	7.099183e+01
4.900000e-06	2.810496e-06	1.084428e-09	1.989447e+01	7.067811e+01
4.910000e-06	2.770545e-06	1.079015e-09	1.961167e+01	7.036256e+01
4.920000e-06	2.730480e-06	1.073984e-09	1.932807e+01	7.004553e+01
4.930000e-06	2.690367e-06	1.062246e-09	1.904412e+01	6.972731e+01
4.940000e-06	2.650156e-06	1.051016e-09	1.875948e+01	6.940821e+01
4.950000e-06	2.609768e-06	1.045701e-09	1.847359e+01	6.908847e+01
4.960000e-06	2.569248e-06	1.042459e-09	1.818676e+01	6.876832e+01
4.970000e-06	2.528542e-06	1.041765e-09	1.789862e+01	6.844794e+01
4.980000e-06	2.487621e-06	1.042237e-09	1.760896e+01	6.812748e+01
4.990000e-06	2.446498e-06	1.043251e-09	1.731786e+01	6.780704e+01
5.000000e-06	2.405246e-06	1.041284e-09	1.702586e+01	6.748667e+01
5.010000e-06	2.363776e-06	1.033048e-09	1.673230e+01	6.716639e+01
5.020000e-06	2.322130e-06	1.017462e-09	1.643751e+01	6.684616e+01
5.030000e-06	2.280359e-06	1.003861e-09	1.614183e+01	6.652589e+01
5.040000e-06	2.238438e-06	9.968358e-10	1.584508e+01	6.620546e+01
5.050000e-06	2.196373e-06	9.947113e-10	1.554732e+01	6.588468e+01
5.060000e-06	2.154136e-06	9.939905e-10	1.524834e+01	6.556335e+01
5.070000e-06	2.111790e-06	9.961777e-10	1.494859e+01	6.524118e+01
5.080000e-06	2.069256e-06	9.960814e-10	1.464751e+01	6.491789e+01
5.090000e-06	2.026577e-06	9.920669e-10	1.434540e+01	6.459313e+01
5.100000e-06	1.983771e-06	9.816547e-10	1.404239e+01	6.426652e+01
5.110000e-06	1.940762e-06	9.716254e-10	1.373794e+01	6.393767e+01
5.120000e-06	1.897553e-06	9.662786e-10	1.343209e+01	6.360614e+01
5.130000e-06	1.854228e-06	9.669731e-10	1.312540e+01	6.327149e+01
5.140000e-06	1.810844e-06	9.652297e-10	1.281830e+01	6.293324e+01
5.150000e-06	1.767330e-06	9.639156e-10	1.251028e+01	6.259090e+01
5.160000e-06	1.723735e-06	9.636078e-10	1.220169e+01	6.224399e+01
5.170000e-06	1.679982e-06	9.628362e-10	1.189198e+01	6.189200e+01
5.180000e-06	1.636021e-06	9.575137e-10	1.158079e+01	6.153444e+01
5.190000e-06	1.592045e-06	9.464867e-10	1.126950e+01	6.117080e+01
5.200000e-06	1.548064e-06	9.359662e-10	1.095818e+01	6.080060e+01
5.210000e-06	1.504011e-06	9.303309e-10	1.064634e+01	6.042335e+01
5.220000e-06	1.459932e-06	9.256014e-10	1.033432e+01	6.003858e+01
5.230000e-06	1.415865e-06	9.195840e-10	1.002239e+01	5.964584e+01
5.240000e-06	1.371803e-06	9.125060e-10	9.710491e+00	5.924469e+01
5.250000e-06	1.327649e-06	9.071583e-10	9.397944e+00	5.883470e+01
5.260000e-06	1.283355e-06	9.003754e-10	9.084401e+00	5.841548e+01
5.270000e-06	1.239035e-06	8.895594e-10	8.770672e+00	5.798665e+01
5.280000e-06	1.194710e-06	8.788471e-10	8.456912e+00	5.754784e+01
5.290000e-06	1.150358e-06	8.731446e-10	8.142963e+00	5.709873e+01
5.300000e-06	1.105985e-06	8.708212e-10	7.828865e+00	5.663898e+01
5.310000e-06	1.061446e-06	8.657026e-10	7.513589e+00	5.616831e+01
5.320000e-06	1.016690e-06	8.571616e-10	7.196778e+00	5.568641e+01
5.330000e-06	9.718524e-07	8.496203e-10	6.879387e+00	5.519302e+01
5.340000e-06	9.270345e-07	8.444587e-10	6.562137e+00	5.468788e+01
5.350000e-06	8.821743e-07	8.342301e-10	6.244589e+00	5.417074e+01
5.360000e-06	8.372632e-07	8.202004e-10	5.926679e+00	5.364134e+01
5.370000e-06	7.923186e-07	8.085856e-10	5.608533e+00	5.309943e+01
5.380000e-06	7.472770e-07	8.011500e-10	5.289700e+00	5.254478e+01
5.390000e-06	7.021209e-07	7.934502e-10	4.970056e+00	5.197711e+01
5.400000e-06	6.569109e-07	7.858981e-10	4.650031e+00	5.139616e+01
5.410000e-06	6.116710e-07	7.792116e-10	4.329795e+00	5.080165e+01
5.420000e-06	5.663543e-07	7.746268e-10	4.009015e+00	5.019328e+01
5.430000e-06	5.209555e-07	7.674785e-10	3.687653e+00	4.957071e+01
5.440000e-06	4.755066e-07	7.546764e-10	3.365937e+00	4.893361e+01
5.450000e-06	4.300595e-07	7.367844e-10	3.044234e+00	4.828158e+01
5.460000e-06	3.846147e-07	7.196554e-10	2.722546e+00	4.761422e+01
5.470000e-06	3.391368e-07	7.063958e-10	2.400625e+00	4.693108e+01
5.480000e-06	2.935832e-07	6.976259e-10	2.078168e+00	4.623167e+01
5.490000e-06	2.479234e-07	6.905777e-10	1.754959e+00	4.551548e+01
5.500000e-06	2.022700e-07	6.849612e-10	1.431795e+00	4.478193e+01
5.510000e-06	1.566626e-07	6.789796e-10	1.108957e+00	4.403044e+01
5.520000e-06	1.111614e-07	6.674427e-10	7.868709e-01	4.326035e+01
5.530000e-06	6.562968e-08	6.502253e-10	4.645684e-01	4.247099e+01
5.540000e-06	1.997828e-08	6.326573e-10	1.414189e-01	4.166166e+01
5.550000e-06	-2.563233e-08	6.165232e-10	-1.814419e-01	4.083159e+01
5.560000e-06	-7.119368e-08	6.024244e-10	-5.039540e-01	3.998002e+01
5.570000e-06	-1.166693e-07	5.910728e-10	-8.258596e-01	3.910614e+01
5.580000e-06	-1.621721e-07	5.820920e-10	-1.147957e+00	3.820912e+01
5.590000e-06	-2.078461e-07	5.716170e-10	-1.471266e+00	3.728813e+01
5.600000e-06	-2.535141e-07	5.551928e-10	-1.794534e+00	3.634231e+01
5.610000e-06	-2.990690e-07	5.366955e-10	-2.117000e+00	3.537081e+01
5.620000e-06	-3.446327e-07	5.178543e-10	-2.439529e+00	3.437277e+01
5.630000e-06	-3.900764e-07	4.978854e-10	-2.761208e+00	3.334736e+01
5.640000e-06	-4.354948e-07	4.794737e-10	-3.082708e+00	3.229376e+01
5.650000e-06	-4.809816e-07	4.645510e-10	-3.404692e+00	3.121116e+01
5.660000e-06	-5.263073e-07	4.529486e-10	-3.725537e+00	3.009882e+01
5.670000e-06	-5.715667e-07	4.425101e-10	-4.045911e+00	2.895602e+01
5.680000e-06	-6.166822e-07	4.257830e-10	-4.365268e+00	2.778209e+01
5.690000e-06	-6.616322e-07	4.024447e-10	-4.683452e+00	2.657646e+01
5.700000e-06	-7.066774e-07	3.763964e-10	-5.002310e+00	2.533858e+01
5.710000e-06	-7.517845e-07	3.533499e-10	-5.321607e+00	2.406801e+01
5.720000e-06	-7.967821e-07	3.357402e-10	-5.640128e+00	2.276440e+01
5.730000e-06	-8.416299e-07	3.221998e-10	-5.957589e+00	2.142748e+01
5.740000e-06	-8.864525e-07	3.093014e-10	-6.274872e+00	2.005711e+01
5.750000e-06	-9.312448e-07	2.954677e-10	-6.591941e+00	1.865322e+01
5.760000e-06	-9.759562e-07	2.779993e-10	-6.908436e+00	1.721590e+01
5.770000e-06	-1.020545e-06	2.515860e-10	-7.224068e+00	1.574532e+01
5.780000e-06	-1.065044e-06	2.194731e-10	-7.539054e+00	1.424182e+01
5.790000e-06	-1.109495e-06	1.880063e-10	-7.853707e+00	1.270585e+01
5.800000e-06	-1.153892e-06	1.615804e-10	-8.167980e+00	1.113798e+01
5.810000e-06	-1.198241e-06	1.401624e-10	-8.481906e+00	9.538937e+00
5.820000e-06	-1.242465e-06	1.221625e-10	-8.794957e+00	7.909582e+00
5.830000e-06	-1.286627e-06	1.053820e-10	-9.107558e+00	6.250908e+00
5.840000e-06	-1.330797e-06	8.553922e-11	-9.420222e+00	4.564046e+00
5.850000e-06	-1.374952e-06	6.048480e-11	-9.732779e+00	2.850264e+00
5.860000e-06	-1.419043e-06	3.004461e-11	-1.004489e+01	1.110957e+00
5.870000e-06	-1.463083e-06	-2.805450e-12	-1.035663e+01	-6.523502e-01
5.880000e-06	-1.507101e-06	-3.581217e-11	-1.066821e+01	-2.438011e+00
5.890000e-06	-1.551029e-06	-6.368724e-11	-1.097917e+01	-4.244263e+00
5.900000e-06	-1.594864e-06	-8.705803e-11	-1.128946e+01	-6.069235e+00
5.910000e-06	-1.638637e-06	-1.101361e-10	-1.159931e+01	-7.910954e+00
5.920000e-06	-1.682309e-06	-1.328085e-10	-1.190845e+01	-9.767357e+00
5.930000e-06	-1.725843e-06	-1.564832e-10	-1.221661e+01	-1.163629e+01
5.940000e-06	-1.769311e-06	-1.836137e-10	-1.252430e+01	-1.351555e+01
5.950000e-06	-1.812689e-06	-2.184978e-10	-1.283136e+01	-1.540283e+01
5.960000e-06	-1.855883e-06	-2.555535e-10	-1.313712e+01	-1.729581e+01
5.970000e-06	-1.898952e-06	-2.874386e-10	-1.344199e+01	-1.919212e+01
5.980000e-06	-1.941948e-06	-3.152297e-10	-1.374634e+01	-2.108935e+01
5.990000e-06	-1.984762e-06	-3.428660e-10	-1.404940e+01	-2.298509e+01
6.000000e-06	-2.027376e-06	-3.715807e-10	-1.435105e+01	-2.487692e+01
6.010000e-06	-2.069827e-06	-3.995816e-10	-1.465155e+01	-2.676244e+01
6.020000e-06	-2.112156e-06	-4.282242e-10	-1.495118e+01	-2.863924e+01
6.030000e-06	-2.154356e-06	-4.594071e-10	-1.524990e+01	-3.050499e+01
6.040000e-06	-2.196437e-06	-4.915582e-10	-1.554778e+01	-3.235736e+01
6.050000e-06	-2.238373e-06	-5.215413e-10	-1.584462e+01	-3.419411e+01
6.060000e-06	-2.280159e-06	-5.481489e-10	-1.614041e+01	-3.601304e+01
6.070000e-06	-2.321826e-06	-5.740823e-10	-1.643535e+01	-3.781205e+01
6.080000e-06	-2.363307e-06	-6.001992e-10	-1.672898e+01	-3.958911e+01
6.090000e-06	-2.404538e-06	-6.233720e-10	-1.702084e+01	-4.134228e+01
6.100000e-06	-2.445471e-06	-6.464611e-10	-1.731059e+01	-4.306974e+01
6.110000e-06	-2.486304e-06	-6.744150e-10	-1.759964e+01	-4.476978e+01
6.120000e-06	-2.527054e-06	-7.031905e-10	-1.788809e+01	-4.644078e+01
6.130000e-06	-2.567652e-06	-7.278505e-10	-1.817546e+01	-4.808127e+01
6.140000e-06	-2.608114e-06	-7.488606e-10	-1.846189e+01	-4.968988e+01
6.150000e-06	-2.648310e-06	-7.721293e-10	-1.874642e+01	-5.126539e+01
6.160000e-06	-2.688431e-06	-7.983005e-10	-1.903042e+01	-5.280670e+01
6.170000e-06	-2.728528e-06	-8.228173e-10	-1.931425e+01	-5.431283e+01
6.180000e-06	-2.768445e-06	-8.437855e-10	-1.959681e+01	-5.578296e+01
6.190000e-06	-2.808229e-06	-8.645657e-10	-1.987842e+01	-5.721637e+01
6.200000e-06	-2.847930e-06	-8.879508e-10	-2.015945e+01	-5.861250e+01
6.210000e-06	-2.887500e-06	-9.088512e-10	-2.043955e+01	-5.997088e+01
6.220000e-06	-2.926779e-06	-9.241103e-10	-2.071760e+01	-6.129119e+01
6.230000e-06	-2.965870e-06	-9.379926e-10	-2.099431e+01	-6.257322e+01
6.240000e-06	-3.004535e-06	-9.564394e-10	-2.126800e+01	-6.381689e+01
6.250000e-06	-3.042743e-06	-9.776260e-10	-2.153846e+01	-6.502220e+01
6.260000e-06	-3.080773e-06	-9.981484e-10	-2.180766e+01	-6.618927e+01
6.270000e-06	-3.118430e-06	-1.017571e-09	-2.207422e+01	-6.731831e+01
6.280000e-06	-3.155645e-06	-1.037405e-09	-2.233766e+01	-6.840964e+01
6.290000e-06	-3.192550e-06	-1.055244e-09	-2.259889e+01	-6.946362e+01
6.300000e-06	-3.229187e-06	-1.067380e-09	-2.285823e+01	-7.048073e+01
6.310000e-06	-3.265545e-06	-1.077411e-09	-2.311560e+01	-7.146147e+01
6.320000e-06	-3.301717e-06	-1.090328e-09	-2.337164e+01	-7.240645e+01
6.330000e-06	-3.337776e-06	-1.106826e-09	-2.362689e+01	-7.331629e+01
6.340000e-06	-3.373690e-06	-1.125306e-09	-2.388112e+01	-7.419168e+01
6.350000e-06	-3.409456e-06	-1.142100e-09	-2.413429e+01	-7.503332e+01
6.360000e-06	-3.445055e-06	-1.153529e-09	-2.438628e+01	-7.584196e+01
6.370000e-06	-3.480406e-06	-1.159998e-09	-2.463652e+01	-7.661836e+01
6.380000e-06	-3.515541e-06	-1.163551e-09	-2.488522e+01	-7.736332e+01
6.390000e-06	-3.550437e-06	-1.165756e-09	-2.513224e+01	-7.807761e+01
6.400000e-06	-3.585072e-06	-1.171400e-09	-2.537741e+01	-7.876203e+01
6.410000e-06	-3.619488e-06	-1.182966e-09	-2.562103e+01	-7.941739e+01
6.420000e-06	-3.653649e-06	-1.200480e-09	-2.586284e+01	-8.004446e+01
6.430000e-06	-3.687506e-06	-1.217053e-09	-2.610250e+01	-8.064404e+01
6.440000e-06	-3.721100e-06	-1.226381e-09	-2.634030e+01	-8.121688e+01
6.450000e-06	-3.754410e-06	-1.230009e-09	-2.657609e+01	-8.176374e+01
6.460000e-06	-3.787352e-06	-1.231628e-09	-2.680928e+01	-8.228535e+01
6.470000e-06	-3.819988e-06	-1.234319e-09	-2.704030e+01	-8.278244e+01
6.480000e-06	-3.852430e-06	-1.240094e-09	-2.726994e+01	-8.325571e+01
6.490000e-06	-3.884734e-06	-1.249422e-09	-2.749861e+01	-8.370582e+01
6.500000e-06	-3.916880e-06	-1.261289e-09	-2.772616e+01	-8.413345e+01
6.510000e-06	-3.948835e-06	-1.272653e-09	-2.795235e+01	-8.453922e+01
6.520000e-06	-3.980524e-06	-1.279789e-09	-2.817667e+01	-8.492377e+01
6.530000e-06	-4.012006e-06	-1.283042e-09	-2.839952e+01	-8.528770e+01
6.540000e-06	-4.043217e-06	-1.282400e-09	-2.862045e+01	-8.563161e+01
6.550000e-06	-4.073878e-06	-1.280325e-09	-2.883749e+01	-8.595606e+01
6.560000e-06	-4.103954e-06	-1.281879e-09	-2.905039e+01	-8.626164e+01
6.570000e-06	-4.133675e-06	-1.287200e-09	-2.926077e+01	-8.654890e+01
6.580000e-06	-4.163004e-06	-1.292969e-09	-2.946838e+01	-8.681840e+01
6.590000e-06	-4.191812e-06	-1.296941e-09	-2.967230e+01	-8.707069e+01
6.600000e-06	-4.220315e-06	-1.299721e-09	-2.987406e+01	-8.730633e+01
6.610000e-06	-4.248622e-06	-1.303269e-09	-3.007444e+01	-8.752587e+01
6.620000e-06	-4.276754e-06	-1.305401e-09	-3.027357e+01	-8.772987e+01
6.630000e-06	-4.304708e-06	-1.306714e-09	-3.047145e+01	-8.791890e+01
6.640000e-06	-4.332467e-06	-1.308611e-09	-3.066795e+01	-8.809352e+01
6.650000e-06	-4.360097e-06	-1.311658e-09	-3.086353e+01	-8.825433e+01
6.660000e-06	-4.387351e-06	-1.314907e-09	-3.105645e+01	-8.840191e+01
6.670000e-06	-4.414128e-06	-1.318155e-09	-3.124599e+01	-8.853686e+01
6.680000e-06	-4.440635e-06	-1.321471e-09	-3.143363e+01	-8.865981e+01
6.690000e-06	-4.466845e-06	-1.324365e-09	-3.161916e+01	-8.877137e+01
6.700000e-06	-4.492759e-06	-1.325964e-09	-3.180259e+01	-8.887218e+01
6.710000e-06	-4.518487e-06	-1.326437e-09	-3.198472e+01	-8.896288e+01
6.720000e-06	-4.543969e-06	-1.328165e-09	-3.216509e+01	-8.904413e+01
6.730000e-06	-4.568905e-06	-1.331226e-09	-3.234160e+01	-8.911659e+01
6.740000e-06	-4.593412e-06	-1.334716e-09	-3.251508e+01	-8.918090e+01
6.750000e-06	-4.617713e-06	-1.336989e-09	-3.268710e+01	-8.923774e+01
6.760000e-06	-4.641778e-06	-1.338953e-09	-3.285745e+01	-8.928776e+01
6.770000e-06	-4.665648e-06	-1.344768e-09	-3.302641e+01	-8.933161e+01
6.780000e-06	-4.689306e-06	-1.350091e-09	-3.319388e+01	-8.936992e+01
6.790000e-06	-4.712711e-06	-1.352638e-09	-3.335955e+01	-8.940334e+01
6.800000e-06	-4.735746e-06	-1.351314e-09	-3.352261e+01	-8.943247e+01
6.810000e-06	-4.758247e-06	-1.349893e-09	-3.368189e+01	-8.945788e+01
6.820000e-06	-4.780030e-06	-1.352251e-09	-3.383608e+01	-8.948015e+01
6.830000e-06	-4.801186e-06	-1.356013e-09	-3.398584e+01	-8.949980e+01
6.840000e-06	-4.821924e-06	-1.360101e-09	-3.413263e+01	-8.951733e+01
6.850000e-06	-4.842290e-06	-1.360566e-09	-3.427679e+01	-8.953319e+01
6.860000e-06	-4.862477e-06	-1.357512e-09	-3.441970e+01	-8.954779e+01
6.870000e-06	-4.882495e-06	-1.351429e-09	-3.456139e+01	-8.956150e+01
6.880000e-06	-4.902307e-06	-1.348240e-09	-3.470164e+01	-8.957463e+01
6.890000e-06	-4.921864e-06	-1.349291e-09	-3.484007e+01	-8.958745e+01
6.900000e-06	-4.940970e-06	-1.354844e-09	-3.497531e+01	-8.960017e+01
6.910000e-06	-4.959734e-06	-1.363083e-09	-3.510814e+01	-8.961294e+01
6.920000e-06	-4.978153e-06	-1.368731e-09	-3.523852e+01	-8.962586e+01
6.930000e-06	-4.996233e-06	-1.369073e-09	-3.536650e+01	-8.963896e+01
6.940000e-06	-5.014059e-06	-1.365968e-09	-3.549269e+01	-8.965222e+01
6.950000e-06	-5.031554e-06	-1.360798e-09	-3.561653e+01	-8.966557e+01
6.960000e-06	-5.048629e-06	-1.354162e-09	-3.573739e+01	-8.967887e+01
6.970000e-06	-5.065264e-06	-1.350275e-09	-3.585515e+01	-8.969193e+01
6.980000e-06	-5.081583e-06	-1.351177e-09	-3.597067e+01	-8.970451e+01
6.990000e-06	-5.097734e-06	-1.353949e-09	-3.608499e+01	-8.971631e+01
7.000000e-06	-5.113781e-06	-1.356287e-09	-3.619858e+01	-8.972701e+01
7.010000e-06	-5.129587e-06	-1.353863e-09	-3.631046e+01	-8.973622e+01
7.020000e-06	-5.144986e-06	-1.350347e-09	-3.641947e+01	-8.974354e+01
7.030000e-06	-5.159804e-06	-1.349160e-09	-3.652436e+01	-8.974851e+01
7.040000e-06	-5.173925e-06	-1.346158e-09	-3.662432e+01	-8.975069e+01
7.050000e-06	-5.187566e-06	-1.339855e-09	-3.672088e+01	-8.974959e+01
7.060000e-06	-5.200651e-06	-1.333448e-09	-3.681350e+01	-8.974470e+01
7.070000e-06	-5.213164e-06	-1.331905e-09	-3.690207e+01	-8.973554e+01
7.080000e-06	-5.225431e-06	-1.334684e-09	-3.698891e+01	-8.972160e+01
7.090000e-06	-5.237320e-06	-1.336603e-09	-3.707307e+01	-8.970242e+01
7.100000e-06	-5.248791e-06	-1.336615e-09	-3.715427e+01	-8.967751e+01
7.110000e-06	-5.259951e-06	-1.334863e-09	-3.723327e+01	-8.964644e+01
7.120000e-06	-5.270684e-06	-1.331890e-09	-3.730924e+01	-8.960881e+01
7.130000e-06	-5.281057e-06	-1.328647e-09	-3.738267e+01	-8.956425e+01
7.140000e-06	-5.291103e-06	-1.324240e-09	-3.745378e+01	-8.951244e+01
7.150000e-06	-5.300727e-06	-1.321155e-09	-3.752190e+01	-8.945310e+01
7.160000e-06	-5.309991e-06	-1.318333e-09	-3.758748e+01	-8.938603e+01
7.170000e-06	-5.318844e-06	-1.316393e-09	-3.765015e+01	-8.931109e+01
7.180000e-06	-5.327370e-06	-1.315585e-09	-3.771050e+01	-8.922819e+01
7.190000e-06	-5.335689e-06	-1.316069e-09	-3.776939e+01	-8.913733e+01
7.200000e-06	-5.343824e-06	-1.318126e-09	-3.782697e+01	-8.903858e+01
7.210000e-06	-5.351736e-06	-1.319784e-09	-3.788298e+01	-8.893209e+01
7.220000e-06	-5.359333e-06	-1.319087e-09	-3.793675e+01	-8.881809e+01
7.230000e-06	-5.366490e-06	-1.316102e-09	-3.798742e+01	-8.869688e+01
7.240000e-06	-5.372976e-06	-1.311337e-09	-3.803333e+01	-8.856886e+01
7.250000e-06	-5.378801e-06	-1.307187e-09	-3.807456e+01	-8.843449e+01
7.260000e-06	-5.384017e-06	-1.303293e-09	-3.811149e+01	-8.829431e+01
7.270000e-06	-5.388740e-06	-1.302532e-09	-3.814492e+01	-8.814894e+01
7.280000e-06	-5.393113e-06	-1.304063e-09	-3.817587e+01	-8.799908e+01
7.290000e-06	-5.397235e-06	-1.306224e-09	-3.820505e+01	-8.784547e+01
7.300000e-06	-5.401191e-06	-1.305391e-09	-3.823305e+01	-8.768893e+01
7.310000e-06	-5.404883e-06	-1.298941e-09	-3.825919e+01	-8.753033e+01
7.320000e-06	-5.408193e-06	-1.292844e-09	-3.828262e+01	-8.737058e+01
7.330000e-06	-5.411057e-06	-1.291136e-09	-3.830289e+01	-8.721063e+01
7.340000e-06	-5.413512e-06	-1.292091e-09	-3.832027e+01	-8.705147e+01
7.350000e-06	-5.415644e-06	-1.292590e-09	-3.833536e+01	-8.689410e+01
7.360000e-06	-5.417545e-06	-1.291530e-09	-3.834882e+01	-8.673954e+01
7.370000e-06	-5.419094e-06	-1.289465e-09	-3.835978e+01	-8.658881e+01
7.380000e-06	-5.420126e-06	-1.286329e-09	-3.836709e+01	-8.644293e+01
7.390000e-06	-5.420782e-06	-1.282666e-09	-3.837173e+01	-8.630289e+01
7.400000e-06	-5.421165e-06	-1.278703e-09	-3.837444e+01	-8.616967e+01
