# Temperatura_=_-1.8
# Concentracion g/m^3_=_4090.0
# C_Vs_to_Am_M_A/Vsm_=_65563218390.804596
# pendiente_HvsI_1/m_=_3716.3
# ordenada_HvsI_A/m_=_1297.0
# frecuencia_Hz_=_135070.29404497345

Tiempo_(s)	Campo_(V.s)	Magnetizacion_(V.s)	Campo_(kA/m)	Magnetizacion_(A/m)
0.000000e+00	-5.423804e-06	-2.015810e-09	-3.839201e+01	-1.343782e+02
1.000000e-08	-5.423949e-06	-2.011189e-09	-3.839304e+01	-1.342728e+02
2.000000e-08	-5.423786e-06	-2.003348e-09	-3.839189e+01	-1.341749e+02
3.000000e-08	-5.423213e-06	-1.996841e-09	-3.838783e+01	-1.340854e+02
4.000000e-08	-5.422156e-06	-1.996431e-09	-3.838035e+01	-1.340047e+02
5.000000e-08	-5.420543e-06	-2.003603e-09	-3.836893e+01	-1.339336e+02
6.000000e-08	-5.418308e-06	-2.028568e-09	-3.835311e+01	-1.338723e+02
7.000000e-08	-5.415516e-06	-2.035989e-09	-3.833335e+01	-1.338214e+02
8.000000e-08	-5.412252e-06	-1.984954e-09	-3.831024e+01	-1.337811e+02
9.000000e-08	-5.408539e-06	-1.929170e-09	-3.828396e+01	-1.337516e+02
1.000000e-07	-5.404469e-06	-1.975012e-09	-3.825515e+01	-1.337329e+02
1.100000e-07	-5.400157e-06	-2.006874e-09	-3.822463e+01	-1.337251e+02
1.200000e-07	-5.395682e-06	-1.996866e-09	-3.819295e+01	-1.337280e+02
1.300000e-07	-5.390873e-06	-1.945736e-09	-3.815892e+01	-1.337414e+02
1.400000e-07	-5.385598e-06	-2.019048e-09	-3.812157e+01	-1.337649e+02
1.500000e-07	-5.379969e-06	-2.062823e-09	-3.808173e+01	-1.337981e+02
1.600000e-07	-5.373974e-06	-2.026579e-09	-3.803929e+01	-1.338404e+02
1.700000e-07	-5.367490e-06	-1.944105e-09	-3.799340e+01	-1.338912e+02
1.800000e-07	-5.360578e-06	-1.965080e-09	-3.794447e+01	-1.339498e+02
1.900000e-07	-5.353367e-06	-1.992238e-09	-3.789343e+01	-1.340154e+02
2.000000e-07	-5.346008e-06	-1.988187e-09	-3.784134e+01	-1.340871e+02
2.100000e-07	-5.338456e-06	-2.021594e-09	-3.778788e+01	-1.341638e+02
2.200000e-07	-5.330554e-06	-2.081220e-09	-3.773195e+01	-1.342446e+02
2.300000e-07	-5.322245e-06	-2.103525e-09	-3.767314e+01	-1.343284e+02
2.400000e-07	-5.313497e-06	-2.067250e-09	-3.761121e+01	-1.344140e+02
2.500000e-07	-5.304079e-06	-2.110141e-09	-3.754455e+01	-1.345003e+02
2.600000e-07	-5.293882e-06	-2.122642e-09	-3.747237e+01	-1.345860e+02
2.700000e-07	-5.283282e-06	-2.097927e-09	-3.739734e+01	-1.346700e+02
2.800000e-07	-5.272325e-06	-2.072043e-09	-3.731978e+01	-1.347510e+02
2.900000e-07	-5.260828e-06	-2.127934e-09	-3.723840e+01	-1.348278e+02
3.000000e-07	-5.248806e-06	-2.123417e-09	-3.715330e+01	-1.348992e+02
3.100000e-07	-5.236342e-06	-2.109026e-09	-3.706508e+01	-1.349640e+02
3.200000e-07	-5.223541e-06	-2.104899e-09	-3.697447e+01	-1.350211e+02
3.300000e-07	-5.210443e-06	-2.124357e-09	-3.688175e+01	-1.350693e+02
3.400000e-07	-5.196946e-06	-2.085926e-09	-3.678621e+01	-1.351077e+02
3.500000e-07	-5.183033e-06	-2.108787e-09	-3.668773e+01	-1.351351e+02
3.600000e-07	-5.168686e-06	-2.129124e-09	-3.658618e+01	-1.351507e+02
3.700000e-07	-5.153954e-06	-2.114094e-09	-3.648190e+01	-1.351537e+02
3.800000e-07	-5.138703e-06	-2.076245e-09	-3.637394e+01	-1.351433e+02
3.900000e-07	-5.122837e-06	-2.105414e-09	-3.626164e+01	-1.351188e+02
4.000000e-07	-5.106576e-06	-2.107377e-09	-3.614654e+01	-1.350796e+02
4.100000e-07	-5.089956e-06	-2.076159e-09	-3.602890e+01	-1.350254e+02
4.200000e-07	-5.072908e-06	-2.070597e-09	-3.590822e+01	-1.349556e+02
4.300000e-07	-5.055559e-06	-2.098143e-09	-3.578541e+01	-1.348700e+02
4.400000e-07	-5.037993e-06	-2.102393e-09	-3.566108e+01	-1.347685e+02
4.500000e-07	-5.020050e-06	-2.085034e-09	-3.553407e+01	-1.346510e+02
4.600000e-07	-5.001637e-06	-2.079920e-09	-3.540373e+01	-1.345175e+02
4.700000e-07	-4.982869e-06	-2.069919e-09	-3.527089e+01	-1.343682e+02
4.800000e-07	-4.963844e-06	-2.065230e-09	-3.513622e+01	-1.342033e+02
4.900000e-07	-4.944484e-06	-2.053279e-09	-3.499918e+01	-1.340232e+02
5.000000e-07	-4.924833e-06	-2.049788e-09	-3.486008e+01	-1.338282e+02
5.100000e-07	-4.904964e-06	-2.041912e-09	-3.471944e+01	-1.336190e+02
5.200000e-07	-4.884809e-06	-2.058478e-09	-3.457677e+01	-1.333961e+02
5.300000e-07	-4.864377e-06	-2.060771e-09	-3.443215e+01	-1.331601e+02
5.400000e-07	-4.843657e-06	-2.057811e-09	-3.428548e+01	-1.329118e+02
5.500000e-07	-4.822614e-06	-2.035932e-09	-3.413653e+01	-1.326519e+02
5.600000e-07	-4.801241e-06	-2.034078e-09	-3.398524e+01	-1.323814e+02
5.700000e-07	-4.779539e-06	-2.029785e-09	-3.383163e+01	-1.321010e+02
5.800000e-07	-4.757503e-06	-2.021279e-09	-3.367565e+01	-1.318116e+02
5.900000e-07	-4.735100e-06	-1.999276e-09	-3.351707e+01	-1.315142e+02
6.000000e-07	-4.712409e-06	-2.012621e-09	-3.335645e+01	-1.312098e+02
6.100000e-07	-4.689376e-06	-2.023345e-09	-3.319342e+01	-1.308991e+02
6.200000e-07	-4.666067e-06	-2.020194e-09	-3.302843e+01	-1.305832e+02
6.300000e-07	-4.642554e-06	-2.005965e-09	-3.286199e+01	-1.302630e+02
6.400000e-07	-4.618748e-06	-2.012072e-09	-3.269348e+01	-1.299393e+02
6.500000e-07	-4.594660e-06	-2.007523e-09	-3.252298e+01	-1.296129e+02
6.600000e-07	-4.570245e-06	-2.001221e-09	-3.235016e+01	-1.292848e+02
6.700000e-07	-4.545414e-06	-1.989714e-09	-3.217439e+01	-1.289556e+02
6.800000e-07	-4.520063e-06	-1.983745e-09	-3.199495e+01	-1.286261e+02
6.900000e-07	-4.494148e-06	-1.980818e-09	-3.181151e+01	-1.282968e+02
7.000000e-07	-4.467734e-06	-1.985334e-09	-3.162454e+01	-1.279685e+02
7.100000e-07	-4.440854e-06	-1.981275e-09	-3.143427e+01	-1.276415e+02
7.200000e-07	-4.413673e-06	-1.977598e-09	-3.124187e+01	-1.273163e+02
7.300000e-07	-4.386300e-06	-1.982391e-09	-3.104811e+01	-1.269933e+02
7.400000e-07	-4.358709e-06	-1.983738e-09	-3.085281e+01	-1.266729e+02
7.500000e-07	-4.330897e-06	-1.976336e-09	-3.065595e+01	-1.263551e+02
7.600000e-07	-4.302873e-06	-1.964958e-09	-3.045759e+01	-1.260401e+02
7.700000e-07	-4.274565e-06	-1.959845e-09	-3.025720e+01	-1.257280e+02
7.800000e-07	-4.245953e-06	-1.953499e-09	-3.005468e+01	-1.254188e+02
7.900000e-07	-4.217037e-06	-1.949249e-09	-2.985000e+01	-1.251124e+02
8.000000e-07	-4.187807e-06	-1.941655e-09	-2.964310e+01	-1.248086e+02
8.100000e-07	-4.158325e-06	-1.942378e-09	-2.943441e+01	-1.245073e+02
8.200000e-07	-4.128534e-06	-1.943866e-09	-2.922353e+01	-1.242081e+02
8.300000e-07	-4.098463e-06	-1.941894e-09	-2.901068e+01	-1.239107e+02
8.400000e-07	-4.068172e-06	-1.928065e-09	-2.879627e+01	-1.236148e+02
8.500000e-07	-4.037507e-06	-1.921796e-09	-2.857921e+01	-1.233199e+02
8.600000e-07	-4.006545e-06	-1.915131e-09	-2.836005e+01	-1.230255e+02
8.700000e-07	-3.975423e-06	-1.911178e-09	-2.813975e+01	-1.227313e+02
8.800000e-07	-3.944093e-06	-1.901119e-09	-2.791799e+01	-1.224366e+02
8.900000e-07	-3.912572e-06	-1.896762e-09	-2.769487e+01	-1.221409e+02
9.000000e-07	-3.880805e-06	-1.890635e-09	-2.747000e+01	-1.218438e+02
9.100000e-07	-3.848860e-06	-1.887665e-09	-2.724389e+01	-1.215447e+02
9.200000e-07	-3.816766e-06	-1.880122e-09	-2.701671e+01	-1.212431e+02
9.300000e-07	-3.784399e-06	-1.879408e-09	-2.678760e+01	-1.209384e+02
9.400000e-07	-3.751664e-06	-1.880174e-09	-2.655589e+01	-1.206301e+02
9.500000e-07	-3.718515e-06	-1.880929e-09	-2.632124e+01	-1.203179e+02
9.600000e-07	-3.684918e-06	-1.872308e-09	-2.608343e+01	-1.200012e+02
9.700000e-07	-3.650847e-06	-1.859714e-09	-2.584226e+01	-1.196796e+02
9.800000e-07	-3.616403e-06	-1.846482e-09	-2.559845e+01	-1.193528e+02
9.900000e-07	-3.581664e-06	-1.838543e-09	-2.535255e+01	-1.190204e+02
1.000000e-06	-3.546595e-06	-1.833412e-09	-2.510432e+01	-1.186821e+02
1.010000e-06	-3.511208e-06	-1.831826e-09	-2.485383e+01	-1.183377e+02
1.020000e-06	-3.475619e-06	-1.832526e-09	-2.460193e+01	-1.179871e+02
1.030000e-06	-3.439910e-06	-1.832957e-09	-2.434916e+01	-1.176300e+02
1.040000e-06	-3.404093e-06	-1.828189e-09	-2.409563e+01	-1.172664e+02
1.050000e-06	-3.368156e-06	-1.816709e-09	-2.384125e+01	-1.168962e+02
1.060000e-06	-3.331963e-06	-1.803934e-09	-2.358507e+01	-1.165195e+02
1.070000e-06	-3.295468e-06	-1.789743e-09	-2.332674e+01	-1.161362e+02
1.080000e-06	-3.258756e-06	-1.778845e-09	-2.306687e+01	-1.157465e+02
1.090000e-06	-3.221874e-06	-1.773299e-09	-2.280581e+01	-1.153505e+02
1.100000e-06	-3.184791e-06	-1.775766e-09	-2.254332e+01	-1.149483e+02
1.110000e-06	-3.147473e-06	-1.776237e-09	-2.227917e+01	-1.145403e+02
1.120000e-06	-3.109929e-06	-1.773224e-09	-2.201341e+01	-1.141265e+02
1.130000e-06	-3.072166e-06	-1.764766e-09	-2.174611e+01	-1.137074e+02
1.140000e-06	-3.034109e-06	-1.756125e-09	-2.147673e+01	-1.132830e+02
1.150000e-06	-2.995830e-06	-1.744641e-09	-2.120577e+01	-1.128538e+02
1.160000e-06	-2.957427e-06	-1.733117e-09	-2.093394e+01	-1.124200e+02
1.170000e-06	-2.918883e-06	-1.721534e-09	-2.066111e+01	-1.119819e+02
1.180000e-06	-2.880132e-06	-1.715208e-09	-2.038681e+01	-1.115399e+02
1.190000e-06	-2.841109e-06	-1.710533e-09	-2.011059e+01	-1.110941e+02
1.200000e-06	-2.801889e-06	-1.710165e-09	-1.983298e+01	-1.106449e+02
1.210000e-06	-2.762449e-06	-1.708985e-09	-1.955380e+01	-1.101926e+02
1.220000e-06	-2.722918e-06	-1.707993e-09	-1.927398e+01	-1.097374e+02
1.230000e-06	-2.683383e-06	-1.700322e-09	-1.899414e+01	-1.092794e+02
1.240000e-06	-2.643649e-06	-1.688830e-09	-1.871288e+01	-1.088189e+02
1.250000e-06	-2.603736e-06	-1.676189e-09	-1.843036e+01	-1.083560e+02
1.260000e-06	-2.563783e-06	-1.665065e-09	-1.814756e+01	-1.078907e+02
1.270000e-06	-2.523671e-06	-1.655257e-09	-1.786363e+01	-1.074233e+02
1.280000e-06	-2.483396e-06	-1.647748e-09	-1.757854e+01	-1.069536e+02
1.290000e-06	-2.442959e-06	-1.641122e-09	-1.729231e+01	-1.064817e+02
1.300000e-06	-2.402259e-06	-1.635380e-09	-1.700422e+01	-1.060075e+02
1.310000e-06	-2.361328e-06	-1.628517e-09	-1.671450e+01	-1.055308e+02
1.320000e-06	-2.320143e-06	-1.620858e-09	-1.642297e+01	-1.050516e+02
1.330000e-06	-2.278693e-06	-1.612845e-09	-1.612957e+01	-1.045695e+02
1.340000e-06	-2.236867e-06	-1.607667e-09	-1.583350e+01	-1.040844e+02
1.350000e-06	-2.194567e-06	-1.601703e-09	-1.553408e+01	-1.035960e+02
1.360000e-06	-2.152002e-06	-1.589514e-09	-1.523280e+01	-1.031040e+02
1.370000e-06	-2.109276e-06	-1.573068e-09	-1.493036e+01	-1.026079e+02
1.380000e-06	-2.066317e-06	-1.558427e-09	-1.462628e+01	-1.021074e+02
1.390000e-06	-2.023216e-06	-1.550618e-09	-1.432119e+01	-1.016021e+02
1.400000e-06	-1.980013e-06	-1.546192e-09	-1.401539e+01	-1.010915e+02
1.410000e-06	-1.936647e-06	-1.542305e-09	-1.370842e+01	-1.005751e+02
1.420000e-06	-1.893100e-06	-1.536656e-09	-1.340018e+01	-1.000525e+02
1.430000e-06	-1.849476e-06	-1.530991e-09	-1.309138e+01	-9.952319e+01
1.440000e-06	-1.805831e-06	-1.520779e-09	-1.278244e+01	-9.898660e+01
1.450000e-06	-1.762144e-06	-1.505774e-09	-1.247321e+01	-9.844225e+01
1.460000e-06	-1.718378e-06	-1.488273e-09	-1.216342e+01	-9.788962e+01
1.470000e-06	-1.674478e-06	-1.476528e-09	-1.185267e+01	-9.732822e+01
1.480000e-06	-1.630559e-06	-1.472112e-09	-1.154179e+01	-9.675755e+01
1.490000e-06	-1.586570e-06	-1.471282e-09	-1.123042e+01	-9.617712e+01
1.500000e-06	-1.542378e-06	-1.468043e-09	-1.091761e+01	-9.558646e+01
1.510000e-06	-1.498147e-06	-1.461795e-09	-1.060453e+01	-9.498512e+01
1.520000e-06	-1.453910e-06	-1.448378e-09	-1.029140e+01	-9.437267e+01
1.530000e-06	-1.409599e-06	-1.431369e-09	-9.977750e+00	-9.374870e+01
1.540000e-06	-1.365184e-06	-1.413321e-09	-9.663361e+00	-9.311283e+01
1.550000e-06	-1.320550e-06	-1.400483e-09	-9.347417e+00	-9.246470e+01
1.560000e-06	-1.275814e-06	-1.393957e-09	-9.030756e+00	-9.180397e+01
1.570000e-06	-1.231083e-06	-1.391042e-09	-8.714134e+00	-9.113033e+01
1.580000e-06	-1.186282e-06	-1.385880e-09	-8.397010e+00	-9.044350e+01
1.590000e-06	-1.141417e-06	-1.377301e-09	-8.079436e+00	-8.974322e+01
1.600000e-06	-1.096434e-06	-1.366878e-09	-7.761028e+00	-8.902924e+01
1.610000e-06	-1.051281e-06	-1.351428e-09	-7.441421e+00	-8.830133e+01
1.620000e-06	-1.006039e-06	-1.334595e-09	-7.121179e+00	-8.755930e+01
1.630000e-06	-9.606981e-07	-1.320617e-09	-6.800234e+00	-8.680294e+01
1.640000e-06	-9.152637e-07	-1.309761e-09	-6.478630e+00	-8.603205e+01
1.650000e-06	-8.697948e-07	-1.300021e-09	-6.156781e+00	-8.524646e+01
1.660000e-06	-8.242384e-07	-1.286575e-09	-5.834314e+00	-8.444598e+01
1.670000e-06	-7.785906e-07	-1.273957e-09	-5.511198e+00	-8.363041e+01
1.680000e-06	-7.329436e-07	-1.263290e-09	-5.188090e+00	-8.279954e+01
1.690000e-06	-6.872407e-07	-1.251777e-09	-4.864585e+00	-8.195317e+01
1.700000e-06	-6.414789e-07	-1.239298e-09	-4.540663e+00	-8.109103e+01
1.710000e-06	-5.957642e-07	-1.224895e-09	-4.217075e+00	-8.021288e+01
1.720000e-06	-5.500607e-07	-1.212171e-09	-3.893566e+00	-7.931840e+01
1.730000e-06	-5.042118e-07	-1.198643e-09	-3.569028e+00	-7.840727e+01
1.740000e-06	-4.582668e-07	-1.181271e-09	-3.243809e+00	-7.747911e+01
1.750000e-06	-4.123334e-07	-1.162133e-09	-2.918673e+00	-7.653349e+01
1.760000e-06	-3.664464e-07	-1.145678e-09	-2.593865e+00	-7.556996e+01
1.770000e-06	-3.205539e-07	-1.130127e-09	-2.269018e+00	-7.458800e+01
1.780000e-06	-2.745427e-07	-1.115014e-09	-1.943331e+00	-7.358703e+01
1.790000e-06	-2.284768e-07	-1.101247e-09	-1.617257e+00	-7.256643e+01
1.800000e-06	-1.824557e-07	-1.086782e-09	-1.291500e+00	-7.152551e+01
1.810000e-06	-1.364912e-07	-1.068840e-09	-9.661433e-01	-7.046354e+01
1.820000e-06	-9.051321e-08	-1.049012e-09	-6.406913e-01	-6.937971e+01
1.830000e-06	-4.443386e-08	-1.027695e-09	-3.145220e-01	-6.827318e+01
1.840000e-06	1.683467e-09	-1.006676e-09	1.191630e-02	-6.714303e+01
1.850000e-06	4.767550e-08	-9.880343e-10	3.374677e-01	-6.598831e+01
1.860000e-06	9.361268e-08	-9.719780e-10	6.626307e-01	-6.480801e+01
1.870000e-06	1.394856e-07	-9.570508e-10	9.873389e-01	-6.360108e+01
1.880000e-06	1.853549e-07	-9.419065e-10	1.312021e+00	-6.236643e+01
1.890000e-06	2.312716e-07	-9.220874e-10	1.637039e+00	-6.110295e+01
1.900000e-06	2.771395e-07	-8.950569e-10	1.961712e+00	-5.980950e+01
1.910000e-06	3.230537e-07	-8.650460e-10	2.286713e+00	-5.848490e+01
1.920000e-06	3.689570e-07	-8.378757e-10	2.611636e+00	-5.712798e+01
1.930000e-06	4.148202e-07	-8.154142e-10	2.936276e+00	-5.573759e+01
1.940000e-06	4.606932e-07	-7.938662e-10	3.260984e+00	-5.431253e+01
1.950000e-06	5.065473e-07	-7.725549e-10	3.585559e+00	-5.285169e+01
1.960000e-06	5.524067e-07	-7.528679e-10	3.910172e+00	-5.135392e+01
1.970000e-06	5.982034e-07	-7.318022e-10	4.234341e+00	-4.981816e+01
1.980000e-06	6.438638e-07	-7.067816e-10	4.557545e+00	-4.824337e+01
1.990000e-06	6.893877e-07	-6.772209e-10	4.879782e+00	-4.662857e+01
2.000000e-06	7.348824e-07	-6.466357e-10	5.201813e+00	-4.497288e+01
2.010000e-06	7.803904e-07	-6.201063e-10	5.523938e+00	-4.327547e+01
2.020000e-06	8.258869e-07	-5.967280e-10	5.845982e+00	-4.153560e+01
2.030000e-06	8.714070e-07	-5.713376e-10	6.168193e+00	-3.975265e+01
2.040000e-06	9.168879e-07	-5.435349e-10	6.490126e+00	-3.792609e+01
2.050000e-06	9.622893e-07	-5.163984e-10	6.811497e+00	-3.605554e+01
2.060000e-06	1.007548e-06	-4.884378e-10	7.131856e+00	-3.414072e+01
2.070000e-06	1.052698e-06	-4.563801e-10	7.451450e+00	-3.218149e+01
2.080000e-06	1.097834e-06	-4.215413e-10	7.770941e+00	-3.017785e+01
2.090000e-06	1.142845e-06	-3.898891e-10	8.089548e+00	-2.812998e+01
2.100000e-06	1.187660e-06	-3.621026e-10	8.406764e+00	-2.603817e+01
2.110000e-06	1.232377e-06	-3.320083e-10	8.723296e+00	-2.390289e+01
2.120000e-06	1.277023e-06	-2.966242e-10	9.039316e+00	-2.172478e+01
2.130000e-06	1.321565e-06	-2.616506e-10	9.354606e+00	-1.950463e+01
2.140000e-06	1.366075e-06	-2.307433e-10	9.669662e+00	-1.724340e+01
2.150000e-06	1.410461e-06	-2.004586e-10	9.983851e+00	-1.494221e+01
2.160000e-06	1.454688e-06	-1.662467e-10	1.029691e+01	-1.260235e+01
2.170000e-06	1.498861e-06	-1.304853e-10	1.060959e+01	-1.022526e+01
2.180000e-06	1.542944e-06	-9.715054e-11	1.092162e+01	-7.812558e+00
2.190000e-06	1.586886e-06	-6.229490e-11	1.123266e+01	-5.366000e+00
2.200000e-06	1.630743e-06	-2.281312e-11	1.154310e+01	-2.887495e+00
2.210000e-06	1.674555e-06	1.697381e-11	1.185322e+01	-3.790893e-01
2.220000e-06	1.718353e-06	5.456083e-11	1.216324e+01	2.157033e+00
2.230000e-06	1.762142e-06	9.105996e-11	1.247320e+01	4.718565e+00
2.240000e-06	1.805870e-06	1.280556e-10	1.278272e+01	7.303084e+00
2.250000e-06	1.849528e-06	1.664583e-10	1.309175e+01	9.908062e+00
2.260000e-06	1.893110e-06	2.077353e-10	1.340024e+01	1.253088e+01
2.270000e-06	1.936568e-06	2.513797e-10	1.370786e+01	1.516882e+01
2.280000e-06	1.979924e-06	2.953918e-10	1.401475e+01	1.781912e+01
2.290000e-06	2.023213e-06	3.387474e-10	1.432117e+01	2.047895e+01
2.300000e-06	2.066399e-06	3.776404e-10	1.462686e+01	2.314541e+01
2.310000e-06	2.109345e-06	4.132159e-10	1.493085e+01	2.581560e+01
2.320000e-06	2.151951e-06	4.490578e-10	1.523243e+01	2.848658e+01
2.330000e-06	2.194305e-06	4.855740e-10	1.553223e+01	3.115543e+01
2.340000e-06	2.236392e-06	5.221672e-10	1.583014e+01	3.381920e+01
2.350000e-06	2.278019e-06	5.604203e-10	1.612479e+01	3.647498e+01
2.360000e-06	2.319351e-06	6.032255e-10	1.641736e+01	3.911990e+01
2.370000e-06	2.360510e-06	6.492975e-10	1.670871e+01	4.175112e+01
2.380000e-06	2.401424e-06	6.918861e-10	1.699831e+01	4.436585e+01
2.390000e-06	2.442129e-06	7.297152e-10	1.728644e+01	4.696140e+01
2.400000e-06	2.482530e-06	7.642434e-10	1.757241e+01	4.953512e+01
2.410000e-06	2.522641e-06	7.977219e-10	1.785634e+01	5.208448e+01
2.420000e-06	2.562616e-06	8.358109e-10	1.813929e+01	5.460702e+01
2.430000e-06	2.602511e-06	8.767963e-10	1.842169e+01	5.710040e+01
2.440000e-06	2.642356e-06	9.174657e-10	1.870373e+01	5.956239e+01
2.450000e-06	2.682108e-06	9.546742e-10	1.898511e+01	6.199088e+01
2.460000e-06	2.721707e-06	9.908149e-10	1.926541e+01	6.438389e+01
2.470000e-06	2.761190e-06	1.024805e-09	1.954489e+01	6.673956e+01
2.480000e-06	2.800617e-06	1.057370e-09	1.982397e+01	6.905617e+01
2.490000e-06	2.839895e-06	1.091351e-09	2.010199e+01	7.133214e+01
2.500000e-06	2.878910e-06	1.127462e-09	2.037816e+01	7.356603e+01
2.510000e-06	2.917690e-06	1.164676e-09	2.065266e+01	7.575652e+01
2.520000e-06	2.956240e-06	1.201449e-09	2.092553e+01	7.790245e+01
2.530000e-06	2.994590e-06	1.236669e-09	2.119699e+01	8.000280e+01
2.540000e-06	3.032737e-06	1.268422e-09	2.146702e+01	8.205667e+01
2.550000e-06	3.070683e-06	1.294909e-09	2.173561e+01	8.406332e+01
2.560000e-06	3.108440e-06	1.318859e-09	2.200288e+01	8.602213e+01
2.570000e-06	3.146028e-06	1.344786e-09	2.226894e+01	8.793259e+01
2.580000e-06	3.183376e-06	1.374590e-09	2.253330e+01	8.979436e+01
2.590000e-06	3.220421e-06	1.406565e-09	2.279553e+01	9.160717e+01
2.600000e-06	3.257229e-06	1.440197e-09	2.305607e+01	9.337090e+01
2.610000e-06	3.293795e-06	1.472366e-09	2.331489e+01	9.508553e+01
2.620000e-06	3.330105e-06	1.497160e-09	2.357191e+01	9.675113e+01
2.630000e-06	3.366175e-06	1.515660e-09	2.382724e+01	9.836789e+01
2.640000e-06	3.402105e-06	1.531158e-09	2.408156e+01	9.993608e+01
2.650000e-06	3.437908e-06	1.549270e-09	2.433499e+01	1.014560e+02
2.660000e-06	3.473616e-06	1.569858e-09	2.458774e+01	1.029282e+02
2.670000e-06	3.509243e-06	1.592220e-09	2.483993e+01	1.043531e+02
2.680000e-06	3.544660e-06	1.615559e-09	2.509063e+01	1.057313e+02
2.690000e-06	3.579857e-06	1.641827e-09	2.533977e+01	1.070634e+02
2.700000e-06	3.614798e-06	1.666537e-09	2.558709e+01	1.083501e+02
2.710000e-06	3.649305e-06	1.684496e-09	2.583135e+01	1.095922e+02
2.720000e-06	3.683360e-06	1.695846e-09	2.607240e+01	1.107903e+02
2.730000e-06	3.716947e-06	1.707820e-09	2.631015e+01	1.119454e+02
2.740000e-06	3.749950e-06	1.725192e-09	2.654375e+01	1.130583e+02
2.750000e-06	3.782536e-06	1.745374e-09	2.677441e+01	1.141298e+02
2.760000e-06	3.814885e-06	1.762840e-09	2.700339e+01	1.151608e+02
2.770000e-06	3.847025e-06	1.777112e-09	2.723089e+01	1.161523e+02
2.780000e-06	3.878925e-06	1.794051e-09	2.745670e+01	1.171052e+02
2.790000e-06	3.910651e-06	1.809596e-09	2.768127e+01	1.180204e+02
2.800000e-06	3.942275e-06	1.814558e-09	2.790512e+01	1.188989e+02
2.810000e-06	3.973676e-06	1.815413e-09	2.812739e+01	1.197417e+02
2.820000e-06	4.004858e-06	1.824097e-09	2.834811e+01	1.205498e+02
2.830000e-06	4.035796e-06	1.840839e-09	2.856710e+01	1.213241e+02
2.840000e-06	4.066328e-06	1.855180e-09	2.878322e+01	1.220656e+02
2.850000e-06	4.096511e-06	1.864028e-09	2.899686e+01	1.227753e+02
2.860000e-06	4.126475e-06	1.873977e-09	2.920896e+01	1.234543e+02
2.870000e-06	4.156144e-06	1.886782e-09	2.941897e+01	1.241034e+02
2.880000e-06	4.185477e-06	1.895165e-09	2.962660e+01	1.247237e+02
2.890000e-06	4.214566e-06	1.895671e-09	2.983251e+01	1.253163e+02
2.900000e-06	4.243415e-06	1.897337e-09	3.003671e+01	1.258820e+02
2.910000e-06	4.271970e-06	1.906787e-09	3.023884e+01	1.264219e+02
2.920000e-06	4.300269e-06	1.916925e-09	3.043915e+01	1.269369e+02
2.930000e-06	4.328302e-06	1.920761e-09	3.063758e+01	1.274281e+02
2.940000e-06	4.356152e-06	1.924937e-09	3.083471e+01	1.278965e+02
2.950000e-06	4.383888e-06	1.933959e-09	3.103104e+01	1.283429e+02
2.960000e-06	4.411439e-06	1.943713e-09	3.122606e+01	1.287685e+02
2.970000e-06	4.438721e-06	1.947466e-09	3.141917e+01	1.291741e+02
2.980000e-06	4.465694e-06	1.945641e-09	3.161010e+01	1.295608e+02
2.990000e-06	4.492285e-06	1.947997e-09	3.179832e+01	1.299294e+02
3.000000e-06	4.518196e-06	1.956801e-09	3.198173e+01	1.302810e+02
3.010000e-06	4.543358e-06	1.963822e-09	3.215984e+01	1.306164e+02
3.020000e-06	4.568012e-06	1.969069e-09	3.233435e+01	1.309365e+02
3.030000e-06	4.592310e-06	1.976761e-09	3.250634e+01	1.312423e+02
3.040000e-06	4.616336e-06	1.984616e-09	3.267641e+01	1.315345e+02
3.050000e-06	4.640083e-06	1.988193e-09	3.284450e+01	1.318142e+02
3.060000e-06	4.663565e-06	1.987109e-09	3.301072e+01	1.320820e+02
3.070000e-06	4.686787e-06	1.986062e-09	3.317509e+01	1.323388e+02
3.080000e-06	4.709746e-06	1.992672e-09	3.333761e+01	1.325853e+02
3.090000e-06	4.732476e-06	2.002749e-09	3.349849e+01	1.328222e+02
3.100000e-06	4.754846e-06	2.009665e-09	3.365684e+01	1.330503e+02
3.110000e-06	4.776820e-06	2.014673e-09	3.381238e+01	1.332701e+02
3.120000e-06	4.798538e-06	2.018797e-09	3.396611e+01	1.334824e+02
3.130000e-06	4.819950e-06	2.020645e-09	3.411767e+01	1.336875e+02
3.140000e-06	4.840935e-06	2.018782e-09	3.426621e+01	1.338861e+02
3.150000e-06	4.861579e-06	2.015369e-09	3.441234e+01	1.340786e+02
3.160000e-06	4.881939e-06	2.015818e-09	3.455646e+01	1.342654e+02
3.170000e-06	4.901998e-06	2.024422e-09	3.469845e+01	1.344468e+02
3.180000e-06	4.921841e-06	2.035170e-09	3.483890e+01	1.346231e+02
3.190000e-06	4.941541e-06	2.041975e-09	3.497835e+01	1.347946e+02
3.200000e-06	4.961055e-06	2.047662e-09	3.511648e+01	1.349614e+02
3.210000e-06	4.980235e-06	2.049906e-09	3.525224e+01	1.351236e+02
3.220000e-06	4.998999e-06	2.046446e-09	3.538506e+01	1.352814e+02
3.230000e-06	5.017385e-06	2.041922e-09	3.551521e+01	1.354347e+02
3.240000e-06	5.035301e-06	2.040230e-09	3.564203e+01	1.355834e+02
3.250000e-06	5.052750e-06	2.043705e-09	3.576554e+01	1.357275e+02
3.260000e-06	5.069949e-06	2.048534e-09	3.588728e+01	1.358669e+02
3.270000e-06	5.086960e-06	2.051627e-09	3.600769e+01	1.360013e+02
3.280000e-06	5.103591e-06	2.058397e-09	3.612541e+01	1.361305e+02
3.290000e-06	5.119817e-06	2.066681e-09	3.624026e+01	1.362542e+02
3.300000e-06	5.135694e-06	2.068560e-09	3.635265e+01	1.363721e+02
3.310000e-06	5.151107e-06	2.063857e-09	3.646175e+01	1.364839e+02
3.320000e-06	5.165971e-06	2.061837e-09	3.656696e+01	1.365893e+02
3.330000e-06	5.180260e-06	2.063159e-09	3.666810e+01	1.366878e+02
3.340000e-06	5.194173e-06	2.061450e-09	3.676659e+01	1.367791e+02
3.350000e-06	5.207851e-06	2.057719e-09	3.686340e+01	1.368628e+02
3.360000e-06	5.221134e-06	2.059242e-09	3.695743e+01	1.369385e+02
3.370000e-06	5.233943e-06	2.067010e-09	3.704810e+01	1.370058e+02
3.380000e-06	5.246397e-06	2.072420e-09	3.713625e+01	1.370644e+02
3.390000e-06	5.258554e-06	2.073625e-09	3.722230e+01	1.371140e+02
3.400000e-06	5.270413e-06	2.075577e-09	3.730625e+01	1.371541e+02
3.410000e-06	5.281894e-06	2.077886e-09	3.738751e+01	1.371846e+02
3.420000e-06	5.292924e-06	2.074204e-09	3.746559e+01	1.372052e+02
3.430000e-06	5.303404e-06	2.065471e-09	3.753977e+01	1.372157e+02
3.440000e-06	5.313263e-06	2.060449e-09	3.760956e+01	1.372160e+02
3.450000e-06	5.322563e-06	2.062074e-09	3.767539e+01	1.372059e+02
3.460000e-06	5.331304e-06	2.067591e-09	3.773726e+01	1.371856e+02
3.470000e-06	5.339567e-06	2.072902e-09	3.779575e+01	1.371549e+02
3.480000e-06	5.347557e-06	2.077952e-09	3.785231e+01	1.371140e+02
3.490000e-06	5.355314e-06	2.082328e-09	3.790721e+01	1.370631e+02
3.500000e-06	5.362714e-06	2.080892e-09	3.795959e+01	1.370024e+02
3.510000e-06	5.369773e-06	2.073137e-09	3.800956e+01	1.369323e+02
3.520000e-06	5.376474e-06	2.064572e-09	3.805699e+01	1.368531e+02
3.530000e-06	5.382779e-06	2.062940e-09	3.810162e+01	1.367653e+02
3.540000e-06	5.388782e-06	2.066868e-09	3.814411e+01	1.366694e+02
3.550000e-06	5.394445e-06	2.070665e-09	3.818420e+01	1.365661e+02
3.560000e-06	5.399711e-06	2.074326e-09	3.822147e+01	1.364559e+02
3.570000e-06	5.404526e-06	2.077728e-09	3.825556e+01	1.363397e+02
3.580000e-06	5.408874e-06	2.076343e-09	3.828633e+01	1.362181e+02
3.590000e-06	5.412912e-06	2.070792e-09	3.831492e+01	1.360920e+02
3.600000e-06	5.416759e-06	2.065137e-09	3.834214e+01	1.359624e+02
3.610000e-06	5.420426e-06	2.062335e-09	3.836810e+01	1.358300e+02
3.620000e-06	5.423778e-06	2.063281e-09	3.839183e+01	1.356958e+02
3.630000e-06	5.426683e-06	2.064225e-09	3.841240e+01	1.355609e+02
3.640000e-06	5.429121e-06	2.066392e-09	3.842965e+01	1.354261e+02
3.650000e-06	5.430977e-06	2.069716e-09	3.844279e+01	1.352924e+02
3.660000e-06	5.432279e-06	2.071870e-09	3.845200e+01	1.351609e+02
3.670000e-06	5.433091e-06	2.072759e-09	3.845775e+01	1.350325e+02
3.680000e-06	5.433409e-06	2.069618e-09	3.846000e+01	1.349082e+02
3.690000e-06	5.433408e-06	2.064412e-09	3.846000e+01	1.347888e+02
3.700000e-06	5.433201e-06	2.060297e-09	3.845853e+01	1.346753e+02
3.710000e-06	5.432701e-06	2.057023e-09	3.845499e+01	1.345685e+02
3.720000e-06	5.431830e-06	2.054959e-09	3.844882e+01	1.344691e+02
3.730000e-06	5.430551e-06	2.053751e-09	3.843977e+01	1.343779e+02
3.740000e-06	5.428878e-06	2.052096e-09	3.842793e+01	1.342956e+02
3.750000e-06	5.426882e-06	2.034507e-09	3.841380e+01	1.342226e+02
3.760000e-06	5.424562e-06	1.994332e-09	3.839738e+01	1.341595e+02
3.770000e-06	5.421930e-06	2.005781e-09	3.837875e+01	1.341066e+02
3.780000e-06	5.418946e-06	2.076734e-09	3.835763e+01	1.340644e+02
3.790000e-06	5.415478e-06	2.064841e-09	3.833308e+01	1.340328e+02
3.800000e-06	5.411530e-06	2.024268e-09	3.830513e+01	1.340122e+02
3.810000e-06	5.407347e-06	1.998104e-09	3.827552e+01	1.340023e+02
3.820000e-06	5.403061e-06	2.041347e-09	3.824519e+01	1.340033e+02
3.830000e-06	5.398424e-06	2.011700e-09	3.821237e+01	1.340147e+02
3.840000e-06	5.393243e-06	1.914087e-09	3.817569e+01	1.340363e+02
3.850000e-06	5.387577e-06	1.938786e-09	3.813558e+01	1.340677e+02
3.860000e-06	5.381587e-06	2.024791e-09	3.809319e+01	1.341084e+02
3.870000e-06	5.375159e-06	2.052606e-09	3.804769e+01	1.341577e+02
3.880000e-06	5.368028e-06	1.963165e-09	3.799721e+01	1.342148e+02
3.890000e-06	5.360339e-06	2.006283e-09	3.794278e+01	1.342791e+02
3.900000e-06	5.352312e-06	2.051539e-09	3.788597e+01	1.343496e+02
3.910000e-06	5.344046e-06	1.986317e-09	3.782745e+01	1.344254e+02
3.920000e-06	5.335446e-06	1.878103e-09	3.776657e+01	1.345054e+02
3.930000e-06	5.326517e-06	1.942255e-09	3.770338e+01	1.345885e+02
3.940000e-06	5.317328e-06	2.021279e-09	3.763833e+01	1.346737e+02
3.950000e-06	5.307835e-06	1.983134e-09	3.757114e+01	1.347598e+02
3.960000e-06	5.297929e-06	1.964887e-09	3.750101e+01	1.348455e+02
3.970000e-06	5.287546e-06	2.046731e-09	3.742752e+01	1.349297e+02
3.980000e-06	5.276834e-06	2.070876e-09	3.735170e+01	1.350111e+02
3.990000e-06	5.265748e-06	2.007836e-09	3.727322e+01	1.350885e+02
4.000000e-06	5.254254e-06	2.045237e-09	3.719186e+01	1.351606e+02
4.010000e-06	5.242381e-06	2.112358e-09	3.710782e+01	1.352264e+02
4.020000e-06	5.230118e-06	2.098000e-09	3.702102e+01	1.352847e+02
4.030000e-06	5.217445e-06	2.056211e-09	3.693132e+01	1.353342e+02
4.040000e-06	5.204355e-06	2.099850e-09	3.683866e+01	1.353741e+02
4.050000e-06	5.190856e-06	2.076659e-09	3.674310e+01	1.354032e+02
4.060000e-06	5.176781e-06	2.034438e-09	3.664348e+01	1.354207e+02
4.070000e-06	5.162056e-06	2.056404e-09	3.653925e+01	1.354256e+02
4.080000e-06	5.146899e-06	2.094399e-09	3.643196e+01	1.354173e+02
4.090000e-06	5.131298e-06	2.043003e-09	3.632153e+01	1.353950e+02
4.100000e-06	5.115254e-06	2.049703e-09	3.620797e+01	1.353581e+02
4.110000e-06	5.098922e-06	2.091069e-09	3.609236e+01	1.353062e+02
4.120000e-06	5.082313e-06	2.064849e-09	3.597479e+01	1.352388e+02
4.130000e-06	5.065303e-06	1.995304e-09	3.585439e+01	1.351557e+02
4.140000e-06	5.047885e-06	2.014139e-09	3.573109e+01	1.350566e+02
4.150000e-06	5.030191e-06	2.036164e-09	3.560585e+01	1.349416e+02
4.160000e-06	5.012194e-06	2.027862e-09	3.547846e+01	1.348105e+02
4.170000e-06	4.993864e-06	2.027460e-09	3.534871e+01	1.346637e+02
4.180000e-06	4.975172e-06	2.040542e-09	3.521640e+01	1.345012e+02
4.190000e-06	4.956074e-06	2.033374e-09	3.508122e+01	1.343233e+02
4.200000e-06	4.936690e-06	2.017809e-09	3.494401e+01	1.341307e+02
4.210000e-06	4.917081e-06	2.003012e-09	3.480521e+01	1.339236e+02
4.220000e-06	4.897226e-06	1.985327e-09	3.466467e+01	1.337027e+02
4.230000e-06	4.877126e-06	1.985712e-09	3.452239e+01	1.334686e+02
4.240000e-06	4.856791e-06	1.994138e-09	3.437845e+01	1.332221e+02
4.250000e-06	4.836142e-06	2.005520e-09	3.423229e+01	1.329639e+02
4.260000e-06	4.815072e-06	1.997124e-09	3.408315e+01	1.326949e+02
4.270000e-06	4.793552e-06	1.987360e-09	3.393082e+01	1.324159e+02
4.280000e-06	4.771513e-06	1.985024e-09	3.377482e+01	1.321278e+02
4.290000e-06	4.748918e-06	1.989511e-09	3.361488e+01	1.318315e+02
4.300000e-06	4.725802e-06	1.959043e-09	3.345126e+01	1.315279e+02
4.310000e-06	4.702303e-06	1.946579e-09	3.328492e+01	1.312180e+02
4.320000e-06	4.678459e-06	1.959072e-09	3.311614e+01	1.309027e+02
4.330000e-06	4.654355e-06	1.959564e-09	3.294552e+01	1.305830e+02
4.340000e-06	4.630038e-06	1.931438e-09	3.277340e+01	1.302596e+02
4.350000e-06	4.605399e-06	1.933481e-09	3.259899e+01	1.299334e+02
4.360000e-06	4.580485e-06	1.937910e-09	3.242264e+01	1.296053e+02
4.370000e-06	4.555280e-06	1.936055e-09	3.224422e+01	1.292761e+02
4.380000e-06	4.529739e-06	1.929273e-09	3.206344e+01	1.289463e+02
4.390000e-06	4.503910e-06	1.928071e-09	3.188061e+01	1.286168e+02
4.400000e-06	4.477754e-06	1.917940e-09	3.169547e+01	1.282881e+02
4.410000e-06	4.451263e-06	1.917621e-09	3.150795e+01	1.279606e+02
4.420000e-06	4.424443e-06	1.908695e-09	3.131811e+01	1.276349e+02
4.430000e-06	4.397276e-06	1.895672e-09	3.112581e+01	1.273114e+02
4.440000e-06	4.369810e-06	1.891757e-09	3.093139e+01	1.269902e+02
4.450000e-06	4.342065e-06	1.898700e-09	3.073500e+01	1.266718e+02
4.460000e-06	4.314066e-06	1.897906e-09	3.053681e+01	1.263562e+02
4.470000e-06	4.285961e-06	1.893226e-09	3.033787e+01	1.260434e+02
4.480000e-06	4.257713e-06	1.889581e-09	3.013792e+01	1.257335e+02
4.490000e-06	4.229212e-06	1.891844e-09	2.993618e+01	1.254265e+02
4.500000e-06	4.200339e-06	1.892016e-09	2.973180e+01	1.251221e+02
4.510000e-06	4.171036e-06	1.879112e-09	2.952438e+01	1.248201e+02
4.520000e-06	4.141366e-06	1.867232e-09	2.931437e+01	1.245204e+02
4.530000e-06	4.111280e-06	1.867064e-09	2.910141e+01	1.242225e+02
4.540000e-06	4.080628e-06	1.871641e-09	2.888443e+01	1.239262e+02
4.550000e-06	4.049497e-06	1.865487e-09	2.866408e+01	1.236309e+02
4.560000e-06	4.018049e-06	1.857822e-09	2.844148e+01	1.233363e+02
4.570000e-06	3.986287e-06	1.852059e-09	2.821665e+01	1.230419e+02
4.580000e-06	3.954303e-06	1.851531e-09	2.799025e+01	1.227471e+02
4.590000e-06	3.922154e-06	1.842225e-09	2.776269e+01	1.224515e+02
4.600000e-06	3.889782e-06	1.831749e-09	2.753354e+01	1.221544e+02
4.610000e-06	3.857162e-06	1.823259e-09	2.730265e+01	1.218555e+02
4.620000e-06	3.824303e-06	1.823408e-09	2.707006e+01	1.215541e+02
4.630000e-06	3.791263e-06	1.818405e-09	2.683619e+01	1.212498e+02
4.640000e-06	3.758087e-06	1.810740e-09	2.660135e+01	1.209420e+02
4.650000e-06	3.724622e-06	1.803157e-09	2.636447e+01	1.206302e+02
4.660000e-06	3.690837e-06	1.802503e-09	2.612533e+01	1.203141e+02
4.670000e-06	3.656832e-06	1.798880e-09	2.588462e+01	1.199931e+02
4.680000e-06	3.622572e-06	1.792198e-09	2.564212e+01	1.196670e+02
4.690000e-06	3.587997e-06	1.781355e-09	2.539738e+01	1.193354e+02
4.700000e-06	3.553161e-06	1.777811e-09	2.515080e+01	1.189979e+02
4.710000e-06	3.518046e-06	1.774663e-09	2.490224e+01	1.186544e+02
4.720000e-06	3.482664e-06	1.772172e-09	2.465179e+01	1.183046e+02
4.730000e-06	3.447059e-06	1.768671e-09	2.439976e+01	1.179484e+02
4.740000e-06	3.411273e-06	1.767191e-09	2.414646e+01	1.175857e+02
4.750000e-06	3.375353e-06	1.764522e-09	2.389220e+01	1.172164e+02
4.760000e-06	3.339292e-06	1.757702e-09	2.363694e+01	1.168405e+02
4.770000e-06	3.303089e-06	1.745565e-09	2.338068e+01	1.164581e+02
4.780000e-06	3.266728e-06	1.734970e-09	2.312331e+01	1.160693e+02
4.790000e-06	3.230155e-06	1.729477e-09	2.286443e+01	1.156741e+02
4.800000e-06	3.193391e-06	1.725955e-09	2.260419e+01	1.152728e+02
4.810000e-06	3.156444e-06	1.723807e-09	2.234266e+01	1.148655e+02
4.820000e-06	3.119225e-06	1.722144e-09	2.207921e+01	1.144525e+02
4.830000e-06	3.081597e-06	1.720314e-09	2.181287e+01	1.140340e+02
4.840000e-06	3.043493e-06	1.712588e-09	2.154315e+01	1.136103e+02
4.850000e-06	3.004952e-06	1.700682e-09	2.127034e+01	1.131817e+02
4.860000e-06	2.966077e-06	1.688635e-09	2.099517e+01	1.127484e+02
4.870000e-06	2.926928e-06	1.681459e-09	2.071805e+01	1.123108e+02
4.880000e-06	2.887530e-06	1.676200e-09	2.043918e+01	1.118692e+02
4.890000e-06	2.847877e-06	1.672292e-09	2.015850e+01	1.114239e+02
4.900000e-06	2.807954e-06	1.667480e-09	1.987590e+01	1.109751e+02
4.910000e-06	2.767876e-06	1.667563e-09	1.959221e+01	1.105230e+02
4.920000e-06	2.727674e-06	1.666562e-09	1.930765e+01	1.100681e+02
4.930000e-06	2.687379e-06	1.660691e-09	1.902242e+01	1.096103e+02
4.940000e-06	2.646999e-06	1.649007e-09	1.873660e+01	1.091500e+02
4.950000e-06	2.606490e-06	1.639297e-09	1.844986e+01	1.086873e+02
4.960000e-06	2.565811e-06	1.631214e-09	1.816191e+01	1.082223e+02
4.970000e-06	2.524967e-06	1.626551e-09	1.787280e+01	1.077550e+02
4.980000e-06	2.483983e-06	1.623926e-09	1.758270e+01	1.072855e+02
4.990000e-06	2.442844e-06	1.623407e-09	1.729150e+01	1.068137e+02
5.000000e-06	2.401591e-06	1.620352e-09	1.699950e+01	1.063397e+02
5.010000e-06	2.360143e-06	1.611772e-09	1.670610e+01	1.058633e+02
5.020000e-06	2.318491e-06	1.597449e-09	1.641127e+01	1.053843e+02
5.030000e-06	2.276729e-06	1.585232e-09	1.611566e+01	1.049025e+02
5.040000e-06	2.234747e-06	1.576614e-09	1.581850e+01	1.044178e+02
5.050000e-06	2.192516e-06	1.571505e-09	1.551957e+01	1.039297e+02
5.060000e-06	2.150189e-06	1.568224e-09	1.521996e+01	1.034381e+02
5.070000e-06	2.107851e-06	1.563886e-09	1.492027e+01	1.029425e+02
5.080000e-06	2.065328e-06	1.556658e-09	1.461928e+01	1.024426e+02
5.090000e-06	2.022550e-06	1.546381e-09	1.431648e+01	1.019379e+02
5.100000e-06	1.979645e-06	1.536111e-09	1.401278e+01	1.014280e+02
5.110000e-06	1.936578e-06	1.526793e-09	1.370793e+01	1.009125e+02
5.120000e-06	1.893294e-06	1.520687e-09	1.340155e+01	1.003908e+02
5.130000e-06	1.849865e-06	1.518485e-09	1.309414e+01	9.986237e+01
5.140000e-06	1.806341e-06	1.519450e-09	1.278606e+01	9.932682e+01
5.150000e-06	1.762757e-06	1.516043e-09	1.247755e+01	9.878360e+01
5.160000e-06	1.719018e-06	1.505773e-09	1.216795e+01	9.823219e+01
5.170000e-06	1.675125e-06	1.491991e-09	1.185725e+01	9.767209e+01
5.180000e-06	1.631234e-06	1.479290e-09	1.154657e+01	9.710280e+01
5.190000e-06	1.587269e-06	1.468543e-09	1.123537e+01	9.652383e+01
5.200000e-06	1.543182e-06	1.460579e-09	1.092331e+01	9.593471e+01
5.210000e-06	1.499058e-06	1.452564e-09	1.061098e+01	9.533498e+01
5.220000e-06	1.454891e-06	1.445586e-09	1.029835e+01	9.472421e+01
5.230000e-06	1.410670e-06	1.440384e-09	9.985330e+00	9.410199e+01
5.240000e-06	1.366452e-06	1.434809e-09	9.672331e+00	9.346793e+01
5.250000e-06	1.322211e-06	1.427390e-09	9.359175e+00	9.282167e+01
5.260000e-06	1.277878e-06	1.419228e-09	9.045371e+00	9.216286e+01
5.270000e-06	1.233483e-06	1.409641e-09	8.731121e+00	9.149120e+01
5.280000e-06	1.189051e-06	1.397732e-09	8.416614e+00	9.080639e+01
5.290000e-06	1.144567e-06	1.383043e-09	8.101734e+00	9.010817e+01
5.300000e-06	1.100033e-06	1.369278e-09	7.786506e+00	8.939629e+01
5.310000e-06	1.055374e-06	1.356944e-09	7.470393e+00	8.867052e+01
5.320000e-06	1.010635e-06	1.345939e-09	7.153710e+00	8.793066e+01
5.330000e-06	9.658354e-07	1.337231e-09	6.836597e+00	8.717650e+01
5.340000e-06	9.209774e-07	1.331726e-09	6.519073e+00	8.640785e+01
5.350000e-06	8.761763e-07	1.324569e-09	6.201952e+00	8.562452e+01
5.360000e-06	8.313208e-07	1.312984e-09	5.884446e+00	8.482634e+01
5.370000e-06	7.863027e-07	1.299646e-09	5.565788e+00	8.401309e+01
5.380000e-06	7.412107e-07	1.285646e-09	5.246607e+00	8.318460e+01
5.390000e-06	6.961201e-07	1.271620e-09	4.927437e+00	8.234062e+01
5.400000e-06	6.509362e-07	1.258918e-09	4.607606e+00	8.148093e+01
5.410000e-06	6.056184e-07	1.246020e-09	4.286827e+00	8.060527e+01
5.420000e-06	5.602831e-07	1.232540e-09	3.965924e+00	7.971334e+01
5.430000e-06	5.149294e-07	1.221376e-09	3.644891e+00	7.880481e+01
5.440000e-06	4.695060e-07	1.210158e-09	3.323365e+00	7.787931e+01
5.450000e-06	4.241039e-07	1.195124e-09	3.001990e+00	7.693644e+01
5.460000e-06	3.787043e-07	1.178739e-09	2.680632e+00	7.597573e+01
5.470000e-06	3.332156e-07	1.165173e-09	2.358643e+00	7.499668e+01
5.480000e-06	2.875890e-07	1.151741e-09	2.035679e+00	7.399872e+01
5.490000e-06	2.419341e-07	1.135032e-09	1.712513e+00	7.298124e+01
5.500000e-06	1.963959e-07	1.115426e-09	1.390174e+00	7.194356e+01
5.510000e-06	1.508277e-07	1.095306e-09	1.067623e+00	7.088495e+01
5.520000e-06	1.051659e-07	1.077446e-09	7.444097e-01	6.980463e+01
5.530000e-06	5.966775e-08	1.063071e-09	4.223540e-01	6.870174e+01
5.540000e-06	1.433852e-08	1.049117e-09	1.014942e-01	6.757539e+01
5.550000e-06	-3.111774e-08	1.034832e-09	-2.202647e-01	6.642464e+01
5.560000e-06	-7.660581e-08	1.019182e-09	-5.422488e-01	6.524847e+01
5.570000e-06	-1.220387e-07	9.981070e-10	-8.638424e-01	6.404586e+01
5.580000e-06	-1.675148e-07	9.736448e-10	-1.185741e+00	6.281571e+01
5.590000e-06	-2.130069e-07	9.525347e-10	-1.507755e+00	6.155692e+01
5.600000e-06	-2.584901e-07	9.342870e-10	-1.829704e+00	6.026834e+01
5.610000e-06	-3.039021e-07	9.179559e-10	-2.151150e+00	5.894881e+01
5.620000e-06	-3.492304e-07	8.996568e-10	-2.472002e+00	5.759717e+01
5.630000e-06	-3.945884e-07	8.788933e-10	-2.793066e+00	5.621223e+01
5.640000e-06	-4.399422e-07	8.583347e-10	-3.114100e+00	5.479284e+01
5.650000e-06	-4.852533e-07	8.382618e-10	-3.434832e+00	5.333784e+01
5.660000e-06	-5.305177e-07	8.163431e-10	-3.755232e+00	5.184610e+01
5.670000e-06	-5.756954e-07	7.949796e-10	-4.075019e+00	5.031655e+01
5.680000e-06	-6.209714e-07	7.733190e-10	-4.395502e+00	4.874813e+01
5.690000e-06	-6.662488e-07	7.488622e-10	-4.715995e+00	4.713987e+01
5.700000e-06	-7.113032e-07	7.233777e-10	-5.034910e+00	4.549086e+01
5.710000e-06	-7.562361e-07	6.976973e-10	-5.352964e+00	4.380025e+01
5.720000e-06	-8.011345e-07	6.728662e-10	-5.670774e+00	4.206731e+01
5.730000e-06	-8.459676e-07	6.486153e-10	-5.988122e+00	4.029138e+01
5.740000e-06	-8.907997e-07	6.248489e-10	-6.305463e+00	3.847192e+01
5.750000e-06	-9.355965e-07	5.988834e-10	-6.622554e+00	3.660853e+01
5.760000e-06	-9.803309e-07	5.710307e-10	-6.939203e+00	3.470090e+01
5.770000e-06	-1.024994e-06	5.404816e-10	-7.255346e+00	3.274887e+01
5.780000e-06	-1.069514e-06	5.094765e-10	-7.570480e+00	3.075244e+01
5.790000e-06	-1.113952e-06	4.781123e-10	-7.885034e+00	2.871172e+01
5.800000e-06	-1.158332e-06	4.450526e-10	-8.199169e+00	2.662700e+01
5.810000e-06	-1.202689e-06	4.121832e-10	-8.513150e+00	2.449874e+01
5.820000e-06	-1.247011e-06	3.818334e-10	-8.826881e+00	2.232752e+01
5.830000e-06	-1.291271e-06	3.517798e-10	-9.140169e+00	2.011411e+01
5.840000e-06	-1.335500e-06	3.203064e-10	-9.453240e+00	1.785945e+01
5.850000e-06	-1.379702e-06	2.884972e-10	-9.766123e+00	1.556464e+01
5.860000e-06	-1.423869e-06	2.537415e-10	-1.007875e+01	1.323093e+01
5.870000e-06	-1.467963e-06	2.155785e-10	-1.039087e+01	1.085974e+01
5.880000e-06	-1.511980e-06	1.755670e-10	-1.070244e+01	8.452655e+00
5.890000e-06	-1.555895e-06	1.367623e-10	-1.101329e+01	6.011413e+00
5.900000e-06	-1.599769e-06	1.027552e-10	-1.132385e+01	3.537895e+00
5.910000e-06	-1.643583e-06	6.745637e-11	-1.163399e+01	1.034127e+00
5.920000e-06	-1.687269e-06	2.962264e-11	-1.194321e+01	-1.497731e+00
5.930000e-06	-1.730900e-06	-6.511429e-12	-1.225205e+01	-4.055392e+00
5.940000e-06	-1.774420e-06	-4.434732e-11	-1.256011e+01	-6.636452e+00
5.950000e-06	-1.817730e-06	-8.728957e-11	-1.286668e+01	-9.238398e+00
5.960000e-06	-1.860853e-06	-1.317664e-10	-1.317192e+01	-1.185862e+01
5.970000e-06	-1.903890e-06	-1.749541e-10	-1.347655e+01	-1.449444e+01
5.980000e-06	-1.946852e-06	-2.151429e-10	-1.378065e+01	-1.714307e+01
5.990000e-06	-1.989665e-06	-2.549190e-10	-1.408370e+01	-1.980171e+01
6.000000e-06	-2.032254e-06	-2.988022e-10	-1.438517e+01	-2.246746e+01
6.010000e-06	-2.074664e-06	-3.434567e-10	-1.468536e+01	-2.513743e+01
6.020000e-06	-2.116998e-06	-3.845302e-10	-1.498502e+01	-2.780869e+01
6.030000e-06	-2.159219e-06	-4.247508e-10	-1.528388e+01	-3.047829e+01
6.040000e-06	-2.201349e-06	-4.653840e-10	-1.558209e+01	-3.314331e+01
6.050000e-06	-2.243345e-06	-5.059252e-10	-1.587936e+01	-3.580082e+01
6.060000e-06	-2.285200e-06	-5.475078e-10	-1.617562e+01	-3.844795e+01
6.070000e-06	-2.326900e-06	-5.892439e-10	-1.647080e+01	-4.108184e+01
6.080000e-06	-2.368316e-06	-6.311946e-10	-1.676396e+01	-4.369971e+01
6.090000e-06	-2.409480e-06	-6.732241e-10	-1.705533e+01	-4.629884e+01
6.100000e-06	-2.450454e-06	-7.154882e-10	-1.734536e+01	-4.887658e+01
6.110000e-06	-2.491202e-06	-7.585768e-10	-1.763380e+01	-5.143037e+01
6.120000e-06	-2.531809e-06	-7.996067e-10	-1.792123e+01	-5.395774e+01
6.130000e-06	-2.572342e-06	-8.357924e-10	-1.820814e+01	-5.645634e+01
6.140000e-06	-2.612725e-06	-8.708654e-10	-1.849399e+01	-5.892391e+01
6.150000e-06	-2.653058e-06	-9.075667e-10	-1.877948e+01	-6.135832e+01
6.160000e-06	-2.693369e-06	-9.468780e-10	-1.906482e+01	-6.375758e+01
6.170000e-06	-2.733611e-06	-9.867001e-10	-1.934967e+01	-6.611979e+01
6.180000e-06	-2.773651e-06	-1.025134e-09	-1.963309e+01	-6.844323e+01
6.190000e-06	-2.813484e-06	-1.062170e-09	-1.991505e+01	-7.072627e+01
6.200000e-06	-2.853196e-06	-1.096452e-09	-2.019614e+01	-7.296746e+01
6.210000e-06	-2.892707e-06	-1.126121e-09	-2.047582e+01	-7.516547e+01
6.220000e-06	-2.931927e-06	-1.153461e-09	-2.075344e+01	-7.731910e+01
6.230000e-06	-2.970809e-06	-1.180149e-09	-2.102866e+01	-7.942731e+01
6.240000e-06	-3.009288e-06	-1.210445e-09	-2.130103e+01	-8.148919e+01
6.250000e-06	-3.047411e-06	-1.245252e-09	-2.157088e+01	-8.350395e+01
6.260000e-06	-3.085153e-06	-1.279590e-09	-2.183804e+01	-8.547097e+01
6.270000e-06	-3.122476e-06	-1.310218e-09	-2.210223e+01	-8.738972e+01
6.280000e-06	-3.159500e-06	-1.340450e-09	-2.236430e+01	-8.925982e+01
6.290000e-06	-3.196283e-06	-1.370985e-09	-2.262467e+01	-9.108100e+01
6.300000e-06	-3.232906e-06	-1.397452e-09	-2.288389e+01	-9.285311e+01
6.310000e-06	-3.269387e-06	-1.417767e-09	-2.314213e+01	-9.457612e+01
6.320000e-06	-3.305724e-06	-1.437230e-09	-2.339933e+01	-9.625008e+01
6.330000e-06	-3.341888e-06	-1.462559e-09	-2.365532e+01	-9.787517e+01
6.340000e-06	-3.377921e-06	-1.491875e-09	-2.391038e+01	-9.945162e+01
6.350000e-06	-3.413811e-06	-1.519705e-09	-2.416442e+01	-1.009798e+02
6.360000e-06	-3.449441e-06	-1.542338e-09	-2.441663e+01	-1.024601e+02
6.370000e-06	-3.484800e-06	-1.561722e-09	-2.466691e+01	-1.038930e+02
6.380000e-06	-3.519902e-06	-1.578564e-09	-2.491537e+01	-1.052792e+02
6.390000e-06	-3.554744e-06	-1.594661e-09	-2.516201e+01	-1.066191e+02
6.400000e-06	-3.589325e-06	-1.610614e-09	-2.540678e+01	-1.079135e+02
6.410000e-06	-3.623639e-06	-1.627823e-09	-2.564967e+01	-1.091632e+02
6.420000e-06	-3.657765e-06	-1.648586e-09	-2.589123e+01	-1.103688e+02
6.430000e-06	-3.691750e-06	-1.669216e-09	-2.613179e+01	-1.115312e+02
6.440000e-06	-3.725410e-06	-1.685995e-09	-2.637005e+01	-1.126512e+02
6.450000e-06	-3.758706e-06	-1.700266e-09	-2.660574e+01	-1.137297e+02
6.460000e-06	-3.791759e-06	-1.714027e-09	-2.683970e+01	-1.147677e+02
6.470000e-06	-3.824514e-06	-1.728335e-09	-2.707155e+01	-1.157659e+02
6.480000e-06	-3.857069e-06	-1.743858e-09	-2.730199e+01	-1.167253e+02
6.490000e-06	-3.889464e-06	-1.760069e-09	-2.753130e+01	-1.176470e+02
6.500000e-06	-3.921708e-06	-1.776428e-09	-2.775953e+01	-1.185317e+02
6.510000e-06	-3.953769e-06	-1.793165e-09	-2.798648e+01	-1.193806e+02
6.520000e-06	-3.985509e-06	-1.807900e-09	-2.821115e+01	-1.201946e+02
6.530000e-06	-4.016860e-06	-1.817921e-09	-2.843306e+01	-1.209747e+02
6.540000e-06	-4.047757e-06	-1.823746e-09	-2.865176e+01	-1.217218e+02
6.550000e-06	-4.078244e-06	-1.830351e-09	-2.886756e+01	-1.224369e+02
6.560000e-06	-4.108262e-06	-1.841522e-09	-2.908004e+01	-1.231211e+02
6.570000e-06	-4.137795e-06	-1.854698e-09	-2.928909e+01	-1.237754e+02
6.580000e-06	-4.166928e-06	-1.866431e-09	-2.949531e+01	-1.244006e+02
6.590000e-06	-4.195765e-06	-1.876946e-09	-2.969943e+01	-1.249979e+02
6.600000e-06	-4.224381e-06	-1.886393e-09	-2.990198e+01	-1.255682e+02
6.610000e-06	-4.252785e-06	-1.894200e-09	-3.010304e+01	-1.261125e+02
6.620000e-06	-4.280966e-06	-1.901247e-09	-3.030251e+01	-1.266319e+02
6.630000e-06	-4.308990e-06	-1.907259e-09	-3.050088e+01	-1.271272e+02
6.640000e-06	-4.336825e-06	-1.912777e-09	-3.069791e+01	-1.275995e+02
6.650000e-06	-4.364270e-06	-1.918751e-09	-3.089218e+01	-1.280497e+02
6.660000e-06	-4.391261e-06	-1.925938e-09	-3.108323e+01	-1.284789e+02
6.670000e-06	-4.417931e-06	-1.933505e-09	-3.127201e+01	-1.288880e+02
6.680000e-06	-4.444384e-06	-1.939010e-09	-3.145926e+01	-1.292779e+02
6.690000e-06	-4.470562e-06	-1.944308e-09	-3.164456e+01	-1.296497e+02
6.700000e-06	-4.496466e-06	-1.951002e-09	-3.182792e+01	-1.300042e+02
6.710000e-06	-4.522038e-06	-1.957363e-09	-3.200893e+01	-1.303424e+02
6.720000e-06	-4.547218e-06	-1.963081e-09	-3.218716e+01	-1.306652e+02
6.730000e-06	-4.572076e-06	-1.967167e-09	-3.236312e+01	-1.309735e+02
6.740000e-06	-4.596691e-06	-1.971402e-09	-3.253735e+01	-1.312682e+02
6.750000e-06	-4.621144e-06	-1.978611e-09	-3.271044e+01	-1.315501e+02
6.760000e-06	-4.645422e-06	-1.986826e-09	-3.288229e+01	-1.318200e+02
6.770000e-06	-4.669444e-06	-1.991700e-09	-3.305233e+01	-1.320788e+02
6.780000e-06	-4.693187e-06	-1.995524e-09	-3.322039e+01	-1.323271e+02
6.790000e-06	-4.716520e-06	-2.002402e-09	-3.338556e+01	-1.325658e+02
6.800000e-06	-4.739327e-06	-2.010067e-09	-3.354699e+01	-1.327955e+02
6.810000e-06	-4.761566e-06	-2.014061e-09	-3.370441e+01	-1.330169e+02
6.820000e-06	-4.783237e-06	-2.014627e-09	-3.385781e+01	-1.332306e+02
6.830000e-06	-4.804455e-06	-2.017383e-09	-3.400800e+01	-1.334371e+02
6.840000e-06	-4.825357e-06	-2.023844e-09	-3.415595e+01	-1.336369e+02
6.850000e-06	-4.845976e-06	-2.028806e-09	-3.430190e+01	-1.338306e+02
6.860000e-06	-4.866356e-06	-2.029375e-09	-3.444616e+01	-1.340185e+02
6.870000e-06	-4.886533e-06	-2.030992e-09	-3.458898e+01	-1.342010e+02
6.880000e-06	-4.906407e-06	-2.036279e-09	-3.472965e+01	-1.343783e+02
6.890000e-06	-4.925920e-06	-2.040225e-09	-3.486778e+01	-1.345508e+02
6.900000e-06	-4.945025e-06	-2.041179e-09	-3.500301e+01	-1.347186e+02
6.910000e-06	-4.963724e-06	-2.042698e-09	-3.513537e+01	-1.348818e+02
6.920000e-06	-4.982159e-06	-2.047813e-09	-3.526586e+01	-1.350405e+02
6.930000e-06	-5.000300e-06	-2.052446e-09	-3.539427e+01	-1.351947e+02
6.940000e-06	-5.018087e-06	-2.052477e-09	-3.552017e+01	-1.353444e+02
6.950000e-06	-5.035490e-06	-2.050538e-09	-3.564336e+01	-1.354895e+02
6.960000e-06	-5.052535e-06	-2.051706e-09	-3.576401e+01	-1.356299e+02
6.970000e-06	-5.069306e-06	-2.056543e-09	-3.588273e+01	-1.357653e+02
6.980000e-06	-5.085842e-06	-2.058097e-09	-3.599977e+01	-1.358956e+02
6.990000e-06	-5.102189e-06	-2.055285e-09	-3.611548e+01	-1.360204e+02
7.000000e-06	-5.118303e-06	-2.055071e-09	-3.622955e+01	-1.361395e+02
7.010000e-06	-5.133979e-06	-2.058686e-09	-3.634051e+01	-1.362526e+02
7.020000e-06	-5.148996e-06	-2.061505e-09	-3.644680e+01	-1.363592e+02
7.030000e-06	-5.163370e-06	-2.062076e-09	-3.654855e+01	-1.364591e+02
7.040000e-06	-5.177297e-06	-2.061669e-09	-3.664713e+01	-1.365519e+02
7.050000e-06	-5.190792e-06	-2.059921e-09	-3.674265e+01	-1.366370e+02
7.060000e-06	-5.203783e-06	-2.055888e-09	-3.683461e+01	-1.367143e+02
7.070000e-06	-5.216395e-06	-2.051559e-09	-3.692388e+01	-1.367833e+02
7.080000e-06	-5.228614e-06	-2.049903e-09	-3.701037e+01	-1.368435e+02
7.090000e-06	-5.240447e-06	-2.054001e-09	-3.709413e+01	-1.368948e+02
7.100000e-06	-5.251954e-06	-2.061139e-09	-3.717559e+01	-1.369367e+02
7.110000e-06	-5.263033e-06	-2.063031e-09	-3.725400e+01	-1.369690e+02
7.120000e-06	-5.273703e-06	-2.059431e-09	-3.732953e+01	-1.369915e+02
7.130000e-06	-5.284099e-06	-2.055622e-09	-3.740312e+01	-1.370039e+02
7.140000e-06	-5.294144e-06	-2.052972e-09	-3.747423e+01	-1.370061e+02
7.150000e-06	-5.303700e-06	-2.049251e-09	-3.754187e+01	-1.369980e+02
7.160000e-06	-5.312853e-06	-2.044501e-09	-3.760665e+01	-1.369795e+02
7.170000e-06	-5.321720e-06	-2.042398e-09	-3.766942e+01	-1.369507e+02
7.180000e-06	-5.330335e-06	-2.044826e-09	-3.773040e+01	-1.369117e+02
7.190000e-06	-5.338715e-06	-2.048868e-09	-3.778972e+01	-1.368627e+02
7.200000e-06	-5.346908e-06	-2.051752e-09	-3.784771e+01	-1.368038e+02
7.210000e-06	-5.354804e-06	-2.052109e-09	-3.790360e+01	-1.367354e+02
7.220000e-06	-5.362253e-06	-2.050320e-09	-3.795633e+01	-1.366579e+02
7.230000e-06	-5.369145e-06	-2.046734e-09	-3.800511e+01	-1.365717e+02
7.240000e-06	-5.375377e-06	-2.041724e-09	-3.804923e+01	-1.364774e+02
7.250000e-06	-5.381022e-06	-2.038678e-09	-3.808919e+01	-1.363754e+02
7.260000e-06	-5.386184e-06	-2.038714e-09	-3.812572e+01	-1.362665e+02
7.270000e-06	-5.390965e-06	-2.041622e-09	-3.815957e+01	-1.361515e+02
7.280000e-06	-5.395469e-06	-2.043220e-09	-3.819145e+01	-1.360309e+02
7.290000e-06	-5.399760e-06	-2.040215e-09	-3.822182e+01	-1.359057e+02
7.300000e-06	-5.403723e-06	-2.034364e-09	-3.824987e+01	-1.357768e+02
7.310000e-06	-5.407249e-06	-2.028864e-09	-3.827483e+01	-1.356450e+02
7.320000e-06	-5.410371e-06	-2.025643e-09	-3.829693e+01	-1.355113e+02
7.330000e-06	-5.413198e-06	-2.025847e-09	-3.831694e+01	-1.353766e+02
7.340000e-06	-5.415761e-06	-2.028717e-09	-3.833508e+01	-1.352419e+02
7.350000e-06	-5.418015e-06	-2.031960e-09	-3.835103e+01	-1.351082e+02
7.360000e-06	-5.419981e-06	-2.034190e-09	-3.836495e+01	-1.349765e+02
7.370000e-06	-5.421336e-06	-2.032661e-09	-3.837454e+01	-1.348477e+02
7.380000e-06	-5.422193e-06	-2.027898e-09	-3.838061e+01	-1.347228e+02
7.390000e-06	-5.422947e-06	-2.023395e-09	-3.838594e+01	-1.346027e+02
7.400000e-06	-5.423476e-06	-2.019685e-09	-3.838969e+01	-1.344884e+02
