# Temperatura_=_16.9
# Concentracion g/m^3_=_4090.0
# C_Vs_to_Am_M_A/Vsm_=_65563218390.804596
# pendiente_HvsI_1/m_=_3716.3
# ordenada_HvsI_A/m_=_1297.0
# frecuencia_Hz_=_135088.70731447372

Tiempo_(s)	Campo_(V.s)	Magnetizacion_(V.s)	Campo_(kA/m)	Magnetizacion_(A/m)
0.000000e+00	-5.392960e-06	-1.301267e-09	-3.837247e+01	-8.580595e+01
1.000000e-08	-5.393276e-06	-1.296703e-09	-3.837472e+01	-8.568770e+01
2.000000e-08	-5.393309e-06	-1.292117e-09	-3.837495e+01	-8.557648e+01
3.000000e-08	-5.393124e-06	-1.287398e-09	-3.837363e+01	-8.547292e+01
4.000000e-08	-5.392659e-06	-1.283554e-09	-3.837033e+01	-8.537757e+01
5.000000e-08	-5.391739e-06	-1.282457e-09	-3.836378e+01	-8.529091e+01
6.000000e-08	-5.390308e-06	-1.280944e-09	-3.835360e+01	-8.521336e+01
7.000000e-08	-5.388182e-06	-1.278598e-09	-3.833847e+01	-8.514524e+01
8.000000e-08	-5.385318e-06	-1.273389e-09	-3.831809e+01	-8.508678e+01
9.000000e-08	-5.381884e-06	-1.284326e-09	-3.829366e+01	-8.503813e+01
1.000000e-07	-5.377900e-06	-1.303088e-09	-3.826531e+01	-8.499935e+01
1.100000e-07	-5.373572e-06	-1.297818e-09	-3.823452e+01	-8.497039e+01
1.200000e-07	-5.369121e-06	-1.278426e-09	-3.820284e+01	-8.495112e+01
1.300000e-07	-5.364626e-06	-1.253641e-09	-3.817087e+01	-8.494131e+01
1.400000e-07	-5.359815e-06	-1.273445e-09	-3.813663e+01	-8.494064e+01
1.500000e-07	-5.354437e-06	-1.285600e-09	-3.809837e+01	-8.494869e+01
1.600000e-07	-5.348665e-06	-1.252890e-09	-3.805729e+01	-8.496496e+01
1.700000e-07	-5.342642e-06	-1.252349e-09	-3.801444e+01	-8.498886e+01
1.800000e-07	-5.336142e-06	-1.248756e-09	-3.796819e+01	-8.501973e+01
1.900000e-07	-5.329119e-06	-1.270408e-09	-3.791822e+01	-8.505683e+01
2.000000e-07	-5.321840e-06	-1.261531e-09	-3.786643e+01	-8.509936e+01
2.100000e-07	-5.314389e-06	-1.280058e-09	-3.781342e+01	-8.514644e+01
2.200000e-07	-5.306750e-06	-1.269443e-09	-3.775906e+01	-8.519717e+01
2.300000e-07	-5.298801e-06	-1.282129e-09	-3.770250e+01	-8.525057e+01
2.400000e-07	-5.290516e-06	-1.306233e-09	-3.764355e+01	-8.530565e+01
2.500000e-07	-5.281885e-06	-1.325340e-09	-3.758214e+01	-8.536137e+01
2.600000e-07	-5.272582e-06	-1.319871e-09	-3.751595e+01	-8.541671e+01
2.700000e-07	-5.262349e-06	-1.333319e-09	-3.744313e+01	-8.547059e+01
2.800000e-07	-5.251555e-06	-1.351147e-09	-3.736633e+01	-8.552198e+01
2.900000e-07	-5.240517e-06	-1.329965e-09	-3.728779e+01	-8.556982e+01
3.000000e-07	-5.229049e-06	-1.302710e-09	-3.720619e+01	-8.561309e+01
3.100000e-07	-5.217132e-06	-1.302162e-09	-3.712140e+01	-8.565080e+01
3.200000e-07	-5.204859e-06	-1.341891e-09	-3.703407e+01	-8.568198e+01
3.300000e-07	-5.192274e-06	-1.349219e-09	-3.694453e+01	-8.570572e+01
3.400000e-07	-5.179295e-06	-1.340161e-09	-3.685218e+01	-8.572117e+01
3.500000e-07	-5.165887e-06	-1.331148e-09	-3.675678e+01	-8.572751e+01
3.600000e-07	-5.152188e-06	-1.347698e-09	-3.665930e+01	-8.572401e+01
3.700000e-07	-5.138074e-06	-1.334538e-09	-3.655888e+01	-8.571002e+01
3.800000e-07	-5.123370e-06	-1.318279e-09	-3.645426e+01	-8.568493e+01
3.900000e-07	-5.108187e-06	-1.306992e-09	-3.634623e+01	-8.564825e+01
4.000000e-07	-5.092322e-06	-1.318326e-09	-3.623334e+01	-8.559957e+01
4.100000e-07	-5.075912e-06	-1.325675e-09	-3.611658e+01	-8.553854e+01
4.200000e-07	-5.059216e-06	-1.342799e-09	-3.599778e+01	-8.546492e+01
4.300000e-07	-5.042149e-06	-1.325180e-09	-3.587635e+01	-8.537858e+01
4.400000e-07	-5.024930e-06	-1.313489e-09	-3.575383e+01	-8.527943e+01
4.500000e-07	-5.007404e-06	-1.309783e-09	-3.562913e+01	-8.516752e+01
4.600000e-07	-4.989544e-06	-1.315505e-09	-3.550205e+01	-8.504296e+01
4.700000e-07	-4.971432e-06	-1.294650e-09	-3.537318e+01	-8.490595e+01
4.800000e-07	-4.952814e-06	-1.292196e-09	-3.524071e+01	-8.475678e+01
4.900000e-07	-4.933664e-06	-1.306327e-09	-3.510444e+01	-8.459579e+01
5.000000e-07	-4.914219e-06	-1.315758e-09	-3.496609e+01	-8.442344e+01
5.100000e-07	-4.894537e-06	-1.298410e-09	-3.482605e+01	-8.424020e+01
5.200000e-07	-4.874623e-06	-1.285861e-09	-3.468435e+01	-8.404665e+01
5.300000e-07	-4.854546e-06	-1.279235e-09	-3.454150e+01	-8.384340e+01
5.400000e-07	-4.834241e-06	-1.277463e-09	-3.439702e+01	-8.363110e+01
5.500000e-07	-4.813547e-06	-1.278835e-09	-3.424978e+01	-8.341046e+01
5.600000e-07	-4.792424e-06	-1.280773e-09	-3.409948e+01	-8.318221e+01
5.700000e-07	-4.770931e-06	-1.281387e-09	-3.394655e+01	-8.294710e+01
5.800000e-07	-4.749136e-06	-1.284695e-09	-3.379148e+01	-8.270590e+01
5.900000e-07	-4.727079e-06	-1.281634e-09	-3.363453e+01	-8.245940e+01
6.000000e-07	-4.704807e-06	-1.262228e-09	-3.347606e+01	-8.220836e+01
6.100000e-07	-4.682106e-06	-1.248617e-09	-3.331454e+01	-8.195357e+01
6.200000e-07	-4.658989e-06	-1.246875e-09	-3.315005e+01	-8.169577e+01
6.300000e-07	-4.635627e-06	-1.252779e-09	-3.298382e+01	-8.143571e+01
6.400000e-07	-4.612001e-06	-1.250545e-09	-3.281572e+01	-8.117408e+01
6.500000e-07	-4.588119e-06	-1.255919e-09	-3.264579e+01	-8.091155e+01
6.600000e-07	-4.564056e-06	-1.257868e-09	-3.247458e+01	-8.064875e+01
6.700000e-07	-4.539796e-06	-1.255633e-09	-3.230196e+01	-8.038627e+01
6.800000e-07	-4.515179e-06	-1.239375e-09	-3.212681e+01	-8.012462e+01
6.900000e-07	-4.490254e-06	-1.227287e-09	-3.194945e+01	-7.986430e+01
7.000000e-07	-4.464830e-06	-1.217641e-09	-3.176856e+01	-7.960571e+01
7.100000e-07	-4.438749e-06	-1.219740e-09	-3.158298e+01	-7.934921e+01
7.200000e-07	-4.412049e-06	-1.218994e-09	-3.139300e+01	-7.909510e+01
7.300000e-07	-4.384836e-06	-1.221167e-09	-3.119938e+01	-7.884362e+01
7.400000e-07	-4.357251e-06	-1.219683e-09	-3.100310e+01	-7.859492e+01
7.500000e-07	-4.329490e-06	-1.223371e-09	-3.080558e+01	-7.834912e+01
7.600000e-07	-4.301670e-06	-1.218552e-09	-3.060763e+01	-7.810626e+01
7.700000e-07	-4.273693e-06	-1.210720e-09	-3.040856e+01	-7.786633e+01
7.800000e-07	-4.245535e-06	-1.201837e-09	-3.020821e+01	-7.762925e+01
7.900000e-07	-4.217178e-06	-1.198535e-09	-3.000644e+01	-7.739490e+01
8.000000e-07	-4.188490e-06	-1.195503e-09	-2.980232e+01	-7.716310e+01
8.100000e-07	-4.159385e-06	-1.196433e-09	-2.959523e+01	-7.693363e+01
8.200000e-07	-4.129948e-06	-1.195080e-09	-2.938578e+01	-7.670622e+01
8.300000e-07	-4.100264e-06	-1.191915e-09	-2.917456e+01	-7.648057e+01
8.400000e-07	-4.070368e-06	-1.186870e-09	-2.896185e+01	-7.625635e+01
8.500000e-07	-4.040245e-06	-1.182123e-09	-2.874751e+01	-7.603320e+01
8.600000e-07	-4.009833e-06	-1.179313e-09	-2.853112e+01	-7.581074e+01
8.700000e-07	-3.979109e-06	-1.175594e-09	-2.831251e+01	-7.558857e+01
8.800000e-07	-3.948068e-06	-1.170592e-09	-2.809164e+01	-7.536629e+01
8.900000e-07	-3.916789e-06	-1.166164e-09	-2.786909e+01	-7.514349e+01
9.000000e-07	-3.885281e-06	-1.162891e-09	-2.764490e+01	-7.491977e+01
9.100000e-07	-3.853564e-06	-1.155032e-09	-2.741922e+01	-7.469474e+01
9.200000e-07	-3.821681e-06	-1.147339e-09	-2.719237e+01	-7.446799e+01
9.300000e-07	-3.789671e-06	-1.142152e-09	-2.696460e+01	-7.423918e+01
9.400000e-07	-3.757426e-06	-1.143777e-09	-2.673517e+01	-7.400794e+01
9.500000e-07	-3.724883e-06	-1.146682e-09	-2.650362e+01	-7.377397e+01
9.600000e-07	-3.692056e-06	-1.149680e-09	-2.627004e+01	-7.353697e+01
9.700000e-07	-3.658820e-06	-1.143412e-09	-2.603357e+01	-7.329669e+01
9.800000e-07	-3.625030e-06	-1.133312e-09	-2.579314e+01	-7.305289e+01
9.900000e-07	-3.590732e-06	-1.122183e-09	-2.554910e+01	-7.280539e+01
1.000000e-06	-3.556040e-06	-1.115293e-09	-2.530225e+01	-7.255405e+01
1.010000e-06	-3.521023e-06	-1.108191e-09	-2.505310e+01	-7.229875e+01
1.020000e-06	-3.485793e-06	-1.106345e-09	-2.480243e+01	-7.203943e+01
1.030000e-06	-3.450271e-06	-1.105875e-09	-2.454968e+01	-7.177605e+01
1.040000e-06	-3.414520e-06	-1.108919e-09	-2.429530e+01	-7.150861e+01
1.050000e-06	-3.378671e-06	-1.107295e-09	-2.404022e+01	-7.123716e+01
1.060000e-06	-3.342698e-06	-1.100791e-09	-2.378426e+01	-7.096179e+01
1.070000e-06	-3.306556e-06	-1.088670e-09	-2.352710e+01	-7.068259e+01
1.080000e-06	-3.270273e-06	-1.079348e-09	-2.326894e+01	-7.039971e+01
1.090000e-06	-3.233867e-06	-1.071877e-09	-2.300990e+01	-7.011331e+01
1.100000e-06	-3.197214e-06	-1.066859e-09	-2.274910e+01	-6.982358e+01
1.110000e-06	-3.160186e-06	-1.062820e-09	-2.248564e+01	-6.953074e+01
1.120000e-06	-3.122863e-06	-1.060592e-09	-2.222007e+01	-6.923499e+01
1.130000e-06	-3.085344e-06	-1.060046e-09	-2.195311e+01	-6.893659e+01
1.140000e-06	-3.047620e-06	-1.057247e-09	-2.168470e+01	-6.863575e+01
1.150000e-06	-3.009716e-06	-1.053672e-09	-2.141500e+01	-6.833274e+01
1.160000e-06	-2.971594e-06	-1.048041e-09	-2.114375e+01	-6.802779e+01
1.170000e-06	-2.933322e-06	-1.039996e-09	-2.087143e+01	-6.772114e+01
1.180000e-06	-2.894965e-06	-1.033210e-09	-2.059852e+01	-6.741300e+01
1.190000e-06	-2.856326e-06	-1.027225e-09	-2.032358e+01	-6.710358e+01
1.200000e-06	-2.817379e-06	-1.021569e-09	-2.004647e+01	-6.679309e+01
1.210000e-06	-2.778187e-06	-1.019790e-09	-1.976760e+01	-6.648168e+01
1.220000e-06	-2.738822e-06	-1.020511e-09	-1.948751e+01	-6.616950e+01
1.230000e-06	-2.699332e-06	-1.021521e-09	-1.920653e+01	-6.585667e+01
1.240000e-06	-2.659618e-06	-1.017090e-09	-1.892395e+01	-6.554328e+01
1.250000e-06	-2.619784e-06	-1.011869e-09	-1.864052e+01	-6.522938e+01
1.260000e-06	-2.579968e-06	-1.006027e-09	-1.835722e+01	-6.491498e+01
1.270000e-06	-2.540061e-06	-1.001526e-09	-1.807327e+01	-6.460008e+01
1.280000e-06	-2.500065e-06	-9.946350e-10	-1.778869e+01	-6.428463e+01
1.290000e-06	-2.459976e-06	-9.855706e-10	-1.750344e+01	-6.396855e+01
1.300000e-06	-2.419762e-06	-9.777645e-10	-1.721731e+01	-6.365170e+01
1.310000e-06	-2.379450e-06	-9.736594e-10	-1.693047e+01	-6.333395e+01
1.320000e-06	-2.338957e-06	-9.689535e-10	-1.664236e+01	-6.301509e+01
1.330000e-06	-2.298198e-06	-9.634789e-10	-1.635234e+01	-6.269491e+01
1.340000e-06	-2.257227e-06	-9.585862e-10	-1.606082e+01	-6.237315e+01
1.350000e-06	-2.215947e-06	-9.563827e-10	-1.576711e+01	-6.204954e+01
1.360000e-06	-2.174220e-06	-9.514340e-10	-1.547020e+01	-6.172378e+01
1.370000e-06	-2.132255e-06	-9.424882e-10	-1.517161e+01	-6.139552e+01
1.380000e-06	-2.090062e-06	-9.322697e-10	-1.487139e+01	-6.106443e+01
1.390000e-06	-2.047652e-06	-9.239342e-10	-1.456963e+01	-6.073014e+01
1.400000e-06	-2.005013e-06	-9.158487e-10	-1.426625e+01	-6.039227e+01
1.410000e-06	-1.962104e-06	-9.068621e-10	-1.396094e+01	-6.005042e+01
1.420000e-06	-1.919069e-06	-8.999204e-10	-1.365473e+01	-5.970420e+01
1.430000e-06	-1.875823e-06	-8.980810e-10	-1.334702e+01	-5.935320e+01
1.440000e-06	-1.832384e-06	-8.980573e-10	-1.303794e+01	-5.899703e+01
1.450000e-06	-1.788837e-06	-8.933992e-10	-1.272809e+01	-5.863527e+01
1.460000e-06	-1.745252e-06	-8.843031e-10	-1.241797e+01	-5.826753e+01
1.470000e-06	-1.701592e-06	-8.769273e-10	-1.210732e+01	-5.789341e+01
1.480000e-06	-1.657748e-06	-8.705970e-10	-1.179535e+01	-5.751254e+01
1.490000e-06	-1.613815e-06	-8.623744e-10	-1.148276e+01	-5.712453e+01
1.500000e-06	-1.569845e-06	-8.560063e-10	-1.116990e+01	-5.672903e+01
1.510000e-06	-1.525853e-06	-8.527140e-10	-1.085689e+01	-5.632568e+01
1.520000e-06	-1.481779e-06	-8.501078e-10	-1.054329e+01	-5.591415e+01
1.530000e-06	-1.437619e-06	-8.427017e-10	-1.022907e+01	-5.549412e+01
1.540000e-06	-1.393447e-06	-8.328621e-10	-9.914776e+00	-5.506527e+01
1.550000e-06	-1.349182e-06	-8.239682e-10	-9.599819e+00	-5.462733e+01
1.560000e-06	-1.304796e-06	-8.163401e-10	-9.284000e+00	-5.417999e+01
1.570000e-06	-1.260369e-06	-8.099878e-10	-8.967889e+00	-5.372300e+01
1.580000e-06	-1.215913e-06	-8.067553e-10	-8.651573e+00	-5.325608e+01
1.590000e-06	-1.171362e-06	-8.025064e-10	-8.334582e+00	-5.277899e+01
1.600000e-06	-1.126724e-06	-7.958895e-10	-8.016970e+00	-5.229147e+01
1.610000e-06	-1.081995e-06	-7.870648e-10	-7.698708e+00	-5.179328e+01
1.620000e-06	-1.037105e-06	-7.772473e-10	-7.379305e+00	-5.128416e+01
1.630000e-06	-9.921420e-07	-7.670469e-10	-7.059377e+00	-5.076387e+01
1.640000e-06	-9.471220e-07	-7.574385e-10	-6.739047e+00	-5.023214e+01
1.650000e-06	-9.019922e-07	-7.493370e-10	-6.417935e+00	-4.968871e+01
1.660000e-06	-8.567513e-07	-7.410885e-10	-6.096033e+00	-4.913329e+01
1.670000e-06	-8.114482e-07	-7.336843e-10	-5.773689e+00	-4.856559e+01
1.680000e-06	-7.661220e-07	-7.283506e-10	-5.451179e+00	-4.798527e+01
1.690000e-06	-7.207849e-07	-7.196219e-10	-5.128593e+00	-4.739201e+01
1.700000e-06	-6.753725e-07	-7.063931e-10	-4.805471e+00	-4.678543e+01
1.710000e-06	-6.298643e-07	-6.935837e-10	-4.481667e+00	-4.616514e+01
1.720000e-06	-5.843081e-07	-6.842278e-10	-4.157521e+00	-4.553071e+01
1.730000e-06	-5.387664e-07	-6.781633e-10	-3.833479e+00	-4.488169e+01
1.740000e-06	-4.932966e-07	-6.720867e-10	-3.509948e+00	-4.421757e+01
1.750000e-06	-4.477233e-07	-6.629913e-10	-3.185681e+00	-4.353784e+01
1.760000e-06	-4.020360e-07	-6.522445e-10	-2.860603e+00	-4.284193e+01
1.770000e-06	-3.563502e-07	-6.399764e-10	-2.535534e+00	-4.212925e+01
1.780000e-06	-3.106108e-07	-6.259936e-10	-2.210085e+00	-4.139918e+01
1.790000e-06	-2.648409e-07	-6.127871e-10	-1.884420e+00	-4.065104e+01
1.800000e-06	-2.191452e-07	-6.012138e-10	-1.559281e+00	-3.988415e+01
1.810000e-06	-1.734509e-07	-5.904643e-10	-1.234153e+00	-3.909779e+01
1.820000e-06	-1.277334e-07	-5.777273e-10	-9.088600e-01	-3.829122e+01
1.830000e-06	-8.202900e-08	-5.655268e-10	-5.836600e-01	-3.746367e+01
1.840000e-06	-3.629014e-08	-5.558865e-10	-2.582148e-01	-3.661436e+01
1.850000e-06	9.498940e-09	-5.450907e-10	6.758771e-02	-3.574250e+01
1.860000e-06	5.529854e-08	-5.336353e-10	3.934651e-01	-3.484731e+01
1.870000e-06	1.010938e-07	-5.213673e-10	7.193119e-01	-3.392797e+01
1.880000e-06	1.468635e-07	-5.074780e-10	1.044977e+00	-3.298372e+01
1.890000e-06	1.926053e-07	-4.914284e-10	1.370443e+00	-3.201376e+01
1.900000e-06	2.383343e-07	-4.725670e-10	1.695817e+00	-3.101735e+01
1.910000e-06	2.841019e-07	-4.562584e-10	2.021467e+00	-2.999376e+01
1.920000e-06	3.298952e-07	-4.403677e-10	2.347300e+00	-2.894232e+01
1.930000e-06	3.755417e-07	-4.211579e-10	2.672088e+00	-2.786237e+01
1.940000e-06	4.211341e-07	-4.008539e-10	2.996491e+00	-2.675334e+01
1.950000e-06	4.667993e-07	-3.826955e-10	3.321412e+00	-2.561468e+01
1.960000e-06	5.123685e-07	-3.696943e-10	3.645650e+00	-2.444594e+01
1.970000e-06	5.578467e-07	-3.556786e-10	3.969240e+00	-2.324673e+01
1.980000e-06	6.033781e-07	-3.341598e-10	4.293210e+00	-2.201675e+01
1.990000e-06	6.488889e-07	-3.087609e-10	4.617032e+00	-2.075579e+01
2.000000e-06	6.942589e-07	-2.852810e-10	4.939853e+00	-1.946373e+01
2.010000e-06	7.395120e-07	-2.631961e-10	5.261842e+00	-1.814055e+01
2.020000e-06	7.847457e-07	-2.400599e-10	5.583692e+00	-1.678636e+01
2.030000e-06	8.299242e-07	-2.196205e-10	5.905151e+00	-1.540135e+01
2.040000e-06	8.750346e-07	-2.018500e-10	6.226124e+00	-1.398585e+01
2.050000e-06	9.200552e-07	-1.857654e-10	6.546459e+00	-1.254031e+01
2.060000e-06	9.649817e-07	-1.654182e-10	6.866124e+00	-1.106527e+01
2.070000e-06	1.009877e-06	-1.399536e-10	7.185569e+00	-9.561439e+00
2.080000e-06	1.054717e-06	-1.119550e-10	7.504615e+00	-8.029617e+00
2.090000e-06	1.099458e-06	-8.642293e-11	7.822961e+00	-6.470742e+00
2.100000e-06	1.144244e-06	-6.396665e-11	8.141627e+00	-4.885871e+00
2.110000e-06	1.188911e-06	-4.066410e-11	8.459443e+00	-3.276182e+00
2.120000e-06	1.233338e-06	-1.422446e-11	8.775558e+00	-1.642970e+00
2.130000e-06	1.277732e-06	1.337870e-11	9.091430e+00	1.235821e-02
2.140000e-06	1.322023e-06	3.708038e-11	9.406575e+00	1.688285e+00
2.150000e-06	1.366240e-06	5.897411e-11	9.721190e+00	3.383191e+00
2.160000e-06	1.410400e-06	8.248553e-11	1.003540e+01	5.095362e+00
2.170000e-06	1.454473e-06	1.077432e-10	1.034900e+01	6.822995e+00
2.180000e-06	1.498573e-06	1.326152e-10	1.066278e+01	8.564205e+00
2.190000e-06	1.542575e-06	1.563488e-10	1.097587e+01	1.031704e+01
2.200000e-06	1.586470e-06	1.815024e-10	1.128820e+01	1.207948e+01
2.210000e-06	1.630380e-06	2.103845e-10	1.160063e+01	1.384945e+01
2.220000e-06	1.674242e-06	2.376885e-10	1.191271e+01	1.562485e+01
2.230000e-06	1.718050e-06	2.615400e-10	1.222442e+01	1.740352e+01
2.240000e-06	1.761810e-06	2.890019e-10	1.253579e+01	1.918332e+01
2.250000e-06	1.805544e-06	3.220560e-10	1.284697e+01	2.096205e+01
2.260000e-06	1.849123e-06	3.520998e-10	1.315705e+01	2.273756e+01
2.270000e-06	1.892436e-06	3.797662e-10	1.346523e+01	2.450768e+01
2.280000e-06	1.935604e-06	4.058659e-10	1.377238e+01	2.627027e+01
2.290000e-06	1.978644e-06	4.313956e-10	1.407862e+01	2.802324e+01
2.300000e-06	2.021493e-06	4.535604e-10	1.438351e+01	2.976453e+01
2.310000e-06	2.064181e-06	4.741602e-10	1.468724e+01	3.149213e+01
2.320000e-06	2.106637e-06	4.989460e-10	1.498933e+01	3.320411e+01
2.330000e-06	2.148729e-06	5.287910e-10	1.528883e+01	3.489860e+01
2.340000e-06	2.190611e-06	5.593982e-10	1.558683e+01	3.657382e+01
2.350000e-06	2.232281e-06	5.858953e-10	1.588333e+01	3.822808e+01
2.360000e-06	2.273550e-06	6.080043e-10	1.617696e+01	3.985976e+01
2.370000e-06	2.314522e-06	6.284029e-10	1.646849e+01	4.146738e+01
2.380000e-06	2.355288e-06	6.472690e-10	1.675856e+01	4.304954e+01
2.390000e-06	2.395802e-06	6.670278e-10	1.704682e+01	4.460496e+01
2.400000e-06	2.436120e-06	6.910908e-10	1.733370e+01	4.613247e+01
2.410000e-06	2.476336e-06	7.170731e-10	1.761985e+01	4.763103e+01
2.420000e-06	2.516413e-06	7.443580e-10	1.790501e+01	4.909969e+01
2.430000e-06	2.556377e-06	7.736063e-10	1.818936e+01	5.053766e+01
2.440000e-06	2.596301e-06	8.015023e-10	1.847344e+01	5.194422e+01
2.450000e-06	2.636143e-06	8.223710e-10	1.875692e+01	5.331881e+01
2.460000e-06	2.675813e-06	8.357958e-10	1.903918e+01	5.466096e+01
2.470000e-06	2.715284e-06	8.499056e-10	1.932003e+01	5.597031e+01
2.480000e-06	2.754674e-06	8.680072e-10	1.960030e+01	5.724663e+01
2.490000e-06	2.793843e-06	8.858299e-10	1.987900e+01	5.848977e+01
2.500000e-06	2.832704e-06	9.034374e-10	2.015551e+01	5.969969e+01
2.510000e-06	2.871341e-06	9.246143e-10	2.043042e+01	6.087645e+01
2.520000e-06	2.909789e-06	9.489058e-10	2.070399e+01	6.202018e+01
2.530000e-06	2.948091e-06	9.722189e-10	2.097652e+01	6.313111e+01
2.540000e-06	2.986240e-06	9.914435e-10	2.124796e+01	6.420953e+01
2.550000e-06	3.024177e-06	1.005341e-09	2.151789e+01	6.525580e+01
2.560000e-06	3.061901e-06	1.015508e-09	2.178631e+01	6.627034e+01
2.570000e-06	3.099480e-06	1.024089e-09	2.205369e+01	6.725362e+01
2.580000e-06	3.136826e-06	1.033531e-09	2.231942e+01	6.820616e+01
2.590000e-06	3.173887e-06	1.045179e-09	2.258312e+01	6.912852e+01
2.600000e-06	3.210724e-06	1.063965e-09	2.284523e+01	7.002127e+01
2.610000e-06	3.247325e-06	1.087044e-09	2.310566e+01	7.088502e+01
2.620000e-06	3.283690e-06	1.108699e-09	2.336440e+01	7.172040e+01
2.630000e-06	3.319888e-06	1.125914e-09	2.362197e+01	7.252803e+01
2.640000e-06	3.355955e-06	1.137268e-09	2.387859e+01	7.330857e+01
2.650000e-06	3.391911e-06	1.143845e-09	2.413443e+01	7.406263e+01
2.660000e-06	3.427713e-06	1.148441e-09	2.438917e+01	7.479084e+01
2.670000e-06	3.463363e-06	1.150272e-09	2.464283e+01	7.549384e+01
2.680000e-06	3.498846e-06	1.154760e-09	2.489530e+01	7.617221e+01
2.690000e-06	3.534062e-06	1.168162e-09	2.514587e+01	7.682655e+01
2.700000e-06	3.568875e-06	1.186283e-09	2.539358e+01	7.745742e+01
2.710000e-06	3.603177e-06	1.203108e-09	2.563765e+01	7.806536e+01
2.720000e-06	3.636993e-06	1.215677e-09	2.587826e+01	7.865090e+01
2.730000e-06	3.670403e-06	1.225717e-09	2.611598e+01	7.921452e+01
2.740000e-06	3.703504e-06	1.231854e-09	2.635150e+01	7.975670e+01
2.750000e-06	3.736328e-06	1.234630e-09	2.658505e+01	8.027789e+01
2.760000e-06	3.768739e-06	1.235916e-09	2.681566e+01	8.077850e+01
2.770000e-06	3.800825e-06	1.238193e-09	2.704397e+01	8.125894e+01
2.780000e-06	3.832772e-06	1.243714e-09	2.727128e+01	8.171960e+01
2.790000e-06	3.864595e-06	1.251377e-09	2.749771e+01	8.216084e+01
2.800000e-06	3.896244e-06	1.258842e-09	2.772290e+01	8.258300e+01
2.810000e-06	3.927798e-06	1.265740e-09	2.794742e+01	8.298644e+01
2.820000e-06	3.959183e-06	1.272425e-09	2.817073e+01	8.337148e+01
2.830000e-06	3.990125e-06	1.279850e-09	2.839090e+01	8.373846e+01
2.840000e-06	4.020670e-06	1.285810e-09	2.860823e+01	8.408768e+01
2.850000e-06	4.050936e-06	1.286447e-09	2.882358e+01	8.441949e+01
2.860000e-06	4.080909e-06	1.285019e-09	2.903685e+01	8.473422e+01
2.870000e-06	4.110635e-06	1.284751e-09	2.924836e+01	8.503220e+01
2.880000e-06	4.140170e-06	1.287980e-09	2.945851e+01	8.531380e+01
2.890000e-06	4.169484e-06	1.292888e-09	2.966709e+01	8.557937e+01
2.900000e-06	4.198493e-06	1.297105e-09	2.987349e+01	8.582931e+01
2.910000e-06	4.227165e-06	1.302762e-09	3.007750e+01	8.606403e+01
2.920000e-06	4.255556e-06	1.309833e-09	3.027951e+01	8.628394e+01
2.930000e-06	4.283733e-06	1.312214e-09	3.048000e+01	8.648950e+01
2.940000e-06	4.311746e-06	1.310300e-09	3.067932e+01	8.668119e+01
2.950000e-06	4.339591e-06	1.309375e-09	3.087744e+01	8.685950e+01
2.960000e-06	4.367294e-06	1.309695e-09	3.107456e+01	8.702495e+01
2.970000e-06	4.394790e-06	1.310239e-09	3.127020e+01	8.717810e+01
2.980000e-06	4.421820e-06	1.310705e-09	3.146253e+01	8.731951e+01
2.990000e-06	4.448336e-06	1.312956e-09	3.165119e+01	8.744977e+01
3.000000e-06	4.474226e-06	1.316760e-09	3.183541e+01	8.756951e+01
3.010000e-06	4.499450e-06	1.318219e-09	3.201488e+01	8.767933e+01
3.020000e-06	4.524239e-06	1.318136e-09	3.219127e+01	8.777990e+01
3.030000e-06	4.548663e-06	1.319546e-09	3.236505e+01	8.787186e+01
3.040000e-06	4.572851e-06	1.323193e-09	3.253716e+01	8.795587e+01
3.050000e-06	4.596854e-06	1.327204e-09	3.270795e+01	8.803260e+01
3.060000e-06	4.620609e-06	1.329744e-09	3.287697e+01	8.810270e+01
3.070000e-06	4.644075e-06	1.329787e-09	3.304394e+01	8.816684e+01
3.080000e-06	4.667196e-06	1.329920e-09	3.320845e+01	8.822565e+01
3.090000e-06	4.689960e-06	1.330944e-09	3.337042e+01	8.827976e+01
3.100000e-06	4.712358e-06	1.327983e-09	3.352979e+01	8.832978e+01
3.110000e-06	4.734474e-06	1.324305e-09	3.368715e+01	8.837629e+01
3.120000e-06	4.756380e-06	1.324645e-09	3.384302e+01	8.841984e+01
3.130000e-06	4.778032e-06	1.328327e-09	3.399708e+01	8.846095e+01
3.140000e-06	4.799329e-06	1.332161e-09	3.414861e+01	8.850010e+01
3.150000e-06	4.820174e-06	1.334362e-09	3.429693e+01	8.853770e+01
3.160000e-06	4.840673e-06	1.334655e-09	3.444279e+01	8.857416e+01
3.170000e-06	4.860919e-06	1.332713e-09	3.458684e+01	8.860981e+01
3.180000e-06	4.880980e-06	1.328751e-09	3.472959e+01	8.864491e+01
3.190000e-06	4.900904e-06	1.326617e-09	3.487135e+01	8.867971e+01
3.200000e-06	4.920601e-06	1.327537e-09	3.501150e+01	8.871436e+01
3.210000e-06	4.940050e-06	1.330353e-09	3.514988e+01	8.874897e+01
3.220000e-06	4.959072e-06	1.332660e-09	3.528523e+01	8.878360e+01
3.230000e-06	4.977519e-06	1.333401e-09	3.541649e+01	8.881823e+01
3.240000e-06	4.995605e-06	1.334317e-09	3.554517e+01	8.885279e+01
3.250000e-06	5.013329e-06	1.335384e-09	3.567129e+01	8.888715e+01
3.260000e-06	5.030655e-06	1.334467e-09	3.579457e+01	8.892114e+01
3.270000e-06	5.047724e-06	1.331763e-09	3.591602e+01	8.895452e+01
3.280000e-06	5.064628e-06	1.331502e-09	3.603629e+01	8.898701e+01
3.290000e-06	5.081215e-06	1.334436e-09	3.615431e+01	8.901828e+01
3.300000e-06	5.097212e-06	1.337499e-09	3.626813e+01	8.904796e+01
3.310000e-06	5.112732e-06	1.339273e-09	3.637857e+01	8.907566e+01
3.320000e-06	5.127894e-06	1.342364e-09	3.648645e+01	8.910094e+01
3.330000e-06	5.142596e-06	1.346855e-09	3.659106e+01	8.912334e+01
3.340000e-06	5.156770e-06	1.347904e-09	3.669191e+01	8.914241e+01
3.350000e-06	5.170576e-06	1.344539e-09	3.679014e+01	8.915764e+01
3.360000e-06	5.184108e-06	1.341036e-09	3.688642e+01	8.916856e+01
3.370000e-06	5.197309e-06	1.340602e-09	3.698035e+01	8.917468e+01
3.380000e-06	5.210082e-06	1.340732e-09	3.707124e+01	8.917554e+01
3.390000e-06	5.222369e-06	1.339096e-09	3.715867e+01	8.917067e+01
3.400000e-06	5.234320e-06	1.337113e-09	3.724370e+01	8.915965e+01
3.410000e-06	5.246029e-06	1.337019e-09	3.732701e+01	8.914207e+01
3.420000e-06	5.257396e-06	1.336550e-09	3.740789e+01	8.911759e+01
3.430000e-06	5.268238e-06	1.332291e-09	3.748503e+01	8.908587e+01
3.440000e-06	5.278455e-06	1.329299e-09	3.755773e+01	8.904665e+01
3.450000e-06	5.287902e-06	1.329786e-09	3.762495e+01	8.899972e+01
3.460000e-06	5.296643e-06	1.332222e-09	3.768714e+01	8.894492e+01
3.470000e-06	5.305057e-06	1.333367e-09	3.774702e+01	8.888216e+01
3.480000e-06	5.313205e-06	1.330403e-09	3.780499e+01	8.881142e+01
3.490000e-06	5.321130e-06	1.327593e-09	3.786138e+01	8.873274e+01
3.500000e-06	5.328862e-06	1.326829e-09	3.791640e+01	8.864624e+01
3.510000e-06	5.336266e-06	1.323512e-09	3.796908e+01	8.855211e+01
3.520000e-06	5.343290e-06	1.318302e-09	3.801905e+01	8.845060e+01
3.530000e-06	5.349889e-06	1.317441e-09	3.806601e+01	8.834206e+01
3.540000e-06	5.356072e-06	1.321254e-09	3.811000e+01	8.822688e+01
3.550000e-06	5.361958e-06	1.324277e-09	3.815188e+01	8.810554e+01
3.560000e-06	5.367576e-06	1.324338e-09	3.819185e+01	8.797858e+01
3.570000e-06	5.372764e-06	1.323759e-09	3.822877e+01	8.784659e+01
3.580000e-06	5.377455e-06	1.323165e-09	3.826215e+01	8.771023e+01
3.590000e-06	5.381764e-06	1.318393e-09	3.829281e+01	8.757021e+01
3.600000e-06	5.385828e-06	1.310969e-09	3.832172e+01	8.742728e+01
3.610000e-06	5.389684e-06	1.306342e-09	3.834916e+01	8.728223e+01
3.620000e-06	5.393354e-06	1.306355e-09	3.837528e+01	8.713589e+01
3.630000e-06	5.396724e-06	1.308051e-09	3.839925e+01	8.698910e+01
3.640000e-06	5.399530e-06	1.310327e-09	3.841921e+01	8.684274e+01
3.650000e-06	5.401760e-06	1.313432e-09	3.843508e+01	8.669767e+01
3.660000e-06	5.403354e-06	1.314932e-09	3.844643e+01	8.655477e+01
3.670000e-06	5.404329e-06	1.315853e-09	3.845336e+01	8.641491e+01
3.680000e-06	5.404927e-06	1.311806e-09	3.845761e+01	8.627892e+01
3.690000e-06	5.405211e-06	1.303592e-09	3.845964e+01	8.614763e+01
3.700000e-06	5.405262e-06	1.298214e-09	3.846000e+01	8.602183e+01
3.710000e-06	5.405083e-06	1.295518e-09	3.845873e+01	8.590225e+01
3.720000e-06	5.404565e-06	1.296132e-09	3.845504e+01	8.578959e+01
3.730000e-06	5.403615e-06	1.298313e-09	3.844828e+01	8.568449e+01
3.740000e-06	5.402213e-06	1.298685e-09	3.843831e+01	8.558752e+01
3.750000e-06	5.400476e-06	1.298753e-09	3.842595e+01	8.549916e+01
3.760000e-06	5.398540e-06	1.295739e-09	3.841217e+01	8.541985e+01
3.770000e-06	5.396276e-06	1.290579e-09	3.839607e+01	8.534991e+01
3.780000e-06	5.393615e-06	1.274840e-09	3.837713e+01	8.528961e+01
3.790000e-06	5.390592e-06	1.242120e-09	3.835562e+01	8.523910e+01
3.800000e-06	5.387052e-06	1.222219e-09	3.833043e+01	8.519845e+01
3.810000e-06	5.383063e-06	1.243956e-09	3.830205e+01	8.516764e+01
3.820000e-06	5.378947e-06	1.278146e-09	3.827277e+01	8.514655e+01
3.830000e-06	5.374781e-06	1.279177e-09	3.824312e+01	8.513497e+01
3.840000e-06	5.370331e-06	1.233725e-09	3.821146e+01	8.513257e+01
3.850000e-06	5.365290e-06	1.248842e-09	3.817559e+01	8.513898e+01
3.860000e-06	5.359493e-06	1.273425e-09	3.813434e+01	8.515370e+01
3.870000e-06	5.353250e-06	1.249583e-09	3.808992e+01	8.517615e+01
3.880000e-06	5.346685e-06	1.204331e-09	3.804321e+01	8.520569e+01
3.890000e-06	5.339573e-06	1.203912e-09	3.799260e+01	8.524159e+01
3.900000e-06	5.331938e-06	1.249092e-09	3.793828e+01	8.528305e+01
3.910000e-06	5.323989e-06	1.240266e-09	3.788172e+01	8.532921e+01
3.920000e-06	5.315783e-06	1.228867e-09	3.782333e+01	8.537918e+01
3.930000e-06	5.307183e-06	1.219620e-09	3.776214e+01	8.543198e+01
3.940000e-06	5.298281e-06	1.235678e-09	3.769880e+01	8.548663e+01
3.950000e-06	5.289112e-06	1.226319e-09	3.763356e+01	8.554210e+01
3.960000e-06	5.279584e-06	1.248264e-09	3.756577e+01	8.559735e+01
3.970000e-06	5.269595e-06	1.260690e-09	3.749469e+01	8.565133e+01
3.980000e-06	5.259202e-06	1.271931e-09	3.742074e+01	8.570298e+01
3.990000e-06	5.248572e-06	1.298790e-09	3.734510e+01	8.575126e+01
4.000000e-06	5.237531e-06	1.330871e-09	3.726654e+01	8.579514e+01
4.010000e-06	5.225978e-06	1.330098e-09	3.718434e+01	8.583362e+01
4.020000e-06	5.214102e-06	1.315545e-09	3.709984e+01	8.586574e+01
4.030000e-06	5.201854e-06	1.329396e-09	3.701270e+01	8.589056e+01
4.040000e-06	5.189082e-06	1.345353e-09	3.692182e+01	8.590723e+01
4.050000e-06	5.175939e-06	1.317511e-09	3.682830e+01	8.591492e+01
4.060000e-06	5.162292e-06	1.294185e-09	3.673120e+01	8.591289e+01
4.070000e-06	5.147762e-06	1.318937e-09	3.662782e+01	8.590046e+01
4.080000e-06	5.132540e-06	1.339220e-09	3.651950e+01	8.587704e+01
4.090000e-06	5.117023e-06	1.314966e-09	3.640910e+01	8.584211e+01
4.100000e-06	5.101228e-06	1.294033e-09	3.629671e+01	8.579523e+01
4.110000e-06	5.085132e-06	1.303418e-09	3.618219e+01	8.573605e+01
4.120000e-06	5.068812e-06	1.292705e-09	3.606606e+01	8.566433e+01
4.130000e-06	5.052220e-06	1.288985e-09	3.594800e+01	8.557989e+01
4.140000e-06	5.035193e-06	1.287068e-09	3.582686e+01	8.548266e+01
4.150000e-06	5.017828e-06	1.285047e-09	3.570330e+01	8.537265e+01
4.160000e-06	5.000164e-06	1.282046e-09	3.557761e+01	8.524997e+01
4.170000e-06	4.982185e-06	1.304860e-09	3.544968e+01	8.511479e+01
4.180000e-06	4.963962e-06	1.297686e-09	3.532002e+01	8.496740e+01
4.190000e-06	4.945418e-06	1.279318e-09	3.518808e+01	8.480814e+01
4.200000e-06	4.926481e-06	1.274137e-09	3.505334e+01	8.463742e+01
4.210000e-06	4.907060e-06	1.285933e-09	3.491515e+01	8.445574e+01
4.220000e-06	4.887356e-06	1.265599e-09	3.477495e+01	8.426365e+01
4.230000e-06	4.867474e-06	1.250753e-09	3.463349e+01	8.406175e+01
4.240000e-06	4.847344e-06	1.254702e-09	3.449025e+01	8.385069e+01
4.250000e-06	4.826985e-06	1.263857e-09	3.434540e+01	8.363117e+01
4.260000e-06	4.806391e-06	1.262293e-09	3.419886e+01	8.340391e+01
4.270000e-06	4.785444e-06	1.267365e-09	3.404982e+01	8.316967e+01
4.280000e-06	4.763989e-06	1.266626e-09	3.389716e+01	8.292921e+01
4.290000e-06	4.741816e-06	1.262756e-09	3.373939e+01	8.268332e+01
4.300000e-06	4.718983e-06	1.251976e-09	3.357693e+01	8.243276e+01
4.310000e-06	4.695718e-06	1.234076e-09	3.341139e+01	8.217832e+01
4.320000e-06	4.672072e-06	1.214828e-09	3.324314e+01	8.192076e+01
4.330000e-06	4.648218e-06	1.211636e-09	3.307342e+01	8.166080e+01
4.340000e-06	4.624172e-06	1.218768e-09	3.290232e+01	8.139916e+01
4.350000e-06	4.599893e-06	1.218998e-09	3.272957e+01	8.113651e+01
4.360000e-06	4.575368e-06	1.216048e-09	3.255507e+01	8.087350e+01
4.370000e-06	4.550512e-06	1.219015e-09	3.237821e+01	8.061070e+01
4.380000e-06	4.525315e-06	1.220097e-09	3.219892e+01	8.034866e+01
4.390000e-06	4.499813e-06	1.204062e-09	3.201747e+01	8.008787e+01
4.400000e-06	4.474018e-06	1.186222e-09	3.183393e+01	7.982874e+01
4.410000e-06	4.447946e-06	1.172328e-09	3.164842e+01	7.957165e+01
4.420000e-06	4.421510e-06	1.170118e-09	3.146032e+01	7.931691e+01
4.430000e-06	4.394730e-06	1.171675e-09	3.126977e+01	7.906475e+01
4.440000e-06	4.367667e-06	1.178245e-09	3.107722e+01	7.881536e+01
4.450000e-06	4.340285e-06	1.181503e-09	3.088238e+01	7.856885e+01
4.460000e-06	4.312682e-06	1.186887e-09	3.068598e+01	7.832528e+01
4.470000e-06	4.284860e-06	1.184518e-09	3.048802e+01	7.808464e+01
4.480000e-06	4.256863e-06	1.174469e-09	3.028881e+01	7.784687e+01
4.490000e-06	4.228757e-06	1.162773e-09	3.008883e+01	7.761186e+01
4.500000e-06	4.200466e-06	1.160569e-09	2.988753e+01	7.737942e+01
4.510000e-06	4.171885e-06	1.156458e-09	2.968417e+01	7.714936e+01
4.520000e-06	4.142868e-06	1.154690e-09	2.947770e+01	7.692141e+01
4.530000e-06	4.113279e-06	1.152651e-09	2.926717e+01	7.669527e+01
4.540000e-06	4.083105e-06	1.157451e-09	2.905248e+01	7.647061e+01
4.550000e-06	4.052357e-06	1.161301e-09	2.883369e+01	7.624709e+01
4.560000e-06	4.021165e-06	1.158127e-09	2.861175e+01	7.602432e+01
4.570000e-06	3.989617e-06	1.147097e-09	2.838728e+01	7.580191e+01
4.580000e-06	3.957811e-06	1.141143e-09	2.816097e+01	7.557945e+01
4.590000e-06	3.925921e-06	1.137636e-09	2.793406e+01	7.535655e+01
4.600000e-06	3.893930e-06	1.133977e-09	2.770644e+01	7.513279e+01
4.610000e-06	3.861786e-06	1.129791e-09	2.747773e+01	7.490778e+01
4.620000e-06	3.829371e-06	1.127144e-09	2.724708e+01	7.468113e+01
4.630000e-06	3.796669e-06	1.126061e-09	2.701440e+01	7.445246e+01
4.640000e-06	3.763725e-06	1.124872e-09	2.677999e+01	7.422143e+01
4.650000e-06	3.730455e-06	1.121563e-09	2.654327e+01	7.398772e+01
4.660000e-06	3.696857e-06	1.115475e-09	2.630421e+01	7.375102e+01
4.670000e-06	3.663104e-06	1.112531e-09	2.606404e+01	7.351108e+01
4.680000e-06	3.629180e-06	1.110349e-09	2.582266e+01	7.326766e+01
4.690000e-06	3.594988e-06	1.107888e-09	2.557938e+01	7.302057e+01
4.700000e-06	3.560508e-06	1.103674e-09	2.533404e+01	7.276966e+01
4.710000e-06	3.525754e-06	1.101188e-09	2.508676e+01	7.251480e+01
4.720000e-06	3.490843e-06	1.098777e-09	2.483836e+01	7.225593e+01
4.730000e-06	3.455709e-06	1.097228e-09	2.458837e+01	7.199300e+01
4.740000e-06	3.420257e-06	1.092666e-09	2.433612e+01	7.172602e+01
4.750000e-06	3.384598e-06	1.090583e-09	2.408239e+01	7.145502e+01
4.760000e-06	3.348786e-06	1.089455e-09	2.382758e+01	7.118007e+01
4.770000e-06	3.312878e-06	1.088360e-09	2.357208e+01	7.090128e+01
4.780000e-06	3.276849e-06	1.081800e-09	2.331573e+01	7.061878e+01
4.790000e-06	3.240666e-06	1.073584e-09	2.305828e+01	7.033273e+01
4.800000e-06	3.204323e-06	1.066085e-09	2.279968e+01	7.004333e+01
4.810000e-06	3.167712e-06	1.061822e-09	2.253919e+01	6.975076e+01
4.820000e-06	3.130815e-06	1.058118e-09	2.227666e+01	6.945527e+01
4.830000e-06	3.093540e-06	1.054435e-09	2.201143e+01	6.915706e+01
4.840000e-06	3.055810e-06	1.050166e-09	2.174297e+01	6.885640e+01
4.850000e-06	3.017763e-06	1.048545e-09	2.147225e+01	6.855352e+01
4.860000e-06	2.979416e-06	1.046519e-09	2.119941e+01	6.824865e+01
4.870000e-06	2.940726e-06	1.040888e-09	2.092411e+01	6.794204e+01
4.880000e-06	2.901695e-06	1.032505e-09	2.064640e+01	6.763391e+01
4.890000e-06	2.862385e-06	1.023756e-09	2.036670e+01	6.732448e+01
4.900000e-06	2.822849e-06	1.015998e-09	2.008539e+01	6.701393e+01
4.910000e-06	2.783091e-06	1.011734e-09	1.980250e+01	6.670244e+01
4.920000e-06	2.743195e-06	1.010657e-09	1.951863e+01	6.639016e+01
4.930000e-06	2.703210e-06	1.011552e-09	1.923412e+01	6.607721e+01
4.940000e-06	2.663170e-06	1.011659e-09	1.894923e+01	6.576369e+01
4.950000e-06	2.623061e-06	1.009789e-09	1.866384e+01	6.544965e+01
4.960000e-06	2.582804e-06	1.006262e-09	1.837740e+01	6.513511e+01
4.970000e-06	2.542388e-06	9.990998e-10	1.808983e+01	6.482008e+01
4.980000e-06	2.501840e-06	9.921199e-10	1.780131e+01	6.450451e+01
4.990000e-06	2.461114e-06	9.883323e-10	1.751154e+01	6.418831e+01
5.000000e-06	2.420116e-06	9.866437e-10	1.721983e+01	6.387138e+01
5.010000e-06	2.378905e-06	9.832249e-10	1.692660e+01	6.355357e+01
5.020000e-06	2.337552e-06	9.787240e-10	1.663236e+01	6.323469e+01
5.030000e-06	2.296031e-06	9.722318e-10	1.633692e+01	6.291452e+01
5.040000e-06	2.254459e-06	9.671119e-10	1.604113e+01	6.259283e+01
5.050000e-06	2.212685e-06	9.616490e-10	1.574389e+01	6.226933e+01
5.060000e-06	2.170671e-06	9.570651e-10	1.544495e+01	6.194373e+01
5.070000e-06	2.128560e-06	9.533383e-10	1.514532e+01	6.161569e+01
5.080000e-06	2.086369e-06	9.497512e-10	1.484512e+01	6.128487e+01
5.090000e-06	2.044121e-06	9.438685e-10	1.454451e+01	6.095092e+01
5.100000e-06	2.001725e-06	9.372650e-10	1.424285e+01	6.061345e+01
5.110000e-06	1.959173e-06	9.297300e-10	1.394008e+01	6.027207e+01
5.120000e-06	1.916451e-06	9.221492e-10	1.363610e+01	5.992638e+01
5.130000e-06	1.873589e-06	9.167741e-10	1.333113e+01	5.957599e+01
5.140000e-06	1.830544e-06	9.147514e-10	1.302485e+01	5.922049e+01
5.150000e-06	1.787345e-06	9.124992e-10	1.271748e+01	5.885947e+01
5.160000e-06	1.744035e-06	9.063493e-10	1.240931e+01	5.849253e+01
5.170000e-06	1.700537e-06	8.980050e-10	1.209981e+01	5.811928e+01
5.180000e-06	1.656969e-06	8.885822e-10	1.178981e+01	5.773934e+01
5.190000e-06	1.613309e-06	8.813443e-10	1.147916e+01	5.735233e+01
5.200000e-06	1.569442e-06	8.762003e-10	1.116703e+01	5.695788e+01
5.210000e-06	1.525495e-06	8.717022e-10	1.085434e+01	5.655564e+01
5.220000e-06	1.481552e-06	8.687084e-10	1.054167e+01	5.614527e+01
5.230000e-06	1.437579e-06	8.648368e-10	1.022879e+01	5.572646e+01
5.240000e-06	1.393579e-06	8.606123e-10	9.915715e+00	5.529888e+01
5.250000e-06	1.349581e-06	8.556250e-10	9.602662e+00	5.486225e+01
5.260000e-06	1.305537e-06	8.497693e-10	9.289276e+00	5.441628e+01
5.270000e-06	1.261434e-06	8.440565e-10	8.975468e+00	5.396070e+01
5.280000e-06	1.217299e-06	8.364471e-10	8.661434e+00	5.349523e+01
5.290000e-06	1.173122e-06	8.274578e-10	8.347101e+00	5.301963e+01
5.300000e-06	1.128878e-06	8.204168e-10	8.032291e+00	5.253365e+01
5.310000e-06	1.084568e-06	8.134325e-10	7.717018e+00	5.203703e+01
5.320000e-06	1.040219e-06	8.046143e-10	7.401459e+00	5.152953e+01
5.330000e-06	9.957655e-07	7.946481e-10	7.085159e+00	5.101090e+01
5.340000e-06	9.512476e-07	7.869462e-10	6.768402e+00	5.048087e+01
5.350000e-06	9.066177e-07	7.809451e-10	6.450847e+00	4.993919e+01
5.360000e-06	8.619423e-07	7.716105e-10	6.132969e+00	4.938557e+01
5.370000e-06	8.172388e-07	7.611078e-10	5.814890e+00	4.881971e+01
5.380000e-06	7.724213e-07	7.504174e-10	5.496001e+00	4.824130e+01
5.390000e-06	7.275937e-07	7.400713e-10	5.177040e+00	4.765000e+01
5.400000e-06	6.827609e-07	7.306352e-10	4.858041e+00	4.704545e+01
5.410000e-06	6.378072e-07	7.209969e-10	4.538183e+00	4.642725e+01
5.420000e-06	5.927499e-07	7.109595e-10	4.217587e+00	4.579499e+01
5.430000e-06	5.477319e-07	7.025747e-10	3.897271e+00	4.514821e+01
5.440000e-06	5.026860e-07	6.933267e-10	3.576756e+00	4.448642e+01
5.450000e-06	4.575810e-07	6.811692e-10	3.255821e+00	4.380911e+01
5.460000e-06	4.123390e-07	6.678941e-10	2.933911e+00	4.311572e+01
5.470000e-06	3.669916e-07	6.578409e-10	2.611252e+00	4.240566e+01
5.480000e-06	3.216609e-07	6.504482e-10	2.288710e+00	4.167830e+01
5.490000e-06	2.763610e-07	6.427014e-10	1.966388e+00	4.093300e+01
5.500000e-06	2.310918e-07	6.307375e-10	1.644285e+00	4.016907e+01
5.510000e-06	1.858437e-07	6.167848e-10	1.322332e+00	3.938578e+01
5.520000e-06	1.404967e-07	6.026126e-10	9.996745e-01	3.858241e+01
5.530000e-06	9.520666e-08	5.874301e-10	6.774229e-01	3.775819e+01
5.540000e-06	5.004928e-08	5.731994e-10	3.561151e-01	3.691234e+01
5.550000e-06	4.893241e-09	5.615692e-10	3.481683e-02	3.604408e+01
5.560000e-06	-4.036869e-08	5.514188e-10	-2.872349e-01	3.515261e+01
5.570000e-06	-8.570233e-08	5.395211e-10	-6.097968e-01	3.423713e+01
5.580000e-06	-1.310032e-07	5.244570e-10	-9.321254e-01	3.329686e+01
5.590000e-06	-1.762806e-07	5.051596e-10	-1.254288e+00	3.233101e+01
5.600000e-06	-2.215107e-07	4.854821e-10	-1.576113e+00	3.133884e+01
5.610000e-06	-2.668096e-07	4.683349e-10	-1.898427e+00	3.031962e+01
5.620000e-06	-3.120756e-07	4.534004e-10	-2.220508e+00	2.927264e+01
5.630000e-06	-3.572919e-07	4.405465e-10	-2.542235e+00	2.819727e+01
5.640000e-06	-4.025376e-07	4.272629e-10	-2.864171e+00	2.709290e+01
5.650000e-06	-4.476496e-07	4.141473e-10	-3.185157e+00	2.595899e+01
5.660000e-06	-4.926913e-07	3.984133e-10	-3.505641e+00	2.479507e+01
5.670000e-06	-5.376446e-07	3.770846e-10	-3.825497e+00	2.360074e+01
5.680000e-06	-5.825201e-07	3.521350e-10	-4.144799e+00	2.237568e+01
5.690000e-06	-6.275004e-07	3.283144e-10	-4.464847e+00	2.111968e+01
5.700000e-06	-6.724770e-07	3.058848e-10	-4.784868e+00	1.983258e+01
5.710000e-06	-7.173609e-07	2.819693e-10	-5.104230e+00	1.851437e+01
5.720000e-06	-7.622045e-07	2.633562e-10	-5.423306e+00	1.716511e+01
5.730000e-06	-8.069258e-07	2.508403e-10	-5.741510e+00	1.578500e+01
5.740000e-06	-8.515085e-07	2.354954e-10	-6.058729e+00	1.437434e+01
5.750000e-06	-8.960249e-07	2.118613e-10	-6.375476e+00	1.293354e+01
5.760000e-06	-9.404152e-07	1.865670e-10	-6.691326e+00	1.146316e+01
5.770000e-06	-9.846927e-07	1.607213e-10	-7.006373e+00	9.963848e+00
5.780000e-06	-1.028950e-06	1.323325e-10	-7.321276e+00	8.436409e+00
5.790000e-06	-1.073235e-06	1.018167e-10	-7.636380e+00	6.881752e+00
5.800000e-06	-1.117519e-06	7.330516e-11	-7.951470e+00	5.300914e+00
5.810000e-06	-1.161716e-06	5.160101e-11	-8.265947e+00	3.695054e+00
5.820000e-06	-1.205799e-06	3.501801e-11	-8.579607e+00	2.065446e+00
5.830000e-06	-1.249834e-06	1.674719e-11	-8.892927e+00	4.134809e-01
5.840000e-06	-1.293838e-06	-7.316134e-12	-9.206034e+00	-1.259343e+00
5.850000e-06	-1.337834e-06	-3.325428e-11	-9.519075e+00	-2.951424e+00
5.860000e-06	-1.381800e-06	-5.890341e-11	-9.831908e+00	-4.661061e+00
5.870000e-06	-1.425702e-06	-8.550424e-11	-1.014428e+01	-6.386467e+00
5.880000e-06	-1.469539e-06	-1.142796e-10	-1.045619e+01	-8.125769e+00
5.890000e-06	-1.513360e-06	-1.426855e-10	-1.076799e+01	-9.877024e+00
5.900000e-06	-1.557138e-06	-1.661458e-10	-1.107949e+01	-1.163822e+01
5.910000e-06	-1.600836e-06	-1.893286e-10	-1.139041e+01	-1.340731e+01
5.920000e-06	-1.644438e-06	-2.146655e-10	-1.170065e+01	-1.518217e+01
5.930000e-06	-1.687884e-06	-2.422264e-10	-1.200979e+01	-1.696067e+01
5.940000e-06	-1.731219e-06	-2.718202e-10	-1.231812e+01	-1.874065e+01
5.950000e-06	-1.774390e-06	-3.009141e-10	-1.262530e+01	-2.051993e+01
5.960000e-06	-1.817393e-06	-3.296682e-10	-1.293127e+01	-2.229635e+01
5.970000e-06	-1.860304e-06	-3.541487e-10	-1.323660e+01	-2.406774e+01
5.980000e-06	-1.903059e-06	-3.771119e-10	-1.354081e+01	-2.583195e+01
5.990000e-06	-1.945752e-06	-3.994468e-10	-1.384459e+01	-2.758689e+01
6.000000e-06	-1.988331e-06	-4.240028e-10	-1.414755e+01	-2.933049e+01
6.010000e-06	-2.030712e-06	-4.526843e-10	-1.444910e+01	-3.106073e+01
6.020000e-06	-2.072915e-06	-4.820283e-10	-1.474939e+01	-3.277567e+01
6.030000e-06	-2.114990e-06	-5.119802e-10	-1.504876e+01	-3.447342e+01
6.040000e-06	-2.156957e-06	-5.408274e-10	-1.534737e+01	-3.615219e+01
6.050000e-06	-2.198771e-06	-5.677357e-10	-1.564489e+01	-3.781028e+01
6.060000e-06	-2.240488e-06	-5.913929e-10	-1.594172e+01	-3.944605e+01
6.070000e-06	-2.282083e-06	-6.138371e-10	-1.623768e+01	-4.105800e+01
6.080000e-06	-2.323483e-06	-6.349101e-10	-1.653226e+01	-4.264471e+01
6.090000e-06	-2.364672e-06	-6.562281e-10	-1.682533e+01	-4.420489e+01
6.100000e-06	-2.405620e-06	-6.770721e-10	-1.711669e+01	-4.573736e+01
6.110000e-06	-2.446324e-06	-6.968733e-10	-1.740630e+01	-4.724103e+01
6.120000e-06	-2.486892e-06	-7.204890e-10	-1.769496e+01	-4.871496e+01
6.130000e-06	-2.527338e-06	-7.467881e-10	-1.798274e+01	-5.015831e+01
6.140000e-06	-2.567625e-06	-7.709701e-10	-1.826939e+01	-5.157037e+01
6.150000e-06	-2.607781e-06	-7.908945e-10	-1.855512e+01	-5.295055e+01
6.160000e-06	-2.647882e-06	-8.083937e-10	-1.884044e+01	-5.429835e+01
6.170000e-06	-2.687845e-06	-8.265257e-10	-1.912480e+01	-5.561341e+01
6.180000e-06	-2.727669e-06	-8.420930e-10	-1.940815e+01	-5.689546e+01
6.190000e-06	-2.767324e-06	-8.546394e-10	-1.969031e+01	-5.814436e+01
6.200000e-06	-2.806885e-06	-8.709867e-10	-1.997180e+01	-5.936004e+01
6.210000e-06	-2.846417e-06	-8.924023e-10	-2.025308e+01	-6.054254e+01
6.220000e-06	-2.885747e-06	-9.154488e-10	-2.053292e+01	-6.169198e+01
6.230000e-06	-2.924786e-06	-9.333421e-10	-2.081070e+01	-6.280858e+01
6.240000e-06	-2.963411e-06	-9.529921e-10	-2.108553e+01	-6.389262e+01
6.250000e-06	-3.001618e-06	-9.734143e-10	-2.135738e+01	-6.494444e+01
6.260000e-06	-3.039419e-06	-9.875620e-10	-2.162634e+01	-6.596446e+01
6.270000e-06	-3.076818e-06	-9.959200e-10	-2.189245e+01	-6.695313e+01
6.280000e-06	-3.113876e-06	-1.002843e-09	-2.215613e+01	-6.791098e+01
6.290000e-06	-3.150669e-06	-1.014306e-09	-2.241792e+01	-6.883855e+01
6.300000e-06	-3.187230e-06	-1.030194e-09	-2.267807e+01	-6.973641e+01
6.310000e-06	-3.223592e-06	-1.046123e-09	-2.293679e+01	-7.060518e+01
6.320000e-06	-3.259840e-06	-1.063077e-09	-2.319470e+01	-7.144546e+01
6.330000e-06	-3.295942e-06	-1.082712e-09	-2.345158e+01	-7.225790e+01
6.340000e-06	-3.331892e-06	-1.099653e-09	-2.370738e+01	-7.304312e+01
6.350000e-06	-3.367640e-06	-1.108263e-09	-2.396173e+01	-7.380177e+01
6.360000e-06	-3.403214e-06	-1.113327e-09	-2.421485e+01	-7.453447e+01
6.370000e-06	-3.438640e-06	-1.120880e-09	-2.446692e+01	-7.524185e+01
6.380000e-06	-3.473785e-06	-1.130163e-09	-2.471699e+01	-7.592451e+01
6.390000e-06	-3.508607e-06	-1.135535e-09	-2.496476e+01	-7.658303e+01
6.400000e-06	-3.543215e-06	-1.143780e-09	-2.521100e+01	-7.721800e+01
6.410000e-06	-3.577626e-06	-1.158195e-09	-2.545584e+01	-7.782995e+01
6.420000e-06	-3.611757e-06	-1.172658e-09	-2.569869e+01	-7.841940e+01
6.430000e-06	-3.645673e-06	-1.185326e-09	-2.594002e+01	-7.898686e+01
6.440000e-06	-3.679340e-06	-1.191288e-09	-2.617957e+01	-7.953281e+01
6.450000e-06	-3.712695e-06	-1.195786e-09	-2.641690e+01	-8.005768e+01
6.460000e-06	-3.745786e-06	-1.201125e-09	-2.665235e+01	-8.056191e+01
6.470000e-06	-3.778582e-06	-1.205913e-09	-2.688570e+01	-8.104591e+01
6.480000e-06	-3.811053e-06	-1.209768e-09	-2.711674e+01	-8.151006e+01
6.490000e-06	-3.843328e-06	-1.216602e-09	-2.734639e+01	-8.195473e+01
6.500000e-06	-3.875424e-06	-1.226026e-09	-2.757476e+01	-8.238028e+01
6.510000e-06	-3.907340e-06	-1.236585e-09	-2.780186e+01	-8.278703e+01
6.520000e-06	-3.939118e-06	-1.243847e-09	-2.802797e+01	-8.317534e+01
6.530000e-06	-3.970702e-06	-1.246474e-09	-2.825269e+01	-8.354552e+01
6.540000e-06	-4.001959e-06	-1.248963e-09	-2.847509e+01	-8.389790e+01
6.550000e-06	-4.032765e-06	-1.253098e-09	-2.869429e+01	-8.423281e+01
6.560000e-06	-4.063097e-06	-1.256999e-09	-2.891011e+01	-8.455058e+01
6.570000e-06	-4.093055e-06	-1.261174e-09	-2.912327e+01	-8.485155e+01
6.580000e-06	-4.122560e-06	-1.265567e-09	-2.933321e+01	-8.513608e+01
6.590000e-06	-4.151591e-06	-1.268469e-09	-2.953977e+01	-8.540452e+01
6.600000e-06	-4.180223e-06	-1.270100e-09	-2.974350e+01	-8.565726e+01
6.610000e-06	-4.208473e-06	-1.272681e-09	-2.994451e+01	-8.589470e+01
6.620000e-06	-4.236529e-06	-1.277656e-09	-3.014413e+01	-8.611727e+01
6.630000e-06	-4.264475e-06	-1.284706e-09	-3.034297e+01	-8.632541e+01
6.640000e-06	-4.292259e-06	-1.291175e-09	-3.054066e+01	-8.651960e+01
6.650000e-06	-4.319769e-06	-1.295819e-09	-3.073641e+01	-8.670032e+01
6.660000e-06	-4.346920e-06	-1.297414e-09	-3.092959e+01	-8.686810e+01
6.670000e-06	-4.373732e-06	-1.296497e-09	-3.112037e+01	-8.702348e+01
6.680000e-06	-4.400262e-06	-1.297070e-09	-3.130914e+01	-8.716703e+01
6.690000e-06	-4.426496e-06	-1.297204e-09	-3.149580e+01	-8.729933e+01
6.700000e-06	-4.452455e-06	-1.299845e-09	-3.168050e+01	-8.742100e+01
6.710000e-06	-4.478167e-06	-1.304848e-09	-3.186345e+01	-8.753265e+01
6.720000e-06	-4.503504e-06	-1.309259e-09	-3.204373e+01	-8.763494e+01
6.730000e-06	-4.528479e-06	-1.312421e-09	-3.222143e+01	-8.772851e+01
6.740000e-06	-4.553191e-06	-1.315748e-09	-3.239727e+01	-8.781402e+01
6.750000e-06	-4.577594e-06	-1.318693e-09	-3.257090e+01	-8.789214e+01
6.760000e-06	-4.601708e-06	-1.317784e-09	-3.274248e+01	-8.796352e+01
6.770000e-06	-4.625645e-06	-1.314899e-09	-3.291280e+01	-8.802882e+01
6.780000e-06	-4.649434e-06	-1.315820e-09	-3.308206e+01	-8.808870e+01
6.790000e-06	-4.672937e-06	-1.320114e-09	-3.324930e+01	-8.814377e+01
6.800000e-06	-4.696134e-06	-1.323464e-09	-3.341435e+01	-8.819465e+01
6.810000e-06	-4.718836e-06	-1.324558e-09	-3.357588e+01	-8.824193e+01
6.820000e-06	-4.740926e-06	-1.326734e-09	-3.373306e+01	-8.828616e+01
6.830000e-06	-4.762511e-06	-1.329739e-09	-3.388664e+01	-8.832786e+01
6.840000e-06	-4.783586e-06	-1.331888e-09	-3.403660e+01	-8.836752e+01
6.850000e-06	-4.804249e-06	-1.331508e-09	-3.418362e+01	-8.840558e+01
6.860000e-06	-4.824590e-06	-1.329879e-09	-3.432835e+01	-8.844243e+01
6.870000e-06	-4.844687e-06	-1.331015e-09	-3.447134e+01	-8.847841e+01
6.880000e-06	-4.864577e-06	-1.333236e-09	-3.461287e+01	-8.851381e+01
6.890000e-06	-4.884165e-06	-1.332986e-09	-3.475225e+01	-8.854886e+01
6.900000e-06	-4.903459e-06	-1.333257e-09	-3.488953e+01	-8.858375e+01
6.910000e-06	-4.922422e-06	-1.337748e-09	-3.502445e+01	-8.861859e+01
6.920000e-06	-4.940941e-06	-1.343576e-09	-3.515623e+01	-8.865343e+01
6.930000e-06	-4.959143e-06	-1.347431e-09	-3.528573e+01	-8.868828e+01
6.940000e-06	-4.977064e-06	-1.349086e-09	-3.541325e+01	-8.872308e+01
6.950000e-06	-4.994630e-06	-1.350761e-09	-3.553824e+01	-8.875771e+01
6.960000e-06	-5.011864e-06	-1.351006e-09	-3.566086e+01	-8.879200e+01
6.970000e-06	-5.028820e-06	-1.348675e-09	-3.578151e+01	-8.882572e+01
6.980000e-06	-5.045420e-06	-1.345844e-09	-3.589962e+01	-8.885859e+01
6.990000e-06	-5.061606e-06	-1.345852e-09	-3.601479e+01	-8.889031e+01
7.000000e-06	-5.077596e-06	-1.349193e-09	-3.612856e+01	-8.892051e+01
7.010000e-06	-5.093514e-06	-1.351968e-09	-3.624182e+01	-8.894879e+01
7.020000e-06	-5.109106e-06	-1.353134e-09	-3.635277e+01	-8.897472e+01
7.030000e-06	-5.124192e-06	-1.353257e-09	-3.646011e+01	-8.899786e+01
7.040000e-06	-5.138647e-06	-1.353384e-09	-3.656296e+01	-8.901773e+01
7.050000e-06	-5.152543e-06	-1.350545e-09	-3.666183e+01	-8.903386e+01
7.060000e-06	-5.165877e-06	-1.344490e-09	-3.675671e+01	-8.904575e+01
7.070000e-06	-5.178586e-06	-1.341406e-09	-3.684714e+01	-8.905293e+01
7.080000e-06	-5.190944e-06	-1.342494e-09	-3.693507e+01	-8.905492e+01
7.090000e-06	-5.203029e-06	-1.345224e-09	-3.702105e+01	-8.905125e+01
7.100000e-06	-5.214747e-06	-1.347837e-09	-3.710443e+01	-8.904151e+01
7.110000e-06	-5.226053e-06	-1.349640e-09	-3.718488e+01	-8.902527e+01
7.120000e-06	-5.236986e-06	-1.349414e-09	-3.726267e+01	-8.900218e+01
7.130000e-06	-5.247539e-06	-1.347882e-09	-3.733776e+01	-8.897191e+01
7.140000e-06	-5.257762e-06	-1.345023e-09	-3.741049e+01	-8.893418e+01
7.150000e-06	-5.267657e-06	-1.340439e-09	-3.748090e+01	-8.888877e+01
7.160000e-06	-5.277067e-06	-1.335225e-09	-3.754785e+01	-8.883551e+01
7.170000e-06	-5.285959e-06	-1.330095e-09	-3.761113e+01	-8.877430e+01
7.180000e-06	-5.294471e-06	-1.327385e-09	-3.767169e+01	-8.870511e+01
7.190000e-06	-5.302810e-06	-1.327722e-09	-3.773102e+01	-8.862797e+01
7.200000e-06	-5.311006e-06	-1.329687e-09	-3.778934e+01	-8.854298e+01
7.210000e-06	-5.319006e-06	-1.332402e-09	-3.784627e+01	-8.845032e+01
7.220000e-06	-5.326716e-06	-1.333439e-09	-3.790112e+01	-8.835025e+01
7.230000e-06	-5.334054e-06	-1.331770e-09	-3.795333e+01	-8.824307e+01
7.240000e-06	-5.340955e-06	-1.328668e-09	-3.800244e+01	-8.812919e+01
7.250000e-06	-5.347252e-06	-1.325003e-09	-3.804724e+01	-8.800906e+01
7.260000e-06	-5.352877e-06	-1.320707e-09	-3.808726e+01	-8.788322e+01
7.270000e-06	-5.357900e-06	-1.316732e-09	-3.812301e+01	-8.775224e+01
7.280000e-06	-5.362455e-06	-1.315118e-09	-3.815542e+01	-8.761679e+01
7.290000e-06	-5.366657e-06	-1.313719e-09	-3.818531e+01	-8.747754e+01
7.300000e-06	-5.370620e-06	-1.310489e-09	-3.821351e+01	-8.733526e+01
7.310000e-06	-5.374368e-06	-1.308256e-09	-3.824018e+01	-8.719073e+01
7.320000e-06	-5.377872e-06	-1.309007e-09	-3.826511e+01	-8.704477e+01
7.330000e-06	-5.380999e-06	-1.309902e-09	-3.828736e+01	-8.689822e+01
7.340000e-06	-5.383667e-06	-1.309623e-09	-3.830635e+01	-8.675195e+01
7.350000e-06	-5.385943e-06	-1.310068e-09	-3.832254e+01	-8.660683e+01
7.360000e-06	-5.387951e-06	-1.309893e-09	-3.833683e+01	-8.646373e+01
7.370000e-06	-5.389775e-06	-1.306707e-09	-3.834980e+01	-8.632351e+01
7.380000e-06	-5.391198e-06	-1.302604e-09	-3.835993e+01	-8.618704e+01
7.390000e-06	-5.392015e-06	-1.301225e-09	-3.836575e+01	-8.605514e+01
7.400000e-06	-5.392499e-06	-1.302322e-09	-3.836919e+01	-8.592859e+01
