# Temperatura_=_18.8
# Concentracion g/m^3_=_4090.0
# C_Vs_to_Am_M_A/Vsm_=_65563218390.804596
# pendiente_HvsI_1/m_=_3716.3
# ordenada_HvsI_A/m_=_1297.0
# frecuencia_Hz_=_135084.8688156655

Tiempo_(s)	Campo_(V.s)	Magnetizacion_(V.s)	Campo_(kA/m)	Magnetizacion_(A/m)
0.000000e+00	-5.398581e-06	-1.288187e-09	-3.838151e+01	-8.707028e+01
1.000000e-08	-5.398575e-06	-1.282273e-09	-3.838147e+01	-8.694505e+01
2.000000e-08	-5.398373e-06	-1.278007e-09	-3.838003e+01	-8.682701e+01
3.000000e-08	-5.397814e-06	-1.275609e-09	-3.837605e+01	-8.671684e+01
4.000000e-08	-5.396794e-06	-1.274220e-09	-3.836880e+01	-8.661518e+01
5.000000e-08	-5.395217e-06	-1.270623e-09	-3.835759e+01	-8.652256e+01
6.000000e-08	-5.392989e-06	-1.263933e-09	-3.834175e+01	-8.643947e+01
7.000000e-08	-5.390184e-06	-1.279192e-09	-3.832181e+01	-8.636630e+01
8.000000e-08	-5.386855e-06	-1.334200e-09	-3.829814e+01	-8.630332e+01
9.000000e-08	-5.382968e-06	-1.333161e-09	-3.827050e+01	-8.625075e+01
1.000000e-07	-5.378769e-06	-1.224825e-09	-3.824065e+01	-8.620870e+01
1.100000e-07	-5.374544e-06	-1.223887e-09	-3.821062e+01	-8.617716e+01
1.200000e-07	-5.370207e-06	-1.302801e-09	-3.817978e+01	-8.615604e+01
1.300000e-07	-5.365426e-06	-1.352636e-09	-3.814579e+01	-8.614514e+01
1.400000e-07	-5.360003e-06	-1.219476e-09	-3.810724e+01	-8.614417e+01
1.500000e-07	-5.354263e-06	-1.193247e-09	-3.806642e+01	-8.615273e+01
1.600000e-07	-5.348379e-06	-1.352636e-09	-3.802460e+01	-8.617033e+01
1.700000e-07	-5.341920e-06	-1.358416e-09	-3.797868e+01	-8.619639e+01
1.800000e-07	-5.334873e-06	-1.246411e-09	-3.792857e+01	-8.623023e+01
1.900000e-07	-5.327663e-06	-1.198214e-09	-3.787731e+01	-8.627110e+01
2.000000e-07	-5.320321e-06	-1.362714e-09	-3.782511e+01	-8.631818e+01
2.100000e-07	-5.312683e-06	-1.335355e-09	-3.777081e+01	-8.637055e+01
2.200000e-07	-5.304779e-06	-1.287524e-09	-3.771462e+01	-8.642727e+01
2.300000e-07	-5.296653e-06	-1.330721e-09	-3.765685e+01	-8.648732e+01
2.400000e-07	-5.288106e-06	-1.439544e-09	-3.759608e+01	-8.654965e+01
2.500000e-07	-5.278668e-06	-1.365014e-09	-3.752898e+01	-8.661316e+01
2.600000e-07	-5.268537e-06	-1.345955e-09	-3.745695e+01	-8.667673e+01
2.700000e-07	-5.257980e-06	-1.430769e-09	-3.738190e+01	-8.673924e+01
2.800000e-07	-5.246929e-06	-1.428111e-09	-3.730333e+01	-8.679954e+01
2.900000e-07	-5.235491e-06	-1.309893e-09	-3.722201e+01	-8.685650e+01
3.000000e-07	-5.223644e-06	-1.351137e-09	-3.713779e+01	-8.690901e+01
3.100000e-07	-5.211364e-06	-1.478007e-09	-3.705048e+01	-8.695598e+01
3.200000e-07	-5.198633e-06	-1.424947e-09	-3.695996e+01	-8.699633e+01
3.300000e-07	-5.185557e-06	-1.340303e-09	-3.686700e+01	-8.702906e+01
3.400000e-07	-5.172158e-06	-1.381605e-09	-3.677174e+01	-8.705321e+01
3.500000e-07	-5.158325e-06	-1.437242e-09	-3.667340e+01	-8.706786e+01
3.600000e-07	-5.144172e-06	-1.380406e-09	-3.657277e+01	-8.707220e+01
3.700000e-07	-5.129666e-06	-1.368739e-09	-3.646965e+01	-8.706544e+01
3.800000e-07	-5.114479e-06	-1.364446e-09	-3.636167e+01	-8.704692e+01
3.900000e-07	-5.098515e-06	-1.359769e-09	-3.624817e+01	-8.701605e+01
4.000000e-07	-5.082122e-06	-1.374204e-09	-3.613162e+01	-8.697232e+01
4.100000e-07	-5.065461e-06	-1.414206e-09	-3.601317e+01	-8.691533e+01
4.200000e-07	-5.048477e-06	-1.343342e-09	-3.589242e+01	-8.684477e+01
4.300000e-07	-5.031261e-06	-1.329676e-09	-3.577003e+01	-8.676042e+01
4.400000e-07	-5.013794e-06	-1.382142e-09	-3.564584e+01	-8.666218e+01
4.500000e-07	-4.996008e-06	-1.407542e-09	-3.551940e+01	-8.655003e+01
4.600000e-07	-4.977886e-06	-1.324002e-09	-3.539055e+01	-8.642407e+01
4.700000e-07	-4.959449e-06	-1.324906e-09	-3.525947e+01	-8.628448e+01
4.800000e-07	-4.940574e-06	-1.354138e-09	-3.512528e+01	-8.613152e+01
4.900000e-07	-4.921285e-06	-1.368019e-09	-3.498815e+01	-8.596557e+01
5.000000e-07	-4.901738e-06	-1.325540e-09	-3.484918e+01	-8.578707e+01
5.100000e-07	-4.881902e-06	-1.313109e-09	-3.470815e+01	-8.559656e+01
5.200000e-07	-4.861820e-06	-1.312681e-09	-3.456538e+01	-8.539462e+01
5.300000e-07	-4.841538e-06	-1.351486e-09	-3.442118e+01	-8.518193e+01
5.400000e-07	-4.820922e-06	-1.348107e-09	-3.427461e+01	-8.495921e+01
5.500000e-07	-4.799935e-06	-1.316824e-09	-3.412540e+01	-8.472723e+01
5.600000e-07	-4.778574e-06	-1.305700e-09	-3.397353e+01	-8.448681e+01
5.700000e-07	-4.756880e-06	-1.338523e-09	-3.381930e+01	-8.423879e+01
5.800000e-07	-4.734912e-06	-1.330619e-09	-3.366312e+01	-8.398405e+01
5.900000e-07	-4.712643e-06	-1.291332e-09	-3.350479e+01	-8.372347e+01
6.000000e-07	-4.689933e-06	-1.277279e-09	-3.334334e+01	-8.345795e+01
6.100000e-07	-4.666860e-06	-1.302812e-09	-3.317930e+01	-8.318837e+01
6.200000e-07	-4.643442e-06	-1.325454e-09	-3.301281e+01	-8.291563e+01
6.300000e-07	-4.619742e-06	-1.309905e-09	-3.284431e+01	-8.264059e+01
6.400000e-07	-4.595941e-06	-1.291884e-09	-3.267509e+01	-8.236407e+01
6.500000e-07	-4.571997e-06	-1.295084e-09	-3.250486e+01	-8.208687e+01
6.600000e-07	-4.547845e-06	-1.313386e-09	-3.233316e+01	-8.180977e+01
6.700000e-07	-4.523324e-06	-1.290755e-09	-3.215882e+01	-8.153346e+01
6.800000e-07	-4.498328e-06	-1.261863e-09	-3.198111e+01	-8.125860e+01
6.900000e-07	-4.472755e-06	-1.250001e-09	-3.179929e+01	-8.098579e+01
7.000000e-07	-4.446561e-06	-1.275658e-09	-3.161307e+01	-8.071555e+01
7.100000e-07	-4.420062e-06	-1.277072e-09	-3.142467e+01	-8.044836e+01
7.200000e-07	-4.393195e-06	-1.267523e-09	-3.123366e+01	-8.018460e+01
7.300000e-07	-4.365806e-06	-1.255677e-09	-3.103894e+01	-7.992460e+01
7.400000e-07	-4.338140e-06	-1.277457e-09	-3.084225e+01	-7.966860e+01
7.500000e-07	-4.310271e-06	-1.276141e-09	-3.064411e+01	-7.941678e+01
7.600000e-07	-4.282274e-06	-1.258767e-09	-3.044506e+01	-7.916923e+01
7.700000e-07	-4.254051e-06	-1.233706e-09	-3.024441e+01	-7.892597e+01
7.800000e-07	-4.225529e-06	-1.243344e-09	-3.004163e+01	-7.868697e+01
7.900000e-07	-4.196677e-06	-1.251143e-09	-2.983651e+01	-7.845210e+01
8.000000e-07	-4.167496e-06	-1.251433e-09	-2.962904e+01	-7.822119e+01
8.100000e-07	-4.138039e-06	-1.236914e-09	-2.941961e+01	-7.799399e+01
8.200000e-07	-4.108311e-06	-1.241622e-09	-2.920826e+01	-7.777021e+01
8.300000e-07	-4.078383e-06	-1.248173e-09	-2.899549e+01	-7.754949e+01
8.400000e-07	-4.048223e-06	-1.245508e-09	-2.878106e+01	-7.733144e+01
8.500000e-07	-4.017824e-06	-1.224810e-09	-2.856494e+01	-7.711562e+01
8.600000e-07	-3.987079e-06	-1.215574e-09	-2.834636e+01	-7.690156e+01
8.700000e-07	-3.956064e-06	-1.221496e-09	-2.812585e+01	-7.668876e+01
8.800000e-07	-3.924867e-06	-1.226549e-09	-2.790406e+01	-7.647670e+01
8.900000e-07	-3.893390e-06	-1.213492e-09	-2.768027e+01	-7.626484e+01
9.000000e-07	-3.861702e-06	-1.197746e-09	-2.745498e+01	-7.605263e+01
9.100000e-07	-3.829836e-06	-1.195815e-09	-2.722843e+01	-7.583954e+01
9.200000e-07	-3.797814e-06	-1.199452e-09	-2.700077e+01	-7.562502e+01
9.300000e-07	-3.765509e-06	-1.197058e-09	-2.677110e+01	-7.540854e+01
9.400000e-07	-3.732867e-06	-1.191308e-09	-2.653902e+01	-7.518958e+01
9.500000e-07	-3.699989e-06	-1.196869e-09	-2.630527e+01	-7.496766e+01
9.600000e-07	-3.666773e-06	-1.199295e-09	-2.606913e+01	-7.474230e+01
9.700000e-07	-3.633022e-06	-1.190445e-09	-2.582917e+01	-7.451308e+01
9.800000e-07	-3.598855e-06	-1.166301e-09	-2.558626e+01	-7.427959e+01
9.900000e-07	-3.564371e-06	-1.153236e-09	-2.534109e+01	-7.404148e+01
1.000000e-06	-3.529517e-06	-1.149408e-09	-2.509329e+01	-7.379843e+01
1.010000e-06	-3.494270e-06	-1.155749e-09	-2.484270e+01	-7.355016e+01
1.020000e-06	-3.458664e-06	-1.154619e-09	-2.458956e+01	-7.329646e+01
1.030000e-06	-3.422872e-06	-1.157532e-09	-2.433510e+01	-7.303714e+01
1.040000e-06	-3.387007e-06	-1.157864e-09	-2.408011e+01	-7.277207e+01
1.050000e-06	-3.351044e-06	-1.155997e-09	-2.382443e+01	-7.250117e+01
1.060000e-06	-3.314899e-06	-1.136414e-09	-2.356745e+01	-7.222440e+01
1.070000e-06	-3.278535e-06	-1.117178e-09	-2.330892e+01	-7.194177e+01
1.080000e-06	-3.241931e-06	-1.104093e-09	-2.304869e+01	-7.165335e+01
1.090000e-06	-3.205168e-06	-1.106796e-09	-2.278732e+01	-7.135921e+01
1.100000e-06	-3.168217e-06	-1.110343e-09	-2.252461e+01	-7.105950e+01
1.110000e-06	-3.130952e-06	-1.111244e-09	-2.225967e+01	-7.075438e+01
1.120000e-06	-3.093414e-06	-1.106876e-09	-2.199280e+01	-7.044407e+01
1.130000e-06	-3.055766e-06	-1.107393e-09	-2.172513e+01	-7.012877e+01
1.140000e-06	-3.017946e-06	-1.100609e-09	-2.145625e+01	-6.980876e+01
1.150000e-06	-2.979866e-06	-1.085722e-09	-2.118552e+01	-6.948430e+01
1.160000e-06	-2.941669e-06	-1.065998e-09	-2.091396e+01	-6.915567e+01
1.170000e-06	-2.903221e-06	-1.055911e-09	-2.064061e+01	-6.882318e+01
1.180000e-06	-2.864471e-06	-1.054348e-09	-2.036512e+01	-6.848712e+01
1.190000e-06	-2.825620e-06	-1.054965e-09	-2.008890e+01	-6.814781e+01
1.200000e-06	-2.786572e-06	-1.054145e-09	-1.981128e+01	-6.780552e+01
1.210000e-06	-2.747227e-06	-1.054781e-09	-1.953156e+01	-6.746057e+01
1.220000e-06	-2.707668e-06	-1.057174e-09	-1.925032e+01	-6.711321e+01
1.230000e-06	-2.667972e-06	-1.053983e-09	-1.896810e+01	-6.676371e+01
1.240000e-06	-2.628209e-06	-1.044545e-09	-1.868540e+01	-6.641232e+01
1.250000e-06	-2.588368e-06	-1.032126e-09	-1.840215e+01	-6.605924e+01
1.260000e-06	-2.548392e-06	-1.027905e-09	-1.811793e+01	-6.570466e+01
1.270000e-06	-2.508285e-06	-1.025983e-09	-1.783279e+01	-6.534875e+01
1.280000e-06	-2.468101e-06	-1.024259e-09	-1.754710e+01	-6.499162e+01
1.290000e-06	-2.427845e-06	-1.016900e-09	-1.726090e+01	-6.463336e+01
1.300000e-06	-2.387470e-06	-1.012247e-09	-1.697385e+01	-6.427405e+01
1.310000e-06	-2.346901e-06	-1.006462e-09	-1.668542e+01	-6.391368e+01
1.320000e-06	-2.306054e-06	-1.000237e-09	-1.639502e+01	-6.355225e+01
1.330000e-06	-2.264940e-06	-9.896259e-10	-1.610271e+01	-6.318971e+01
1.340000e-06	-2.223631e-06	-9.826570e-10	-1.580903e+01	-6.282595e+01
1.350000e-06	-2.182046e-06	-9.784908e-10	-1.551338e+01	-6.246085e+01
1.360000e-06	-2.140198e-06	-9.761966e-10	-1.521586e+01	-6.209426e+01
1.370000e-06	-2.097997e-06	-9.691674e-10	-1.491583e+01	-6.172597e+01
1.380000e-06	-2.055390e-06	-9.625813e-10	-1.461291e+01	-6.135575e+01
1.390000e-06	-2.012592e-06	-9.562461e-10	-1.430863e+01	-6.098335e+01
1.400000e-06	-1.969635e-06	-9.510348e-10	-1.400323e+01	-6.060847e+01
1.410000e-06	-1.926516e-06	-9.425302e-10	-1.369667e+01	-6.023081e+01
1.420000e-06	-1.883199e-06	-9.352045e-10	-1.338871e+01	-5.985002e+01
1.430000e-06	-1.839652e-06	-9.324891e-10	-1.307910e+01	-5.946576e+01
1.440000e-06	-1.795974e-06	-9.338270e-10	-1.276857e+01	-5.907764e+01
1.450000e-06	-1.752211e-06	-9.307916e-10	-1.245744e+01	-5.868527e+01
1.460000e-06	-1.708393e-06	-9.248454e-10	-1.214591e+01	-5.828825e+01
1.470000e-06	-1.664517e-06	-9.174402e-10	-1.183397e+01	-5.788617e+01
1.480000e-06	-1.620564e-06	-9.091004e-10	-1.152149e+01	-5.747860e+01
1.490000e-06	-1.576557e-06	-9.010602e-10	-1.120862e+01	-5.706511e+01
1.500000e-06	-1.532537e-06	-8.944395e-10	-1.089565e+01	-5.664528e+01
1.510000e-06	-1.488460e-06	-8.900469e-10	-1.058229e+01	-5.621866e+01
1.520000e-06	-1.444298e-06	-8.840149e-10	-1.026832e+01	-5.578482e+01
1.530000e-06	-1.400086e-06	-8.742378e-10	-9.953988e+00	-5.534333e+01
1.540000e-06	-1.355765e-06	-8.628784e-10	-9.638887e+00	-5.489374e+01
1.550000e-06	-1.311420e-06	-8.524790e-10	-9.323612e+00	-5.443564e+01
1.560000e-06	-1.266991e-06	-8.427538e-10	-9.007739e+00	-5.396859e+01
1.570000e-06	-1.222439e-06	-8.359787e-10	-8.690999e+00	-5.349216e+01
1.580000e-06	-1.177841e-06	-8.285762e-10	-8.373923e+00	-5.300594e+01
1.590000e-06	-1.133054e-06	-8.231317e-10	-8.055508e+00	-5.250949e+01
1.600000e-06	-1.088200e-06	-8.178409e-10	-7.736617e+00	-5.200239e+01
1.610000e-06	-1.043261e-06	-8.102246e-10	-7.417120e+00	-5.148423e+01
1.620000e-06	-9.981698e-07	-7.971467e-10	-7.096543e+00	-5.095458e+01
1.630000e-06	-9.530428e-07	-7.834743e-10	-6.775710e+00	-5.041301e+01
1.640000e-06	-9.079020e-07	-7.726207e-10	-6.454779e+00	-4.985909e+01
1.650000e-06	-8.627449e-07	-7.628051e-10	-6.133732e+00	-4.929239e+01
1.660000e-06	-8.173957e-07	-7.496621e-10	-5.811320e+00	-4.871245e+01
1.670000e-06	-7.719948e-07	-7.407681e-10	-5.488539e+00	-4.811883e+01
1.680000e-06	-7.266495e-07	-7.332693e-10	-5.166154e+00	-4.751105e+01
1.690000e-06	-6.812094e-07	-7.241324e-10	-4.843096e+00	-4.688864e+01
1.700000e-06	-6.357064e-07	-7.099106e-10	-4.519590e+00	-4.625110e+01
1.710000e-06	-5.902405e-07	-6.964904e-10	-4.196347e+00	-4.559793e+01
1.720000e-06	-5.447469e-07	-6.874816e-10	-3.872908e+00	-4.492860e+01
1.730000e-06	-4.990865e-07	-6.805676e-10	-3.548283e+00	-4.424255e+01
1.740000e-06	-4.533849e-07	-6.698861e-10	-3.223365e+00	-4.353923e+01
1.750000e-06	-4.076759e-07	-6.570129e-10	-2.898394e+00	-4.281806e+01
1.760000e-06	-3.619396e-07	-6.444619e-10	-2.573229e+00	-4.207842e+01
1.770000e-06	-3.161686e-07	-6.312846e-10	-2.247818e+00	-4.131972e+01
1.780000e-06	-2.703562e-07	-6.153746e-10	-1.922112e+00	-4.054130e+01
1.790000e-06	-2.245685e-07	-5.972561e-10	-1.596582e+00	-3.974253e+01
1.800000e-06	-1.787918e-07	-5.825755e-10	-1.271130e+00	-3.892273e+01
1.810000e-06	-1.330469e-07	-5.737924e-10	-9.459040e-01	-3.808123e+01
1.820000e-06	-8.725963e-08	-5.661008e-10	-6.203771e-01	-3.721735e+01
1.830000e-06	-4.141110e-08	-5.531640e-10	-2.944145e-01	-3.633040e+01
1.840000e-06	4.413516e-09	-5.368470e-10	3.137813e-02	-3.541970e+01
1.850000e-06	5.016039e-08	-5.226522e-10	3.566181e-01	-3.448456e+01
1.860000e-06	9.592062e-08	-5.109125e-10	6.819529e-01	-3.352431e+01
1.870000e-06	1.417638e-07	-4.955115e-10	1.007877e+00	-3.253830e+01
1.880000e-06	1.875596e-07	-4.786109e-10	1.333465e+00	-3.152587e+01
1.890000e-06	2.333288e-07	-4.619069e-10	1.658864e+00	-3.048642e+01
1.900000e-06	2.791287e-07	-4.465337e-10	1.984481e+00	-2.941937e+01
1.910000e-06	3.249812e-07	-4.302975e-10	2.310472e+00	-2.832417e+01
1.920000e-06	3.707569e-07	-4.118954e-10	2.635916e+00	-2.720032e+01
1.930000e-06	4.164020e-07	-3.927054e-10	2.960433e+00	-2.604738e+01
1.940000e-06	4.620014e-07	-3.747727e-10	3.284624e+00	-2.486495e+01
1.950000e-06	5.075793e-07	-3.557446e-10	3.608663e+00	-2.365271e+01
1.960000e-06	5.531324e-07	-3.369399e-10	3.932525e+00	-2.241040e+01
1.970000e-06	5.985933e-07	-3.173567e-10	4.255732e+00	-2.113785e+01
1.980000e-06	6.440208e-07	-2.958806e-10	4.578701e+00	-1.983496e+01
1.990000e-06	6.895073e-07	-2.735435e-10	4.902090e+00	-1.850173e+01
2.000000e-06	7.349787e-07	-2.532128e-10	5.225372e+00	-1.713824e+01
2.010000e-06	7.803169e-07	-2.327504e-10	5.547706e+00	-1.574468e+01
2.020000e-06	8.255740e-07	-2.114406e-10	5.869464e+00	-1.432135e+01
2.030000e-06	8.708198e-07	-1.881704e-10	6.191141e+00	-1.286863e+01
2.040000e-06	9.159774e-07	-1.654257e-10	6.512192e+00	-1.138703e+01
2.050000e-06	9.610320e-07	-1.434778e-10	6.832510e+00	-9.877177e+00
2.060000e-06	1.006083e-06	-1.187735e-10	7.152800e+00	-8.339792e+00
2.070000e-06	1.051039e-06	-9.294484e-11	7.472421e+00	-6.775722e+00
2.080000e-06	1.095874e-06	-6.927161e-11	7.791175e+00	-5.185926e+00
2.090000e-06	1.140555e-06	-4.662179e-11	8.108839e+00	-3.571474e+00
2.100000e-06	1.185105e-06	-2.201014e-11	8.425572e+00	-1.933549e+00
2.110000e-06	1.229553e-06	4.917994e-12	8.741574e+00	-2.734410e-01
2.120000e-06	1.273867e-06	3.210420e-11	9.056625e+00	1.407454e+00
2.130000e-06	1.318171e-06	5.585786e-11	9.371608e+00	3.107640e+00
2.140000e-06	1.362462e-06	7.898869e-11	9.686496e+00	4.825525e+00
2.150000e-06	1.406682e-06	1.046623e-10	1.000088e+01	6.559426e+00
2.160000e-06	1.450796e-06	1.306910e-10	1.031451e+01	8.307580e+00
2.170000e-06	1.494864e-06	1.561973e-10	1.062782e+01	1.006814e+01
2.180000e-06	1.538915e-06	1.822139e-10	1.094100e+01	1.183921e+01
2.190000e-06	1.582937e-06	2.099928e-10	1.125398e+01	1.361882e+01
2.200000e-06	1.626887e-06	2.387006e-10	1.156644e+01	1.540494e+01
2.210000e-06	1.670791e-06	2.640893e-10	1.187858e+01	1.719551e+01
2.220000e-06	1.714701e-06	2.903924e-10	1.219076e+01	1.898846e+01
2.230000e-06	1.758530e-06	3.209385e-10	1.250237e+01	2.078167e+01
2.240000e-06	1.802227e-06	3.534150e-10	1.281303e+01	2.257301e+01
2.250000e-06	1.845758e-06	3.820739e-10	1.312252e+01	2.436038e+01
2.260000e-06	1.889136e-06	4.073704e-10	1.343091e+01	2.614165e+01
2.270000e-06	1.932303e-06	4.324090e-10	1.373781e+01	2.791474e+01
2.280000e-06	1.975368e-06	4.597617e-10	1.404398e+01	2.967759e+01
2.290000e-06	2.018336e-06	4.860271e-10	1.434947e+01	3.142818e+01
2.300000e-06	2.061001e-06	5.097434e-10	1.465280e+01	3.316456e+01
2.310000e-06	2.103404e-06	5.356473e-10	1.495426e+01	3.488482e+01
2.320000e-06	2.145540e-06	5.641894e-10	1.525383e+01	3.658711e+01
2.330000e-06	2.187464e-06	5.917196e-10	1.555189e+01	3.826968e+01
2.340000e-06	2.228989e-06	6.145815e-10	1.584712e+01	3.993087e+01
2.350000e-06	2.270109e-06	6.356666e-10	1.613947e+01	4.156907e+01
2.360000e-06	2.311048e-06	6.596959e-10	1.643053e+01	4.318282e+01
2.370000e-06	2.351807e-06	6.860926e-10	1.672030e+01	4.477073e+01
2.380000e-06	2.392399e-06	7.122373e-10	1.700889e+01	4.633153e+01
2.390000e-06	2.432771e-06	7.359510e-10	1.729592e+01	4.786406e+01
2.400000e-06	2.472990e-06	7.578289e-10	1.758186e+01	4.936726e+01
2.410000e-06	2.513114e-06	7.803926e-10	1.786712e+01	5.084021e+01
2.420000e-06	2.553129e-06	8.030678e-10	1.815161e+01	5.228209e+01
2.430000e-06	2.593029e-06	8.248454e-10	1.843528e+01	5.369221e+01
2.440000e-06	2.632833e-06	8.452025e-10	1.871827e+01	5.506999e+01
2.450000e-06	2.672572e-06	8.660704e-10	1.900079e+01	5.641495e+01
2.460000e-06	2.712273e-06	8.894829e-10	1.928305e+01	5.772675e+01
2.470000e-06	2.751766e-06	9.097262e-10	1.956383e+01	5.900514e+01
2.480000e-06	2.790926e-06	9.286879e-10	1.984224e+01	6.024997e+01
2.490000e-06	2.829850e-06	9.481771e-10	2.011897e+01	6.146122e+01
2.500000e-06	2.868544e-06	9.660927e-10	2.039407e+01	6.263893e+01
2.510000e-06	2.906995e-06	9.842277e-10	2.066744e+01	6.378325e+01
2.520000e-06	2.945235e-06	1.004125e-09	2.093931e+01	6.489441e+01
2.530000e-06	2.983341e-06	1.026925e-09	2.121023e+01	6.597271e+01
2.540000e-06	3.021255e-06	1.047123e-09	2.147978e+01	6.701853e+01
2.550000e-06	3.058966e-06	1.061744e-09	2.174789e+01	6.803229e+01
2.560000e-06	3.096594e-06	1.071558e-09	2.201541e+01	6.901450e+01
2.570000e-06	3.134066e-06	1.081935e-09	2.228181e+01	6.996568e+01
2.580000e-06	3.171251e-06	1.093703e-09	2.254618e+01	7.088641e+01
2.590000e-06	3.208128e-06	1.106404e-09	2.280836e+01	7.177730e+01
2.600000e-06	3.244733e-06	1.121278e-09	2.306860e+01	7.263899e+01
2.610000e-06	3.281080e-06	1.137181e-09	2.332702e+01	7.347213e+01
2.620000e-06	3.317281e-06	1.152278e-09	2.358439e+01	7.427737e+01
2.630000e-06	3.353373e-06	1.165405e-09	2.384099e+01	7.505540e+01
2.640000e-06	3.389369e-06	1.176676e-09	2.409690e+01	7.580687e+01
2.650000e-06	3.425228e-06	1.184182e-09	2.435185e+01	7.653245e+01
2.660000e-06	3.460915e-06	1.186897e-09	2.460556e+01	7.723279e+01
2.670000e-06	3.496505e-06	1.189526e-09	2.485860e+01	7.790852e+01
2.680000e-06	3.531791e-06	1.194884e-09	2.510946e+01	7.856026e+01
2.690000e-06	3.566669e-06	1.204835e-09	2.535743e+01	7.918861e+01
2.700000e-06	3.601203e-06	1.219734e-09	2.560295e+01	7.979413e+01
2.710000e-06	3.635273e-06	1.234620e-09	2.584518e+01	8.037736e+01
2.720000e-06	3.668896e-06	1.245085e-09	2.608422e+01	8.093883e+01
2.730000e-06	3.702089e-06	1.253118e-09	2.632021e+01	8.147903e+01
2.740000e-06	3.734840e-06	1.257783e-09	2.655305e+01	8.199840e+01
2.750000e-06	3.767286e-06	1.258305e-09	2.678373e+01	8.249740e+01
2.760000e-06	3.799526e-06	1.260430e-09	2.701294e+01	8.297642e+01
2.770000e-06	3.831598e-06	1.266151e-09	2.724096e+01	8.343585e+01
2.780000e-06	3.863522e-06	1.274836e-09	2.746792e+01	8.387605e+01
2.790000e-06	3.895312e-06	1.284838e-09	2.769394e+01	8.429737e+01
2.800000e-06	3.926924e-06	1.291849e-09	2.791868e+01	8.470013e+01
2.810000e-06	3.958251e-06	1.294028e-09	2.814140e+01	8.508465e+01
2.820000e-06	3.989315e-06	1.296280e-09	2.836225e+01	8.545122e+01
2.830000e-06	4.020125e-06	1.301386e-09	2.858130e+01	8.580016e+01
2.840000e-06	4.050510e-06	1.305873e-09	2.879732e+01	8.613175e+01
2.850000e-06	4.080583e-06	1.307321e-09	2.901113e+01	8.644629e+01
2.860000e-06	4.110486e-06	1.309394e-09	2.922373e+01	8.674409e+01
2.870000e-06	4.140133e-06	1.315334e-09	2.943450e+01	8.702547e+01
2.880000e-06	4.169464e-06	1.322730e-09	2.964304e+01	8.729073e+01
2.890000e-06	4.198493e-06	1.325134e-09	2.984941e+01	8.754024e+01
2.900000e-06	4.227261e-06	1.324482e-09	3.005395e+01	8.777434e+01
2.910000e-06	4.255763e-06	1.326106e-09	3.025658e+01	8.799341e+01
2.920000e-06	4.284020e-06	1.330850e-09	3.045747e+01	8.819787e+01
2.930000e-06	4.312070e-06	1.334568e-09	3.065690e+01	8.838813e+01
2.940000e-06	4.339958e-06	1.335384e-09	3.085517e+01	8.856465e+01
2.950000e-06	4.367676e-06	1.337226e-09	3.105223e+01	8.872792e+01
2.960000e-06	4.395145e-06	1.342081e-09	3.124753e+01	8.887844e+01
2.970000e-06	4.422190e-06	1.346088e-09	3.143981e+01	8.901675e+01
2.980000e-06	4.448775e-06	1.347015e-09	3.162881e+01	8.914341e+01
2.990000e-06	4.474832e-06	1.347127e-09	3.181407e+01	8.925900e+01
3.000000e-06	4.500325e-06	1.350004e-09	3.199531e+01	8.936414e+01
3.010000e-06	4.525279e-06	1.352096e-09	3.217272e+01	8.945944e+01
3.020000e-06	4.549724e-06	1.353456e-09	3.234652e+01	8.954556e+01
3.030000e-06	4.573904e-06	1.355309e-09	3.251842e+01	8.962315e+01
3.040000e-06	4.597972e-06	1.356041e-09	3.268953e+01	8.969288e+01
3.050000e-06	4.621826e-06	1.354326e-09	3.285913e+01	8.975542e+01
3.060000e-06	4.645410e-06	1.352674e-09	3.302680e+01	8.981146e+01
3.070000e-06	4.668660e-06	1.355113e-09	3.319209e+01	8.986165e+01
3.080000e-06	4.691515e-06	1.360329e-09	3.335459e+01	8.990666e+01
3.090000e-06	4.714043e-06	1.366071e-09	3.351475e+01	8.994714e+01
3.100000e-06	4.736303e-06	1.366784e-09	3.367300e+01	8.998372e+01
3.110000e-06	4.758324e-06	1.363834e-09	3.382956e+01	9.001700e+01
3.120000e-06	4.780079e-06	1.361645e-09	3.398423e+01	9.004756e+01
3.130000e-06	4.801447e-06	1.360780e-09	3.413615e+01	9.007594e+01
3.140000e-06	4.822332e-06	1.360514e-09	3.428463e+01	9.010263e+01
3.150000e-06	4.842877e-06	1.360571e-09	3.443070e+01	9.012810e+01
3.160000e-06	4.863203e-06	1.362235e-09	3.457521e+01	9.015276e+01
3.170000e-06	4.883334e-06	1.365237e-09	3.471833e+01	9.017697e+01
3.180000e-06	4.903238e-06	1.367149e-09	3.485984e+01	9.020103e+01
3.190000e-06	4.922895e-06	1.365631e-09	3.499959e+01	9.022519e+01
3.200000e-06	4.942323e-06	1.361533e-09	3.513772e+01	9.024963e+01
3.210000e-06	4.961357e-06	1.361406e-09	3.527304e+01	9.027449e+01
3.220000e-06	4.979862e-06	1.360610e-09	3.540460e+01	9.029982e+01
3.230000e-06	4.997899e-06	1.359083e-09	3.553284e+01	9.032564e+01
3.240000e-06	5.015612e-06	1.358215e-09	3.565877e+01	9.035188e+01
3.250000e-06	5.033014e-06	1.360733e-09	3.578249e+01	9.037843e+01
3.260000e-06	5.050100e-06	1.365338e-09	3.590396e+01	9.040511e+01
3.270000e-06	5.066996e-06	1.364894e-09	3.602409e+01	9.043169e+01
3.280000e-06	5.083539e-06	1.362684e-09	3.614170e+01	9.045788e+01
3.290000e-06	5.099504e-06	1.364979e-09	3.625520e+01	9.048336e+01
3.300000e-06	5.114912e-06	1.367325e-09	3.636475e+01	9.050774e+01
3.310000e-06	5.130016e-06	1.365097e-09	3.647213e+01	9.053060e+01
3.320000e-06	5.144798e-06	1.362673e-09	3.657722e+01	9.055150e+01
3.330000e-06	5.159086e-06	1.361999e-09	3.667881e+01	9.056997e+01
3.340000e-06	5.172938e-06	1.361116e-09	3.677729e+01	9.058550e+01
3.350000e-06	5.186451e-06	1.359469e-09	3.687336e+01	9.059759e+01
3.360000e-06	5.199658e-06	1.357034e-09	3.696725e+01	9.060571e+01
3.370000e-06	5.212431e-06	1.354499e-09	3.705806e+01	9.060935e+01
3.380000e-06	5.224775e-06	1.354235e-09	3.714582e+01	9.060800e+01
3.390000e-06	5.236850e-06	1.356288e-09	3.723167e+01	9.060116e+01
3.400000e-06	5.248645e-06	1.357942e-09	3.731553e+01	9.058837e+01
3.410000e-06	5.260005e-06	1.355668e-09	3.739629e+01	9.056918e+01
3.420000e-06	5.270869e-06	1.352086e-09	3.747353e+01	9.054319e+01
3.430000e-06	5.281082e-06	1.349723e-09	3.754614e+01	9.051003e+01
3.440000e-06	5.290549e-06	1.347782e-09	3.761345e+01	9.046939e+01
3.450000e-06	5.299456e-06	1.345018e-09	3.767677e+01	9.042101e+01
3.460000e-06	5.307975e-06	1.343366e-09	3.773734e+01	9.036469e+01
3.470000e-06	5.316196e-06	1.343821e-09	3.779579e+01	9.030031e+01
3.480000e-06	5.324225e-06	1.346625e-09	3.785287e+01	9.022779e+01
3.490000e-06	5.332029e-06	1.349509e-09	3.790836e+01	9.014715e+01
3.500000e-06	5.339518e-06	1.349627e-09	3.796159e+01	9.005847e+01
3.510000e-06	5.346623e-06	1.346570e-09	3.801211e+01	8.996190e+01
3.520000e-06	5.353323e-06	1.344493e-09	3.805974e+01	8.985769e+01
3.530000e-06	5.359760e-06	1.342406e-09	3.810551e+01	8.974613e+01
3.540000e-06	5.365853e-06	1.339475e-09	3.814883e+01	8.962761e+01
3.550000e-06	5.371482e-06	1.336442e-09	3.818884e+01	8.950260e+01
3.560000e-06	5.376640e-06	1.335913e-09	3.822552e+01	8.937162e+01
3.570000e-06	5.381341e-06	1.337647e-09	3.825894e+01	8.923527e+01
3.580000e-06	5.385717e-06	1.338151e-09	3.829005e+01	8.909421e+01
3.590000e-06	5.389879e-06	1.338298e-09	3.831964e+01	8.894915e+01
3.600000e-06	5.393864e-06	1.339235e-09	3.834797e+01	8.880086e+01
3.610000e-06	5.397638e-06	1.340152e-09	3.837480e+01	8.865016e+01
3.620000e-06	5.401079e-06	1.338133e-09	3.839927e+01	8.849788e+01
3.630000e-06	5.404041e-06	1.332843e-09	3.842032e+01	8.834492e+01
3.640000e-06	5.406284e-06	1.329705e-09	3.843627e+01	8.819217e+01
3.650000e-06	5.407803e-06	1.331001e-09	3.844707e+01	8.804054e+01
3.660000e-06	5.408828e-06	1.337009e-09	3.845436e+01	8.789096e+01
3.670000e-06	5.409386e-06	1.343566e-09	3.845833e+01	8.774434e+01
3.680000e-06	5.409603e-06	1.346221e-09	3.845987e+01	8.760156e+01
3.690000e-06	5.409621e-06	1.346477e-09	3.846000e+01	8.746352e+01
3.700000e-06	5.409400e-06	1.346062e-09	3.845843e+01	8.733106e+01
3.710000e-06	5.408931e-06	1.344839e-09	3.845509e+01	8.720497e+01
3.720000e-06	5.408048e-06	1.339585e-09	3.844882e+01	8.708600e+01
3.730000e-06	5.406738e-06	1.332872e-09	3.843950e+01	8.697487e+01
3.740000e-06	5.405101e-06	1.330399e-09	3.842786e+01	8.687218e+01
3.750000e-06	5.403119e-06	1.337091e-09	3.841377e+01	8.677850e+01
3.760000e-06	5.400896e-06	1.344498e-09	3.839796e+01	8.669432e+01
3.770000e-06	5.398371e-06	1.287325e-09	3.838002e+01	8.662001e+01
3.780000e-06	5.395384e-06	1.215643e-09	3.835878e+01	8.655588e+01
3.790000e-06	5.391887e-06	1.295357e-09	3.833392e+01	8.650215e+01
3.800000e-06	5.387983e-06	1.375570e-09	3.830616e+01	8.645893e+01
3.810000e-06	5.383909e-06	1.319451e-09	3.827720e+01	8.642622e+01
3.820000e-06	5.379818e-06	1.221355e-09	3.824811e+01	8.640395e+01
3.830000e-06	5.375388e-06	1.247467e-09	3.821661e+01	8.639192e+01
3.840000e-06	5.370119e-06	1.385128e-09	3.817916e+01	8.638985e+01
3.850000e-06	5.364158e-06	1.270000e-09	3.813678e+01	8.639734e+01
3.860000e-06	5.358165e-06	1.153857e-09	3.809417e+01	8.641392e+01
3.870000e-06	5.351843e-06	1.242192e-09	3.804922e+01	8.643900e+01
3.880000e-06	5.344664e-06	1.386296e-09	3.799818e+01	8.647193e+01
3.890000e-06	5.336963e-06	1.287995e-09	3.794343e+01	8.651196e+01
3.900000e-06	5.329110e-06	1.171431e-09	3.788760e+01	8.655825e+01
3.910000e-06	5.321038e-06	1.319429e-09	3.783021e+01	8.660993e+01
3.920000e-06	5.312465e-06	1.345316e-09	3.776926e+01	8.666604e+01
3.930000e-06	5.303472e-06	1.178927e-09	3.770532e+01	8.672556e+01
3.940000e-06	5.294280e-06	1.122632e-09	3.763998e+01	8.678745e+01
3.950000e-06	5.284817e-06	1.358751e-09	3.757270e+01	8.685061e+01
3.960000e-06	5.274903e-06	1.348436e-09	3.750221e+01	8.691393e+01
3.970000e-06	5.264640e-06	1.182883e-09	3.742925e+01	8.697628e+01
3.980000e-06	5.254023e-06	1.244856e-09	3.735377e+01	8.703651e+01
3.990000e-06	5.242901e-06	1.439566e-09	3.727469e+01	8.709351e+01
4.000000e-06	5.231410e-06	1.332284e-09	3.719300e+01	8.714614e+01
4.010000e-06	5.219657e-06	1.204121e-09	3.710944e+01	8.719332e+01
4.020000e-06	5.207466e-06	1.356205e-09	3.702277e+01	8.723397e+01
4.030000e-06	5.194766e-06	1.456103e-09	3.693248e+01	8.726709e+01
4.040000e-06	5.181673e-06	1.290408e-09	3.683939e+01	8.729169e+01
4.050000e-06	5.168090e-06	1.253611e-09	3.674282e+01	8.730688e+01
4.060000e-06	5.153687e-06	1.381526e-09	3.664042e+01	8.731181e+01
4.070000e-06	5.138614e-06	1.376008e-09	3.653326e+01	8.730572e+01
4.080000e-06	5.123179e-06	1.285780e-09	3.642352e+01	8.728791e+01
4.090000e-06	5.107475e-06	1.317897e-09	3.631187e+01	8.725780e+01
4.100000e-06	5.091540e-06	1.341294e-09	3.619858e+01	8.721487e+01
4.110000e-06	5.075396e-06	1.301178e-09	3.608380e+01	8.715870e+01
4.120000e-06	5.058904e-06	1.336626e-09	3.596655e+01	8.708899e+01
4.130000e-06	5.041934e-06	1.328091e-09	3.584591e+01	8.700550e+01
4.140000e-06	5.024576e-06	1.262875e-09	3.572250e+01	8.690813e+01
4.150000e-06	5.006856e-06	1.272753e-09	3.559652e+01	8.679685e+01
4.160000e-06	4.988829e-06	1.357545e-09	3.546835e+01	8.667175e+01
4.170000e-06	4.970571e-06	1.315893e-09	3.533855e+01	8.653299e+01
4.180000e-06	4.952012e-06	1.274911e-09	3.520660e+01	8.638084e+01
4.190000e-06	4.933023e-06	1.290924e-09	3.507159e+01	8.621566e+01
4.200000e-06	4.913681e-06	1.323799e-09	3.493409e+01	8.603790e+01
4.210000e-06	4.894096e-06	1.292678e-09	3.479485e+01	8.584808e+01
4.220000e-06	4.874282e-06	1.277491e-09	3.465398e+01	8.564678e+01
4.230000e-06	4.854284e-06	1.264092e-09	3.451180e+01	8.543467e+01
4.240000e-06	4.834059e-06	1.297794e-09	3.436801e+01	8.521246e+01
4.250000e-06	4.813515e-06	1.310724e-09	3.422195e+01	8.498093e+01
4.260000e-06	4.792555e-06	1.290062e-09	3.407293e+01	8.474089e+01
4.270000e-06	4.770900e-06	1.261622e-09	3.391898e+01	8.449318e+01
4.280000e-06	4.748606e-06	1.285465e-09	3.376047e+01	8.423867e+01
4.290000e-06	4.725873e-06	1.286979e-09	3.359886e+01	8.397826e+01
4.300000e-06	4.702713e-06	1.266865e-09	3.343420e+01	8.371282e+01
4.310000e-06	4.679144e-06	1.243811e-09	3.326663e+01	8.344326e+01
4.320000e-06	4.655296e-06	1.249471e-09	3.309709e+01	8.317046e+01
4.330000e-06	4.631299e-06	1.264329e-09	3.292647e+01	8.289528e+01
4.340000e-06	4.607131e-06	1.261490e-09	3.275465e+01	8.261856e+01
4.350000e-06	4.582624e-06	1.226009e-09	3.258042e+01	8.234111e+01
4.360000e-06	4.557750e-06	1.218064e-09	3.240358e+01	8.206368e+01
4.370000e-06	4.532604e-06	1.241089e-09	3.222479e+01	8.178698e+01
4.380000e-06	4.507086e-06	1.242349e-09	3.204338e+01	8.151169e+01
4.390000e-06	4.481247e-06	1.219442e-09	3.185967e+01	8.123839e+01
4.400000e-06	4.455175e-06	1.207061e-09	3.167431e+01	8.096763e+01
4.410000e-06	4.428725e-06	1.221106e-09	3.148627e+01	8.069988e+01
4.420000e-06	4.401942e-06	1.227598e-09	3.129585e+01	8.043553e+01
4.430000e-06	4.374900e-06	1.212588e-09	3.110359e+01	8.017492e+01
4.440000e-06	4.347568e-06	1.187657e-09	3.090928e+01	7.991829e+01
4.450000e-06	4.320008e-06	1.197506e-09	3.071334e+01	7.966582e+01
4.460000e-06	4.292264e-06	1.208295e-09	3.051608e+01	7.941762e+01
4.470000e-06	4.264338e-06	1.203880e-09	3.031755e+01	7.917372e+01
4.480000e-06	4.236154e-06	1.187338e-09	3.011717e+01	7.893407e+01
4.490000e-06	4.207740e-06	1.193228e-09	2.991516e+01	7.869858e+01
4.500000e-06	4.179014e-06	1.198330e-09	2.971093e+01	7.846705e+01
4.510000e-06	4.149877e-06	1.198797e-09	2.950378e+01	7.823926e+01
4.520000e-06	4.120257e-06	1.182415e-09	2.929320e+01	7.801492e+01
4.530000e-06	4.090113e-06	1.182616e-09	2.907888e+01	7.779367e+01
4.540000e-06	4.059476e-06	1.190759e-09	2.886107e+01	7.757512e+01
4.550000e-06	4.028388e-06	1.197241e-09	2.864004e+01	7.735884e+01
4.560000e-06	3.996978e-06	1.181922e-09	2.841674e+01	7.714436e+01
4.570000e-06	3.965294e-06	1.173590e-09	2.819148e+01	7.693119e+01
4.580000e-06	3.933451e-06	1.172194e-09	2.796508e+01	7.671879e+01
4.590000e-06	3.901500e-06	1.178104e-09	2.773793e+01	7.650664e+01
4.600000e-06	3.869392e-06	1.170332e-09	2.750966e+01	7.629420e+01
4.610000e-06	3.837045e-06	1.160337e-09	2.727968e+01	7.608091e+01
4.620000e-06	3.804364e-06	1.159313e-09	2.704733e+01	7.586624e+01
4.630000e-06	3.771381e-06	1.166157e-09	2.681284e+01	7.564965e+01
4.640000e-06	3.738191e-06	1.157817e-09	2.657688e+01	7.543063e+01
4.650000e-06	3.704788e-06	1.141006e-09	2.633940e+01	7.520868e+01
4.660000e-06	3.671125e-06	1.135240e-09	2.610006e+01	7.498333e+01
4.670000e-06	3.637184e-06	1.140265e-09	2.585876e+01	7.475416e+01
4.680000e-06	3.602981e-06	1.139311e-09	2.561559e+01	7.452075e+01
4.690000e-06	3.568629e-06	1.127479e-09	2.537136e+01	7.428274e+01
4.700000e-06	3.534054e-06	1.122796e-09	2.512555e+01	7.403982e+01
4.710000e-06	3.499115e-06	1.125169e-09	2.487715e+01	7.379171e+01
4.720000e-06	3.463775e-06	1.124937e-09	2.462590e+01	7.353818e+01
4.730000e-06	3.428199e-06	1.112277e-09	2.437297e+01	7.327904e+01
4.740000e-06	3.392550e-06	1.103849e-09	2.411952e+01	7.301416e+01
4.750000e-06	3.356750e-06	1.099924e-09	2.386500e+01	7.274346e+01
4.760000e-06	3.320812e-06	1.098038e-09	2.360949e+01	7.246689e+01
4.770000e-06	3.284800e-06	1.088783e-09	2.335347e+01	7.218446e+01
4.780000e-06	3.248649e-06	1.081558e-09	2.309645e+01	7.189622e+01
4.790000e-06	3.212337e-06	1.076030e-09	2.283829e+01	7.160226e+01
4.800000e-06	3.175796e-06	1.075699e-09	2.257850e+01	7.130272e+01
4.810000e-06	3.138942e-06	1.068578e-09	2.231648e+01	7.099776e+01
4.820000e-06	3.101687e-06	1.061737e-09	2.205161e+01	7.068757e+01
4.830000e-06	3.063980e-06	1.057207e-09	2.178353e+01	7.037239e+01
4.840000e-06	3.025848e-06	1.059726e-09	2.151243e+01	7.005247e+01
4.850000e-06	2.987487e-06	1.056826e-09	2.123970e+01	6.972808e+01
4.860000e-06	2.948887e-06	1.050443e-09	2.096527e+01	6.939950e+01
4.870000e-06	2.909822e-06	1.045556e-09	2.068754e+01	6.906703e+01
4.880000e-06	2.870436e-06	1.044925e-09	2.040752e+01	6.873097e+01
4.890000e-06	2.830889e-06	1.037290e-09	2.012636e+01	6.839162e+01
4.900000e-06	2.791185e-06	1.028746e-09	1.984408e+01	6.804928e+01
4.910000e-06	2.751368e-06	1.024424e-09	1.956100e+01	6.770424e+01
4.920000e-06	2.711454e-06	1.025937e-09	1.927723e+01	6.735679e+01
4.930000e-06	2.671380e-06	1.026564e-09	1.899232e+01	6.700717e+01
4.940000e-06	2.631246e-06	1.023585e-09	1.870698e+01	6.665563e+01
4.950000e-06	2.590957e-06	1.017071e-09	1.842055e+01	6.630240e+01
4.960000e-06	2.550429e-06	1.009952e-09	1.813242e+01	6.594765e+01
4.970000e-06	2.509693e-06	1.003589e-09	1.784280e+01	6.559155e+01
4.980000e-06	2.468790e-06	9.966914e-10	1.755200e+01	6.523422e+01
4.990000e-06	2.427819e-06	9.917635e-10	1.726071e+01	6.487577e+01
5.000000e-06	2.386659e-06	9.896235e-10	1.696808e+01	6.451625e+01
5.010000e-06	2.345377e-06	9.873684e-10	1.667459e+01	6.415568e+01
5.020000e-06	2.303982e-06	9.805581e-10	1.638029e+01	6.379405e+01
5.030000e-06	2.262261e-06	9.748925e-10	1.608367e+01	6.343131e+01
5.040000e-06	2.220357e-06	9.692619e-10	1.578575e+01	6.306736e+01
5.050000e-06	2.178368e-06	9.639685e-10	1.548723e+01	6.270210e+01
5.060000e-06	2.136280e-06	9.560145e-10	1.518800e+01	6.233534e+01
5.070000e-06	2.094086e-06	9.507214e-10	1.488802e+01	6.196691e+01
5.080000e-06	2.051728e-06	9.465076e-10	1.458687e+01	6.159657e+01
5.090000e-06	2.009306e-06	9.444520e-10	1.428527e+01	6.122407e+01
5.100000e-06	1.966787e-06	9.401151e-10	1.398298e+01	6.084912e+01
5.110000e-06	1.924053e-06	9.360263e-10	1.367916e+01	6.047141e+01
5.120000e-06	1.881072e-06	9.323531e-10	1.337358e+01	6.009061e+01
5.130000e-06	1.837898e-06	9.286235e-10	1.306664e+01	5.970636e+01
5.140000e-06	1.794594e-06	9.230481e-10	1.275877e+01	5.931828e+01
5.150000e-06	1.751170e-06	9.167916e-10	1.245004e+01	5.892599e+01
5.160000e-06	1.707679e-06	9.091155e-10	1.214084e+01	5.852909e+01
5.170000e-06	1.664086e-06	9.016591e-10	1.183091e+01	5.812715e+01
5.180000e-06	1.620359e-06	8.940946e-10	1.152003e+01	5.771976e+01
5.190000e-06	1.576544e-06	8.869442e-10	1.120853e+01	5.730650e+01
5.200000e-06	1.532649e-06	8.822353e-10	1.089645e+01	5.688692e+01
5.210000e-06	1.488740e-06	8.783607e-10	1.058428e+01	5.646059e+01
5.220000e-06	1.444794e-06	8.696947e-10	1.027184e+01	5.602708e+01
5.230000e-06	1.400786e-06	8.624885e-10	9.958965e+00	5.558595e+01
5.240000e-06	1.356709e-06	8.561767e-10	9.645595e+00	5.513676e+01
5.250000e-06	1.312586e-06	8.496253e-10	9.331904e+00	5.467910e+01
5.260000e-06	1.268465e-06	8.438878e-10	9.018223e+00	5.421252e+01
5.270000e-06	1.224313e-06	8.391887e-10	8.704320e+00	5.373660e+01
5.280000e-06	1.180110e-06	8.326010e-10	8.390059e+00	5.325091e+01
5.290000e-06	1.135865e-06	8.237500e-10	8.075495e+00	5.275504e+01
5.300000e-06	1.091568e-06	8.136092e-10	7.760563e+00	5.224856e+01
5.310000e-06	1.047175e-06	8.031985e-10	7.444948e+00	5.173105e+01
5.320000e-06	1.002707e-06	7.949031e-10	7.128797e+00	5.120208e+01
5.330000e-06	9.581724e-07	7.859553e-10	6.812179e+00	5.066122e+01
5.340000e-06	9.135173e-07	7.774833e-10	6.494701e+00	5.010806e+01
5.350000e-06	8.688761e-07	7.692279e-10	6.177323e+00	4.954215e+01
5.360000e-06	8.241602e-07	7.606729e-10	5.859412e+00	4.896304e+01
5.370000e-06	7.793349e-07	7.507700e-10	5.540724e+00	4.837028e+01
5.380000e-06	7.345169e-07	7.383661e-10	5.222088e+00	4.776341e+01
5.390000e-06	6.896450e-07	7.256658e-10	4.903069e+00	4.714195e+01
5.400000e-06	6.447898e-07	7.166074e-10	4.584168e+00	4.650540e+01
5.410000e-06	5.998506e-07	7.099623e-10	4.264671e+00	4.585326e+01
5.420000e-06	5.547695e-07	7.011572e-10	3.944164e+00	4.518500e+01
5.430000e-06	5.096084e-07	6.895609e-10	3.623089e+00	4.450008e+01
5.440000e-06	4.644965e-07	6.793630e-10	3.302364e+00	4.379793e+01
5.450000e-06	4.193641e-07	6.683950e-10	2.981492e+00	4.307798e+01
5.460000e-06	3.741401e-07	6.553063e-10	2.659969e+00	4.233962e+01
5.470000e-06	3.288168e-07	6.398940e-10	2.337741e+00	4.158223e+01
5.480000e-06	2.833867e-07	6.295606e-10	2.014754e+00	4.080519e+01
5.490000e-06	2.379920e-07	6.245739e-10	1.692017e+00	4.000785e+01
5.500000e-06	1.926511e-07	6.178325e-10	1.369663e+00	3.918953e+01
5.510000e-06	1.472912e-07	6.036001e-10	1.047175e+00	3.834958e+01
5.520000e-06	1.018641e-07	5.879375e-10	7.242082e-01	3.748730e+01
5.530000e-06	5.647294e-08	5.741954e-10	4.014974e-01	3.660201e+01
5.540000e-06	1.119109e-08	5.610413e-10	7.956366e-02	3.569302e+01
5.550000e-06	-3.411439e-08	5.455227e-10	-2.425381e-01	3.475966e+01
5.560000e-06	-7.953259e-08	5.323088e-10	-5.654414e-01	3.380123e+01
5.570000e-06	-1.250421e-07	5.239154e-10	-8.889936e-01	3.281710e+01
5.580000e-06	-1.706100e-07	5.156965e-10	-1.212961e+00	3.180661e+01
5.590000e-06	-2.161237e-07	5.016187e-10	-1.536543e+00	3.076914e+01
5.600000e-06	-2.614906e-07	4.810755e-10	-1.859082e+00	2.970412e+01
5.610000e-06	-3.067766e-07	4.605121e-10	-2.181045e+00	2.861100e+01
5.620000e-06	-3.520534e-07	4.429352e-10	-2.502943e+00	2.748926e+01
5.630000e-06	-3.973484e-07	4.248616e-10	-2.824970e+00	2.633847e+01
5.640000e-06	-4.426008e-07	4.080184e-10	-3.146694e+00	2.515822e+01
5.650000e-06	-4.877273e-07	3.948540e-10	-3.467524e+00	2.394818e+01
5.660000e-06	-5.328283e-07	3.820066e-10	-3.788172e+00	2.270810e+01
5.670000e-06	-5.779254e-07	3.661765e-10	-4.108792e+00	2.143778e+01
5.680000e-06	-6.229605e-07	3.438073e-10	-4.428972e+00	2.013713e+01
5.690000e-06	-6.678501e-07	3.167395e-10	-4.748117e+00	1.880613e+01
5.700000e-06	-7.126935e-07	2.909101e-10	-5.066934e+00	1.744487e+01
5.710000e-06	-7.574286e-07	2.697918e-10	-5.384980e+00	1.605352e+01
5.720000e-06	-8.020194e-07	2.516093e-10	-5.702001e+00	1.463236e+01
5.730000e-06	-8.466067e-07	2.364919e-10	-6.018997e+00	1.318178e+01
5.740000e-06	-8.911687e-07	2.216421e-10	-6.335813e+00	1.170228e+01
5.750000e-06	-9.356611e-07	2.033990e-10	-6.652134e+00	1.019446e+01
5.760000e-06	-9.800870e-07	1.768229e-10	-6.967982e+00	8.659047e+00
5.770000e-06	-1.024436e-06	1.435160e-10	-7.283283e+00	7.096876e+00
5.780000e-06	-1.068719e-06	1.103997e-10	-7.598113e+00	5.508893e+00
5.790000e-06	-1.112925e-06	8.135468e-11	-7.912399e+00	3.896161e+00
5.800000e-06	-1.157059e-06	5.496507e-11	-8.226176e+00	2.259853e+00
5.810000e-06	-1.201156e-06	3.224527e-11	-8.539687e+00	6.012511e-01
5.820000e-06	-1.245169e-06	1.298639e-11	-8.852599e+00	-1.078259e+00
5.830000e-06	-1.289183e-06	-6.271866e-12	-9.165519e+00	-2.777187e+00
5.840000e-06	-1.333175e-06	-3.142821e-11	-9.478283e+00	-4.493951e+00
5.850000e-06	-1.377153e-06	-6.194102e-11	-9.790946e+00	-6.226875e+00
5.860000e-06	-1.421121e-06	-9.228944e-11	-1.010354e+01	-7.974201e+00
5.870000e-06	-1.465022e-06	-1.227890e-10	-1.041565e+01	-9.734095e+00
5.880000e-06	-1.508835e-06	-1.537229e-10	-1.072715e+01	-1.150465e+01
5.890000e-06	-1.552564e-06	-1.810839e-10	-1.103804e+01	-1.328391e+01
5.900000e-06	-1.596264e-06	-2.029209e-10	-1.134873e+01	-1.506986e+01
5.910000e-06	-1.639923e-06	-2.228816e-10	-1.165912e+01	-1.686044e+01
5.920000e-06	-1.683456e-06	-2.452063e-10	-1.196862e+01	-1.865356e+01
5.930000e-06	-1.726856e-06	-2.717129e-10	-1.227718e+01	-2.044711e+01
5.940000e-06	-1.770133e-06	-3.011562e-10	-1.258485e+01	-2.223899e+01
5.950000e-06	-1.813280e-06	-3.316828e-10	-1.289161e+01	-2.402705e+01
5.960000e-06	-1.856215e-06	-3.616944e-10	-1.319687e+01	-2.580920e+01
5.970000e-06	-1.899002e-06	-3.903256e-10	-1.350106e+01	-2.758334e+01
5.980000e-06	-1.941761e-06	-4.184395e-10	-1.380506e+01	-2.934741e+01
5.990000e-06	-1.984354e-06	-4.452287e-10	-1.410788e+01	-3.109940e+01
6.000000e-06	-2.026740e-06	-4.709964e-10	-1.440922e+01	-3.283733e+01
6.010000e-06	-2.068965e-06	-4.962665e-10	-1.470942e+01	-3.455929e+01
6.020000e-06	-2.111054e-06	-5.217313e-10	-1.500865e+01	-3.626344e+01
6.030000e-06	-2.153032e-06	-5.492014e-10	-1.530710e+01	-3.794801e+01
6.040000e-06	-2.194933e-06	-5.771222e-10	-1.560500e+01	-3.961133e+01
6.050000e-06	-2.236680e-06	-6.010546e-10	-1.590180e+01	-4.125180e+01
6.060000e-06	-2.278247e-06	-6.233475e-10	-1.619732e+01	-4.286793e+01
6.070000e-06	-2.319633e-06	-6.504736e-10	-1.649156e+01	-4.445834e+01
6.080000e-06	-2.360829e-06	-6.781567e-10	-1.678445e+01	-4.602173e+01
6.090000e-06	-2.401859e-06	-7.011986e-10	-1.707615e+01	-4.755694e+01
6.100000e-06	-2.442652e-06	-7.211968e-10	-1.736617e+01	-4.906292e+01
6.110000e-06	-2.483232e-06	-7.443195e-10	-1.765467e+01	-5.053871e+01
6.120000e-06	-2.523650e-06	-7.699001e-10	-1.794203e+01	-5.198351e+01
6.130000e-06	-2.563928e-06	-7.905190e-10	-1.822839e+01	-5.339659e+01
6.140000e-06	-2.604095e-06	-8.060902e-10	-1.851395e+01	-5.477737e+01
6.150000e-06	-2.644212e-06	-8.239929e-10	-1.879917e+01	-5.612537e+01
6.160000e-06	-2.684274e-06	-8.461429e-10	-1.908399e+01	-5.744023e+01
6.170000e-06	-2.724198e-06	-8.679498e-10	-1.936783e+01	-5.872170e+01
6.180000e-06	-2.764009e-06	-8.867348e-10	-1.965087e+01	-5.996963e+01
6.190000e-06	-2.803716e-06	-9.046678e-10	-1.993317e+01	-6.118397e+01
6.200000e-06	-2.843313e-06	-9.227671e-10	-2.021469e+01	-6.236476e+01
6.210000e-06	-2.882677e-06	-9.379202e-10	-2.049455e+01	-6.351215e+01
6.220000e-06	-2.921770e-06	-9.510421e-10	-2.077248e+01	-6.462635e+01
6.230000e-06	-2.960579e-06	-9.651867e-10	-2.104840e+01	-6.570767e+01
6.240000e-06	-2.999065e-06	-9.823792e-10	-2.132202e+01	-6.675646e+01
6.250000e-06	-3.037166e-06	-1.001291e-09	-2.159290e+01	-6.777317e+01
6.260000e-06	-3.074782e-06	-1.017742e-09	-2.186033e+01	-6.875828e+01
6.270000e-06	-3.112046e-06	-1.031050e-09	-2.212526e+01	-6.971231e+01
6.280000e-06	-3.148983e-06	-1.043320e-09	-2.238787e+01	-7.063585e+01
6.290000e-06	-3.185590e-06	-1.054455e-09	-2.264813e+01	-7.152950e+01
6.300000e-06	-3.221974e-06	-1.063820e-09	-2.290680e+01	-7.239389e+01
6.310000e-06	-3.258206e-06	-1.073456e-09	-2.316440e+01	-7.322967e+01
6.320000e-06	-3.294260e-06	-1.087562e-09	-2.342072e+01	-7.403750e+01
6.330000e-06	-3.330186e-06	-1.106724e-09	-2.367614e+01	-7.481806e+01
6.340000e-06	-3.366027e-06	-1.125255e-09	-2.393095e+01	-7.557201e+01
6.350000e-06	-3.401698e-06	-1.138434e-09	-2.418456e+01	-7.630001e+01
6.360000e-06	-3.437180e-06	-1.146469e-09	-2.443682e+01	-7.700272e+01
6.370000e-06	-3.472386e-06	-1.149031e-09	-2.468712e+01	-7.768077e+01
6.380000e-06	-3.507198e-06	-1.149062e-09	-2.493462e+01	-7.833478e+01
6.390000e-06	-3.541752e-06	-1.152772e-09	-2.518028e+01	-7.896534e+01
6.400000e-06	-3.576143e-06	-1.163621e-09	-2.542478e+01	-7.957303e+01
6.410000e-06	-3.610271e-06	-1.179632e-09	-2.566742e+01	-8.015840e+01
6.420000e-06	-3.644200e-06	-1.196260e-09	-2.590864e+01	-8.072195e+01
6.430000e-06	-3.677935e-06	-1.207768e-09	-2.614848e+01	-8.126419e+01
6.440000e-06	-3.711362e-06	-1.211754e-09	-2.638613e+01	-8.178558e+01
6.450000e-06	-3.744400e-06	-1.210643e-09	-2.662101e+01	-8.228655e+01
6.460000e-06	-3.777161e-06	-1.209433e-09	-2.685394e+01	-8.276751e+01
6.470000e-06	-3.809716e-06	-1.214237e-09	-2.708539e+01	-8.322885e+01
6.480000e-06	-3.842059e-06	-1.225673e-09	-2.731533e+01	-8.367093e+01
6.490000e-06	-3.874229e-06	-1.239069e-09	-2.754405e+01	-8.409410e+01
6.500000e-06	-3.906206e-06	-1.251405e-09	-2.777138e+01	-8.449869e+01
6.510000e-06	-3.938007e-06	-1.262227e-09	-2.799748e+01	-8.488500e+01
6.520000e-06	-3.969559e-06	-1.268526e-09	-2.822180e+01	-8.525335e+01
6.530000e-06	-4.000762e-06	-1.268682e-09	-2.844364e+01	-8.560404e+01
6.540000e-06	-4.031648e-06	-1.265579e-09	-2.866323e+01	-8.593735e+01
6.550000e-06	-4.062125e-06	-1.264429e-09	-2.887990e+01	-8.625360e+01
6.560000e-06	-4.092146e-06	-1.268657e-09	-2.909334e+01	-8.655307e+01
6.570000e-06	-4.121714e-06	-1.275489e-09	-2.930355e+01	-8.683609e+01
6.580000e-06	-4.150713e-06	-1.282588e-09	-2.950972e+01	-8.710298e+01
6.590000e-06	-4.179267e-06	-1.291420e-09	-2.971273e+01	-8.735408e+01
6.600000e-06	-4.207543e-06	-1.301048e-09	-2.991376e+01	-8.758974e+01
6.610000e-06	-4.235650e-06	-1.306172e-09	-3.011358e+01	-8.781034e+01
6.620000e-06	-4.263636e-06	-1.305306e-09	-3.031255e+01	-8.801629e+01
6.630000e-06	-4.291476e-06	-1.304437e-09	-3.051049e+01	-8.820801e+01
6.640000e-06	-4.319118e-06	-1.305813e-09	-3.070701e+01	-8.838595e+01
6.650000e-06	-4.346523e-06	-1.307807e-09	-3.090185e+01	-8.855059e+01
6.660000e-06	-4.373536e-06	-1.309870e-09	-3.109390e+01	-8.870245e+01
6.670000e-06	-4.400116e-06	-1.315160e-09	-3.128286e+01	-8.884205e+01
6.680000e-06	-4.426389e-06	-1.325055e-09	-3.146966e+01	-8.896994e+01
6.690000e-06	-4.452424e-06	-1.333967e-09	-3.165475e+01	-8.908672e+01
6.700000e-06	-4.478157e-06	-1.335831e-09	-3.183770e+01	-8.919300e+01
6.710000e-06	-4.503520e-06	-1.334337e-09	-3.201802e+01	-8.928939e+01
6.720000e-06	-4.528443e-06	-1.334690e-09	-3.219521e+01	-8.937653e+01
6.730000e-06	-4.553052e-06	-1.335828e-09	-3.237017e+01	-8.945510e+01
6.740000e-06	-4.577446e-06	-1.335141e-09	-3.254360e+01	-8.952575e+01
6.750000e-06	-4.601579e-06	-1.333404e-09	-3.271518e+01	-8.958916e+01
6.760000e-06	-4.625567e-06	-1.334260e-09	-3.288572e+01	-8.964600e+01
6.770000e-06	-4.649405e-06	-1.339429e-09	-3.305520e+01	-8.969695e+01
6.780000e-06	-4.673081e-06	-1.347596e-09	-3.322353e+01	-8.974266e+01
6.790000e-06	-4.696362e-06	-1.353351e-09	-3.338905e+01	-8.978378e+01
6.800000e-06	-4.719166e-06	-1.354080e-09	-3.355117e+01	-8.982095e+01
6.810000e-06	-4.741516e-06	-1.351284e-09	-3.371007e+01	-8.985478e+01
6.820000e-06	-4.763279e-06	-1.346628e-09	-3.386479e+01	-8.988583e+01
6.830000e-06	-4.784479e-06	-1.343506e-09	-3.401552e+01	-8.991466e+01
6.840000e-06	-4.805141e-06	-1.341882e-09	-3.416241e+01	-8.994177e+01
6.850000e-06	-4.825423e-06	-1.341839e-09	-3.430661e+01	-8.996762e+01
6.860000e-06	-4.845529e-06	-1.344769e-09	-3.444956e+01	-8.999262e+01
6.870000e-06	-4.865464e-06	-1.348384e-09	-3.459128e+01	-9.001715e+01
6.880000e-06	-4.885244e-06	-1.350492e-09	-3.473191e+01	-9.004150e+01
6.890000e-06	-4.904757e-06	-1.350023e-09	-3.487064e+01	-9.006593e+01
6.900000e-06	-4.923752e-06	-1.349508e-09	-3.500568e+01	-9.009063e+01
6.910000e-06	-4.942357e-06	-1.351360e-09	-3.513796e+01	-9.011574e+01
6.920000e-06	-4.960744e-06	-1.353845e-09	-3.526868e+01	-9.014133e+01
6.930000e-06	-4.978846e-06	-1.354137e-09	-3.539738e+01	-9.016740e+01
6.940000e-06	-4.996643e-06	-1.353279e-09	-3.552391e+01	-9.019390e+01
6.950000e-06	-5.014061e-06	-1.352635e-09	-3.564774e+01	-9.022072e+01
6.960000e-06	-5.031078e-06	-1.350817e-09	-3.576873e+01	-9.024769e+01
6.970000e-06	-5.047716e-06	-1.346690e-09	-3.588702e+01	-9.027458e+01
6.980000e-06	-5.063996e-06	-1.343321e-09	-3.600276e+01	-9.030111e+01
6.990000e-06	-5.080052e-06	-1.345012e-09	-3.611691e+01	-9.032694e+01
7.000000e-06	-5.095956e-06	-1.350112e-09	-3.622998e+01	-9.035172e+01
7.010000e-06	-5.111630e-06	-1.351275e-09	-3.634142e+01	-9.037502e+01
7.020000e-06	-5.126849e-06	-1.347358e-09	-3.644961e+01	-9.039639e+01
7.030000e-06	-5.141477e-06	-1.343530e-09	-3.655361e+01	-9.041537e+01
7.040000e-06	-5.155363e-06	-1.340821e-09	-3.665234e+01	-9.043146e+01
7.050000e-06	-5.168579e-06	-1.336854e-09	-3.674630e+01	-9.044414e+01
7.060000e-06	-5.181412e-06	-1.332490e-09	-3.683753e+01	-9.045291e+01
7.070000e-06	-5.193934e-06	-1.332706e-09	-3.692656e+01	-9.045723e+01
7.080000e-06	-5.206112e-06	-1.338700e-09	-3.701314e+01	-9.045661e+01
7.090000e-06	-5.217881e-06	-1.344985e-09	-3.709681e+01	-9.045054e+01
7.100000e-06	-5.229219e-06	-1.346704e-09	-3.717742e+01	-9.043855e+01
7.110000e-06	-5.240252e-06	-1.344191e-09	-3.725586e+01	-9.042020e+01
7.120000e-06	-5.250937e-06	-1.341315e-09	-3.733183e+01	-9.039508e+01
7.130000e-06	-5.261200e-06	-1.338945e-09	-3.740479e+01	-9.036282e+01
7.140000e-06	-5.271109e-06	-1.336267e-09	-3.747524e+01	-9.032310e+01
7.150000e-06	-5.280741e-06	-1.334199e-09	-3.754372e+01	-9.027567e+01
7.160000e-06	-5.289993e-06	-1.332499e-09	-3.760949e+01	-9.022031e+01
7.170000e-06	-5.298778e-06	-1.331717e-09	-3.767195e+01	-9.015689e+01
7.180000e-06	-5.307241e-06	-1.331262e-09	-3.773212e+01	-9.008535e+01
7.190000e-06	-5.315443e-06	-1.329718e-09	-3.779043e+01	-9.000567e+01
7.200000e-06	-5.323442e-06	-1.329366e-09	-3.784730e+01	-8.991795e+01
7.210000e-06	-5.331235e-06	-1.329228e-09	-3.790271e+01	-8.982232e+01
7.220000e-06	-5.338720e-06	-1.327111e-09	-3.795592e+01	-8.971902e+01
7.230000e-06	-5.345718e-06	-1.323419e-09	-3.800568e+01	-8.960835e+01
7.240000e-06	-5.352115e-06	-1.319560e-09	-3.805115e+01	-8.949069e+01
7.250000e-06	-5.357814e-06	-1.317489e-09	-3.809167e+01	-8.936649e+01
7.260000e-06	-5.362832e-06	-1.317229e-09	-3.812735e+01	-8.923628e+01
7.270000e-06	-5.367435e-06	-1.317140e-09	-3.816007e+01	-8.910064e+01
7.280000e-06	-5.371794e-06	-1.314830e-09	-3.819107e+01	-8.896024e+01
7.290000e-06	-5.375910e-06	-1.313158e-09	-3.822032e+01	-8.881577e+01
7.300000e-06	-5.379767e-06	-1.313070e-09	-3.824775e+01	-8.866801e+01
7.310000e-06	-5.383264e-06	-1.311188e-09	-3.827261e+01	-8.851777e+01
7.320000e-06	-5.386380e-06	-1.307637e-09	-3.829477e+01	-8.836588e+01
7.330000e-06	-5.389058e-06	-1.305691e-09	-3.831380e+01	-8.821323e+01
7.340000e-06	-5.391397e-06	-1.305991e-09	-3.833043e+01	-8.806072e+01
7.350000e-06	-5.393528e-06	-1.306199e-09	-3.834558e+01	-8.790926e+01
7.360000e-06	-5.395388e-06	-1.300197e-09	-3.835880e+01	-8.775976e+01
7.370000e-06	-5.396731e-06	-1.293757e-09	-3.836835e+01	-8.761315e+01
7.380000e-06	-5.397558e-06	-1.293775e-09	-3.837423e+01	-8.747031e+01
7.390000e-06	-5.398133e-06	-1.295512e-09	-3.837832e+01	-8.733214e+01
7.400000e-06	-5.398457e-06	-1.293788e-09	-3.838063e+01	-8.719946e+01
