# Temperatura_=_5.34
# Concentracion g/m^3_=_4090.0
# C_Vs_to_Am_M_A/Vsm_=_65563218390.804596
# pendiente_HvsI_1/m_=_3716.3
# ordenada_HvsI_A/m_=_1297.0
# frecuencia_Hz_=_135084.083473579

Tiempo_(s)	Campo_(V.s)	Magnetizacion_(V.s)	Campo_(kA/m)	Magnetizacion_(A/m)
0.000000e+00	-5.386938e-06	-1.497100e-09	-3.838716e+01	-9.731047e+01
1.000000e-08	-5.387046e-06	-1.491122e-09	-3.838792e+01	-9.719118e+01
2.000000e-08	-5.386917e-06	-1.484596e-09	-3.838700e+01	-9.707795e+01
3.000000e-08	-5.386530e-06	-1.478103e-09	-3.838425e+01	-9.697129e+01
4.000000e-08	-5.385803e-06	-1.475527e-09	-3.837907e+01	-9.687165e+01
5.000000e-08	-5.384606e-06	-1.486697e-09	-3.837054e+01	-9.677944e+01
6.000000e-08	-5.382874e-06	-1.509574e-09	-3.835819e+01	-9.669498e+01
7.000000e-08	-5.380596e-06	-1.499533e-09	-3.834196e+01	-9.661853e+01
8.000000e-08	-5.377631e-06	-1.445087e-09	-3.832083e+01	-9.655029e+01
9.000000e-08	-5.374096e-06	-1.430947e-09	-3.829565e+01	-9.649037e+01
1.000000e-07	-5.370116e-06	-1.488524e-09	-3.826728e+01	-9.643881e+01
1.100000e-07	-5.365843e-06	-1.481805e-09	-3.823683e+01	-9.639558e+01
1.200000e-07	-5.361466e-06	-1.439130e-09	-3.820565e+01	-9.636054e+01
1.300000e-07	-5.356870e-06	-1.437833e-09	-3.817289e+01	-9.633352e+01
1.400000e-07	-5.351801e-06	-1.525106e-09	-3.813677e+01	-9.631424e+01
1.500000e-07	-5.346192e-06	-1.532683e-09	-3.809680e+01	-9.630234e+01
1.600000e-07	-5.340306e-06	-1.464764e-09	-3.805486e+01	-9.629740e+01
1.700000e-07	-5.334215e-06	-1.421442e-09	-3.801145e+01	-9.629893e+01
1.800000e-07	-5.327606e-06	-1.451013e-09	-3.796436e+01	-9.630637e+01
1.900000e-07	-5.320464e-06	-1.453639e-09	-3.791346e+01	-9.631908e+01
2.000000e-07	-5.313154e-06	-1.453565e-09	-3.786138e+01	-9.633640e+01
2.100000e-07	-5.305674e-06	-1.473474e-09	-3.780807e+01	-9.635759e+01
2.200000e-07	-5.297859e-06	-1.494502e-09	-3.775238e+01	-9.638186e+01
2.300000e-07	-5.289764e-06	-1.484297e-09	-3.769470e+01	-9.640839e+01
2.400000e-07	-5.281456e-06	-1.486772e-09	-3.763549e+01	-9.643634e+01
2.500000e-07	-5.272591e-06	-1.523113e-09	-3.757232e+01	-9.646483e+01
2.600000e-07	-5.262879e-06	-1.509445e-09	-3.750311e+01	-9.649296e+01
2.700000e-07	-5.252596e-06	-1.487225e-09	-3.742984e+01	-9.651983e+01
2.800000e-07	-5.241784e-06	-1.505716e-09	-3.735279e+01	-9.654453e+01
2.900000e-07	-5.230461e-06	-1.516689e-09	-3.727210e+01	-9.656616e+01
3.000000e-07	-5.218742e-06	-1.462260e-09	-3.718860e+01	-9.658385e+01
3.100000e-07	-5.206694e-06	-1.468587e-09	-3.710274e+01	-9.659671e+01
3.200000e-07	-5.194241e-06	-1.507574e-09	-3.701400e+01	-9.660393e+01
3.300000e-07	-5.181341e-06	-1.499028e-09	-3.692208e+01	-9.660469e+01
3.400000e-07	-5.168131e-06	-1.462475e-09	-3.682794e+01	-9.659825e+01
3.500000e-07	-5.154530e-06	-1.515920e-09	-3.673103e+01	-9.658390e+01
3.600000e-07	-5.140504e-06	-1.530326e-09	-3.663107e+01	-9.656099e+01
3.700000e-07	-5.126000e-06	-1.491099e-09	-3.652772e+01	-9.652893e+01
3.800000e-07	-5.110949e-06	-1.467643e-09	-3.642046e+01	-9.648720e+01
3.900000e-07	-5.095326e-06	-1.487953e-09	-3.630914e+01	-9.643535e+01
4.000000e-07	-5.079273e-06	-1.468527e-09	-3.619474e+01	-9.637299e+01
4.100000e-07	-5.062958e-06	-1.467649e-09	-3.607848e+01	-9.629982e+01
4.200000e-07	-5.046160e-06	-1.485021e-09	-3.595878e+01	-9.621562e+01
4.300000e-07	-5.028792e-06	-1.483983e-09	-3.583502e+01	-9.612023e+01
4.400000e-07	-5.011283e-06	-1.479851e-09	-3.571025e+01	-9.601360e+01
4.500000e-07	-4.993612e-06	-1.495892e-09	-3.558433e+01	-9.589573e+01
4.600000e-07	-4.975464e-06	-1.470179e-09	-3.545500e+01	-9.576672e+01
4.700000e-07	-4.956953e-06	-1.436531e-09	-3.532310e+01	-9.562672e+01
4.800000e-07	-4.938210e-06	-1.443498e-09	-3.518953e+01	-9.547598e+01
4.900000e-07	-4.919151e-06	-1.449390e-09	-3.505372e+01	-9.531481e+01
5.000000e-07	-4.899718e-06	-1.434696e-09	-3.491524e+01	-9.514357e+01
5.100000e-07	-4.880038e-06	-1.439614e-09	-3.477500e+01	-9.496271e+01
5.200000e-07	-4.860096e-06	-1.452481e-09	-3.463290e+01	-9.477272e+01
5.300000e-07	-4.839878e-06	-1.445176e-09	-3.448882e+01	-9.457414e+01
5.400000e-07	-4.819398e-06	-1.443450e-09	-3.434288e+01	-9.436755e+01
5.500000e-07	-4.798553e-06	-1.435001e-09	-3.419434e+01	-9.415358e+01
5.600000e-07	-4.777339e-06	-1.421118e-09	-3.404317e+01	-9.393288e+01
5.700000e-07	-4.755827e-06	-1.422901e-09	-3.388987e+01	-9.370613e+01
5.800000e-07	-4.733989e-06	-1.428108e-09	-3.373426e+01	-9.347403e+01
5.900000e-07	-4.711865e-06	-1.406841e-09	-3.357661e+01	-9.323727e+01
6.000000e-07	-4.689438e-06	-1.404374e-09	-3.341679e+01	-9.299656e+01
6.100000e-07	-4.666691e-06	-1.416806e-09	-3.325470e+01	-9.275261e+01
6.200000e-07	-4.643594e-06	-1.416962e-09	-3.309011e+01	-9.250609e+01
6.300000e-07	-4.620181e-06	-1.402101e-09	-3.292327e+01	-9.225769e+01
6.400000e-07	-4.596556e-06	-1.405308e-09	-3.275492e+01	-9.200803e+01
6.500000e-07	-4.572688e-06	-1.402377e-09	-3.258483e+01	-9.175774e+01
6.600000e-07	-4.548660e-06	-1.398075e-09	-3.241361e+01	-9.150738e+01
6.700000e-07	-4.524306e-06	-1.390572e-09	-3.224007e+01	-9.125749e+01
6.800000e-07	-4.499519e-06	-1.383730e-09	-3.206343e+01	-9.100856e+01
6.900000e-07	-4.474285e-06	-1.374198e-09	-3.188362e+01	-9.076100e+01
7.000000e-07	-4.448509e-06	-1.377128e-09	-3.169994e+01	-9.051521e+01
7.100000e-07	-4.422202e-06	-1.376408e-09	-3.151248e+01	-9.027151e+01
7.200000e-07	-4.395366e-06	-1.373754e-09	-3.132125e+01	-9.003015e+01
7.300000e-07	-4.368126e-06	-1.370827e-09	-3.112713e+01	-8.979133e+01
7.400000e-07	-4.340623e-06	-1.371928e-09	-3.093114e+01	-8.955520e+01
7.500000e-07	-4.312879e-06	-1.366119e-09	-3.073344e+01	-8.932184e+01
7.600000e-07	-4.284908e-06	-1.358860e-09	-3.053412e+01	-8.909125e+01
7.700000e-07	-4.256803e-06	-1.352589e-09	-3.033385e+01	-8.886339e+01
7.800000e-07	-4.228505e-06	-1.348493e-09	-3.013219e+01	-8.863818e+01
7.900000e-07	-4.199868e-06	-1.345625e-09	-2.992813e+01	-8.841544e+01
8.000000e-07	-4.170907e-06	-1.342549e-09	-2.972176e+01	-8.819497e+01
8.100000e-07	-4.141712e-06	-1.339627e-09	-2.951371e+01	-8.797651e+01
8.200000e-07	-4.112185e-06	-1.338167e-09	-2.930330e+01	-8.775977e+01
8.300000e-07	-4.082364e-06	-1.336126e-09	-2.909080e+01	-8.754441e+01
8.400000e-07	-4.052321e-06	-1.329803e-09	-2.887671e+01	-8.733005e+01
8.500000e-07	-4.021942e-06	-1.326603e-09	-2.866024e+01	-8.711628e+01
8.600000e-07	-3.991137e-06	-1.324432e-09	-2.844072e+01	-8.690269e+01
8.700000e-07	-3.960096e-06	-1.324466e-09	-2.821952e+01	-8.668882e+01
8.800000e-07	-3.928962e-06	-1.319577e-09	-2.799766e+01	-8.647422e+01
8.900000e-07	-3.897603e-06	-1.315321e-09	-2.777420e+01	-8.625842e+01
9.000000e-07	-3.865978e-06	-1.309042e-09	-2.754884e+01	-8.604096e+01
9.100000e-07	-3.834190e-06	-1.305589e-09	-2.732232e+01	-8.582138e+01
9.200000e-07	-3.802287e-06	-1.301596e-09	-2.709498e+01	-8.559923e+01
9.300000e-07	-3.770162e-06	-1.301793e-09	-2.686606e+01	-8.537408e+01
9.400000e-07	-3.737804e-06	-1.303007e-09	-2.663548e+01	-8.514551e+01
9.500000e-07	-3.705217e-06	-1.305830e-09	-2.640326e+01	-8.491312e+01
9.600000e-07	-3.672322e-06	-1.305215e-09	-2.616886e+01	-8.467657e+01
9.700000e-07	-3.638922e-06	-1.298995e-09	-2.593085e+01	-8.443553e+01
9.800000e-07	-3.605003e-06	-1.286912e-09	-2.568914e+01	-8.418970e+01
9.900000e-07	-3.570618e-06	-1.276645e-09	-2.544411e+01	-8.393882e+01
1.000000e-06	-3.535880e-06	-1.267186e-09	-2.519657e+01	-8.368270e+01
1.010000e-06	-3.500874e-06	-1.264280e-09	-2.494712e+01	-8.342115e+01
1.020000e-06	-3.465568e-06	-1.265190e-09	-2.469553e+01	-8.315406e+01
1.030000e-06	-3.430024e-06	-1.268897e-09	-2.444225e+01	-8.288133e+01
1.040000e-06	-3.394310e-06	-1.270383e-09	-2.418775e+01	-8.260294e+01
1.050000e-06	-3.358466e-06	-1.269023e-09	-2.393233e+01	-8.231888e+01
1.060000e-06	-3.322403e-06	-1.263435e-09	-2.367534e+01	-8.202921e+01
1.070000e-06	-3.286187e-06	-1.253759e-09	-2.341727e+01	-8.173400e+01
1.080000e-06	-3.249857e-06	-1.240691e-09	-2.315838e+01	-8.143338e+01
1.090000e-06	-3.213210e-06	-1.232190e-09	-2.289724e+01	-8.112751e+01
1.100000e-06	-3.176237e-06	-1.229426e-09	-2.263377e+01	-8.081658e+01
1.110000e-06	-3.139079e-06	-1.227923e-09	-2.236898e+01	-8.050081e+01
1.120000e-06	-3.101695e-06	-1.226674e-09	-2.210258e+01	-8.018043e+01
1.130000e-06	-3.064100e-06	-1.223873e-09	-2.183468e+01	-7.985572e+01
1.140000e-06	-3.026363e-06	-1.219615e-09	-2.156577e+01	-7.952694e+01
1.150000e-06	-2.988372e-06	-1.213276e-09	-2.129505e+01	-7.919439e+01
1.160000e-06	-2.950196e-06	-1.205049e-09	-2.102300e+01	-7.885837e+01
1.170000e-06	-2.911897e-06	-1.193453e-09	-2.075009e+01	-7.851916e+01
1.180000e-06	-2.873386e-06	-1.183462e-09	-2.047566e+01	-7.817707e+01
1.190000e-06	-2.834691e-06	-1.174914e-09	-2.019992e+01	-7.783237e+01
1.200000e-06	-2.795749e-06	-1.171297e-09	-1.992242e+01	-7.748535e+01
1.210000e-06	-2.756497e-06	-1.171875e-09	-1.964271e+01	-7.713627e+01
1.220000e-06	-2.717068e-06	-1.174896e-09	-1.936174e+01	-7.678535e+01
1.230000e-06	-2.677583e-06	-1.173696e-09	-1.908037e+01	-7.643282e+01
1.240000e-06	-2.637980e-06	-1.168619e-09	-1.879816e+01	-7.607886e+01
1.250000e-06	-2.598218e-06	-1.159215e-09	-1.851482e+01	-7.572363e+01
1.260000e-06	-2.558300e-06	-1.148203e-09	-1.823037e+01	-7.536725e+01
1.270000e-06	-2.518300e-06	-1.137870e-09	-1.794533e+01	-7.500982e+01
1.280000e-06	-2.478216e-06	-1.131731e-09	-1.765969e+01	-7.465137e+01
1.290000e-06	-2.437951e-06	-1.129564e-09	-1.737277e+01	-7.429194e+01
1.300000e-06	-2.397594e-06	-1.128217e-09	-1.708518e+01	-7.393148e+01
1.310000e-06	-2.357162e-06	-1.121139e-09	-1.679707e+01	-7.356994e+01
1.320000e-06	-2.316538e-06	-1.111444e-09	-1.650758e+01	-7.320721e+01
1.330000e-06	-2.275578e-06	-1.101621e-09	-1.621570e+01	-7.284316e+01
1.340000e-06	-2.234473e-06	-1.094860e-09	-1.592278e+01	-7.247760e+01
1.350000e-06	-2.193126e-06	-1.089859e-09	-1.562815e+01	-7.211032e+01
1.360000e-06	-2.151487e-06	-1.084021e-09	-1.533143e+01	-7.174108e+01
1.370000e-06	-2.109668e-06	-1.077490e-09	-1.503343e+01	-7.136958e+01
1.380000e-06	-2.067545e-06	-1.072744e-09	-1.473326e+01	-7.099554e+01
1.390000e-06	-2.025186e-06	-1.068511e-09	-1.443142e+01	-7.061861e+01
1.400000e-06	-1.982587e-06	-1.061468e-09	-1.412786e+01	-7.023843e+01
1.410000e-06	-1.939797e-06	-1.053118e-09	-1.382294e+01	-6.985464e+01
1.420000e-06	-1.896767e-06	-1.046978e-09	-1.351630e+01	-6.946684e+01
1.430000e-06	-1.853501e-06	-1.045901e-09	-1.320799e+01	-6.907463e+01
1.440000e-06	-1.810070e-06	-1.044881e-09	-1.289850e+01	-6.867760e+01
1.450000e-06	-1.766550e-06	-1.040031e-09	-1.258838e+01	-6.827533e+01
1.460000e-06	-1.723029e-06	-1.031391e-09	-1.227825e+01	-6.786740e+01
1.470000e-06	-1.679391e-06	-1.022936e-09	-1.196729e+01	-6.745339e+01
1.480000e-06	-1.635585e-06	-1.014738e-09	-1.165513e+01	-6.703290e+01
1.490000e-06	-1.591662e-06	-1.007687e-09	-1.134214e+01	-6.660552e+01
1.500000e-06	-1.547629e-06	-1.001361e-09	-1.102836e+01	-6.617086e+01
1.510000e-06	-1.503519e-06	-9.996278e-10	-1.071403e+01	-6.572852e+01
1.520000e-06	-1.459345e-06	-9.959927e-10	-1.039924e+01	-6.527815e+01
1.530000e-06	-1.415171e-06	-9.852732e-10	-1.008446e+01	-6.481940e+01
1.540000e-06	-1.370954e-06	-9.721128e-10	-9.769375e+00	-6.435192e+01
1.550000e-06	-1.326610e-06	-9.623260e-10	-9.453379e+00	-6.387541e+01
1.560000e-06	-1.282178e-06	-9.541412e-10	-9.136760e+00	-6.338955e+01
1.570000e-06	-1.237712e-06	-9.462850e-10	-8.819901e+00	-6.289408e+01
1.580000e-06	-1.193235e-06	-9.401473e-10	-8.502955e+00	-6.238872e+01
1.590000e-06	-1.148718e-06	-9.354359e-10	-8.185733e+00	-6.187322e+01
1.600000e-06	-1.104096e-06	-9.309439e-10	-7.867754e+00	-6.134735e+01
1.610000e-06	-1.059402e-06	-9.241294e-10	-7.549265e+00	-6.081088e+01
1.620000e-06	-1.014614e-06	-9.134127e-10	-7.230107e+00	-6.026361e+01
1.630000e-06	-9.696747e-07	-9.018590e-10	-6.909872e+00	-5.970531e+01
1.640000e-06	-9.246468e-07	-8.916273e-10	-6.589005e+00	-5.913580e+01
1.650000e-06	-8.795424e-07	-8.816671e-10	-6.267592e+00	-5.855486e+01
1.660000e-06	-8.343574e-07	-8.720247e-10	-5.945605e+00	-5.796228e+01
1.670000e-06	-7.891162e-07	-8.658569e-10	-5.623218e+00	-5.735786e+01
1.680000e-06	-7.438028e-07	-8.602132e-10	-5.300316e+00	-5.674136e+01
1.690000e-06	-6.984819e-07	-8.499706e-10	-4.977361e+00	-5.611255e+01
1.700000e-06	-6.531302e-07	-8.386433e-10	-4.654186e+00	-5.547117e+01
1.710000e-06	-6.077010e-07	-8.315093e-10	-4.330459e+00	-5.481693e+01
1.720000e-06	-5.622896e-07	-8.269199e-10	-4.006858e+00	-5.414953e+01
1.730000e-06	-5.167245e-07	-8.168690e-10	-3.682163e+00	-5.346864e+01
1.740000e-06	-4.710706e-07	-8.017666e-10	-3.356835e+00	-5.277387e+01
1.750000e-06	-4.255066e-07	-7.880304e-10	-3.032147e+00	-5.206484e+01
1.760000e-06	-3.799221e-07	-7.788682e-10	-2.707314e+00	-5.134108e+01
1.770000e-06	-3.343697e-07	-7.684903e-10	-2.382708e+00	-5.060212e+01
1.780000e-06	-2.888059e-07	-7.543672e-10	-2.058022e+00	-4.984742e+01
1.790000e-06	-2.431187e-07	-7.427690e-10	-1.732457e+00	-4.907643e+01
1.800000e-06	-1.973648e-07	-7.370011e-10	-1.406416e+00	-4.828852e+01
1.810000e-06	-1.516320e-07	-7.287071e-10	-1.080525e+00	-4.748304e+01
1.820000e-06	-1.059937e-07	-7.138383e-10	-7.553075e-01	-4.665930e+01
1.830000e-06	-6.041008e-08	-6.945073e-10	-4.304804e-01	-4.581654e+01
1.840000e-06	-1.476635e-08	-6.763987e-10	-1.052246e-01	-4.495399e+01
1.850000e-06	3.092536e-08	-6.617487e-10	2.203731e-01	-4.407084e+01
1.860000e-06	7.659446e-08	-6.464633e-10	5.458098e-01	-4.316624e+01
1.870000e-06	1.222441e-07	-6.331827e-10	8.711075e-01	-4.223931e+01
1.880000e-06	1.679285e-07	-6.257921e-10	1.196653e+00	-4.128916e+01
1.890000e-06	2.136419e-07	-6.186307e-10	1.522406e+00	-4.031486e+01
1.900000e-06	2.592806e-07	-6.027138e-10	1.847626e+00	-3.931549e+01
1.910000e-06	3.048889e-07	-5.793519e-10	2.172629e+00	-3.829011e+01
1.920000e-06	3.505151e-07	-5.569939e-10	2.497760e+00	-3.723779e+01
1.930000e-06	3.961144e-07	-5.380186e-10	2.822699e+00	-3.615761e+01
1.940000e-06	4.417218e-07	-5.201695e-10	3.147696e+00	-3.504866e+01
1.950000e-06	4.873108e-07	-5.009459e-10	3.472562e+00	-3.391006e+01
1.960000e-06	5.328252e-07	-4.836509e-10	3.796896e+00	-3.274096e+01
1.970000e-06	5.782041e-07	-4.699593e-10	4.120265e+00	-3.154055e+01
1.980000e-06	6.235333e-07	-4.537855e-10	4.443279e+00	-3.030809e+01
1.990000e-06	6.689317e-07	-4.303939e-10	4.766787e+00	-2.904289e+01
2.000000e-06	7.142044e-07	-4.049333e-10	5.089399e+00	-2.774431e+01
2.010000e-06	7.594507e-07	-3.830142e-10	5.411822e+00	-2.641180e+01
2.020000e-06	8.048044e-07	-3.626286e-10	5.735012e+00	-2.504492e+01
2.030000e-06	8.500412e-07	-3.390627e-10	6.057368e+00	-2.364329e+01
2.040000e-06	8.950679e-07	-3.140311e-10	6.378227e+00	-2.220664e+01
2.050000e-06	9.399771e-07	-2.917824e-10	6.698248e+00	-2.073482e+01
2.060000e-06	9.848965e-07	-2.697918e-10	7.018343e+00	-1.922777e+01
2.070000e-06	1.029797e-06	-2.458781e-10	7.338305e+00	-1.768558e+01
2.080000e-06	1.074557e-06	-2.195777e-10	7.657261e+00	-1.610845e+01
2.090000e-06	1.119188e-06	-1.955613e-10	7.975301e+00	-1.449670e+01
2.100000e-06	1.163728e-06	-1.747278e-10	8.292692e+00	-1.285080e+01
2.110000e-06	1.208219e-06	-1.517571e-10	8.609733e+00	-1.117135e+01
2.120000e-06	1.252664e-06	-1.231977e-10	8.926448e+00	-9.459088e+00
2.130000e-06	1.296991e-06	-9.412062e-11	9.242320e+00	-7.714880e+00
2.140000e-06	1.341188e-06	-6.783197e-11	9.557265e+00	-5.939744e+00
2.150000e-06	1.385325e-06	-4.135162e-11	9.871781e+00	-4.134829e+00
2.160000e-06	1.429453e-06	-1.446465e-11	1.018624e+01	-2.301418e+00
2.170000e-06	1.473490e-06	1.192340e-11	1.050005e+01	-4.409262e-01
2.180000e-06	1.517463e-06	3.610964e-11	1.081339e+01	1.445103e+00
2.190000e-06	1.561451e-06	5.980652e-11	1.112685e+01	3.355004e+00
2.200000e-06	1.605435e-06	8.743835e-11	1.144028e+01	5.286995e+00
2.210000e-06	1.649379e-06	1.191431e-10	1.175342e+01	7.239184e+00
2.220000e-06	1.693240e-06	1.525326e-10	1.206598e+01	9.209577e+00
2.230000e-06	1.736993e-06	1.846176e-10	1.237776e+01	1.119609e+01
2.240000e-06	1.780683e-06	2.170329e-10	1.268909e+01	1.319654e+01
2.250000e-06	1.824289e-06	2.491967e-10	1.299983e+01	1.520868e+01
2.260000e-06	1.867738e-06	2.794397e-10	1.330945e+01	1.723021e+01
2.270000e-06	1.910967e-06	3.095368e-10	1.361749e+01	1.925875e+01
2.280000e-06	1.953877e-06	3.401260e-10	1.392327e+01	2.129189e+01
2.290000e-06	1.996578e-06	3.715095e-10	1.422755e+01	2.332719e+01
2.300000e-06	2.039086e-06	4.022840e-10	1.453046e+01	2.536218e+01
2.310000e-06	2.081384e-06	4.319166e-10	1.483188e+01	2.739439e+01
2.320000e-06	2.123514e-06	4.631857e-10	1.513210e+01	2.942135e+01
2.330000e-06	2.165324e-06	4.964416e-10	1.543003e+01	3.144060e+01
2.340000e-06	2.206874e-06	5.256132e-10	1.572612e+01	3.344971e+01
2.350000e-06	2.248183e-06	5.511783e-10	1.602048e+01	3.544628e+01
2.360000e-06	2.289183e-06	5.780187e-10	1.631265e+01	3.742797e+01
2.370000e-06	2.330010e-06	6.088993e-10	1.660358e+01	3.939249e+01
2.380000e-06	2.370659e-06	6.406431e-10	1.689325e+01	4.133761e+01
2.390000e-06	2.411083e-06	6.693982e-10	1.718130e+01	4.326120e+01
2.400000e-06	2.451302e-06	6.982304e-10	1.746790e+01	4.516119e+01
2.410000e-06	2.491387e-06	7.281713e-10	1.775355e+01	4.703562e+01
2.420000e-06	2.531440e-06	7.582278e-10	1.803896e+01	4.888262e+01
2.430000e-06	2.571395e-06	7.872640e-10	1.832368e+01	5.070044e+01
2.440000e-06	2.611187e-06	8.157528e-10	1.860724e+01	5.248743e+01
2.450000e-06	2.650895e-06	8.424299e-10	1.889020e+01	5.424208e+01
2.460000e-06	2.690442e-06	8.702942e-10	1.917201e+01	5.596298e+01
2.470000e-06	2.729821e-06	8.976116e-10	1.945262e+01	5.764885e+01
2.480000e-06	2.769040e-06	9.196355e-10	1.973209e+01	5.929854e+01
2.490000e-06	2.808026e-06	9.416438e-10	2.000991e+01	6.091104e+01
2.500000e-06	2.846764e-06	9.669629e-10	2.028595e+01	6.248545e+01
2.510000e-06	2.885236e-06	9.928457e-10	2.056010e+01	6.402101e+01
2.520000e-06	2.923524e-06	1.017363e-09	2.083295e+01	6.551708e+01
2.530000e-06	2.961596e-06	1.042157e-09	2.110424e+01	6.697317e+01
2.540000e-06	2.999441e-06	1.067194e-09	2.137392e+01	6.838887e+01
2.550000e-06	3.037165e-06	1.089157e-09	2.164274e+01	6.976394e+01
2.560000e-06	3.074738e-06	1.106533e-09	2.191049e+01	7.109822e+01
2.570000e-06	3.112087e-06	1.121353e-09	2.217663e+01	7.239167e+01
2.580000e-06	3.149263e-06	1.137197e-09	2.244155e+01	7.364436e+01
2.590000e-06	3.186249e-06	1.155618e-09	2.270511e+01	7.485647e+01
2.600000e-06	3.222935e-06	1.177103e-09	2.296654e+01	7.602825e+01
2.610000e-06	3.259343e-06	1.200912e-09	2.322598e+01	7.716006e+01
2.620000e-06	3.295558e-06	1.223425e-09	2.348404e+01	7.825235e+01
2.630000e-06	3.331665e-06	1.240412e-09	2.374134e+01	7.930561e+01
2.640000e-06	3.367661e-06	1.249911e-09	2.399785e+01	8.032043e+01
2.650000e-06	3.403515e-06	1.256874e-09	2.425335e+01	8.129746e+01
2.660000e-06	3.439245e-06	1.263379e-09	2.450796e+01	8.223739e+01
2.670000e-06	3.474789e-06	1.272428e-09	2.476124e+01	8.314098e+01
2.680000e-06	3.510051e-06	1.285824e-09	2.501252e+01	8.400900e+01
2.690000e-06	3.545064e-06	1.301718e-09	2.526202e+01	8.484229e+01
2.700000e-06	3.579743e-06	1.319188e-09	2.550914e+01	8.564170e+01
2.710000e-06	3.613858e-06	1.337386e-09	2.575224e+01	8.640811e+01
2.720000e-06	3.647461e-06	1.350708e-09	2.599170e+01	8.714241e+01
2.730000e-06	3.680538e-06	1.358081e-09	2.622740e+01	8.784553e+01
2.740000e-06	3.713246e-06	1.362976e-09	2.646047e+01	8.851838e+01
2.750000e-06	3.745795e-06	1.367526e-09	2.669242e+01	8.916188e+01
2.760000e-06	3.778137e-06	1.373110e-09	2.692289e+01	8.977695e+01
2.770000e-06	3.810273e-06	1.380807e-09	2.715189e+01	9.036452e+01
2.780000e-06	3.842177e-06	1.393603e-09	2.737924e+01	9.092550e+01
2.790000e-06	3.873903e-06	1.407678e-09	2.760531e+01	9.146079e+01
2.800000e-06	3.905506e-06	1.417068e-09	2.783051e+01	9.197129e+01
2.810000e-06	3.936885e-06	1.419475e-09	2.805412e+01	9.245788e+01
2.820000e-06	3.967940e-06	1.420050e-09	2.827542e+01	9.292142e+01
2.830000e-06	3.998639e-06	1.425527e-09	2.849418e+01	9.336276e+01
2.840000e-06	4.028993e-06	1.431611e-09	2.871048e+01	9.378273e+01
2.850000e-06	4.059144e-06	1.436852e-09	2.892534e+01	9.418215e+01
2.860000e-06	4.089081e-06	1.444452e-09	2.913867e+01	9.456181e+01
2.870000e-06	4.118708e-06	1.453584e-09	2.934979e+01	9.492249e+01
2.880000e-06	4.148044e-06	1.460659e-09	2.955883e+01	9.526495e+01
2.890000e-06	4.177070e-06	1.461858e-09	2.976567e+01	9.558994e+01
2.900000e-06	4.205853e-06	1.460625e-09	2.997078e+01	9.589819e+01
2.910000e-06	4.234416e-06	1.461982e-09	3.017432e+01	9.619040e+01
2.920000e-06	4.262691e-06	1.463885e-09	3.037581e+01	9.646727e+01
2.930000e-06	4.290747e-06	1.465204e-09	3.057573e+01	9.672948e+01
2.940000e-06	4.318662e-06	1.467232e-09	3.077466e+01	9.697769e+01
2.950000e-06	4.346426e-06	1.471418e-09	3.097250e+01	9.721257e+01
2.960000e-06	4.373919e-06	1.476891e-09	3.116841e+01	9.743474e+01
2.970000e-06	4.400983e-06	1.478324e-09	3.136127e+01	9.764482e+01
2.980000e-06	4.427618e-06	1.476380e-09	3.155107e+01	9.784344e+01
2.990000e-06	4.453755e-06	1.476816e-09	3.173732e+01	9.803118e+01
3.000000e-06	4.479329e-06	1.482007e-09	3.191956e+01	9.820863e+01
3.010000e-06	4.504394e-06	1.487567e-09	3.209817e+01	9.837636e+01
3.020000e-06	4.529034e-06	1.491357e-09	3.227376e+01	9.853491e+01
3.030000e-06	4.553316e-06	1.494593e-09	3.244679e+01	9.868485e+01
3.040000e-06	4.577332e-06	1.496005e-09	3.261793e+01	9.882667e+01
3.050000e-06	4.601119e-06	1.495891e-09	3.278743e+01	9.896090e+01
3.060000e-06	4.624632e-06	1.495707e-09	3.295498e+01	9.908801e+01
3.070000e-06	4.647915e-06	1.493988e-09	3.312090e+01	9.920848e+01
3.080000e-06	4.670900e-06	1.494531e-09	3.328469e+01	9.932275e+01
3.090000e-06	4.693509e-06	1.501317e-09	3.344580e+01	9.943124e+01
3.100000e-06	4.715796e-06	1.506610e-09	3.360462e+01	9.953436e+01
3.110000e-06	4.737795e-06	1.505055e-09	3.376138e+01	9.963247e+01
3.120000e-06	4.759519e-06	1.501951e-09	3.391619e+01	9.972592e+01
3.130000e-06	4.780957e-06	1.501741e-09	3.406896e+01	9.981503e+01
3.140000e-06	4.802011e-06	1.502505e-09	3.421898e+01	9.990008e+01
3.150000e-06	4.822729e-06	1.503358e-09	3.436662e+01	9.998133e+01
3.160000e-06	4.843179e-06	1.505482e-09	3.451235e+01	1.000590e+02
3.170000e-06	4.863369e-06	1.510343e-09	3.465622e+01	1.001333e+02
3.180000e-06	4.883356e-06	1.516230e-09	3.479864e+01	1.002043e+02
3.190000e-06	4.903092e-06	1.519031e-09	3.493928e+01	1.002721e+02
3.200000e-06	4.922549e-06	1.519839e-09	3.507793e+01	1.003370e+02
3.210000e-06	4.941818e-06	1.520370e-09	3.521524e+01	1.003988e+02
3.220000e-06	4.960743e-06	1.520802e-09	3.535010e+01	1.004576e+02
3.230000e-06	4.979154e-06	1.521673e-09	3.548130e+01	1.005133e+02
3.240000e-06	4.997063e-06	1.522177e-09	3.560892e+01	1.005660e+02
3.250000e-06	5.014639e-06	1.523509e-09	3.573416e+01	1.006154e+02
3.260000e-06	5.031966e-06	1.525815e-09	3.585764e+01	1.006616e+02
3.270000e-06	5.048813e-06	1.525359e-09	3.597769e+01	1.007042e+02
3.280000e-06	5.065334e-06	1.525316e-09	3.609542e+01	1.007432e+02
3.290000e-06	5.081602e-06	1.529674e-09	3.621134e+01	1.007783e+02
3.300000e-06	5.097392e-06	1.533259e-09	3.632386e+01	1.008093e+02
3.310000e-06	5.112657e-06	1.533185e-09	3.643264e+01	1.008359e+02
3.320000e-06	5.127409e-06	1.533572e-09	3.653776e+01	1.008579e+02
3.330000e-06	5.141740e-06	1.536267e-09	3.663988e+01	1.008750e+02
3.340000e-06	5.155729e-06	1.537780e-09	3.673956e+01	1.008870e+02
3.350000e-06	5.169393e-06	1.536312e-09	3.683693e+01	1.008935e+02
3.360000e-06	5.182634e-06	1.534384e-09	3.693129e+01	1.008943e+02
3.370000e-06	5.195500e-06	1.533941e-09	3.702298e+01	1.008891e+02
3.380000e-06	5.207970e-06	1.533785e-09	3.711183e+01	1.008777e+02
3.390000e-06	5.220078e-06	1.534831e-09	3.719811e+01	1.008598e+02
3.400000e-06	5.231928e-06	1.537107e-09	3.728256e+01	1.008352e+02
3.410000e-06	5.243335e-06	1.537803e-09	3.736384e+01	1.008037e+02
3.420000e-06	5.254250e-06	1.535063e-09	3.744163e+01	1.007652e+02
3.430000e-06	5.264716e-06	1.529052e-09	3.751621e+01	1.007195e+02
3.440000e-06	5.274644e-06	1.523527e-09	3.758695e+01	1.006665e+02
3.450000e-06	5.283886e-06	1.521273e-09	3.765281e+01	1.006062e+02
3.460000e-06	5.292607e-06	1.521335e-09	3.771496e+01	1.005386e+02
3.470000e-06	5.300948e-06	1.521224e-09	3.777440e+01	1.004637e+02
3.480000e-06	5.308970e-06	1.521704e-09	3.783156e+01	1.003816e+02
3.490000e-06	5.316753e-06	1.523897e-09	3.788702e+01	1.002925e+02
3.500000e-06	5.324239e-06	1.526426e-09	3.794037e+01	1.001966e+02
3.510000e-06	5.331367e-06	1.524198e-09	3.799116e+01	1.000940e+02
3.520000e-06	5.338140e-06	1.516968e-09	3.803942e+01	9.998518e+01
3.530000e-06	5.344650e-06	1.511615e-09	3.808581e+01	9.987038e+01
3.540000e-06	5.350784e-06	1.509783e-09	3.812952e+01	9.975004e+01
3.550000e-06	5.356420e-06	1.508966e-09	3.816968e+01	9.962460e+01
3.560000e-06	5.361734e-06	1.508184e-09	3.820756e+01	9.949456e+01
3.570000e-06	5.366683e-06	1.509027e-09	3.824282e+01	9.936047e+01
3.580000e-06	5.371199e-06	1.510412e-09	3.827500e+01	9.922291e+01
3.590000e-06	5.375425e-06	1.511631e-09	3.830512e+01	9.908249e+01
3.600000e-06	5.379438e-06	1.510973e-09	3.833371e+01	9.893987e+01
3.610000e-06	5.383239e-06	1.505951e-09	3.836080e+01	9.879572e+01
3.620000e-06	5.386819e-06	1.502656e-09	3.838631e+01	9.865075e+01
3.630000e-06	5.390001e-06	1.502017e-09	3.840898e+01	9.850566e+01
3.640000e-06	5.392660e-06	1.502364e-09	3.842793e+01	9.836119e+01
3.650000e-06	5.394699e-06	1.501040e-09	3.844246e+01	9.821805e+01
3.660000e-06	5.395958e-06	1.501135e-09	3.845143e+01	9.807697e+01
3.670000e-06	5.396676e-06	1.506491e-09	3.845655e+01	9.793868e+01
3.680000e-06	5.397054e-06	1.509567e-09	3.845924e+01	9.780385e+01
3.690000e-06	5.397160e-06	1.505999e-09	3.846000e+01	9.767318e+01
3.700000e-06	5.397090e-06	1.500328e-09	3.845949e+01	9.754731e+01
3.710000e-06	5.396731e-06	1.497216e-09	3.845694e+01	9.742684e+01
3.720000e-06	5.395980e-06	1.495506e-09	3.845159e+01	9.731234e+01
3.730000e-06	5.394858e-06	1.491130e-09	3.844359e+01	9.720433e+01
3.740000e-06	5.393317e-06	1.480636e-09	3.843261e+01	9.710327e+01
3.750000e-06	5.391490e-06	1.456110e-09	3.841959e+01	9.700957e+01
3.760000e-06	5.389408e-06	1.434174e-09	3.840476e+01	9.692358e+01
3.770000e-06	5.387008e-06	1.474666e-09	3.838766e+01	9.684556e+01
3.780000e-06	5.384257e-06	1.518796e-09	3.836805e+01	9.677572e+01
3.790000e-06	5.381011e-06	1.466623e-09	3.834492e+01	9.671419e+01
3.800000e-06	5.377306e-06	1.448117e-09	3.831852e+01	9.666101e+01
3.810000e-06	5.373331e-06	1.477569e-09	3.829019e+01	9.661617e+01
3.820000e-06	5.369172e-06	1.502299e-09	3.826056e+01	9.657956e+01
3.830000e-06	5.364821e-06	1.429639e-09	3.822955e+01	9.655100e+01
3.840000e-06	5.360036e-06	1.360426e-09	3.819545e+01	9.653023e+01
3.850000e-06	5.354505e-06	1.432445e-09	3.815604e+01	9.651690e+01
3.860000e-06	5.348517e-06	1.495804e-09	3.811337e+01	9.651061e+01
3.870000e-06	5.342292e-06	1.461555e-09	3.806901e+01	9.651088e+01
3.880000e-06	5.335479e-06	1.406183e-09	3.802046e+01	9.651715e+01
3.890000e-06	5.327984e-06	1.459504e-09	3.796705e+01	9.652882e+01
3.900000e-06	5.320088e-06	1.466438e-09	3.791079e+01	9.654520e+01
3.910000e-06	5.312020e-06	1.398775e-09	3.785330e+01	9.656557e+01
3.920000e-06	5.303626e-06	1.364636e-09	3.779348e+01	9.658916e+01
3.930000e-06	5.294862e-06	1.433953e-09	3.773103e+01	9.661515e+01
3.940000e-06	5.285865e-06	1.444570e-09	3.766691e+01	9.664270e+01
3.950000e-06	5.276545e-06	1.428046e-09	3.760050e+01	9.667094e+01
3.960000e-06	5.266783e-06	1.463996e-09	3.753093e+01	9.669897e+01
3.970000e-06	5.256589e-06	1.506774e-09	3.745829e+01	9.672589e+01
3.980000e-06	5.246081e-06	1.477246e-09	3.738341e+01	9.675079e+01
3.990000e-06	5.235190e-06	1.487310e-09	3.730581e+01	9.677278e+01
4.000000e-06	5.223864e-06	1.555442e-09	3.722509e+01	9.679096e+01
4.010000e-06	5.212197e-06	1.546648e-09	3.714196e+01	9.680447e+01
4.020000e-06	5.200171e-06	1.498544e-09	3.705626e+01	9.681246e+01
4.030000e-06	5.187693e-06	1.519065e-09	3.696734e+01	9.681413e+01
4.040000e-06	5.174792e-06	1.541143e-09	3.687541e+01	9.680872e+01
4.050000e-06	5.161389e-06	1.465474e-09	3.677990e+01	9.679552e+01
4.060000e-06	5.147441e-06	1.460091e-09	3.668051e+01	9.677385e+01
4.070000e-06	5.132823e-06	1.526297e-09	3.657634e+01	9.674314e+01
4.080000e-06	5.117645e-06	1.521699e-09	3.646818e+01	9.670283e+01
4.090000e-06	5.102177e-06	1.476774e-09	3.635796e+01	9.665247e+01
4.100000e-06	5.086348e-06	1.513401e-09	3.624516e+01	9.659166e+01
4.110000e-06	5.070249e-06	1.513088e-09	3.613044e+01	9.652009e+01
4.120000e-06	5.054019e-06	1.463022e-09	3.601479e+01	9.643752e+01
4.130000e-06	5.037425e-06	1.446982e-09	3.589653e+01	9.634378e+01
4.140000e-06	5.020358e-06	1.465318e-09	3.577491e+01	9.623880e+01
4.150000e-06	5.002931e-06	1.448522e-09	3.565073e+01	9.612258e+01
4.160000e-06	4.985126e-06	1.472295e-09	3.552386e+01	9.599519e+01
4.170000e-06	4.967000e-06	1.496301e-09	3.539469e+01	9.585679e+01
4.180000e-06	4.948609e-06	1.476667e-09	3.526364e+01	9.570760e+01
4.190000e-06	4.929855e-06	1.462263e-09	3.512999e+01	9.554792e+01
4.200000e-06	4.910655e-06	1.472308e-09	3.499318e+01	9.537811e+01
4.210000e-06	4.891181e-06	1.444426e-09	3.485441e+01	9.519860e+01
4.220000e-06	4.871519e-06	1.424918e-09	3.471430e+01	9.500987e+01
4.230000e-06	4.851557e-06	1.436522e-09	3.457205e+01	9.481246e+01
4.240000e-06	4.831371e-06	1.438738e-09	3.442820e+01	9.460694e+01
4.250000e-06	4.811012e-06	1.441759e-09	3.428312e+01	9.439393e+01
4.260000e-06	4.790361e-06	1.452484e-09	3.413596e+01	9.417409e+01
4.270000e-06	4.769211e-06	1.438698e-09	3.398525e+01	9.394808e+01
4.280000e-06	4.747365e-06	1.427955e-09	3.382958e+01	9.371660e+01
4.290000e-06	4.724950e-06	1.439700e-09	3.366985e+01	9.348034e+01
4.300000e-06	4.702082e-06	1.422312e-09	3.350689e+01	9.324002e+01
4.310000e-06	4.678808e-06	1.400676e-09	3.334104e+01	9.299634e+01
4.320000e-06	4.655163e-06	1.408762e-09	3.317255e+01	9.274999e+01
4.330000e-06	4.631253e-06	1.409586e-09	3.300217e+01	9.250163e+01
4.340000e-06	4.607208e-06	1.387559e-09	3.283082e+01	9.225192e+01
4.350000e-06	4.582922e-06	1.384824e-09	3.265776e+01	9.200147e+01
4.360000e-06	4.558327e-06	1.387202e-09	3.248250e+01	9.175086e+01
4.370000e-06	4.533387e-06	1.389728e-09	3.230478e+01	9.150064e+01
4.380000e-06	4.508039e-06	1.393379e-09	3.212415e+01	9.125129e+01
4.390000e-06	4.482388e-06	1.393216e-09	3.194136e+01	9.100325e+01
4.400000e-06	4.456524e-06	1.378329e-09	3.175705e+01	9.075692e+01
4.410000e-06	4.430304e-06	1.371368e-09	3.157021e+01	9.051263e+01
4.420000e-06	4.403711e-06	1.361641e-09	3.138071e+01	9.027064e+01
4.430000e-06	4.376853e-06	1.348473e-09	3.118932e+01	9.003117e+01
4.440000e-06	4.349650e-06	1.342719e-09	3.099547e+01	8.979436e+01
4.450000e-06	4.322131e-06	1.353083e-09	3.079937e+01	8.956031e+01
4.460000e-06	4.294416e-06	1.362813e-09	3.060187e+01	8.932904e+01
4.470000e-06	4.266601e-06	1.366603e-09	3.040367e+01	8.910051e+01
4.480000e-06	4.238635e-06	1.358525e-09	3.020439e+01	8.887464e+01
4.490000e-06	4.210382e-06	1.353781e-09	3.000305e+01	8.865128e+01
4.500000e-06	4.181851e-06	1.350639e-09	2.979974e+01	8.843023e+01
4.510000e-06	4.153017e-06	1.340886e-09	2.959427e+01	8.821124e+01
4.520000e-06	4.123751e-06	1.326682e-09	2.938573e+01	8.799401e+01
4.530000e-06	4.094003e-06	1.326112e-09	2.917374e+01	8.777822e+01
4.540000e-06	4.063733e-06	1.336725e-09	2.895804e+01	8.756350e+01
4.550000e-06	4.032969e-06	1.343341e-09	2.873881e+01	8.734944e+01
4.560000e-06	4.001891e-06	1.341665e-09	2.851735e+01	8.713563e+01
4.570000e-06	3.970482e-06	1.336478e-09	2.829353e+01	8.692161e+01
4.580000e-06	3.938722e-06	1.330645e-09	2.806721e+01	8.670694e+01
4.590000e-06	3.906780e-06	1.322991e-09	2.783959e+01	8.649116e+01
4.600000e-06	3.874674e-06	1.313703e-09	2.761081e+01	8.627379e+01
4.610000e-06	3.842372e-06	1.304055e-09	2.738063e+01	8.605437e+01
4.620000e-06	3.809879e-06	1.300692e-09	2.714908e+01	8.583246e+01
4.630000e-06	3.777200e-06	1.301635e-09	2.691621e+01	8.560761e+01
4.640000e-06	3.744280e-06	1.301408e-09	2.668162e+01	8.537942e+01
4.650000e-06	3.711087e-06	1.296072e-09	2.644509e+01	8.514747e+01
4.660000e-06	3.677612e-06	1.292675e-09	2.620655e+01	8.491142e+01
4.670000e-06	3.643887e-06	1.290136e-09	2.596623e+01	8.467092e+01
4.680000e-06	3.609853e-06	1.288095e-09	2.572370e+01	8.442569e+01
4.690000e-06	3.575505e-06	1.281073e-09	2.547894e+01	8.417545e+01
4.700000e-06	3.540989e-06	1.276359e-09	2.523298e+01	8.391999e+01
4.710000e-06	3.506291e-06	1.273378e-09	2.498573e+01	8.365913e+01
4.720000e-06	3.471369e-06	1.271098e-09	2.473687e+01	8.339275e+01
4.730000e-06	3.436160e-06	1.264695e-09	2.448597e+01	8.312075e+01
4.740000e-06	3.400703e-06	1.261544e-09	2.423331e+01	8.284308e+01
4.750000e-06	3.365099e-06	1.261873e-09	2.397959e+01	8.255974e+01
4.760000e-06	3.329313e-06	1.261464e-09	2.372458e+01	8.227077e+01
4.770000e-06	3.293353e-06	1.255153e-09	2.346834e+01	8.197626e+01
4.780000e-06	3.257260e-06	1.247456e-09	2.321113e+01	8.167631e+01
4.790000e-06	3.221032e-06	1.238601e-09	2.295298e+01	8.137108e+01
4.800000e-06	3.184611e-06	1.229672e-09	2.269344e+01	8.106076e+01
4.810000e-06	3.147964e-06	1.222850e-09	2.243230e+01	8.074555e+01
4.820000e-06	3.111006e-06	1.220049e-09	2.216893e+01	8.042571e+01
4.830000e-06	3.073658e-06	1.217742e-09	2.190279e+01	8.010148e+01
4.840000e-06	3.035958e-06	1.215033e-09	2.163414e+01	7.977314e+01
4.850000e-06	2.997911e-06	1.212029e-09	2.136302e+01	7.944097e+01
4.860000e-06	2.959472e-06	1.208024e-09	2.108911e+01	7.910528e+01
4.870000e-06	2.920639e-06	1.202535e-09	2.081238e+01	7.876637e+01
4.880000e-06	2.881518e-06	1.195486e-09	2.053361e+01	7.842451e+01
4.890000e-06	2.842146e-06	1.187005e-09	2.025305e+01	7.808001e+01
4.900000e-06	2.802572e-06	1.181219e-09	1.997104e+01	7.773314e+01
4.910000e-06	2.762866e-06	1.178710e-09	1.968810e+01	7.738416e+01
4.920000e-06	2.723062e-06	1.175950e-09	1.940445e+01	7.703331e+01
4.930000e-06	2.683137e-06	1.172506e-09	1.911995e+01	7.668081e+01
4.940000e-06	2.643038e-06	1.166949e-09	1.883420e+01	7.632686e+01
4.950000e-06	2.602848e-06	1.162445e-09	1.854782e+01	7.597161e+01
4.960000e-06	2.562605e-06	1.156622e-09	1.826104e+01	7.561519e+01
4.970000e-06	2.522184e-06	1.150714e-09	1.797301e+01	7.525771e+01
4.980000e-06	2.481567e-06	1.143397e-09	1.768357e+01	7.489921e+01
4.990000e-06	2.440714e-06	1.136465e-09	1.739245e+01	7.453971e+01
5.000000e-06	2.399687e-06	1.132263e-09	1.710010e+01	7.417921e+01
5.010000e-06	2.358607e-06	1.129988e-09	1.680736e+01	7.381763e+01
5.020000e-06	2.317337e-06	1.124492e-09	1.651327e+01	7.345489e+01
5.030000e-06	2.275799e-06	1.118231e-09	1.621728e+01	7.309085e+01
5.040000e-06	2.234104e-06	1.113389e-09	1.592016e+01	7.272533e+01
5.050000e-06	2.192275e-06	1.108782e-09	1.562208e+01	7.235813e+01
5.060000e-06	2.150343e-06	1.104396e-09	1.532328e+01	7.198901e+01
5.070000e-06	2.108272e-06	1.099498e-09	1.502348e+01	7.161769e+01
5.080000e-06	2.066087e-06	1.090745e-09	1.472287e+01	7.124387e+01
5.090000e-06	2.023812e-06	1.081847e-09	1.442162e+01	7.086723e+01
5.100000e-06	1.981365e-06	1.073982e-09	1.411915e+01	7.048740e+01
5.110000e-06	1.938679e-06	1.066454e-09	1.381497e+01	7.010401e+01
5.120000e-06	1.895812e-06	1.062072e-09	1.350950e+01	6.971669e+01
5.130000e-06	1.852827e-06	1.061820e-09	1.320319e+01	6.932502e+01
5.140000e-06	1.809662e-06	1.062912e-09	1.289559e+01	6.892860e+01
5.150000e-06	1.766362e-06	1.060521e-09	1.258704e+01	6.852701e+01
5.160000e-06	1.722968e-06	1.051696e-09	1.227782e+01	6.811983e+01
5.170000e-06	1.679447e-06	1.039751e-09	1.196769e+01	6.770664e+01
5.180000e-06	1.635866e-06	1.026357e-09	1.165713e+01	6.728704e+01
5.190000e-06	1.592229e-06	1.015044e-09	1.134618e+01	6.686062e+01
5.200000e-06	1.548466e-06	1.006995e-09	1.103432e+01	6.642697e+01
5.210000e-06	1.504618e-06	1.003340e-09	1.072186e+01	6.598572e+01
5.220000e-06	1.460696e-06	1.002900e-09	1.040887e+01	6.553649e+01
5.230000e-06	1.416727e-06	1.005676e-09	1.009556e+01	6.507893e+01
5.240000e-06	1.372728e-06	1.006169e-09	9.782017e+00	6.461271e+01
5.250000e-06	1.328690e-06	9.984253e-10	9.468204e+00	6.413750e+01
5.260000e-06	1.284605e-06	9.864351e-10	9.154057e+00	6.365300e+01
5.270000e-06	1.240513e-06	9.720009e-10	8.839856e+00	6.315893e+01
5.280000e-06	1.196380e-06	9.565725e-10	8.525368e+00	6.265501e+01
5.290000e-06	1.152238e-06	9.434474e-10	8.210814e+00	6.214100e+01
5.300000e-06	1.108026e-06	9.365699e-10	7.895756e+00	6.161665e+01
5.310000e-06	1.063767e-06	9.348064e-10	7.580370e+00	6.108175e+01
5.320000e-06	1.019379e-06	9.351097e-10	7.264064e+00	6.053606e+01
5.330000e-06	9.747873e-07	9.339922e-10	6.946305e+00	5.997940e+01
5.340000e-06	9.302524e-07	9.294386e-10	6.628950e+00	5.941155e+01
5.350000e-06	8.857296e-07	9.197778e-10	6.311682e+00	5.883230e+01
5.360000e-06	8.411093e-07	9.047768e-10	5.993719e+00	5.824146e+01
5.370000e-06	7.963818e-07	8.879341e-10	5.674992e+00	5.763880e+01
5.380000e-06	7.515660e-07	8.741648e-10	5.355636e+00	5.702411e+01
5.390000e-06	7.066866e-07	8.654594e-10	5.035827e+00	5.639715e+01
5.400000e-06	6.617240e-07	8.620808e-10	4.715425e+00	5.575766e+01
5.410000e-06	6.167333e-07	8.590638e-10	4.394822e+00	5.510536e+01
5.420000e-06	5.717723e-07	8.538328e-10	4.074432e+00	5.443996e+01
5.430000e-06	5.268090e-07	8.432583e-10	3.754025e+00	5.376112e+01
5.440000e-06	4.817340e-07	8.286326e-10	3.432822e+00	5.306847e+01
5.450000e-06	4.366243e-07	8.126885e-10	3.111371e+00	5.236162e+01
5.460000e-06	3.915873e-07	7.957062e-10	2.790439e+00	5.164013e+01
5.470000e-06	3.465279e-07	7.825214e-10	2.469348e+00	5.090351e+01
5.480000e-06	3.014008e-07	7.737455e-10	2.147773e+00	5.015126e+01
5.490000e-06	2.562971e-07	7.644534e-10	1.826365e+00	4.938280e+01
5.500000e-06	2.111707e-07	7.536862e-10	1.504796e+00	4.859753e+01
5.510000e-06	1.659192e-07	7.419419e-10	1.182335e+00	4.779481e+01
5.520000e-06	1.206106e-07	7.290599e-10	8.594674e-01	4.697394e+01
5.530000e-06	7.533205e-08	7.149119e-10	5.368139e-01	4.613418e+01
5.540000e-06	3.009118e-08	7.004255e-10	2.144288e-01	4.527476e+01
5.550000e-06	-1.507960e-08	6.874625e-10	-1.074568e-01	4.439488e+01
5.560000e-06	-6.017947e-08	6.775911e-10	-4.288371e-01	4.349369e+01
5.570000e-06	-1.052883e-07	6.656364e-10	-7.502814e-01	4.257033e+01
5.580000e-06	-1.504750e-07	6.490519e-10	-1.072281e+00	4.162389e+01
5.590000e-06	-1.958197e-07	6.296772e-10	-1.395405e+00	4.065345e+01
5.600000e-06	-2.411783e-07	6.103003e-10	-1.718629e+00	3.965811e+01
5.610000e-06	-2.863807e-07	5.950526e-10	-2.040740e+00	3.863691e+01
5.620000e-06	-3.315503e-07	5.807229e-10	-2.362617e+00	3.758892e+01
5.630000e-06	-3.767385e-07	5.644083e-10	-2.684627e+00	3.651323e+01
5.640000e-06	-4.218484e-07	5.470797e-10	-3.006078e+00	3.540891e+01
5.650000e-06	-4.668859e-07	5.293253e-10	-3.327015e+00	3.427509e+01
5.660000e-06	-5.118843e-07	5.089891e-10	-3.647672e+00	3.311090e+01
5.670000e-06	-5.568884e-07	4.876924e-10	-3.968370e+00	3.191555e+01
5.680000e-06	-6.018273e-07	4.640931e-10	-4.288603e+00	3.068826e+01
5.690000e-06	-6.466106e-07	4.424655e-10	-4.607727e+00	2.942834e+01
5.700000e-06	-6.913078e-07	4.248647e-10	-4.926238e+00	2.813514e+01
5.710000e-06	-7.359764e-07	4.077399e-10	-5.244545e+00	2.680810e+01
5.720000e-06	-7.805163e-07	3.923073e-10	-5.561935e+00	2.544676e+01
5.730000e-06	-8.250378e-07	3.750425e-10	-5.879194e+00	2.405071e+01
5.740000e-06	-8.695932e-07	3.546533e-10	-6.196695e+00	2.261969e+01
5.750000e-06	-9.141577e-07	3.300578e-10	-6.514260e+00	2.115352e+01
5.760000e-06	-9.585959e-07	3.029694e-10	-6.830925e+00	1.965212e+01
5.770000e-06	-1.002831e-06	2.744260e-10	-7.146143e+00	1.811556e+01
5.780000e-06	-1.047066e-06	2.478874e-10	-7.461358e+00	1.654401e+01
5.790000e-06	-1.091265e-06	2.233140e-10	-7.776319e+00	1.493778e+01
5.800000e-06	-1.135411e-06	1.998393e-10	-8.090907e+00	1.329731e+01
5.810000e-06	-1.179502e-06	1.795901e-10	-8.405095e+00	1.162318e+01
5.820000e-06	-1.223578e-06	1.623248e-10	-8.719177e+00	9.916107e+00
5.830000e-06	-1.267649e-06	1.404467e-10	-9.033226e+00	8.176934e+00
5.840000e-06	-1.311669e-06	1.101294e-10	-9.346911e+00	6.406655e+00
5.850000e-06	-1.355627e-06	7.691904e-11	-9.660159e+00	4.606396e+00
5.860000e-06	-1.399528e-06	4.511375e-11	-9.972995e+00	2.777417e+00
5.870000e-06	-1.443368e-06	1.594650e-11	-1.028540e+01	9.211138e-01
5.880000e-06	-1.487148e-06	-1.013169e-11	-1.059737e+01	-9.609930e-01
5.890000e-06	-1.530888e-06	-3.243888e-11	-1.090906e+01	-2.867258e+00
5.900000e-06	-1.574572e-06	-5.229877e-11	-1.122035e+01	-4.795917e+00
5.910000e-06	-1.618166e-06	-7.581546e-11	-1.153100e+01	-6.745097e+00
5.920000e-06	-1.661664e-06	-1.065712e-10	-1.184096e+01	-8.712821e+00
5.930000e-06	-1.705049e-06	-1.397114e-10	-1.215013e+01	-1.069701e+01
5.940000e-06	-1.748297e-06	-1.742992e-10	-1.245831e+01	-1.269552e+01
5.950000e-06	-1.791414e-06	-2.093635e-10	-1.276556e+01	-1.470610e+01
5.960000e-06	-1.834335e-06	-2.416823e-10	-1.307141e+01	-1.672645e+01
5.970000e-06	-1.877126e-06	-2.698087e-10	-1.337634e+01	-1.875420e+01
5.980000e-06	-1.919889e-06	-2.951884e-10	-1.368107e+01	-2.078697e+01
5.990000e-06	-1.962450e-06	-3.229259e-10	-1.398436e+01	-2.282230e+01
6.000000e-06	-2.004756e-06	-3.557594e-10	-1.428583e+01	-2.485774e+01
6.010000e-06	-2.046944e-06	-3.904136e-10	-1.458646e+01	-2.689080e+01
6.020000e-06	-2.089035e-06	-4.244753e-10	-1.488640e+01	-2.891903e+01
6.030000e-06	-2.130973e-06	-4.600808e-10	-1.518525e+01	-3.093996e+01
6.040000e-06	-2.172744e-06	-4.963812e-10	-1.548291e+01	-3.295114e+01
6.050000e-06	-2.214422e-06	-5.273164e-10	-1.577990e+01	-3.495019e+01
6.060000e-06	-2.255957e-06	-5.518068e-10	-1.607588e+01	-3.693475e+01
6.070000e-06	-2.297329e-06	-5.734444e-10	-1.637070e+01	-3.890250e+01
6.080000e-06	-2.338517e-06	-6.020519e-10	-1.666420e+01	-4.085123e+01
6.090000e-06	-2.379494e-06	-6.336188e-10	-1.695620e+01	-4.277878e+01
6.100000e-06	-2.420230e-06	-6.659194e-10	-1.724648e+01	-4.468306e+01
6.110000e-06	-2.460823e-06	-7.009581e-10	-1.753575e+01	-4.656210e+01
6.120000e-06	-2.501311e-06	-7.377932e-10	-1.782427e+01	-4.841402e+01
6.130000e-06	-2.541628e-06	-7.696377e-10	-1.811156e+01	-5.023704e+01
6.140000e-06	-2.581803e-06	-7.913439e-10	-1.839785e+01	-5.202950e+01
6.150000e-06	-2.621824e-06	-8.103170e-10	-1.868304e+01	-5.378987e+01
6.160000e-06	-2.661727e-06	-8.328662e-10	-1.896738e+01	-5.551670e+01
6.170000e-06	-2.701584e-06	-8.610101e-10	-1.925140e+01	-5.720871e+01
6.180000e-06	-2.741400e-06	-8.901766e-10	-1.953514e+01	-5.886473e+01
6.190000e-06	-2.781088e-06	-9.179637e-10	-1.981795e+01	-6.048372e+01
6.200000e-06	-2.820617e-06	-9.459598e-10	-2.009963e+01	-6.206475e+01
6.210000e-06	-2.859955e-06	-9.740129e-10	-2.037995e+01	-6.360706e+01
6.220000e-06	-2.899059e-06	-9.960984e-10	-2.065861e+01	-6.510997e+01
6.230000e-06	-2.937807e-06	-1.011770e-09	-2.093472e+01	-6.657297e+01
6.240000e-06	-2.976247e-06	-1.028096e-09	-2.120864e+01	-6.799565e+01
6.250000e-06	-3.014293e-06	-1.048590e-09	-2.147976e+01	-6.937773e+01
6.260000e-06	-3.051923e-06	-1.073114e-09	-2.174791e+01	-7.071903e+01
6.270000e-06	-3.089336e-06	-1.096645e-09	-2.201452e+01	-7.201951e+01
6.280000e-06	-3.126306e-06	-1.119499e-09	-2.227796e+01	-7.327921e+01
6.290000e-06	-3.162815e-06	-1.143569e-09	-2.253812e+01	-7.449828e+01
6.300000e-06	-3.199129e-06	-1.166806e-09	-2.279690e+01	-7.567698e+01
6.310000e-06	-3.235307e-06	-1.184039e-09	-2.305470e+01	-7.681565e+01
6.320000e-06	-3.271366e-06	-1.196022e-09	-2.331165e+01	-7.791471e+01
6.330000e-06	-3.307283e-06	-1.210386e-09	-2.356760e+01	-7.897466e+01
6.340000e-06	-3.343064e-06	-1.225385e-09	-2.382257e+01	-7.999607e+01
6.350000e-06	-3.378719e-06	-1.238846e-09	-2.407665e+01	-8.097957e+01
6.360000e-06	-3.414142e-06	-1.251071e-09	-2.432907e+01	-8.192586e+01
6.370000e-06	-3.449365e-06	-1.265512e-09	-2.458007e+01	-8.283567e+01
6.380000e-06	-3.484401e-06	-1.282707e-09	-2.482974e+01	-8.370978e+01
6.390000e-06	-3.519146e-06	-1.298086e-09	-2.507733e+01	-8.454902e+01
6.400000e-06	-3.553597e-06	-1.309804e-09	-2.532282e+01	-8.535424e+01
6.410000e-06	-3.587855e-06	-1.320304e-09	-2.556695e+01	-8.612631e+01
6.420000e-06	-3.621878e-06	-1.330367e-09	-2.580939e+01	-8.686613e+01
6.430000e-06	-3.655584e-06	-1.338739e-09	-2.604958e+01	-8.757460e+01
6.440000e-06	-3.689088e-06	-1.343613e-09	-2.628833e+01	-8.825265e+01
6.450000e-06	-3.722342e-06	-1.350944e-09	-2.652529e+01	-8.890120e+01
6.460000e-06	-3.755231e-06	-1.365219e-09	-2.675966e+01	-8.952117e+01
6.470000e-06	-3.787836e-06	-1.381398e-09	-2.699200e+01	-9.011348e+01
6.480000e-06	-3.820216e-06	-1.394712e-09	-2.722274e+01	-9.067905e+01
6.490000e-06	-3.852460e-06	-1.405789e-09	-2.745251e+01	-9.121878e+01
6.500000e-06	-3.884464e-06	-1.414379e-09	-2.768057e+01	-9.173357e+01
6.510000e-06	-3.916207e-06	-1.420836e-09	-2.790677e+01	-9.222431e+01
6.520000e-06	-3.947773e-06	-1.424230e-09	-2.813171e+01	-9.269185e+01
6.530000e-06	-3.979113e-06	-1.427702e-09	-2.835504e+01	-9.313705e+01
6.540000e-06	-4.010066e-06	-1.432756e-09	-2.857561e+01	-9.356075e+01
6.550000e-06	-4.040524e-06	-1.438225e-09	-2.879265e+01	-9.396376e+01
6.560000e-06	-4.070618e-06	-1.444378e-09	-2.900710e+01	-9.434688e+01
6.570000e-06	-4.100323e-06	-1.450445e-09	-2.921878e+01	-9.471089e+01
6.580000e-06	-4.129574e-06	-1.457319e-09	-2.942722e+01	-9.505656e+01
6.590000e-06	-4.158386e-06	-1.462751e-09	-2.963253e+01	-9.538463e+01
6.600000e-06	-4.186821e-06	-1.464996e-09	-2.983516e+01	-9.569584e+01
6.610000e-06	-4.215002e-06	-1.467815e-09	-3.003597e+01	-9.599090e+01
6.620000e-06	-4.243012e-06	-1.472663e-09	-3.023557e+01	-9.627050e+01
6.630000e-06	-4.270856e-06	-1.478122e-09	-3.043399e+01	-9.653533e+01
6.640000e-06	-4.298518e-06	-1.482835e-09	-3.063111e+01	-9.678605e+01
6.650000e-06	-4.325977e-06	-1.485142e-09	-3.082678e+01	-9.702333e+01
6.660000e-06	-4.353104e-06	-1.487907e-09	-3.102008e+01	-9.724779e+01
6.670000e-06	-4.379829e-06	-1.493942e-09	-3.121052e+01	-9.746007e+01
6.680000e-06	-4.406171e-06	-1.500309e-09	-3.139824e+01	-9.766078e+01
6.690000e-06	-4.432188e-06	-1.502529e-09	-3.158364e+01	-9.785051e+01
6.700000e-06	-4.458009e-06	-1.505477e-09	-3.176764e+01	-9.802986e+01
6.710000e-06	-4.483541e-06	-1.507884e-09	-3.194958e+01	-9.819939e+01
6.720000e-06	-4.508704e-06	-1.508773e-09	-3.212889e+01	-9.835966e+01
6.730000e-06	-4.533553e-06	-1.507762e-09	-3.230596e+01	-9.851121e+01
6.740000e-06	-4.558068e-06	-1.507819e-09	-3.248065e+01	-9.865458e+01
6.750000e-06	-4.582324e-06	-1.512818e-09	-3.265350e+01	-9.879026e+01
6.760000e-06	-4.606422e-06	-1.519120e-09	-3.282522e+01	-9.891874e+01
6.770000e-06	-4.630313e-06	-1.523235e-09	-3.299547e+01	-9.904051e+01
6.780000e-06	-4.653855e-06	-1.527189e-09	-3.316323e+01	-9.915600e+01
6.790000e-06	-4.677085e-06	-1.533626e-09	-3.332876e+01	-9.926565e+01
6.800000e-06	-4.699952e-06	-1.536220e-09	-3.349171e+01	-9.936986e+01
6.810000e-06	-4.722371e-06	-1.532318e-09	-3.365147e+01	-9.946900e+01
6.820000e-06	-4.744309e-06	-1.529387e-09	-3.380780e+01	-9.956343e+01
6.830000e-06	-4.765690e-06	-1.533102e-09	-3.396016e+01	-9.965347e+01
6.840000e-06	-4.786549e-06	-1.539737e-09	-3.410880e+01	-9.973940e+01
6.850000e-06	-4.807025e-06	-1.544243e-09	-3.425471e+01	-9.982149e+01
6.860000e-06	-4.827221e-06	-1.547351e-09	-3.439863e+01	-9.989995e+01
6.870000e-06	-4.847181e-06	-1.552363e-09	-3.454087e+01	-9.997499e+01
6.880000e-06	-4.866943e-06	-1.555899e-09	-3.468169e+01	-1.000468e+02
6.890000e-06	-4.886391e-06	-1.554677e-09	-3.482027e+01	-1.001154e+02
6.900000e-06	-4.905485e-06	-1.550836e-09	-3.495633e+01	-1.001809e+02
6.910000e-06	-4.924241e-06	-1.551228e-09	-3.508999e+01	-1.002435e+02
6.920000e-06	-4.942647e-06	-1.556420e-09	-3.522115e+01	-1.003030e+02
6.930000e-06	-4.960799e-06	-1.560726e-09	-3.535050e+01	-1.003595e+02
6.940000e-06	-4.978704e-06	-1.562163e-09	-3.547809e+01	-1.004129e+02
6.950000e-06	-4.996286e-06	-1.563465e-09	-3.560338e+01	-1.004631e+02
6.960000e-06	-5.013517e-06	-1.564518e-09	-3.572617e+01	-1.005100e+02
6.970000e-06	-5.030366e-06	-1.563899e-09	-3.584624e+01	-1.005534e+02
6.980000e-06	-5.046853e-06	-1.560809e-09	-3.596372e+01	-1.005933e+02
6.990000e-06	-5.063032e-06	-1.558057e-09	-3.607901e+01	-1.006292e+02
7.000000e-06	-5.078961e-06	-1.560539e-09	-3.619252e+01	-1.006611e+02
7.010000e-06	-5.094614e-06	-1.564365e-09	-3.630406e+01	-1.006887e+02
7.020000e-06	-5.109871e-06	-1.564653e-09	-3.641278e+01	-1.007118e+02
7.030000e-06	-5.124592e-06	-1.564037e-09	-3.651768e+01	-1.007299e+02
7.040000e-06	-5.138694e-06	-1.563892e-09	-3.661818e+01	-1.007430e+02
7.050000e-06	-5.152200e-06	-1.562016e-09	-3.671442e+01	-1.007507e+02
7.060000e-06	-5.165229e-06	-1.558768e-09	-3.680726e+01	-1.007527e+02
7.070000e-06	-5.177826e-06	-1.556615e-09	-3.689703e+01	-1.007487e+02
7.080000e-06	-5.190018e-06	-1.557212e-09	-3.698391e+01	-1.007386e+02
7.090000e-06	-5.201853e-06	-1.560005e-09	-3.706825e+01	-1.007220e+02
7.100000e-06	-5.213240e-06	-1.561595e-09	-3.714939e+01	-1.006987e+02
7.110000e-06	-5.224226e-06	-1.558487e-09	-3.722767e+01	-1.006686e+02
7.120000e-06	-5.234928e-06	-1.555343e-09	-3.730394e+01	-1.006315e+02
7.130000e-06	-5.245259e-06	-1.553793e-09	-3.737755e+01	-1.005872e+02
7.140000e-06	-5.255260e-06	-1.552332e-09	-3.744882e+01	-1.005357e+02
7.150000e-06	-5.265000e-06	-1.551480e-09	-3.751823e+01	-1.004768e+02
7.160000e-06	-5.274341e-06	-1.549670e-09	-3.758479e+01	-1.004107e+02
7.170000e-06	-5.283186e-06	-1.546041e-09	-3.764782e+01	-1.003372e+02
7.180000e-06	-5.291677e-06	-1.543691e-09	-3.770833e+01	-1.002566e+02
7.190000e-06	-5.299987e-06	-1.541843e-09	-3.776755e+01	-1.001688e+02
7.200000e-06	-5.308027e-06	-1.539981e-09	-3.782484e+01	-1.000742e+02
7.210000e-06	-5.315797e-06	-1.538212e-09	-3.788021e+01	-9.997299e+01
7.220000e-06	-5.323322e-06	-1.535897e-09	-3.793383e+01	-9.986539e+01
7.230000e-06	-5.330440e-06	-1.534476e-09	-3.798455e+01	-9.975178e+01
7.240000e-06	-5.336986e-06	-1.533854e-09	-3.803120e+01	-9.963255e+01
7.250000e-06	-5.343027e-06	-1.533797e-09	-3.807424e+01	-9.950815e+01
7.260000e-06	-5.348418e-06	-1.532292e-09	-3.811266e+01	-9.937906e+01
7.270000e-06	-5.353174e-06	-1.528921e-09	-3.814656e+01	-9.924583e+01
7.280000e-06	-5.357661e-06	-1.525541e-09	-3.817853e+01	-9.910903e+01
7.290000e-06	-5.361863e-06	-1.522964e-09	-3.820848e+01	-9.896926e+01
7.300000e-06	-5.365784e-06	-1.518547e-09	-3.823641e+01	-9.882718e+01
7.310000e-06	-5.369455e-06	-1.515261e-09	-3.826257e+01	-9.868346e+01
7.320000e-06	-5.372717e-06	-1.512623e-09	-3.828582e+01	-9.853880e+01
7.330000e-06	-5.375586e-06	-1.511929e-09	-3.830626e+01	-9.839390e+01
7.340000e-06	-5.378149e-06	-1.513940e-09	-3.832453e+01	-9.824950e+01
7.350000e-06	-5.380405e-06	-1.515755e-09	-3.834060e+01	-9.810631e+01
7.360000e-06	-5.382361e-06	-1.515505e-09	-3.835454e+01	-9.796506e+01
7.370000e-06	-5.383943e-06	-1.511423e-09	-3.836581e+01	-9.782647e+01
7.380000e-06	-5.385122e-06	-1.508111e-09	-3.837421e+01	-9.769124e+01
7.390000e-06	-5.385969e-06	-1.505458e-09	-3.838025e+01	-9.756006e+01
7.400000e-06	-5.386565e-06	-1.502192e-09	-3.838450e+01	-9.743356e+01
