# Temperatura_=_-4.84
# Concentracion g/m^3_=_4090.0
# C_Vs_to_Am_M_A/Vsm_=_65563218390.804596
# pendiente_HvsI_1/m_=_3716.3
# ordenada_HvsI_A/m_=_1297.0
# frecuencia_Hz_=_135075.18881145562

Tiempo_(s)	Campo_(V.s)	Magnetizacion_(V.s)	Campo_(kA/m)	Magnetizacion_(A/m)
0.000000e+00	-5.423359e-06	-1.389121e-09	-3.839236e+01	-9.170343e+01
1.000000e-08	-5.423529e-06	-1.388376e-09	-3.839356e+01	-9.169294e+01
2.000000e-08	-5.423489e-06	-1.385551e-09	-3.839327e+01	-9.169101e+01
3.000000e-08	-5.423275e-06	-1.380444e-09	-3.839176e+01	-9.169818e+01
4.000000e-08	-5.422696e-06	-1.376997e-09	-3.838766e+01	-9.171492e+01
5.000000e-08	-5.421566e-06	-1.376561e-09	-3.837966e+01	-9.174158e+01
6.000000e-08	-5.419815e-06	-1.376221e-09	-3.836727e+01	-9.177843e+01
7.000000e-08	-5.417370e-06	-1.373899e-09	-3.834996e+01	-9.182561e+01
8.000000e-08	-5.414284e-06	-1.385536e-09	-3.832811e+01	-9.188319e+01
9.000000e-08	-5.410635e-06	-1.399040e-09	-3.830228e+01	-9.195110e+01
1.000000e-07	-5.406487e-06	-1.379591e-09	-3.827292e+01	-9.202917e+01
1.100000e-07	-5.402086e-06	-1.369567e-09	-3.824177e+01	-9.211712e+01
1.200000e-07	-5.397646e-06	-1.380994e-09	-3.821033e+01	-9.221458e+01
1.300000e-07	-5.393000e-06	-1.393215e-09	-3.817744e+01	-9.232105e+01
1.400000e-07	-5.387894e-06	-1.381592e-09	-3.814130e+01	-9.243595e+01
1.500000e-07	-5.382341e-06	-1.372069e-09	-3.810199e+01	-9.255857e+01
1.600000e-07	-5.376510e-06	-1.409389e-09	-3.806071e+01	-9.268815e+01
1.700000e-07	-5.370333e-06	-1.389912e-09	-3.801698e+01	-9.282383e+01
1.800000e-07	-5.363589e-06	-1.361441e-09	-3.796924e+01	-9.296465e+01
1.900000e-07	-5.356394e-06	-1.389192e-09	-3.791831e+01	-9.310960e+01
2.000000e-07	-5.349067e-06	-1.439231e-09	-3.786644e+01	-9.325760e+01
2.100000e-07	-5.341534e-06	-1.415228e-09	-3.781311e+01	-9.340754e+01
2.200000e-07	-5.333673e-06	-1.379761e-09	-3.775747e+01	-9.355823e+01
2.300000e-07	-5.325589e-06	-1.443528e-09	-3.770024e+01	-9.370847e+01
2.400000e-07	-5.317183e-06	-1.497066e-09	-3.764073e+01	-9.385703e+01
2.500000e-07	-5.308280e-06	-1.478110e-09	-3.757771e+01	-9.400268e+01
2.600000e-07	-5.298699e-06	-1.458851e-09	-3.750988e+01	-9.414417e+01
2.700000e-07	-5.288347e-06	-1.502936e-09	-3.743660e+01	-9.428027e+01
2.800000e-07	-5.277393e-06	-1.502671e-09	-3.735905e+01	-9.440978e+01
2.900000e-07	-5.265992e-06	-1.440042e-09	-3.727834e+01	-9.453150e+01
3.000000e-07	-5.254229e-06	-1.420514e-09	-3.719507e+01	-9.464431e+01
3.100000e-07	-5.242176e-06	-1.467842e-09	-3.710975e+01	-9.474711e+01
3.200000e-07	-5.229724e-06	-1.468841e-09	-3.702160e+01	-9.483887e+01
3.300000e-07	-5.216903e-06	-1.449123e-09	-3.693084e+01	-9.491865e+01
3.400000e-07	-5.203750e-06	-1.457213e-09	-3.683773e+01	-9.498555e+01
3.500000e-07	-5.190137e-06	-1.456889e-09	-3.674136e+01	-9.503878e+01
3.600000e-07	-5.176107e-06	-1.441334e-09	-3.664204e+01	-9.507763e+01
3.700000e-07	-5.161682e-06	-1.445330e-09	-3.653993e+01	-9.510150e+01
3.800000e-07	-5.146847e-06	-1.435945e-09	-3.643491e+01	-9.510986e+01
3.900000e-07	-5.131305e-06	-1.402305e-09	-3.632488e+01	-9.510233e+01
4.000000e-07	-5.115124e-06	-1.421497e-09	-3.621034e+01	-9.507860e+01
4.100000e-07	-5.098608e-06	-1.456653e-09	-3.609342e+01	-9.503849e+01
4.200000e-07	-5.081691e-06	-1.428076e-09	-3.597366e+01	-9.498191e+01
4.300000e-07	-5.064434e-06	-1.396760e-09	-3.585150e+01	-9.490890e+01
4.400000e-07	-5.046912e-06	-1.422091e-09	-3.572746e+01	-9.481959e+01
4.500000e-07	-5.029192e-06	-1.431012e-09	-3.560202e+01	-9.471424e+01
4.600000e-07	-5.011110e-06	-1.401458e-09	-3.547402e+01	-9.459318e+01
4.700000e-07	-4.992483e-06	-1.389698e-09	-3.534216e+01	-9.445686e+01
4.800000e-07	-4.973476e-06	-1.397963e-09	-3.520760e+01	-9.430582e+01
4.900000e-07	-4.954205e-06	-1.396498e-09	-3.507118e+01	-9.414067e+01
5.000000e-07	-4.934674e-06	-1.399918e-09	-3.493292e+01	-9.396211e+01
5.100000e-07	-4.914905e-06	-1.390387e-09	-3.479298e+01	-9.377093e+01
5.200000e-07	-4.894896e-06	-1.372798e-09	-3.465133e+01	-9.356794e+01
5.300000e-07	-4.874653e-06	-1.381162e-09	-3.450802e+01	-9.335405e+01
5.400000e-07	-4.854156e-06	-1.398537e-09	-3.436292e+01	-9.313018e+01
5.500000e-07	-4.833331e-06	-1.381283e-09	-3.421551e+01	-9.289730e+01
5.600000e-07	-4.812098e-06	-1.364819e-09	-3.406520e+01	-9.265641e+01
5.700000e-07	-4.790499e-06	-1.374727e-09	-3.391230e+01	-9.240853e+01
5.800000e-07	-4.768618e-06	-1.376440e-09	-3.375740e+01	-9.215466e+01
5.900000e-07	-4.746444e-06	-1.355134e-09	-3.360043e+01	-9.189584e+01
6.000000e-07	-4.723904e-06	-1.342647e-09	-3.344087e+01	-9.163305e+01
6.100000e-07	-4.701005e-06	-1.347665e-09	-3.327876e+01	-9.136729e+01
6.200000e-07	-4.677777e-06	-1.359315e-09	-3.311433e+01	-9.109949e+01
6.300000e-07	-4.654266e-06	-1.362802e-09	-3.294789e+01	-9.083057e+01
6.400000e-07	-4.630462e-06	-1.356680e-09	-3.277938e+01	-9.056140e+01
6.500000e-07	-4.606432e-06	-1.352311e-09	-3.260927e+01	-9.029277e+01
6.600000e-07	-4.582296e-06	-1.355410e-09	-3.243841e+01	-9.002544e+01
6.700000e-07	-4.557878e-06	-1.351340e-09	-3.226555e+01	-8.976008e+01
6.800000e-07	-4.532940e-06	-1.336506e-09	-3.208901e+01	-8.949730e+01
6.900000e-07	-4.507483e-06	-1.328064e-09	-3.190880e+01	-8.923761e+01
7.000000e-07	-4.481502e-06	-1.334294e-09	-3.172488e+01	-8.898149e+01
7.100000e-07	-4.454907e-06	-1.342189e-09	-3.153661e+01	-8.872927e+01
7.200000e-07	-4.427837e-06	-1.339456e-09	-3.134498e+01	-8.848125e+01
7.300000e-07	-4.400447e-06	-1.332377e-09	-3.115109e+01	-8.823762e+01
7.400000e-07	-4.372810e-06	-1.332177e-09	-3.095544e+01	-8.799849e+01
7.500000e-07	-4.344996e-06	-1.335836e-09	-3.075855e+01	-8.776387e+01
7.600000e-07	-4.317003e-06	-1.329294e-09	-3.056038e+01	-8.753372e+01
7.700000e-07	-4.288800e-06	-1.320639e-09	-3.036073e+01	-8.730789e+01
7.800000e-07	-4.260309e-06	-1.319461e-09	-3.015904e+01	-8.708616e+01
7.900000e-07	-4.231535e-06	-1.322787e-09	-2.995535e+01	-8.686827e+01
8.000000e-07	-4.202479e-06	-1.320140e-09	-2.974966e+01	-8.665384e+01
8.100000e-07	-4.173107e-06	-1.312407e-09	-2.954173e+01	-8.644246e+01
8.200000e-07	-4.143503e-06	-1.306219e-09	-2.933217e+01	-8.623367e+01
8.300000e-07	-4.113572e-06	-1.306613e-09	-2.912028e+01	-8.602694e+01
8.400000e-07	-4.083275e-06	-1.305817e-09	-2.890581e+01	-8.582171e+01
8.500000e-07	-4.052817e-06	-1.301457e-09	-2.869019e+01	-8.561740e+01
8.600000e-07	-4.022159e-06	-1.296065e-09	-2.847316e+01	-8.541336e+01
8.700000e-07	-3.991117e-06	-1.295802e-09	-2.825341e+01	-8.520898e+01
8.800000e-07	-3.959761e-06	-1.294694e-09	-2.803144e+01	-8.500358e+01
8.900000e-07	-3.928216e-06	-1.286895e-09	-2.780813e+01	-8.479650e+01
9.000000e-07	-3.896506e-06	-1.276570e-09	-2.758365e+01	-8.458711e+01
9.100000e-07	-3.864613e-06	-1.272895e-09	-2.735788e+01	-8.437474e+01
9.200000e-07	-3.832594e-06	-1.274429e-09	-2.713121e+01	-8.415878e+01
9.300000e-07	-3.800392e-06	-1.274189e-09	-2.690326e+01	-8.393861e+01
9.400000e-07	-3.767874e-06	-1.272866e-09	-2.667306e+01	-8.371367e+01
9.500000e-07	-3.735047e-06	-1.274245e-09	-2.644067e+01	-8.348342e+01
9.600000e-07	-3.701803e-06	-1.274860e-09	-2.620533e+01	-8.324735e+01
9.700000e-07	-3.668068e-06	-1.269916e-09	-2.596652e+01	-8.300503e+01
9.800000e-07	-3.633918e-06	-1.259677e-09	-2.572477e+01	-8.275604e+01
9.900000e-07	-3.599462e-06	-1.249095e-09	-2.548086e+01	-8.250005e+01
1.000000e-06	-3.564558e-06	-1.244228e-09	-2.523377e+01	-8.223675e+01
1.010000e-06	-3.529195e-06	-1.241540e-09	-2.498343e+01	-8.196590e+01
1.020000e-06	-3.493584e-06	-1.239261e-09	-2.473134e+01	-8.168734e+01
1.030000e-06	-3.457831e-06	-1.239904e-09	-2.447824e+01	-8.140095e+01
1.040000e-06	-3.421968e-06	-1.242948e-09	-2.422437e+01	-8.110665e+01
1.050000e-06	-3.385937e-06	-1.243090e-09	-2.396930e+01	-8.080444e+01
1.060000e-06	-3.349764e-06	-1.235965e-09	-2.371322e+01	-8.049439e+01
1.070000e-06	-3.313422e-06	-1.220350e-09	-2.345595e+01	-8.017658e+01
1.080000e-06	-3.276883e-06	-1.205447e-09	-2.319730e+01	-7.985119e+01
1.090000e-06	-3.240167e-06	-1.198970e-09	-2.293738e+01	-7.951840e+01
1.100000e-06	-3.203221e-06	-1.199863e-09	-2.267584e+01	-7.917846e+01
1.110000e-06	-3.165960e-06	-1.200537e-09	-2.241206e+01	-7.883165e+01
1.120000e-06	-3.128419e-06	-1.198876e-09	-2.214631e+01	-7.847830e+01
1.130000e-06	-3.090669e-06	-1.195718e-09	-2.187907e+01	-7.811873e+01
1.140000e-06	-3.052776e-06	-1.191030e-09	-2.161082e+01	-7.775333e+01
1.150000e-06	-3.014722e-06	-1.182680e-09	-2.134144e+01	-7.738247e+01
1.160000e-06	-2.976437e-06	-1.172247e-09	-2.107042e+01	-7.700654e+01
1.170000e-06	-2.937948e-06	-1.161404e-09	-2.079795e+01	-7.662595e+01
1.180000e-06	-2.899278e-06	-1.154675e-09	-2.052420e+01	-7.624110e+01
1.190000e-06	-2.860336e-06	-1.151731e-09	-2.024853e+01	-7.585238e+01
1.200000e-06	-2.821140e-06	-1.150036e-09	-1.997106e+01	-7.546018e+01
1.210000e-06	-2.781763e-06	-1.148601e-09	-1.969230e+01	-7.506486e+01
1.220000e-06	-2.742236e-06	-1.147467e-09	-1.941249e+01	-7.466676e+01
1.230000e-06	-2.702615e-06	-1.144682e-09	-1.913201e+01	-7.426621e+01
1.240000e-06	-2.662878e-06	-1.136339e-09	-1.885071e+01	-7.386349e+01
1.250000e-06	-2.622994e-06	-1.126334e-09	-1.856837e+01	-7.345885e+01
1.260000e-06	-2.582961e-06	-1.118945e-09	-1.828497e+01	-7.305252e+01
1.270000e-06	-2.542845e-06	-1.115773e-09	-1.800098e+01	-7.264466e+01
1.280000e-06	-2.502617e-06	-1.113724e-09	-1.771621e+01	-7.223541e+01
1.290000e-06	-2.462273e-06	-1.110820e-09	-1.743061e+01	-7.182486e+01
1.300000e-06	-2.421836e-06	-1.106673e-09	-1.714435e+01	-7.141305e+01
1.310000e-06	-2.381139e-06	-1.101368e-09	-1.685626e+01	-7.099997e+01
1.320000e-06	-2.340141e-06	-1.093433e-09	-1.656603e+01	-7.058557e+01
1.330000e-06	-2.298898e-06	-1.083981e-09	-1.627407e+01	-7.016976e+01
1.340000e-06	-2.257436e-06	-1.076305e-09	-1.598055e+01	-6.975240e+01
1.350000e-06	-2.215646e-06	-1.074019e-09	-1.568472e+01	-6.933330e+01
1.360000e-06	-2.173446e-06	-1.073278e-09	-1.538598e+01	-6.891224e+01
1.370000e-06	-2.131057e-06	-1.069578e-09	-1.508591e+01	-6.848894e+01
1.380000e-06	-2.088529e-06	-1.061994e-09	-1.478485e+01	-6.806312e+01
1.390000e-06	-2.045753e-06	-1.053596e-09	-1.448203e+01	-6.763443e+01
1.400000e-06	-2.002691e-06	-1.045273e-09	-1.417720e+01	-6.720252e+01
1.410000e-06	-1.959335e-06	-1.036054e-09	-1.387027e+01	-6.676701e+01
1.420000e-06	-1.915824e-06	-1.027405e-09	-1.356226e+01	-6.632747e+01
1.430000e-06	-1.872231e-06	-1.023721e-09	-1.325366e+01	-6.588350e+01
1.440000e-06	-1.828499e-06	-1.024336e-09	-1.294408e+01	-6.543466e+01
1.450000e-06	-1.784664e-06	-1.023108e-09	-1.263377e+01	-6.498049e+01
1.460000e-06	-1.740775e-06	-1.015466e-09	-1.232307e+01	-6.452057e+01
1.470000e-06	-1.696855e-06	-1.003667e-09	-1.201216e+01	-6.405444e+01
1.480000e-06	-1.652913e-06	-9.938240e-10	-1.170109e+01	-6.358167e+01
1.490000e-06	-1.608887e-06	-9.857491e-10	-1.138943e+01	-6.310183e+01
1.500000e-06	-1.564763e-06	-9.765076e-10	-1.107707e+01	-6.261450e+01
1.510000e-06	-1.520603e-06	-9.675664e-10	-1.076446e+01	-6.211929e+01
1.520000e-06	-1.476444e-06	-9.637106e-10	-1.045185e+01	-6.161581e+01
1.530000e-06	-1.432125e-06	-9.595664e-10	-1.013812e+01	-6.110373e+01
1.540000e-06	-1.387696e-06	-9.481495e-10	-9.823604e+00	-6.058270e+01
1.550000e-06	-1.343236e-06	-9.320517e-10	-9.508863e+00	-6.005242e+01
1.560000e-06	-1.298610e-06	-9.198562e-10	-9.192953e+00	-5.951264e+01
1.570000e-06	-1.253878e-06	-9.132083e-10	-8.876298e+00	-5.896311e+01
1.580000e-06	-1.209147e-06	-9.064063e-10	-8.559639e+00	-5.840362e+01
1.590000e-06	-1.164405e-06	-8.972495e-10	-8.242907e+00	-5.783400e+01
1.600000e-06	-1.119466e-06	-8.889414e-10	-7.924779e+00	-5.725412e+01
1.610000e-06	-1.074455e-06	-8.808213e-10	-7.606147e+00	-5.666385e+01
1.620000e-06	-1.029428e-06	-8.700941e-10	-7.287398e+00	-5.606312e+01
1.630000e-06	-9.842337e-07	-8.564231e-10	-6.967462e+00	-5.545189e+01
1.640000e-06	-9.389664e-07	-8.429834e-10	-6.647012e+00	-5.483013e+01
1.650000e-06	-8.936383e-07	-8.334188e-10	-6.326132e+00	-5.419784e+01
1.660000e-06	-8.481669e-07	-8.255429e-10	-6.004236e+00	-5.355505e+01
1.670000e-06	-8.025695e-07	-8.169648e-10	-5.681448e+00	-5.290181e+01
1.680000e-06	-7.569784e-07	-8.084135e-10	-5.358706e+00	-5.223819e+01
1.690000e-06	-7.114180e-07	-7.988872e-10	-5.036181e+00	-5.156427e+01
1.700000e-06	-6.658456e-07	-7.866470e-10	-4.713570e+00	-5.088013e+01
1.710000e-06	-6.201836e-07	-7.720380e-10	-4.390326e+00	-5.018588e+01
1.720000e-06	-5.744338e-07	-7.582808e-10	-4.066459e+00	-4.948162e+01
1.730000e-06	-5.287078e-07	-7.489028e-10	-3.742762e+00	-4.876745e+01
1.740000e-06	-4.829823e-07	-7.425989e-10	-3.419067e+00	-4.804348e+01
1.750000e-06	-4.372011e-07	-7.340331e-10	-3.094979e+00	-4.730981e+01
1.760000e-06	-3.912794e-07	-7.221949e-10	-2.769895e+00	-4.656652e+01
1.770000e-06	-3.453120e-07	-7.083255e-10	-2.444489e+00	-4.581368e+01
1.780000e-06	-2.994079e-07	-6.936522e-10	-2.119530e+00	-4.505137e+01
1.790000e-06	-2.534374e-07	-6.796598e-10	-1.794102e+00	-4.427963e+01
1.800000e-06	-2.074639e-07	-6.654023e-10	-1.468652e+00	-4.349848e+01
1.810000e-06	-1.615414e-07	-6.524793e-10	-1.143564e+00	-4.270793e+01
1.820000e-06	-1.155934e-07	-6.416236e-10	-8.182944e-01	-4.190797e+01
1.830000e-06	-6.956036e-08	-6.312491e-10	-4.924229e-01	-4.109856e+01
1.840000e-06	-2.353812e-08	-6.203953e-10	-1.666281e-01	-4.027963e+01
1.850000e-06	2.244485e-08	-6.077757e-10	1.588888e-01	-3.945111e+01
1.860000e-06	6.838935e-08	-5.951614e-10	4.841332e-01	-3.861287e+01
1.870000e-06	1.143418e-07	-5.842226e-10	8.094342e-01	-3.776479e+01
1.880000e-06	1.603450e-07	-5.740985e-10	1.135094e+00	-3.690672e+01
1.890000e-06	2.062864e-07	-5.620397e-10	1.460317e+00	-3.603847e+01
1.900000e-06	2.521558e-07	-5.465433e-10	1.785029e+00	-3.515986e+01
1.910000e-06	2.980692e-07	-5.284296e-10	2.110053e+00	-3.427068e+01
1.920000e-06	3.440419e-07	-5.116229e-10	2.435498e+00	-3.337070e+01
1.930000e-06	3.899327e-07	-4.981387e-10	2.760362e+00	-3.245968e+01
1.940000e-06	4.357592e-07	-4.834425e-10	3.084772e+00	-3.153737e+01
1.950000e-06	4.815932e-07	-4.687075e-10	3.409234e+00	-3.060354e+01
1.960000e-06	5.273701e-07	-4.562183e-10	3.733291e+00	-2.965792e+01
1.970000e-06	5.730610e-07	-4.429210e-10	4.056741e+00	-2.870027e+01
1.980000e-06	6.187089e-07	-4.262231e-10	4.379886e+00	-2.773034e+01
1.990000e-06	6.643800e-07	-4.081060e-10	4.703195e+00	-2.674789e+01
2.000000e-06	7.100854e-07	-3.910187e-10	5.026746e+00	-2.575270e+01
2.010000e-06	7.557068e-07	-3.766534e-10	5.349704e+00	-2.474457e+01
2.020000e-06	8.012614e-07	-3.633252e-10	5.672188e+00	-2.372331e+01
2.030000e-06	8.468286e-07	-3.475405e-10	5.994762e+00	-2.268874e+01
2.040000e-06	8.923595e-07	-3.302465e-10	6.317078e+00	-2.164075e+01
2.050000e-06	9.377013e-07	-3.143362e-10	6.638057e+00	-2.057921e+01
2.060000e-06	9.829062e-07	-2.987594e-10	6.958066e+00	-1.950406e+01
2.070000e-06	1.028098e-06	-2.798989e-10	7.277979e+00	-1.841526e+01
2.080000e-06	1.073109e-06	-2.574849e-10	7.596616e+00	-1.731280e+01
2.090000e-06	1.118018e-06	-2.361482e-10	7.914535e+00	-1.619673e+01
2.100000e-06	1.162913e-06	-2.203992e-10	8.232350e+00	-1.506712e+01
2.110000e-06	1.207673e-06	-2.053366e-10	8.549206e+00	-1.392409e+01
2.120000e-06	1.252356e-06	-1.855083e-10	8.865519e+00	-1.276780e+01
2.130000e-06	1.296913e-06	-1.648024e-10	9.180943e+00	-1.159847e+01
2.140000e-06	1.341385e-06	-1.482291e-10	9.495766e+00	-1.041635e+01
2.150000e-06	1.385774e-06	-1.336129e-10	9.809997e+00	-9.221720e+00
2.160000e-06	1.430064e-06	-1.152408e-10	1.012353e+01	-8.014923e+00
2.170000e-06	1.474275e-06	-9.281926e-11	1.043650e+01	-6.796335e+00
2.180000e-06	1.518441e-06	-7.345270e-11	1.074915e+01	-5.566372e+00
2.190000e-06	1.562526e-06	-5.860721e-11	1.106123e+01	-4.325487e+00
2.200000e-06	1.606484e-06	-4.135986e-11	1.137242e+01	-3.074170e+00
2.210000e-06	1.650437e-06	-2.059160e-11	1.168357e+01	-1.812942e+00
2.220000e-06	1.694346e-06	-5.168866e-13	1.199440e+01	-5.423574e-01
2.230000e-06	1.738177e-06	1.747055e-11	1.230468e+01	7.370044e-01
2.240000e-06	1.781962e-06	3.766710e-11	1.261464e+01	2.024538e+00
2.250000e-06	1.825715e-06	6.280268e-11	1.292437e+01	3.319616e+00
2.260000e-06	1.869411e-06	8.710701e-11	1.323370e+01	4.621593e+00
2.270000e-06	1.913029e-06	1.073312e-10	1.354247e+01	5.929810e+00
2.280000e-06	1.956527e-06	1.263907e-10	1.385040e+01	7.243594e+00
2.290000e-06	1.999918e-06	1.481205e-10	1.415757e+01	8.562264e+00
2.300000e-06	2.043079e-06	1.701091e-10	1.446310e+01	9.885135e+00
2.310000e-06	2.086016e-06	1.871405e-10	1.476706e+01	1.121152e+01
2.320000e-06	2.128786e-06	2.049154e-10	1.506983e+01	1.254073e+01
2.330000e-06	2.171319e-06	2.283337e-10	1.537093e+01	1.387207e+01
2.340000e-06	2.213458e-06	2.525933e-10	1.566923e+01	1.520488e+01
2.350000e-06	2.255132e-06	2.729582e-10	1.596425e+01	1.653848e+01
2.360000e-06	2.296484e-06	2.912745e-10	1.625698e+01	1.787221e+01
2.370000e-06	2.337647e-06	3.125007e-10	1.654837e+01	1.920543e+01
2.380000e-06	2.378597e-06	3.359285e-10	1.683827e+01	2.053749e+01
2.390000e-06	2.419251e-06	3.577523e-10	1.712605e+01	2.186777e+01
2.400000e-06	2.459712e-06	3.761477e-10	1.741248e+01	2.319568e+01
2.410000e-06	2.500006e-06	3.954000e-10	1.769773e+01	2.452062e+01
2.420000e-06	2.540151e-06	4.195783e-10	1.798192e+01	2.584202e+01
2.430000e-06	2.580184e-06	4.448413e-10	1.826531e+01	2.715931e+01
2.440000e-06	2.620102e-06	4.672245e-10	1.854790e+01	2.847197e+01
2.450000e-06	2.659933e-06	4.868090e-10	1.882986e+01	2.977946e+01
2.460000e-06	2.699709e-06	5.083040e-10	1.911144e+01	3.108126e+01
2.470000e-06	2.739379e-06	5.322020e-10	1.939227e+01	3.237689e+01
2.480000e-06	2.778954e-06	5.522324e-10	1.967242e+01	3.366585e+01
2.490000e-06	2.818353e-06	5.676617e-10	1.995133e+01	3.494767e+01
2.500000e-06	2.857466e-06	5.860809e-10	2.022821e+01	3.622188e+01
2.510000e-06	2.896358e-06	6.093964e-10	2.050353e+01	3.748801e+01
2.520000e-06	2.935019e-06	6.326065e-10	2.077722e+01	3.874562e+01
2.530000e-06	2.973334e-06	6.535950e-10	2.104845e+01	3.999426e+01
2.540000e-06	3.011396e-06	6.740738e-10	2.131789e+01	4.123347e+01
2.550000e-06	3.049300e-06	6.941598e-10	2.158622e+01	4.246282e+01
2.560000e-06	3.087033e-06	7.121936e-10	2.185334e+01	4.368185e+01
2.570000e-06	3.124597e-06	7.273164e-10	2.211925e+01	4.489011e+01
2.580000e-06	3.161974e-06	7.400915e-10	2.238385e+01	4.608716e+01
2.590000e-06	3.199197e-06	7.553245e-10	2.264735e+01	4.727255e+01
2.600000e-06	3.236226e-06	7.767737e-10	2.290948e+01	4.844580e+01
2.610000e-06	3.273058e-06	8.011453e-10	2.317022e+01	4.960647e+01
2.620000e-06	3.309609e-06	8.226251e-10	2.342897e+01	5.075407e+01
2.630000e-06	3.345853e-06	8.415921e-10	2.368554e+01	5.188815e+01
2.640000e-06	3.381928e-06	8.581880e-10	2.394092e+01	5.300822e+01
2.650000e-06	3.417888e-06	8.703388e-10	2.419548e+01	5.411380e+01
2.660000e-06	3.453742e-06	8.794017e-10	2.444929e+01	5.520441e+01
2.670000e-06	3.489475e-06	8.874166e-10	2.470225e+01	5.627958e+01
2.680000e-06	3.525047e-06	8.970506e-10	2.495407e+01	5.733881e+01
2.690000e-06	3.560409e-06	9.136217e-10	2.520440e+01	5.838163e+01
2.700000e-06	3.595392e-06	9.366673e-10	2.545205e+01	5.940757e+01
2.710000e-06	3.629942e-06	9.594218e-10	2.569663e+01	6.041617e+01
2.720000e-06	3.664052e-06	9.775025e-10	2.593810e+01	6.140697e+01
2.730000e-06	3.697680e-06	9.914724e-10	2.617615e+01	6.237954e+01
2.740000e-06	3.730883e-06	1.002532e-09	2.641119e+01	6.333345e+01
2.750000e-06	3.763652e-06	1.010925e-09	2.664317e+01	6.426831e+01
2.760000e-06	3.796032e-06	1.018385e-09	2.687239e+01	6.518374e+01
2.770000e-06	3.828159e-06	1.028168e-09	2.709982e+01	6.607939e+01
2.780000e-06	3.860167e-06	1.043973e-09	2.732641e+01	6.695495e+01
2.790000e-06	3.892078e-06	1.063377e-09	2.755230e+01	6.781014e+01
2.800000e-06	3.923871e-06	1.078753e-09	2.777737e+01	6.864470e+01
2.810000e-06	3.955508e-06	1.087013e-09	2.800133e+01	6.945844e+01
2.820000e-06	3.986860e-06	1.092468e-09	2.822327e+01	7.025120e+01
2.830000e-06	4.017891e-06	1.100543e-09	2.844294e+01	7.102287e+01
2.840000e-06	4.048619e-06	1.111027e-09	2.866047e+01	7.177338e+01
2.850000e-06	4.079006e-06	1.119765e-09	2.887558e+01	7.250271e+01
2.860000e-06	4.109120e-06	1.129940e-09	2.908876e+01	7.321092e+01
2.870000e-06	4.139070e-06	1.143172e-09	2.930078e+01	7.389808e+01
2.880000e-06	4.168772e-06	1.155196e-09	2.951105e+01	7.456435e+01
2.890000e-06	4.198165e-06	1.162638e-09	2.971912e+01	7.520994e+01
2.900000e-06	4.227263e-06	1.166970e-09	2.992511e+01	7.583509e+01
2.910000e-06	4.256010e-06	1.176605e-09	3.012861e+01	7.644012e+01
2.920000e-06	4.284463e-06	1.191095e-09	3.033003e+01	7.702540e+01
2.930000e-06	4.312701e-06	1.202535e-09	3.052993e+01	7.759134e+01
2.940000e-06	4.340747e-06	1.207434e-09	3.072847e+01	7.813840e+01
2.950000e-06	4.368653e-06	1.211109e-09	3.092602e+01	7.866710e+01
2.960000e-06	4.396407e-06	1.217123e-09	3.112249e+01	7.917798e+01
2.970000e-06	4.423909e-06	1.223768e-09	3.131717e+01	7.967164e+01
2.980000e-06	4.451083e-06	1.229296e-09	3.150954e+01	8.014870e+01
2.990000e-06	4.477713e-06	1.234495e-09	3.169806e+01	8.060982e+01
3.000000e-06	4.503726e-06	1.243047e-09	3.188221e+01	8.105568e+01
3.010000e-06	4.529198e-06	1.252183e-09	3.206252e+01	8.148699e+01
3.020000e-06	4.554125e-06	1.259263e-09	3.223898e+01	8.190446e+01
3.030000e-06	4.578594e-06	1.265685e-09	3.241220e+01	8.230881e+01
3.040000e-06	4.602764e-06	1.273323e-09	3.258331e+01	8.270078e+01
3.050000e-06	4.626741e-06	1.280796e-09	3.275304e+01	8.308108e+01
3.060000e-06	4.650486e-06	1.284189e-09	3.292113e+01	8.345043e+01
3.070000e-06	4.673946e-06	1.284039e-09	3.308721e+01	8.380953e+01
3.080000e-06	4.697045e-06	1.287135e-09	3.325072e+01	8.415906e+01
3.090000e-06	4.719810e-06	1.294762e-09	3.341188e+01	8.449966e+01
3.100000e-06	4.742214e-06	1.300207e-09	3.357048e+01	8.483197e+01
3.110000e-06	4.764330e-06	1.302869e-09	3.372704e+01	8.515655e+01
3.120000e-06	4.786252e-06	1.306136e-09	3.388223e+01	8.547395e+01
3.130000e-06	4.807881e-06	1.311604e-09	3.403534e+01	8.578465e+01
3.140000e-06	4.829149e-06	1.316477e-09	3.418590e+01	8.608910e+01
3.150000e-06	4.850007e-06	1.319286e-09	3.433355e+01	8.638768e+01
3.160000e-06	4.870484e-06	1.321554e-09	3.447852e+01	8.668072e+01
3.170000e-06	4.890694e-06	1.327464e-09	3.462158e+01	8.696848e+01
3.180000e-06	4.910751e-06	1.333693e-09	3.476357e+01	8.725119e+01
3.190000e-06	4.930652e-06	1.333914e-09	3.490444e+01	8.752897e+01
3.200000e-06	4.950298e-06	1.334929e-09	3.504352e+01	8.780191e+01
3.210000e-06	4.969599e-06	1.342755e-09	3.518016e+01	8.807005e+01
3.220000e-06	4.988544e-06	1.352190e-09	3.531427e+01	8.833332e+01
3.230000e-06	5.007085e-06	1.355534e-09	3.544552e+01	8.859165e+01
3.240000e-06	5.025182e-06	1.356217e-09	3.557363e+01	8.884488e+01
3.250000e-06	5.042949e-06	1.357386e-09	3.569941e+01	8.909280e+01
3.260000e-06	5.060375e-06	1.358069e-09	3.582277e+01	8.933515e+01
3.270000e-06	5.077502e-06	1.357509e-09	3.594401e+01	8.957165e+01
3.280000e-06	5.094336e-06	1.358825e-09	3.606318e+01	8.980195e+01
3.290000e-06	5.110878e-06	1.366746e-09	3.618028e+01	9.002568e+01
3.300000e-06	5.127092e-06	1.378139e-09	3.629506e+01	9.024246e+01
3.310000e-06	5.142675e-06	1.385640e-09	3.640538e+01	9.045186e+01
3.320000e-06	5.157723e-06	1.387114e-09	3.651190e+01	9.065345e+01
3.330000e-06	5.172344e-06	1.386579e-09	3.661540e+01	9.084679e+01
3.340000e-06	5.186556e-06	1.383339e-09	3.671601e+01	9.103146e+01
3.350000e-06	5.200437e-06	1.378904e-09	3.681427e+01	9.120702e+01
3.360000e-06	5.213910e-06	1.378000e-09	3.690965e+01	9.137307e+01
3.370000e-06	5.226957e-06	1.382619e-09	3.700201e+01	9.152921e+01
3.380000e-06	5.239576e-06	1.389028e-09	3.709135e+01	9.167508e+01
3.390000e-06	5.251849e-06	1.393501e-09	3.717822e+01	9.181038e+01
3.400000e-06	5.263828e-06	1.395981e-09	3.726303e+01	9.193482e+01
3.410000e-06	5.275524e-06	1.396138e-09	3.734582e+01	9.204817e+01
3.420000e-06	5.286871e-06	1.392342e-09	3.742615e+01	9.215027e+01
3.430000e-06	5.297628e-06	1.388232e-09	3.750230e+01	9.224100e+01
3.440000e-06	5.307595e-06	1.387239e-09	3.757286e+01	9.232033e+01
3.450000e-06	5.316890e-06	1.388077e-09	3.763865e+01	9.238827e+01
3.460000e-06	5.325694e-06	1.392099e-09	3.770098e+01	9.244494e+01
3.470000e-06	5.334073e-06	1.397875e-09	3.776029e+01	9.249049e+01
3.480000e-06	5.342133e-06	1.402755e-09	3.781735e+01	9.252519e+01
3.490000e-06	5.349994e-06	1.402415e-09	3.787300e+01	9.254937e+01
3.500000e-06	5.357643e-06	1.397032e-09	3.792715e+01	9.256342e+01
3.510000e-06	5.364979e-06	1.391127e-09	3.797908e+01	9.256783e+01
3.520000e-06	5.371928e-06	1.387739e-09	3.802827e+01	9.256316e+01
3.530000e-06	5.378444e-06	1.387943e-09	3.807440e+01	9.255003e+01
3.540000e-06	5.384603e-06	1.389669e-09	3.811800e+01	9.252915e+01
3.550000e-06	5.390425e-06	1.393193e-09	3.815922e+01	9.250127e+01
3.560000e-06	5.395880e-06	1.396903e-09	3.819783e+01	9.246721e+01
3.570000e-06	5.400900e-06	1.398658e-09	3.823337e+01	9.242784e+01
3.580000e-06	5.405493e-06	1.396717e-09	3.826588e+01	9.238407e+01
3.590000e-06	5.409775e-06	1.390894e-09	3.829620e+01	9.233688e+01
3.600000e-06	5.413838e-06	1.386425e-09	3.832496e+01	9.228722e+01
3.610000e-06	5.417735e-06	1.386171e-09	3.835255e+01	9.223612e+01
3.620000e-06	5.421403e-06	1.387242e-09	3.837851e+01	9.218460e+01
3.630000e-06	5.424697e-06	1.388217e-09	3.840183e+01	9.213367e+01
3.640000e-06	5.427544e-06	1.389735e-09	3.842198e+01	9.208436e+01
3.650000e-06	5.429831e-06	1.393252e-09	3.843817e+01	9.203768e+01
3.660000e-06	5.431437e-06	1.398109e-09	3.844955e+01	9.199459e+01
3.670000e-06	5.432401e-06	1.400713e-09	3.845637e+01	9.195604e+01
3.680000e-06	5.432827e-06	1.399343e-09	3.845938e+01	9.192295e+01
3.690000e-06	5.432914e-06	1.397746e-09	3.846000e+01	9.189616e+01
3.700000e-06	5.432802e-06	1.397443e-09	3.845921e+01	9.187646e+01
3.710000e-06	5.432459e-06	1.396075e-09	3.845677e+01	9.186457e+01
3.720000e-06	5.431855e-06	1.392947e-09	3.845250e+01	9.186115e+01
3.730000e-06	5.430868e-06	1.387593e-09	3.844551e+01	9.186674e+01
3.740000e-06	5.429461e-06	1.382731e-09	3.843555e+01	9.188182e+01
3.750000e-06	5.427674e-06	1.381296e-09	3.842290e+01	9.190678e+01
3.760000e-06	5.425545e-06	1.388570e-09	3.840783e+01	9.194189e+01
3.770000e-06	5.423093e-06	1.389483e-09	3.839047e+01	9.198731e+01
3.780000e-06	5.420257e-06	1.363656e-09	3.837040e+01	9.204313e+01
3.790000e-06	5.416965e-06	1.356175e-09	3.834709e+01	9.210930e+01
3.800000e-06	5.413238e-06	1.381233e-09	3.832071e+01	9.218566e+01
3.810000e-06	5.409236e-06	1.375046e-09	3.829238e+01	9.227196e+01
3.820000e-06	5.405103e-06	1.361148e-09	3.826312e+01	9.236784e+01
3.830000e-06	5.400826e-06	1.351528e-09	3.823284e+01	9.247282e+01
3.840000e-06	5.396124e-06	1.363263e-09	3.819956e+01	9.258633e+01
3.850000e-06	5.390735e-06	1.355808e-09	3.816141e+01	9.270769e+01
3.860000e-06	5.384831e-06	1.328443e-09	3.811961e+01	9.283614e+01
3.870000e-06	5.378533e-06	1.359616e-09	3.807503e+01	9.297083e+01
3.880000e-06	5.371655e-06	1.362216e-09	3.802634e+01	9.311083e+01
3.890000e-06	5.364230e-06	1.324393e-09	3.797378e+01	9.325514e+01
3.900000e-06	5.356457e-06	1.308398e-09	3.791876e+01	9.340268e+01
3.910000e-06	5.348416e-06	1.369156e-09	3.786183e+01	9.355235e+01
3.920000e-06	5.340037e-06	1.371076e-09	3.780252e+01	9.370297e+01
3.930000e-06	5.331355e-06	1.296590e-09	3.774106e+01	9.385334e+01
3.940000e-06	5.322380e-06	1.301694e-09	3.767752e+01	9.400224e+01
3.950000e-06	5.313106e-06	1.391128e-09	3.761187e+01	9.414843e+01
3.960000e-06	5.303454e-06	1.403616e-09	3.754354e+01	9.429067e+01
3.970000e-06	5.293382e-06	1.344615e-09	3.747224e+01	9.442773e+01
3.980000e-06	5.282948e-06	1.403319e-09	3.739838e+01	9.455839e+01
3.990000e-06	5.272060e-06	1.497300e-09	3.732130e+01	9.468146e+01
4.000000e-06	5.260693e-06	1.478871e-09	3.724083e+01	9.479580e+01
4.010000e-06	5.248985e-06	1.422183e-09	3.715795e+01	9.490031e+01
4.020000e-06	5.237007e-06	1.468528e-09	3.707316e+01	9.499396e+01
4.030000e-06	5.224715e-06	1.502499e-09	3.698614e+01	9.507576e+01
4.040000e-06	5.212014e-06	1.446867e-09	3.689623e+01	9.514484e+01
4.050000e-06	5.198793e-06	1.427368e-09	3.680264e+01	9.520037e+01
4.060000e-06	5.184904e-06	1.464349e-09	3.670432e+01	9.524164e+01
4.070000e-06	5.170188e-06	1.462828e-09	3.660014e+01	9.526801e+01
4.080000e-06	5.154868e-06	1.455580e-09	3.649169e+01	9.527896e+01
4.090000e-06	5.139260e-06	1.474684e-09	3.638120e+01	9.527407e+01
4.100000e-06	5.123322e-06	1.449858e-09	3.626837e+01	9.525303e+01
4.110000e-06	5.107138e-06	1.408499e-09	3.615381e+01	9.521563e+01
4.120000e-06	5.090770e-06	1.440388e-09	3.603793e+01	9.516176e+01
4.130000e-06	5.074108e-06	1.449237e-09	3.591999e+01	9.509145e+01
4.140000e-06	5.057073e-06	1.404050e-09	3.579939e+01	9.500482e+01
4.150000e-06	5.039651e-06	1.415392e-09	3.567606e+01	9.490209e+01
4.160000e-06	5.021849e-06	1.465487e-09	3.555004e+01	9.478359e+01
4.170000e-06	5.003717e-06	1.455842e-09	3.542168e+01	9.464976e+01
4.180000e-06	4.985308e-06	1.428997e-09	3.529136e+01	9.450110e+01
4.190000e-06	4.966532e-06	1.433532e-09	3.515845e+01	9.433822e+01
4.200000e-06	4.947359e-06	1.420628e-09	3.502272e+01	9.416182e+01
4.210000e-06	4.927809e-06	1.410331e-09	3.488432e+01	9.397266e+01
4.220000e-06	4.907988e-06	1.416600e-09	3.474401e+01	9.377155e+01
4.230000e-06	4.887985e-06	1.406595e-09	3.460241e+01	9.355938e+01
4.240000e-06	4.867802e-06	1.403925e-09	3.445953e+01	9.333708e+01
4.250000e-06	4.847406e-06	1.432644e-09	3.431514e+01	9.310560e+01
4.260000e-06	4.826675e-06	1.427869e-09	3.416839e+01	9.286595e+01
4.270000e-06	4.805385e-06	1.396961e-09	3.401768e+01	9.261913e+01
4.280000e-06	4.783475e-06	1.397393e-09	3.386257e+01	9.236617e+01
4.290000e-06	4.760932e-06	1.409225e-09	3.370299e+01	9.210807e+01
4.300000e-06	4.737874e-06	1.397507e-09	3.353976e+01	9.184585e+01
4.310000e-06	4.714477e-06	1.386006e-09	3.337413e+01	9.158048e+01
4.320000e-06	4.690725e-06	1.382949e-09	3.320598e+01	9.131293e+01
4.330000e-06	4.666741e-06	1.385136e-09	3.303620e+01	9.104411e+01
4.340000e-06	4.642583e-06	1.386403e-09	3.286519e+01	9.077489e+01
4.350000e-06	4.618174e-06	1.372661e-09	3.269239e+01	9.050609e+01
4.360000e-06	4.593466e-06	1.355496e-09	3.251748e+01	9.023847e+01
4.370000e-06	4.568376e-06	1.359608e-09	3.233987e+01	8.997271e+01
4.380000e-06	4.542932e-06	1.365211e-09	3.215975e+01	8.970943e+01
4.390000e-06	4.517185e-06	1.356653e-09	3.197749e+01	8.944917e+01
4.400000e-06	4.491127e-06	1.346573e-09	3.179302e+01	8.919239e+01
4.410000e-06	4.464802e-06	1.343100e-09	3.160666e+01	8.893947e+01
4.420000e-06	4.438248e-06	1.342699e-09	3.141868e+01	8.869071e+01
4.430000e-06	4.411368e-06	1.336144e-09	3.122840e+01	8.844631e+01
4.440000e-06	4.384131e-06	1.320514e-09	3.103559e+01	8.820639e+01
4.450000e-06	4.356632e-06	1.314647e-09	3.084092e+01	8.797099e+01
4.460000e-06	4.328898e-06	1.323658e-09	3.064459e+01	8.774008e+01
4.470000e-06	4.300984e-06	1.324834e-09	3.044698e+01	8.751351e+01
4.480000e-06	4.272882e-06	1.314565e-09	3.024805e+01	8.729109e+01
4.490000e-06	4.244507e-06	1.309722e-09	3.004718e+01	8.707255e+01
4.500000e-06	4.215920e-06	1.311447e-09	2.984481e+01	8.685754e+01
4.510000e-06	4.186991e-06	1.305989e-09	2.964002e+01	8.664566e+01
4.520000e-06	4.157465e-06	1.293262e-09	2.943100e+01	8.643644e+01
4.530000e-06	4.127409e-06	1.285208e-09	2.921823e+01	8.622938e+01
4.540000e-06	4.096795e-06	1.291494e-09	2.900151e+01	8.602391e+01
4.550000e-06	4.065711e-06	1.300563e-09	2.878147e+01	8.581946e+01
4.560000e-06	4.034349e-06	1.297714e-09	2.855945e+01	8.561539e+01
4.570000e-06	4.002743e-06	1.288423e-09	2.833571e+01	8.541108e+01
4.580000e-06	3.970941e-06	1.286190e-09	2.811059e+01	8.520587e+01
4.590000e-06	3.938932e-06	1.286987e-09	2.788399e+01	8.499909e+01
4.600000e-06	3.906711e-06	1.279613e-09	2.765589e+01	8.479010e+01
4.610000e-06	3.874288e-06	1.264445e-09	2.742637e+01	8.457824e+01
4.620000e-06	3.841643e-06	1.255636e-09	2.719527e+01	8.436289e+01
4.630000e-06	3.808765e-06	1.255120e-09	2.696253e+01	8.414344e+01
4.640000e-06	3.775618e-06	1.252243e-09	2.672788e+01	8.391930e+01
4.650000e-06	3.742151e-06	1.243375e-09	2.649096e+01	8.368994e+01
4.660000e-06	3.708396e-06	1.237879e-09	2.625201e+01	8.345485e+01
4.670000e-06	3.674439e-06	1.237229e-09	2.601162e+01	8.321357e+01
4.680000e-06	3.640315e-06	1.235457e-09	2.577005e+01	8.296569e+01
4.690000e-06	3.605937e-06	1.227409e-09	2.552670e+01	8.271086e+01
4.700000e-06	3.571249e-06	1.217316e-09	2.528113e+01	8.244876e+01
4.710000e-06	3.536303e-06	1.213341e-09	2.503375e+01	8.217916e+01
4.720000e-06	3.501113e-06	1.212240e-09	2.478464e+01	8.190187e+01
4.730000e-06	3.465657e-06	1.207997e-09	2.453364e+01	8.161676e+01
4.740000e-06	3.430047e-06	1.202737e-09	2.428156e+01	8.132375e+01
4.750000e-06	3.394307e-06	1.199810e-09	2.402855e+01	8.102283e+01
4.760000e-06	3.358378e-06	1.198303e-09	2.377420e+01	8.071405e+01
4.770000e-06	3.322305e-06	1.193325e-09	2.351884e+01	8.039750e+01
4.780000e-06	3.286069e-06	1.184052e-09	2.326233e+01	8.007332e+01
4.790000e-06	3.249646e-06	1.175965e-09	2.300448e+01	7.974172e+01
4.800000e-06	3.213079e-06	1.171868e-09	2.274562e+01	7.940293e+01
4.810000e-06	3.176302e-06	1.168512e-09	2.248528e+01	7.905722e+01
4.820000e-06	3.139171e-06	1.163053e-09	2.222242e+01	7.870490e+01
4.830000e-06	3.101616e-06	1.156536e-09	2.195657e+01	7.834632e+01
4.840000e-06	3.063618e-06	1.150599e-09	2.168758e+01	7.798183e+01
4.850000e-06	3.025234e-06	1.146491e-09	2.141585e+01	7.761182e+01
4.860000e-06	2.986487e-06	1.139411e-09	2.114156e+01	7.723669e+01
4.870000e-06	2.947395e-06	1.130409e-09	2.086482e+01	7.685682e+01
4.880000e-06	2.908021e-06	1.122957e-09	2.058610e+01	7.647262e+01
4.890000e-06	2.868380e-06	1.116917e-09	2.030547e+01	7.608449e+01
4.900000e-06	2.828573e-06	1.108791e-09	2.002368e+01	7.569282e+01
4.910000e-06	2.788667e-06	1.100873e-09	1.974118e+01	7.529796e+01
4.920000e-06	2.748669e-06	1.095952e-09	1.945803e+01	7.490027e+01
4.930000e-06	2.708582e-06	1.091041e-09	1.917425e+01	7.450008e+01
4.940000e-06	2.668323e-06	1.085755e-09	1.888925e+01	7.409767e+01
4.950000e-06	2.627923e-06	1.081786e-09	1.860326e+01	7.369331e+01
4.960000e-06	2.587382e-06	1.077734e-09	1.831627e+01	7.328722e+01
4.970000e-06	2.546659e-06	1.071501e-09	1.802799e+01	7.287958e+01
4.980000e-06	2.505782e-06	1.063909e-09	1.773861e+01	7.247052e+01
4.990000e-06	2.464799e-06	1.056870e-09	1.744849e+01	7.206015e+01
5.000000e-06	2.423640e-06	1.050452e-09	1.715713e+01	7.164852e+01
5.010000e-06	2.382170e-06	1.043797e-09	1.686356e+01	7.123563e+01
5.020000e-06	2.340549e-06	1.037094e-09	1.656892e+01	7.082143e+01
5.030000e-06	2.298832e-06	1.032278e-09	1.627360e+01	7.040584e+01
5.040000e-06	2.256897e-06	1.028134e-09	1.597674e+01	6.998872e+01
5.050000e-06	2.214778e-06	1.020647e-09	1.567857e+01	6.956989e+01
5.060000e-06	2.172577e-06	1.012400e-09	1.537983e+01	6.914914e+01
5.070000e-06	2.130198e-06	1.005754e-09	1.507983e+01	6.872621e+01
5.080000e-06	2.087619e-06	9.993953e-10	1.477841e+01	6.830080e+01
5.090000e-06	2.044991e-06	9.918800e-10	1.447664e+01	6.787259e+01
5.100000e-06	2.002246e-06	9.842446e-10	1.417405e+01	6.744121e+01
5.110000e-06	1.959258e-06	9.797415e-10	1.386973e+01	6.700630e+01
5.120000e-06	1.916084e-06	9.782957e-10	1.356410e+01	6.656743e+01
5.130000e-06	1.872758e-06	9.752391e-10	1.325739e+01	6.612420e+01
5.140000e-06	1.829354e-06	9.675397e-10	1.295013e+01	6.567617e+01
5.150000e-06	1.785955e-06	9.565367e-10	1.264290e+01	6.522290e+01
5.160000e-06	1.742429e-06	9.460901e-10	1.233479e+01	6.476394e+01
5.170000e-06	1.698703e-06	9.349776e-10	1.202524e+01	6.429885e+01
5.180000e-06	1.654910e-06	9.227248e-10	1.171523e+01	6.382718e+01
5.190000e-06	1.611100e-06	9.099860e-10	1.140509e+01	6.334852e+01
5.200000e-06	1.567217e-06	9.023509e-10	1.109444e+01	6.286244e+01
5.210000e-06	1.523302e-06	9.014552e-10	1.078357e+01	6.236854e+01
5.220000e-06	1.479323e-06	8.985412e-10	1.047224e+01	6.186644e+01
5.230000e-06	1.435227e-06	8.909756e-10	1.016008e+01	6.135578e+01
5.240000e-06	1.391088e-06	8.811050e-10	9.847612e+00	6.083623e+01
5.250000e-06	1.346918e-06	8.702257e-10	9.534933e+00	6.030749e+01
5.260000e-06	1.302727e-06	8.588653e-10	9.222100e+00	5.976928e+01
5.270000e-06	1.258419e-06	8.473915e-10	8.908444e+00	5.922136e+01
5.280000e-06	1.213995e-06	8.379374e-10	8.593962e+00	5.866352e+01
5.290000e-06	1.169609e-06	8.337236e-10	8.279747e+00	5.809557e+01
5.300000e-06	1.125247e-06	8.317440e-10	7.965705e+00	5.751737e+01
5.310000e-06	1.080790e-06	8.252787e-10	7.650989e+00	5.692881e+01
5.320000e-06	1.036167e-06	8.137189e-10	7.335099e+00	5.632981e+01
5.330000e-06	9.914383e-07	8.020441e-10	7.018465e+00	5.572030e+01
5.340000e-06	9.465589e-07	7.914234e-10	6.700760e+00	5.510026e+01
5.350000e-06	9.015881e-07	7.802311e-10	6.382408e+00	5.446970e+01
5.360000e-06	8.565735e-07	7.673861e-10	6.063747e+00	5.382863e+01
5.370000e-06	8.115286e-07	7.577734e-10	5.744871e+00	5.317710e+01
5.380000e-06	7.664571e-07	7.527604e-10	5.425806e+00	5.251518e+01
5.390000e-06	7.213654e-07	7.456862e-10	5.106599e+00	5.184293e+01
5.400000e-06	6.762938e-07	7.351188e-10	4.787533e+00	5.116046e+01
5.410000e-06	6.310866e-07	7.239927e-10	4.467508e+00	5.046786e+01
5.420000e-06	5.858391e-07	7.137737e-10	4.147198e+00	4.976523e+01
5.430000e-06	5.406461e-07	7.035239e-10	3.827274e+00	4.905268e+01
5.440000e-06	4.953434e-07	6.916125e-10	3.506573e+00	4.833031e+01
5.450000e-06	4.499389e-07	6.793814e-10	3.185150e+00	4.759822e+01
5.460000e-06	4.044978e-07	6.689813e-10	2.863470e+00	4.685649e+01
5.470000e-06	3.589906e-07	6.601271e-10	2.541321e+00	4.610522e+01
5.480000e-06	3.133991e-07	6.511398e-10	2.218575e+00	4.534445e+01
5.490000e-06	2.676913e-07	6.407552e-10	1.895006e+00	4.457425e+01
5.500000e-06	2.219733e-07	6.296678e-10	1.571366e+00	4.379464e+01
5.510000e-06	1.763077e-07	6.195909e-10	1.248095e+00	4.300563e+01
5.520000e-06	1.306835e-07	6.087990e-10	9.251182e-01	4.220721e+01
5.530000e-06	8.508902e-08	5.961267e-10	6.023514e-01	4.139935e+01
5.540000e-06	3.950878e-08	5.843028e-10	2.796855e-01	4.058199e+01
5.550000e-06	-5.984638e-09	5.729713e-10	-4.236569e-02	3.975504e+01
5.560000e-06	-5.155739e-08	5.610244e-10	-3.649786e-01	3.891840e+01
5.570000e-06	-9.728148e-08	5.482468e-10	-6.886627e-01	3.807194e+01
5.580000e-06	-1.430040e-07	5.338966e-10	-1.012336e+00	3.721552e+01
5.590000e-06	-1.886194e-07	5.208002e-10	-1.335251e+00	3.634895e+01
5.600000e-06	-2.342260e-07	5.084661e-10	-1.658103e+00	3.547206e+01
5.610000e-06	-2.798483e-07	4.965932e-10	-1.981067e+00	3.458462e+01
5.620000e-06	-3.254116e-07	4.868511e-10	-2.303613e+00	3.368643e+01
5.630000e-06	-3.708978e-07	4.768220e-10	-2.625613e+00	3.277723e+01
5.640000e-06	-4.163111e-07	4.643570e-10	-2.947097e+00	3.185680e+01
5.650000e-06	-4.617182e-07	4.500742e-10	-3.268537e+00	3.092488e+01
5.660000e-06	-5.070285e-07	4.340448e-10	-3.589292e+00	2.998121e+01
5.670000e-06	-5.522738e-07	4.183056e-10	-3.909587e+00	2.902555e+01
5.680000e-06	-5.974836e-07	4.049352e-10	-4.229631e+00	2.805766e+01
5.690000e-06	-6.426131e-07	3.915979e-10	-4.549105e+00	2.707728e+01
5.700000e-06	-6.877212e-07	3.772331e-10	-4.868429e+00	2.608420e+01
5.710000e-06	-7.328217e-07	3.620370e-10	-5.187699e+00	2.507821e+01
5.720000e-06	-7.778128e-07	3.494052e-10	-5.506194e+00	2.405912e+01
5.730000e-06	-8.226943e-07	3.379260e-10	-5.823913e+00	2.302676e+01
5.740000e-06	-8.675391e-07	3.247251e-10	-6.141373e+00	2.198098e+01
5.750000e-06	-9.123577e-07	3.094388e-10	-6.458647e+00	2.092168e+01
5.760000e-06	-9.571181e-07	2.936357e-10	-6.775509e+00	1.984877e+01
5.770000e-06	-1.001766e-06	2.765393e-10	-7.091577e+00	1.876222e+01
5.780000e-06	-1.046326e-06	2.569564e-10	-7.407022e+00	1.766201e+01
5.790000e-06	-1.090792e-06	2.358767e-10	-7.721798e+00	1.654817e+01
5.800000e-06	-1.135198e-06	2.157495e-10	-8.036149e+00	1.542078e+01
5.810000e-06	-1.179560e-06	2.004523e-10	-8.350190e+00	1.427994e+01
5.820000e-06	-1.223845e-06	1.868501e-10	-8.663688e+00	1.312583e+01
5.830000e-06	-1.268093e-06	1.717497e-10	-8.976920e+00	1.195863e+01
5.840000e-06	-1.312290e-06	1.577691e-10	-9.289797e+00	1.077859e+01
5.850000e-06	-1.356407e-06	1.469310e-10	-9.602107e+00	9.585990e+00
5.860000e-06	-1.400457e-06	1.336993e-10	-9.913939e+00	8.381168e+00
5.870000e-06	-1.444471e-06	1.133667e-10	-1.022551e+01	7.164489e+00
5.880000e-06	-1.488442e-06	8.879388e-11	-1.053679e+01	5.936362e+00
5.890000e-06	-1.532398e-06	6.548587e-11	-1.084796e+01	4.697236e+00
5.900000e-06	-1.576364e-06	4.672383e-11	-1.115920e+01	3.447593e+00
5.910000e-06	-1.620235e-06	3.023874e-11	-1.146976e+01	2.187951e+00
5.920000e-06	-1.664000e-06	1.701144e-11	-1.177958e+01	9.188573e-01
5.930000e-06	-1.707678e-06	7.609118e-12	-1.208878e+01	-3.591119e-01
5.940000e-06	-1.751268e-06	-3.767192e-12	-1.239735e+01	-1.645355e+00
5.950000e-06	-1.794782e-06	-2.117935e-11	-1.270540e+01	-2.939249e+00
5.960000e-06	-1.838199e-06	-4.602996e-11	-1.301275e+01	-4.240150e+00
5.970000e-06	-1.881453e-06	-7.377047e-11	-1.331895e+01	-5.547402e+00
5.980000e-06	-1.924518e-06	-9.863012e-11	-1.362380e+01	-6.860334e+00
5.990000e-06	-1.967394e-06	-1.186140e-10	-1.392733e+01	-8.178266e+00
6.000000e-06	-2.010144e-06	-1.360482e-10	-1.422996e+01	-9.500513e+00
6.010000e-06	-2.052790e-06	-1.530304e-10	-1.453185e+01	-1.082639e+01
6.020000e-06	-2.095205e-06	-1.680388e-10	-1.483211e+01	-1.215520e+01
6.030000e-06	-2.137465e-06	-1.819975e-10	-1.513127e+01	-1.348627e+01
6.040000e-06	-2.179656e-06	-1.996074e-10	-1.542994e+01	-1.481891e+01
6.050000e-06	-2.221663e-06	-2.232738e-10	-1.572732e+01	-1.615245e+01
6.060000e-06	-2.263513e-06	-2.489792e-10	-1.602357e+01	-1.748624e+01
6.070000e-06	-2.305236e-06	-2.725182e-10	-1.631894e+01	-1.881961e+01
6.080000e-06	-2.346792e-06	-2.941555e-10	-1.661311e+01	-2.015193e+01
6.090000e-06	-2.388247e-06	-3.129383e-10	-1.690658e+01	-2.148259e+01
6.100000e-06	-2.429487e-06	-3.280373e-10	-1.719852e+01	-2.281096e+01
6.110000e-06	-2.470361e-06	-3.425788e-10	-1.748787e+01	-2.413646e+01
6.120000e-06	-2.511082e-06	-3.597817e-10	-1.777614e+01	-2.545852e+01
6.130000e-06	-2.551666e-06	-3.795105e-10	-1.806343e+01	-2.677656e+01
6.140000e-06	-2.592049e-06	-3.995730e-10	-1.834930e+01	-2.809006e+01
6.150000e-06	-2.632313e-06	-4.199642e-10	-1.863434e+01	-2.939847e+01
6.160000e-06	-2.672412e-06	-4.444450e-10	-1.891820e+01	-3.070129e+01
6.170000e-06	-2.712410e-06	-4.674626e-10	-1.920135e+01	-3.199801e+01
6.180000e-06	-2.752343e-06	-4.842225e-10	-1.948404e+01	-3.328815e+01
6.190000e-06	-2.792230e-06	-4.970066e-10	-1.976640e+01	-3.457122e+01
6.200000e-06	-2.832023e-06	-5.127744e-10	-2.004810e+01	-3.584675e+01
6.210000e-06	-2.871667e-06	-5.328607e-10	-2.032874e+01	-3.711429e+01
6.220000e-06	-2.911129e-06	-5.519021e-10	-2.060810e+01	-3.837339e+01
6.230000e-06	-2.950322e-06	-5.711765e-10	-2.088554e+01	-3.962358e+01
6.240000e-06	-2.989235e-06	-5.927708e-10	-2.116101e+01	-4.086442e+01
6.250000e-06	-3.027752e-06	-6.154776e-10	-2.143368e+01	-4.209547e+01
6.260000e-06	-3.065881e-06	-6.329588e-10	-2.170360e+01	-4.331628e+01
6.270000e-06	-3.103600e-06	-6.440187e-10	-2.197061e+01	-4.452640e+01
6.280000e-06	-3.140911e-06	-6.545935e-10	-2.223474e+01	-4.572538e+01
6.290000e-06	-3.177866e-06	-6.715471e-10	-2.249635e+01	-4.691277e+01
6.300000e-06	-3.214518e-06	-6.923389e-10	-2.275581e+01	-4.808810e+01
6.310000e-06	-3.250989e-06	-7.122637e-10	-2.301399e+01	-4.925093e+01
6.320000e-06	-3.287247e-06	-7.314575e-10	-2.327066e+01	-5.040077e+01
6.330000e-06	-3.323327e-06	-7.505885e-10	-2.352607e+01	-5.153716e+01
6.340000e-06	-3.359282e-06	-7.696398e-10	-2.378061e+01	-5.265963e+01
6.350000e-06	-3.395120e-06	-7.868145e-10	-2.403431e+01	-5.376769e+01
6.360000e-06	-3.430812e-06	-8.002793e-10	-2.428697e+01	-5.486086e+01
6.370000e-06	-3.466348e-06	-8.114189e-10	-2.453853e+01	-5.593866e+01
6.380000e-06	-3.501677e-06	-8.235411e-10	-2.478863e+01	-5.700061e+01
6.390000e-06	-3.536694e-06	-8.397746e-10	-2.503652e+01	-5.804622e+01
6.400000e-06	-3.571353e-06	-8.578559e-10	-2.528187e+01	-5.907504e+01
6.410000e-06	-3.605736e-06	-8.752969e-10	-2.552527e+01	-6.008659e+01
6.420000e-06	-3.639923e-06	-8.922331e-10	-2.576728e+01	-6.108042e+01
6.430000e-06	-3.673906e-06	-9.093896e-10	-2.600785e+01	-6.205608e+01
6.440000e-06	-3.707680e-06	-9.219249e-10	-2.624694e+01	-6.301316e+01
6.450000e-06	-3.741097e-06	-9.314157e-10	-2.648350e+01	-6.395125e+01
6.460000e-06	-3.774169e-06	-9.435242e-10	-2.671762e+01	-6.486997e+01
6.470000e-06	-3.807021e-06	-9.592955e-10	-2.695018e+01	-6.576897e+01
6.480000e-06	-3.839654e-06	-9.775707e-10	-2.718119e+01	-6.664793e+01
6.490000e-06	-3.872072e-06	-9.928882e-10	-2.741068e+01	-6.750656e+01
6.500000e-06	-3.904222e-06	-1.006056e-09	-2.763827e+01	-6.834460e+01
6.510000e-06	-3.936184e-06	-1.020371e-09	-2.786454e+01	-6.916186e+01
6.520000e-06	-3.968008e-06	-1.033019e-09	-2.808982e+01	-6.995815e+01
6.530000e-06	-3.999624e-06	-1.041752e-09	-2.831363e+01	-7.073337e+01
6.540000e-06	-4.030977e-06	-1.050116e-09	-2.853558e+01	-7.148743e+01
6.550000e-06	-4.061982e-06	-1.060789e-09	-2.875507e+01	-7.222033e+01
6.560000e-06	-4.092484e-06	-1.075096e-09	-2.897099e+01	-7.293207e+01
6.570000e-06	-4.122481e-06	-1.087651e-09	-2.918335e+01	-7.362276e+01
6.580000e-06	-4.151907e-06	-1.095685e-09	-2.939165e+01	-7.429254e+01
6.590000e-06	-4.180832e-06	-1.102458e-09	-2.959642e+01	-7.494158e+01
6.600000e-06	-4.209459e-06	-1.112565e-09	-2.979907e+01	-7.557015e+01
6.610000e-06	-4.237781e-06	-1.124174e-09	-2.999956e+01	-7.617854e+01
6.620000e-06	-4.265882e-06	-1.133594e-09	-3.019849e+01	-7.676711e+01
6.630000e-06	-4.293817e-06	-1.143779e-09	-3.039625e+01	-7.733627e+01
6.640000e-06	-4.321649e-06	-1.157011e-09	-3.059327e+01	-7.788647e+01
6.650000e-06	-4.349331e-06	-1.168365e-09	-3.078923e+01	-7.841822e+01
6.660000e-06	-4.376692e-06	-1.173729e-09	-3.098293e+01	-7.893206e+01
6.670000e-06	-4.403694e-06	-1.177119e-09	-3.117407e+01	-7.942857e+01
6.680000e-06	-4.430359e-06	-1.184636e-09	-3.136283e+01	-7.990839e+01
6.690000e-06	-4.456695e-06	-1.195683e-09	-3.154927e+01	-8.037215e+01
6.700000e-06	-4.482723e-06	-1.205567e-09	-3.173353e+01	-8.082053e+01
6.710000e-06	-4.508464e-06	-1.212172e-09	-3.191575e+01	-8.125425e+01
6.720000e-06	-4.533862e-06	-1.219120e-09	-3.209554e+01	-8.167400e+01
6.730000e-06	-4.558821e-06	-1.228085e-09	-3.227223e+01	-8.208052e+01
6.740000e-06	-4.583446e-06	-1.235056e-09	-3.244655e+01	-8.247452e+01
6.750000e-06	-4.607770e-06	-1.239211e-09	-3.261874e+01	-8.285675e+01
6.760000e-06	-4.631875e-06	-1.243191e-09	-3.278939e+01	-8.322790e+01
6.770000e-06	-4.655881e-06	-1.248557e-09	-3.295932e+01	-8.358869e+01
6.780000e-06	-4.679708e-06	-1.256179e-09	-3.312799e+01	-8.393980e+01
6.790000e-06	-4.703324e-06	-1.264977e-09	-3.329518e+01	-8.428188e+01
6.800000e-06	-4.726607e-06	-1.272201e-09	-3.346000e+01	-8.461555e+01
6.810000e-06	-4.749447e-06	-1.277753e-09	-3.362168e+01	-8.494141e+01
6.820000e-06	-4.771698e-06	-1.280971e-09	-3.377920e+01	-8.526000e+01
6.830000e-06	-4.793226e-06	-1.282061e-09	-3.393160e+01	-8.557182e+01
6.840000e-06	-4.814268e-06	-1.283708e-09	-3.408056e+01	-8.587731e+01
6.850000e-06	-4.834926e-06	-1.287772e-09	-3.422680e+01	-8.617687e+01
6.860000e-06	-4.855195e-06	-1.294322e-09	-3.437028e+01	-8.647084e+01
6.870000e-06	-4.875274e-06	-1.301953e-09	-3.451242e+01	-8.675950e+01
6.880000e-06	-4.895237e-06	-1.308140e-09	-3.465374e+01	-8.704306e+01
6.890000e-06	-4.915001e-06	-1.312915e-09	-3.479365e+01	-8.732169e+01
6.900000e-06	-4.934367e-06	-1.316968e-09	-3.493075e+01	-8.759546e+01
6.910000e-06	-4.953313e-06	-1.319914e-09	-3.506487e+01	-8.786443e+01
6.920000e-06	-4.971891e-06	-1.321774e-09	-3.519638e+01	-8.812855e+01
6.930000e-06	-4.990213e-06	-1.323221e-09	-3.532609e+01	-8.838774e+01
6.940000e-06	-5.008361e-06	-1.325548e-09	-3.545456e+01	-8.864186e+01
6.950000e-06	-5.026149e-06	-1.329468e-09	-3.558048e+01	-8.889070e+01
6.960000e-06	-5.043490e-06	-1.333264e-09	-3.570324e+01	-8.913403e+01
6.970000e-06	-5.060409e-06	-1.337622e-09	-3.582300e+01	-8.937156e+01
6.980000e-06	-5.077022e-06	-1.341856e-09	-3.594061e+01	-8.960295e+01
6.990000e-06	-5.093338e-06	-1.344964e-09	-3.605611e+01	-8.982783e+01
7.000000e-06	-5.109427e-06	-1.346786e-09	-3.617001e+01	-9.004582e+01
7.010000e-06	-5.125371e-06	-1.346260e-09	-3.628288e+01	-9.025651e+01
7.020000e-06	-5.140907e-06	-1.345361e-09	-3.639286e+01	-9.045946e+01
7.030000e-06	-5.155947e-06	-1.347124e-09	-3.649933e+01	-9.065424e+01
7.040000e-06	-5.170464e-06	-1.350568e-09	-3.660209e+01	-9.084041e+01
7.050000e-06	-5.184250e-06	-1.352542e-09	-3.669968e+01	-9.101755e+01
7.060000e-06	-5.197361e-06	-1.357006e-09	-3.679250e+01	-9.118523e+01
7.070000e-06	-5.209998e-06	-1.362088e-09	-3.688196e+01	-9.134308e+01
7.080000e-06	-5.222275e-06	-1.364423e-09	-3.696887e+01	-9.149072e+01
7.090000e-06	-5.234266e-06	-1.364321e-09	-3.705375e+01	-9.162783e+01
7.100000e-06	-5.246042e-06	-1.363186e-09	-3.713712e+01	-9.175412e+01
7.110000e-06	-5.257423e-06	-1.362940e-09	-3.721769e+01	-9.186936e+01
7.120000e-06	-5.268202e-06	-1.364698e-09	-3.729399e+01	-9.197338e+01
7.130000e-06	-5.278511e-06	-1.368156e-09	-3.736696e+01	-9.206604e+01
7.140000e-06	-5.288588e-06	-1.373376e-09	-3.743830e+01	-9.214729e+01
7.150000e-06	-5.298461e-06	-1.378983e-09	-3.750819e+01	-9.221716e+01
7.160000e-06	-5.307977e-06	-1.380920e-09	-3.757556e+01	-9.227572e+01
7.170000e-06	-5.317084e-06	-1.376556e-09	-3.764003e+01	-9.232314e+01
7.180000e-06	-5.325783e-06	-1.370175e-09	-3.770161e+01	-9.235966e+01
7.190000e-06	-5.334170e-06	-1.366348e-09	-3.776098e+01	-9.238559e+01
7.200000e-06	-5.342339e-06	-1.365795e-09	-3.781881e+01	-9.240133e+01
7.210000e-06	-5.350286e-06	-1.369535e-09	-3.787507e+01	-9.240734e+01
7.220000e-06	-5.357961e-06	-1.376591e-09	-3.792940e+01	-9.240417e+01
7.230000e-06	-5.365273e-06	-1.384061e-09	-3.798116e+01	-9.239243e+01
7.240000e-06	-5.372036e-06	-1.388166e-09	-3.802904e+01	-9.237282e+01
7.250000e-06	-5.378140e-06	-1.387315e-09	-3.807225e+01	-9.234608e+01
7.260000e-06	-5.383694e-06	-1.381714e-09	-3.811157e+01	-9.231301e+01
7.270000e-06	-5.388707e-06	-1.375916e-09	-3.814705e+01	-9.227450e+01
7.280000e-06	-5.393184e-06	-1.373314e-09	-3.817874e+01	-9.223143e+01
7.290000e-06	-5.397369e-06	-1.374968e-09	-3.820837e+01	-9.218477e+01
7.300000e-06	-5.401421e-06	-1.379189e-09	-3.823705e+01	-9.213548e+01
7.310000e-06	-5.405225e-06	-1.383540e-09	-3.826399e+01	-9.208458e+01
7.320000e-06	-5.408637e-06	-1.387833e-09	-3.828814e+01	-9.203309e+01
7.330000e-06	-5.411698e-06	-1.390759e-09	-3.830981e+01	-9.198202e+01
7.340000e-06	-5.414404e-06	-1.388665e-09	-3.832896e+01	-9.193240e+01
7.350000e-06	-5.416700e-06	-1.383799e-09	-3.834522e+01	-9.188523e+01
7.360000e-06	-5.418744e-06	-1.379480e-09	-3.835969e+01	-9.184150e+01
7.370000e-06	-5.420551e-06	-1.378331e-09	-3.837248e+01	-9.180217e+01
7.380000e-06	-5.421836e-06	-1.380996e-09	-3.838158e+01	-9.176814e+01
7.390000e-06	-5.422584e-06	-1.384922e-09	-3.838687e+01	-9.174027e+01
7.400000e-06	-5.423035e-06	-1.388392e-09	-3.839006e+01	-9.171936e+01
