# Temperatura_=_19.8
# Concentracion g/m^3_=_4090.0
# C_Vs_to_Am_M_A/Vsm_=_65563218390.804596
# pendiente_HvsI_1/m_=_3716.3
# ordenada_HvsI_A/m_=_1297.0
# frecuencia_Hz_=_135084.18786562554

Tiempo_(s)	Campo_(V.s)	Magnetizacion_(V.s)	Campo_(kA/m)	Magnetizacion_(A/m)
0.000000e+00	-5.421484e-06	-1.215201e-09	-3.838522e+01	-8.258433e+01
1.000000e-08	-5.421654e-06	-1.213690e-09	-3.838643e+01	-8.245807e+01
2.000000e-08	-5.421539e-06	-1.214594e-09	-3.838561e+01	-8.233854e+01
3.000000e-08	-5.421231e-06	-1.212467e-09	-3.838344e+01	-8.222633e+01
4.000000e-08	-5.420637e-06	-1.209552e-09	-3.837923e+01	-8.212203e+01
5.000000e-08	-5.419610e-06	-1.215331e-09	-3.837196e+01	-8.202614e+01
6.000000e-08	-5.418117e-06	-1.225089e-09	-3.836138e+01	-8.193909e+01
7.000000e-08	-5.416117e-06	-1.210155e-09	-3.834723e+01	-8.186126e+01
8.000000e-08	-5.413444e-06	-1.177848e-09	-3.832830e+01	-8.179294e+01
9.000000e-08	-5.410077e-06	-1.181114e-09	-3.830446e+01	-8.173433e+01
1.000000e-07	-5.406135e-06	-1.209617e-09	-3.827655e+01	-8.168559e+01
1.100000e-07	-5.401835e-06	-1.231548e-09	-3.824610e+01	-8.164673e+01
1.200000e-07	-5.397394e-06	-1.224785e-09	-3.821466e+01	-8.161774e+01
1.300000e-07	-5.392745e-06	-1.196734e-09	-3.818175e+01	-8.159848e+01
1.400000e-07	-5.387823e-06	-1.230373e-09	-3.814690e+01	-8.158873e+01
1.500000e-07	-5.382508e-06	-1.234887e-09	-3.810926e+01	-8.158820e+01
1.600000e-07	-5.376800e-06	-1.235139e-09	-3.806885e+01	-8.159650e+01
1.700000e-07	-5.370752e-06	-1.159820e-09	-3.802603e+01	-8.161317e+01
1.800000e-07	-5.364245e-06	-1.155202e-09	-3.797996e+01	-8.163766e+01
1.900000e-07	-5.357248e-06	-1.185623e-09	-3.793042e+01	-8.166935e+01
2.000000e-07	-5.350076e-06	-1.244388e-09	-3.787964e+01	-8.170756e+01
2.100000e-07	-5.342727e-06	-1.245322e-09	-3.782761e+01	-8.175153e+01
2.200000e-07	-5.334953e-06	-1.237076e-09	-3.777257e+01	-8.180045e+01
2.300000e-07	-5.326869e-06	-1.252031e-09	-3.771533e+01	-8.185347e+01
2.400000e-07	-5.318569e-06	-1.276573e-09	-3.765656e+01	-8.190967e+01
2.500000e-07	-5.309890e-06	-1.289146e-09	-3.759512e+01	-8.196811e+01
2.600000e-07	-5.300620e-06	-1.280832e-09	-3.752949e+01	-8.202783e+01
2.700000e-07	-5.290721e-06	-1.310366e-09	-3.745939e+01	-8.208782e+01
2.800000e-07	-5.280224e-06	-1.324630e-09	-3.738507e+01	-8.214710e+01
2.900000e-07	-5.269118e-06	-1.317645e-09	-3.730644e+01	-8.220464e+01
3.000000e-07	-5.257506e-06	-1.285178e-09	-3.722423e+01	-8.225945e+01
3.100000e-07	-5.245557e-06	-1.297473e-09	-3.713963e+01	-8.231054e+01
3.200000e-07	-5.233178e-06	-1.284316e-09	-3.705198e+01	-8.235693e+01
3.300000e-07	-5.220425e-06	-1.295514e-09	-3.696169e+01	-8.239769e+01
3.400000e-07	-5.207403e-06	-1.301831e-09	-3.686949e+01	-8.243192e+01
3.500000e-07	-5.194057e-06	-1.323723e-09	-3.677499e+01	-8.245876e+01
3.600000e-07	-5.180261e-06	-1.300275e-09	-3.667732e+01	-8.247740e+01
3.700000e-07	-5.166022e-06	-1.311991e-09	-3.657650e+01	-8.248710e+01
3.800000e-07	-5.151393e-06	-1.292496e-09	-3.647293e+01	-8.248716e+01
3.900000e-07	-5.136227e-06	-1.267418e-09	-3.636554e+01	-8.247699e+01
4.000000e-07	-5.120405e-06	-1.246261e-09	-3.625353e+01	-8.245603e+01
4.100000e-07	-5.104046e-06	-1.277379e-09	-3.613770e+01	-8.242382e+01
4.200000e-07	-5.087334e-06	-1.282822e-09	-3.601937e+01	-8.237997e+01
4.300000e-07	-5.070364e-06	-1.286902e-09	-3.589922e+01	-8.232419e+01
4.400000e-07	-5.053080e-06	-1.295980e-09	-3.577684e+01	-8.225626e+01
4.500000e-07	-5.035421e-06	-1.297896e-09	-3.565182e+01	-8.217605e+01
4.600000e-07	-5.017439e-06	-1.271787e-09	-3.552450e+01	-8.208350e+01
4.700000e-07	-4.999114e-06	-1.256853e-09	-3.539476e+01	-8.197867e+01
4.800000e-07	-4.980468e-06	-1.251758e-09	-3.526274e+01	-8.186165e+01
4.900000e-07	-4.961466e-06	-1.245710e-09	-3.512820e+01	-8.173267e+01
5.000000e-07	-4.942045e-06	-1.254299e-09	-3.499070e+01	-8.159198e+01
5.100000e-07	-4.922272e-06	-1.260664e-09	-3.485070e+01	-8.143994e+01
5.200000e-07	-4.902255e-06	-1.257564e-09	-3.470898e+01	-8.127697e+01
5.300000e-07	-4.882043e-06	-1.251293e-09	-3.456587e+01	-8.110355e+01
5.400000e-07	-4.861637e-06	-1.258061e-09	-3.442139e+01	-8.092021e+01
5.500000e-07	-4.840932e-06	-1.245402e-09	-3.427479e+01	-8.072755e+01
5.600000e-07	-4.819836e-06	-1.240298e-09	-3.412543e+01	-8.052620e+01
5.700000e-07	-4.798382e-06	-1.237686e-09	-3.397353e+01	-8.031685e+01
5.800000e-07	-4.776563e-06	-1.238761e-09	-3.381905e+01	-8.010019e+01
5.900000e-07	-4.754489e-06	-1.225791e-09	-3.366276e+01	-7.987695e+01
6.000000e-07	-4.732120e-06	-1.226343e-09	-3.350438e+01	-7.964789e+01
6.100000e-07	-4.709300e-06	-1.223140e-09	-3.334282e+01	-7.941377e+01
6.200000e-07	-4.686116e-06	-1.227817e-09	-3.317867e+01	-7.917534e+01
6.300000e-07	-4.662669e-06	-1.223043e-09	-3.301266e+01	-7.893337e+01
6.400000e-07	-4.638984e-06	-1.227870e-09	-3.284496e+01	-7.868859e+01
6.500000e-07	-4.615025e-06	-1.225853e-09	-3.267533e+01	-7.844174e+01
6.600000e-07	-4.590801e-06	-1.226460e-09	-3.250382e+01	-7.819352e+01
6.700000e-07	-4.566355e-06	-1.213189e-09	-3.233073e+01	-7.794460e+01
6.800000e-07	-4.541599e-06	-1.205114e-09	-3.215546e+01	-7.769562e+01
6.900000e-07	-4.516455e-06	-1.196042e-09	-3.197743e+01	-7.744718e+01
7.000000e-07	-4.490887e-06	-1.196443e-09	-3.179640e+01	-7.719981e+01
7.100000e-07	-4.464798e-06	-1.194806e-09	-3.161169e+01	-7.695403e+01
7.200000e-07	-4.438193e-06	-1.197801e-09	-3.142332e+01	-7.671028e+01
7.300000e-07	-4.411175e-06	-1.198396e-09	-3.123203e+01	-7.646895e+01
7.400000e-07	-4.383790e-06	-1.201669e-09	-3.103814e+01	-7.623038e+01
7.500000e-07	-4.356020e-06	-1.196772e-09	-3.084152e+01	-7.599483e+01
7.600000e-07	-4.327962e-06	-1.188298e-09	-3.064286e+01	-7.576252e+01
7.700000e-07	-4.299761e-06	-1.180545e-09	-3.044319e+01	-7.553361e+01
7.800000e-07	-4.271395e-06	-1.178467e-09	-3.024236e+01	-7.530818e+01
7.900000e-07	-4.242815e-06	-1.177353e-09	-3.004001e+01	-7.508626e+01
8.000000e-07	-4.213924e-06	-1.174616e-09	-2.983545e+01	-7.486785e+01
8.100000e-07	-4.184635e-06	-1.175088e-09	-2.962808e+01	-7.465284e+01
8.200000e-07	-4.154989e-06	-1.174841e-09	-2.941818e+01	-7.444112e+01
8.300000e-07	-4.125097e-06	-1.174993e-09	-2.920654e+01	-7.423249e+01
8.400000e-07	-4.095014e-06	-1.167282e-09	-2.899354e+01	-7.402674e+01
8.500000e-07	-4.064686e-06	-1.160457e-09	-2.877882e+01	-7.382359e+01
8.600000e-07	-4.034082e-06	-1.155410e-09	-2.856213e+01	-7.362273e+01
8.700000e-07	-4.003125e-06	-1.158895e-09	-2.834295e+01	-7.342382e+01
8.800000e-07	-3.971809e-06	-1.158526e-09	-2.812122e+01	-7.322649e+01
8.900000e-07	-3.940303e-06	-1.156309e-09	-2.789816e+01	-7.303036e+01
9.000000e-07	-3.908638e-06	-1.147369e-09	-2.767397e+01	-7.283500e+01
9.100000e-07	-3.876783e-06	-1.143152e-09	-2.744842e+01	-7.264000e+01
9.200000e-07	-3.844764e-06	-1.137115e-09	-2.722172e+01	-7.244491e+01
9.300000e-07	-3.812543e-06	-1.134404e-09	-2.699359e+01	-7.224931e+01
9.400000e-07	-3.780037e-06	-1.132970e-09	-2.676344e+01	-7.205276e+01
9.500000e-07	-3.747210e-06	-1.140426e-09	-2.653102e+01	-7.185483e+01
9.600000e-07	-3.714133e-06	-1.143250e-09	-2.629683e+01	-7.165509e+01
9.700000e-07	-3.680805e-06	-1.140459e-09	-2.606086e+01	-7.145315e+01
9.800000e-07	-3.647047e-06	-1.128378e-09	-2.582184e+01	-7.124862e+01
9.900000e-07	-3.612784e-06	-1.118060e-09	-2.557926e+01	-7.104113e+01
1.000000e-06	-3.578121e-06	-1.108337e-09	-2.533383e+01	-7.083034e+01
1.010000e-06	-3.543078e-06	-1.104088e-09	-2.508572e+01	-7.061595e+01
1.020000e-06	-3.507655e-06	-1.101307e-09	-2.483492e+01	-7.039766e+01
1.030000e-06	-3.471965e-06	-1.104707e-09	-2.458223e+01	-7.017523e+01
1.040000e-06	-3.436106e-06	-1.107469e-09	-2.432834e+01	-6.994843e+01
1.050000e-06	-3.400118e-06	-1.104272e-09	-2.407354e+01	-6.971709e+01
1.060000e-06	-3.363971e-06	-1.093596e-09	-2.381760e+01	-6.948105e+01
1.070000e-06	-3.327637e-06	-1.080818e-09	-2.356036e+01	-6.924019e+01
1.080000e-06	-3.291132e-06	-1.071242e-09	-2.330189e+01	-6.899444e+01
1.090000e-06	-3.254387e-06	-1.065070e-09	-2.304173e+01	-6.874373e+01
1.100000e-06	-3.217342e-06	-1.062206e-09	-2.277945e+01	-6.848805e+01
1.110000e-06	-3.180109e-06	-1.061869e-09	-2.251583e+01	-6.822742e+01
1.120000e-06	-3.142601e-06	-1.063200e-09	-2.225026e+01	-6.796186e+01
1.130000e-06	-3.104858e-06	-1.059618e-09	-2.198304e+01	-6.769145e+01
1.140000e-06	-3.067065e-06	-1.051794e-09	-2.171545e+01	-6.741627e+01
1.150000e-06	-3.029053e-06	-1.041494e-09	-2.144632e+01	-6.713643e+01
1.160000e-06	-2.990752e-06	-1.034991e-09	-2.117514e+01	-6.685206e+01
1.170000e-06	-2.952283e-06	-1.029528e-09	-2.090278e+01	-6.656330e+01
1.180000e-06	-2.913582e-06	-1.025740e-09	-2.062876e+01	-6.627030e+01
1.190000e-06	-2.874675e-06	-1.019728e-09	-2.035329e+01	-6.597322e+01
1.200000e-06	-2.835671e-06	-1.015059e-09	-2.007713e+01	-6.567224e+01
1.210000e-06	-2.796333e-06	-1.010944e-09	-1.979861e+01	-6.536751e+01
1.220000e-06	-2.756801e-06	-1.009247e-09	-1.951872e+01	-6.505920e+01
1.230000e-06	-2.717113e-06	-1.005364e-09	-1.923772e+01	-6.474749e+01
1.240000e-06	-2.677243e-06	-1.003292e-09	-1.895544e+01	-6.443253e+01
1.250000e-06	-2.637302e-06	-9.992726e-10	-1.867264e+01	-6.411446e+01
1.260000e-06	-2.597175e-06	-9.960667e-10	-1.838853e+01	-6.379342e+01
1.270000e-06	-2.556985e-06	-9.898826e-10	-1.810398e+01	-6.346954e+01
1.280000e-06	-2.516789e-06	-9.816068e-10	-1.781939e+01	-6.314291e+01
1.290000e-06	-2.476433e-06	-9.730689e-10	-1.753365e+01	-6.281364e+01
1.300000e-06	-2.435860e-06	-9.665484e-10	-1.724639e+01	-6.248177e+01
1.310000e-06	-2.395180e-06	-9.609666e-10	-1.695837e+01	-6.214737e+01
1.320000e-06	-2.354428e-06	-9.556049e-10	-1.666984e+01	-6.181046e+01
1.330000e-06	-2.313400e-06	-9.515327e-10	-1.637935e+01	-6.147103e+01
1.340000e-06	-2.272059e-06	-9.500335e-10	-1.608665e+01	-6.112906e+01
1.350000e-06	-2.230474e-06	-9.481103e-10	-1.579221e+01	-6.078452e+01
1.360000e-06	-2.188595e-06	-9.422951e-10	-1.549570e+01	-6.043732e+01
1.370000e-06	-2.146418e-06	-9.335961e-10	-1.519708e+01	-6.008739e+01
1.380000e-06	-2.103977e-06	-9.268075e-10	-1.489659e+01	-5.973460e+01
1.390000e-06	-2.061318e-06	-9.221009e-10	-1.459456e+01	-5.937881e+01
1.400000e-06	-2.018432e-06	-9.163869e-10	-1.429091e+01	-5.901987e+01
1.410000e-06	-1.975387e-06	-9.095419e-10	-1.398614e+01	-5.865760e+01
1.420000e-06	-1.932215e-06	-9.041708e-10	-1.368048e+01	-5.829179e+01
1.430000e-06	-1.888841e-06	-9.008604e-10	-1.337338e+01	-5.792222e+01
1.440000e-06	-1.845223e-06	-8.979833e-10	-1.306456e+01	-5.754867e+01
1.450000e-06	-1.801503e-06	-8.958013e-10	-1.275501e+01	-5.717087e+01
1.460000e-06	-1.757703e-06	-8.906963e-10	-1.244490e+01	-5.678855e+01
1.470000e-06	-1.713763e-06	-8.836332e-10	-1.213380e+01	-5.640144e+01
1.480000e-06	-1.669702e-06	-8.747617e-10	-1.182184e+01	-5.600922e+01
1.490000e-06	-1.625548e-06	-8.666451e-10	-1.150921e+01	-5.561160e+01
1.500000e-06	-1.581370e-06	-8.604430e-10	-1.119642e+01	-5.520826e+01
1.510000e-06	-1.537097e-06	-8.561607e-10	-1.088296e+01	-5.479884e+01
1.520000e-06	-1.492708e-06	-8.511730e-10	-1.056868e+01	-5.438302e+01
1.530000e-06	-1.448265e-06	-8.461186e-10	-1.025402e+01	-5.396044e+01
1.540000e-06	-1.403790e-06	-8.404265e-10	-9.939119e+00	-5.353073e+01
1.550000e-06	-1.359254e-06	-8.321030e-10	-9.623796e+00	-5.309352e+01
1.560000e-06	-1.314599e-06	-8.191369e-10	-9.307629e+00	-5.264843e+01
1.570000e-06	-1.269803e-06	-8.065373e-10	-8.990464e+00	-5.219506e+01
1.580000e-06	-1.224946e-06	-7.994760e-10	-8.672873e+00	-5.173300e+01
1.590000e-06	-1.180033e-06	-7.962068e-10	-8.354877e+00	-5.126185e+01
1.600000e-06	-1.135127e-06	-7.894696e-10	-8.036930e+00	-5.078116e+01
1.610000e-06	-1.090148e-06	-7.811878e-10	-7.718470e+00	-5.029051e+01
1.620000e-06	-1.044975e-06	-7.737713e-10	-7.398641e+00	-4.978944e+01
1.630000e-06	-9.996770e-07	-7.674867e-10	-7.077919e+00	-4.927748e+01
1.640000e-06	-9.543561e-07	-7.579624e-10	-6.757038e+00	-4.875415e+01
1.650000e-06	-9.089869e-07	-7.449741e-10	-6.435814e+00	-4.821895e+01
1.660000e-06	-8.635103e-07	-7.342868e-10	-6.113831e+00	-4.767137e+01
1.670000e-06	-8.180130e-07	-7.277572e-10	-5.791701e+00	-4.711088e+01
1.680000e-06	-7.724711e-07	-7.216946e-10	-5.469254e+00	-4.653692e+01
1.690000e-06	-7.268642e-07	-7.133642e-10	-5.146348e+00	-4.594893e+01
1.700000e-06	-6.811520e-07	-7.029733e-10	-4.822696e+00	-4.534633e+01
1.710000e-06	-6.354384e-07	-6.927339e-10	-4.499035e+00	-4.472849e+01
1.720000e-06	-5.897211e-07	-6.829380e-10	-4.175347e+00	-4.409481e+01
1.730000e-06	-5.439021e-07	-6.721118e-10	-3.850939e+00	-4.344464e+01
1.740000e-06	-4.980979e-07	-6.623130e-10	-3.526636e+00	-4.277732e+01
1.750000e-06	-4.522409e-07	-6.554026e-10	-3.201959e+00	-4.209216e+01
1.760000e-06	-4.063518e-07	-6.478134e-10	-2.877055e+00	-4.138848e+01
1.770000e-06	-3.605199e-07	-6.345696e-10	-2.552555e+00	-4.066557e+01
1.780000e-06	-3.145768e-07	-6.193817e-10	-2.227269e+00	-3.992270e+01
1.790000e-06	-2.685165e-07	-6.060423e-10	-1.901152e+00	-3.915916e+01
1.800000e-06	-2.224990e-07	-5.939440e-10	-1.575339e+00	-3.837420e+01
1.810000e-06	-1.765701e-07	-5.782466e-10	-1.250153e+00	-3.756709e+01
1.820000e-06	-1.306114e-07	-5.633241e-10	-9.247553e-01	-3.673709e+01
1.830000e-06	-8.460754e-08	-5.534753e-10	-5.990388e-01	-3.588346e+01
1.840000e-06	-3.855184e-08	-5.421952e-10	-2.729549e-01	-3.500549e+01
1.850000e-06	7.488344e-09	-5.294920e-10	5.301902e-02	-3.410246e+01
1.860000e-06	5.347657e-08	-5.169599e-10	3.786251e-01	-3.317368e+01
1.870000e-06	9.945933e-08	-5.060416e-10	7.041926e-01	-3.221847e+01
1.880000e-06	1.453912e-07	-4.942244e-10	1.029400e+00	-3.123620e+01
1.890000e-06	1.912972e-07	-4.786884e-10	1.354424e+00	-3.022627e+01
1.900000e-06	2.373000e-07	-4.566711e-10	1.680133e+00	-2.918810e+01
1.910000e-06	2.833326e-07	-4.290549e-10	2.006053e+00	-2.812119e+01
1.920000e-06	3.293183e-07	-4.052589e-10	2.331642e+00	-2.702505e+01
1.930000e-06	3.753119e-07	-3.874719e-10	2.657286e+00	-2.589929e+01
1.940000e-06	4.212467e-07	-3.746314e-10	2.982513e+00	-2.474357e+01
1.950000e-06	4.670748e-07	-3.623489e-10	3.306986e+00	-2.355760e+01
1.960000e-06	5.128026e-07	-3.505122e-10	3.630748e+00	-2.234120e+01
1.970000e-06	5.584866e-07	-3.343471e-10	3.954201e+00	-2.109425e+01
1.980000e-06	6.041510e-07	-3.097630e-10	4.277514e+00	-1.981672e+01
1.990000e-06	6.498219e-07	-2.794372e-10	4.600873e+00	-1.850868e+01
2.000000e-06	6.954743e-07	-2.516599e-10	4.924101e+00	-1.717027e+01
2.010000e-06	7.410252e-07	-2.305488e-10	5.246611e+00	-1.580176e+01
2.020000e-06	7.865364e-07	-2.156543e-10	5.568840e+00	-1.440351e+01
2.030000e-06	8.320091e-07	-2.029891e-10	5.890796e+00	-1.297598e+01
2.040000e-06	8.774313e-07	-1.874637e-10	6.212394e+00	-1.151975e+01
2.050000e-06	9.227838e-07	-1.655136e-10	6.533500e+00	-1.003549e+01
2.060000e-06	9.680803e-07	-1.390099e-10	6.854208e+00	-8.523998e+00
2.070000e-06	1.013278e-06	-1.089436e-10	7.174215e+00	-6.986178e+00
2.080000e-06	1.058335e-06	-7.745302e-11	7.493227e+00	-5.423036e+00
2.090000e-06	1.103401e-06	-4.934601e-11	7.812309e+00	-3.835693e+00
2.100000e-06	1.148409e-06	-2.829575e-11	8.130975e+00	-2.225370e+00
2.110000e-06	1.193294e-06	-1.121269e-11	8.448770e+00	-5.933945e-01
2.120000e-06	1.238053e-06	7.906310e-12	8.765673e+00	1.058808e+00
2.130000e-06	1.282696e-06	3.085239e-11	9.081755e+00	2.729718e+00
2.140000e-06	1.327269e-06	5.503791e-11	9.397338e+00	4.417725e+00
2.150000e-06	1.371764e-06	7.939569e-11	9.712371e+00	6.121137e+00
2.160000e-06	1.416159e-06	1.072521e-10	1.002670e+01	7.838183e+00
2.170000e-06	1.460444e-06	1.359548e-10	1.034025e+01	9.567023e+00
2.180000e-06	1.504750e-06	1.635855e-10	1.065394e+01	1.130575e+01
2.190000e-06	1.549070e-06	1.877396e-10	1.096774e+01	1.305242e+01
2.200000e-06	1.593301e-06	2.089779e-10	1.128090e+01	1.480501e+01
2.210000e-06	1.637463e-06	2.314532e-10	1.159357e+01	1.656150e+01
2.220000e-06	1.681540e-06	2.567217e-10	1.190565e+01	1.831981e+01
2.230000e-06	1.725520e-06	2.821506e-10	1.221703e+01	2.007785e+01
2.240000e-06	1.769400e-06	3.090689e-10	1.252771e+01	2.183355e+01
2.250000e-06	1.813259e-06	3.383132e-10	1.283825e+01	2.358479e+01
2.260000e-06	1.857039e-06	3.690007e-10	1.314822e+01	2.532951e+01
2.270000e-06	1.900700e-06	3.986123e-10	1.345735e+01	2.706563e+01
2.280000e-06	1.944259e-06	4.276625e-10	1.376575e+01	2.879115e+01
2.290000e-06	1.987652e-06	4.560100e-10	1.407298e+01	3.050405e+01
2.300000e-06	2.030824e-06	4.811485e-10	1.437865e+01	3.220241e+01
2.310000e-06	2.073750e-06	5.041393e-10	1.468258e+01	3.388435e+01
2.320000e-06	2.116352e-06	5.261250e-10	1.498421e+01	3.554804e+01
2.330000e-06	2.158687e-06	5.472588e-10	1.528395e+01	3.719176e+01
2.340000e-06	2.200805e-06	5.696668e-10	1.558215e+01	3.881383e+01
2.350000e-06	2.242574e-06	5.956514e-10	1.587789e+01	4.041268e+01
2.360000e-06	2.283945e-06	6.249983e-10	1.617080e+01	4.198684e+01
2.370000e-06	2.324995e-06	6.537730e-10	1.646144e+01	4.353493e+01
2.380000e-06	2.365860e-06	6.809596e-10	1.675077e+01	4.505567e+01
2.390000e-06	2.406546e-06	7.057078e-10	1.703884e+01	4.654789e+01
2.400000e-06	2.447095e-06	7.255540e-10	1.732594e+01	4.801054e+01
2.410000e-06	2.487494e-06	7.420383e-10	1.761197e+01	4.944267e+01
2.420000e-06	2.527747e-06	7.579106e-10	1.789697e+01	5.084344e+01
2.430000e-06	2.567901e-06	7.796240e-10	1.818127e+01	5.221213e+01
2.440000e-06	2.607959e-06	8.079478e-10	1.846488e+01	5.354815e+01
2.450000e-06	2.647928e-06	8.352474e-10	1.874788e+01	5.485100e+01
2.460000e-06	2.687723e-06	8.584703e-10	1.902963e+01	5.612029e+01
2.470000e-06	2.727368e-06	8.797054e-10	1.931032e+01	5.735576e+01
2.480000e-06	2.766886e-06	8.970078e-10	1.959012e+01	5.855724e+01
2.490000e-06	2.806200e-06	9.085746e-10	1.986847e+01	5.972466e+01
2.500000e-06	2.845407e-06	9.184574e-10	2.014607e+01	6.085804e+01
2.510000e-06	2.884481e-06	9.327881e-10	2.042272e+01	6.195751e+01
2.520000e-06	2.923323e-06	9.551652e-10	2.069773e+01	6.302328e+01
2.530000e-06	2.961798e-06	9.821320e-10	2.097014e+01	6.405563e+01
2.540000e-06	2.999940e-06	1.006731e-09	2.124019e+01	6.505493e+01
2.550000e-06	3.037978e-06	1.025636e-09	2.150951e+01	6.602159e+01
2.560000e-06	3.075888e-06	1.038516e-09	2.177792e+01	6.695612e+01
2.570000e-06	3.113627e-06	1.046363e-09	2.204512e+01	6.785904e+01
2.580000e-06	3.151154e-06	1.051778e-09	2.231082e+01	6.873096e+01
2.590000e-06	3.188440e-06	1.059100e-09	2.257481e+01	6.957250e+01
2.600000e-06	3.225463e-06	1.073666e-09	2.283694e+01	7.038432e+01
2.610000e-06	3.262203e-06	1.094513e-09	2.309707e+01	7.116711e+01
2.620000e-06	3.298714e-06	1.116286e-09	2.335557e+01	7.192157e+01
2.630000e-06	3.335080e-06	1.133208e-09	2.361306e+01	7.264844e+01
2.640000e-06	3.371382e-06	1.142718e-09	2.387008e+01	7.334843e+01
2.650000e-06	3.407599e-06	1.146823e-09	2.412651e+01	7.402228e+01
2.660000e-06	3.443625e-06	1.145804e-09	2.438157e+01	7.467072e+01
2.670000e-06	3.479477e-06	1.143392e-09	2.463542e+01	7.529446e+01
2.680000e-06	3.515170e-06	1.144843e-09	2.488812e+01	7.589422e+01
2.690000e-06	3.550559e-06	1.153815e-09	2.513869e+01	7.647070e+01
2.700000e-06	3.585455e-06	1.170002e-09	2.538576e+01	7.702455e+01
2.710000e-06	3.619849e-06	1.187387e-09	2.562927e+01	7.755644e+01
2.720000e-06	3.653954e-06	1.201122e-09	2.587075e+01	7.806701e+01
2.730000e-06	3.687664e-06	1.209957e-09	2.610942e+01	7.855685e+01
2.740000e-06	3.720838e-06	1.212772e-09	2.634430e+01	7.902654e+01
2.750000e-06	3.753717e-06	1.210782e-09	2.657709e+01	7.947664e+01
2.760000e-06	3.786354e-06	1.208380e-09	2.680817e+01	7.990768e+01
2.770000e-06	3.818707e-06	1.208980e-09	2.703723e+01	8.032017e+01
2.780000e-06	3.850920e-06	1.214142e-09	2.726531e+01	8.071457e+01
2.790000e-06	3.883029e-06	1.224102e-09	2.749264e+01	8.109136e+01
2.800000e-06	3.914963e-06	1.233459e-09	2.771875e+01	8.145095e+01
2.810000e-06	3.946648e-06	1.240301e-09	2.794308e+01	8.179378e+01
2.820000e-06	3.978059e-06	1.245134e-09	2.816548e+01	8.212023e+01
2.830000e-06	4.009104e-06	1.245711e-09	2.838528e+01	8.243070e+01
2.840000e-06	4.039765e-06	1.244102e-09	2.860237e+01	8.272555e+01
2.850000e-06	4.070216e-06	1.242518e-09	2.881797e+01	8.300516e+01
2.860000e-06	4.100499e-06	1.243792e-09	2.903238e+01	8.326988e+01
2.870000e-06	4.130589e-06	1.248434e-09	2.924542e+01	8.352007e+01
2.880000e-06	4.160421e-06	1.252443e-09	2.945664e+01	8.375608e+01
2.890000e-06	4.189881e-06	1.256590e-09	2.966522e+01	8.397828e+01
2.900000e-06	4.219066e-06	1.261583e-09	2.987186e+01	8.418702e+01
2.910000e-06	4.248027e-06	1.265239e-09	3.007690e+01	8.438269e+01
2.920000e-06	4.276701e-06	1.267976e-09	3.027992e+01	8.456565e+01
2.930000e-06	4.305156e-06	1.268327e-09	3.048139e+01	8.473631e+01
2.940000e-06	4.333389e-06	1.266726e-09	3.068129e+01	8.489506e+01
2.950000e-06	4.361408e-06	1.265490e-09	3.087967e+01	8.504232e+01
2.960000e-06	4.389207e-06	1.265195e-09	3.107649e+01	8.517853e+01
2.970000e-06	4.416589e-06	1.267388e-09	3.127036e+01	8.530412e+01
2.980000e-06	4.443568e-06	1.272182e-09	3.146138e+01	8.541957e+01
2.990000e-06	4.470093e-06	1.277121e-09	3.164918e+01	8.552534e+01
3.000000e-06	4.495995e-06	1.281703e-09	3.183257e+01	8.562192e+01
3.010000e-06	4.521355e-06	1.285568e-09	3.201212e+01	8.570981e+01
3.020000e-06	4.546241e-06	1.286762e-09	3.218832e+01	8.578951e+01
3.030000e-06	4.570734e-06	1.288939e-09	3.236174e+01	8.586154e+01
3.040000e-06	4.594990e-06	1.292647e-09	3.253348e+01	8.592642e+01
3.050000e-06	4.619032e-06	1.293101e-09	3.270370e+01	8.598467e+01
3.060000e-06	4.642921e-06	1.292223e-09	3.287283e+01	8.603681e+01
3.070000e-06	4.666641e-06	1.290175e-09	3.304078e+01	8.608336e+01
3.080000e-06	4.689947e-06	1.289228e-09	3.320579e+01	8.612483e+01
3.090000e-06	4.712861e-06	1.291490e-09	3.336803e+01	8.616171e+01
3.100000e-06	4.735613e-06	1.295616e-09	3.352912e+01	8.619449e+01
3.110000e-06	4.758087e-06	1.299354e-09	3.368824e+01	8.622364e+01
3.120000e-06	4.780086e-06	1.302193e-09	3.384399e+01	8.624959e+01
3.130000e-06	4.801764e-06	1.305417e-09	3.399748e+01	8.627276e+01
3.140000e-06	4.823204e-06	1.308000e-09	3.414928e+01	8.629354e+01
3.150000e-06	4.844222e-06	1.307989e-09	3.429809e+01	8.631228e+01
3.160000e-06	4.864847e-06	1.305705e-09	3.444412e+01	8.632931e+01
3.170000e-06	4.885230e-06	1.304439e-09	3.458844e+01	8.634489e+01
3.180000e-06	4.905477e-06	1.306576e-09	3.473179e+01	8.635926e+01
3.190000e-06	4.925507e-06	1.310112e-09	3.487361e+01	8.637264e+01
3.200000e-06	4.945205e-06	1.315219e-09	3.501307e+01	8.638515e+01
3.210000e-06	4.964678e-06	1.321109e-09	3.515094e+01	8.639691e+01
3.220000e-06	4.983711e-06	1.324314e-09	3.528570e+01	8.640798e+01
3.230000e-06	5.002198e-06	1.322519e-09	3.541659e+01	8.641836e+01
3.240000e-06	5.020322e-06	1.318699e-09	3.554492e+01	8.642801e+01
3.250000e-06	5.038177e-06	1.315060e-09	3.567133e+01	8.643687e+01
3.260000e-06	5.055767e-06	1.314900e-09	3.579588e+01	8.644480e+01
3.270000e-06	5.073030e-06	1.314207e-09	3.591810e+01	8.645163e+01
3.280000e-06	5.089947e-06	1.313015e-09	3.603788e+01	8.645715e+01
3.290000e-06	5.106511e-06	1.315719e-09	3.615515e+01	8.646112e+01
3.300000e-06	5.122572e-06	1.321358e-09	3.626886e+01	8.646326e+01
3.310000e-06	5.138092e-06	1.326957e-09	3.637875e+01	8.646325e+01
3.320000e-06	5.153242e-06	1.328507e-09	3.648602e+01	8.646077e+01
3.330000e-06	5.168056e-06	1.330919e-09	3.659090e+01	8.645546e+01
3.340000e-06	5.182443e-06	1.332188e-09	3.669276e+01	8.644694e+01
3.350000e-06	5.196369e-06	1.328476e-09	3.679136e+01	8.643484e+01
3.360000e-06	5.209904e-06	1.319638e-09	3.688719e+01	8.641877e+01
3.370000e-06	5.223102e-06	1.312209e-09	3.698064e+01	8.639835e+01
3.380000e-06	5.235931e-06	1.308478e-09	3.707147e+01	8.637319e+01
3.390000e-06	5.248386e-06	1.307990e-09	3.715965e+01	8.634293e+01
3.400000e-06	5.260426e-06	1.311681e-09	3.724490e+01	8.630721e+01
3.410000e-06	5.272029e-06	1.317030e-09	3.732705e+01	8.626573e+01
3.420000e-06	5.283314e-06	1.318004e-09	3.740695e+01	8.621818e+01
3.430000e-06	5.294159e-06	1.314183e-09	3.748374e+01	8.616430e+01
3.440000e-06	5.304244e-06	1.306472e-09	3.755514e+01	8.610388e+01
3.450000e-06	5.313523e-06	1.298383e-09	3.762084e+01	8.603673e+01
3.460000e-06	5.322341e-06	1.291018e-09	3.768327e+01	8.596274e+01
3.470000e-06	5.330870e-06	1.286807e-09	3.774366e+01	8.588183e+01
3.480000e-06	5.339077e-06	1.288825e-09	3.780177e+01	8.579398e+01
3.490000e-06	5.347092e-06	1.296687e-09	3.785851e+01	8.569923e+01
3.500000e-06	5.354921e-06	1.304979e-09	3.791394e+01	8.559768e+01
3.510000e-06	5.362357e-06	1.308936e-09	3.796660e+01	8.548950e+01
3.520000e-06	5.369381e-06	1.309763e-09	3.801633e+01	8.537491e+01
3.530000e-06	5.376042e-06	1.306799e-09	3.806348e+01	8.525420e+01
3.540000e-06	5.382307e-06	1.299213e-09	3.810785e+01	8.512773e+01
3.550000e-06	5.388324e-06	1.290893e-09	3.815045e+01	8.499589e+01
3.560000e-06	5.393914e-06	1.285999e-09	3.819003e+01	8.485916e+01
3.570000e-06	5.398991e-06	1.284946e-09	3.822597e+01	8.471807e+01
3.580000e-06	5.403742e-06	1.288101e-09	3.825961e+01	8.457318e+01
3.590000e-06	5.408212e-06	1.293260e-09	3.829126e+01	8.442514e+01
3.600000e-06	5.412454e-06	1.296901e-09	3.832129e+01	8.427460e+01
3.610000e-06	5.416455e-06	1.298055e-09	3.834962e+01	8.412227e+01
3.620000e-06	5.420143e-06	1.296297e-09	3.837573e+01	8.396890e+01
3.630000e-06	5.423418e-06	1.290882e-09	3.839892e+01	8.381524e+01
3.640000e-06	5.426230e-06	1.284754e-09	3.841883e+01	8.366209e+01
3.650000e-06	5.428416e-06	1.281595e-09	3.843431e+01	8.351023e+01
3.660000e-06	5.429944e-06	1.282695e-09	3.844512e+01	8.336048e+01
3.670000e-06	5.430978e-06	1.285877e-09	3.845244e+01	8.321363e+01
3.680000e-06	5.431619e-06	1.289917e-09	3.845699e+01	8.307048e+01
3.690000e-06	5.431953e-06	1.292788e-09	3.845935e+01	8.293179e+01
3.700000e-06	5.432045e-06	1.297445e-09	3.846000e+01	8.279831e+01
3.710000e-06	5.431872e-06	1.299890e-09	3.845877e+01	8.267077e+01
3.720000e-06	5.431366e-06	1.298417e-09	3.845519e+01	8.254983e+01
3.730000e-06	5.430441e-06	1.291593e-09	3.844864e+01	8.243613e+01
3.740000e-06	5.429076e-06	1.279992e-09	3.843897e+01	8.233024e+01
3.750000e-06	5.427382e-06	1.253994e-09	3.842698e+01	8.223268e+01
3.760000e-06	5.425351e-06	1.242002e-09	3.841260e+01	8.214390e+01
3.770000e-06	5.422982e-06	1.278024e-09	3.839583e+01	8.206427e+01
3.780000e-06	5.420416e-06	1.294267e-09	3.837766e+01	8.199411e+01
3.790000e-06	5.417473e-06	1.276617e-09	3.835682e+01	8.193364e+01
3.800000e-06	5.413954e-06	1.253585e-09	3.833191e+01	8.188301e+01
3.810000e-06	5.410052e-06	1.225292e-09	3.830428e+01	8.184228e+01
3.820000e-06	5.405967e-06	1.257196e-09	3.827536e+01	8.181141e+01
3.830000e-06	5.401783e-06	1.219661e-09	3.824574e+01	8.179030e+01
3.840000e-06	5.397279e-06	1.189541e-09	3.821385e+01	8.177876e+01
3.850000e-06	5.392060e-06	1.187760e-09	3.817689e+01	8.177648e+01
3.860000e-06	5.386081e-06	1.234387e-09	3.813456e+01	8.178310e+01
3.870000e-06	5.379696e-06	1.281542e-09	3.808936e+01	8.179818e+01
3.880000e-06	5.373079e-06	1.239411e-09	3.804251e+01	8.182117e+01
3.890000e-06	5.365944e-06	1.221578e-09	3.799199e+01	8.185147e+01
3.900000e-06	5.358312e-06	1.201677e-09	3.793795e+01	8.188841e+01
3.910000e-06	5.350439e-06	1.234778e-09	3.788221e+01	8.193124e+01
3.920000e-06	5.342238e-06	1.202596e-09	3.782415e+01	8.197916e+01
3.930000e-06	5.333724e-06	1.196122e-09	3.776387e+01	8.203132e+01
3.940000e-06	5.324889e-06	1.199807e-09	3.770131e+01	8.208682e+01
3.950000e-06	5.315696e-06	1.237379e-09	3.763623e+01	8.214472e+01
3.960000e-06	5.306056e-06	1.227715e-09	3.756797e+01	8.220406e+01
3.970000e-06	5.295946e-06	1.210559e-09	3.749639e+01	8.226384e+01
3.980000e-06	5.285539e-06	1.220214e-09	3.742271e+01	8.232307e+01
3.990000e-06	5.274828e-06	1.261816e-09	3.734687e+01	8.238074e+01
4.000000e-06	5.263661e-06	1.279710e-09	3.726780e+01	8.243584e+01
4.010000e-06	5.252100e-06	1.278164e-09	3.718595e+01	8.248738e+01
4.020000e-06	5.240187e-06	1.304481e-09	3.710160e+01	8.253438e+01
4.030000e-06	5.227768e-06	1.311219e-09	3.701367e+01	8.257591e+01
4.040000e-06	5.214792e-06	1.277847e-09	3.692181e+01	8.261106e+01
4.050000e-06	5.201387e-06	1.247519e-09	3.682689e+01	8.263895e+01
4.060000e-06	5.187641e-06	1.266754e-09	3.672957e+01	8.265877e+01
4.070000e-06	5.173160e-06	1.261467e-09	3.662704e+01	8.266978e+01
4.080000e-06	5.157918e-06	1.275236e-09	3.651913e+01	8.267126e+01
4.090000e-06	5.142348e-06	1.295873e-09	3.640888e+01	8.266260e+01
4.100000e-06	5.126540e-06	1.299428e-09	3.629696e+01	8.264323e+01
4.110000e-06	5.110488e-06	1.257477e-09	3.618331e+01	8.261269e+01
4.120000e-06	5.094220e-06	1.256240e-09	3.606813e+01	8.257057e+01
4.130000e-06	5.077657e-06	1.240349e-09	3.595086e+01	8.251656e+01
4.140000e-06	5.060723e-06	1.220767e-09	3.583096e+01	8.245044e+01
4.150000e-06	5.043369e-06	1.219822e-09	3.570809e+01	8.237204e+01
4.160000e-06	5.025655e-06	1.263134e-09	3.558267e+01	8.228131e+01
4.170000e-06	5.007674e-06	1.263459e-09	3.545537e+01	8.217828e+01
4.180000e-06	4.989381e-06	1.261367e-09	3.532585e+01	8.206305e+01
4.190000e-06	4.970778e-06	1.253945e-09	3.519414e+01	8.193581e+01
4.200000e-06	4.951803e-06	1.236608e-09	3.505979e+01	8.179681e+01
4.210000e-06	4.932436e-06	1.217752e-09	3.492267e+01	8.164641e+01
4.220000e-06	4.912814e-06	1.220115e-09	3.478374e+01	8.148499e+01
4.230000e-06	4.892981e-06	1.211939e-09	3.464331e+01	8.131304e+01
4.240000e-06	4.872923e-06	1.214733e-09	3.450130e+01	8.113108e+01
4.250000e-06	4.852465e-06	1.234449e-09	3.435645e+01	8.093970e+01
4.260000e-06	4.831558e-06	1.231654e-09	3.420843e+01	8.073952e+01
4.270000e-06	4.810219e-06	1.213092e-09	3.405735e+01	8.053121e+01
4.280000e-06	4.788311e-06	1.208174e-09	3.390223e+01	8.031548e+01
4.290000e-06	4.765864e-06	1.206552e-09	3.374330e+01	8.009306e+01
4.300000e-06	4.742939e-06	1.195854e-09	3.358099e+01	7.986468e+01
4.310000e-06	4.719584e-06	1.195896e-09	3.341563e+01	7.963112e+01
4.320000e-06	4.695968e-06	1.187734e-09	3.324842e+01	7.939312e+01
4.330000e-06	4.672158e-06	1.182259e-09	3.307984e+01	7.915145e+01
4.340000e-06	4.648158e-06	1.178066e-09	3.290991e+01	7.890685e+01
4.350000e-06	4.623909e-06	1.171399e-09	3.273823e+01	7.866006e+01
4.360000e-06	4.599299e-06	1.154411e-09	3.256398e+01	7.841179e+01
4.370000e-06	4.574353e-06	1.157592e-09	3.238736e+01	7.816271e+01
4.380000e-06	4.549095e-06	1.159391e-09	3.220853e+01	7.791346e+01
4.390000e-06	4.523543e-06	1.161791e-09	3.202762e+01	7.766465e+01
4.400000e-06	4.497691e-06	1.157153e-09	3.184458e+01	7.741683e+01
4.410000e-06	4.471534e-06	1.154509e-09	3.165938e+01	7.717052e+01
4.420000e-06	4.445064e-06	1.141653e-09	3.147197e+01	7.692617e+01
4.430000e-06	4.418256e-06	1.134700e-09	3.128216e+01	7.668418e+01
4.440000e-06	4.391149e-06	1.125080e-09	3.109024e+01	7.644489e+01
4.450000e-06	4.363796e-06	1.126700e-09	3.089658e+01	7.620858e+01
4.460000e-06	4.336165e-06	1.132648e-09	3.070094e+01	7.597549e+01
4.470000e-06	4.308296e-06	1.140967e-09	3.050363e+01	7.574576e+01
4.480000e-06	4.280234e-06	1.139995e-09	3.030494e+01	7.551951e+01
4.490000e-06	4.251978e-06	1.138111e-09	3.010488e+01	7.529678e+01
4.500000e-06	4.223470e-06	1.131707e-09	2.990304e+01	7.507755e+01
4.510000e-06	4.194579e-06	1.124725e-09	2.969849e+01	7.486175e+01
4.520000e-06	4.165258e-06	1.117371e-09	2.949088e+01	7.464926e+01
4.530000e-06	4.135352e-06	1.114489e-09	2.927915e+01	7.443989e+01
4.540000e-06	4.104877e-06	1.116291e-09	2.906338e+01	7.423344e+01
4.550000e-06	4.073934e-06	1.120281e-09	2.884429e+01	7.402964e+01
4.560000e-06	4.042590e-06	1.121819e-09	2.862237e+01	7.382819e+01
4.570000e-06	4.011004e-06	1.119417e-09	2.839873e+01	7.362875e+01
4.580000e-06	3.979286e-06	1.115569e-09	2.817417e+01	7.343095e+01
4.590000e-06	3.947466e-06	1.108835e-09	2.794888e+01	7.323441e+01
4.600000e-06	3.915458e-06	1.104273e-09	2.772225e+01	7.303872e+01
4.610000e-06	3.883257e-06	1.099340e-09	2.749426e+01	7.284345e+01
4.620000e-06	3.850812e-06	1.098250e-09	2.726454e+01	7.264817e+01
4.630000e-06	3.818061e-06	1.097777e-09	2.703266e+01	7.245245e+01
4.640000e-06	3.784994e-06	1.097233e-09	2.679854e+01	7.225586e+01
4.650000e-06	3.751649e-06	1.091443e-09	2.656245e+01	7.205795e+01
4.660000e-06	3.718071e-06	1.086384e-09	2.632471e+01	7.185830e+01
4.670000e-06	3.684308e-06	1.077606e-09	2.608566e+01	7.165652e+01
4.680000e-06	3.650254e-06	1.071311e-09	2.584455e+01	7.145221e+01
4.690000e-06	3.615883e-06	1.065952e-09	2.560119e+01	7.124501e+01
4.700000e-06	3.581251e-06	1.065400e-09	2.535599e+01	7.103456e+01
4.710000e-06	3.546332e-06	1.063878e-09	2.510876e+01	7.082055e+01
4.720000e-06	3.511174e-06	1.062568e-09	2.485983e+01	7.060269e+01
4.730000e-06	3.475847e-06	1.057330e-09	2.460971e+01	7.038073e+01
4.740000e-06	3.440359e-06	1.052476e-09	2.435845e+01	7.015445e+01
4.750000e-06	3.404698e-06	1.045790e-09	2.410596e+01	6.992364e+01
4.760000e-06	3.368899e-06	1.041258e-09	2.385250e+01	6.968816e+01
4.770000e-06	3.332931e-06	1.035157e-09	2.359784e+01	6.944787e+01
4.780000e-06	3.296748e-06	1.032814e-09	2.334165e+01	6.920270e+01
4.790000e-06	3.260275e-06	1.031921e-09	2.308342e+01	6.895259e+01
4.800000e-06	3.223600e-06	1.030946e-09	2.282375e+01	6.869750e+01
4.810000e-06	3.186666e-06	1.026293e-09	2.256225e+01	6.843746e+01
4.820000e-06	3.149251e-06	1.018815e-09	2.229735e+01	6.817248e+01
4.830000e-06	3.111401e-06	1.011258e-09	2.202936e+01	6.790264e+01
4.840000e-06	3.073276e-06	1.005256e-09	2.175943e+01	6.762802e+01
4.850000e-06	3.034900e-06	1.001132e-09	2.148772e+01	6.734871e+01
4.860000e-06	2.996110e-06	9.985468e-10	2.121308e+01	6.706485e+01
4.870000e-06	2.956937e-06	9.980566e-10	2.093572e+01	6.677658e+01
4.880000e-06	2.917621e-06	9.963447e-10	2.065736e+01	6.648404e+01
4.890000e-06	2.878225e-06	9.946415e-10	2.037842e+01	6.618739e+01
4.900000e-06	2.838661e-06	9.887769e-10	2.009831e+01	6.588681e+01
4.910000e-06	2.798916e-06	9.800154e-10	1.981690e+01	6.558245e+01
4.920000e-06	2.759076e-06	9.744831e-10	1.953483e+01	6.527450e+01
4.930000e-06	2.719116e-06	9.730291e-10	1.925190e+01	6.496311e+01
4.940000e-06	2.678981e-06	9.694962e-10	1.896774e+01	6.464844e+01
4.950000e-06	2.638635e-06	9.693869e-10	1.868208e+01	6.433065e+01
4.960000e-06	2.598182e-06	9.713971e-10	1.839567e+01	6.400986e+01
4.970000e-06	2.557696e-06	9.720997e-10	1.810902e+01	6.368621e+01
4.980000e-06	2.516998e-06	9.681775e-10	1.782087e+01	6.335980e+01
4.990000e-06	2.476035e-06	9.602372e-10	1.753084e+01	6.303073e+01
5.000000e-06	2.434870e-06	9.524116e-10	1.723938e+01	6.269906e+01
5.010000e-06	2.393501e-06	9.498672e-10	1.694648e+01	6.236484e+01
5.020000e-06	2.352016e-06	9.445651e-10	1.665276e+01	6.202811e+01
5.030000e-06	2.310377e-06	9.357389e-10	1.635795e+01	6.168886e+01
5.040000e-06	2.268531e-06	9.306890e-10	1.606167e+01	6.134709e+01
5.050000e-06	2.226565e-06	9.330765e-10	1.576454e+01	6.100274e+01
5.060000e-06	2.184433e-06	9.323491e-10	1.546623e+01	6.065576e+01
5.070000e-06	2.142095e-06	9.261396e-10	1.516647e+01	6.030606e+01
5.080000e-06	2.099501e-06	9.195600e-10	1.486490e+01	5.995351e+01
5.090000e-06	2.056711e-06	9.147143e-10	1.456194e+01	5.959800e+01
5.100000e-06	2.013914e-06	9.096081e-10	1.425893e+01	5.923937e+01
5.110000e-06	1.971070e-06	9.031006e-10	1.395558e+01	5.887743e+01
5.120000e-06	1.928088e-06	8.990264e-10	1.365126e+01	5.851199e+01
5.130000e-06	1.884888e-06	9.010252e-10	1.334540e+01	5.814283e+01
5.140000e-06	1.841512e-06	9.033681e-10	1.303829e+01	5.776972e+01
5.150000e-06	1.798077e-06	8.984576e-10	1.273075e+01	5.739241e+01
5.160000e-06	1.754612e-06	8.923876e-10	1.242302e+01	5.701063e+01
5.170000e-06	1.711091e-06	8.862861e-10	1.211488e+01	5.662410e+01
5.180000e-06	1.667474e-06	8.807383e-10	1.180606e+01	5.623252e+01
5.190000e-06	1.623760e-06	8.739784e-10	1.149656e+01	5.583559e+01
5.200000e-06	1.579944e-06	8.644963e-10	1.118633e+01	5.543299e+01
5.210000e-06	1.536064e-06	8.609536e-10	1.087565e+01	5.502437e+01
5.220000e-06	1.492170e-06	8.589150e-10	1.056487e+01	5.460941e+01
5.230000e-06	1.448288e-06	8.536952e-10	1.025418e+01	5.418774e+01
5.240000e-06	1.404402e-06	8.471814e-10	9.943453e+00	5.375902e+01
5.250000e-06	1.360361e-06	8.404143e-10	9.631636e+00	5.332285e+01
5.260000e-06	1.316143e-06	8.347065e-10	9.318567e+00	5.287886e+01
5.270000e-06	1.271878e-06	8.286863e-10	9.005157e+00	5.242666e+01
5.280000e-06	1.227594e-06	8.192574e-10	8.691621e+00	5.196585e+01
5.290000e-06	1.183298e-06	8.062021e-10	8.377992e+00	5.149600e+01
5.300000e-06	1.138859e-06	7.946689e-10	8.063357e+00	5.101670e+01
5.310000e-06	1.094301e-06	7.855099e-10	7.747875e+00	5.052751e+01
5.320000e-06	1.049688e-06	7.766292e-10	7.432006e+00	5.002797e+01
5.330000e-06	1.004937e-06	7.684289e-10	7.115159e+00	4.951762e+01
5.340000e-06	9.601282e-07	7.642104e-10	6.797906e+00	4.899598e+01
5.350000e-06	9.152293e-07	7.615031e-10	6.480012e+00	4.846257e+01
5.360000e-06	8.702445e-07	7.540318e-10	6.161510e+00	4.791685e+01
5.370000e-06	8.252686e-07	7.407595e-10	5.843072e+00	4.735831e+01
5.380000e-06	7.802329e-07	7.272955e-10	5.524210e+00	4.678640e+01
5.390000e-06	7.351892e-07	7.157644e-10	5.205291e+00	4.620056e+01
5.400000e-06	6.901171e-07	7.052478e-10	4.886171e+00	4.560020e+01
5.410000e-06	6.449146e-07	6.964955e-10	4.566129e+00	4.498471e+01
5.420000e-06	5.996626e-07	6.910222e-10	4.245735e+00	4.435348e+01
5.430000e-06	5.543228e-07	6.838846e-10	3.924719e+00	4.370587e+01
5.440000e-06	5.088802e-07	6.730996e-10	3.602977e+00	4.304121e+01
5.450000e-06	4.633897e-07	6.586842e-10	3.280895e+00	4.235884e+01
5.460000e-06	4.178540e-07	6.419115e-10	2.958492e+00	4.165806e+01
5.470000e-06	3.723134e-07	6.277956e-10	2.636056e+00	4.093817e+01
5.480000e-06	3.267879e-07	6.197369e-10	2.313726e+00	4.019844e+01
5.490000e-06	2.811727e-07	6.127991e-10	1.990761e+00	3.943816e+01
5.500000e-06	2.355285e-07	6.025043e-10	1.667590e+00	3.865659e+01
5.510000e-06	1.899264e-07	5.894435e-10	1.344718e+00	3.785299e+01
5.520000e-06	1.443165e-07	5.772344e-10	1.021791e+00	3.702662e+01
5.530000e-06	9.876598e-08	5.645804e-10	6.992835e-01	3.617675e+01
5.540000e-06	5.320260e-08	5.489505e-10	3.766854e-01	3.530265e+01
5.550000e-06	7.689093e-09	5.336399e-10	5.444036e-02	3.440361e+01
5.560000e-06	-3.784277e-08	5.223623e-10	-2.679346e-01	3.347893e+01
5.570000e-06	-8.341234e-08	5.110046e-10	-5.905766e-01	3.252794e+01
5.580000e-06	-1.289917e-07	4.949910e-10	-9.132881e-01	3.154999e+01
5.590000e-06	-1.745910e-07	4.760096e-10	-1.236140e+00	3.054447e+01
5.600000e-06	-2.201871e-07	4.566215e-10	-1.558970e+00	2.951081e+01
5.610000e-06	-2.657648e-07	4.393360e-10	-1.881669e+00	2.844848e+01
5.620000e-06	-3.112235e-07	4.225582e-10	-2.203526e+00	2.735701e+01
5.630000e-06	-3.566175e-07	4.052935e-10	-2.524925e+00	2.623598e+01
5.640000e-06	-4.020230e-07	3.909203e-10	-2.846406e+00	2.508504e+01
5.650000e-06	-4.474244e-07	3.797535e-10	-3.167857e+00	2.390389e+01
5.660000e-06	-4.927411e-07	3.651117e-10	-3.488709e+00	2.269234e+01
5.670000e-06	-5.380986e-07	3.441806e-10	-3.809849e+00	2.145025e+01
5.680000e-06	-5.834525e-07	3.210841e-10	-4.130964e+00	2.017758e+01
5.690000e-06	-6.286553e-07	2.986612e-10	-4.451009e+00	1.887438e+01
5.700000e-06	-6.738291e-07	2.744527e-10	-4.770849e+00	1.754078e+01
5.710000e-06	-7.189756e-07	2.476699e-10	-5.090495e+00	1.617703e+01
5.720000e-06	-7.640307e-07	2.264187e-10	-5.409495e+00	1.478347e+01
5.730000e-06	-8.090125e-07	2.145745e-10	-5.727975e+00	1.336055e+01
5.740000e-06	-8.539303e-07	2.028666e-10	-6.046003e+00	1.190882e+01
5.750000e-06	-8.987193e-07	1.844918e-10	-6.363118e+00	1.042895e+01
5.760000e-06	-9.434383e-07	1.594391e-10	-6.679738e+00	8.921703e+00
5.770000e-06	-9.880940e-07	1.320926e-10	-6.995909e+00	7.387969e+00
5.780000e-06	-1.032645e-06	1.033862e-10	-7.311342e+00	5.828738e+00
5.790000e-06	-1.077092e-06	7.127758e-11	-7.626032e+00	4.245111e+00
5.800000e-06	-1.121445e-06	3.971292e-11	-7.940061e+00	2.638294e+00
5.810000e-06	-1.165852e-06	1.640814e-11	-8.254475e+00	1.009596e+00
5.820000e-06	-1.210137e-06	1.648221e-12	-8.568022e+00	-6.395734e-01
5.830000e-06	-1.254226e-06	-1.272103e-11	-8.880176e+00	-2.307710e+00
5.840000e-06	-1.298325e-06	-3.457631e-11	-9.192412e+00	-3.993218e+00
5.850000e-06	-1.342378e-06	-6.058711e-11	-9.504312e+00	-5.694418e+00
5.860000e-06	-1.386309e-06	-8.481362e-11	-9.815351e+00	-7.409553e+00
5.870000e-06	-1.430209e-06	-1.113390e-10	-1.012617e+01	-9.136793e+00
5.880000e-06	-1.474035e-06	-1.414222e-10	-1.043647e+01	-1.087424e+01
5.890000e-06	-1.517792e-06	-1.711469e-10	-1.074628e+01	-1.261996e+01
5.900000e-06	-1.561562e-06	-1.971152e-10	-1.105618e+01	-1.437194e+01
5.910000e-06	-1.605287e-06	-2.191378e-10	-1.136576e+01	-1.612816e+01
5.920000e-06	-1.648966e-06	-2.437159e-10	-1.167502e+01	-1.788654e+01
5.930000e-06	-1.692565e-06	-2.709476e-10	-1.198371e+01	-1.964501e+01
5.940000e-06	-1.736103e-06	-2.947225e-10	-1.229196e+01	-2.140148e+01
5.950000e-06	-1.779594e-06	-3.176309e-10	-1.259989e+01	-2.315384e+01
5.960000e-06	-1.822956e-06	-3.473504e-10	-1.290690e+01	-2.490002e+01
5.970000e-06	-1.866211e-06	-3.811590e-10	-1.321316e+01	-2.663796e+01
5.980000e-06	-1.909267e-06	-4.112368e-10	-1.351801e+01	-2.836562e+01
5.990000e-06	-1.952083e-06	-4.372592e-10	-1.382115e+01	-3.008099e+01
6.000000e-06	-1.994722e-06	-4.642962e-10	-1.412304e+01	-3.178215e+01
6.010000e-06	-2.037225e-06	-4.947612e-10	-1.442397e+01	-3.346718e+01
6.020000e-06	-2.079646e-06	-5.238263e-10	-1.472432e+01	-3.513428e+01
6.030000e-06	-2.121938e-06	-5.475279e-10	-1.502376e+01	-3.678167e+01
6.040000e-06	-2.164021e-06	-5.706683e-10	-1.532171e+01	-3.840770e+01
6.050000e-06	-2.205994e-06	-5.964434e-10	-1.561889e+01	-4.001076e+01
6.060000e-06	-2.247910e-06	-6.221073e-10	-1.591566e+01	-4.158937e+01
6.070000e-06	-2.289603e-06	-6.444240e-10	-1.621086e+01	-4.314213e+01
6.080000e-06	-2.331152e-06	-6.670723e-10	-1.650504e+01	-4.466775e+01
6.090000e-06	-2.372531e-06	-6.933469e-10	-1.679801e+01	-4.616503e+01
6.100000e-06	-2.413742e-06	-7.215624e-10	-1.708979e+01	-4.763291e+01
6.110000e-06	-2.454870e-06	-7.464091e-10	-1.738099e+01	-4.907042e+01
6.120000e-06	-2.495760e-06	-7.660400e-10	-1.767050e+01	-5.047671e+01
6.130000e-06	-2.536415e-06	-7.847670e-10	-1.795834e+01	-5.185103e+01
6.140000e-06	-2.576884e-06	-8.021508e-10	-1.824487e+01	-5.319277e+01
6.150000e-06	-2.617195e-06	-8.192255e-10	-1.853028e+01	-5.450141e+01
6.160000e-06	-2.657326e-06	-8.380345e-10	-1.881442e+01	-5.577655e+01
6.170000e-06	-2.697262e-06	-8.603927e-10	-1.909717e+01	-5.701791e+01
6.180000e-06	-2.737099e-06	-8.848933e-10	-1.937922e+01	-5.822529e+01
6.190000e-06	-2.776906e-06	-9.069306e-10	-1.966107e+01	-5.939862e+01
6.200000e-06	-2.816655e-06	-9.236429e-10	-1.994250e+01	-6.053790e+01
6.210000e-06	-2.856292e-06	-9.367714e-10	-2.022313e+01	-6.164325e+01
6.220000e-06	-2.895729e-06	-9.471795e-10	-2.050236e+01	-6.271485e+01
6.230000e-06	-2.934971e-06	-9.556454e-10	-2.078020e+01	-6.375299e+01
6.240000e-06	-2.974048e-06	-9.655001e-10	-2.105687e+01	-6.475800e+01
6.250000e-06	-3.012871e-06	-9.818043e-10	-2.133175e+01	-6.573030e+01
6.260000e-06	-3.051322e-06	-1.002117e-09	-2.160399e+01	-6.667038e+01
6.270000e-06	-3.089328e-06	-1.019199e-09	-2.187308e+01	-6.757877e+01
6.280000e-06	-3.126909e-06	-1.030448e-09	-2.213916e+01	-6.845605e+01
6.290000e-06	-3.164153e-06	-1.040466e-09	-2.240286e+01	-6.930284e+01
6.300000e-06	-3.201012e-06	-1.052730e-09	-2.266382e+01	-7.011980e+01
6.310000e-06	-3.237458e-06	-1.063742e-09	-2.292187e+01	-7.090762e+01
6.320000e-06	-3.273691e-06	-1.073398e-09	-2.317840e+01	-7.166699e+01
6.330000e-06	-3.309757e-06	-1.083849e-09	-2.343376e+01	-7.239864e+01
6.340000e-06	-3.345612e-06	-1.094632e-09	-2.368762e+01	-7.310329e+01
6.350000e-06	-3.381359e-06	-1.106494e-09	-2.394072e+01	-7.378168e+01
6.360000e-06	-3.417089e-06	-1.117601e-09	-2.419370e+01	-7.443454e+01
6.370000e-06	-3.452684e-06	-1.125115e-09	-2.444572e+01	-7.506259e+01
6.380000e-06	-3.488036e-06	-1.130251e-09	-2.469601e+01	-7.566653e+01
6.390000e-06	-3.523207e-06	-1.136618e-09	-2.494503e+01	-7.624707e+01
6.400000e-06	-3.558080e-06	-1.144301e-09	-2.519194e+01	-7.680489e+01
6.410000e-06	-3.592579e-06	-1.151051e-09	-2.543620e+01	-7.734063e+01
6.420000e-06	-3.626856e-06	-1.158593e-09	-2.567889e+01	-7.785494e+01
6.430000e-06	-3.660961e-06	-1.167717e-09	-2.592036e+01	-7.834843e+01
6.440000e-06	-3.694805e-06	-1.175894e-09	-2.615998e+01	-7.882167e+01
6.450000e-06	-3.728310e-06	-1.180564e-09	-2.639720e+01	-7.927524e+01
6.460000e-06	-3.761515e-06	-1.183701e-09	-2.663230e+01	-7.970966e+01
6.470000e-06	-3.794455e-06	-1.188451e-09	-2.686553e+01	-8.012544e+01
6.480000e-06	-3.827195e-06	-1.194648e-09	-2.709733e+01	-8.052306e+01
6.490000e-06	-3.859648e-06	-1.203165e-09	-2.732710e+01	-8.090298e+01
6.500000e-06	-3.891793e-06	-1.212845e-09	-2.755470e+01	-8.126565e+01
6.510000e-06	-3.923766e-06	-1.220394e-09	-2.778107e+01	-8.161147e+01
6.520000e-06	-3.955569e-06	-1.225204e-09	-2.800624e+01	-8.194086e+01
6.530000e-06	-3.987199e-06	-1.225668e-09	-2.823019e+01	-8.225420e+01
6.540000e-06	-4.018548e-06	-1.223813e-09	-2.845215e+01	-8.255187e+01
6.550000e-06	-4.049597e-06	-1.223826e-09	-2.867198e+01	-8.283423e+01
6.560000e-06	-4.080367e-06	-1.228273e-09	-2.888984e+01	-8.310164e+01
6.570000e-06	-4.110739e-06	-1.234838e-09	-2.910488e+01	-8.335446e+01
6.580000e-06	-4.140514e-06	-1.241767e-09	-2.931569e+01	-8.359304e+01
6.590000e-06	-4.169812e-06	-1.246647e-09	-2.952313e+01	-8.381775e+01
6.600000e-06	-4.198741e-06	-1.248706e-09	-2.972795e+01	-8.402895e+01
6.610000e-06	-4.227174e-06	-1.250627e-09	-2.992926e+01	-8.422700e+01
6.620000e-06	-4.255307e-06	-1.253569e-09	-3.012845e+01	-8.441229e+01
6.630000e-06	-4.283273e-06	-1.255612e-09	-3.032645e+01	-8.458521e+01
6.640000e-06	-4.311058e-06	-1.257189e-09	-3.052318e+01	-8.474615e+01
6.650000e-06	-4.338676e-06	-1.258092e-09	-3.071872e+01	-8.489553e+01
6.660000e-06	-4.366097e-06	-1.259477e-09	-3.091287e+01	-8.503379e+01
6.670000e-06	-4.393256e-06	-1.262048e-09	-3.110516e+01	-8.516135e+01
6.680000e-06	-4.420050e-06	-1.264739e-09	-3.129487e+01	-8.527869e+01
6.690000e-06	-4.446464e-06	-1.268018e-09	-3.148188e+01	-8.538628e+01
6.700000e-06	-4.472537e-06	-1.271111e-09	-3.166648e+01	-8.548459e+01
6.710000e-06	-4.498312e-06	-1.272956e-09	-3.184898e+01	-8.557413e+01
6.720000e-06	-4.523793e-06	-1.274423e-09	-3.202938e+01	-8.565539e+01
6.730000e-06	-4.548883e-06	-1.277437e-09	-3.220703e+01	-8.572890e+01
6.740000e-06	-4.573525e-06	-1.278521e-09	-3.238150e+01	-8.579517e+01
6.750000e-06	-4.597835e-06	-1.278323e-09	-3.255362e+01	-8.585472e+01
6.760000e-06	-4.621961e-06	-1.280390e-09	-3.272444e+01	-8.590808e+01
6.770000e-06	-4.645902e-06	-1.284467e-09	-3.289395e+01	-8.595576e+01
6.780000e-06	-4.669666e-06	-1.288608e-09	-3.306220e+01	-8.599828e+01
6.790000e-06	-4.693217e-06	-1.292162e-09	-3.322894e+01	-8.603613e+01
6.800000e-06	-4.716504e-06	-1.294640e-09	-3.339382e+01	-8.606979e+01
6.810000e-06	-4.739443e-06	-1.295307e-09	-3.355623e+01	-8.609975e+01
6.820000e-06	-4.761907e-06	-1.293481e-09	-3.371528e+01	-8.612644e+01
6.830000e-06	-4.783869e-06	-1.291366e-09	-3.387078e+01	-8.615028e+01
6.840000e-06	-4.805226e-06	-1.290668e-09	-3.402199e+01	-8.617167e+01
6.850000e-06	-4.825981e-06	-1.291770e-09	-3.416894e+01	-8.619096e+01
6.860000e-06	-4.846314e-06	-1.295126e-09	-3.431290e+01	-8.620849e+01
6.870000e-06	-4.866327e-06	-1.296741e-09	-3.445460e+01	-8.622452e+01
6.880000e-06	-4.886089e-06	-1.294850e-09	-3.459451e+01	-8.623932e+01
6.890000e-06	-4.905647e-06	-1.293951e-09	-3.473300e+01	-8.625309e+01
6.900000e-06	-4.925023e-06	-1.294632e-09	-3.487018e+01	-8.626597e+01
6.910000e-06	-4.944109e-06	-1.295898e-09	-3.500531e+01	-8.627808e+01
6.920000e-06	-4.962735e-06	-1.296730e-09	-3.513719e+01	-8.628950e+01
6.930000e-06	-4.981012e-06	-1.297531e-09	-3.526659e+01	-8.630023e+01
6.940000e-06	-4.999055e-06	-1.299089e-09	-3.539434e+01	-8.631025e+01
6.950000e-06	-5.016806e-06	-1.300153e-09	-3.552002e+01	-8.631948e+01
6.960000e-06	-5.034258e-06	-1.299839e-09	-3.564359e+01	-8.632781e+01
6.970000e-06	-5.051347e-06	-1.298205e-09	-3.576458e+01	-8.633507e+01
6.980000e-06	-5.068010e-06	-1.296552e-09	-3.588255e+01	-8.634106e+01
6.990000e-06	-5.084407e-06	-1.295706e-09	-3.599865e+01	-8.634554e+01
7.000000e-06	-5.100625e-06	-1.294916e-09	-3.611348e+01	-8.634824e+01
7.010000e-06	-5.116569e-06	-1.293782e-09	-3.622636e+01	-8.634885e+01
7.020000e-06	-5.132218e-06	-1.290370e-09	-3.633716e+01	-8.634704e+01
7.030000e-06	-5.147539e-06	-1.286937e-09	-3.644563e+01	-8.634246e+01
7.040000e-06	-5.162415e-06	-1.286746e-09	-3.655096e+01	-8.633474e+01
7.050000e-06	-5.176664e-06	-1.286312e-09	-3.665185e+01	-8.632350e+01
7.060000e-06	-5.190264e-06	-1.282903e-09	-3.674814e+01	-8.630835e+01
7.070000e-06	-5.203234e-06	-1.278078e-09	-3.683997e+01	-8.628892e+01
7.080000e-06	-5.215682e-06	-1.275200e-09	-3.692810e+01	-8.626480e+01
7.090000e-06	-5.227819e-06	-1.275439e-09	-3.701404e+01	-8.623565e+01
7.100000e-06	-5.239638e-06	-1.276187e-09	-3.709772e+01	-8.620111e+01
7.110000e-06	-5.251090e-06	-1.273185e-09	-3.717880e+01	-8.616084e+01
7.120000e-06	-5.262209e-06	-1.267719e-09	-3.725753e+01	-8.611456e+01
7.130000e-06	-5.272919e-06	-1.264767e-09	-3.733335e+01	-8.606198e+01
7.140000e-06	-5.283170e-06	-1.264615e-09	-3.740593e+01	-8.600290e+01
7.150000e-06	-5.293080e-06	-1.261341e-09	-3.747610e+01	-8.593712e+01
7.160000e-06	-5.302730e-06	-1.256234e-09	-3.754442e+01	-8.586451e+01
7.170000e-06	-5.312059e-06	-1.254358e-09	-3.761047e+01	-8.578499e+01
7.180000e-06	-5.320938e-06	-1.254369e-09	-3.767334e+01	-8.569853e+01
7.190000e-06	-5.329375e-06	-1.251950e-09	-3.773307e+01	-8.560516e+01
7.200000e-06	-5.337507e-06	-1.246521e-09	-3.779065e+01	-8.550497e+01
7.210000e-06	-5.345394e-06	-1.243241e-09	-3.784649e+01	-8.539812e+01
7.220000e-06	-5.353025e-06	-1.243830e-09	-3.790052e+01	-8.528481e+01
7.230000e-06	-5.360367e-06	-1.243638e-09	-3.795250e+01	-8.516534e+01
7.240000e-06	-5.367324e-06	-1.240600e-09	-3.800176e+01	-8.504003e+01
7.250000e-06	-5.373800e-06	-1.238928e-09	-3.804761e+01	-8.490929e+01
7.260000e-06	-5.379751e-06	-1.239092e-09	-3.808974e+01	-8.477357e+01
7.270000e-06	-5.385092e-06	-1.237621e-09	-3.812756e+01	-8.463340e+01
7.280000e-06	-5.389841e-06	-1.234827e-09	-3.816119e+01	-8.448935e+01
7.290000e-06	-5.394195e-06	-1.232051e-09	-3.819201e+01	-8.434202e+01
7.300000e-06	-5.398169e-06	-1.230454e-09	-3.822015e+01	-8.419208e+01
7.310000e-06	-5.401875e-06	-1.228257e-09	-3.824639e+01	-8.404024e+01
7.320000e-06	-5.405447e-06	-1.223837e-09	-3.827168e+01	-8.388722e+01
7.330000e-06	-5.408709e-06	-1.220721e-09	-3.829478e+01	-8.373379e+01
7.340000e-06	-5.411544e-06	-1.223396e-09	-3.831485e+01	-8.358073e+01
7.350000e-06	-5.413985e-06	-1.228087e-09	-3.833213e+01	-8.342884e+01
7.360000e-06	-5.416095e-06	-1.228985e-09	-3.834707e+01	-8.327892e+01
7.370000e-06	-5.417915e-06	-1.226753e-09	-3.835995e+01	-8.313177e+01
7.380000e-06	-5.419377e-06	-1.224445e-09	-3.837031e+01	-8.298818e+01
7.390000e-06	-5.420435e-06	-1.223256e-09	-3.837780e+01	-8.284892e+01
7.400000e-06	-5.421089e-06	-1.219930e-09	-3.838243e+01	-8.271477e+01
