# Temperatura_=_5.44
# Concentracion g/m^3_=_4090.0
# C_Vs_to_Am_M_A/Vsm_=_65563218390.804596
# pendiente_HvsI_1/m_=_3716.3
# ordenada_HvsI_A/m_=_1297.0
# frecuencia_Hz_=_135082.88232156605

Tiempo_(s)	Campo_(V.s)	Magnetizacion_(V.s)	Campo_(kA/m)	Magnetizacion_(A/m)
0.000000e+00	-5.409705e-06	-1.424820e-09	-3.838606e+01	-9.529972e+01
1.000000e-08	-5.409843e-06	-1.424177e-09	-3.838704e+01	-9.519329e+01
2.000000e-08	-5.409759e-06	-1.424644e-09	-3.838644e+01	-9.509377e+01
3.000000e-08	-5.409506e-06	-1.420581e-09	-3.838465e+01	-9.500169e+01
4.000000e-08	-5.408914e-06	-1.417685e-09	-3.838044e+01	-9.491756e+01
5.000000e-08	-5.407826e-06	-1.421633e-09	-3.837272e+01	-9.484181e+01
6.000000e-08	-5.406171e-06	-1.435681e-09	-3.836098e+01	-9.477481e+01
7.000000e-08	-5.403864e-06	-1.445999e-09	-3.834461e+01	-9.471685e+01
8.000000e-08	-5.400881e-06	-1.405087e-09	-3.832344e+01	-9.466816e+01
9.000000e-08	-5.397298e-06	-1.347986e-09	-3.829802e+01	-9.462888e+01
1.000000e-07	-5.393230e-06	-1.415204e-09	-3.826916e+01	-9.459906e+01
1.100000e-07	-5.388815e-06	-1.511841e-09	-3.823783e+01	-9.457869e+01
1.200000e-07	-5.384272e-06	-1.456480e-09	-3.820559e+01	-9.456766e+01
1.300000e-07	-5.379637e-06	-1.304144e-09	-3.817270e+01	-9.456577e+01
1.400000e-07	-5.374650e-06	-1.369640e-09	-3.813731e+01	-9.457274e+01
1.500000e-07	-5.369153e-06	-1.532393e-09	-3.809831e+01	-9.458820e+01
1.600000e-07	-5.363300e-06	-1.475279e-09	-3.805678e+01	-9.461172e+01
1.700000e-07	-5.357179e-06	-1.293515e-09	-3.801335e+01	-9.464276e+01
1.800000e-07	-5.350680e-06	-1.330068e-09	-3.796723e+01	-9.468071e+01
1.900000e-07	-5.343632e-06	-1.516521e-09	-3.791722e+01	-9.472491e+01
2.000000e-07	-5.336202e-06	-1.484381e-09	-3.786450e+01	-9.477461e+01
2.100000e-07	-5.328624e-06	-1.373789e-09	-3.781073e+01	-9.482901e+01
2.200000e-07	-5.320843e-06	-1.418239e-09	-3.775552e+01	-9.488724e+01
2.300000e-07	-5.312788e-06	-1.524250e-09	-3.769836e+01	-9.494842e+01
2.400000e-07	-5.304353e-06	-1.458408e-09	-3.763851e+01	-9.501157e+01
2.500000e-07	-5.295383e-06	-1.425057e-09	-3.757486e+01	-9.507574e+01
2.600000e-07	-5.285777e-06	-1.513444e-09	-3.750669e+01	-9.513992e+01
2.700000e-07	-5.275567e-06	-1.538956e-09	-3.743424e+01	-9.520308e+01
2.800000e-07	-5.264847e-06	-1.444895e-09	-3.735818e+01	-9.526421e+01
2.900000e-07	-5.253704e-06	-1.475331e-09	-3.727911e+01	-9.532227e+01
3.000000e-07	-5.242089e-06	-1.545307e-09	-3.719669e+01	-9.537626e+01
3.100000e-07	-5.230024e-06	-1.476710e-09	-3.711108e+01	-9.542519e+01
3.200000e-07	-5.217588e-06	-1.422341e-09	-3.702284e+01	-9.546809e+01
3.300000e-07	-5.204772e-06	-1.514364e-09	-3.693190e+01	-9.550403e+01
3.400000e-07	-5.191593e-06	-1.546365e-09	-3.683838e+01	-9.553212e+01
3.500000e-07	-5.178084e-06	-1.474196e-09	-3.674253e+01	-9.555155e+01
3.600000e-07	-5.164170e-06	-1.479510e-09	-3.664380e+01	-9.556153e+01
3.700000e-07	-5.149857e-06	-1.519279e-09	-3.654224e+01	-9.556136e+01
3.800000e-07	-5.135004e-06	-1.473500e-09	-3.643684e+01	-9.555041e+01
3.900000e-07	-5.119531e-06	-1.448747e-09	-3.632705e+01	-9.552812e+01
4.000000e-07	-5.103404e-06	-1.485383e-09	-3.621261e+01	-9.549401e+01
4.100000e-07	-5.086871e-06	-1.472461e-09	-3.609530e+01	-9.544770e+01
4.200000e-07	-5.070114e-06	-1.456115e-09	-3.597640e+01	-9.538888e+01
4.300000e-07	-5.053040e-06	-1.494932e-09	-3.585525e+01	-9.531734e+01
4.400000e-07	-5.035647e-06	-1.504774e-09	-3.573183e+01	-9.523296e+01
4.500000e-07	-5.017957e-06	-1.444887e-09	-3.560631e+01	-9.513570e+01
4.600000e-07	-4.999977e-06	-1.440887e-09	-3.547872e+01	-9.502564e+01
4.700000e-07	-4.981521e-06	-1.465079e-09	-3.534776e+01	-9.490291e+01
4.800000e-07	-4.962618e-06	-1.458076e-09	-3.521363e+01	-9.476775e+01
4.900000e-07	-4.943338e-06	-1.427723e-09	-3.507682e+01	-9.462049e+01
5.000000e-07	-4.923745e-06	-1.439444e-09	-3.493780e+01	-9.446150e+01
5.100000e-07	-4.903884e-06	-1.451679e-09	-3.479687e+01	-9.429128e+01
5.200000e-07	-4.883857e-06	-1.459903e-09	-3.465476e+01	-9.411035e+01
5.300000e-07	-4.863683e-06	-1.441876e-09	-3.451161e+01	-9.391932e+01
5.400000e-07	-4.843232e-06	-1.430785e-09	-3.436649e+01	-9.371885e+01
5.500000e-07	-4.822416e-06	-1.431817e-09	-3.421879e+01	-9.350963e+01
5.600000e-07	-4.801261e-06	-1.448100e-09	-3.406867e+01	-9.329242e+01
5.700000e-07	-4.779778e-06	-1.439308e-09	-3.391624e+01	-9.306800e+01
5.800000e-07	-4.757906e-06	-1.425511e-09	-3.376104e+01	-9.283715e+01
5.900000e-07	-4.735688e-06	-1.414919e-09	-3.360338e+01	-9.260071e+01
6.000000e-07	-4.713179e-06	-1.420089e-09	-3.344367e+01	-9.235950e+01
6.100000e-07	-4.690261e-06	-1.423831e-09	-3.328105e+01	-9.211434e+01
6.200000e-07	-4.667110e-06	-1.415399e-09	-3.311677e+01	-9.186605e+01
6.300000e-07	-4.643712e-06	-1.401956e-09	-3.295074e+01	-9.161543e+01
6.400000e-07	-4.619982e-06	-1.415104e-09	-3.278236e+01	-9.136324e+01
6.500000e-07	-4.596100e-06	-1.430475e-09	-3.261290e+01	-9.111022e+01
6.600000e-07	-4.571969e-06	-1.414724e-09	-3.244167e+01	-9.085709e+01
6.700000e-07	-4.547523e-06	-1.394109e-09	-3.226821e+01	-9.060448e+01
6.800000e-07	-4.522711e-06	-1.396334e-09	-3.209215e+01	-9.035300e+01
6.900000e-07	-4.497462e-06	-1.403076e-09	-3.191298e+01	-9.010319e+01
7.000000e-07	-4.471768e-06	-1.392721e-09	-3.173067e+01	-8.985554e+01
7.100000e-07	-4.445546e-06	-1.383620e-09	-3.154460e+01	-8.961046e+01
7.200000e-07	-4.418785e-06	-1.383066e-09	-3.135471e+01	-8.936830e+01
7.300000e-07	-4.391524e-06	-1.394291e-09	-3.116127e+01	-8.912933e+01
7.400000e-07	-4.363943e-06	-1.392979e-09	-3.096556e+01	-8.889375e+01
7.500000e-07	-4.336166e-06	-1.381802e-09	-3.076847e+01	-8.866171e+01
7.600000e-07	-4.308192e-06	-1.372244e-09	-3.056997e+01	-8.843325e+01
7.700000e-07	-4.280056e-06	-1.381424e-09	-3.037032e+01	-8.820836e+01
7.800000e-07	-4.251640e-06	-1.381701e-09	-3.016869e+01	-8.798696e+01
7.900000e-07	-4.222939e-06	-1.373358e-09	-2.996503e+01	-8.776890e+01
8.000000e-07	-4.193978e-06	-1.362616e-09	-2.975953e+01	-8.755396e+01
8.100000e-07	-4.164679e-06	-1.361641e-09	-2.955163e+01	-8.734187e+01
8.200000e-07	-4.135136e-06	-1.355588e-09	-2.934200e+01	-8.713229e+01
8.300000e-07	-4.105327e-06	-1.348029e-09	-2.913049e+01	-8.692485e+01
8.400000e-07	-4.075237e-06	-1.336575e-09	-2.891697e+01	-8.671913e+01
8.500000e-07	-4.044931e-06	-1.340083e-09	-2.870193e+01	-8.651465e+01
8.600000e-07	-4.014293e-06	-1.348557e-09	-2.848453e+01	-8.631093e+01
8.700000e-07	-3.983325e-06	-1.352291e-09	-2.826479e+01	-8.610744e+01
8.800000e-07	-3.952005e-06	-1.344161e-09	-2.804255e+01	-8.590365e+01
8.900000e-07	-3.920492e-06	-1.336888e-09	-2.781893e+01	-8.569901e+01
9.000000e-07	-3.888852e-06	-1.330751e-09	-2.759443e+01	-8.549295e+01
9.100000e-07	-3.856972e-06	-1.322274e-09	-2.736821e+01	-8.528494e+01
9.200000e-07	-3.824937e-06	-1.310689e-09	-2.714090e+01	-8.507443e+01
9.300000e-07	-3.792700e-06	-1.307902e-09	-2.691215e+01	-8.486090e+01
9.400000e-07	-3.760146e-06	-1.315705e-09	-2.668116e+01	-8.464384e+01
9.500000e-07	-3.727349e-06	-1.324354e-09	-2.644844e+01	-8.442277e+01
9.600000e-07	-3.694277e-06	-1.326149e-09	-2.621376e+01	-8.419726e+01
9.700000e-07	-3.660662e-06	-1.318386e-09	-2.597524e+01	-8.396691e+01
9.800000e-07	-3.626614e-06	-1.304436e-09	-2.573364e+01	-8.373136e+01
9.900000e-07	-3.592251e-06	-1.286609e-09	-2.548981e+01	-8.349029e+01
1.000000e-06	-3.557449e-06	-1.271528e-09	-2.524286e+01	-8.324345e+01
1.010000e-06	-3.522370e-06	-1.264237e-09	-2.499395e+01	-8.299063e+01
1.020000e-06	-3.487034e-06	-1.269205e-09	-2.474322e+01	-8.273168e+01
1.030000e-06	-3.451423e-06	-1.277969e-09	-2.449053e+01	-8.246649e+01
1.040000e-06	-3.415650e-06	-1.285311e-09	-2.423669e+01	-8.219503e+01
1.050000e-06	-3.379679e-06	-1.281150e-09	-2.398145e+01	-8.191732e+01
1.060000e-06	-3.343515e-06	-1.271083e-09	-2.372484e+01	-8.163342e+01
1.070000e-06	-3.307222e-06	-1.255699e-09	-2.346731e+01	-8.134345e+01
1.080000e-06	-3.270814e-06	-1.239574e-09	-2.320897e+01	-8.104760e+01
1.090000e-06	-3.234087e-06	-1.224683e-09	-2.294836e+01	-8.074608e+01
1.100000e-06	-3.196984e-06	-1.223311e-09	-2.268508e+01	-8.043916e+01
1.110000e-06	-3.159685e-06	-1.229760e-09	-2.242042e+01	-8.012714e+01
1.120000e-06	-3.122217e-06	-1.237820e-09	-2.215456e+01	-7.981036e+01
1.130000e-06	-3.084576e-06	-1.237150e-09	-2.188746e+01	-7.948920e+01
1.140000e-06	-3.046734e-06	-1.232037e-09	-2.161895e+01	-7.916406e+01
1.150000e-06	-3.008676e-06	-1.224693e-09	-2.134890e+01	-7.883535e+01
1.160000e-06	-2.970468e-06	-1.216063e-09	-2.107778e+01	-7.850349e+01
1.170000e-06	-2.932080e-06	-1.201841e-09	-2.080538e+01	-7.816893e+01
1.180000e-06	-2.893463e-06	-1.188031e-09	-2.053137e+01	-7.783210e+01
1.190000e-06	-2.854603e-06	-1.180441e-09	-2.025563e+01	-7.749344e+01
1.200000e-06	-2.815508e-06	-1.182863e-09	-1.997822e+01	-7.715337e+01
1.210000e-06	-2.776257e-06	-1.188422e-09	-1.969970e+01	-7.681230e+01
1.220000e-06	-2.736799e-06	-1.190766e-09	-1.941972e+01	-7.647060e+01
1.230000e-06	-2.697141e-06	-1.187873e-09	-1.913831e+01	-7.612863e+01
1.240000e-06	-2.657380e-06	-1.180480e-09	-1.885618e+01	-7.578673e+01
1.250000e-06	-2.617470e-06	-1.172970e-09	-1.857299e+01	-7.544516e+01
1.260000e-06	-2.577390e-06	-1.163151e-09	-1.828858e+01	-7.510418e+01
1.270000e-06	-2.537258e-06	-1.151938e-09	-1.800382e+01	-7.476399e+01
1.280000e-06	-2.497091e-06	-1.145137e-09	-1.771880e+01	-7.442474e+01
1.290000e-06	-2.456822e-06	-1.146280e-09	-1.743306e+01	-7.408652e+01
1.300000e-06	-2.416464e-06	-1.148461e-09	-1.714669e+01	-7.374939e+01
1.310000e-06	-2.375816e-06	-1.145160e-09	-1.685826e+01	-7.341334e+01
1.320000e-06	-2.334895e-06	-1.137602e-09	-1.656789e+01	-7.307831e+01
1.330000e-06	-2.293891e-06	-1.131922e-09	-1.627694e+01	-7.274418e+01
1.340000e-06	-2.252624e-06	-1.126621e-09	-1.598412e+01	-7.241078e+01
1.350000e-06	-2.210937e-06	-1.120907e-09	-1.568832e+01	-7.207790e+01
1.360000e-06	-2.168945e-06	-1.113391e-09	-1.539035e+01	-7.174526e+01
1.370000e-06	-2.126676e-06	-1.110000e-09	-1.509042e+01	-7.141253e+01
1.380000e-06	-2.084267e-06	-1.108643e-09	-1.478949e+01	-7.107935e+01
1.390000e-06	-2.041623e-06	-1.103986e-09	-1.448690e+01	-7.074530e+01
1.400000e-06	-1.998711e-06	-1.094960e-09	-1.418241e+01	-7.040994e+01
1.410000e-06	-1.955704e-06	-1.086427e-09	-1.387724e+01	-7.007277e+01
1.420000e-06	-1.912508e-06	-1.079039e-09	-1.357073e+01	-6.973328e+01
1.430000e-06	-1.869148e-06	-1.074341e-09	-1.326305e+01	-6.939092e+01
1.440000e-06	-1.825668e-06	-1.069116e-09	-1.295453e+01	-6.904513e+01
1.450000e-06	-1.782012e-06	-1.063496e-09	-1.264476e+01	-6.869532e+01
1.460000e-06	-1.738239e-06	-1.058880e-09	-1.233416e+01	-6.834089e+01
1.470000e-06	-1.694377e-06	-1.053890e-09	-1.202292e+01	-6.798124e+01
1.480000e-06	-1.650423e-06	-1.046028e-09	-1.171103e+01	-6.761576e+01
1.490000e-06	-1.606374e-06	-1.037674e-09	-1.139847e+01	-6.724384e+01
1.500000e-06	-1.562250e-06	-1.030862e-09	-1.108538e+01	-6.686489e+01
1.510000e-06	-1.518106e-06	-1.026385e-09	-1.077214e+01	-6.647832e+01
1.520000e-06	-1.473882e-06	-1.021582e-09	-1.045834e+01	-6.608354e+01
1.530000e-06	-1.429577e-06	-1.014073e-09	-1.014396e+01	-6.567999e+01
1.540000e-06	-1.385222e-06	-1.004506e-09	-9.829229e+00	-6.526714e+01
1.550000e-06	-1.340869e-06	-9.937396e-10	-9.514506e+00	-6.484446e+01
1.560000e-06	-1.296423e-06	-9.831592e-10	-9.199130e+00	-6.441146e+01
1.570000e-06	-1.251835e-06	-9.749286e-10	-8.882745e+00	-6.396766e+01
1.580000e-06	-1.207192e-06	-9.699167e-10	-8.565968e+00	-6.351263e+01
1.590000e-06	-1.162488e-06	-9.657553e-10	-8.248756e+00	-6.304595e+01
1.600000e-06	-1.117682e-06	-9.588409e-10	-7.930823e+00	-6.256722e+01
1.610000e-06	-1.072799e-06	-9.501473e-10	-7.612345e+00	-6.207607e+01
1.620000e-06	-1.027784e-06	-9.417577e-10	-7.292929e+00	-6.157217e+01
1.630000e-06	-9.826190e-07	-9.315672e-10	-6.972445e+00	-6.105518e+01
1.640000e-06	-9.374519e-07	-9.197151e-10	-6.651950e+00	-6.052482e+01
1.650000e-06	-8.922553e-07	-9.090121e-10	-6.331245e+00	-5.998078e+01
1.660000e-06	-8.469429e-07	-9.025933e-10	-6.009718e+00	-5.942281e+01
1.670000e-06	-8.015578e-07	-8.987478e-10	-5.687675e+00	-5.885064e+01
1.680000e-06	-7.560962e-07	-8.945532e-10	-5.365090e+00	-5.826401e+01
1.690000e-06	-7.105894e-07	-8.844615e-10	-5.042184e+00	-5.766268e+01
1.700000e-06	-6.650263e-07	-8.723984e-10	-4.718879e+00	-5.704638e+01
1.710000e-06	-6.194664e-07	-8.624702e-10	-4.395596e+00	-5.641486e+01
1.720000e-06	-5.739087e-07	-8.535771e-10	-4.072328e+00	-5.576785e+01
1.730000e-06	-5.281982e-07	-8.428537e-10	-3.747977e+00	-5.510506e+01
1.740000e-06	-4.824042e-07	-8.309049e-10	-3.423032e+00	-5.442620e+01
1.750000e-06	-4.366152e-07	-8.191270e-10	-3.098124e+00	-5.373092e+01
1.760000e-06	-3.907379e-07	-8.090225e-10	-2.772589e+00	-5.301889e+01
1.770000e-06	-3.447764e-07	-7.978441e-10	-2.446457e+00	-5.228971e+01
1.780000e-06	-2.988108e-07	-7.851834e-10	-2.120294e+00	-5.154299e+01
1.790000e-06	-2.528362e-07	-7.742224e-10	-1.794069e+00	-5.077826e+01
1.800000e-06	-2.068540e-07	-7.644285e-10	-1.467790e+00	-4.999505e+01
1.810000e-06	-1.608745e-07	-7.519036e-10	-1.141530e+00	-4.919283e+01
1.820000e-06	-1.149251e-07	-7.362149e-10	-8.154827e-01	-4.837104e+01
1.830000e-06	-6.905270e-08	-7.213701e-10	-4.899826e-01	-4.752909e+01
1.840000e-06	-2.318282e-08	-7.086453e-10	-1.645001e-01	-4.666633e+01
1.850000e-06	2.272341e-08	-6.977431e-10	1.612403e-01	-4.578210e+01
1.860000e-06	6.859970e-08	-6.855438e-10	4.867682e-01	-4.487568e+01
1.870000e-06	1.144296e-07	-6.727993e-10	8.119670e-01	-4.394634e+01
1.880000e-06	1.602066e-07	-6.624822e-10	1.136790e+00	-4.299331e+01
1.890000e-06	2.060149e-07	-6.500096e-10	1.461836e+00	-4.201580e+01
1.900000e-06	2.518220e-07	-6.288010e-10	1.786873e+00	-4.101300e+01
1.910000e-06	2.975757e-07	-6.048624e-10	2.111531e+00	-3.998408e+01
1.920000e-06	3.432981e-07	-5.863404e-10	2.435967e+00	-3.892822e+01
1.930000e-06	3.890095e-07	-5.703722e-10	2.760325e+00	-3.784458e+01
1.940000e-06	4.348148e-07	-5.522266e-10	3.085349e+00	-3.673234e+01
1.950000e-06	4.806157e-07	-5.336013e-10	3.410342e+00	-3.559070e+01
1.960000e-06	5.263775e-07	-5.194887e-10	3.735057e+00	-3.441887e+01
1.970000e-06	5.721033e-07	-5.067688e-10	4.059517e+00	-3.321608e+01
1.980000e-06	6.177547e-07	-4.860967e-10	4.383449e+00	-3.198164e+01
1.990000e-06	6.633739e-07	-4.588458e-10	4.707153e+00	-3.071487e+01
2.000000e-06	7.088705e-07	-4.343987e-10	5.029987e+00	-2.941516e+01
2.010000e-06	7.543229e-07	-4.163020e-10	5.352507e+00	-2.808198e+01
2.020000e-06	7.997919e-07	-3.980543e-10	5.675145e+00	-2.671486e+01
2.030000e-06	8.451816e-07	-3.764518e-10	5.997220e+00	-2.531342e+01
2.040000e-06	8.904334e-07	-3.561708e-10	6.318317e+00	-2.387737e+01
2.050000e-06	9.356619e-07	-3.390613e-10	6.639248e+00	-2.240651e+01
2.060000e-06	9.809069e-07	-3.184624e-10	6.960297e+00	-2.090078e+01
2.070000e-06	1.026009e-06	-2.899449e-10	7.280328e+00	-1.936019e+01
2.080000e-06	1.070994e-06	-2.591039e-10	7.599535e+00	-1.778491e+01
2.090000e-06	1.115931e-06	-2.338251e-10	7.918396e+00	-1.617521e+01
2.100000e-06	1.160805e-06	-2.122179e-10	8.236815e+00	-1.453149e+01
2.110000e-06	1.205535e-06	-1.874722e-10	8.554206e+00	-1.285431e+01
2.120000e-06	1.250123e-06	-1.587923e-10	8.870593e+00	-1.114433e+01
2.130000e-06	1.294604e-06	-1.330267e-10	9.186221e+00	-9.402377e+00
2.140000e-06	1.338945e-06	-1.099645e-10	9.500853e+00	-7.629406e+00
2.150000e-06	1.383215e-06	-8.213911e-11	9.814985e+00	-5.826512e+00
2.160000e-06	1.427469e-06	-5.230394e-11	1.012900e+01	-3.994929e+00
2.170000e-06	1.471694e-06	-2.532455e-11	1.044281e+01	-2.136028e+00
2.180000e-06	1.515855e-06	3.358700e-13	1.075617e+01	-2.513102e-01
2.190000e-06	1.559964e-06	2.830693e-11	1.106916e+01	1.657592e+00
2.200000e-06	1.604066e-06	5.889769e-11	1.138209e+01	3.588925e+00
2.210000e-06	1.648088e-06	8.821586e-11	1.169446e+01	5.540816e+00
2.220000e-06	1.692030e-06	1.161632e-10	1.200627e+01	7.511285e+00
2.230000e-06	1.735965e-06	1.475706e-10	1.231802e+01	9.498248e+00
2.240000e-06	1.779772e-06	1.828148e-10	1.262887e+01	1.149953e+01
2.250000e-06	1.823478e-06	2.154831e-10	1.293900e+01	1.351287e+01
2.260000e-06	1.867083e-06	2.454658e-10	1.324840e+01	1.553593e+01
2.270000e-06	1.910519e-06	2.770093e-10	1.355662e+01	1.756632e+01
2.280000e-06	1.953810e-06	3.107795e-10	1.386380e+01	1.960159e+01
2.290000e-06	1.996951e-06	3.457244e-10	1.416992e+01	2.163925e+01
2.300000e-06	2.039937e-06	3.764873e-10	1.447494e+01	2.367680e+01
2.310000e-06	2.082684e-06	4.033986e-10	1.477826e+01	2.571169e+01
2.320000e-06	2.125181e-06	4.332425e-10	1.507981e+01	2.774141e+01
2.330000e-06	2.167358e-06	4.652234e-10	1.537909e+01	2.976342e+01
2.340000e-06	2.209290e-06	4.936289e-10	1.567663e+01	3.177523e+01
2.350000e-06	2.250989e-06	5.210983e-10	1.597252e+01	3.377436e+01
2.360000e-06	2.292315e-06	5.530373e-10	1.626576e+01	3.575841e+01
2.370000e-06	2.333390e-06	5.882038e-10	1.655721e+01	3.772499e+01
2.380000e-06	2.374236e-06	6.208073e-10	1.684705e+01	3.967182e+01
2.390000e-06	2.414805e-06	6.497212e-10	1.713492e+01	4.159669e+01
2.400000e-06	2.455155e-06	6.789497e-10	1.742123e+01	4.349745e+01
2.410000e-06	2.495355e-06	7.069520e-10	1.770648e+01	4.537207e+01
2.420000e-06	2.535459e-06	7.334607e-10	1.799105e+01	4.721864e+01
2.430000e-06	2.575473e-06	7.619892e-10	1.827498e+01	4.903533e+01
2.440000e-06	2.615420e-06	7.922539e-10	1.855844e+01	5.082045e+01
2.450000e-06	2.655307e-06	8.205469e-10	1.884146e+01	5.257244e+01
2.460000e-06	2.695049e-06	8.460434e-10	1.912346e+01	5.428984e+01
2.470000e-06	2.734702e-06	8.718121e-10	1.940483e+01	5.597136e+01
2.480000e-06	2.774139e-06	8.973084e-10	1.968467e+01	5.761583e+01
2.490000e-06	2.813257e-06	9.208987e-10	1.996225e+01	5.922221e+01
2.500000e-06	2.852208e-06	9.418179e-10	2.023863e+01	6.078961e+01
2.510000e-06	2.890981e-06	9.639123e-10	2.051376e+01	6.231729e+01
2.520000e-06	2.929553e-06	9.908839e-10	2.078746e+01	6.380461e+01
2.530000e-06	2.967814e-06	1.019388e-09	2.105895e+01	6.525111e+01
2.540000e-06	3.005849e-06	1.044270e-09	2.132883e+01	6.665644e+01
2.550000e-06	3.043712e-06	1.064314e-09	2.159750e+01	6.802037e+01
2.560000e-06	3.081468e-06	1.081812e-09	2.186541e+01	6.934282e+01
2.570000e-06	3.119121e-06	1.100149e-09	2.213259e+01	7.062382e+01
2.580000e-06	3.156515e-06	1.115691e-09	2.239792e+01	7.186351e+01
2.590000e-06	3.193580e-06	1.129677e-09	2.266093e+01	7.306214e+01
2.600000e-06	3.230375e-06	1.149393e-09	2.292202e+01	7.422005e+01
2.610000e-06	3.267026e-06	1.174773e-09	2.318209e+01	7.533771e+01
2.620000e-06	3.303482e-06	1.197793e-09	2.344077e+01	7.641563e+01
2.630000e-06	3.339719e-06	1.214338e-09	2.369790e+01	7.745444e+01
2.640000e-06	3.375752e-06	1.225079e-09	2.395358e+01	7.845481e+01
2.650000e-06	3.411665e-06	1.233977e-09	2.420841e+01	7.941751e+01
2.660000e-06	3.447492e-06	1.243580e-09	2.446263e+01	8.034332e+01
2.670000e-06	3.483218e-06	1.251414e-09	2.471613e+01	8.123310e+01
2.680000e-06	3.518771e-06	1.260987e-09	2.496841e+01	8.208774e+01
2.690000e-06	3.553928e-06	1.275249e-09	2.521788e+01	8.290818e+01
2.700000e-06	3.588672e-06	1.293329e-09	2.546442e+01	8.369535e+01
2.710000e-06	3.623131e-06	1.311475e-09	2.570893e+01	8.445022e+01
2.720000e-06	3.657224e-06	1.325984e-09	2.595084e+01	8.517378e+01
2.730000e-06	3.690833e-06	1.335838e-09	2.618933e+01	8.586702e+01
2.740000e-06	3.723921e-06	1.344344e-09	2.642412e+01	8.653091e+01
2.750000e-06	3.756514e-06	1.349335e-09	2.665538e+01	8.716645e+01
2.760000e-06	3.788800e-06	1.350335e-09	2.688448e+01	8.777461e+01
2.770000e-06	3.821002e-06	1.355234e-09	2.711297e+01	8.835634e+01
2.780000e-06	3.853046e-06	1.366909e-09	2.734035e+01	8.891259e+01
2.790000e-06	3.884897e-06	1.382347e-09	2.756636e+01	8.944429e+01
2.800000e-06	3.916674e-06	1.394102e-09	2.779185e+01	8.995232e+01
2.810000e-06	3.948244e-06	1.400077e-09	2.801586e+01	9.043758e+01
2.820000e-06	3.979491e-06	1.404826e-09	2.823758e+01	9.090090e+01
2.830000e-06	4.010426e-06	1.407986e-09	2.845709e+01	9.134310e+01
2.840000e-06	4.040997e-06	1.409625e-09	2.867401e+01	9.176500e+01
2.850000e-06	4.071254e-06	1.409191e-09	2.888871e+01	9.216734e+01
2.860000e-06	4.101287e-06	1.414180e-09	2.910182e+01	9.255088e+01
2.870000e-06	4.131078e-06	1.424174e-09	2.931321e+01	9.291632e+01
2.880000e-06	4.160618e-06	1.435946e-09	2.952282e+01	9.326435e+01
2.890000e-06	4.189865e-06	1.444395e-09	2.973035e+01	9.359564e+01
2.900000e-06	4.218763e-06	1.449073e-09	2.993540e+01	9.391082e+01
2.910000e-06	4.247363e-06	1.455591e-09	3.013834e+01	9.421051e+01
2.920000e-06	4.275767e-06	1.458610e-09	3.033989e+01	9.449530e+01
2.930000e-06	4.303952e-06	1.455466e-09	3.053988e+01	9.476577e+01
2.940000e-06	4.331934e-06	1.450620e-09	3.073843e+01	9.502248e+01
2.950000e-06	4.359768e-06	1.449318e-09	3.093594e+01	9.526598e+01
2.960000e-06	4.387347e-06	1.454999e-09	3.113164e+01	9.549679e+01
2.970000e-06	4.414693e-06	1.464978e-09	3.132567e+01	9.571543e+01
2.980000e-06	4.441668e-06	1.473423e-09	3.151709e+01	9.592241e+01
2.990000e-06	4.468145e-06	1.479585e-09	3.170496e+01	9.611822e+01
3.000000e-06	4.494041e-06	1.483605e-09	3.188871e+01	9.630334e+01
3.010000e-06	4.519324e-06	1.483538e-09	3.206812e+01	9.647825e+01
3.020000e-06	4.544195e-06	1.480910e-09	3.224460e+01	9.664343e+01
3.030000e-06	4.568631e-06	1.480566e-09	3.241798e+01	9.679932e+01
3.040000e-06	4.592772e-06	1.482494e-09	3.258929e+01	9.694637e+01
3.050000e-06	4.616770e-06	1.486336e-09	3.275957e+01	9.708504e+01
3.060000e-06	4.640560e-06	1.490884e-09	3.292838e+01	9.721574e+01
3.070000e-06	4.664097e-06	1.494052e-09	3.309539e+01	9.733890e+01
3.080000e-06	4.687208e-06	1.495249e-09	3.325938e+01	9.745492e+01
3.090000e-06	4.709899e-06	1.497506e-09	3.342039e+01	9.756421e+01
3.100000e-06	4.732294e-06	1.498870e-09	3.357930e+01	9.766713e+01
3.110000e-06	4.754389e-06	1.497199e-09	3.373608e+01	9.776407e+01
3.120000e-06	4.776206e-06	1.496994e-09	3.389089e+01	9.785536e+01
3.130000e-06	4.797718e-06	1.496985e-09	3.404354e+01	9.794133e+01
3.140000e-06	4.818846e-06	1.495352e-09	3.419346e+01	9.802229e+01
3.150000e-06	4.839663e-06	1.494829e-09	3.434117e+01	9.809853e+01
3.160000e-06	4.860265e-06	1.494989e-09	3.448736e+01	9.817029e+01
3.170000e-06	4.880619e-06	1.495970e-09	3.463178e+01	9.823782e+01
3.180000e-06	4.900689e-06	1.499476e-09	3.477420e+01	9.830131e+01
3.190000e-06	4.920551e-06	1.503927e-09	3.491513e+01	9.836095e+01
3.200000e-06	4.940174e-06	1.506571e-09	3.505437e+01	9.841688e+01
3.210000e-06	4.959490e-06	1.507822e-09	3.519143e+01	9.846920e+01
3.220000e-06	4.978420e-06	1.505125e-09	3.532576e+01	9.851801e+01
3.230000e-06	4.996880e-06	1.502647e-09	3.545674e+01	9.856335e+01
3.240000e-06	5.014976e-06	1.502687e-09	3.558515e+01	9.860524e+01
3.250000e-06	5.032708e-06	1.503039e-09	3.571097e+01	9.864367e+01
3.260000e-06	5.050065e-06	1.504811e-09	3.583413e+01	9.867859e+01
3.270000e-06	5.067159e-06	1.507000e-09	3.595543e+01	9.870992e+01
3.280000e-06	5.083889e-06	1.510138e-09	3.607414e+01	9.873757e+01
3.290000e-06	5.100270e-06	1.514696e-09	3.619038e+01	9.876141e+01
3.300000e-06	5.116326e-06	1.515748e-09	3.630430e+01	9.878128e+01
3.310000e-06	5.131826e-06	1.512532e-09	3.641429e+01	9.879701e+01
3.320000e-06	5.146761e-06	1.509179e-09	3.652027e+01	9.880841e+01
3.330000e-06	5.161306e-06	1.507535e-09	3.662348e+01	9.881528e+01
3.340000e-06	5.175488e-06	1.507308e-09	3.672411e+01	9.881739e+01
3.350000e-06	5.189184e-06	1.508334e-09	3.682129e+01	9.881453e+01
3.360000e-06	5.202554e-06	1.509584e-09	3.691616e+01	9.880646e+01
3.370000e-06	5.215681e-06	1.509083e-09	3.700931e+01	9.879297e+01
3.380000e-06	5.228409e-06	1.506304e-09	3.709963e+01	9.877383e+01
3.390000e-06	5.240697e-06	1.503056e-09	3.718681e+01	9.874884e+01
3.400000e-06	5.252600e-06	1.500860e-09	3.727128e+01	9.871781e+01
3.410000e-06	5.264130e-06	1.499000e-09	3.735309e+01	9.868055e+01
3.420000e-06	5.275117e-06	1.496746e-09	3.743105e+01	9.863693e+01
3.430000e-06	5.285547e-06	1.493468e-09	3.750506e+01	9.858682e+01
3.440000e-06	5.295406e-06	1.490679e-09	3.757502e+01	9.853014e+01
3.450000e-06	5.304683e-06	1.489563e-09	3.764085e+01	9.846683e+01
3.460000e-06	5.313454e-06	1.490722e-09	3.770308e+01	9.839689e+01
3.470000e-06	5.321806e-06	1.489383e-09	3.776235e+01	9.832034e+01
3.480000e-06	5.329897e-06	1.487186e-09	3.781976e+01	9.823728e+01
3.490000e-06	5.337756e-06	1.489017e-09	3.787552e+01	9.814782e+01
3.500000e-06	5.345371e-06	1.491708e-09	3.792956e+01	9.805214e+01
3.510000e-06	5.352658e-06	1.489314e-09	3.798127e+01	9.795048e+01
3.520000e-06	5.359504e-06	1.483887e-09	3.802984e+01	9.784312e+01
3.530000e-06	5.365943e-06	1.480656e-09	3.807553e+01	9.773038e+01
3.540000e-06	5.372107e-06	1.481210e-09	3.811927e+01	9.761267e+01
3.550000e-06	5.377934e-06	1.482770e-09	3.816062e+01	9.749040e+01
3.560000e-06	5.383393e-06	1.481275e-09	3.819935e+01	9.736408e+01
3.570000e-06	5.388478e-06	1.480586e-09	3.823544e+01	9.723424e+01
3.580000e-06	5.393173e-06	1.481284e-09	3.826875e+01	9.710144e+01
3.590000e-06	5.397529e-06	1.479707e-09	3.829966e+01	9.696630e+01
3.600000e-06	5.401591e-06	1.475936e-09	3.832849e+01	9.682948e+01
3.610000e-06	5.405373e-06	1.472757e-09	3.835532e+01	9.669167e+01
3.620000e-06	5.408849e-06	1.472005e-09	3.837999e+01	9.655355e+01
3.630000e-06	5.412011e-06	1.473601e-09	3.840242e+01	9.641588e+01
3.640000e-06	5.414738e-06	1.475604e-09	3.842177e+01	9.627938e+01
3.650000e-06	5.416856e-06	1.477492e-09	3.843680e+01	9.614481e+01
3.660000e-06	5.418361e-06	1.479654e-09	3.844748e+01	9.601291e+01
3.670000e-06	5.419414e-06	1.482503e-09	3.845495e+01	9.588444e+01
3.680000e-06	5.419991e-06	1.482901e-09	3.845905e+01	9.576012e+01
3.690000e-06	5.420125e-06	1.477029e-09	3.846000e+01	9.564066e+01
3.700000e-06	5.420038e-06	1.471415e-09	3.845938e+01	9.552675e+01
3.710000e-06	5.419745e-06	1.470405e-09	3.845730e+01	9.541903e+01
3.720000e-06	5.419124e-06	1.471637e-09	3.845289e+01	9.531812e+01
3.730000e-06	5.418089e-06	1.470454e-09	3.844555e+01	9.522456e+01
3.740000e-06	5.416673e-06	1.467477e-09	3.843550e+01	9.513888e+01
3.750000e-06	5.414925e-06	1.458772e-09	3.842310e+01	9.506150e+01
3.760000e-06	5.412840e-06	1.427505e-09	3.840831e+01	9.499282e+01
3.770000e-06	5.410416e-06	1.419981e-09	3.839110e+01	9.493314e+01
3.780000e-06	5.407630e-06	1.487507e-09	3.837134e+01	9.488269e+01
3.790000e-06	5.404491e-06	1.486073e-09	3.834906e+01	9.484163e+01
3.800000e-06	5.400970e-06	1.360065e-09	3.832408e+01	9.481004e+01
3.810000e-06	5.397017e-06	1.329428e-09	3.829603e+01	9.478790e+01
3.820000e-06	5.392774e-06	1.471917e-09	3.826592e+01	9.477513e+01
3.830000e-06	5.388351e-06	1.516091e-09	3.823453e+01	9.477153e+01
3.840000e-06	5.383594e-06	1.341827e-09	3.820078e+01	9.477684e+01
3.850000e-06	5.378365e-06	1.288489e-09	3.816368e+01	9.479072e+01
3.860000e-06	5.372526e-06	1.483580e-09	3.812225e+01	9.481273e+01
3.870000e-06	5.366137e-06	1.559160e-09	3.807691e+01	9.484236e+01
3.880000e-06	5.359400e-06	1.338793e-09	3.802911e+01	9.487900e+01
3.890000e-06	5.352244e-06	1.271471e-09	3.797833e+01	9.492201e+01
3.900000e-06	5.344551e-06	1.478248e-09	3.792374e+01	9.497065e+01
3.910000e-06	5.336466e-06	1.499515e-09	3.786637e+01	9.502412e+01
3.920000e-06	5.328147e-06	1.273389e-09	3.780734e+01	9.508158e+01
3.930000e-06	5.319486e-06	1.282162e-09	3.774588e+01	9.514213e+01
3.940000e-06	5.310407e-06	1.522817e-09	3.768146e+01	9.520483e+01
3.950000e-06	5.301031e-06	1.477523e-09	3.761493e+01	9.526869e+01
3.960000e-06	5.291312e-06	1.273596e-09	3.754597e+01	9.533274e+01
3.970000e-06	5.281162e-06	1.357533e-09	3.747395e+01	9.539594e+01
3.980000e-06	5.270690e-06	1.543640e-09	3.739964e+01	9.545728e+01
3.990000e-06	5.259860e-06	1.433778e-09	3.732279e+01	9.551572e+01
4.000000e-06	5.248590e-06	1.335561e-09	3.724282e+01	9.557027e+01
4.010000e-06	5.236935e-06	1.513299e-09	3.716012e+01	9.561991e+01
4.020000e-06	5.224902e-06	1.584093e-09	3.707474e+01	9.566367e+01
4.030000e-06	5.212462e-06	1.402129e-09	3.698647e+01	9.570063e+01
4.040000e-06	5.199574e-06	1.387262e-09	3.689501e+01	9.572990e+01
4.050000e-06	5.186110e-06	1.514491e-09	3.679948e+01	9.575063e+01
4.060000e-06	5.172047e-06	1.465773e-09	3.669969e+01	9.576203e+01
4.070000e-06	5.157369e-06	1.377816e-09	3.659554e+01	9.576340e+01
4.080000e-06	5.142149e-06	1.471472e-09	3.648754e+01	9.575409e+01
4.090000e-06	5.126540e-06	1.502658e-09	3.637678e+01	9.573352e+01
4.100000e-06	5.110643e-06	1.422583e-09	3.626398e+01	9.570122e+01
4.110000e-06	5.094529e-06	1.432370e-09	3.614964e+01	9.565676e+01
4.120000e-06	5.078130e-06	1.464003e-09	3.603327e+01	9.559984e+01
4.130000e-06	5.061418e-06	1.393661e-09	3.591470e+01	9.553024e+01
4.140000e-06	5.044454e-06	1.377413e-09	3.579432e+01	9.544780e+01
4.150000e-06	5.027087e-06	1.450371e-09	3.567109e+01	9.535249e+01
4.160000e-06	5.009269e-06	1.440750e-09	3.554465e+01	9.524435e+01
4.170000e-06	4.991178e-06	1.398747e-09	3.541629e+01	9.512352e+01
4.180000e-06	4.972771e-06	1.429340e-09	3.528567e+01	9.499021e+01
4.190000e-06	4.953966e-06	1.454243e-09	3.515224e+01	9.484474e+01
4.200000e-06	4.934799e-06	1.413791e-09	3.501623e+01	9.468748e+01
4.210000e-06	4.915330e-06	1.389842e-09	3.487808e+01	9.451890e+01
4.220000e-06	4.895616e-06	1.391090e-09	3.473820e+01	9.433951e+01
4.230000e-06	4.875718e-06	1.404429e-09	3.459701e+01	9.414992e+01
4.240000e-06	4.855577e-06	1.403410e-09	3.445409e+01	9.395078e+01
4.250000e-06	4.835161e-06	1.396702e-09	3.430923e+01	9.374277e+01
4.260000e-06	4.814359e-06	1.394030e-09	3.416162e+01	9.352664e+01
4.270000e-06	4.793073e-06	1.406629e-09	3.401057e+01	9.330316e+01
4.280000e-06	4.771256e-06	1.394626e-09	3.385577e+01	9.307313e+01
4.290000e-06	4.748818e-06	1.384441e-09	3.369655e+01	9.283736e+01
4.300000e-06	4.725833e-06	1.378934e-09	3.353345e+01	9.259669e+01
4.310000e-06	4.702461e-06	1.376513e-09	3.336762e+01	9.235193e+01
4.320000e-06	4.678765e-06	1.379340e-09	3.319947e+01	9.210391e+01
4.330000e-06	4.654811e-06	1.383794e-09	3.302950e+01	9.185342e+01
4.340000e-06	4.630658e-06	1.353704e-09	3.285811e+01	9.160124e+01
4.350000e-06	4.606310e-06	1.340271e-09	3.268535e+01	9.134811e+01
4.360000e-06	4.581702e-06	1.361762e-09	3.251074e+01	9.109475e+01
4.370000e-06	4.556728e-06	1.364119e-09	3.233353e+01	9.084181e+01
4.380000e-06	4.531410e-06	1.338779e-09	3.215388e+01	9.058990e+01
4.390000e-06	4.505770e-06	1.343804e-09	3.197194e+01	9.033958e+01
4.400000e-06	4.479815e-06	1.358869e-09	3.178777e+01	9.009134e+01
4.410000e-06	4.453554e-06	1.348930e-09	3.160143e+01	8.984561e+01
4.420000e-06	4.426978e-06	1.327165e-09	3.141285e+01	8.960274e+01
4.430000e-06	4.400101e-06	1.314563e-09	3.122213e+01	8.936302e+01
4.440000e-06	4.372955e-06	1.318538e-09	3.102951e+01	8.912667e+01
4.450000e-06	4.345552e-06	1.328150e-09	3.083507e+01	8.889383e+01
4.460000e-06	4.317916e-06	1.323857e-09	3.063897e+01	8.866457e+01
4.470000e-06	4.289996e-06	1.315235e-09	3.044085e+01	8.843889e+01
4.480000e-06	4.261847e-06	1.323712e-09	3.024111e+01	8.821672e+01
4.490000e-06	4.233552e-06	1.329199e-09	3.004034e+01	8.799792e+01
4.500000e-06	4.204975e-06	1.322545e-09	2.983756e+01	8.778228e+01
4.510000e-06	4.175986e-06	1.308821e-09	2.963187e+01	8.756953e+01
4.520000e-06	4.146404e-06	1.300446e-09	2.942196e+01	8.735936e+01
4.530000e-06	4.116295e-06	1.297763e-09	2.920831e+01	8.715140e+01
4.540000e-06	4.085887e-06	1.302084e-09	2.899254e+01	8.694522e+01
4.550000e-06	4.055079e-06	1.298839e-09	2.877394e+01	8.674037e+01
4.560000e-06	4.023845e-06	1.296922e-09	2.855231e+01	8.653635e+01
4.570000e-06	3.992245e-06	1.299760e-09	2.832808e+01	8.633267e+01
4.580000e-06	3.960491e-06	1.304226e-09	2.810276e+01	8.612876e+01
4.590000e-06	3.928625e-06	1.294261e-09	2.787665e+01	8.592410e+01
4.600000e-06	3.896572e-06	1.282500e-09	2.764921e+01	8.571812e+01
4.610000e-06	3.864371e-06	1.276344e-09	2.742072e+01	8.551028e+01
4.620000e-06	3.831839e-06	1.275584e-09	2.718987e+01	8.530002e+01
4.630000e-06	3.798985e-06	1.265497e-09	2.695675e+01	8.508683e+01
4.640000e-06	3.765961e-06	1.255158e-09	2.672242e+01	8.487018e+01
4.650000e-06	3.732600e-06	1.256201e-09	2.648570e+01	8.464962e+01
4.660000e-06	3.698885e-06	1.265076e-09	2.624646e+01	8.442468e+01
4.670000e-06	3.664953e-06	1.264490e-09	2.600569e+01	8.419496e+01
4.680000e-06	3.630804e-06	1.255481e-09	2.576337e+01	8.396010e+01
4.690000e-06	3.596439e-06	1.248649e-09	2.551953e+01	8.371977e+01
4.700000e-06	3.561881e-06	1.248657e-09	2.527431e+01	8.347371e+01
4.710000e-06	3.527075e-06	1.243836e-09	2.502734e+01	8.322170e+01
4.720000e-06	3.491926e-06	1.233050e-09	2.477793e+01	8.296358e+01
4.730000e-06	3.456538e-06	1.225966e-09	2.452682e+01	8.269923e+01
4.740000e-06	3.421041e-06	1.228071e-09	2.427494e+01	8.242862e+01
4.750000e-06	3.385426e-06	1.233029e-09	2.402223e+01	8.215175e+01
4.760000e-06	3.349639e-06	1.229279e-09	2.376829e+01	8.186867e+01
4.770000e-06	3.313622e-06	1.220126e-09	2.351272e+01	8.157951e+01
4.780000e-06	3.277473e-06	1.213949e-09	2.325622e+01	8.128442e+01
4.790000e-06	3.241192e-06	1.210703e-09	2.299877e+01	8.098363e+01
4.800000e-06	3.204623e-06	1.202818e-09	2.273929e+01	8.067739e+01
4.810000e-06	3.167742e-06	1.195135e-09	2.247759e+01	8.036599e+01
4.820000e-06	3.130584e-06	1.191276e-09	2.221393e+01	8.004979e+01
4.830000e-06	3.093058e-06	1.192974e-09	2.194765e+01	7.972913e+01
4.840000e-06	3.055142e-06	1.190868e-09	2.167861e+01	7.940443e+01
4.850000e-06	3.016931e-06	1.183779e-09	2.140747e+01	7.907608e+01
4.860000e-06	2.978346e-06	1.176072e-09	2.113368e+01	7.874452e+01
4.870000e-06	2.939301e-06	1.174721e-09	2.085663e+01	7.841018e+01
4.880000e-06	2.899924e-06	1.171259e-09	2.057721e+01	7.807350e+01
4.890000e-06	2.860347e-06	1.163201e-09	2.029639e+01	7.773491e+01
4.900000e-06	2.820609e-06	1.154174e-09	2.001441e+01	7.739485e+01
4.910000e-06	2.780773e-06	1.153193e-09	1.973175e+01	7.705371e+01
4.920000e-06	2.740813e-06	1.154855e-09	1.944819e+01	7.671189e+01
4.930000e-06	2.700773e-06	1.151976e-09	1.916408e+01	7.636975e+01
4.940000e-06	2.660655e-06	1.145535e-09	1.887942e+01	7.602762e+01
4.950000e-06	2.620413e-06	1.142980e-09	1.859387e+01	7.568578e+01
4.960000e-06	2.579980e-06	1.142372e-09	1.830696e+01	7.534449e+01
4.970000e-06	2.539464e-06	1.139029e-09	1.801947e+01	7.500395e+01
4.980000e-06	2.498873e-06	1.133772e-09	1.773144e+01	7.466433e+01
4.990000e-06	2.457938e-06	1.131202e-09	1.744098e+01	7.432574e+01
5.000000e-06	2.416753e-06	1.129331e-09	1.714874e+01	7.398823e+01
5.010000e-06	2.375480e-06	1.121940e-09	1.685588e+01	7.365180e+01
5.020000e-06	2.334042e-06	1.109945e-09	1.656184e+01	7.331640e+01
5.030000e-06	2.292391e-06	1.104197e-09	1.626630e+01	7.298193e+01
5.040000e-06	2.250596e-06	1.104590e-09	1.596973e+01	7.264823e+01
5.050000e-06	2.208719e-06	1.100742e-09	1.567258e+01	7.231508e+01
5.060000e-06	2.166676e-06	1.095201e-09	1.537425e+01	7.198222e+01
5.070000e-06	2.124350e-06	1.094609e-09	1.507391e+01	7.164933e+01
5.080000e-06	2.081869e-06	1.092253e-09	1.477248e+01	7.131605e+01
5.090000e-06	2.039311e-06	1.079837e-09	1.447050e+01	7.098198e+01
5.100000e-06	1.996598e-06	1.065088e-09	1.416741e+01	7.064667e+01
5.110000e-06	1.953709e-06	1.057657e-09	1.386308e+01	7.030964e+01
5.120000e-06	1.910696e-06	1.058135e-09	1.355787e+01	6.997037e+01
5.130000e-06	1.867580e-06	1.058110e-09	1.325193e+01	6.962833e+01
5.140000e-06	1.824289e-06	1.055973e-09	1.294474e+01	6.928295e+01
5.150000e-06	1.780906e-06	1.052604e-09	1.263691e+01	6.893365e+01
5.160000e-06	1.737523e-06	1.047057e-09	1.232908e+01	6.857984e+01
5.170000e-06	1.693967e-06	1.037633e-09	1.202001e+01	6.822090e+01
5.180000e-06	1.650218e-06	1.026276e-09	1.170958e+01	6.785623e+01
5.190000e-06	1.606384e-06	1.015586e-09	1.139854e+01	6.748524e+01
5.200000e-06	1.562485e-06	1.009697e-09	1.108704e+01	6.710730e+01
5.210000e-06	1.518513e-06	1.008061e-09	1.077503e+01	6.672184e+01
5.220000e-06	1.474511e-06	1.006255e-09	1.046280e+01	6.632826e+01
5.230000e-06	1.430503e-06	1.001537e-09	1.015053e+01	6.592601e+01
5.240000e-06	1.386472e-06	9.945892e-10	9.838093e+00	6.551455e+01
5.250000e-06	1.342391e-06	9.872123e-10	9.525306e+00	6.509334e+01
5.260000e-06	1.298202e-06	9.800747e-10	9.211752e+00	6.466190e+01
5.270000e-06	1.253920e-06	9.700587e-10	8.897534e+00	6.421973e+01
5.280000e-06	1.209596e-06	9.577056e-10	8.583026e+00	6.376641e+01
5.290000e-06	1.165243e-06	9.491674e-10	8.268301e+00	6.330149e+01
5.300000e-06	1.120834e-06	9.467803e-10	7.953185e+00	6.282460e+01
5.310000e-06	1.076357e-06	9.430681e-10	7.637588e+00	6.233534e+01
5.320000e-06	1.031834e-06	9.363713e-10	7.321662e+00	6.183339e+01
5.330000e-06	9.871520e-07	9.305003e-10	7.004610e+00	6.131841e+01
5.340000e-06	9.423984e-07	9.254976e-10	6.687049e+00	6.079009e+01
5.350000e-06	8.975738e-07	9.168440e-10	6.368983e+00	6.024816e+01
5.360000e-06	8.526453e-07	9.044944e-10	6.050181e+00	5.969233e+01
5.370000e-06	8.078286e-07	8.929784e-10	5.732171e+00	5.912234e+01
5.380000e-06	7.630526e-07	8.854142e-10	5.414451e+00	5.853794e+01
5.390000e-06	7.181283e-07	8.791282e-10	5.095678e+00	5.793887e+01
5.400000e-06	6.730356e-07	8.738068e-10	4.775710e+00	5.732489e+01
5.410000e-06	6.278626e-07	8.690168e-10	4.455173e+00	5.669573e+01
5.420000e-06	5.826338e-07	8.620004e-10	4.134240e+00	5.605112e+01
5.430000e-06	5.373614e-07	8.511977e-10	3.812997e+00	5.539078e+01
5.440000e-06	4.920719e-07	8.368987e-10	3.491633e+00	5.471442e+01
5.450000e-06	4.467365e-07	8.227117e-10	3.169943e+00	5.402170e+01
5.460000e-06	4.013151e-07	8.088584e-10	2.847642e+00	5.331228e+01
5.470000e-06	3.559117e-07	7.986815e-10	2.525470e+00	5.258579e+01
5.480000e-06	3.104401e-07	7.934665e-10	2.202814e+00	5.184182e+01
5.490000e-06	2.648705e-07	7.890476e-10	1.879462e+00	5.107993e+01
5.500000e-06	2.193769e-07	7.814266e-10	1.556650e+00	5.029963e+01
5.510000e-06	1.739663e-07	7.682693e-10	1.234426e+00	4.950042e+01
5.520000e-06	1.285365e-07	7.497611e-10	9.120664e-01	4.868174e+01
5.530000e-06	8.302776e-08	7.283647e-10	5.891465e-01	4.784299e+01
5.540000e-06	3.759459e-08	7.096002e-10	2.667629e-01	4.698354e+01
5.550000e-06	-7.775086e-09	6.965974e-10	-5.517028e-02	4.610274e+01
5.560000e-06	-5.323170e-08	6.881307e-10	-3.777203e-01	4.519987e+01
5.570000e-06	-9.873587e-08	6.822919e-10	-7.006077e-01	4.427421e+01
5.580000e-06	-1.442286e-07	6.753007e-10	-1.023414e+00	4.332498e+01
5.590000e-06	-1.896610e-07	6.637395e-10	-1.345792e+00	4.235140e+01
5.600000e-06	-2.349980e-07	6.432263e-10	-1.667493e+00	4.135267e+01
5.610000e-06	-2.804009e-07	6.186380e-10	-1.989662e+00	4.032797e+01
5.620000e-06	-3.258375e-07	5.954535e-10	-2.312070e+00	3.927645e+01
5.630000e-06	-3.712250e-07	5.751828e-10	-2.634130e+00	3.819730e+01
5.640000e-06	-4.165742e-07	5.588092e-10	-2.955918e+00	3.708969e+01
5.650000e-06	-4.618649e-07	5.481408e-10	-3.277290e+00	3.595281e+01
5.660000e-06	-5.071424e-07	5.389750e-10	-3.598569e+00	3.478586e+01
5.670000e-06	-5.523203e-07	5.260308e-10	-3.919142e+00	3.358808e+01
5.680000e-06	-5.973843e-07	5.063199e-10	-4.238906e+00	3.235876e+01
5.690000e-06	-6.423608e-07	4.809280e-10	-4.558049e+00	3.109722e+01
5.700000e-06	-6.872594e-07	4.527374e-10	-4.876639e+00	2.980285e+01
5.710000e-06	-7.321748e-07	4.261056e-10	-5.195349e+00	2.847508e+01
5.720000e-06	-7.770177e-07	4.081314e-10	-5.513544e+00	2.711345e+01
5.730000e-06	-8.217819e-07	3.972346e-10	-5.831181e+00	2.571755e+01
5.740000e-06	-8.665295e-07	3.863426e-10	-6.148700e+00	2.428708e+01
5.750000e-06	-9.111980e-07	3.714682e-10	-6.465657e+00	2.282184e+01
5.760000e-06	-9.557609e-07	3.508135e-10	-6.781866e+00	2.132172e+01
5.770000e-06	-1.000228e-06	3.234097e-10	-7.097396e+00	1.978673e+01
5.780000e-06	-1.044584e-06	2.923524e-10	-7.412138e+00	1.821702e+01
5.790000e-06	-1.088856e-06	2.606745e-10	-7.726282e+00	1.661283e+01
5.800000e-06	-1.133149e-06	2.314839e-10	-8.040574e+00	1.497455e+01
5.810000e-06	-1.177368e-06	2.069519e-10	-8.354340e+00	1.330270e+01
5.820000e-06	-1.221491e-06	1.889746e-10	-8.667429e+00	1.159793e+01
5.830000e-06	-1.265546e-06	1.716610e-10	-8.980032e+00	9.861047e+00
5.840000e-06	-1.309555e-06	1.501975e-10	-9.292313e+00	8.092974e+00
5.850000e-06	-1.353544e-06	1.239676e-10	-9.604449e+00	6.294786e+00
5.860000e-06	-1.397498e-06	9.460288e-11	-9.916335e+00	4.467693e+00
5.870000e-06	-1.441405e-06	6.159164e-11	-1.022789e+01	2.613045e+00
5.880000e-06	-1.485272e-06	2.768896e-11	-1.053916e+01	7.323204e-01
5.890000e-06	-1.529106e-06	-2.344501e-12	-1.085020e+01	-1.172869e+00
5.900000e-06	-1.572877e-06	-2.638006e-11	-1.116078e+01	-3.100790e+00
5.910000e-06	-1.616561e-06	-5.005198e-11	-1.147076e+01	-5.049589e+00
5.920000e-06	-1.660149e-06	-7.779405e-11	-1.178005e+01	-7.017304e+00
5.930000e-06	-1.703638e-06	-1.082941e-10	-1.208863e+01	-9.001865e+00
5.940000e-06	-1.747036e-06	-1.396656e-10	-1.239658e+01	-1.100111e+01
5.950000e-06	-1.790383e-06	-1.729564e-10	-1.270416e+01	-1.301280e+01
5.960000e-06	-1.833570e-06	-2.081301e-10	-1.301060e+01	-1.503461e+01
5.970000e-06	-1.876630e-06	-2.424196e-10	-1.331615e+01	-1.706414e+01
5.980000e-06	-1.919622e-06	-2.750614e-10	-1.362121e+01	-1.909897e+01
5.990000e-06	-1.962416e-06	-3.072558e-10	-1.392487e+01	-2.113661e+01
6.000000e-06	-2.005034e-06	-3.403675e-10	-1.422728e+01	-2.317455e+01
6.010000e-06	-2.047489e-06	-3.729092e-10	-1.452853e+01	-2.521026e+01
6.020000e-06	-2.089730e-06	-4.043296e-10	-1.482826e+01	-2.724122e+01
6.030000e-06	-2.131835e-06	-4.351709e-10	-1.512702e+01	-2.926489e+01
6.040000e-06	-2.173857e-06	-4.653855e-10	-1.542520e+01	-3.127877e+01
6.050000e-06	-2.215740e-06	-4.930521e-10	-1.572240e+01	-3.328038e+01
6.060000e-06	-2.257478e-06	-5.189170e-10	-1.601856e+01	-3.526731e+01
6.070000e-06	-2.299102e-06	-5.491445e-10	-1.631391e+01	-3.723716e+01
6.080000e-06	-2.340568e-06	-5.834968e-10	-1.660815e+01	-3.918764e+01
6.090000e-06	-2.381810e-06	-6.187645e-10	-1.690080e+01	-4.111652e+01
6.100000e-06	-2.422840e-06	-6.497172e-10	-1.719193e+01	-4.302164e+01
6.110000e-06	-2.463686e-06	-6.779257e-10	-1.748177e+01	-4.490096e+01
6.120000e-06	-2.504280e-06	-7.048738e-10	-1.776981e+01	-4.675253e+01
6.130000e-06	-2.544626e-06	-7.283918e-10	-1.805610e+01	-4.857452e+01
6.140000e-06	-2.584880e-06	-7.482950e-10	-1.834173e+01	-5.036522e+01
6.150000e-06	-2.625032e-06	-7.694939e-10	-1.862664e+01	-5.212303e+01
6.160000e-06	-2.665036e-06	-8.016995e-10	-1.891050e+01	-5.384649e+01
6.170000e-06	-2.704977e-06	-8.371968e-10	-1.919391e+01	-5.553427e+01
6.180000e-06	-2.744872e-06	-8.659871e-10	-1.947700e+01	-5.718519e+01
6.190000e-06	-2.784684e-06	-8.889311e-10	-1.975949e+01	-5.879819e+01
6.200000e-06	-2.824420e-06	-9.097022e-10	-2.004145e+01	-6.037234e+01
6.210000e-06	-2.864025e-06	-9.273026e-10	-2.032248e+01	-6.190688e+01
6.220000e-06	-2.903413e-06	-9.413023e-10	-2.060197e+01	-6.340117e+01
6.230000e-06	-2.942575e-06	-9.548922e-10	-2.087985e+01	-6.485470e+01
6.240000e-06	-2.981313e-06	-9.775483e-10	-2.115473e+01	-6.626710e+01
6.250000e-06	-3.019711e-06	-1.008350e-09	-2.142720e+01	-6.763815e+01
6.260000e-06	-3.057833e-06	-1.036540e-09	-2.169770e+01	-6.896771e+01
6.270000e-06	-3.095484e-06	-1.055276e-09	-2.196486e+01	-7.025581e+01
6.280000e-06	-3.132660e-06	-1.070444e-09	-2.222866e+01	-7.150257e+01
6.290000e-06	-3.169515e-06	-1.087549e-09	-2.249017e+01	-7.270822e+01
6.300000e-06	-3.206160e-06	-1.102153e-09	-2.275019e+01	-7.387309e+01
6.310000e-06	-3.242537e-06	-1.108828e-09	-2.300832e+01	-7.499762e+01
6.320000e-06	-3.278712e-06	-1.117580e-09	-2.326501e+01	-7.608232e+01
6.330000e-06	-3.314772e-06	-1.137075e-09	-2.352088e+01	-7.712781e+01
6.340000e-06	-3.350684e-06	-1.164827e-09	-2.377570e+01	-7.813474e+01
6.350000e-06	-3.386421e-06	-1.189350e-09	-2.402929e+01	-7.910385e+01
6.360000e-06	-3.422026e-06	-1.206502e-09	-2.428193e+01	-8.003595e+01
6.370000e-06	-3.457460e-06	-1.218066e-09	-2.453337e+01	-8.093188e+01
6.380000e-06	-3.492630e-06	-1.224439e-09	-2.478292e+01	-8.179252e+01
6.390000e-06	-3.527486e-06	-1.228271e-09	-2.503025e+01	-8.261878e+01
6.400000e-06	-3.562092e-06	-1.231995e-09	-2.527581e+01	-8.341163e+01
6.410000e-06	-3.596530e-06	-1.241300e-09	-2.552017e+01	-8.417202e+01
6.420000e-06	-3.630686e-06	-1.258157e-09	-2.576253e+01	-8.490093e+01
6.430000e-06	-3.664528e-06	-1.278035e-09	-2.600267e+01	-8.559935e+01
6.440000e-06	-3.698161e-06	-1.292934e-09	-2.624133e+01	-8.626827e+01
6.450000e-06	-3.731524e-06	-1.302864e-09	-2.647806e+01	-8.690867e+01
6.460000e-06	-3.764616e-06	-1.310030e-09	-2.671288e+01	-8.752152e+01
6.470000e-06	-3.797476e-06	-1.313321e-09	-2.694604e+01	-8.810779e+01
6.480000e-06	-3.829994e-06	-1.316936e-09	-2.717678e+01	-8.866842e+01
6.490000e-06	-3.862241e-06	-1.326197e-09	-2.740560e+01	-8.920434e+01
6.500000e-06	-3.894399e-06	-1.339742e-09	-2.763378e+01	-8.971646e+01
6.510000e-06	-3.926382e-06	-1.353209e-09	-2.786073e+01	-9.020565e+01
6.520000e-06	-3.958154e-06	-1.363574e-09	-2.808618e+01	-9.067277e+01
6.530000e-06	-3.989733e-06	-1.373155e-09	-2.831025e+01	-9.111864e+01
6.540000e-06	-4.020939e-06	-1.379831e-09	-2.853169e+01	-9.154406e+01
6.550000e-06	-4.051771e-06	-1.382482e-09	-2.875046e+01	-9.194981e+01
6.560000e-06	-4.082196e-06	-1.381831e-09	-2.896635e+01	-9.233664e+01
6.570000e-06	-4.112274e-06	-1.384299e-09	-2.917978e+01	-9.270524e+01
6.580000e-06	-4.141865e-06	-1.392090e-09	-2.938975e+01	-9.305633e+01
6.590000e-06	-4.170747e-06	-1.399331e-09	-2.959469e+01	-9.339056e+01
6.600000e-06	-4.199241e-06	-1.404486e-09	-2.979687e+01	-9.370858e+01
6.610000e-06	-4.227565e-06	-1.411774e-09	-2.999786e+01	-9.401101e+01
6.620000e-06	-4.255685e-06	-1.419977e-09	-3.019739e+01	-9.429844e+01
6.630000e-06	-4.283622e-06	-1.424912e-09	-3.039563e+01	-9.457146e+01
6.640000e-06	-4.311373e-06	-1.424582e-09	-3.059254e+01	-9.483063e+01
6.650000e-06	-4.338877e-06	-1.421707e-09	-3.078770e+01	-9.507649e+01
6.660000e-06	-4.366047e-06	-1.421405e-09	-3.098049e+01	-9.530958e+01
6.670000e-06	-4.392923e-06	-1.424576e-09	-3.117120e+01	-9.553041e+01
6.680000e-06	-4.419525e-06	-1.428181e-09	-3.135996e+01	-9.573950e+01
6.690000e-06	-4.445727e-06	-1.431368e-09	-3.154589e+01	-9.593733e+01
6.700000e-06	-4.471577e-06	-1.436837e-09	-3.172931e+01	-9.612440e+01
6.710000e-06	-4.497193e-06	-1.442877e-09	-3.191107e+01	-9.630119e+01
6.720000e-06	-4.522591e-06	-1.445524e-09	-3.209130e+01	-9.646815e+01
6.730000e-06	-4.547578e-06	-1.444812e-09	-3.226860e+01	-9.662576e+01
6.740000e-06	-4.572084e-06	-1.445246e-09	-3.244248e+01	-9.677445e+01
6.750000e-06	-4.596328e-06	-1.448494e-09	-3.261452e+01	-9.691468e+01
6.760000e-06	-4.620414e-06	-1.451228e-09	-3.278543e+01	-9.704688e+01
6.770000e-06	-4.644367e-06	-1.451214e-09	-3.295539e+01	-9.717147e+01
6.780000e-06	-4.668161e-06	-1.453580e-09	-3.312423e+01	-9.728885e+01
6.790000e-06	-4.691700e-06	-1.459067e-09	-3.329126e+01	-9.739943e+01
6.800000e-06	-4.714780e-06	-1.461249e-09	-3.345503e+01	-9.750360e+01
6.810000e-06	-4.737330e-06	-1.460884e-09	-3.361504e+01	-9.760170e+01
6.820000e-06	-4.759543e-06	-1.463924e-09	-3.377265e+01	-9.769411e+01
6.830000e-06	-4.781262e-06	-1.468637e-09	-3.392677e+01	-9.778115e+01
6.840000e-06	-4.802428e-06	-1.470783e-09	-3.407696e+01	-9.786312e+01
6.850000e-06	-4.823110e-06	-1.467986e-09	-3.422371e+01	-9.794033e+01
6.860000e-06	-4.843358e-06	-1.464453e-09	-3.436739e+01	-9.801302e+01
6.870000e-06	-4.863362e-06	-1.463969e-09	-3.450933e+01	-9.808144e+01
6.880000e-06	-4.883163e-06	-1.464387e-09	-3.464984e+01	-9.814579e+01
6.890000e-06	-4.902801e-06	-1.464490e-09	-3.478918e+01	-9.820626e+01
6.900000e-06	-4.922130e-06	-1.468635e-09	-3.492633e+01	-9.826299e+01
6.910000e-06	-4.941055e-06	-1.478420e-09	-3.506062e+01	-9.831611e+01
6.920000e-06	-4.959595e-06	-1.486822e-09	-3.519218e+01	-9.836570e+01
6.930000e-06	-4.977736e-06	-1.488641e-09	-3.532090e+01	-9.841182e+01
6.940000e-06	-4.995688e-06	-1.487496e-09	-3.544829e+01	-9.845448e+01
6.950000e-06	-5.013430e-06	-1.486531e-09	-3.557418e+01	-9.849369e+01
6.960000e-06	-5.030788e-06	-1.483734e-09	-3.569735e+01	-9.852940e+01
6.970000e-06	-5.047677e-06	-1.478871e-09	-3.581719e+01	-9.856153e+01
6.980000e-06	-5.064177e-06	-1.476704e-09	-3.593427e+01	-9.859001e+01
6.990000e-06	-5.080446e-06	-1.479829e-09	-3.604971e+01	-9.861469e+01
7.000000e-06	-5.096448e-06	-1.487608e-09	-3.616326e+01	-9.863543e+01
7.010000e-06	-5.112216e-06	-1.492777e-09	-3.627515e+01	-9.865206e+01
7.020000e-06	-5.127695e-06	-1.490776e-09	-3.638498e+01	-9.866440e+01
7.030000e-06	-5.142686e-06	-1.487462e-09	-3.649135e+01	-9.867224e+01
7.040000e-06	-5.157148e-06	-1.483957e-09	-3.659397e+01	-9.867536e+01
7.050000e-06	-5.170980e-06	-1.477933e-09	-3.669212e+01	-9.867354e+01
7.060000e-06	-5.184091e-06	-1.470125e-09	-3.678515e+01	-9.866655e+01
7.070000e-06	-5.196691e-06	-1.468063e-09	-3.687456e+01	-9.865418e+01
7.080000e-06	-5.208995e-06	-1.474470e-09	-3.696187e+01	-9.863620e+01
7.090000e-06	-5.221009e-06	-1.483175e-09	-3.704712e+01	-9.861240e+01
7.100000e-06	-5.232652e-06	-1.485918e-09	-3.712973e+01	-9.858258e+01
7.110000e-06	-5.243932e-06	-1.480963e-09	-3.720977e+01	-9.854657e+01
7.120000e-06	-5.254802e-06	-1.474375e-09	-3.728690e+01	-9.850422e+01
7.130000e-06	-5.265267e-06	-1.470524e-09	-3.736116e+01	-9.845540e+01
7.140000e-06	-5.275396e-06	-1.467440e-09	-3.743303e+01	-9.840002e+01
7.150000e-06	-5.285204e-06	-1.465932e-09	-3.750263e+01	-9.833801e+01
7.160000e-06	-5.294760e-06	-1.467380e-09	-3.757043e+01	-9.826938e+01
7.170000e-06	-5.303968e-06	-1.470105e-09	-3.763578e+01	-9.819413e+01
7.180000e-06	-5.312631e-06	-1.467942e-09	-3.769725e+01	-9.811234e+01
7.190000e-06	-5.320926e-06	-1.459795e-09	-3.775610e+01	-9.802414e+01
7.200000e-06	-5.329032e-06	-1.455191e-09	-3.781362e+01	-9.792968e+01
7.210000e-06	-5.336902e-06	-1.456937e-09	-3.786946e+01	-9.782920e+01
7.220000e-06	-5.344501e-06	-1.458999e-09	-3.792338e+01	-9.772296e+01
7.230000e-06	-5.351770e-06	-1.458753e-09	-3.797496e+01	-9.761130e+01
7.240000e-06	-5.358589e-06	-1.460225e-09	-3.802335e+01	-9.749458e+01
7.250000e-06	-5.364805e-06	-1.464784e-09	-3.806746e+01	-9.737325e+01
7.260000e-06	-5.370317e-06	-1.463505e-09	-3.810657e+01	-9.724777e+01
7.270000e-06	-5.375183e-06	-1.454638e-09	-3.814110e+01	-9.711867e+01
7.280000e-06	-5.379649e-06	-1.445440e-09	-3.817279e+01	-9.698652e+01
7.290000e-06	-5.383885e-06	-1.441609e-09	-3.820285e+01	-9.685193e+01
7.300000e-06	-5.387902e-06	-1.439799e-09	-3.823135e+01	-9.671554e+01
7.310000e-06	-5.391659e-06	-1.436269e-09	-3.825801e+01	-9.657804e+01
7.320000e-06	-5.395096e-06	-1.437838e-09	-3.828240e+01	-9.644013e+01
7.330000e-06	-5.398119e-06	-1.446435e-09	-3.830385e+01	-9.630253e+01
7.340000e-06	-5.400782e-06	-1.453082e-09	-3.832274e+01	-9.616598e+01
7.350000e-06	-5.403087e-06	-1.450955e-09	-3.833910e+01	-9.603123e+01
7.360000e-06	-5.405115e-06	-1.441860e-09	-3.835349e+01	-9.589904e+01
7.370000e-06	-5.406888e-06	-1.432811e-09	-3.836607e+01	-9.577015e+01
7.380000e-06	-5.408158e-06	-1.427982e-09	-3.837508e+01	-9.564528e+01
7.390000e-06	-5.408885e-06	-1.425201e-09	-3.838024e+01	-9.552517e+01
7.400000e-06	-5.409349e-06	-1.424932e-09	-3.838353e+01	-9.541048e+01
