# Temperatura_=_-1.1
# Concentracion g/m^3_=_4090.0
# C_Vs_to_Am_M_A/Vsm_=_65563218390.804596
# pendiente_HvsI_1/m_=_3716.3
# ordenada_HvsI_A/m_=_1297.0
# frecuencia_Hz_=_135075.77318978726

Tiempo_(s)	Campo_(V.s)	Magnetizacion_(V.s)	Campo_(kA/m)	Magnetizacion_(A/m)
0.000000e+00	-5.391564e-06	-2.126427e-09	-3.839049e+01	-1.406902e+02
1.000000e-08	-5.391658e-06	-2.124830e-09	-3.839115e+01	-1.406091e+02
2.000000e-08	-5.391575e-06	-2.121913e-09	-3.839056e+01	-1.405326e+02
3.000000e-08	-5.391232e-06	-2.119015e-09	-3.838812e+01	-1.404611e+02
4.000000e-08	-5.390563e-06	-2.119141e-09	-3.838336e+01	-1.403951e+02
5.000000e-08	-5.389426e-06	-2.120843e-09	-3.837526e+01	-1.403352e+02
6.000000e-08	-5.387707e-06	-2.123767e-09	-3.836303e+01	-1.402817e+02
7.000000e-08	-5.385413e-06	-2.135046e-09	-3.834669e+01	-1.402350e+02
8.000000e-08	-5.382445e-06	-2.135907e-09	-3.832556e+01	-1.401954e+02
9.000000e-08	-5.378815e-06	-2.101784e-09	-3.829971e+01	-1.401631e+02
1.000000e-07	-5.374759e-06	-2.065395e-09	-3.827083e+01	-1.401382e+02
1.100000e-07	-5.370500e-06	-2.110291e-09	-3.824050e+01	-1.401209e+02
1.200000e-07	-5.366078e-06	-2.174101e-09	-3.820902e+01	-1.401111e+02
1.300000e-07	-5.361384e-06	-2.110456e-09	-3.817559e+01	-1.401088e+02
1.400000e-07	-5.356314e-06	-2.042694e-09	-3.813949e+01	-1.401136e+02
1.500000e-07	-5.350888e-06	-2.115946e-09	-3.810086e+01	-1.401255e+02
1.600000e-07	-5.345156e-06	-2.211681e-09	-3.806004e+01	-1.401440e+02
1.700000e-07	-5.339010e-06	-2.144076e-09	-3.801628e+01	-1.401687e+02
1.800000e-07	-5.332339e-06	-2.005998e-09	-3.796878e+01	-1.401991e+02
1.900000e-07	-5.325236e-06	-2.091080e-09	-3.791820e+01	-1.402346e+02
2.000000e-07	-5.317972e-06	-2.192815e-09	-3.786648e+01	-1.402746e+02
2.100000e-07	-5.310515e-06	-2.159235e-09	-3.781338e+01	-1.403184e+02
2.200000e-07	-5.302709e-06	-2.085134e-09	-3.775780e+01	-1.403651e+02
2.300000e-07	-5.294693e-06	-2.188257e-09	-3.770072e+01	-1.404140e+02
2.400000e-07	-5.286351e-06	-2.241182e-09	-3.764132e+01	-1.404641e+02
2.500000e-07	-5.277439e-06	-2.164804e-09	-3.757787e+01	-1.405145e+02
2.600000e-07	-5.267874e-06	-2.149875e-09	-3.750976e+01	-1.405643e+02
2.700000e-07	-5.257763e-06	-2.245307e-09	-3.743776e+01	-1.406124e+02
2.800000e-07	-5.247073e-06	-2.225557e-09	-3.736165e+01	-1.406579e+02
2.900000e-07	-5.235817e-06	-2.135496e-09	-3.728149e+01	-1.406997e+02
3.000000e-07	-5.224207e-06	-2.186453e-09	-3.719882e+01	-1.407369e+02
3.100000e-07	-5.212246e-06	-2.249364e-09	-3.711366e+01	-1.407684e+02
3.200000e-07	-5.199864e-06	-2.179164e-09	-3.702549e+01	-1.407933e+02
3.300000e-07	-5.187026e-06	-2.120661e-09	-3.693408e+01	-1.408106e+02
3.400000e-07	-5.173776e-06	-2.203346e-09	-3.683973e+01	-1.408194e+02
3.500000e-07	-5.160164e-06	-2.213030e-09	-3.674281e+01	-1.408189e+02
3.600000e-07	-5.146261e-06	-2.163751e-09	-3.664381e+01	-1.408082e+02
3.700000e-07	-5.131991e-06	-2.162166e-09	-3.654220e+01	-1.407866e+02
3.800000e-07	-5.117113e-06	-2.192511e-09	-3.643626e+01	-1.407534e+02
3.900000e-07	-5.101509e-06	-2.146922e-09	-3.632516e+01	-1.407081e+02
4.000000e-07	-5.085448e-06	-2.146928e-09	-3.621080e+01	-1.406501e+02
4.100000e-07	-5.069008e-06	-2.165844e-09	-3.609374e+01	-1.405789e+02
4.200000e-07	-5.052107e-06	-2.139733e-09	-3.597339e+01	-1.404943e+02
4.300000e-07	-5.034874e-06	-2.116599e-09	-3.585069e+01	-1.403960e+02
4.400000e-07	-5.017490e-06	-2.178004e-09	-3.572690e+01	-1.402838e+02
4.500000e-07	-4.999894e-06	-2.175875e-09	-3.560161e+01	-1.401577e+02
4.600000e-07	-4.981929e-06	-2.124199e-09	-3.547369e+01	-1.400178e+02
4.700000e-07	-4.963566e-06	-2.119285e-09	-3.534294e+01	-1.398641e+02
4.800000e-07	-4.944809e-06	-2.150899e-09	-3.520938e+01	-1.396969e+02
4.900000e-07	-4.925671e-06	-2.120886e-09	-3.507311e+01	-1.395166e+02
5.000000e-07	-4.906179e-06	-2.095557e-09	-3.493431e+01	-1.393235e+02
5.100000e-07	-4.886435e-06	-2.101648e-09	-3.479373e+01	-1.391182e+02
5.200000e-07	-4.866503e-06	-2.117700e-09	-3.465181e+01	-1.389012e+02
5.300000e-07	-4.846374e-06	-2.125829e-09	-3.450847e+01	-1.386732e+02
5.400000e-07	-4.825974e-06	-2.125009e-09	-3.436322e+01	-1.384349e+02
5.500000e-07	-4.805200e-06	-2.104260e-09	-3.421530e+01	-1.381871e+02
5.600000e-07	-4.784075e-06	-2.099055e-09	-3.406488e+01	-1.379305e+02
5.700000e-07	-4.762599e-06	-2.111994e-09	-3.391196e+01	-1.376660e+02
5.800000e-07	-4.740774e-06	-2.097237e-09	-3.375656e+01	-1.373946e+02
5.900000e-07	-4.718714e-06	-2.069773e-09	-3.359947e+01	-1.371171e+02
6.000000e-07	-4.696334e-06	-2.070536e-09	-3.344012e+01	-1.368345e+02
6.100000e-07	-4.673592e-06	-2.092413e-09	-3.327819e+01	-1.365476e+02
6.200000e-07	-4.650570e-06	-2.095286e-09	-3.311426e+01	-1.362574e+02
6.300000e-07	-4.627189e-06	-2.085275e-09	-3.294778e+01	-1.359649e+02
6.400000e-07	-4.603463e-06	-2.073361e-09	-3.277884e+01	-1.356708e+02
6.500000e-07	-4.579541e-06	-2.082748e-09	-3.260850e+01	-1.353760e+02
6.600000e-07	-4.555457e-06	-2.085494e-09	-3.243701e+01	-1.350813e+02
6.700000e-07	-4.531157e-06	-2.071420e-09	-3.226398e+01	-1.347875e+02
6.800000e-07	-4.506606e-06	-2.051472e-09	-3.208917e+01	-1.344952e+02
6.900000e-07	-4.481591e-06	-2.060137e-09	-3.191105e+01	-1.342050e+02
7.000000e-07	-4.455926e-06	-2.067212e-09	-3.172831e+01	-1.339176e+02
7.100000e-07	-4.429749e-06	-2.063915e-09	-3.154191e+01	-1.336333e+02
7.200000e-07	-4.403103e-06	-2.048607e-09	-3.135218e+01	-1.333526e+02
7.300000e-07	-4.375983e-06	-2.048251e-09	-3.115907e+01	-1.330757e+02
7.400000e-07	-4.348505e-06	-2.052235e-09	-3.096342e+01	-1.328030e+02
7.500000e-07	-4.320791e-06	-2.053353e-09	-3.076608e+01	-1.325344e+02
7.600000e-07	-4.292881e-06	-2.036262e-09	-3.056734e+01	-1.322701e+02
7.700000e-07	-4.264800e-06	-2.029831e-09	-3.036740e+01	-1.320100e+02
7.800000e-07	-4.236523e-06	-2.032130e-09	-3.016605e+01	-1.317539e+02
7.900000e-07	-4.207978e-06	-2.031218e-09	-2.996279e+01	-1.315018e+02
8.000000e-07	-4.179065e-06	-2.018007e-09	-2.975692e+01	-1.312532e+02
8.100000e-07	-4.149813e-06	-2.012389e-09	-2.954863e+01	-1.310077e+02
8.200000e-07	-4.120316e-06	-2.014203e-09	-2.933860e+01	-1.307650e+02
8.300000e-07	-4.090533e-06	-2.016039e-09	-2.912653e+01	-1.305246e+02
8.400000e-07	-4.060508e-06	-2.007013e-09	-2.891274e+01	-1.302858e+02
8.500000e-07	-4.030187e-06	-1.996389e-09	-2.869684e+01	-1.300481e+02
8.600000e-07	-3.999581e-06	-1.993849e-09	-2.847891e+01	-1.298108e+02
8.700000e-07	-3.968810e-06	-1.995376e-09	-2.825980e+01	-1.295732e+02
8.800000e-07	-3.937820e-06	-1.990045e-09	-2.803914e+01	-1.293346e+02
8.900000e-07	-3.906591e-06	-1.977066e-09	-2.781678e+01	-1.290942e+02
9.000000e-07	-3.875100e-06	-1.970338e-09	-2.759255e+01	-1.288514e+02
9.100000e-07	-3.843366e-06	-1.968926e-09	-2.736659e+01	-1.286053e+02
9.200000e-07	-3.811423e-06	-1.967444e-09	-2.713914e+01	-1.283552e+02
9.300000e-07	-3.779298e-06	-1.958514e-09	-2.691039e+01	-1.281004e+02
9.400000e-07	-3.746948e-06	-1.955278e-09	-2.668004e+01	-1.278402e+02
9.500000e-07	-3.714313e-06	-1.959249e-09	-2.644766e+01	-1.275739e+02
9.600000e-07	-3.681462e-06	-1.963746e-09	-2.621375e+01	-1.273010e+02
9.700000e-07	-3.648245e-06	-1.951879e-09	-2.597723e+01	-1.270208e+02
9.800000e-07	-3.614499e-06	-1.936157e-09	-2.573694e+01	-1.267329e+02
9.900000e-07	-3.580192e-06	-1.925039e-09	-2.549266e+01	-1.264367e+02
1.000000e-06	-3.545494e-06	-1.921452e-09	-2.524559e+01	-1.261320e+02
1.010000e-06	-3.510589e-06	-1.913629e-09	-2.499706e+01	-1.258183e+02
1.020000e-06	-3.475362e-06	-1.907868e-09	-2.474622e+01	-1.254954e+02
1.030000e-06	-3.439763e-06	-1.906075e-09	-2.449274e+01	-1.251632e+02
1.040000e-06	-3.403919e-06	-1.909918e-09	-2.423752e+01	-1.248216e+02
1.050000e-06	-3.367961e-06	-1.906175e-09	-2.398147e+01	-1.244704e+02
1.060000e-06	-3.331905e-06	-1.895125e-09	-2.372474e+01	-1.241099e+02
1.070000e-06	-3.295733e-06	-1.879561e-09	-2.346718e+01	-1.237400e+02
1.080000e-06	-3.259449e-06	-1.869903e-09	-2.320882e+01	-1.233610e+02
1.090000e-06	-3.222970e-06	-1.865003e-09	-2.294907e+01	-1.229732e+02
1.100000e-06	-3.186121e-06	-1.863334e-09	-2.268669e+01	-1.225769e+02
1.110000e-06	-3.148953e-06	-1.860609e-09	-2.242204e+01	-1.221724e+02
1.120000e-06	-3.111664e-06	-1.859134e-09	-2.215652e+01	-1.217602e+02
1.130000e-06	-3.074232e-06	-1.856164e-09	-2.188998e+01	-1.213409e+02
1.140000e-06	-3.036561e-06	-1.847896e-09	-2.162175e+01	-1.209148e+02
1.150000e-06	-2.998632e-06	-1.836001e-09	-2.135168e+01	-1.204826e+02
1.160000e-06	-2.960455e-06	-1.825263e-09	-2.107984e+01	-1.200449e+02
1.170000e-06	-2.922082e-06	-1.818173e-09	-2.080661e+01	-1.196022e+02
1.180000e-06	-2.883602e-06	-1.811221e-09	-2.053261e+01	-1.191552e+02
1.190000e-06	-2.844932e-06	-1.803044e-09	-2.025726e+01	-1.187044e+02
1.200000e-06	-2.805978e-06	-1.798151e-09	-1.997989e+01	-1.182505e+02
1.210000e-06	-2.766795e-06	-1.798619e-09	-1.970089e+01	-1.177940e+02
1.220000e-06	-2.727418e-06	-1.795669e-09	-1.942051e+01	-1.173355e+02
1.230000e-06	-2.687893e-06	-1.787608e-09	-1.913907e+01	-1.168755e+02
1.240000e-06	-2.648269e-06	-1.775971e-09	-1.885693e+01	-1.164145e+02
1.250000e-06	-2.608539e-06	-1.766843e-09	-1.857403e+01	-1.159530e+02
1.260000e-06	-2.568636e-06	-1.758632e-09	-1.828990e+01	-1.154912e+02
1.270000e-06	-2.528612e-06	-1.751260e-09	-1.800491e+01	-1.150296e+02
1.280000e-06	-2.488571e-06	-1.744333e-09	-1.771980e+01	-1.145684e+02
1.290000e-06	-2.448463e-06	-1.740642e-09	-1.743421e+01	-1.141078e+02
1.300000e-06	-2.408177e-06	-1.736987e-09	-1.714736e+01	-1.136478e+02
1.310000e-06	-2.367657e-06	-1.730375e-09	-1.685884e+01	-1.131887e+02
1.320000e-06	-2.326961e-06	-1.719545e-09	-1.656906e+01	-1.127302e+02
1.330000e-06	-2.286061e-06	-1.711961e-09	-1.627783e+01	-1.122723e+02
1.340000e-06	-2.244948e-06	-1.708247e-09	-1.598509e+01	-1.118149e+02
1.350000e-06	-2.203514e-06	-1.706968e-09	-1.569006e+01	-1.113576e+02
1.360000e-06	-2.161768e-06	-1.700297e-09	-1.539281e+01	-1.109002e+02
1.370000e-06	-2.119948e-06	-1.689780e-09	-1.509503e+01	-1.104421e+02
1.380000e-06	-2.077871e-06	-1.678317e-09	-1.479542e+01	-1.099830e+02
1.390000e-06	-2.035373e-06	-1.669474e-09	-1.449282e+01	-1.095223e+02
1.400000e-06	-1.992604e-06	-1.662594e-09	-1.418828e+01	-1.090594e+02
1.410000e-06	-1.949658e-06	-1.657904e-09	-1.388249e+01	-1.085935e+02
1.420000e-06	-1.906546e-06	-1.654789e-09	-1.357551e+01	-1.081241e+02
1.430000e-06	-1.863282e-06	-1.652311e-09	-1.326745e+01	-1.076504e+02
1.440000e-06	-1.819822e-06	-1.643632e-09	-1.295800e+01	-1.071715e+02
1.450000e-06	-1.776122e-06	-1.625770e-09	-1.264683e+01	-1.066867e+02
1.460000e-06	-1.732302e-06	-1.608732e-09	-1.233481e+01	-1.061951e+02
1.470000e-06	-1.688478e-06	-1.600236e-09	-1.202276e+01	-1.056959e+02
1.480000e-06	-1.644652e-06	-1.595492e-09	-1.171070e+01	-1.051882e+02
1.490000e-06	-1.600760e-06	-1.590690e-09	-1.139817e+01	-1.046711e+02
1.500000e-06	-1.556734e-06	-1.589698e-09	-1.108468e+01	-1.041439e+02
1.510000e-06	-1.512638e-06	-1.590419e-09	-1.077070e+01	-1.036055e+02
1.520000e-06	-1.468521e-06	-1.585483e-09	-1.045657e+01	-1.030554e+02
1.530000e-06	-1.424372e-06	-1.568585e-09	-1.014221e+01	-1.024925e+02
1.540000e-06	-1.380173e-06	-1.546286e-09	-9.827488e+00	-1.019163e+02
1.550000e-06	-1.335922e-06	-1.527889e-09	-9.512398e+00	-1.013259e+02
1.560000e-06	-1.291584e-06	-1.516446e-09	-9.196691e+00	-1.007206e+02
1.570000e-06	-1.247186e-06	-1.510667e-09	-8.880553e+00	-1.000999e+02
1.580000e-06	-1.202748e-06	-1.509503e-09	-8.564132e+00	-9.946312e+01
1.590000e-06	-1.158175e-06	-1.508923e-09	-8.246758e+00	-9.880970e+01
1.600000e-06	-1.113487e-06	-1.505631e-09	-7.928558e+00	-9.813915e+01
1.610000e-06	-1.068649e-06	-1.493299e-09	-7.609283e+00	-9.745102e+01
1.620000e-06	-1.023768e-06	-1.474597e-09	-7.289712e+00	-9.674491e+01
1.630000e-06	-9.788531e-07	-1.452301e-09	-6.969898e+00	-9.602044e+01
1.640000e-06	-9.338467e-07	-1.433038e-09	-6.649431e+00	-9.527730e+01
1.650000e-06	-8.887519e-07	-1.420882e-09	-6.328334e+00	-9.451521e+01
1.660000e-06	-8.435541e-07	-1.412512e-09	-6.006505e+00	-9.373394e+01
1.670000e-06	-7.983198e-07	-1.405886e-09	-5.684415e+00	-9.293326e+01
1.680000e-06	-7.530780e-07	-1.401254e-09	-5.362272e+00	-9.211301e+01
1.690000e-06	-7.077824e-07	-1.393125e-09	-5.039746e+00	-9.127300e+01
1.700000e-06	-6.624126e-07	-1.378996e-09	-4.716691e+00	-9.041309e+01
1.710000e-06	-6.170296e-07	-1.360471e-09	-4.393543e+00	-8.953313e+01
1.720000e-06	-5.715541e-07	-1.341602e-09	-4.069736e+00	-8.863297e+01
1.730000e-06	-5.260126e-07	-1.325493e-09	-3.745459e+00	-8.771248e+01
1.740000e-06	-4.804953e-07	-1.311290e-09	-3.421354e+00	-8.677146e+01
1.750000e-06	-4.349650e-07	-1.298521e-09	-3.097157e+00	-8.580974e+01
1.760000e-06	-3.893475e-07	-1.285830e-09	-2.772339e+00	-8.482709e+01
1.770000e-06	-3.436556e-07	-1.271076e-09	-2.446991e+00	-8.382326e+01
1.780000e-06	-2.979607e-07	-1.256465e-09	-2.121621e+00	-8.279795e+01
1.790000e-06	-2.521777e-07	-1.241975e-09	-1.795625e+00	-8.175080e+01
1.800000e-06	-2.063279e-07	-1.225451e-09	-1.469152e+00	-8.068141e+01
1.810000e-06	-1.605668e-07	-1.206891e-09	-1.143312e+00	-7.958933e+01
1.820000e-06	-1.148861e-07	-1.187012e-09	-8.180437e-01	-7.847402e+01
1.830000e-06	-6.922863e-08	-1.168616e-09	-4.929406e-01	-7.733489e+01
1.840000e-06	-2.355889e-08	-1.150860e-09	-1.677505e-01	-7.617126e+01
1.850000e-06	2.213862e-08	-1.131671e-09	1.576375e-01	-7.498242e+01
1.860000e-06	6.790607e-08	-1.110387e-09	4.835234e-01	-7.376755e+01
1.870000e-06	1.136984e-07	-1.090635e-09	8.095861e-01	-7.252577e+01
1.880000e-06	1.594492e-07	-1.074957e-09	1.135354e+00	-7.125613e+01
1.890000e-06	2.051381e-07	-1.059896e-09	1.460680e+00	-6.995762e+01
1.900000e-06	2.507831e-07	-1.038912e-09	1.785694e+00	-6.862916e+01
1.910000e-06	2.964225e-07	-1.015388e-09	2.110668e+00	-6.726963e+01
1.920000e-06	3.420890e-07	-9.913683e-10	2.435836e+00	-6.587782e+01
1.930000e-06	3.877593e-07	-9.651826e-10	2.761030e+00	-6.445252e+01
1.940000e-06	4.333239e-07	-9.370754e-10	3.085471e+00	-6.299245e+01
1.950000e-06	4.787921e-07	-9.102691e-10	3.409226e+00	-6.149633e+01
1.960000e-06	5.242852e-07	-8.877185e-10	3.733159e+00	-5.996284e+01
1.970000e-06	5.697890e-07	-8.674917e-10	4.057168e+00	-5.839068e+01
1.980000e-06	6.152619e-07	-8.454601e-10	4.380956e+00	-5.677852e+01
1.990000e-06	6.607283e-07	-8.199564e-10	4.704698e+00	-5.512509e+01
2.000000e-06	7.061639e-07	-7.926133e-10	5.028222e+00	-5.342912e+01
2.010000e-06	7.515059e-07	-7.651121e-10	5.351078e+00	-5.168941e+01
2.020000e-06	7.967714e-07	-7.357516e-10	5.673389e+00	-4.990478e+01
2.030000e-06	8.418926e-07	-7.038756e-10	5.994674e+00	-4.807416e+01
2.040000e-06	8.868478e-07	-6.721461e-10	6.314776e+00	-4.619656e+01
2.050000e-06	9.317763e-07	-6.442065e-10	6.634688e+00	-4.427106e+01
2.060000e-06	9.767079e-07	-6.178435e-10	6.954622e+00	-4.229688e+01
2.070000e-06	1.021657e-06	-5.889392e-10	7.274683e+00	-4.027335e+01
2.080000e-06	1.066482e-06	-5.565513e-10	7.593859e+00	-3.819995e+01
2.090000e-06	1.111153e-06	-5.237900e-10	7.911932e+00	-3.607629e+01
2.100000e-06	1.155748e-06	-4.901250e-10	8.229470e+00	-3.390217e+01
2.110000e-06	1.200262e-06	-4.525367e-10	8.546434e+00	-3.167753e+01
2.120000e-06	1.244719e-06	-4.133815e-10	8.862989e+00	-2.940250e+01
2.130000e-06	1.289092e-06	-3.769320e-10	9.178947e+00	-2.707740e+01
2.140000e-06	1.333353e-06	-3.456638e-10	9.494104e+00	-2.470273e+01
2.150000e-06	1.377559e-06	-3.143812e-10	9.808871e+00	-2.227922e+01
2.160000e-06	1.421760e-06	-2.822803e-10	1.012360e+01	-1.980775e+01
2.170000e-06	1.465912e-06	-2.505520e-10	1.043799e+01	-1.728947e+01
2.180000e-06	1.509997e-06	-2.175025e-10	1.075190e+01	-1.472568e+01
2.190000e-06	1.554041e-06	-1.785756e-10	1.106551e+01	-1.211792e+01
2.200000e-06	1.598044e-06	-1.319028e-10	1.137883e+01	-9.467920e+00
2.210000e-06	1.641975e-06	-8.461732e-11	1.169164e+01	-6.777618e+00
2.220000e-06	1.685862e-06	-4.478944e-11	1.200413e+01	-4.049143e+00
2.230000e-06	1.729667e-06	-7.772895e-12	1.231605e+01	-1.284817e+00
2.240000e-06	1.773396e-06	3.369932e-11	1.262742e+01	1.512857e+00
2.250000e-06	1.817065e-06	7.554245e-11	1.293836e+01	4.341203e+00
2.260000e-06	1.860714e-06	1.139673e-10	1.324917e+01	7.197384e+00
2.270000e-06	1.904155e-06	1.541690e-10	1.355849e+01	1.007841e+01
2.280000e-06	1.947277e-06	2.012049e-10	1.386553e+01	1.298115e+01
2.290000e-06	1.990236e-06	2.515348e-10	1.417142e+01	1.590236e+01
2.300000e-06	2.032925e-06	2.960284e-10	1.447539e+01	1.883868e+01
2.310000e-06	2.075356e-06	3.349134e-10	1.477751e+01	2.178666e+01
2.320000e-06	2.117577e-06	3.767962e-10	1.507815e+01	2.474276e+01
2.330000e-06	2.159540e-06	4.219636e-10	1.537694e+01	2.770339e+01
2.340000e-06	2.201110e-06	4.650516e-10	1.567295e+01	3.066493e+01
2.350000e-06	2.242285e-06	5.050338e-10	1.596613e+01	3.362371e+01
2.360000e-06	2.283301e-06	5.460962e-10	1.625819e+01	3.657608e+01
2.370000e-06	2.324145e-06	5.928468e-10	1.654901e+01	3.951837e+01
2.380000e-06	2.364759e-06	6.412391e-10	1.683820e+01	4.244697e+01
2.390000e-06	2.405114e-06	6.862221e-10	1.712555e+01	4.535828e+01
2.400000e-06	2.445275e-06	7.285042e-10	1.741152e+01	4.824881e+01
2.410000e-06	2.485375e-06	7.686110e-10	1.769704e+01	5.111510e+01
2.420000e-06	2.525416e-06	8.090330e-10	1.798216e+01	5.395382e+01
2.430000e-06	2.565348e-06	8.503884e-10	1.826650e+01	5.676173e+01
2.440000e-06	2.605157e-06	8.912516e-10	1.854995e+01	5.953573e+01
2.450000e-06	2.644900e-06	9.330470e-10	1.883294e+01	6.227284e+01
2.460000e-06	2.684440e-06	9.776287e-10	1.911448e+01	6.497024e+01
2.470000e-06	2.723823e-06	1.020146e-09	1.939491e+01	6.762527e+01
2.480000e-06	2.763107e-06	1.058716e-09	1.967463e+01	7.023543e+01
2.490000e-06	2.802151e-06	1.095535e-09	1.995264e+01	7.279842e+01
2.500000e-06	2.840978e-06	1.131045e-09	2.022911e+01	7.531209e+01
2.510000e-06	2.879597e-06	1.165074e-09	2.050410e+01	7.777451e+01
2.520000e-06	2.917953e-06	1.199692e-09	2.077720e+01	8.018393e+01
2.530000e-06	2.956146e-06	1.236851e-09	2.104916e+01	8.253881e+01
2.540000e-06	2.994218e-06	1.275986e-09	2.132025e+01	8.483780e+01
2.550000e-06	3.032058e-06	1.312779e-09	2.158969e+01	8.707975e+01
2.560000e-06	3.069690e-06	1.343810e-09	2.185765e+01	8.926370e+01
2.570000e-06	3.107123e-06	1.371434e-09	2.212419e+01	9.138890e+01
2.580000e-06	3.144335e-06	1.398542e-09	2.238915e+01	9.345479e+01
2.590000e-06	3.181332e-06	1.425665e-09	2.265259e+01	9.546099e+01
2.600000e-06	3.218103e-06	1.454333e-09	2.291442e+01	9.740730e+01
2.610000e-06	3.254651e-06	1.486044e-09	2.317465e+01	9.929372e+01
2.620000e-06	3.290982e-06	1.518517e-09	2.343335e+01	1.011204e+02
2.630000e-06	3.327115e-06	1.547370e-09	2.369063e+01	1.028876e+02
2.640000e-06	3.363146e-06	1.571426e-09	2.394719e+01	1.045958e+02
2.650000e-06	3.399101e-06	1.592110e-09	2.420321e+01	1.062456e+02
2.660000e-06	3.434877e-06	1.610185e-09	2.445795e+01	1.078378e+02
2.670000e-06	3.470461e-06	1.626798e-09	2.471132e+01	1.093732e+02
2.680000e-06	3.505770e-06	1.645256e-09	2.496274e+01	1.108526e+02
2.690000e-06	3.540814e-06	1.667989e-09	2.521227e+01	1.122773e+02
2.700000e-06	3.575536e-06	1.694835e-09	2.545951e+01	1.136482e+02
2.710000e-06	3.609800e-06	1.723218e-09	2.570348e+01	1.149668e+02
2.720000e-06	3.643602e-06	1.746844e-09	2.594417e+01	1.162341e+02
2.730000e-06	3.677010e-06	1.766331e-09	2.618205e+01	1.174515e+02
2.740000e-06	3.710058e-06	1.783119e-09	2.641737e+01	1.186205e+02
2.750000e-06	3.742754e-06	1.796758e-09	2.665018e+01	1.197424e+02
2.760000e-06	3.775155e-06	1.809505e-09	2.688089e+01	1.208186e+02
2.770000e-06	3.807310e-06	1.824742e-09	2.710985e+01	1.218506e+02
2.780000e-06	3.839314e-06	1.844739e-09	2.733773e+01	1.228399e+02
2.790000e-06	3.871183e-06	1.865569e-09	2.756465e+01	1.237879e+02
2.800000e-06	3.902847e-06	1.881001e-09	2.779012e+01	1.246960e+02
2.810000e-06	3.934218e-06	1.891022e-09	2.801349e+01	1.255656e+02
2.820000e-06	3.965301e-06	1.900429e-09	2.823482e+01	1.263983e+02
2.830000e-06	3.996041e-06	1.912001e-09	2.845370e+01	1.271953e+02
2.840000e-06	4.026468e-06	1.922429e-09	2.867036e+01	1.279580e+02
2.850000e-06	4.056650e-06	1.932677e-09	2.888527e+01	1.286878e+02
2.860000e-06	4.086569e-06	1.946457e-09	2.909831e+01	1.293858e+02
2.870000e-06	4.116215e-06	1.962595e-09	2.930940e+01	1.300534e+02
2.880000e-06	4.145633e-06	1.973326e-09	2.951887e+01	1.306918e+02
2.890000e-06	4.174825e-06	1.976827e-09	2.972673e+01	1.313021e+02
2.900000e-06	4.203735e-06	1.980972e-09	2.993258e+01	1.318855e+02
2.910000e-06	4.232370e-06	1.989893e-09	3.013648e+01	1.324429e+02
2.920000e-06	4.260742e-06	2.000659e-09	3.033850e+01	1.329756e+02
2.930000e-06	4.288898e-06	2.008191e-09	3.053898e+01	1.334844e+02
2.940000e-06	4.316872e-06	2.014333e-09	3.073817e+01	1.339704e+02
2.950000e-06	4.344626e-06	2.022537e-09	3.093579e+01	1.344344e+02
2.960000e-06	4.372168e-06	2.031314e-09	3.113191e+01	1.348774e+02
2.970000e-06	4.399339e-06	2.036861e-09	3.132538e+01	1.353001e+02
2.980000e-06	4.426035e-06	2.038399e-09	3.151546e+01	1.357035e+02
2.990000e-06	4.452227e-06	2.041882e-09	3.170197e+01	1.360883e+02
3.000000e-06	4.477917e-06	2.048281e-09	3.188489e+01	1.364553e+02
3.010000e-06	4.503079e-06	2.055081e-09	3.206405e+01	1.368052e+02
3.020000e-06	4.527767e-06	2.062517e-09	3.223985e+01	1.371388e+02
3.030000e-06	4.552183e-06	2.070898e-09	3.241370e+01	1.374567e+02
3.040000e-06	4.576320e-06	2.079470e-09	3.258556e+01	1.377596e+02
3.050000e-06	4.600220e-06	2.083984e-09	3.275574e+01	1.380482e+02
3.060000e-06	4.623867e-06	2.084947e-09	3.292412e+01	1.383231e+02
3.070000e-06	4.647173e-06	2.085435e-09	3.309007e+01	1.385848e+02
3.080000e-06	4.670147e-06	2.088088e-09	3.325366e+01	1.388341e+02
3.090000e-06	4.692863e-06	2.092821e-09	3.341541e+01	1.390714e+02
3.100000e-06	4.715247e-06	2.097154e-09	3.357479e+01	1.392974e+02
3.110000e-06	4.737246e-06	2.100316e-09	3.373144e+01	1.395126e+02
3.120000e-06	4.758976e-06	2.104821e-09	3.388617e+01	1.397175e+02
3.130000e-06	4.780439e-06	2.108772e-09	3.403899e+01	1.399126e+02
3.140000e-06	4.801568e-06	2.110784e-09	3.418944e+01	1.400984e+02
3.150000e-06	4.822330e-06	2.115108e-09	3.433727e+01	1.402754e+02
3.160000e-06	4.842737e-06	2.121089e-09	3.448258e+01	1.404441e+02
3.170000e-06	4.862851e-06	2.125760e-09	3.462580e+01	1.406047e+02
3.180000e-06	4.882775e-06	2.127235e-09	3.476767e+01	1.407578e+02
3.190000e-06	4.902560e-06	2.126817e-09	3.490855e+01	1.409037e+02
3.200000e-06	4.922099e-06	2.129125e-09	3.504767e+01	1.410428e+02
3.210000e-06	4.941333e-06	2.133274e-09	3.518463e+01	1.411753e+02
3.220000e-06	4.960185e-06	2.135506e-09	3.531887e+01	1.413016e+02
3.230000e-06	4.978509e-06	2.136690e-09	3.544934e+01	1.414219e+02
3.240000e-06	4.996430e-06	2.138947e-09	3.557695e+01	1.415364e+02
3.250000e-06	5.014044e-06	2.142889e-09	3.570237e+01	1.416453e+02
3.260000e-06	5.031352e-06	2.146578e-09	3.582561e+01	1.417488e+02
3.270000e-06	5.048428e-06	2.144784e-09	3.594720e+01	1.418470e+02
3.280000e-06	5.065186e-06	2.141439e-09	3.606652e+01	1.419400e+02
3.290000e-06	5.081619e-06	2.144638e-09	3.618353e+01	1.420278e+02
3.300000e-06	5.097656e-06	2.151172e-09	3.629772e+01	1.421106e+02
3.310000e-06	5.113171e-06	2.154656e-09	3.640820e+01	1.421882e+02
3.320000e-06	5.128211e-06	2.155378e-09	3.651529e+01	1.422607e+02
3.330000e-06	5.142760e-06	2.157262e-09	3.661888e+01	1.423280e+02
3.340000e-06	5.156854e-06	2.159710e-09	3.671924e+01	1.423900e+02
3.350000e-06	5.170588e-06	2.159103e-09	3.681703e+01	1.424467e+02
3.360000e-06	5.184049e-06	2.156363e-09	3.691288e+01	1.424979e+02
3.370000e-06	5.197204e-06	2.155900e-09	3.700655e+01	1.425435e+02
3.380000e-06	5.209921e-06	2.157854e-09	3.709710e+01	1.425835e+02
3.390000e-06	5.222322e-06	2.159453e-09	3.718540e+01	1.426176e+02
3.400000e-06	5.234375e-06	2.161391e-09	3.727123e+01	1.426457e+02
3.410000e-06	5.245854e-06	2.164242e-09	3.735297e+01	1.426677e+02
3.420000e-06	5.256902e-06	2.166057e-09	3.743163e+01	1.426834e+02
3.430000e-06	5.267471e-06	2.166893e-09	3.750689e+01	1.426928e+02
3.440000e-06	5.277338e-06	2.166492e-09	3.757714e+01	1.426958e+02
3.450000e-06	5.286623e-06	2.165313e-09	3.764326e+01	1.426922e+02
3.460000e-06	5.295428e-06	2.164998e-09	3.770595e+01	1.426820e+02
3.470000e-06	5.303841e-06	2.164490e-09	3.776586e+01	1.426652e+02
3.480000e-06	5.311950e-06	2.163133e-09	3.782360e+01	1.426418e+02
3.490000e-06	5.319800e-06	2.162629e-09	3.787950e+01	1.426118e+02
3.500000e-06	5.327388e-06	2.163486e-09	3.793352e+01	1.425754e+02
3.510000e-06	5.334642e-06	2.165010e-09	3.798517e+01	1.425325e+02
3.520000e-06	5.341503e-06	2.167105e-09	3.803403e+01	1.424835e+02
3.530000e-06	5.347980e-06	2.169204e-09	3.808015e+01	1.424285e+02
3.540000e-06	5.354121e-06	2.170106e-09	3.812388e+01	1.423677e+02
3.550000e-06	5.359882e-06	2.166672e-09	3.816489e+01	1.423016e+02
3.560000e-06	5.365304e-06	2.163364e-09	3.820350e+01	1.422303e+02
3.570000e-06	5.370341e-06	2.164330e-09	3.823937e+01	1.421543e+02
3.580000e-06	5.374953e-06	2.166577e-09	3.827221e+01	1.420741e+02
3.590000e-06	5.379265e-06	2.170426e-09	3.830291e+01	1.419901e+02
3.600000e-06	5.383359e-06	2.174380e-09	3.833206e+01	1.419029e+02
3.610000e-06	5.387237e-06	2.176769e-09	3.835967e+01	1.418129e+02
3.620000e-06	5.390808e-06	2.175049e-09	3.838511e+01	1.417209e+02
3.630000e-06	5.393977e-06	2.171135e-09	3.840767e+01	1.416273e+02
3.640000e-06	5.396540e-06	2.167511e-09	3.842592e+01	1.415329e+02
3.650000e-06	5.398453e-06	2.166479e-09	3.843954e+01	1.414382e+02
3.660000e-06	5.399833e-06	2.169042e-09	3.844937e+01	1.413440e+02
3.670000e-06	5.400740e-06	2.174172e-09	3.845583e+01	1.412510e+02
3.680000e-06	5.401198e-06	2.178845e-09	3.845909e+01	1.411598e+02
3.690000e-06	5.401326e-06	2.182140e-09	3.846000e+01	1.410710e+02
3.700000e-06	5.401224e-06	2.183333e-09	3.845927e+01	1.409854e+02
3.710000e-06	5.400861e-06	2.180834e-09	3.845668e+01	1.409036e+02
3.720000e-06	5.400241e-06	2.174983e-09	3.845227e+01	1.408261e+02
3.730000e-06	5.399243e-06	2.166590e-09	3.844516e+01	1.407535e+02
3.740000e-06	5.397872e-06	2.160183e-09	3.843541e+01	1.406865e+02
3.750000e-06	5.396178e-06	2.157214e-09	3.842334e+01	1.406254e+02
3.760000e-06	5.394170e-06	2.146894e-09	3.840904e+01	1.405706e+02
3.770000e-06	5.391872e-06	2.125137e-09	3.839268e+01	1.405226e+02
3.780000e-06	5.389125e-06	2.131700e-09	3.837312e+01	1.404816e+02
3.790000e-06	5.385894e-06	2.186411e-09	3.835012e+01	1.404480e+02
3.800000e-06	5.382256e-06	2.182932e-09	3.832421e+01	1.404217e+02
3.810000e-06	5.378299e-06	2.090790e-09	3.829604e+01	1.404030e+02
3.820000e-06	5.374170e-06	2.075686e-09	3.826664e+01	1.403918e+02
3.830000e-06	5.369847e-06	2.164806e-09	3.823585e+01	1.403881e+02
3.840000e-06	5.365041e-06	2.146526e-09	3.820163e+01	1.403916e+02
3.850000e-06	5.359599e-06	2.042883e-09	3.816288e+01	1.404022e+02
3.860000e-06	5.353773e-06	2.029004e-09	3.812140e+01	1.404194e+02
3.870000e-06	5.347540e-06	2.183545e-09	3.807702e+01	1.404430e+02
3.880000e-06	5.340681e-06	2.202381e-09	3.802818e+01	1.404723e+02
3.890000e-06	5.333357e-06	2.038334e-09	3.797603e+01	1.405069e+02
3.900000e-06	5.325680e-06	2.033833e-09	3.792137e+01	1.405461e+02
3.910000e-06	5.317678e-06	2.168047e-09	3.786438e+01	1.405891e+02
3.920000e-06	5.309396e-06	2.143413e-09	3.780541e+01	1.406352e+02
3.930000e-06	5.300734e-06	1.955797e-09	3.774373e+01	1.406836e+02
3.940000e-06	5.291800e-06	2.036302e-09	3.768012e+01	1.407334e+02
3.950000e-06	5.282446e-06	2.213318e-09	3.761352e+01	1.407837e+02
3.960000e-06	5.272633e-06	2.156623e-09	3.754365e+01	1.408335e+02
3.970000e-06	5.262533e-06	2.000670e-09	3.747172e+01	1.408818e+02
3.980000e-06	5.252064e-06	2.134232e-09	3.739719e+01	1.409277e+02
3.990000e-06	5.241250e-06	2.271021e-09	3.732018e+01	1.409700e+02
4.000000e-06	5.230106e-06	2.151393e-09	3.724083e+01	1.410079e+02
4.010000e-06	5.218565e-06	2.087121e-09	3.715865e+01	1.410403e+02
4.020000e-06	5.206608e-06	2.249294e-09	3.707351e+01	1.410662e+02
4.030000e-06	5.194234e-06	2.275007e-09	3.698541e+01	1.410847e+02
4.040000e-06	5.181482e-06	2.106950e-09	3.689460e+01	1.410948e+02
4.050000e-06	5.168317e-06	2.106083e-09	3.680086e+01	1.410958e+02
4.060000e-06	5.154511e-06	2.218277e-09	3.670256e+01	1.410867e+02
4.070000e-06	5.139948e-06	2.169537e-09	3.659887e+01	1.410668e+02
4.080000e-06	5.124787e-06	2.102184e-09	3.649091e+01	1.410354e+02
4.090000e-06	5.109282e-06	2.179805e-09	3.638051e+01	1.409920e+02
4.100000e-06	5.093499e-06	2.201281e-09	3.626813e+01	1.409360e+02
4.110000e-06	5.077499e-06	2.144913e-09	3.615420e+01	1.408669e+02
4.120000e-06	5.061235e-06	2.155620e-09	3.603839e+01	1.407844e+02
4.130000e-06	5.044600e-06	2.167981e-09	3.591994e+01	1.406882e+02
4.140000e-06	5.027642e-06	2.085414e-09	3.579919e+01	1.405782e+02
4.150000e-06	5.010309e-06	2.099078e-09	3.567577e+01	1.404543e+02
4.160000e-06	4.992549e-06	2.161698e-09	3.554931e+01	1.403165e+02
4.170000e-06	4.974435e-06	2.141737e-09	3.542033e+01	1.401649e+02
4.180000e-06	4.956052e-06	2.100348e-09	3.528944e+01	1.399999e+02
4.190000e-06	4.937379e-06	2.150634e-09	3.515648e+01	1.398215e+02
4.200000e-06	4.918339e-06	2.156232e-09	3.502090e+01	1.396304e+02
4.210000e-06	4.898898e-06	2.115991e-09	3.488247e+01	1.394270e+02
4.220000e-06	4.879137e-06	2.090604e-09	3.474177e+01	1.392117e+02
4.230000e-06	4.859223e-06	2.094881e-09	3.459997e+01	1.389854e+02
4.240000e-06	4.839135e-06	2.100009e-09	3.445694e+01	1.387486e+02
4.250000e-06	4.818810e-06	2.116143e-09	3.431221e+01	1.385021e+02
4.260000e-06	4.798141e-06	2.101663e-09	3.416504e+01	1.382467e+02
4.270000e-06	4.776926e-06	2.094106e-09	3.401397e+01	1.379834e+02
4.280000e-06	4.755105e-06	2.116875e-09	3.385860e+01	1.377129e+02
4.290000e-06	4.732728e-06	2.117004e-09	3.369926e+01	1.374362e+02
4.300000e-06	4.709803e-06	2.082648e-09	3.353603e+01	1.371542e+02
4.310000e-06	4.686412e-06	2.070841e-09	3.336947e+01	1.368678e+02
4.320000e-06	4.662777e-06	2.071912e-09	3.320118e+01	1.365780e+02
4.330000e-06	4.638963e-06	2.069206e-09	3.303161e+01	1.362856e+02
4.340000e-06	4.614876e-06	2.065607e-09	3.286010e+01	1.359916e+02
4.350000e-06	4.590513e-06	2.044735e-09	3.268662e+01	1.356967e+02
4.360000e-06	4.565863e-06	2.037487e-09	3.251110e+01	1.354018e+02
4.370000e-06	4.540881e-06	2.061360e-09	3.233322e+01	1.351076e+02
4.380000e-06	4.515603e-06	2.062164e-09	3.215323e+01	1.348149e+02
4.390000e-06	4.490002e-06	2.030593e-09	3.197094e+01	1.345242e+02
4.400000e-06	4.464124e-06	2.029711e-09	3.178667e+01	1.342361e+02
4.410000e-06	4.437995e-06	2.040500e-09	3.160063e+01	1.339511e+02
4.420000e-06	4.411486e-06	2.033603e-09	3.141187e+01	1.336696e+02
4.430000e-06	4.384651e-06	2.013107e-09	3.122079e+01	1.333920e+02
4.440000e-06	4.357560e-06	2.006580e-09	3.102789e+01	1.331184e+02
4.450000e-06	4.330171e-06	2.012163e-09	3.083286e+01	1.328489e+02
4.460000e-06	4.302508e-06	2.025163e-09	3.063589e+01	1.325838e+02
4.470000e-06	4.274644e-06	2.016387e-09	3.043749e+01	1.323228e+02
4.480000e-06	4.246621e-06	2.008442e-09	3.023795e+01	1.320660e+02
4.490000e-06	4.218445e-06	2.014901e-09	3.003733e+01	1.318130e+02
4.500000e-06	4.190051e-06	2.021376e-09	2.983515e+01	1.315637e+02
4.510000e-06	4.161290e-06	2.006781e-09	2.963035e+01	1.313176e+02
4.520000e-06	4.132089e-06	1.994194e-09	2.942243e+01	1.310743e+02
4.530000e-06	4.102261e-06	1.990347e-09	2.921004e+01	1.308334e+02
4.540000e-06	4.071851e-06	1.998228e-09	2.899351e+01	1.305942e+02
4.550000e-06	4.041088e-06	1.998378e-09	2.877446e+01	1.303563e+02
4.560000e-06	4.010027e-06	1.988091e-09	2.855329e+01	1.301188e+02
4.570000e-06	3.978556e-06	1.980424e-09	2.832921e+01	1.298811e+02
4.580000e-06	3.946764e-06	1.984553e-09	2.810283e+01	1.296426e+02
4.590000e-06	3.914896e-06	1.981850e-09	2.787592e+01	1.294024e+02
4.600000e-06	3.882928e-06	1.967651e-09	2.764829e+01	1.291599e+02
4.610000e-06	3.850781e-06	1.953734e-09	2.741938e+01	1.289142e+02
4.620000e-06	3.818403e-06	1.953053e-09	2.718883e+01	1.286646e+02
4.630000e-06	3.785700e-06	1.956654e-09	2.695598e+01	1.284105e+02
4.640000e-06	3.752729e-06	1.946876e-09	2.672120e+01	1.281511e+02
4.650000e-06	3.719571e-06	1.933167e-09	2.648511e+01	1.278858e+02
4.660000e-06	3.686129e-06	1.932215e-09	2.624699e+01	1.276139e+02
4.670000e-06	3.652368e-06	1.939281e-09	2.600659e+01	1.273348e+02
4.680000e-06	3.618394e-06	1.933873e-09	2.576468e+01	1.270480e+02
4.690000e-06	3.584143e-06	1.920092e-09	2.552080e+01	1.267531e+02
4.700000e-06	3.549549e-06	1.913805e-09	2.527447e+01	1.264497e+02
4.710000e-06	3.514752e-06	1.916959e-09	2.502670e+01	1.261374e+02
4.720000e-06	3.479797e-06	1.911282e-09	2.477780e+01	1.258159e+02
4.730000e-06	3.444623e-06	1.899463e-09	2.452735e+01	1.254851e+02
4.740000e-06	3.409152e-06	1.892706e-09	2.427478e+01	1.251449e+02
4.750000e-06	3.373463e-06	1.897593e-09	2.402065e+01	1.247952e+02
4.760000e-06	3.337648e-06	1.897787e-09	2.376564e+01	1.244360e+02
4.770000e-06	3.301719e-06	1.889021e-09	2.350980e+01	1.240675e+02
4.780000e-06	3.265685e-06	1.876824e-09	2.325322e+01	1.236899e+02
4.790000e-06	3.229533e-06	1.872016e-09	2.299581e+01	1.233034e+02
4.800000e-06	3.193198e-06	1.867517e-09	2.273708e+01	1.229083e+02
4.810000e-06	3.156628e-06	1.859903e-09	2.247669e+01	1.225050e+02
4.820000e-06	3.119704e-06	1.851401e-09	2.221377e+01	1.220939e+02
4.830000e-06	3.082345e-06	1.850704e-09	2.194776e+01	1.216756e+02
4.840000e-06	3.044637e-06	1.850917e-09	2.167926e+01	1.212504e+02
4.850000e-06	3.006597e-06	1.843660e-09	2.140840e+01	1.208191e+02
4.860000e-06	2.968162e-06	1.831254e-09	2.113472e+01	1.203821e+02
4.870000e-06	2.929356e-06	1.826453e-09	2.085840e+01	1.199400e+02
4.880000e-06	2.890235e-06	1.827650e-09	2.057984e+01	1.194935e+02
4.890000e-06	2.850781e-06	1.823586e-09	2.029891e+01	1.190432e+02
4.900000e-06	2.811112e-06	1.812247e-09	2.001645e+01	1.185896e+02
4.910000e-06	2.771364e-06	1.803808e-09	1.973342e+01	1.181333e+02
4.920000e-06	2.731552e-06	1.802053e-09	1.944995e+01	1.176750e+02
4.930000e-06	2.691679e-06	1.798950e-09	1.916603e+01	1.172151e+02
4.940000e-06	2.651685e-06	1.790370e-09	1.888125e+01	1.167541e+02
4.950000e-06	2.611573e-06	1.783602e-09	1.859564e+01	1.162924e+02
4.960000e-06	2.571332e-06	1.782898e-09	1.830910e+01	1.158305e+02
4.970000e-06	2.530871e-06	1.780169e-09	1.802100e+01	1.153687e+02
4.980000e-06	2.490191e-06	1.772493e-09	1.773134e+01	1.149073e+02
4.990000e-06	2.449347e-06	1.763231e-09	1.744051e+01	1.144464e+02
5.000000e-06	2.408353e-06	1.757345e-09	1.714861e+01	1.139862e+02
5.010000e-06	2.367238e-06	1.752410e-09	1.685585e+01	1.135267e+02
5.020000e-06	2.325972e-06	1.744071e-09	1.656202e+01	1.130680e+02
5.030000e-06	2.284497e-06	1.733652e-09	1.626670e+01	1.126099e+02
5.040000e-06	2.242872e-06	1.729338e-09	1.597031e+01	1.121523e+02
5.050000e-06	2.201156e-06	1.726738e-09	1.567328e+01	1.116949e+02
5.060000e-06	2.159257e-06	1.721965e-09	1.537494e+01	1.112373e+02
5.070000e-06	2.117138e-06	1.713608e-09	1.507502e+01	1.107793e+02
5.080000e-06	2.074917e-06	1.704738e-09	1.477439e+01	1.103202e+02
5.090000e-06	2.032649e-06	1.696415e-09	1.447342e+01	1.098596e+02
5.100000e-06	1.990246e-06	1.687299e-09	1.417150e+01	1.093970e+02
5.110000e-06	1.947642e-06	1.676823e-09	1.386813e+01	1.089315e+02
5.120000e-06	1.904849e-06	1.670150e-09	1.356342e+01	1.084626e+02
5.130000e-06	1.861953e-06	1.666017e-09	1.325799e+01	1.079895e+02
5.140000e-06	1.818894e-06	1.661540e-09	1.295138e+01	1.075114e+02
5.150000e-06	1.775586e-06	1.654526e-09	1.264301e+01	1.070275e+02
5.160000e-06	1.732142e-06	1.644876e-09	1.233367e+01	1.065369e+02
5.170000e-06	1.688644e-06	1.635419e-09	1.202395e+01	1.060389e+02
5.180000e-06	1.645057e-06	1.625882e-09	1.171359e+01	1.055325e+02
5.190000e-06	1.601312e-06	1.615715e-09	1.140210e+01	1.050169e+02
5.200000e-06	1.557511e-06	1.606649e-09	1.109021e+01	1.044912e+02
5.210000e-06	1.513707e-06	1.599078e-09	1.077831e+01	1.039547e+02
5.220000e-06	1.469836e-06	1.592510e-09	1.046593e+01	1.034064e+02
5.230000e-06	1.425913e-06	1.583683e-09	1.015317e+01	1.028455e+02
5.240000e-06	1.381970e-06	1.574640e-09	9.840279e+00	1.022714e+02
5.250000e-06	1.337998e-06	1.566669e-09	9.527179e+00	1.016833e+02
5.260000e-06	1.293969e-06	1.560478e-09	9.213673e+00	1.010804e+02
5.270000e-06	1.249893e-06	1.553290e-09	8.899827e+00	1.004622e+02
5.280000e-06	1.205799e-06	1.543185e-09	8.585856e+00	9.982793e+01
5.290000e-06	1.161612e-06	1.531766e-09	8.271231e+00	9.917717e+01
5.300000e-06	1.117372e-06	1.520944e-09	7.956216e+00	9.850936e+01
5.310000e-06	1.073108e-06	1.507869e-09	7.641035e+00	9.782404e+01
5.320000e-06	1.028724e-06	1.492817e-09	7.325004e+00	9.712080e+01
5.330000e-06	9.842232e-07	1.480848e-09	7.008135e+00	9.639926e+01
5.340000e-06	9.396659e-07	1.473101e-09	6.690866e+00	9.565910e+01
5.350000e-06	8.950655e-07	1.465728e-09	6.373290e+00	9.490004e+01
5.360000e-06	8.503829e-07	1.455259e-09	6.055129e+00	9.412183e+01
5.370000e-06	8.056460e-07	1.445195e-09	5.736581e+00	9.332425e+01
5.380000e-06	7.608366e-07	1.433678e-09	5.417517e+00	9.250712e+01
5.390000e-06	7.159373e-07	1.418487e-09	5.097813e+00	9.167026e+01
5.400000e-06	6.710336e-07	1.401930e-09	4.778077e+00	9.081352e+01
5.410000e-06	6.260652e-07	1.387231e-09	4.457881e+00	8.993677e+01
5.420000e-06	5.810111e-07	1.373503e-09	4.137074e+00	8.903984e+01
5.430000e-06	5.359801e-07	1.360051e-09	3.816432e+00	8.812259e+01
5.440000e-06	4.909126e-07	1.344918e-09	3.495530e+00	8.718486e+01
5.450000e-06	4.458485e-07	1.330733e-09	3.174653e+00	8.622645e+01
5.460000e-06	4.008513e-07	1.317049e-09	2.854251e+00	8.524716e+01
5.470000e-06	3.558098e-07	1.302988e-09	2.533534e+00	8.424672e+01
5.480000e-06	3.106604e-07	1.288725e-09	2.212049e+00	8.322486e+01
5.490000e-06	2.653309e-07	1.274504e-09	1.889281e+00	8.218123e+01
5.500000e-06	2.199152e-07	1.258566e-09	1.565900e+00	8.111543e+01
5.510000e-06	1.744995e-07	1.241770e-09	1.242519e+00	8.002701e+01
5.520000e-06	1.290355e-07	1.224934e-09	9.187940e-01	7.891546e+01
5.530000e-06	8.352892e-08	1.207917e-09	5.947655e-01	7.778019e+01
5.540000e-06	3.807534e-08	1.190864e-09	2.711144e-01	7.662055e+01
5.550000e-06	-7.215395e-09	1.176268e-09	-5.137703e-02	7.543582e+01
5.560000e-06	-5.245980e-08	1.163606e-09	-3.735386e-01	7.422519e+01
5.570000e-06	-9.774458e-08	1.150046e-09	-6.959877e-01	7.298781e+01
5.580000e-06	-1.430106e-07	1.131215e-09	-1.018303e+00	7.172273e+01
5.590000e-06	-1.882164e-07	1.109014e-09	-1.340190e+00	7.042895e+01
5.600000e-06	-2.333865e-07	1.085656e-09	-1.661822e+00	6.910542e+01
5.610000e-06	-2.785071e-07	1.061984e-09	-1.983103e+00	6.775099e+01
5.620000e-06	-3.235996e-07	1.039165e-09	-2.304182e+00	6.636450e+01
5.630000e-06	-3.686916e-07	1.015747e-09	-2.625259e+00	6.494471e+01
5.640000e-06	-4.137957e-07	9.931762e-10	-2.946422e+00	6.349038e+01
5.650000e-06	-4.588584e-07	9.733012e-10	-3.267289e+00	6.200020e+01
5.660000e-06	-5.038774e-07	9.547707e-10	-3.587846e+00	6.047288e+01
5.670000e-06	-5.488104e-07	9.350224e-10	-3.907790e+00	5.890710e+01
5.680000e-06	-5.935635e-07	9.108737e-10	-4.226453e+00	5.730155e+01
5.690000e-06	-6.382778e-07	8.832133e-10	-4.544840e+00	5.565494e+01
5.700000e-06	-6.830255e-07	8.548028e-10	-4.863465e+00	5.396600e+01
5.710000e-06	-7.276803e-07	8.247129e-10	-5.181428e+00	5.223350e+01
5.720000e-06	-7.722609e-07	7.972388e-10	-5.498863e+00	5.045629e+01
5.730000e-06	-8.168703e-07	7.751148e-10	-5.816503e+00	4.863326e+01
5.740000e-06	-8.614597e-07	7.567719e-10	-6.134001e+00	4.676340e+01
5.750000e-06	-9.059598e-07	7.363112e-10	-6.450863e+00	4.484579e+01
5.760000e-06	-9.503490e-07	7.092404e-10	-6.766935e+00	4.287962e+01
5.770000e-06	-9.946881e-07	6.756740e-10	-7.082650e+00	4.086420e+01
5.780000e-06	-1.039000e-06	6.393071e-10	-7.398175e+00	3.879899e+01
5.790000e-06	-1.083241e-06	6.000979e-10	-7.713188e+00	3.668359e+01
5.800000e-06	-1.127441e-06	5.583508e-10	-8.027915e+00	3.451773e+01
5.810000e-06	-1.171616e-06	5.208301e-10	-8.342459e+00	3.230136e+01
5.820000e-06	-1.215729e-06	4.921200e-10	-8.656569e+00	3.003456e+01
5.830000e-06	-1.259786e-06	4.655253e-10	-8.970275e+00	2.771762e+01
5.840000e-06	-1.303805e-06	4.347625e-10	-9.283712e+00	2.535102e+01
5.850000e-06	-1.347766e-06	3.977878e-10	-9.596735e+00	2.293544e+01
5.860000e-06	-1.391649e-06	3.570046e-10	-9.909202e+00	2.047174e+01
5.870000e-06	-1.435528e-06	3.150877e-10	-1.022164e+01	1.796102e+01
5.880000e-06	-1.479407e-06	2.720090e-10	-1.053408e+01	1.540457e+01
5.890000e-06	-1.523232e-06	2.283399e-10	-1.084613e+01	1.280387e+01
5.900000e-06	-1.566984e-06	1.893472e-10	-1.115766e+01	1.016063e+01
5.910000e-06	-1.610598e-06	1.542372e-10	-1.146822e+01	7.476752e+00
5.920000e-06	-1.654090e-06	1.178771e-10	-1.177790e+01	4.754332e+00
5.930000e-06	-1.697478e-06	7.682686e-11	-1.208685e+01	1.995661e+00
5.940000e-06	-1.740757e-06	3.185126e-11	-1.239501e+01	-7.967868e-01
5.950000e-06	-1.783929e-06	-1.354976e-11	-1.270242e+01	-3.620365e+00
5.960000e-06	-1.826907e-06	-6.074174e-11	-1.300844e+01	-6.472261e+00
5.970000e-06	-1.869678e-06	-1.106036e-10	-1.331299e+01	-9.349510e+00
5.980000e-06	-1.912295e-06	-1.592997e-10	-1.361645e+01	-1.224901e+01
5.990000e-06	-1.954806e-06	-2.032240e-10	-1.391915e+01	-1.516752e+01
6.000000e-06	-1.997161e-06	-2.458130e-10	-1.422073e+01	-1.810171e+01
6.010000e-06	-2.039363e-06	-2.932585e-10	-1.452123e+01	-2.104814e+01
6.020000e-06	-2.081458e-06	-3.450686e-10	-1.482096e+01	-2.400328e+01
6.030000e-06	-2.123494e-06	-3.963818e-10	-1.512029e+01	-2.696356e+01
6.040000e-06	-2.165415e-06	-4.463641e-10	-1.541878e+01	-2.992535e+01
6.050000e-06	-2.207126e-06	-4.953569e-10	-1.571579e+01	-3.288500e+01
6.060000e-06	-2.248750e-06	-5.444276e-10	-1.601217e+01	-3.583884e+01
6.070000e-06	-2.290211e-06	-5.917585e-10	-1.630739e+01	-3.878322e+01
6.080000e-06	-2.331453e-06	-6.364114e-10	-1.660105e+01	-4.171450e+01
6.090000e-06	-2.372499e-06	-6.803249e-10	-1.689332e+01	-4.462909e+01
6.100000e-06	-2.413430e-06	-7.262965e-10	-1.718477e+01	-4.752347e+01
6.110000e-06	-2.454179e-06	-7.750357e-10	-1.747492e+01	-5.039419e+01
6.120000e-06	-2.494639e-06	-8.236914e-10	-1.776301e+01	-5.323788e+01
6.130000e-06	-2.535024e-06	-8.671510e-10	-1.805057e+01	-5.605130e+01
6.140000e-06	-2.575358e-06	-9.076793e-10	-1.833777e+01	-5.883131e+01
6.150000e-06	-2.615552e-06	-9.496201e-10	-1.862397e+01	-6.157492e+01
6.160000e-06	-2.655608e-06	-9.925584e-10	-1.890919e+01	-6.427928e+01
6.170000e-06	-2.695543e-06	-1.033221e-09	-1.919354e+01	-6.694170e+01
6.180000e-06	-2.735385e-06	-1.073460e-09	-1.947724e+01	-6.955965e+01
6.190000e-06	-2.775117e-06	-1.114164e-09	-1.976015e+01	-7.213081e+01
6.200000e-06	-2.814710e-06	-1.153933e-09	-2.004207e+01	-7.465299e+01
6.210000e-06	-2.854161e-06	-1.192269e-09	-2.032298e+01	-7.712423e+01
6.220000e-06	-2.893381e-06	-1.229006e-09	-2.060224e+01	-7.954275e+01
6.230000e-06	-2.932326e-06	-1.264563e-09	-2.087955e+01	-8.190697e+01
6.240000e-06	-2.970920e-06	-1.300542e-09	-2.115436e+01	-8.421551e+01
6.250000e-06	-3.009093e-06	-1.336153e-09	-2.142617e+01	-8.646718e+01
6.260000e-06	-3.046832e-06	-1.368927e-09	-2.169489e+01	-8.866101e+01
6.270000e-06	-3.084216e-06	-1.400323e-09	-2.196108e+01	-9.079619e+01
6.280000e-06	-3.121210e-06	-1.431576e-09	-2.222450e+01	-9.287215e+01
6.290000e-06	-3.157836e-06	-1.464705e-09	-2.248529e+01	-9.488847e+01
6.300000e-06	-3.194277e-06	-1.497456e-09	-2.274477e+01	-9.684492e+01
6.310000e-06	-3.230488e-06	-1.527746e-09	-2.300260e+01	-9.874147e+01
6.320000e-06	-3.266510e-06	-1.555282e-09	-2.325909e+01	-1.005782e+02
6.330000e-06	-3.302428e-06	-1.580785e-09	-2.351485e+01	-1.023555e+02
6.340000e-06	-3.338281e-06	-1.606828e-09	-2.377014e+01	-1.040736e+02
6.350000e-06	-3.374021e-06	-1.633625e-09	-2.402463e+01	-1.057333e+02
6.360000e-06	-3.409556e-06	-1.656911e-09	-2.427765e+01	-1.073352e+02
6.370000e-06	-3.444906e-06	-1.675861e-09	-2.452936e+01	-1.088801e+02
6.380000e-06	-3.479998e-06	-1.695099e-09	-2.477923e+01	-1.103689e+02
6.390000e-06	-3.514743e-06	-1.716599e-09	-2.502663e+01	-1.118028e+02
6.400000e-06	-3.549175e-06	-1.737746e-09	-2.527181e+01	-1.131828e+02
6.410000e-06	-3.583413e-06	-1.756322e-09	-2.551560e+01	-1.145101e+02
6.420000e-06	-3.617473e-06	-1.773463e-09	-2.575812e+01	-1.157860e+02
6.430000e-06	-3.651269e-06	-1.792116e-09	-2.599876e+01	-1.170118e+02
6.440000e-06	-3.684848e-06	-1.810090e-09	-2.623786e+01	-1.181889e+02
6.450000e-06	-3.718222e-06	-1.824984e-09	-2.647550e+01	-1.193187e+02
6.460000e-06	-3.751320e-06	-1.840109e-09	-2.671118e+01	-1.204026e+02
6.470000e-06	-3.784166e-06	-1.856993e-09	-2.694505e+01	-1.214420e+02
6.480000e-06	-3.816682e-06	-1.875667e-09	-2.717658e+01	-1.224385e+02
6.490000e-06	-3.848870e-06	-1.894810e-09	-2.740578e+01	-1.233934e+02
6.500000e-06	-3.880902e-06	-1.908931e-09	-2.763386e+01	-1.243082e+02
6.510000e-06	-3.912752e-06	-1.918428e-09	-2.786065e+01	-1.251843e+02
6.520000e-06	-3.944434e-06	-1.928126e-09	-2.808624e+01	-1.260232e+02
6.530000e-06	-3.975887e-06	-1.939710e-09	-2.831020e+01	-1.268262e+02
6.540000e-06	-4.006952e-06	-1.952109e-09	-2.853140e+01	-1.275947e+02
6.550000e-06	-4.037656e-06	-1.964619e-09	-2.875003e+01	-1.283300e+02
6.560000e-06	-4.067886e-06	-1.977800e-09	-2.896527e+01	-1.290334e+02
6.570000e-06	-4.097642e-06	-1.991802e-09	-2.917715e+01	-1.297061e+02
6.580000e-06	-4.126970e-06	-2.003336e-09	-2.938598e+01	-1.303495e+02
6.590000e-06	-4.155824e-06	-2.008294e-09	-2.959143e+01	-1.309645e+02
6.600000e-06	-4.184347e-06	-2.009695e-09	-2.979453e+01	-1.315524e+02
6.610000e-06	-4.212659e-06	-2.013242e-09	-2.999613e+01	-1.321143e+02
6.620000e-06	-4.240783e-06	-2.021521e-09	-3.019638e+01	-1.326512e+02
6.630000e-06	-4.268678e-06	-2.032894e-09	-3.039501e+01	-1.331640e+02
6.640000e-06	-4.296358e-06	-2.044622e-09	-3.059210e+01	-1.336539e+02
6.650000e-06	-4.323744e-06	-2.054704e-09	-3.078710e+01	-1.341217e+02
6.660000e-06	-4.350787e-06	-2.061990e-09	-3.097966e+01	-1.345682e+02
6.670000e-06	-4.377565e-06	-2.066686e-09	-3.117034e+01	-1.349944e+02
6.680000e-06	-4.404093e-06	-2.068687e-09	-3.135923e+01	-1.354012e+02
6.690000e-06	-4.430356e-06	-2.068116e-09	-3.154623e+01	-1.357892e+02
6.700000e-06	-4.456321e-06	-2.068948e-09	-3.173111e+01	-1.361592e+02
6.710000e-06	-4.481917e-06	-2.075084e-09	-3.191337e+01	-1.365121e+02
6.720000e-06	-4.507079e-06	-2.085840e-09	-3.209254e+01	-1.368485e+02
6.730000e-06	-4.531939e-06	-2.097201e-09	-3.226955e+01	-1.371691e+02
6.740000e-06	-4.556570e-06	-2.106070e-09	-3.244494e+01	-1.374746e+02
6.750000e-06	-4.580920e-06	-2.112193e-09	-3.261832e+01	-1.377657e+02
6.760000e-06	-4.605024e-06	-2.114936e-09	-3.278995e+01	-1.380430e+02
6.770000e-06	-4.628979e-06	-2.113279e-09	-3.296052e+01	-1.383070e+02
6.780000e-06	-4.652712e-06	-2.111706e-09	-3.312951e+01	-1.385585e+02
6.790000e-06	-4.676044e-06	-2.115357e-09	-3.329565e+01	-1.387979e+02
6.800000e-06	-4.699031e-06	-2.123085e-09	-3.345933e+01	-1.390259e+02
6.810000e-06	-4.721599e-06	-2.131068e-09	-3.362002e+01	-1.392430e+02
6.820000e-06	-4.743632e-06	-2.137049e-09	-3.377690e+01	-1.394497e+02
6.830000e-06	-4.765072e-06	-2.140961e-09	-3.392957e+01	-1.396466e+02
6.840000e-06	-4.785929e-06	-2.141170e-09	-3.407808e+01	-1.398341e+02
6.850000e-06	-4.806428e-06	-2.137407e-09	-3.422404e+01	-1.400127e+02
6.860000e-06	-4.826625e-06	-2.134147e-09	-3.436785e+01	-1.401828e+02
6.870000e-06	-4.846577e-06	-2.134984e-09	-3.450993e+01	-1.403449e+02
6.880000e-06	-4.866388e-06	-2.139184e-09	-3.465099e+01	-1.404994e+02
6.890000e-06	-4.885932e-06	-2.144080e-09	-3.479015e+01	-1.406467e+02
6.900000e-06	-4.905172e-06	-2.148269e-09	-3.492714e+01	-1.407870e+02
6.910000e-06	-4.924085e-06	-2.153389e-09	-3.506182e+01	-1.409207e+02
6.920000e-06	-4.942579e-06	-2.158567e-09	-3.519350e+01	-1.410482e+02
6.930000e-06	-4.960711e-06	-2.159409e-09	-3.532261e+01	-1.411696e+02
6.940000e-06	-4.978598e-06	-2.156446e-09	-3.544997e+01	-1.412852e+02
6.950000e-06	-4.996252e-06	-2.153806e-09	-3.557568e+01	-1.413952e+02
6.960000e-06	-5.013469e-06	-2.152654e-09	-3.569827e+01	-1.414997e+02
6.970000e-06	-5.030281e-06	-2.153221e-09	-3.581798e+01	-1.415990e+02
6.980000e-06	-5.046843e-06	-2.154667e-09	-3.593591e+01	-1.416930e+02
6.990000e-06	-5.063118e-06	-2.157484e-09	-3.605180e+01	-1.417818e+02
7.000000e-06	-5.079162e-06	-2.162548e-09	-3.616604e+01	-1.418655e+02
7.010000e-06	-5.094966e-06	-2.165928e-09	-3.627857e+01	-1.419442e+02
7.020000e-06	-5.110433e-06	-2.164546e-09	-3.638870e+01	-1.420176e+02
7.030000e-06	-5.125460e-06	-2.159239e-09	-3.649570e+01	-1.420860e+02
7.040000e-06	-5.139877e-06	-2.154807e-09	-3.659836e+01	-1.421490e+02
7.050000e-06	-5.153569e-06	-2.153472e-09	-3.669585e+01	-1.422068e+02
7.060000e-06	-5.166629e-06	-2.153364e-09	-3.678885e+01	-1.422590e+02
7.070000e-06	-5.179287e-06	-2.153865e-09	-3.687897e+01	-1.423058e+02
7.080000e-06	-5.191655e-06	-2.155619e-09	-3.696704e+01	-1.423468e+02
7.090000e-06	-5.203688e-06	-2.156733e-09	-3.705272e+01	-1.423821e+02
7.100000e-06	-5.215369e-06	-2.156790e-09	-3.713589e+01	-1.424113e+02
7.110000e-06	-5.226656e-06	-2.155699e-09	-3.721626e+01	-1.424345e+02
7.120000e-06	-5.237531e-06	-2.153890e-09	-3.729370e+01	-1.424515e+02
7.130000e-06	-5.248049e-06	-2.153848e-09	-3.736859e+01	-1.424621e+02
7.140000e-06	-5.258201e-06	-2.153763e-09	-3.744088e+01	-1.424662e+02
7.150000e-06	-5.267978e-06	-2.153188e-09	-3.751050e+01	-1.424639e+02
7.160000e-06	-5.277352e-06	-2.152499e-09	-3.757725e+01	-1.424550e+02
7.170000e-06	-5.286300e-06	-2.151148e-09	-3.764096e+01	-1.424394e+02
7.180000e-06	-5.294856e-06	-2.148705e-09	-3.770188e+01	-1.424173e+02
7.190000e-06	-5.303123e-06	-2.146887e-09	-3.776074e+01	-1.423885e+02
7.200000e-06	-5.311152e-06	-2.149297e-09	-3.781792e+01	-1.423533e+02
7.210000e-06	-5.318985e-06	-2.154260e-09	-3.787369e+01	-1.423117e+02
7.220000e-06	-5.326632e-06	-2.156365e-09	-3.792814e+01	-1.422638e+02
7.230000e-06	-5.333881e-06	-2.153787e-09	-3.797976e+01	-1.422099e+02
7.240000e-06	-5.340624e-06	-2.151074e-09	-3.802777e+01	-1.421503e+02
7.250000e-06	-5.346831e-06	-2.152831e-09	-3.807197e+01	-1.420851e+02
7.260000e-06	-5.352328e-06	-2.154837e-09	-3.811111e+01	-1.420148e+02
7.270000e-06	-5.357122e-06	-2.151882e-09	-3.814525e+01	-1.419398e+02
7.280000e-06	-5.361511e-06	-2.147761e-09	-3.817650e+01	-1.418604e+02
7.290000e-06	-5.365720e-06	-2.147176e-09	-3.820647e+01	-1.417772e+02
7.300000e-06	-5.369704e-06	-2.146737e-09	-3.823483e+01	-1.416906e+02
7.310000e-06	-5.373413e-06	-2.142757e-09	-3.826125e+01	-1.416012e+02
7.320000e-06	-5.376806e-06	-2.137728e-09	-3.828540e+01	-1.415096e+02
7.330000e-06	-5.379866e-06	-2.136003e-09	-3.830719e+01	-1.414163e+02
7.340000e-06	-5.382533e-06	-2.139346e-09	-3.832618e+01	-1.413222e+02
7.350000e-06	-5.384882e-06	-2.142280e-09	-3.834291e+01	-1.412277e+02
7.360000e-06	-5.386984e-06	-2.140171e-09	-3.835788e+01	-1.411335e+02
7.370000e-06	-5.388695e-06	-2.135516e-09	-3.837006e+01	-1.410404e+02
7.380000e-06	-5.389917e-06	-2.132066e-09	-3.837876e+01	-1.409490e+02
7.390000e-06	-5.390756e-06	-2.129879e-09	-3.838474e+01	-1.408599e+02
7.400000e-06	-5.391306e-06	-2.127373e-09	-3.838865e+01	-1.407739e+02
