# Temperatura_=_24.055238095238096
# Concentracion g/m^3_=_2000.0
# C_Vs_to_Am_M_A/Vsm_=_65563218390.804596
# pendiente_HvsI_1/m_=_3716.3
# ordenada_HvsI_A/m_=_1297.0
# frecuencia_Hz_=_135034.25410511618
# Promedio de 21 ciclos

Tiempo_(s)	Campo_(V.s)	Magnetizacion_(V.s)	Campo_(kA/m)	Magnetizacion_(A/m)
0.000000e+00	-5.349590e-09	-1.108776e-09	-3.841507e+01	-7.383378e+01
1.000000e-08	-5.349721e-09	-1.111593e-09	-3.841602e+01	-7.379865e+01
2.000000e-08	-5.349643e-09	-1.118952e-09	-3.841546e+01	-7.375918e+01
3.000000e-08	-5.349279e-09	-1.124843e-09	-3.841284e+01	-7.371555e+01
4.000000e-08	-5.348533e-09	-1.124310e-09	-3.840748e+01	-7.366797e+01
5.000000e-08	-5.347272e-09	-1.114610e-09	-3.839843e+01	-7.361665e+01
6.000000e-08	-5.345418e-09	-1.095263e-09	-3.838512e+01	-7.356183e+01
7.000000e-08	-5.342958e-09	-1.093271e-09	-3.836745e+01	-7.350374e+01
8.000000e-08	-5.339885e-09	-1.127353e-09	-3.834539e+01	-7.344265e+01
9.000000e-08	-5.336282e-09	-1.155890e-09	-3.831951e+01	-7.337880e+01
1.000000e-07	-5.332287e-09	-1.137685e-09	-3.829082e+01	-7.331248e+01
1.100000e-07	-5.328047e-09	-1.123176e-09	-3.826038e+01	-7.324394e+01
1.200000e-07	-5.323659e-09	-1.127937e-09	-3.822887e+01	-7.317345e+01
1.300000e-07	-5.319013e-09	-1.147027e-09	-3.819550e+01	-7.310129e+01
1.400000e-07	-5.313944e-09	-1.114366e-09	-3.815910e+01	-7.302772e+01
1.500000e-07	-5.308475e-09	-1.086771e-09	-3.811983e+01	-7.295299e+01
1.600000e-07	-5.302693e-09	-1.094848e-09	-3.807831e+01	-7.287736e+01
1.700000e-07	-5.296529e-09	-1.130113e-09	-3.803405e+01	-7.280107e+01
1.800000e-07	-5.289893e-09	-1.142341e-09	-3.798640e+01	-7.272435e+01
1.900000e-07	-5.282862e-09	-1.132985e-09	-3.793591e+01	-7.264740e+01
2.000000e-07	-5.275569e-09	-1.131225e-09	-3.788354e+01	-7.257043e+01
2.100000e-07	-5.268061e-09	-1.125073e-09	-3.782963e+01	-7.249363e+01
2.200000e-07	-5.260304e-09	-1.124309e-09	-3.777392e+01	-7.241714e+01
2.300000e-07	-5.252271e-09	-1.123660e-09	-3.771624e+01	-7.234112e+01
2.400000e-07	-5.243903e-09	-1.132785e-09	-3.765615e+01	-7.226568e+01
2.500000e-07	-5.234996e-09	-1.126501e-09	-3.759219e+01	-7.219093e+01
2.600000e-07	-5.225414e-09	-1.134195e-09	-3.752338e+01	-7.211693e+01
2.700000e-07	-5.215245e-09	-1.144103e-09	-3.745036e+01	-7.204374e+01
2.800000e-07	-5.204567e-09	-1.135775e-09	-3.737368e+01	-7.197140e+01
2.900000e-07	-5.193415e-09	-1.112800e-09	-3.729360e+01	-7.189989e+01
3.000000e-07	-5.181835e-09	-1.121025e-09	-3.721044e+01	-7.182921e+01
3.100000e-07	-5.169867e-09	-1.126121e-09	-3.712451e+01	-7.175931e+01
3.200000e-07	-5.157538e-09	-1.124290e-09	-3.703597e+01	-7.169013e+01
3.300000e-07	-5.144844e-09	-1.122867e-09	-3.694482e+01	-7.162158e+01
3.400000e-07	-5.131772e-09	-1.125793e-09	-3.685095e+01	-7.155354e+01
3.500000e-07	-5.118310e-09	-1.109177e-09	-3.675428e+01	-7.148590e+01
3.600000e-07	-5.104479e-09	-1.111844e-09	-3.665495e+01	-7.141849e+01
3.700000e-07	-5.090273e-09	-1.127159e-09	-3.655295e+01	-7.135117e+01
3.800000e-07	-5.075586e-09	-1.123134e-09	-3.644748e+01	-7.128373e+01
3.900000e-07	-5.060283e-09	-1.109333e-09	-3.633759e+01	-7.121600e+01
4.000000e-07	-5.044383e-09	-1.121767e-09	-3.622342e+01	-7.114775e+01
4.100000e-07	-5.028036e-09	-1.131674e-09	-3.610603e+01	-7.107877e+01
4.200000e-07	-5.011345e-09	-1.114923e-09	-3.598617e+01	-7.100884e+01
4.300000e-07	-4.994372e-09	-1.102733e-09	-3.586428e+01	-7.093770e+01
4.400000e-07	-4.977130e-09	-1.103407e-09	-3.574047e+01	-7.086513e+01
4.500000e-07	-4.959596e-09	-1.103639e-09	-3.561456e+01	-7.079087e+01
4.600000e-07	-4.941744e-09	-1.104166e-09	-3.548637e+01	-7.071468e+01
4.700000e-07	-4.923539e-09	-1.108501e-09	-3.535564e+01	-7.063632e+01
4.800000e-07	-4.904929e-09	-1.105158e-09	-3.522200e+01	-7.055554e+01
4.900000e-07	-4.885900e-09	-1.109365e-09	-3.508535e+01	-7.047210e+01
5.000000e-07	-4.866529e-09	-1.115676e-09	-3.494625e+01	-7.038576e+01
5.100000e-07	-4.846894e-09	-1.107631e-09	-3.480525e+01	-7.029631e+01
5.200000e-07	-4.827042e-09	-1.089446e-09	-3.466270e+01	-7.020353e+01
5.300000e-07	-4.806985e-09	-1.087535e-09	-3.451867e+01	-7.010720e+01
5.400000e-07	-4.786675e-09	-1.088738e-09	-3.437283e+01	-7.000714e+01
5.500000e-07	-4.766031e-09	-1.087785e-09	-3.422458e+01	-6.990315e+01
5.600000e-07	-4.745006e-09	-1.083512e-09	-3.407360e+01	-6.979507e+01
5.700000e-07	-4.723632e-09	-1.083496e-09	-3.392012e+01	-6.968275e+01
5.800000e-07	-4.701953e-09	-1.085626e-09	-3.376444e+01	-6.956604e+01
5.900000e-07	-4.679978e-09	-1.088164e-09	-3.360664e+01	-6.944481e+01
6.000000e-07	-4.657693e-09	-1.076989e-09	-3.344662e+01	-6.931896e+01
6.100000e-07	-4.635094e-09	-1.068136e-09	-3.328433e+01	-6.918839e+01
6.200000e-07	-4.612150e-09	-1.070851e-09	-3.311957e+01	-6.905303e+01
6.300000e-07	-4.588863e-09	-1.073653e-09	-3.295235e+01	-6.891280e+01
6.400000e-07	-4.565305e-09	-1.066348e-09	-3.278318e+01	-6.876766e+01
6.500000e-07	-4.541545e-09	-1.060167e-09	-3.261256e+01	-6.861757e+01
6.600000e-07	-4.517588e-09	-1.054017e-09	-3.244053e+01	-6.846251e+01
6.700000e-07	-4.493374e-09	-1.049727e-09	-3.226665e+01	-6.830248e+01
6.800000e-07	-4.468832e-09	-1.047771e-09	-3.209042e+01	-6.813748e+01
6.900000e-07	-4.443859e-09	-1.046200e-09	-3.191109e+01	-6.796752e+01
7.000000e-07	-4.418387e-09	-1.045511e-09	-3.172818e+01	-6.779263e+01
7.100000e-07	-4.392416e-09	-1.049358e-09	-3.154168e+01	-6.761284e+01
7.200000e-07	-4.365957e-09	-1.048632e-09	-3.135168e+01	-6.742820e+01
7.300000e-07	-4.339056e-09	-1.038253e-09	-3.115851e+01	-6.723874e+01
7.400000e-07	-4.311810e-09	-1.028366e-09	-3.096286e+01	-6.704454e+01
7.500000e-07	-4.284278e-09	-1.023116e-09	-3.076515e+01	-6.684564e+01
7.600000e-07	-4.256513e-09	-1.020198e-09	-3.056577e+01	-6.664210e+01
7.700000e-07	-4.228566e-09	-1.018119e-09	-3.036509e+01	-6.643399e+01
7.800000e-07	-4.200439e-09	-1.019247e-09	-3.016311e+01	-6.622137e+01
7.900000e-07	-4.172078e-09	-1.023105e-09	-2.995945e+01	-6.600431e+01
8.000000e-07	-4.143419e-09	-1.027761e-09	-2.975365e+01	-6.578286e+01
8.100000e-07	-4.114432e-09	-1.022662e-09	-2.954549e+01	-6.555708e+01
8.200000e-07	-4.085143e-09	-1.010594e-09	-2.933518e+01	-6.532702e+01
8.300000e-07	-4.055573e-09	-9.997408e-10	-2.912283e+01	-6.509274e+01
8.400000e-07	-4.025736e-09	-9.954706e-10	-2.890858e+01	-6.485427e+01
8.500000e-07	-3.995626e-09	-9.911180e-10	-2.869236e+01	-6.461166e+01
8.600000e-07	-3.965247e-09	-9.876599e-10	-2.847421e+01	-6.436493e+01
8.700000e-07	-3.934631e-09	-9.869897e-10	-2.825435e+01	-6.411411e+01
8.800000e-07	-3.903756e-09	-9.907860e-10	-2.803265e+01	-6.385921e+01
8.900000e-07	-3.872595e-09	-9.909415e-10	-2.780888e+01	-6.360024e+01
9.000000e-07	-3.841187e-09	-9.841411e-10	-2.758335e+01	-6.333719e+01
9.100000e-07	-3.809606e-09	-9.730093e-10	-2.735656e+01	-6.307007e+01
9.200000e-07	-3.777863e-09	-9.658961e-10	-2.712862e+01	-6.279884e+01
9.300000e-07	-3.745933e-09	-9.608562e-10	-2.689933e+01	-6.252350e+01
9.400000e-07	-3.713791e-09	-9.549953e-10	-2.666852e+01	-6.224399e+01
9.500000e-07	-3.681421e-09	-9.482306e-10	-2.643607e+01	-6.196028e+01
9.600000e-07	-3.648785e-09	-9.452816e-10	-2.620171e+01	-6.167232e+01
9.700000e-07	-3.615791e-09	-9.446208e-10	-2.596479e+01	-6.138005e+01
9.800000e-07	-3.582382e-09	-9.421064e-10	-2.572488e+01	-6.108340e+01
9.900000e-07	-3.548548e-09	-9.356597e-10	-2.548192e+01	-6.078232e+01
1.000000e-06	-3.514284e-09	-9.285753e-10	-2.523588e+01	-6.047671e+01
1.010000e-06	-3.479638e-09	-9.233368e-10	-2.498708e+01	-6.016651e+01
1.020000e-06	-3.444663e-09	-9.182395e-10	-2.473593e+01	-5.985162e+01
1.030000e-06	-3.409402e-09	-9.112355e-10	-2.448273e+01	-5.953195e+01
1.040000e-06	-3.373898e-09	-9.040202e-10	-2.422777e+01	-5.920741e+01
1.050000e-06	-3.338197e-09	-9.002445e-10	-2.397140e+01	-5.887790e+01
1.060000e-06	-3.302341e-09	-8.980812e-10	-2.371393e+01	-5.854332e+01
1.070000e-06	-3.266348e-09	-8.944291e-10	-2.345546e+01	-5.820355e+01
1.080000e-06	-3.230211e-09	-8.879715e-10	-2.319596e+01	-5.785851e+01
1.090000e-06	-3.193893e-09	-8.820193e-10	-2.293517e+01	-5.750807e+01
1.100000e-06	-3.157364e-09	-8.759922e-10	-2.267285e+01	-5.715212e+01
1.110000e-06	-3.120595e-09	-8.686344e-10	-2.240881e+01	-5.679056e+01
1.120000e-06	-3.083579e-09	-8.592630e-10	-2.214300e+01	-5.642327e+01
1.130000e-06	-3.046348e-09	-8.498557e-10	-2.187565e+01	-5.605014e+01
1.140000e-06	-3.008913e-09	-8.422371e-10	-2.160684e+01	-5.567104e+01
1.150000e-06	-2.971280e-09	-8.378040e-10	-2.133660e+01	-5.528585e+01
1.160000e-06	-2.933453e-09	-8.336834e-10	-2.106496e+01	-5.489446e+01
1.170000e-06	-2.895426e-09	-8.292143e-10	-2.079189e+01	-5.449674e+01
1.180000e-06	-2.857196e-09	-8.239418e-10	-2.051736e+01	-5.409257e+01
1.190000e-06	-2.818752e-09	-8.183342e-10	-2.024130e+01	-5.368182e+01
1.200000e-06	-2.780096e-09	-8.102511e-10	-1.996372e+01	-5.326435e+01
1.210000e-06	-2.741250e-09	-8.007024e-10	-1.968477e+01	-5.284002e+01
1.220000e-06	-2.702208e-09	-7.911694e-10	-1.940440e+01	-5.240871e+01
1.230000e-06	-2.662962e-09	-7.834217e-10	-1.912258e+01	-5.197027e+01
1.240000e-06	-2.623542e-09	-7.774112e-10	-1.883951e+01	-5.152454e+01
1.250000e-06	-2.583985e-09	-7.714939e-10	-1.855545e+01	-5.107137e+01
1.260000e-06	-2.544303e-09	-7.647876e-10	-1.827050e+01	-5.061061e+01
1.270000e-06	-2.504504e-09	-7.595363e-10	-1.798470e+01	-5.014208e+01
1.280000e-06	-2.464615e-09	-7.541811e-10	-1.769826e+01	-4.966562e+01
1.290000e-06	-2.424633e-09	-7.458729e-10	-1.741115e+01	-4.918103e+01
1.300000e-06	-2.384548e-09	-7.342643e-10	-1.712330e+01	-4.868815e+01
1.310000e-06	-2.344338e-09	-7.234768e-10	-1.683456e+01	-4.818676e+01
1.320000e-06	-2.303978e-09	-7.156585e-10	-1.654473e+01	-4.767668e+01
1.330000e-06	-2.263452e-09	-7.077653e-10	-1.625372e+01	-4.715768e+01
1.340000e-06	-2.222717e-09	-6.984855e-10	-1.596120e+01	-4.662956e+01
1.350000e-06	-2.181736e-09	-6.903342e-10	-1.566693e+01	-4.609209e+01
1.360000e-06	-2.140512e-09	-6.854739e-10	-1.537090e+01	-4.554504e+01
1.370000e-06	-2.099046e-09	-6.811051e-10	-1.507314e+01	-4.498818e+01
1.380000e-06	-2.057336e-09	-6.727103e-10	-1.477362e+01	-4.442125e+01
1.390000e-06	-2.015385e-09	-6.619607e-10	-1.447238e+01	-4.384402e+01
1.400000e-06	-1.973178e-09	-6.521388e-10	-1.416930e+01	-4.325623e+01
1.410000e-06	-1.930728e-09	-6.415048e-10	-1.386446e+01	-4.265764e+01
1.420000e-06	-1.888075e-09	-6.284035e-10	-1.355818e+01	-4.204797e+01
1.430000e-06	-1.845231e-09	-6.133540e-10	-1.325052e+01	-4.142698e+01
1.440000e-06	-1.802202e-09	-6.003391e-10	-1.294153e+01	-4.079440e+01
1.450000e-06	-1.759009e-09	-5.922378e-10	-1.263136e+01	-4.014999e+01
1.460000e-06	-1.715660e-09	-5.876098e-10	-1.232007e+01	-3.949349e+01
1.470000e-06	-1.672177e-09	-5.823277e-10	-1.200783e+01	-3.882465e+01
1.480000e-06	-1.628602e-09	-5.757139e-10	-1.169492e+01	-3.814325e+01
1.490000e-06	-1.584939e-09	-5.666524e-10	-1.138137e+01	-3.744904e+01
1.500000e-06	-1.541192e-09	-5.532863e-10	-1.106723e+01	-3.674181e+01
1.510000e-06	-1.497379e-09	-5.352262e-10	-1.075261e+01	-3.602135e+01
1.520000e-06	-1.453505e-09	-5.184976e-10	-1.043755e+01	-3.528747e+01
1.530000e-06	-1.409570e-09	-5.072058e-10	-1.012206e+01	-3.453999e+01
1.540000e-06	-1.365575e-09	-5.005633e-10	-9.806128e+00	-3.377877e+01
1.550000e-06	-1.321517e-09	-4.954458e-10	-9.489749e+00	-3.300366e+01
1.560000e-06	-1.277413e-09	-4.904610e-10	-9.173043e+00	-3.221454e+01
1.570000e-06	-1.233253e-09	-4.837785e-10	-8.855929e+00	-3.141134e+01
1.580000e-06	-1.189033e-09	-4.710822e-10	-8.538394e+00	-3.059399e+01
1.590000e-06	-1.144754e-09	-4.522824e-10	-8.220428e+00	-2.976245e+01
1.600000e-06	-1.100389e-09	-4.339757e-10	-7.901843e+00	-2.891672e+01
1.610000e-06	-1.055961e-09	-4.203516e-10	-7.582808e+00	-2.805683e+01
1.620000e-06	-1.011462e-09	-4.101628e-10	-7.263264e+00	-2.718284e+01
1.630000e-06	-9.668743e-10	-3.998157e-10	-6.943083e+00	-2.629483e+01
1.640000e-06	-9.222102e-10	-3.891506e-10	-6.622353e+00	-2.539294e+01
1.650000e-06	-8.774705e-10	-3.787134e-10	-6.301080e+00	-2.447732e+01
1.660000e-06	-8.326654e-10	-3.651402e-10	-5.979337e+00	-2.354818e+01
1.670000e-06	-7.878030e-10	-3.464907e-10	-5.657183e+00	-2.260576e+01
1.680000e-06	-7.429028e-10	-3.263855e-10	-5.334758e+00	-2.165033e+01
1.690000e-06	-6.979642e-10	-3.092964e-10	-5.012057e+00	-2.068220e+01
1.700000e-06	-6.529762e-10	-2.952306e-10	-4.689001e+00	-1.970171e+01
1.710000e-06	-6.079382e-10	-2.809219e-10	-4.365586e+00	-1.870925e+01
1.720000e-06	-5.628383e-10	-2.654654e-10	-4.041727e+00	-1.770525e+01
1.730000e-06	-5.176905e-10	-2.521530e-10	-3.717524e+00	-1.669016e+01
1.740000e-06	-4.725129e-10	-2.399225e-10	-3.393106e+00	-1.566447e+01
1.750000e-06	-4.273048e-10	-2.255460e-10	-3.068470e+00	-1.462870e+01
1.760000e-06	-3.820612e-10	-2.089868e-10	-2.743579e+00	-1.358342e+01
1.770000e-06	-3.367806e-10	-1.941259e-10	-2.418422e+00	-1.252921e+01
1.780000e-06	-2.914685e-10	-1.813459e-10	-2.093039e+00	-1.146669e+01
1.790000e-06	-2.461257e-10	-1.676046e-10	-1.767435e+00	-1.039649e+01
1.800000e-06	-2.007562e-10	-1.514218e-10	-1.441639e+00	-9.319296e+00
1.810000e-06	-1.553813e-10	-1.349706e-10	-1.115805e+00	-8.235784e+00
1.820000e-06	-1.100337e-10	-1.199096e-10	-7.901670e-01	-7.146668e+00
1.830000e-06	-6.470856e-11	-1.055439e-10	-4.646901e-01	-6.052678e+00
1.840000e-06	-1.937552e-11	-9.107375e-11	-1.391564e-01	-4.954555e+00
1.850000e-06	2.597708e-11	-7.642448e-11	1.865180e-01	-3.853055e+00
1.860000e-06	7.132858e-11	-6.160411e-11	5.121844e-01	-2.748943e+00
1.870000e-06	1.166672e-10	-4.561714e-11	8.377581e-01	-1.642992e+00
1.880000e-06	1.620038e-10	-2.746759e-11	1.163317e+00	-5.359783e-01
1.890000e-06	2.073268e-10	-8.582274e-12	1.488778e+00	5.713204e-01
1.900000e-06	2.526384e-10	8.629750e-12	1.814158e+00	1.678127e+00
1.910000e-06	2.979521e-10	2.369072e-11	2.139553e+00	2.783669e+00
1.920000e-06	3.432420e-10	3.841687e-11	2.464777e+00	3.887180e+00
1.930000e-06	3.884747e-10	5.305231e-11	2.789590e+00	4.987903e+00
1.940000e-06	4.336594e-10	6.665408e-11	3.114058e+00	6.085093e+00
1.950000e-06	4.788154e-10	7.993068e-11	3.438320e+00	7.178020e+00
1.960000e-06	5.239210e-10	9.578427e-11	3.762220e+00	8.265968e+00
1.970000e-06	5.689525e-10	1.145539e-10	4.085588e+00	9.348244e+00
1.980000e-06	6.139559e-10	1.327336e-10	4.408754e+00	1.042417e+01
1.990000e-06	6.589271e-10	1.485012e-10	4.731690e+00	1.149310e+01
2.000000e-06	7.038125e-10	1.639539e-10	5.054009e+00	1.255440e+01
2.010000e-06	7.486612e-10	1.804943e-10	5.376064e+00	1.360748e+01
2.020000e-06	7.934957e-10	1.961893e-10	5.698018e+00	1.465175e+01
2.030000e-06	8.382683e-10	2.096658e-10	6.019526e+00	1.568668e+01
2.040000e-06	8.829664e-10	2.227291e-10	6.340500e+00	1.671176e+01
2.050000e-06	9.275982e-10	2.373936e-10	6.660998e+00	1.772649e+01
2.060000e-06	9.721506e-10	2.529400e-10	6.980926e+00	1.873042e+01
2.070000e-06	1.016623e-09	2.671781e-10	7.300283e+00	1.972315e+01
2.080000e-06	1.061031e-09	2.802860e-10	7.619173e+00	2.070427e+01
2.090000e-06	1.105363e-09	2.936382e-10	7.937516e+00	2.167345e+01
2.100000e-06	1.149617e-09	3.072843e-10	8.255303e+00	2.263035e+01
2.110000e-06	1.193806e-09	3.205091e-10	8.572623e+00	2.357469e+01
2.120000e-06	1.237937e-09	3.324392e-10	8.889522e+00	2.450621e+01
2.130000e-06	1.282008e-09	3.448120e-10	9.205997e+00	2.542470e+01
2.140000e-06	1.326032e-09	3.586227e-10	9.522135e+00	2.632996e+01
2.150000e-06	1.370017e-09	3.719097e-10	9.837989e+00	2.722183e+01
2.160000e-06	1.413955e-09	3.829430e-10	1.015350e+01	2.810019e+01
2.170000e-06	1.457855e-09	3.938227e-10	1.046875e+01	2.896493e+01
2.180000e-06	1.501701e-09	4.056812e-10	1.078361e+01	2.981598e+01
2.190000e-06	1.545479e-09	4.178776e-10	1.109797e+01	3.065330e+01
2.200000e-06	1.589203e-09	4.302634e-10	1.141195e+01	3.147688e+01
2.210000e-06	1.632847e-09	4.433326e-10	1.172536e+01	3.228673e+01
2.220000e-06	1.676379e-09	4.565533e-10	1.203796e+01	3.308287e+01
2.230000e-06	1.719793e-09	4.696141e-10	1.234971e+01	3.386537e+01
2.240000e-06	1.763082e-09	4.812020e-10	1.266057e+01	3.463430e+01
2.250000e-06	1.806230e-09	4.914404e-10	1.297041e+01	3.538976e+01
2.260000e-06	1.849208e-09	5.016362e-10	1.327904e+01	3.613187e+01
2.270000e-06	1.891983e-09	5.118845e-10	1.358620e+01	3.686076e+01
2.280000e-06	1.934516e-09	5.221939e-10	1.389163e+01	3.757660e+01
2.290000e-06	1.976813e-09	5.321074e-10	1.419535e+01	3.827954e+01
2.300000e-06	2.018879e-09	5.413934e-10	1.449743e+01	3.896976e+01
2.310000e-06	2.060693e-09	5.505094e-10	1.479769e+01	3.964748e+01
2.320000e-06	2.102241e-09	5.603765e-10	1.509604e+01	4.031288e+01
2.330000e-06	2.143530e-09	5.709502e-10	1.539254e+01	4.096619e+01
2.340000e-06	2.184569e-09	5.818585e-10	1.568723e+01	4.160763e+01
2.350000e-06	2.225360e-09	5.928017e-10	1.598015e+01	4.223744e+01
2.360000e-06	2.265935e-09	6.035587e-10	1.627151e+01	4.285586e+01
2.370000e-06	2.306343e-09	6.145888e-10	1.656168e+01	4.346314e+01
2.380000e-06	2.346588e-09	6.251384e-10	1.685068e+01	4.405952e+01
2.390000e-06	2.386691e-09	6.348155e-10	1.713865e+01	4.464528e+01
2.400000e-06	2.426693e-09	6.451139e-10	1.742591e+01	4.522066e+01
2.410000e-06	2.466597e-09	6.551971e-10	1.771245e+01	4.578593e+01
2.420000e-06	2.506404e-09	6.647548e-10	1.799831e+01	4.634135e+01
2.430000e-06	2.546129e-09	6.744689e-10	1.828357e+01	4.688718e+01
2.440000e-06	2.585747e-09	6.843312e-10	1.856807e+01	4.742370e+01
2.450000e-06	2.625229e-09	6.941696e-10	1.885159e+01	4.795116e+01
2.460000e-06	2.664555e-09	7.025701e-10	1.913398e+01	4.846982e+01
2.470000e-06	2.703697e-09	7.089764e-10	1.941506e+01	4.897994e+01
2.480000e-06	2.742620e-09	7.157966e-10	1.969457e+01	4.948178e+01
2.490000e-06	2.781303e-09	7.254389e-10	1.997234e+01	4.997558e+01
2.500000e-06	2.819772e-09	7.356981e-10	2.024859e+01	5.046159e+01
2.510000e-06	2.858052e-09	7.427586e-10	2.052347e+01	5.094006e+01
2.520000e-06	2.896127e-09	7.475419e-10	2.079689e+01	5.141121e+01
2.530000e-06	2.934014e-09	7.536233e-10	2.106895e+01	5.187527e+01
2.540000e-06	2.971719e-09	7.620237e-10	2.133971e+01	5.233247e+01
2.550000e-06	3.009224e-09	7.708594e-10	2.160903e+01	5.278301e+01
2.560000e-06	3.046523e-09	7.789009e-10	2.187688e+01	5.322711e+01
2.570000e-06	3.083599e-09	7.869534e-10	2.214312e+01	5.366495e+01
2.580000e-06	3.120438e-09	7.956076e-10	2.240766e+01	5.409672e+01
2.590000e-06	3.157035e-09	8.016731e-10	2.267046e+01	5.452260e+01
2.600000e-06	3.193416e-09	8.035239e-10	2.293170e+01	5.494275e+01
2.610000e-06	3.229615e-09	8.041951e-10	2.319164e+01	5.535732e+01
2.620000e-06	3.265663e-09	8.075949e-10	2.345051e+01	5.576647e+01
2.630000e-06	3.301592e-09	8.152636e-10	2.370851e+01	5.617031e+01
2.640000e-06	3.337407e-09	8.254602e-10	2.396570e+01	5.656897e+01
2.650000e-06	3.373091e-09	8.352052e-10	2.422194e+01	5.696256e+01
2.660000e-06	3.408600e-09	8.429687e-10	2.447693e+01	5.735117e+01
2.670000e-06	3.443871e-09	8.492152e-10	2.473021e+01	5.773489e+01
2.680000e-06	3.478847e-09	8.549229e-10	2.498137e+01	5.811377e+01
2.690000e-06	3.513450e-09	8.597638e-10	2.522986e+01	5.848789e+01
2.700000e-06	3.547618e-09	8.623980e-10	2.547521e+01	5.885728e+01
2.710000e-06	3.581345e-09	8.639647e-10	2.571740e+01	5.922199e+01
2.720000e-06	3.614618e-09	8.682440e-10	2.595633e+01	5.958202e+01
2.730000e-06	3.647514e-09	8.759765e-10	2.619255e+01	5.993739e+01
2.740000e-06	3.680097e-09	8.851519e-10	2.642653e+01	6.028809e+01
2.750000e-06	3.712396e-09	8.947711e-10	2.665847e+01	6.063412e+01
2.760000e-06	3.744495e-09	9.037847e-10	2.688897e+01	6.097545e+01
2.770000e-06	3.776438e-09	9.113431e-10	2.711835e+01	6.131205e+01
2.780000e-06	3.808226e-09	9.152607e-10	2.734662e+01	6.164388e+01
2.790000e-06	3.839845e-09	9.148242e-10	2.757367e+01	6.197088e+01
2.800000e-06	3.871248e-09	9.131410e-10	2.779918e+01	6.229300e+01
2.810000e-06	3.902358e-09	9.146702e-10	2.802258e+01	6.261018e+01
2.820000e-06	3.933155e-09	9.205780e-10	2.824373e+01	6.292236e+01
2.830000e-06	3.963661e-09	9.304929e-10	2.846278e+01	6.322945e+01
2.840000e-06	3.993885e-09	9.434330e-10	2.867982e+01	6.353138e+01
2.850000e-06	4.023844e-09	9.558154e-10	2.889496e+01	6.382809e+01
2.860000e-06	4.053571e-09	9.628890e-10	2.910843e+01	6.411949e+01
2.870000e-06	4.083061e-09	9.633847e-10	2.932019e+01	6.440550e+01
2.880000e-06	4.112296e-09	9.607470e-10	2.953013e+01	6.468605e+01
2.890000e-06	4.141239e-09	9.590224e-10	2.973796e+01	6.496107e+01
2.900000e-06	4.169860e-09	9.600226e-10	2.994350e+01	6.523050e+01
2.910000e-06	4.198214e-09	9.650383e-10	3.014710e+01	6.549427e+01
2.920000e-06	4.226350e-09	9.739863e-10	3.034914e+01	6.575232e+01
2.930000e-06	4.254297e-09	9.844445e-10	3.054983e+01	6.600462e+01
2.940000e-06	4.282083e-09	9.934827e-10	3.074937e+01	6.625111e+01
2.950000e-06	4.309690e-09	9.981086e-10	3.094761e+01	6.649179e+01
2.960000e-06	4.337042e-09	9.983316e-10	3.114402e+01	6.672661e+01
2.970000e-06	4.364012e-09	9.972430e-10	3.133769e+01	6.695559e+01
2.980000e-06	4.390502e-09	9.975418e-10	3.152791e+01	6.717873e+01
2.990000e-06	4.416449e-09	9.994597e-10	3.171424e+01	6.739604e+01
3.000000e-06	4.441844e-09	1.003565e-09	3.189659e+01	6.760756e+01
3.010000e-06	4.466732e-09	1.010842e-09	3.207531e+01	6.781334e+01
3.020000e-06	4.491193e-09	1.019531e-09	3.225096e+01	6.801343e+01
3.030000e-06	4.515346e-09	1.025530e-09	3.242441e+01	6.820791e+01
3.040000e-06	4.539279e-09	1.027709e-09	3.259627e+01	6.839687e+01
3.050000e-06	4.563005e-09	1.028144e-09	3.276664e+01	6.858041e+01
3.060000e-06	4.586475e-09	1.028534e-09	3.293518e+01	6.875864e+01
3.070000e-06	4.609630e-09	1.029577e-09	3.310145e+01	6.893170e+01
3.080000e-06	4.632428e-09	1.032029e-09	3.326517e+01	6.909973e+01
3.090000e-06	4.654892e-09	1.035723e-09	3.342648e+01	6.926286e+01
3.100000e-06	4.677061e-09	1.039959e-09	3.358568e+01	6.942128e+01
3.110000e-06	4.698950e-09	1.043663e-09	3.374285e+01	6.957515e+01
3.120000e-06	4.720547e-09	1.045958e-09	3.389794e+01	6.972466e+01
3.130000e-06	4.741813e-09	1.047201e-09	3.405065e+01	6.986998e+01
3.140000e-06	4.762712e-09	1.049760e-09	3.420073e+01	7.001132e+01
3.150000e-06	4.783245e-09	1.055179e-09	3.434817e+01	7.014886e+01
3.160000e-06	4.803483e-09	1.061177e-09	3.449350e+01	7.028283e+01
3.170000e-06	4.823513e-09	1.063812e-09	3.463734e+01	7.041341e+01
3.180000e-06	4.843377e-09	1.061647e-09	3.477998e+01	7.054080e+01
3.190000e-06	4.863042e-09	1.059097e-09	3.492119e+01	7.066522e+01
3.200000e-06	4.882423e-09	1.061160e-09	3.506037e+01	7.078684e+01
3.210000e-06	4.901453e-09	1.066802e-09	3.519702e+01	7.090587e+01
3.220000e-06	4.920074e-09	1.071833e-09	3.533074e+01	7.102249e+01
3.230000e-06	4.938232e-09	1.074562e-09	3.546113e+01	7.113688e+01
3.240000e-06	4.955950e-09	1.074902e-09	3.558836e+01	7.124919e+01
3.250000e-06	4.973329e-09	1.074734e-09	3.571316e+01	7.135958e+01
3.260000e-06	4.990428e-09	1.074977e-09	3.583595e+01	7.146820e+01
3.270000e-06	5.007244e-09	1.075413e-09	3.595670e+01	7.157517e+01
3.280000e-06	5.023742e-09	1.075946e-09	3.607518e+01	7.168059e+01
3.290000e-06	5.039889e-09	1.077248e-09	3.619113e+01	7.178457e+01
3.300000e-06	5.055608e-09	1.079474e-09	3.630400e+01	7.188717e+01
3.310000e-06	5.070821e-09	1.081700e-09	3.641324e+01	7.198847e+01
3.320000e-06	5.085545e-09	1.083167e-09	3.651898e+01	7.208849e+01
3.330000e-06	5.099847e-09	1.083774e-09	3.662168e+01	7.218725e+01
3.340000e-06	5.113805e-09	1.084872e-09	3.672191e+01	7.228477e+01
3.350000e-06	5.127435e-09	1.086476e-09	3.681979e+01	7.238101e+01
3.360000e-06	5.140687e-09	1.087464e-09	3.691495e+01	7.247595e+01
3.370000e-06	5.153531e-09	1.087428e-09	3.700718e+01	7.256951e+01
3.380000e-06	5.166003e-09	1.086878e-09	3.709674e+01	7.266164e+01
3.390000e-06	5.178145e-09	1.087074e-09	3.718394e+01	7.275223e+01
3.400000e-06	5.189974e-09	1.089323e-09	3.726888e+01	7.284118e+01
3.410000e-06	5.201470e-09	1.093103e-09	3.735143e+01	7.292835e+01
3.420000e-06	5.212511e-09	1.096096e-09	3.743072e+01	7.301362e+01
3.430000e-06	5.222970e-09	1.097671e-09	3.750582e+01	7.309681e+01
3.440000e-06	5.232777e-09	1.098323e-09	3.757625e+01	7.317778e+01
3.450000e-06	5.241959e-09	1.098276e-09	3.764218e+01	7.325633e+01
3.460000e-06	5.250620e-09	1.098703e-09	3.770438e+01	7.333230e+01
3.470000e-06	5.258891e-09	1.099018e-09	3.776377e+01	7.340548e+01
3.480000e-06	5.266897e-09	1.098751e-09	3.782126e+01	7.347569e+01
3.490000e-06	5.274691e-09	1.098765e-09	3.787723e+01	7.354272e+01
3.500000e-06	5.282227e-09	1.099778e-09	3.793134e+01	7.360637e+01
3.510000e-06	5.289427e-09	1.100639e-09	3.798305e+01	7.366646e+01
3.520000e-06	5.296245e-09	1.100987e-09	3.803200e+01	7.372279e+01
3.530000e-06	5.302697e-09	1.100421e-09	3.807834e+01	7.377517e+01
3.540000e-06	5.308795e-09	1.100508e-09	3.812213e+01	7.382343e+01
3.550000e-06	5.314530e-09	1.102649e-09	3.816331e+01	7.386739e+01
3.560000e-06	5.319872e-09	1.105082e-09	3.820167e+01	7.390689e+01
3.570000e-06	5.324808e-09	1.107104e-09	3.823712e+01	7.394180e+01
3.580000e-06	5.329376e-09	1.108202e-09	3.826992e+01	7.397199e+01
3.590000e-06	5.333621e-09	1.107690e-09	3.830040e+01	7.399733e+01
3.600000e-06	5.337629e-09	1.105945e-09	3.832919e+01	7.401775e+01
3.610000e-06	5.341429e-09	1.103972e-09	3.835647e+01	7.403316e+01
3.620000e-06	5.344964e-09	1.102361e-09	3.838186e+01	7.404351e+01
3.630000e-06	5.348150e-09	1.102558e-09	3.840474e+01	7.404877e+01
3.640000e-06	5.350843e-09	1.105161e-09	3.842407e+01	7.404892e+01
3.650000e-06	5.352947e-09	1.109389e-09	3.843918e+01	7.404398e+01
3.660000e-06	5.354413e-09	1.112468e-09	3.844971e+01	7.403398e+01
3.670000e-06	5.355279e-09	1.111719e-09	3.845593e+01	7.401899e+01
3.680000e-06	5.355707e-09	1.109297e-09	3.845900e+01	7.399907e+01
3.690000e-06	5.355837e-09	1.107752e-09	3.845994e+01	7.397433e+01
3.700000e-06	5.355743e-09	1.106278e-09	3.845926e+01	7.394489e+01
3.710000e-06	5.355415e-09	1.106003e-09	3.845691e+01	7.391089e+01
3.720000e-06	5.354786e-09	1.107260e-09	3.845239e+01	7.387251e+01
3.730000e-06	5.353787e-09	1.110121e-09	3.844522e+01	7.382992e+01
3.740000e-06	5.352408e-09	1.114299e-09	3.843531e+01	7.378331e+01
3.750000e-06	5.350657e-09	1.124380e-09	3.842274e+01	7.373291e+01
3.760000e-06	5.348589e-09	1.141141e-09	3.840789e+01	7.367895e+01
3.770000e-06	5.346230e-09	1.122605e-09	3.839095e+01	7.362166e+01
3.780000e-06	5.343493e-09	1.069276e-09	3.837130e+01	7.356129e+01
3.790000e-06	5.340289e-09	1.064167e-09	3.834829e+01	7.349810e+01
3.800000e-06	5.336616e-09	1.084909e-09	3.832192e+01	7.343236e+01
3.810000e-06	5.332614e-09	1.106980e-09	3.829318e+01	7.336433e+01
3.820000e-06	5.328452e-09	1.098086e-09	3.826329e+01	7.329429e+01
3.830000e-06	5.324115e-09	1.089714e-09	3.823215e+01	7.322250e+01
3.840000e-06	5.319376e-09	1.133493e-09	3.819812e+01	7.314923e+01
3.850000e-06	5.314072e-09	1.133270e-09	3.816002e+01	7.307474e+01
3.860000e-06	5.308321e-09	1.091554e-09	3.811873e+01	7.299927e+01
3.870000e-06	5.302192e-09	1.056455e-09	3.807472e+01	7.292309e+01
3.880000e-06	5.295522e-09	1.081649e-09	3.802682e+01	7.284641e+01
3.890000e-06	5.288252e-09	1.096760e-09	3.797462e+01	7.276945e+01
3.900000e-06	5.280534e-09	1.087962e-09	3.791919e+01	7.269243e+01
3.910000e-06	5.272522e-09	1.103173e-09	3.786166e+01	7.261551e+01
3.920000e-06	5.264212e-09	1.129024e-09	3.780199e+01	7.253888e+01
3.930000e-06	5.255613e-09	1.117856e-09	3.774024e+01	7.246267e+01
3.940000e-06	5.246747e-09	1.081728e-09	3.767657e+01	7.238702e+01
3.950000e-06	5.237538e-09	1.075880e-09	3.761044e+01	7.231203e+01
3.960000e-06	5.227930e-09	1.074508e-09	3.754145e+01	7.223778e+01
3.970000e-06	5.217948e-09	1.065756e-09	3.746977e+01	7.216432e+01
3.980000e-06	5.207608e-09	1.076878e-09	3.739552e+01	7.209170e+01
3.990000e-06	5.196879e-09	1.100743e-09	3.731848e+01	7.201993e+01
4.000000e-06	5.185746e-09	1.090975e-09	3.723853e+01	7.194898e+01
4.010000e-06	5.174232e-09	1.082215e-09	3.715585e+01	7.187883e+01
4.020000e-06	5.162354e-09	1.093239e-09	3.707055e+01	7.180942e+01
4.030000e-06	5.150083e-09	1.098120e-09	3.698243e+01	7.174066e+01
4.040000e-06	5.137420e-09	1.089469e-09	3.689151e+01	7.167245e+01
4.050000e-06	5.124320e-09	1.107908e-09	3.679744e+01	7.160467e+01
4.060000e-06	5.110642e-09	1.114816e-09	3.669922e+01	7.153717e+01
4.070000e-06	5.096286e-09	1.099905e-09	3.659613e+01	7.146979e+01
4.080000e-06	5.081335e-09	1.104485e-09	3.648876e+01	7.140235e+01
4.090000e-06	5.065932e-09	1.118859e-09	3.637815e+01	7.133467e+01
4.100000e-06	5.050186e-09	1.094468e-09	3.626509e+01	7.126653e+01
4.110000e-06	5.034176e-09	1.077944e-09	3.615012e+01	7.119772e+01
4.120000e-06	5.017928e-09	1.100942e-09	3.603344e+01	7.112801e+01
4.130000e-06	5.001414e-09	1.112091e-09	3.591486e+01	7.105717e+01
4.140000e-06	4.984555e-09	1.096791e-09	3.579379e+01	7.098496e+01
4.150000e-06	4.967311e-09	1.098712e-09	3.566997e+01	7.091112e+01
4.160000e-06	4.949701e-09	1.103831e-09	3.554351e+01	7.083542e+01
4.170000e-06	4.931766e-09	1.093690e-09	3.541472e+01	7.075762e+01
4.180000e-06	4.913528e-09	1.093969e-09	3.528375e+01	7.067745e+01
4.190000e-06	4.894950e-09	1.093728e-09	3.515035e+01	7.059470e+01
4.200000e-06	4.876004e-09	1.087977e-09	3.501430e+01	7.050911e+01
4.210000e-06	4.856703e-09	1.093378e-09	3.487569e+01	7.042046e+01
4.220000e-06	4.837098e-09	1.100879e-09	3.473491e+01	7.032854e+01
4.230000e-06	4.817265e-09	1.090619e-09	3.459249e+01	7.023312e+01
4.240000e-06	4.797232e-09	1.086262e-09	3.444864e+01	7.013402e+01
4.250000e-06	4.776990e-09	1.086217e-09	3.430328e+01	7.003105e+01
4.260000e-06	4.756472e-09	1.081429e-09	3.415595e+01	6.992402e+01
4.270000e-06	4.735568e-09	1.078495e-09	3.400584e+01	6.981280e+01
4.280000e-06	4.714181e-09	1.078317e-09	3.385226e+01	6.969721e+01
4.290000e-06	4.692271e-09	1.073355e-09	3.369493e+01	6.957715e+01
4.300000e-06	4.669828e-09	1.080666e-09	3.353376e+01	6.945249e+01
4.310000e-06	4.646849e-09	1.082176e-09	3.336875e+01	6.932314e+01
4.320000e-06	4.623397e-09	1.069829e-09	3.320035e+01	6.918901e+01
4.330000e-06	4.599609e-09	1.069095e-09	3.302952e+01	6.905002e+01
4.340000e-06	4.575604e-09	1.077262e-09	3.285715e+01	6.890614e+01
4.350000e-06	4.551413e-09	1.067054e-09	3.268343e+01	6.875732e+01
4.360000e-06	4.527008e-09	1.059372e-09	3.250818e+01	6.860354e+01
4.370000e-06	4.502336e-09	1.061840e-09	3.233102e+01	6.844478e+01
4.380000e-06	4.477331e-09	1.062330e-09	3.215145e+01	6.828105e+01
4.390000e-06	4.451975e-09	1.065425e-09	3.196937e+01	6.811235e+01
4.400000e-06	4.426294e-09	1.068070e-09	3.178496e+01	6.793871e+01
4.410000e-06	4.400299e-09	1.059186e-09	3.159829e+01	6.776016e+01
4.420000e-06	4.374001e-09	1.055255e-09	3.140945e+01	6.757675e+01
4.430000e-06	4.347432e-09	1.058702e-09	3.121866e+01	6.738851e+01
4.440000e-06	4.320580e-09	1.054650e-09	3.102584e+01	6.719551e+01
4.450000e-06	4.293392e-09	1.050693e-09	3.083060e+01	6.699779e+01
4.460000e-06	4.265890e-09	1.054171e-09	3.063311e+01	6.679542e+01
4.470000e-06	4.238143e-09	1.057117e-09	3.043386e+01	6.658846e+01
4.480000e-06	4.210202e-09	1.055915e-09	3.023322e+01	6.637697e+01
4.490000e-06	4.182100e-09	1.051302e-09	3.003142e+01	6.616102e+01
4.500000e-06	4.153813e-09	1.042790e-09	2.982829e+01	6.594067e+01
4.510000e-06	4.125282e-09	1.038890e-09	2.962341e+01	6.571597e+01
4.520000e-06	4.096433e-09	1.036698e-09	2.941625e+01	6.548698e+01
4.530000e-06	4.067144e-09	1.032613e-09	2.920593e+01	6.525375e+01
4.540000e-06	4.037359e-09	1.030725e-09	2.899205e+01	6.501632e+01
4.550000e-06	4.007098e-09	1.032778e-09	2.877475e+01	6.477474e+01
4.560000e-06	3.976376e-09	1.032057e-09	2.855413e+01	6.452904e+01
4.570000e-06	3.945250e-09	1.028387e-09	2.833062e+01	6.427923e+01
4.580000e-06	3.913794e-09	1.021312e-09	2.810473e+01	6.402534e+01
4.590000e-06	3.882082e-09	1.016448e-09	2.787701e+01	6.376738e+01
4.600000e-06	3.850168e-09	1.014140e-09	2.764784e+01	6.350535e+01
4.610000e-06	3.818065e-09	1.011816e-09	2.741731e+01	6.323925e+01
4.620000e-06	3.785797e-09	1.007948e-09	2.718559e+01	6.296904e+01
4.630000e-06	3.753340e-09	1.005629e-09	2.695252e+01	6.269472e+01
4.640000e-06	3.720642e-09	1.003361e-09	2.671772e+01	6.241625e+01
4.650000e-06	3.687683e-09	1.000629e-09	2.648104e+01	6.213359e+01
4.660000e-06	3.654452e-09	9.951854e-10	2.624242e+01	6.184669e+01
4.670000e-06	3.620941e-09	9.875434e-10	2.600178e+01	6.155550e+01
4.680000e-06	3.587189e-09	9.806404e-10	2.575941e+01	6.125996e+01
4.690000e-06	3.553247e-09	9.763586e-10	2.551567e+01	6.095999e+01
4.700000e-06	3.519076e-09	9.718647e-10	2.527029e+01	6.065553e+01
4.710000e-06	3.484653e-09	9.664692e-10	2.502310e+01	6.034648e+01
4.720000e-06	3.449996e-09	9.614076e-10	2.477423e+01	6.003278e+01
4.730000e-06	3.415083e-09	9.580634e-10	2.452353e+01	5.971432e+01
4.740000e-06	3.379914e-09	9.544027e-10	2.427098e+01	5.939102e+01
4.750000e-06	3.344510e-09	9.476203e-10	2.401674e+01	5.906277e+01
4.760000e-06	3.308878e-09	9.395428e-10	2.376087e+01	5.872948e+01
4.770000e-06	3.273075e-09	9.329648e-10	2.350377e+01	5.839103e+01
4.780000e-06	3.237144e-09	9.279384e-10	2.324575e+01	5.804734e+01
4.790000e-06	3.201079e-09	9.229321e-10	2.298678e+01	5.769828e+01
4.800000e-06	3.164888e-09	9.182167e-10	2.272689e+01	5.734374e+01
4.810000e-06	3.128559e-09	9.132807e-10	2.246601e+01	5.698362e+01
4.820000e-06	3.092035e-09	9.088767e-10	2.220374e+01	5.661781e+01
4.830000e-06	3.055272e-09	9.034936e-10	2.193974e+01	5.624617e+01
4.840000e-06	3.018237e-09	8.975734e-10	2.167380e+01	5.586861e+01
4.850000e-06	2.980882e-09	8.922437e-10	2.140555e+01	5.548499e+01
4.860000e-06	2.943162e-09	8.890369e-10	2.113469e+01	5.509520e+01
4.870000e-06	2.905036e-09	8.848488e-10	2.086091e+01	5.469911e+01
4.880000e-06	2.866539e-09	8.779297e-10	2.058447e+01	5.429661e+01
4.890000e-06	2.827703e-09	8.695693e-10	2.030559e+01	5.388756e+01
4.900000e-06	2.788559e-09	8.635647e-10	2.002450e+01	5.347182e+01
4.910000e-06	2.749145e-09	8.586082e-10	1.974147e+01	5.304928e+01
4.920000e-06	2.709502e-09	8.519522e-10	1.945680e+01	5.261978e+01
4.930000e-06	2.669710e-09	8.442541e-10	1.917105e+01	5.218318e+01
4.940000e-06	2.629801e-09	8.388560e-10	1.888447e+01	5.173934e+01
4.950000e-06	2.589798e-09	8.346984e-10	1.859721e+01	5.128811e+01
4.960000e-06	2.549689e-09	8.282643e-10	1.830919e+01	5.082932e+01
4.970000e-06	2.509470e-09	8.191257e-10	1.802038e+01	5.036280e+01
4.980000e-06	2.469138e-09	8.111570e-10	1.773076e+01	4.988840e+01
4.990000e-06	2.428685e-09	8.052707e-10	1.744026e+01	4.940593e+01
5.000000e-06	2.388097e-09	7.984725e-10	1.714881e+01	4.891520e+01
5.010000e-06	2.347344e-09	7.894184e-10	1.685616e+01	4.841603e+01
5.020000e-06	2.306437e-09	7.806229e-10	1.656241e+01	4.790821e+01
5.030000e-06	2.265384e-09	7.737130e-10	1.626761e+01	4.739153e+01
5.040000e-06	2.224157e-09	7.665593e-10	1.597157e+01	4.686579e+01
5.050000e-06	2.182746e-09	7.579469e-10	1.567419e+01	4.633075e+01
5.060000e-06	2.141155e-09	7.495089e-10	1.537553e+01	4.578620e+01
5.070000e-06	2.099408e-09	7.436255e-10	1.507575e+01	4.523189e+01
5.080000e-06	2.057514e-09	7.378825e-10	1.477491e+01	4.466758e+01
5.090000e-06	2.015510e-09	7.300671e-10	1.447329e+01	4.409304e+01
5.100000e-06	1.973397e-09	7.217189e-10	1.417087e+01	4.350800e+01
5.110000e-06	1.931144e-09	7.147436e-10	1.386746e+01	4.291221e+01
5.120000e-06	1.888754e-09	7.069279e-10	1.356306e+01	4.230543e+01
5.130000e-06	1.846237e-09	6.953275e-10	1.325775e+01	4.168738e+01
5.140000e-06	1.803592e-09	6.813077e-10	1.295151e+01	4.105782e+01
5.150000e-06	1.760810e-09	6.695377e-10	1.264430e+01	4.041649e+01
5.160000e-06	1.717900e-09	6.599592e-10	1.233616e+01	3.976314e+01
5.170000e-06	1.674859e-09	6.503845e-10	1.202709e+01	3.909751e+01
5.180000e-06	1.631689e-09	6.406136e-10	1.171709e+01	3.841937e+01
5.190000e-06	1.588390e-09	6.325586e-10	1.140616e+01	3.772849e+01
5.200000e-06	1.544942e-09	6.247279e-10	1.109417e+01	3.702464e+01
5.210000e-06	1.501371e-09	6.135060e-10	1.078128e+01	3.630762e+01
5.220000e-06	1.457711e-09	5.981593e-10	1.046776e+01	3.557723e+01
5.230000e-06	1.413978e-09	5.806023e-10	1.015372e+01	3.483328e+01
5.240000e-06	1.370189e-09	5.641972e-10	9.839270e+00	3.407562e+01
5.250000e-06	1.326346e-09	5.479193e-10	9.524441e+00	3.330411e+01
5.260000e-06	1.282447e-09	5.323550e-10	9.209200e+00	3.251863e+01
5.270000e-06	1.238505e-09	5.208984e-10	8.893653e+00	3.171908e+01
5.280000e-06	1.194522e-09	5.134283e-10	8.577813e+00	3.090539e+01
5.290000e-06	1.150487e-09	5.056907e-10	8.261602e+00	3.007752e+01
5.300000e-06	1.106422e-09	4.942482e-10	7.945173e+00	2.923546e+01
5.310000e-06	1.062311e-09	4.792191e-10	7.628414e+00	2.837922e+01
5.320000e-06	1.018137e-09	4.614209e-10	7.311202e+00	2.750887e+01
5.330000e-06	9.739290e-10	4.424120e-10	6.993748e+00	2.662447e+01
5.340000e-06	9.296927e-10	4.238955e-10	6.676089e+00	2.572615e+01
5.350000e-06	8.854116e-10	4.085961e-10	6.358109e+00	2.481407e+01
5.360000e-06	8.410961e-10	3.989718e-10	6.039881e+00	2.388841e+01
5.370000e-06	7.967490e-10	3.920608e-10	5.721427e+00	2.294940e+01
5.380000e-06	7.523740e-10	3.815689e-10	5.402773e+00	2.199730e+01
5.390000e-06	7.079629e-10	3.659145e-10	5.083860e+00	2.103242e+01
5.400000e-06	6.635006e-10	3.480375e-10	4.764579e+00	2.005509e+01
5.410000e-06	6.189987e-10	3.281507e-10	4.445013e+00	1.906568e+01
5.420000e-06	5.744566e-10	3.059430e-10	4.125159e+00	1.806462e+01
5.430000e-06	5.298746e-10	2.841869e-10	3.805019e+00	1.705235e+01
5.440000e-06	4.852603e-10	2.663637e-10	3.484645e+00	1.602934e+01
5.450000e-06	4.406008e-10	2.536406e-10	3.163948e+00	1.499613e+01
5.460000e-06	3.959046e-10	2.415424e-10	2.842987e+00	1.395324e+01
5.470000e-06	3.511985e-10	2.270850e-10	2.521955e+00	1.290127e+01
5.480000e-06	3.064706e-10	2.119160e-10	2.200768e+00	1.184083e+01
5.490000e-06	2.617049e-10	1.964465e-10	1.879309e+00	1.077254e+01
5.500000e-06	2.169067e-10	1.785128e-10	1.557616e+00	9.697074e+00
5.510000e-06	1.721180e-10	1.571123e-10	1.235991e+00	8.615111e+00
5.520000e-06	1.273533e-10	1.344065e-10	9.145389e-01	7.527357e+00
5.530000e-06	8.258919e-11	1.146333e-10	5.930905e-01	6.434536e+00
5.540000e-06	3.782374e-11	9.774772e-11	2.716330e-01	5.337386e+00
5.550000e-06	-6.952049e-12	7.912107e-11	-4.989883e-02	4.236661e+00
5.560000e-06	-5.174671e-11	6.022333e-11	-3.715661e-01	3.133123e+00
5.570000e-06	-9.653040e-11	4.608167e-11	-6.931545e-01	2.027543e+00
5.580000e-06	-1.413078e-10	3.466823e-11	-1.014698e+00	9.206966e-01
5.590000e-06	-1.860803e-10	2.054316e-11	-1.336206e+00	-1.866386e-01
5.600000e-06	-2.308303e-10	2.766723e-14	-1.657552e+00	-1.293685e+00
5.610000e-06	-2.755648e-10	-2.564726e-11	-1.978788e+00	-2.399669e+00
5.620000e-06	-3.202767e-10	-5.066182e-11	-2.299861e+00	-3.503821e+00
5.630000e-06	-3.649502e-10	-7.098189e-11	-2.620659e+00	-4.605383e+00
5.640000e-06	-4.095897e-10	-8.704211e-11	-2.941212e+00	-5.703607e+00
5.650000e-06	-4.541953e-10	-9.979101e-11	-3.261522e+00	-6.797756e+00
5.660000e-06	-4.987612e-10	-1.093757e-10	-3.581547e+00	-7.887114e+00
5.670000e-06	-5.432975e-10	-1.203338e-10	-3.901359e+00	-8.970979e+00
5.680000e-06	-5.877899e-10	-1.378289e-10	-4.220857e+00	-1.004867e+01
5.690000e-06	-6.322442e-10	-1.614723e-10	-4.540080e+00	-1.111953e+01
5.700000e-06	-6.766639e-10	-1.860496e-10	-4.859056e+00	-1.218293e+01
5.710000e-06	-7.210503e-10	-2.071400e-10	-5.177792e+00	-1.323825e+01
5.720000e-06	-7.653970e-10	-2.247895e-10	-5.496242e+00	-1.428493e+01
5.730000e-06	-8.097103e-10	-2.391071e-10	-5.814454e+00	-1.532239e+01
5.740000e-06	-8.539932e-10	-2.503786e-10	-6.132447e+00	-1.635014e+01
5.750000e-06	-8.982185e-10	-2.610733e-10	-6.450027e+00	-1.736766e+01
5.760000e-06	-9.424026e-10	-2.742207e-10	-6.767312e+00	-1.837450e+01
5.770000e-06	-9.865637e-10	-2.901148e-10	-7.084431e+00	-1.937024e+01
5.780000e-06	-1.030685e-09	-3.057877e-10	-7.401266e+00	-2.035448e+01
5.790000e-06	-1.074759e-09	-3.205759e-10	-7.717756e+00	-2.132686e+01
5.800000e-06	-1.118793e-09	-3.352551e-10	-8.033963e+00	-2.228704e+01
5.810000e-06	-1.162798e-09	-3.501238e-10	-8.349966e+00	-2.323474e+01
5.820000e-06	-1.206769e-09	-3.642766e-10	-8.665714e+00	-2.416968e+01
5.830000e-06	-1.250700e-09	-3.783843e-10	-8.981181e+00	-2.509164e+01
5.840000e-06	-1.294583e-09	-3.928776e-10	-9.296305e+00	-2.600043e+01
5.850000e-06	-1.338411e-09	-4.075589e-10	-9.611030e+00	-2.689586e+01
5.860000e-06	-1.382181e-09	-4.227227e-10	-9.925342e+00	-2.777780e+01
5.870000e-06	-1.425876e-09	-4.359451e-10	-1.023911e+01	-2.864616e+01
5.880000e-06	-1.469481e-09	-4.470400e-10	-1.055224e+01	-2.950084e+01
5.890000e-06	-1.512984e-09	-4.589114e-10	-1.086463e+01	-3.034180e+01
5.900000e-06	-1.556362e-09	-4.716933e-10	-1.117613e+01	-3.116902e+01
5.910000e-06	-1.599615e-09	-4.845908e-10	-1.148672e+01	-3.198250e+01
5.920000e-06	-1.642753e-09	-4.997248e-10	-1.179649e+01	-3.278227e+01
5.930000e-06	-1.685755e-09	-5.169455e-10	-1.210529e+01	-3.356837e+01
5.940000e-06	-1.728600e-09	-5.321241e-10	-1.241295e+01	-3.434088e+01
5.950000e-06	-1.771306e-09	-5.417583e-10	-1.271962e+01	-3.509989e+01
5.960000e-06	-1.813885e-09	-5.471005e-10	-1.302538e+01	-3.584553e+01
5.970000e-06	-1.856348e-09	-5.530789e-10	-1.333031e+01	-3.657791e+01
5.980000e-06	-1.898697e-09	-5.628952e-10	-1.363441e+01	-3.729718e+01
5.990000e-06	-1.940921e-09	-5.757408e-10	-1.393762e+01	-3.800352e+01
6.000000e-06	-1.983023e-09	-5.915423e-10	-1.423995e+01	-3.869710e+01
6.010000e-06	-2.025008e-09	-6.089269e-10	-1.454144e+01	-3.937810e+01
6.020000e-06	-2.066858e-09	-6.239226e-10	-1.484197e+01	-4.004674e+01
6.030000e-06	-2.108577e-09	-6.347693e-10	-1.514155e+01	-4.070324e+01
6.040000e-06	-2.150169e-09	-6.421636e-10	-1.544022e+01	-4.134780e+01
6.050000e-06	-2.191602e-09	-6.480060e-10	-1.573775e+01	-4.198067e+01
6.060000e-06	-2.232843e-09	-6.539918e-10	-1.603390e+01	-4.260208e+01
6.070000e-06	-2.273870e-09	-6.598566e-10	-1.632851e+01	-4.321229e+01
6.080000e-06	-2.314696e-09	-6.670838e-10	-1.662168e+01	-4.381154e+01
6.090000e-06	-2.355366e-09	-6.781001e-10	-1.691373e+01	-4.440009e+01
6.100000e-06	-2.395884e-09	-6.919220e-10	-1.720468e+01	-4.497820e+01
6.110000e-06	-2.436254e-09	-7.041967e-10	-1.749458e+01	-4.554613e+01
6.120000e-06	-2.476510e-09	-7.122259e-10	-1.778365e+01	-4.610414e+01
6.130000e-06	-2.516665e-09	-7.191164e-10	-1.807200e+01	-4.665249e+01
6.140000e-06	-2.556746e-09	-7.273590e-10	-1.835982e+01	-4.719146e+01
6.150000e-06	-2.596744e-09	-7.352099e-10	-1.864705e+01	-4.772130e+01
6.160000e-06	-2.636645e-09	-7.401376e-10	-1.893358e+01	-4.824228e+01
6.170000e-06	-2.676433e-09	-7.445483e-10	-1.921930e+01	-4.875465e+01
6.180000e-06	-2.716057e-09	-7.526613e-10	-1.950383e+01	-4.925867e+01
6.190000e-06	-2.755498e-09	-7.628810e-10	-1.978706e+01	-4.975458e+01
6.200000e-06	-2.794738e-09	-7.706656e-10	-2.006884e+01	-5.024265e+01
6.210000e-06	-2.833701e-09	-7.767321e-10	-2.034862e+01	-5.072311e+01
6.220000e-06	-2.872321e-09	-7.844328e-10	-2.062595e+01	-5.119619e+01
6.230000e-06	-2.910565e-09	-7.927969e-10	-2.090057e+01	-5.166212e+01
6.240000e-06	-2.948458e-09	-7.984056e-10	-2.117268e+01	-5.212114e+01
6.250000e-06	-2.985981e-09	-8.025076e-10	-2.144214e+01	-5.257344e+01
6.260000e-06	-3.023123e-09	-8.078090e-10	-2.170884e+01	-5.301925e+01
6.270000e-06	-3.059955e-09	-8.136451e-10	-2.197334e+01	-5.345875e+01
6.280000e-06	-3.096544e-09	-8.186002e-10	-2.223608e+01	-5.389213e+01
6.290000e-06	-3.132926e-09	-8.229175e-10	-2.249734e+01	-5.431957e+01
6.300000e-06	-3.169136e-09	-8.288454e-10	-2.275736e+01	-5.474125e+01
6.310000e-06	-3.205220e-09	-8.364240e-10	-2.301647e+01	-5.515731e+01
6.320000e-06	-3.241202e-09	-8.426876e-10	-2.327486e+01	-5.556790e+01
6.330000e-06	-3.277067e-09	-8.470941e-10	-2.353241e+01	-5.597316e+01
6.340000e-06	-3.312770e-09	-8.514466e-10	-2.378879e+01	-5.637321e+01
6.350000e-06	-3.348265e-09	-8.561742e-10	-2.404368e+01	-5.676816e+01
6.360000e-06	-3.383505e-09	-8.610115e-10	-2.429673e+01	-5.715811e+01
6.370000e-06	-3.418468e-09	-8.672156e-10	-2.454780e+01	-5.754314e+01
6.380000e-06	-3.453162e-09	-8.752326e-10	-2.479694e+01	-5.792332e+01
6.390000e-06	-3.487601e-09	-8.828852e-10	-2.504424e+01	-5.829873e+01
6.400000e-06	-3.521823e-09	-8.882956e-10	-2.528998e+01	-5.866939e+01
6.410000e-06	-3.555832e-09	-8.915506e-10	-2.553420e+01	-5.903536e+01
6.420000e-06	-3.589600e-09	-8.956439e-10	-2.577669e+01	-5.939666e+01
6.430000e-06	-3.623112e-09	-9.010625e-10	-2.601734e+01	-5.975329e+01
6.440000e-06	-3.656339e-09	-9.069312e-10	-2.625594e+01	-6.010526e+01
6.450000e-06	-3.689266e-09	-9.143151e-10	-2.649239e+01	-6.045256e+01
6.460000e-06	-3.721913e-09	-9.218098e-10	-2.672682e+01	-6.079516e+01
6.470000e-06	-3.754340e-09	-9.271582e-10	-2.695968e+01	-6.113305e+01
6.480000e-06	-3.786598e-09	-9.295980e-10	-2.719132e+01	-6.146617e+01
6.490000e-06	-3.818691e-09	-9.306972e-10	-2.742178e+01	-6.179448e+01
6.500000e-06	-3.850624e-09	-9.335900e-10	-2.765109e+01	-6.211793e+01
6.510000e-06	-3.882365e-09	-9.387453e-10	-2.787902e+01	-6.243645e+01
6.520000e-06	-3.913842e-09	-9.454356e-10	-2.810505e+01	-6.274999e+01
6.530000e-06	-3.944994e-09	-9.532628e-10	-2.832875e+01	-6.305846e+01
6.540000e-06	-3.975747e-09	-9.608625e-10	-2.854958e+01	-6.336180e+01
6.550000e-06	-4.006050e-09	-9.664664e-10	-2.876719e+01	-6.365992e+01
6.560000e-06	-4.035874e-09	-9.682635e-10	-2.898135e+01	-6.395276e+01
6.570000e-06	-4.065201e-09	-9.655101e-10	-2.919195e+01	-6.424023e+01
6.580000e-06	-4.094089e-09	-9.610828e-10	-2.939939e+01	-6.452227e+01
6.590000e-06	-4.122644e-09	-9.594052e-10	-2.960445e+01	-6.479879e+01
6.600000e-06	-4.150954e-09	-9.629132e-10	-2.980774e+01	-6.506973e+01
6.610000e-06	-4.179080e-09	-9.712610e-10	-3.000971e+01	-6.533503e+01
6.620000e-06	-4.207057e-09	-9.819337e-10	-3.021061e+01	-6.559463e+01
6.630000e-06	-4.234842e-09	-9.929007e-10	-3.041013e+01	-6.584848e+01
6.640000e-06	-4.262381e-09	-9.999336e-10	-3.060789e+01	-6.609654e+01
6.650000e-06	-4.289639e-09	-1.000248e-09	-3.080362e+01	-6.633878e+01
6.660000e-06	-4.316572e-09	-9.955820e-10	-3.099703e+01	-6.657519e+01
6.670000e-06	-4.343169e-09	-9.913471e-10	-3.118802e+01	-6.680574e+01
6.680000e-06	-4.369450e-09	-9.918851e-10	-3.137674e+01	-6.703045e+01
6.690000e-06	-4.395445e-09	-9.968438e-10	-3.156342e+01	-6.724933e+01
6.700000e-06	-4.421126e-09	-1.003444e-09	-3.174782e+01	-6.746241e+01
6.710000e-06	-4.446470e-09	-1.009692e-09	-3.192982e+01	-6.766972e+01
6.720000e-06	-4.471458e-09	-1.015861e-09	-3.210926e+01	-6.787134e+01
6.730000e-06	-4.496108e-09	-1.021805e-09	-3.228627e+01	-6.806733e+01
6.740000e-06	-4.520500e-09	-1.025824e-09	-3.246143e+01	-6.825777e+01
6.750000e-06	-4.544685e-09	-1.027060e-09	-3.263509e+01	-6.844276e+01
6.760000e-06	-4.568701e-09	-1.028022e-09	-3.280756e+01	-6.862242e+01
6.770000e-06	-4.592527e-09	-1.031032e-09	-3.297865e+01	-6.879686e+01
6.780000e-06	-4.616082e-09	-1.035067e-09	-3.314780e+01	-6.896624e+01
6.790000e-06	-4.639276e-09	-1.038232e-09	-3.331435e+01	-6.913068e+01
6.800000e-06	-4.662010e-09	-1.040378e-09	-3.347760e+01	-6.929036e+01
6.810000e-06	-4.684220e-09	-1.043013e-09	-3.363709e+01	-6.944545e+01
6.820000e-06	-4.705881e-09	-1.047933e-09	-3.379263e+01	-6.959612e+01
6.830000e-06	-4.727021e-09	-1.052870e-09	-3.394444e+01	-6.974256e+01
6.840000e-06	-4.747708e-09	-1.054517e-09	-3.409299e+01	-6.988497e+01
6.850000e-06	-4.768067e-09	-1.054103e-09	-3.423919e+01	-7.002353e+01
6.860000e-06	-4.788219e-09	-1.054709e-09	-3.438390e+01	-7.015845e+01
6.870000e-06	-4.808190e-09	-1.056155e-09	-3.452731e+01	-7.028994e+01
6.880000e-06	-4.827942e-09	-1.055545e-09	-3.466915e+01	-7.041819e+01
6.890000e-06	-4.847401e-09	-1.054366e-09	-3.480888e+01	-7.054340e+01
6.900000e-06	-4.866491e-09	-1.056451e-09	-3.494596e+01	-7.066578e+01
6.910000e-06	-4.885212e-09	-1.062299e-09	-3.508040e+01	-7.078551e+01
6.920000e-06	-4.903610e-09	-1.067568e-09	-3.521252e+01	-7.090279e+01
6.930000e-06	-4.921712e-09	-1.069691e-09	-3.534251e+01	-7.101778e+01
6.940000e-06	-4.939516e-09	-1.071475e-09	-3.547035e+01	-7.113065e+01
6.950000e-06	-4.956993e-09	-1.074588e-09	-3.559586e+01	-7.124157e+01
6.960000e-06	-4.974092e-09	-1.077261e-09	-3.571864e+01	-7.135068e+01
6.970000e-06	-4.990812e-09	-1.076944e-09	-3.583871e+01	-7.145810e+01
6.980000e-06	-5.007233e-09	-1.075565e-09	-3.595663e+01	-7.156395e+01
6.990000e-06	-5.023423e-09	-1.076639e-09	-3.607289e+01	-7.166833e+01
7.000000e-06	-5.039399e-09	-1.079674e-09	-3.618761e+01	-7.177133e+01
7.010000e-06	-5.055110e-09	-1.081920e-09	-3.630043e+01	-7.187299e+01
7.020000e-06	-5.070425e-09	-1.083160e-09	-3.641040e+01	-7.197338e+01
7.030000e-06	-5.085170e-09	-1.085821e-09	-3.651629e+01	-7.207250e+01
7.040000e-06	-5.099274e-09	-1.090405e-09	-3.661757e+01	-7.217038e+01
7.050000e-06	-5.112797e-09	-1.094452e-09	-3.671468e+01	-7.226699e+01
7.060000e-06	-5.125801e-09	-1.096275e-09	-3.680806e+01	-7.236231e+01
7.070000e-06	-5.138354e-09	-1.096719e-09	-3.689820e+01	-7.245627e+01
7.080000e-06	-5.150570e-09	-1.097020e-09	-3.698593e+01	-7.254882e+01
7.090000e-06	-5.162485e-09	-1.096628e-09	-3.707148e+01	-7.263986e+01
7.100000e-06	-5.174043e-09	-1.095229e-09	-3.715448e+01	-7.272928e+01
7.110000e-06	-5.185192e-09	-1.094908e-09	-3.723454e+01	-7.281696e+01
7.120000e-06	-5.195943e-09	-1.098072e-09	-3.731174e+01	-7.290277e+01
7.130000e-06	-5.206330e-09	-1.103812e-09	-3.738633e+01	-7.298656e+01
7.140000e-06	-5.216388e-09	-1.107971e-09	-3.745856e+01	-7.306816e+01
7.150000e-06	-5.226117e-09	-1.108003e-09	-3.752842e+01	-7.314740e+01
7.160000e-06	-5.235465e-09	-1.105745e-09	-3.759555e+01	-7.322409e+01
7.170000e-06	-5.244414e-09	-1.104129e-09	-3.765981e+01	-7.329806e+01
7.180000e-06	-5.252998e-09	-1.103461e-09	-3.772145e+01	-7.336910e+01
7.190000e-06	-5.261306e-09	-1.103008e-09	-3.778112e+01	-7.343702e+01
7.200000e-06	-5.269402e-09	-1.104254e-09	-3.783925e+01	-7.350161e+01
7.210000e-06	-5.277285e-09	-1.107933e-09	-3.789586e+01	-7.356269e+01
7.220000e-06	-5.284874e-09	-1.111978e-09	-3.795036e+01	-7.362006e+01
7.230000e-06	-5.292052e-09	-1.114185e-09	-3.800190e+01	-7.367354e+01
7.240000e-06	-5.298693e-09	-1.114778e-09	-3.804959e+01	-7.372293e+01
7.250000e-06	-5.304723e-09	-1.114840e-09	-3.809289e+01	-7.376807e+01
7.260000e-06	-5.310150e-09	-1.113668e-09	-3.813186e+01	-7.380880e+01
7.270000e-06	-5.315048e-09	-1.110769e-09	-3.816703e+01	-7.384496e+01
7.280000e-06	-5.319559e-09	-1.108215e-09	-3.819942e+01	-7.387644e+01
7.290000e-06	-5.323799e-09	-1.109112e-09	-3.822987e+01	-7.390311e+01
7.300000e-06	-5.327817e-09	-1.113299e-09	-3.825872e+01	-7.392486e+01
7.310000e-06	-5.331579e-09	-1.116937e-09	-3.828574e+01	-7.394164e+01
7.320000e-06	-5.335015e-09	-1.118268e-09	-3.831041e+01	-7.395336e+01
7.330000e-06	-5.338049e-09	-1.118660e-09	-3.833220e+01	-7.396000e+01
7.340000e-06	-5.340677e-09	-1.118906e-09	-3.835107e+01	-7.396154e+01
7.350000e-06	-5.342993e-09	-1.117860e-09	-3.836770e+01	-7.395797e+01
7.360000e-06	-5.345024e-09	-1.114525e-09	-3.838229e+01	-7.394934e+01
7.370000e-06	-5.346717e-09	-1.111416e-09	-3.839445e+01	-7.393570e+01
7.380000e-06	-5.347958e-09	-1.110817e-09	-3.840336e+01	-7.391710e+01
7.390000e-06	-5.348789e-09	-1.111090e-09	-3.840932e+01	-7.389366e+01
7.400000e-06	-5.349307e-09	-1.110022e-09	-3.841304e+01	-7.386548e+01
