# Temperatura_=_24.1
# Concentracion g/m^3_=_4090.0
# C_Vs_to_Am_M_A/Vsm_=_65563218390.804596
# pendiente_HvsI_1/m_=_3716.3
# ordenada_HvsI_A/m_=_1297.0
# frecuencia_Hz_=_135089.66844890147

Tiempo_(s)	Campo_(V.s)	Magnetizacion_(V.s)	Campo_(kA/m)	Magnetizacion_(A/m)
0.000000e+00	-5.413295e-06	-2.609180e-09	-3.838913e+01	-1.691557e+02
1.000000e-08	-5.413418e-06	-2.610283e-09	-3.839000e+01	-1.691783e+02
2.000000e-08	-5.413337e-06	-2.602612e-09	-3.838943e+01	-1.692012e+02
3.000000e-08	-5.412835e-06	-2.595173e-09	-3.838587e+01	-1.692241e+02
4.000000e-08	-5.411855e-06	-2.591593e-09	-3.837892e+01	-1.692470e+02
5.000000e-08	-5.410350e-06	-2.591572e-09	-3.836825e+01	-1.692699e+02
6.000000e-08	-5.408117e-06	-2.599200e-09	-3.835241e+01	-1.692924e+02
7.000000e-08	-5.405228e-06	-2.611011e-09	-3.833192e+01	-1.693146e+02
8.000000e-08	-5.401878e-06	-2.598346e-09	-3.830817e+01	-1.693362e+02
9.000000e-08	-5.398094e-06	-2.607793e-09	-3.828133e+01	-1.693570e+02
1.000000e-07	-5.393926e-06	-2.670124e-09	-3.825178e+01	-1.693769e+02
1.100000e-07	-5.389466e-06	-2.601176e-09	-3.822015e+01	-1.693957e+02
1.200000e-07	-5.384895e-06	-2.550695e-09	-3.818773e+01	-1.694132e+02
1.300000e-07	-5.380113e-06	-2.572299e-09	-3.815382e+01	-1.694292e+02
1.400000e-07	-5.374797e-06	-2.647961e-09	-3.811612e+01	-1.694435e+02
1.500000e-07	-5.369066e-06	-2.616331e-09	-3.807547e+01	-1.694560e+02
1.600000e-07	-5.363109e-06	-2.494088e-09	-3.803323e+01	-1.694665e+02
1.700000e-07	-5.356789e-06	-2.630089e-09	-3.798841e+01	-1.694747e+02
1.800000e-07	-5.350013e-06	-2.700786e-09	-3.794036e+01	-1.694806e+02
1.900000e-07	-5.342763e-06	-2.646255e-09	-3.788895e+01	-1.694840e+02
2.000000e-07	-5.335282e-06	-2.525227e-09	-3.783590e+01	-1.694847e+02
2.100000e-07	-5.327716e-06	-2.646952e-09	-3.778223e+01	-1.694826e+02
2.200000e-07	-5.319717e-06	-2.681343e-09	-3.772552e+01	-1.694776e+02
2.300000e-07	-5.311400e-06	-2.587849e-09	-3.766653e+01	-1.694694e+02
2.400000e-07	-5.302806e-06	-2.563018e-09	-3.760558e+01	-1.694581e+02
2.500000e-07	-5.293545e-06	-2.678723e-09	-3.753991e+01	-1.694435e+02
2.600000e-07	-5.283442e-06	-2.665873e-09	-3.746826e+01	-1.694255e+02
2.700000e-07	-5.272756e-06	-2.565956e-09	-3.739248e+01	-1.694040e+02
2.800000e-07	-5.261692e-06	-2.620074e-09	-3.731402e+01	-1.693790e+02
2.900000e-07	-5.250217e-06	-2.685577e-09	-3.723264e+01	-1.693504e+02
3.000000e-07	-5.238353e-06	-2.602804e-09	-3.714851e+01	-1.693181e+02
3.100000e-07	-5.226162e-06	-2.550783e-09	-3.706205e+01	-1.692821e+02
3.200000e-07	-5.213588e-06	-2.677502e-09	-3.697288e+01	-1.692423e+02
3.300000e-07	-5.200613e-06	-2.657049e-09	-3.688087e+01	-1.691987e+02
3.400000e-07	-5.187318e-06	-2.560193e-09	-3.678659e+01	-1.691512e+02
3.500000e-07	-5.173544e-06	-2.590573e-09	-3.668890e+01	-1.690998e+02
3.600000e-07	-5.159255e-06	-2.674113e-09	-3.658757e+01	-1.690445e+02
3.700000e-07	-5.144511e-06	-2.590569e-09	-3.648301e+01	-1.689852e+02
3.800000e-07	-5.129356e-06	-2.581465e-09	-3.637554e+01	-1.689219e+02
3.900000e-07	-5.113655e-06	-2.646291e-09	-3.626419e+01	-1.688546e+02
4.000000e-07	-5.097380e-06	-2.638442e-09	-3.614878e+01	-1.687831e+02
4.100000e-07	-5.080705e-06	-2.580432e-09	-3.603052e+01	-1.687076e+02
4.200000e-07	-5.063628e-06	-2.639289e-09	-3.590942e+01	-1.686278e+02
4.300000e-07	-5.046333e-06	-2.620439e-09	-3.578677e+01	-1.685439e+02
4.400000e-07	-5.028837e-06	-2.574663e-09	-3.566270e+01	-1.684556e+02
4.500000e-07	-5.010997e-06	-2.593190e-09	-3.553618e+01	-1.683631e+02
4.600000e-07	-4.992749e-06	-2.638881e-09	-3.540677e+01	-1.682662e+02
4.700000e-07	-4.974068e-06	-2.588492e-09	-3.527430e+01	-1.681648e+02
4.800000e-07	-4.955113e-06	-2.589166e-09	-3.513987e+01	-1.680589e+02
4.900000e-07	-4.935783e-06	-2.615548e-09	-3.500279e+01	-1.679485e+02
5.000000e-07	-4.916099e-06	-2.608180e-09	-3.486320e+01	-1.678335e+02
5.100000e-07	-4.896271e-06	-2.587327e-09	-3.472258e+01	-1.677137e+02
5.200000e-07	-4.876264e-06	-2.595611e-09	-3.458070e+01	-1.675892e+02
5.300000e-07	-4.856003e-06	-2.582035e-09	-3.443702e+01	-1.674599e+02
5.400000e-07	-4.835458e-06	-2.588153e-09	-3.429132e+01	-1.673257e+02
5.500000e-07	-4.814505e-06	-2.604112e-09	-3.414273e+01	-1.671866e+02
5.600000e-07	-4.793136e-06	-2.588816e-09	-3.399119e+01	-1.670424e+02
5.700000e-07	-4.771484e-06	-2.582686e-09	-3.383764e+01	-1.668932e+02
5.800000e-07	-4.749434e-06	-2.598323e-09	-3.368127e+01	-1.667389e+02
5.900000e-07	-4.727018e-06	-2.589311e-09	-3.352230e+01	-1.665795e+02
6.000000e-07	-4.704326e-06	-2.570682e-09	-3.336138e+01	-1.664150e+02
6.100000e-07	-4.681243e-06	-2.577117e-09	-3.319768e+01	-1.662453e+02
6.200000e-07	-4.657850e-06	-2.569138e-09	-3.303179e+01	-1.660704e+02
6.300000e-07	-4.634183e-06	-2.576612e-09	-3.286395e+01	-1.658904e+02
6.400000e-07	-4.610270e-06	-2.580512e-09	-3.269437e+01	-1.657052e+02
6.500000e-07	-4.586251e-06	-2.567603e-09	-3.252404e+01	-1.655149e+02
6.600000e-07	-4.562031e-06	-2.547334e-09	-3.235228e+01	-1.653196e+02
6.700000e-07	-4.537439e-06	-2.562179e-09	-3.217788e+01	-1.651192e+02
6.800000e-07	-4.512417e-06	-2.551112e-09	-3.200043e+01	-1.649139e+02
6.900000e-07	-4.486812e-06	-2.537408e-09	-3.181885e+01	-1.647038e+02
7.000000e-07	-4.460626e-06	-2.531449e-09	-3.163315e+01	-1.644889e+02
7.100000e-07	-4.434053e-06	-2.545595e-09	-3.144470e+01	-1.642693e+02
7.200000e-07	-4.407039e-06	-2.544561e-09	-3.125313e+01	-1.640451e+02
7.300000e-07	-4.379573e-06	-2.544558e-09	-3.105835e+01	-1.638166e+02
7.400000e-07	-4.351845e-06	-2.526196e-09	-3.086171e+01	-1.635837e+02
7.500000e-07	-4.323972e-06	-2.523941e-09	-3.066404e+01	-1.633467e+02
7.600000e-07	-4.295960e-06	-2.521660e-09	-3.046540e+01	-1.631057e+02
7.700000e-07	-4.267716e-06	-2.514945e-09	-3.026510e+01	-1.628608e+02
7.800000e-07	-4.239195e-06	-2.499995e-09	-3.006284e+01	-1.626122e+02
7.900000e-07	-4.210378e-06	-2.504768e-09	-2.985848e+01	-1.623600e+02
8.000000e-07	-4.181164e-06	-2.505457e-09	-2.965131e+01	-1.621044e+02
8.100000e-07	-4.151692e-06	-2.501952e-09	-2.944230e+01	-1.618455e+02
8.200000e-07	-4.121952e-06	-2.492879e-09	-2.923139e+01	-1.615834e+02
8.300000e-07	-4.091917e-06	-2.486678e-09	-2.901839e+01	-1.613182e+02
8.400000e-07	-4.061671e-06	-2.482896e-09	-2.880391e+01	-1.610501e+02
8.500000e-07	-4.031108e-06	-2.482009e-09	-2.858716e+01	-1.607792e+02
8.600000e-07	-4.000276e-06	-2.476631e-09	-2.836851e+01	-1.605054e+02
8.700000e-07	-3.969224e-06	-2.468482e-09	-2.814830e+01	-1.602290e+02
8.800000e-07	-3.937952e-06	-2.465759e-09	-2.792653e+01	-1.599498e+02
8.900000e-07	-3.906501e-06	-2.462994e-09	-2.770350e+01	-1.596679e+02
9.000000e-07	-3.874832e-06	-2.459444e-09	-2.747891e+01	-1.593834e+02
9.100000e-07	-3.842962e-06	-2.451115e-09	-2.725290e+01	-1.590961e+02
9.200000e-07	-3.810909e-06	-2.448270e-09	-2.702559e+01	-1.588060e+02
9.300000e-07	-3.778653e-06	-2.442353e-09	-2.679684e+01	-1.585131e+02
9.400000e-07	-3.746096e-06	-2.437372e-09	-2.656596e+01	-1.582171e+02
9.500000e-07	-3.713198e-06	-2.426260e-09	-2.633266e+01	-1.579180e+02
9.600000e-07	-3.679984e-06	-2.424524e-09	-2.609711e+01	-1.576157e+02
9.700000e-07	-3.646300e-06	-2.420167e-09	-2.585825e+01	-1.573098e+02
9.800000e-07	-3.612108e-06	-2.415908e-09	-2.561577e+01	-1.570002e+02
9.900000e-07	-3.577486e-06	-2.407954e-09	-2.537024e+01	-1.566867e+02
1.000000e-06	-3.542479e-06	-2.407833e-09	-2.512198e+01	-1.563689e+02
1.010000e-06	-3.507240e-06	-2.403911e-09	-2.487208e+01	-1.560466e+02
1.020000e-06	-3.471809e-06	-2.400185e-09	-2.462081e+01	-1.557195e+02
1.030000e-06	-3.436075e-06	-2.387593e-09	-2.436741e+01	-1.553872e+02
1.040000e-06	-3.400148e-06	-2.380563e-09	-2.411262e+01	-1.550494e+02
1.050000e-06	-3.364178e-06	-2.374564e-09	-2.385754e+01	-1.547058e+02
1.060000e-06	-3.328120e-06	-2.368498e-09	-2.360182e+01	-1.543560e+02
1.070000e-06	-3.291746e-06	-2.358074e-09	-2.334387e+01	-1.539996e+02
1.080000e-06	-3.255039e-06	-2.353918e-09	-2.308356e+01	-1.536362e+02
1.090000e-06	-3.218153e-06	-2.348546e-09	-2.282198e+01	-1.532655e+02
1.100000e-06	-3.181054e-06	-2.341401e-09	-2.255889e+01	-1.528871e+02
1.110000e-06	-3.143789e-06	-2.330615e-09	-2.229461e+01	-1.525005e+02
1.120000e-06	-3.106331e-06	-2.324400e-09	-2.202898e+01	-1.521055e+02
1.130000e-06	-3.068618e-06	-2.321408e-09	-2.176153e+01	-1.517017e+02
1.140000e-06	-3.030721e-06	-2.315060e-09	-2.149278e+01	-1.512887e+02
1.150000e-06	-2.992573e-06	-2.304044e-09	-2.122225e+01	-1.508662e+02
1.160000e-06	-2.954190e-06	-2.291988e-09	-2.095005e+01	-1.504338e+02
1.170000e-06	-2.915632e-06	-2.284424e-09	-2.067661e+01	-1.499912e+02
1.180000e-06	-2.876877e-06	-2.277702e-09	-2.040178e+01	-1.495383e+02
1.190000e-06	-2.837862e-06	-2.268199e-09	-2.012509e+01	-1.490746e+02
1.200000e-06	-2.798667e-06	-2.257905e-09	-1.984713e+01	-1.485999e+02
1.210000e-06	-2.759360e-06	-2.253384e-09	-1.956838e+01	-1.481139e+02
1.220000e-06	-2.719823e-06	-2.248321e-09	-1.928800e+01	-1.476166e+02
1.230000e-06	-2.680148e-06	-2.239423e-09	-1.900664e+01	-1.471075e+02
1.240000e-06	-2.640394e-06	-2.224811e-09	-1.872472e+01	-1.465866e+02
1.250000e-06	-2.600532e-06	-2.217603e-09	-1.844204e+01	-1.460536e+02
1.260000e-06	-2.560559e-06	-2.211190e-09	-1.815856e+01	-1.455084e+02
1.270000e-06	-2.520409e-06	-2.202811e-09	-1.787383e+01	-1.449507e+02
1.280000e-06	-2.480134e-06	-2.190447e-09	-1.758821e+01	-1.443805e+02
1.290000e-06	-2.439817e-06	-2.179274e-09	-1.730230e+01	-1.437974e+02
1.300000e-06	-2.399352e-06	-2.169373e-09	-1.701534e+01	-1.432014e+02
1.310000e-06	-2.358577e-06	-2.162070e-09	-1.672618e+01	-1.425923e+02
1.320000e-06	-2.317501e-06	-2.152741e-09	-1.643488e+01	-1.419697e+02
1.330000e-06	-2.276246e-06	-2.144247e-09	-1.614231e+01	-1.413335e+02
1.340000e-06	-2.234716e-06	-2.135418e-09	-1.584780e+01	-1.406834e+02
1.350000e-06	-2.192871e-06	-2.128121e-09	-1.555105e+01	-1.400190e+02
1.360000e-06	-2.150862e-06	-2.116506e-09	-1.525313e+01	-1.393401e+02
1.370000e-06	-2.108510e-06	-2.103533e-09	-1.495279e+01	-1.386463e+02
1.380000e-06	-2.065840e-06	-2.091603e-09	-1.465019e+01	-1.379370e+02
1.390000e-06	-2.022976e-06	-2.081167e-09	-1.434621e+01	-1.372119e+02
1.400000e-06	-1.979883e-06	-2.069934e-09	-1.404061e+01	-1.364702e+02
1.410000e-06	-1.936657e-06	-2.059468e-09	-1.373407e+01	-1.357115e+02
1.420000e-06	-1.893340e-06	-2.049198e-09	-1.342688e+01	-1.349349e+02
1.430000e-06	-1.849881e-06	-2.039613e-09	-1.311869e+01	-1.341397e+02
1.440000e-06	-1.806239e-06	-2.028489e-09	-1.280919e+01	-1.333250e+02
1.450000e-06	-1.762521e-06	-2.012655e-09	-1.249916e+01	-1.324899e+02
1.460000e-06	-1.718783e-06	-1.995089e-09	-1.218899e+01	-1.316333e+02
1.470000e-06	-1.674944e-06	-1.979320e-09	-1.187810e+01	-1.307541e+02
1.480000e-06	-1.630918e-06	-1.963126e-09	-1.156588e+01	-1.298510e+02
1.490000e-06	-1.586815e-06	-1.943904e-09	-1.125312e+01	-1.289228e+02
1.500000e-06	-1.542734e-06	-1.926208e-09	-1.094051e+01	-1.279681e+02
1.510000e-06	-1.498604e-06	-1.912617e-09	-1.062756e+01	-1.269854e+02
1.520000e-06	-1.454308e-06	-1.898748e-09	-1.031343e+01	-1.259731e+02
1.530000e-06	-1.409929e-06	-1.881086e-09	-9.998709e+00	-1.249295e+02
1.540000e-06	-1.365527e-06	-1.860761e-09	-9.683822e+00	-1.238529e+02
1.550000e-06	-1.321083e-06	-1.838152e-09	-9.368641e+00	-1.227415e+02
1.560000e-06	-1.276554e-06	-1.812390e-09	-9.052863e+00	-1.215935e+02
1.570000e-06	-1.231889e-06	-1.783409e-09	-8.736110e+00	-1.204070e+02
1.580000e-06	-1.187139e-06	-1.759668e-09	-8.418764e+00	-1.191799e+02
1.590000e-06	-1.142323e-06	-1.740803e-09	-8.100941e+00	-1.179102e+02
1.600000e-06	-1.097414e-06	-1.724836e-09	-7.782466e+00	-1.165959e+02
1.610000e-06	-1.052326e-06	-1.706816e-09	-7.462719e+00	-1.152350e+02
1.620000e-06	-1.007115e-06	-1.687091e-09	-7.142097e+00	-1.138254e+02
1.630000e-06	-9.618525e-07	-1.666054e-09	-6.821111e+00	-1.123651e+02
1.640000e-06	-9.165702e-07	-1.640297e-09	-6.499985e+00	-1.108519e+02
1.650000e-06	-8.712352e-07	-1.608136e-09	-6.178485e+00	-1.092840e+02
1.660000e-06	-8.258311e-07	-1.576121e-09	-5.856496e+00	-1.076593e+02
1.670000e-06	-7.803384e-07	-1.547734e-09	-5.533878e+00	-1.059760e+02
1.680000e-06	-7.347651e-07	-1.524447e-09	-5.210689e+00	-1.042323e+02
1.690000e-06	-6.892145e-07	-1.501342e-09	-4.887660e+00	-1.024265e+02
1.700000e-06	-6.436435e-07	-1.475726e-09	-4.564487e+00	-1.005569e+02
1.710000e-06	-5.979863e-07	-1.446615e-09	-4.240703e+00	-9.862201e+01
1.720000e-06	-5.522183e-07	-1.416902e-09	-3.916133e+00	-9.662059e+01
1.730000e-06	-5.064216e-07	-1.386902e-09	-3.591359e+00	-9.455138e+01
1.740000e-06	-4.606332e-07	-1.349864e-09	-3.266645e+00	-9.241335e+01
1.750000e-06	-4.148642e-07	-1.309186e-09	-2.942067e+00	-9.020564e+01
1.760000e-06	-3.690430e-07	-1.274997e-09	-2.617119e+00	-8.792758e+01
1.770000e-06	-3.231554e-07	-1.246067e-09	-2.291702e+00	-8.557869e+01
1.780000e-06	-2.771433e-07	-1.215631e-09	-1.965400e+00	-8.315871e+01
1.790000e-06	-2.311245e-07	-1.178804e-09	-1.639051e+00	-8.066759e+01
1.800000e-06	-1.852383e-07	-1.140354e-09	-1.313643e+00	-7.810552e+01
1.810000e-06	-1.393028e-07	-1.105629e-09	-9.878853e-01	-7.547290e+01
1.820000e-06	-9.339789e-08	-1.069622e-09	-6.623441e-01	-7.277039e+01
1.830000e-06	-4.752538e-08	-1.027604e-09	-3.370328e-01	-6.999888e+01
1.840000e-06	-1.664261e-09	-9.845174e-10	-1.180234e-02	-6.715950e+01
1.850000e-06	4.415501e-08	-9.448843e-10	3.131314e-01	-6.425364e+01
1.860000e-06	9.007407e-08	-9.028902e-10	6.387728e-01	-6.128292e+01
1.870000e-06	1.360777e-07	-8.573180e-10	9.650142e-01	-5.824921e+01
1.880000e-06	1.819929e-07	-8.078375e-10	1.290628e+00	-5.515461e+01
1.890000e-06	2.279095e-07	-7.569651e-10	1.616252e+00	-5.200147e+01
1.900000e-06	2.738191e-07	-7.073642e-10	1.941826e+00	-4.879234e+01
1.910000e-06	3.196930e-07	-6.586711e-10	2.267147e+00	-4.553003e+01
1.920000e-06	3.655654e-07	-6.098284e-10	2.592457e+00	-4.221751e+01
1.930000e-06	4.113982e-07	-5.590056e-10	2.917487e+00	-3.885797e+01
1.940000e-06	4.571798e-07	-5.064338e-10	3.242154e+00	-3.545481e+01
1.950000e-06	5.029002e-07	-4.545616e-10	3.566387e+00	-3.201155e+01
1.960000e-06	5.485272e-07	-3.990651e-10	3.889957e+00	-2.853191e+01
1.970000e-06	5.942139e-07	-3.425577e-10	4.213950e+00	-2.501973e+01
1.980000e-06	6.399608e-07	-2.859511e-10	4.538371e+00	-2.147898e+01
1.990000e-06	6.855678e-07	-2.313341e-10	4.861799e+00	-1.791373e+01
2.000000e-06	7.311111e-07	-1.775402e-10	5.184776e+00	-1.432815e+01
2.010000e-06	7.766741e-07	-1.231954e-10	5.507892e+00	-1.072648e+01
2.020000e-06	8.221945e-07	-6.900991e-11	5.830706e+00	-7.112986e+00
2.030000e-06	8.675624e-07	-1.525228e-11	6.152439e+00	-3.491996e+00
2.040000e-06	9.129101e-07	3.794323e-11	6.474029e+00	1.321676e-01
2.050000e-06	9.582271e-07	9.119123e-11	6.795401e+00	3.755188e+00
2.060000e-06	1.003393e-06	1.441043e-10	7.115701e+00	7.372774e+00
2.070000e-06	1.048507e-06	1.982904e-10	7.435636e+00	1.098069e+01
2.080000e-06	1.093541e-06	2.512973e-10	7.754997e+00	1.457474e+01
2.090000e-06	1.138392e-06	3.042258e-10	8.073066e+00	1.815086e+01
2.100000e-06	1.183136e-06	3.565228e-10	8.390370e+00	2.170504e+01
2.110000e-06	1.227777e-06	4.060398e-10	8.706949e+00	2.523342e+01
2.120000e-06	1.272315e-06	4.531832e-10	9.022796e+00	2.873226e+01
2.130000e-06	1.316802e-06	5.019925e-10	9.338282e+00	3.219797e+01
2.140000e-06	1.361176e-06	5.533730e-10	9.652971e+00	3.562712e+01
2.150000e-06	1.405513e-06	6.039539e-10	9.967391e+00	3.901647e+01
2.160000e-06	1.449886e-06	6.507503e-10	1.028207e+01	4.236296e+01
2.170000e-06	1.494141e-06	6.982440e-10	1.059591e+01	4.566372e+01
2.180000e-06	1.538281e-06	7.453606e-10	1.090893e+01	4.891609e+01
2.190000e-06	1.582351e-06	7.905020e-10	1.122146e+01	5.211762e+01
2.200000e-06	1.626354e-06	8.333097e-10	1.153351e+01	5.526609e+01
2.210000e-06	1.670319e-06	8.749438e-10	1.184530e+01	5.835947e+01
2.220000e-06	1.714200e-06	9.179784e-10	1.215649e+01	6.139600e+01
2.230000e-06	1.757978e-06	9.618990e-10	1.246694e+01	6.437410e+01
2.240000e-06	1.801666e-06	1.004198e-09	1.277677e+01	6.729244e+01
2.250000e-06	1.845253e-06	1.045626e-09	1.308587e+01	7.014992e+01
2.260000e-06	1.888728e-06	1.087517e-09	1.339418e+01	7.294565e+01
2.270000e-06	1.932053e-06	1.128207e-09	1.370142e+01	7.567894e+01
2.280000e-06	1.975262e-06	1.167254e-09	1.400784e+01	7.834933e+01
2.290000e-06	2.018405e-06	1.206210e-09	1.431380e+01	8.095656e+01
2.300000e-06	2.061346e-06	1.244101e-09	1.461832e+01	8.350055e+01
2.310000e-06	2.103982e-06	1.278677e-09	1.492068e+01	8.598144e+01
2.320000e-06	2.146324e-06	1.311988e-09	1.522095e+01	8.839951e+01
2.330000e-06	2.188413e-06	1.344709e-09	1.551944e+01	9.075522e+01
2.340000e-06	2.230361e-06	1.376914e-09	1.581691e+01	9.304918e+01
2.350000e-06	2.272107e-06	1.410590e-09	1.611296e+01	9.528215e+01
2.360000e-06	2.313504e-06	1.445205e-09	1.640653e+01	9.745501e+01
2.370000e-06	2.354624e-06	1.478272e-09	1.669814e+01	9.956876e+01
2.380000e-06	2.395466e-06	1.509875e-09	1.698778e+01	1.016245e+02
2.390000e-06	2.436060e-06	1.538435e-09	1.727566e+01	1.036234e+02
2.400000e-06	2.476526e-06	1.563300e-09	1.756263e+01	1.055668e+02
2.410000e-06	2.516813e-06	1.586769e-09	1.784833e+01	1.074560e+02
2.420000e-06	2.556895e-06	1.613419e-09	1.813258e+01	1.092924e+02
2.430000e-06	2.596841e-06	1.643238e-09	1.841586e+01	1.110774e+02
2.440000e-06	2.636728e-06	1.672777e-09	1.869872e+01	1.128124e+02
2.450000e-06	2.676448e-06	1.701812e-09	1.898040e+01	1.144990e+02
2.460000e-06	2.716033e-06	1.729016e-09	1.926113e+01	1.161386e+02
2.470000e-06	2.755603e-06	1.754614e-09	1.954174e+01	1.177326e+02
2.480000e-06	2.794920e-06	1.781227e-09	1.982056e+01	1.192826e+02
2.490000e-06	2.833925e-06	1.802159e-09	2.009717e+01	1.207899e+02
2.500000e-06	2.872697e-06	1.820506e-09	2.037213e+01	1.222560e+02
2.510000e-06	2.911342e-06	1.841371e-09	2.064618e+01	1.236822e+02
2.520000e-06	2.949818e-06	1.861535e-09	2.091905e+01	1.250699e+02
2.530000e-06	2.988016e-06	1.880217e-09	2.118993e+01	1.264202e+02
2.540000e-06	3.026008e-06	1.899322e-09	2.145935e+01	1.277344e+02
2.550000e-06	3.063841e-06	1.921182e-09	2.172765e+01	1.290137e+02
2.560000e-06	3.101459e-06	1.943937e-09	2.199442e+01	1.302592e+02
2.570000e-06	3.138896e-06	1.961133e-09	2.225992e+01	1.314719e+02
2.580000e-06	3.176186e-06	1.975020e-09	2.252437e+01	1.326527e+02
2.590000e-06	3.213208e-06	1.992119e-09	2.278691e+01	1.338025e+02
2.600000e-06	3.250013e-06	2.007897e-09	2.304792e+01	1.349223e+02
2.610000e-06	3.286616e-06	2.021067e-09	2.330750e+01	1.360128e+02
2.620000e-06	3.322991e-06	2.036559e-09	2.356545e+01	1.370747e+02
2.630000e-06	3.359181e-06	2.054199e-09	2.382210e+01	1.381087e+02
2.640000e-06	3.395203e-06	2.073746e-09	2.407756e+01	1.391155e+02
2.650000e-06	3.431064e-06	2.091675e-09	2.433187e+01	1.400955e+02
2.660000e-06	3.466783e-06	2.103132e-09	2.458517e+01	1.410494e+02
2.670000e-06	3.502341e-06	2.114337e-09	2.483734e+01	1.419776e+02
2.680000e-06	3.537695e-06	2.128434e-09	2.508806e+01	1.428805e+02
2.690000e-06	3.572768e-06	2.139599e-09	2.533678e+01	1.437587e+02
2.700000e-06	3.607391e-06	2.147800e-09	2.558232e+01	1.446124e+02
2.710000e-06	3.641651e-06	2.161056e-09	2.582527e+01	1.454422e+02
2.720000e-06	3.675619e-06	2.180158e-09	2.606616e+01	1.462483e+02
2.730000e-06	3.709031e-06	2.198207e-09	2.630311e+01	1.470311e+02
2.740000e-06	3.741964e-06	2.207406e-09	2.653665e+01	1.477910e+02
2.750000e-06	3.774585e-06	2.215500e-09	2.676800e+01	1.485283e+02
2.760000e-06	3.806958e-06	2.223113e-09	2.699757e+01	1.492433e+02
2.770000e-06	3.839146e-06	2.229023e-09	2.722584e+01	1.499365e+02
2.780000e-06	3.871109e-06	2.235822e-09	2.745251e+01	1.506081e+02
2.790000e-06	3.902913e-06	2.246047e-09	2.767805e+01	1.512587e+02
2.800000e-06	3.934482e-06	2.261598e-09	2.790193e+01	1.518885e+02
2.810000e-06	3.965739e-06	2.278028e-09	2.812359e+01	1.524979e+02
2.820000e-06	3.996783e-06	2.293462e-09	2.834374e+01	1.530875e+02
2.830000e-06	4.027547e-06	2.304716e-09	2.856191e+01	1.536577e+02
2.840000e-06	4.058048e-06	2.311686e-09	2.877821e+01	1.542089e+02
2.850000e-06	4.088231e-06	2.318276e-09	2.899226e+01	1.547416e+02
2.860000e-06	4.118022e-06	2.323495e-09	2.920353e+01	1.552563e+02
2.870000e-06	4.147614e-06	2.328280e-09	2.941338e+01	1.557536e+02
2.880000e-06	4.177071e-06	2.337677e-09	2.962228e+01	1.562339e+02
2.890000e-06	4.206282e-06	2.353001e-09	2.982944e+01	1.566980e+02
2.900000e-06	4.235096e-06	2.369883e-09	3.003377e+01	1.571462e+02
2.910000e-06	4.263678e-06	2.379841e-09	3.023646e+01	1.575793e+02
2.920000e-06	4.292060e-06	2.384923e-09	3.043774e+01	1.579978e+02
2.930000e-06	4.320141e-06	2.386585e-09	3.063688e+01	1.584023e+02
2.940000e-06	4.348031e-06	2.388451e-09	3.083467e+01	1.587934e+02
2.950000e-06	4.375711e-06	2.390176e-09	3.103096e+01	1.591717e+02
2.960000e-06	4.403137e-06	2.391483e-09	3.122546e+01	1.595378e+02
2.970000e-06	4.430243e-06	2.398809e-09	3.141769e+01	1.598923e+02
2.980000e-06	4.457003e-06	2.413686e-09	3.160746e+01	1.602357e+02
2.990000e-06	4.483215e-06	2.426553e-09	3.179334e+01	1.605687e+02
3.000000e-06	4.508840e-06	2.432576e-09	3.197506e+01	1.608917e+02
3.010000e-06	4.533943e-06	2.436003e-09	3.215309e+01	1.612053e+02
3.020000e-06	4.558515e-06	2.437369e-09	3.232734e+01	1.615100e+02
3.030000e-06	4.582805e-06	2.438086e-09	3.249960e+01	1.618063e+02
3.040000e-06	4.606922e-06	2.439985e-09	3.267063e+01	1.620945e+02
3.050000e-06	4.630766e-06	2.444700e-09	3.283972e+01	1.623752e+02
3.060000e-06	4.654346e-06	2.455008e-09	3.300694e+01	1.626487e+02
3.070000e-06	4.677657e-06	2.466765e-09	3.317225e+01	1.629153e+02
3.080000e-06	4.700661e-06	2.473216e-09	3.333539e+01	1.631754e+02
3.090000e-06	4.723360e-06	2.474083e-09	3.349636e+01	1.634293e+02
3.100000e-06	4.745705e-06	2.474740e-09	3.365483e+01	1.636772e+02
3.110000e-06	4.767729e-06	2.475290e-09	3.381101e+01	1.639192e+02
3.120000e-06	4.789472e-06	2.476235e-09	3.396520e+01	1.641557e+02
3.130000e-06	4.810863e-06	2.479305e-09	3.411690e+01	1.643867e+02
3.140000e-06	4.831923e-06	2.484475e-09	3.426625e+01	1.646123e+02
3.150000e-06	4.852688e-06	2.492324e-09	3.441351e+01	1.648326e+02
3.160000e-06	4.873178e-06	2.497511e-09	3.455882e+01	1.650477e+02
3.170000e-06	4.893374e-06	2.500104e-09	3.470204e+01	1.652576e+02
3.180000e-06	4.913290e-06	2.502513e-09	3.484328e+01	1.654622e+02
3.190000e-06	4.933013e-06	2.503484e-09	3.498314e+01	1.656617e+02
3.200000e-06	4.952481e-06	2.505465e-09	3.512120e+01	1.658558e+02
3.210000e-06	4.971540e-06	2.509862e-09	3.525637e+01	1.660447e+02
3.220000e-06	4.990189e-06	2.514687e-09	3.538862e+01	1.662281e+02
3.230000e-06	5.008438e-06	2.521845e-09	3.551804e+01	1.664061e+02
3.240000e-06	5.026166e-06	2.528027e-09	3.564376e+01	1.665785e+02
3.250000e-06	5.043635e-06	2.529288e-09	3.576764e+01	1.667453e+02
3.260000e-06	5.060914e-06	2.528896e-09	3.589017e+01	1.669064e+02
3.270000e-06	5.077752e-06	2.530045e-09	3.600959e+01	1.670616e+02
3.280000e-06	5.094247e-06	2.530727e-09	3.612656e+01	1.672110e+02
3.290000e-06	5.110434e-06	2.531590e-09	3.624135e+01	1.673544e+02
3.300000e-06	5.126255e-06	2.533014e-09	3.635355e+01	1.674918e+02
3.310000e-06	5.141481e-06	2.536937e-09	3.646153e+01	1.676232e+02
3.320000e-06	5.156086e-06	2.545439e-09	3.656510e+01	1.677484e+02
3.330000e-06	5.170409e-06	2.552097e-09	3.666667e+01	1.678677e+02
3.340000e-06	5.184374e-06	2.550748e-09	3.676571e+01	1.679808e+02
3.350000e-06	5.197894e-06	2.546115e-09	3.686159e+01	1.680880e+02
3.360000e-06	5.211149e-06	2.543390e-09	3.695559e+01	1.681891e+02
3.370000e-06	5.224048e-06	2.542084e-09	3.704706e+01	1.682844e+02
3.380000e-06	5.236494e-06	2.541052e-09	3.713533e+01	1.683739e+02
3.390000e-06	5.248572e-06	2.545021e-09	3.722098e+01	1.684578e+02
3.400000e-06	5.260224e-06	2.555914e-09	3.730361e+01	1.685362e+02
3.410000e-06	5.271485e-06	2.566059e-09	3.738347e+01	1.686092e+02
3.420000e-06	5.282340e-06	2.570535e-09	3.746044e+01	1.686771e+02
3.430000e-06	5.292706e-06	2.568567e-09	3.753396e+01	1.687401e+02
3.440000e-06	5.302501e-06	2.562867e-09	3.760342e+01	1.687983e+02
3.450000e-06	5.311630e-06	2.558131e-09	3.766816e+01	1.688521e+02
3.460000e-06	5.320232e-06	2.557720e-09	3.772916e+01	1.689018e+02
3.470000e-06	5.328504e-06	2.562426e-09	3.778783e+01	1.689475e+02
3.480000e-06	5.336503e-06	2.571242e-09	3.784455e+01	1.689896e+02
3.490000e-06	5.344296e-06	2.578673e-09	3.789982e+01	1.690283e+02
3.500000e-06	5.351832e-06	2.581225e-09	3.795326e+01	1.690640e+02
3.510000e-06	5.358943e-06	2.580628e-09	3.800369e+01	1.690969e+02
3.520000e-06	5.365627e-06	2.579350e-09	3.805109e+01	1.691273e+02
3.530000e-06	5.371974e-06	2.577490e-09	3.809610e+01	1.691556e+02
3.540000e-06	5.378021e-06	2.577997e-09	3.813898e+01	1.691820e+02
3.550000e-06	5.383744e-06	2.578392e-09	3.817957e+01	1.692068e+02
3.560000e-06	5.388987e-06	2.579751e-09	3.821675e+01	1.692303e+02
3.570000e-06	5.393801e-06	2.581991e-09	3.825089e+01	1.692527e+02
3.580000e-06	5.398347e-06	2.584697e-09	3.828313e+01	1.692742e+02
3.590000e-06	5.402544e-06	2.588579e-09	3.831289e+01	1.692951e+02
3.600000e-06	5.406465e-06	2.594865e-09	3.834070e+01	1.693155e+02
3.610000e-06	5.410167e-06	2.602143e-09	3.836695e+01	1.693358e+02
3.620000e-06	5.413512e-06	2.601579e-09	3.839067e+01	1.693559e+02
3.630000e-06	5.416463e-06	2.592123e-09	3.841160e+01	1.693761e+02
3.640000e-06	5.418948e-06	2.580623e-09	3.842922e+01	1.693965e+02
3.650000e-06	5.420810e-06	2.577777e-09	3.844243e+01	1.694171e+02
3.660000e-06	5.422046e-06	2.582271e-09	3.845120e+01	1.694380e+02
3.670000e-06	5.422784e-06	2.589672e-09	3.845642e+01	1.694593e+02
3.680000e-06	5.423198e-06	2.595556e-09	3.845936e+01	1.694809e+02
3.690000e-06	5.423288e-06	2.602759e-09	3.846000e+01	1.695030e+02
3.700000e-06	5.423105e-06	2.610031e-09	3.845870e+01	1.695253e+02
3.710000e-06	5.422604e-06	2.604804e-09	3.845515e+01	1.695480e+02
3.720000e-06	5.421740e-06	2.590881e-09	3.844902e+01	1.695708e+02
3.730000e-06	5.420584e-06	2.584451e-09	3.844083e+01	1.695938e+02
3.740000e-06	5.419110e-06	2.587225e-09	3.843037e+01	1.696168e+02
3.750000e-06	5.417251e-06	2.592125e-09	3.841718e+01	1.696397e+02
3.760000e-06	5.415028e-06	2.574187e-09	3.840142e+01	1.696624e+02
3.770000e-06	5.412492e-06	2.582343e-09	3.838344e+01	1.696846e+02
3.780000e-06	5.409583e-06	2.616551e-09	3.836281e+01	1.697063e+02
3.790000e-06	5.406175e-06	2.547563e-09	3.833864e+01	1.697272e+02
3.800000e-06	5.402317e-06	2.550882e-09	3.831128e+01	1.697473e+02
3.810000e-06	5.398181e-06	2.635975e-09	3.828195e+01	1.697662e+02
3.820000e-06	5.393842e-06	2.611415e-09	3.825118e+01	1.697839e+02
3.830000e-06	5.389297e-06	2.568429e-09	3.821895e+01	1.698001e+02
3.840000e-06	5.384304e-06	2.509884e-09	3.818354e+01	1.698146e+02
3.850000e-06	5.378561e-06	2.646934e-09	3.814281e+01	1.698273e+02
3.860000e-06	5.372315e-06	2.655906e-09	3.809852e+01	1.698380e+02
3.870000e-06	5.365972e-06	2.508297e-09	3.805353e+01	1.698465e+02
3.880000e-06	5.359044e-06	2.521267e-09	3.800441e+01	1.698527e+02
3.890000e-06	5.351317e-06	2.665630e-09	3.794961e+01	1.698563e+02
3.900000e-06	5.343297e-06	2.675923e-09	3.789273e+01	1.698573e+02
3.910000e-06	5.335140e-06	2.471348e-09	3.783488e+01	1.698555e+02
3.920000e-06	5.326578e-06	2.550411e-09	3.777417e+01	1.698507e+02
3.930000e-06	5.317613e-06	2.685730e-09	3.771059e+01	1.698429e+02
3.940000e-06	5.308422e-06	2.604520e-09	3.764541e+01	1.698319e+02
3.950000e-06	5.298994e-06	2.432997e-09	3.757855e+01	1.698176e+02
3.960000e-06	5.289175e-06	2.600793e-09	3.750892e+01	1.697999e+02
3.970000e-06	5.278900e-06	2.717655e-09	3.743605e+01	1.697788e+02
3.980000e-06	5.268350e-06	2.549043e-09	3.736124e+01	1.697542e+02
3.990000e-06	5.257401e-06	2.486168e-09	3.728359e+01	1.697259e+02
4.000000e-06	5.245950e-06	2.681335e-09	3.720238e+01	1.696940e+02
4.010000e-06	5.234171e-06	2.677959e-09	3.711885e+01	1.696583e+02
4.020000e-06	5.222109e-06	2.480413e-09	3.703331e+01	1.696189e+02
4.030000e-06	5.209572e-06	2.545062e-09	3.694440e+01	1.695756e+02
4.040000e-06	5.196527e-06	2.710798e-09	3.685189e+01	1.695285e+02
4.050000e-06	5.182963e-06	2.584355e-09	3.675570e+01	1.694775e+02
4.060000e-06	5.168739e-06	2.495452e-09	3.665483e+01	1.694226e+02
4.070000e-06	5.153776e-06	2.654254e-09	3.654872e+01	1.693637e+02
4.080000e-06	5.138318e-06	2.656723e-09	3.643910e+01	1.693008e+02
4.090000e-06	5.122607e-06	2.511472e-09	3.632768e+01	1.692338e+02
4.100000e-06	5.106554e-06	2.557749e-09	3.621384e+01	1.691628e+02
4.110000e-06	5.090311e-06	2.646320e-09	3.609865e+01	1.690876e+02
4.120000e-06	5.073874e-06	2.541044e-09	3.598208e+01	1.690083e+02
4.130000e-06	5.056968e-06	2.554494e-09	3.586219e+01	1.689247e+02
4.140000e-06	5.039648e-06	2.637376e-09	3.573936e+01	1.688369e+02
4.150000e-06	5.021999e-06	2.593532e-09	3.561421e+01	1.687448e+02
4.160000e-06	5.003988e-06	2.537149e-09	3.548648e+01	1.686482e+02
4.170000e-06	4.985646e-06	2.614820e-09	3.535640e+01	1.685473e+02
4.180000e-06	4.967039e-06	2.587176e-09	3.522445e+01	1.684419e+02
4.190000e-06	4.948079e-06	2.537337e-09	3.508999e+01	1.683319e+02
4.200000e-06	4.928787e-06	2.562139e-09	3.495318e+01	1.682173e+02
4.210000e-06	4.909293e-06	2.586773e-09	3.481494e+01	1.680980e+02
4.220000e-06	4.889502e-06	2.560445e-09	3.467458e+01	1.679739e+02
4.230000e-06	4.869448e-06	2.584342e-09	3.453237e+01	1.678451e+02
4.240000e-06	4.849088e-06	2.570126e-09	3.438798e+01	1.677113e+02
4.250000e-06	4.828450e-06	2.553217e-09	3.424162e+01	1.675726e+02
4.260000e-06	4.807462e-06	2.567611e-09	3.409278e+01	1.674289e+02
4.270000e-06	4.785803e-06	2.554555e-09	3.393919e+01	1.672802e+02
4.280000e-06	4.763558e-06	2.525292e-09	3.378144e+01	1.671264e+02
4.290000e-06	4.740882e-06	2.554657e-09	3.362063e+01	1.669675e+02
4.300000e-06	4.717748e-06	2.552593e-09	3.345657e+01	1.668034e+02
4.310000e-06	4.694231e-06	2.535200e-09	3.328979e+01	1.666342e+02
4.320000e-06	4.670383e-06	2.552603e-09	3.312067e+01	1.664598e+02
4.330000e-06	4.646304e-06	2.541027e-09	3.294991e+01	1.662803e+02
4.340000e-06	4.622104e-06	2.511030e-09	3.277829e+01	1.660956e+02
4.350000e-06	4.597670e-06	2.532925e-09	3.260502e+01	1.659058e+02
4.360000e-06	4.572854e-06	2.535325e-09	3.242903e+01	1.657109e+02
4.370000e-06	4.547659e-06	2.507783e-09	3.225035e+01	1.655110e+02
4.380000e-06	4.522115e-06	2.530726e-09	3.206921e+01	1.653062e+02
4.390000e-06	4.496298e-06	2.543209e-09	3.188612e+01	1.650965e+02
4.400000e-06	4.470241e-06	2.526425e-09	3.170133e+01	1.648820e+02
4.410000e-06	4.443833e-06	2.518345e-09	3.151406e+01	1.646628e+02
4.420000e-06	4.417037e-06	2.520552e-09	3.132403e+01	1.644391e+02
4.430000e-06	4.389984e-06	2.507912e-09	3.113218e+01	1.642110e+02
4.440000e-06	4.362589e-06	2.511783e-09	3.093790e+01	1.639785e+02
4.450000e-06	4.334864e-06	2.502395e-09	3.074129e+01	1.637419e+02
4.460000e-06	4.306961e-06	2.500623e-09	3.054341e+01	1.635013e+02
4.470000e-06	4.278856e-06	2.509238e-09	3.034410e+01	1.632568e+02
4.480000e-06	4.250568e-06	2.509838e-09	3.014349e+01	1.630085e+02
4.490000e-06	4.222101e-06	2.489587e-09	2.994161e+01	1.627567e+02
4.500000e-06	4.193383e-06	2.489550e-09	2.973795e+01	1.625014e+02
4.510000e-06	4.164217e-06	2.484845e-09	2.953113e+01	1.622428e+02
4.520000e-06	4.134474e-06	2.482386e-09	2.932019e+01	1.619810e+02
4.530000e-06	4.104228e-06	2.478545e-09	2.910570e+01	1.617162e+02
4.540000e-06	4.073567e-06	2.478897e-09	2.888827e+01	1.614484e+02
4.550000e-06	4.042473e-06	2.476300e-09	2.866776e+01	1.611777e+02
4.560000e-06	4.011016e-06	2.479571e-09	2.844468e+01	1.609042e+02
4.570000e-06	3.979282e-06	2.472784e-09	2.821963e+01	1.606280e+02
4.580000e-06	3.947347e-06	2.467425e-09	2.799316e+01	1.603491e+02
4.590000e-06	3.915274e-06	2.463655e-09	2.776571e+01	1.600675e+02
4.600000e-06	3.882985e-06	2.463776e-09	2.753673e+01	1.597832e+02
4.610000e-06	3.850479e-06	2.463283e-09	2.730621e+01	1.594962e+02
4.620000e-06	3.817783e-06	2.457388e-09	2.707434e+01	1.592065e+02
4.630000e-06	3.784758e-06	2.447867e-09	2.684014e+01	1.589138e+02
4.640000e-06	3.751431e-06	2.445125e-09	2.660379e+01	1.586182e+02
4.650000e-06	3.717954e-06	2.441715e-09	2.636638e+01	1.583194e+02
4.660000e-06	3.684246e-06	2.430304e-09	2.612734e+01	1.580174e+02
4.670000e-06	3.650286e-06	2.425216e-09	2.588651e+01	1.577118e+02
4.680000e-06	3.616123e-06	2.423636e-09	2.564424e+01	1.574026e+02
4.690000e-06	3.581651e-06	2.424246e-09	2.539977e+01	1.570895e+02
4.700000e-06	3.546864e-06	2.418788e-09	2.515308e+01	1.567721e+02
4.710000e-06	3.511785e-06	2.413152e-09	2.490431e+01	1.564502e+02
4.720000e-06	3.476511e-06	2.406539e-09	2.465416e+01	1.561236e+02
4.730000e-06	3.441028e-06	2.403930e-09	2.440252e+01	1.557918e+02
4.740000e-06	3.405303e-06	2.398678e-09	2.414918e+01	1.554546e+02
4.750000e-06	3.369431e-06	2.396730e-09	2.389478e+01	1.551115e+02
4.760000e-06	3.333412e-06	2.390967e-09	2.363935e+01	1.547623e+02
4.770000e-06	3.297271e-06	2.389264e-09	2.338305e+01	1.544065e+02
4.780000e-06	3.260969e-06	2.382730e-09	2.312561e+01	1.540438e+02
4.790000e-06	3.224511e-06	2.376869e-09	2.286707e+01	1.536737e+02
4.800000e-06	3.187859e-06	2.371071e-09	2.260715e+01	1.532960e+02
4.810000e-06	3.150932e-06	2.369447e-09	2.234527e+01	1.529102e+02
4.820000e-06	3.113604e-06	2.365546e-09	2.208055e+01	1.525160e+02
4.830000e-06	3.075934e-06	2.361415e-09	2.181341e+01	1.521129e+02
4.840000e-06	3.037983e-06	2.354041e-09	2.154428e+01	1.517007e+02
4.850000e-06	2.999645e-06	2.349432e-09	2.127240e+01	1.512791e+02
4.860000e-06	2.960921e-06	2.343828e-09	2.099778e+01	1.508476e+02
4.870000e-06	2.921784e-06	2.335597e-09	2.072024e+01	1.504059e+02
4.880000e-06	2.882342e-06	2.323876e-09	2.044053e+01	1.499539e+02
4.890000e-06	2.842683e-06	2.317336e-09	2.015928e+01	1.494911e+02
4.900000e-06	2.802841e-06	2.314678e-09	1.987674e+01	1.490174e+02
4.910000e-06	2.762898e-06	2.310330e-09	1.959347e+01	1.485325e+02
4.920000e-06	2.722857e-06	2.302825e-09	1.930952e+01	1.480361e+02
4.930000e-06	2.682703e-06	2.294343e-09	1.902476e+01	1.475281e+02
4.940000e-06	2.642446e-06	2.287226e-09	1.873927e+01	1.470082e+02
4.950000e-06	2.602077e-06	2.278183e-09	1.845299e+01	1.464763e+02
4.960000e-06	2.561553e-06	2.268328e-09	1.816561e+01	1.459322e+02
4.970000e-06	2.520931e-06	2.260915e-09	1.787753e+01	1.453756e+02
4.980000e-06	2.480173e-06	2.257226e-09	1.758849e+01	1.448065e+02
4.990000e-06	2.439263e-06	2.252380e-09	1.729837e+01	1.442246e+02
5.000000e-06	2.398086e-06	2.246632e-09	1.700636e+01	1.436297e+02
5.010000e-06	2.356735e-06	2.238988e-09	1.671311e+01	1.430217e+02
5.020000e-06	2.315363e-06	2.232590e-09	1.641972e+01	1.424003e+02
5.030000e-06	2.273774e-06	2.221703e-09	1.612478e+01	1.417653e+02
5.040000e-06	2.231921e-06	2.208652e-09	1.582798e+01	1.411164e+02
5.050000e-06	2.189837e-06	2.197894e-09	1.552953e+01	1.404533e+02
5.060000e-06	2.147644e-06	2.192991e-09	1.523031e+01	1.397757e+02
5.070000e-06	2.105428e-06	2.183295e-09	1.493094e+01	1.390831e+02
5.080000e-06	2.063030e-06	2.168400e-09	1.463026e+01	1.383752e+02
5.090000e-06	2.020440e-06	2.154853e-09	1.432823e+01	1.376515e+02
5.100000e-06	1.977775e-06	2.147986e-09	1.402566e+01	1.369113e+02
5.110000e-06	1.934995e-06	2.138597e-09	1.372229e+01	1.361540e+02
5.120000e-06	1.892010e-06	2.124771e-09	1.341745e+01	1.353790e+02
5.130000e-06	1.848821e-06	2.108624e-09	1.311117e+01	1.345854e+02
5.140000e-06	1.805532e-06	2.097727e-09	1.280418e+01	1.337724e+02
5.150000e-06	1.762089e-06	2.088361e-09	1.249610e+01	1.329391e+02
5.160000e-06	1.718524e-06	2.076105e-09	1.218715e+01	1.320844e+02
5.170000e-06	1.674895e-06	2.063172e-09	1.187775e+01	1.312072e+02
5.180000e-06	1.631184e-06	2.051968e-09	1.156777e+01	1.303062e+02
5.190000e-06	1.587350e-06	2.041690e-09	1.125691e+01	1.293802e+02
5.200000e-06	1.543398e-06	2.025576e-09	1.094522e+01	1.284278e+02
5.210000e-06	1.499443e-06	2.006183e-09	1.063351e+01	1.274475e+02
5.220000e-06	1.455444e-06	1.990815e-09	1.032148e+01	1.264378e+02
5.230000e-06	1.411384e-06	1.978013e-09	1.000903e+01	1.253969e+02
5.240000e-06	1.367293e-06	1.964769e-09	9.696348e+00	1.243232e+02
5.250000e-06	1.323111e-06	1.947333e-09	9.383026e+00	1.232149e+02
5.260000e-06	1.278882e-06	1.928913e-09	9.069369e+00	1.220701e+02
5.270000e-06	1.234631e-06	1.914540e-09	8.755556e+00	1.208868e+02
5.280000e-06	1.190311e-06	1.899160e-09	8.441258e+00	1.196632e+02
5.290000e-06	1.145914e-06	1.878915e-09	8.126407e+00	1.183972e+02
5.300000e-06	1.101498e-06	1.857611e-09	7.811426e+00	1.170868e+02
5.310000e-06	1.057015e-06	1.840629e-09	7.495971e+00	1.157299e+02
5.320000e-06	1.012373e-06	1.824054e-09	7.179387e+00	1.143245e+02
5.330000e-06	9.676835e-07	1.804331e-09	6.862462e+00	1.128685e+02
5.340000e-06	9.229872e-07	1.776333e-09	6.545492e+00	1.113599e+02
5.350000e-06	8.781380e-07	1.746646e-09	6.227438e+00	1.097966e+02
5.360000e-06	8.332005e-07	1.721647e-09	5.908757e+00	1.081768e+02
5.370000e-06	7.882832e-07	1.700593e-09	5.590220e+00	1.064985e+02
5.380000e-06	7.433258e-07	1.678877e-09	5.271398e+00	1.047600e+02
5.390000e-06	6.982702e-07	1.655409e-09	4.951880e+00	1.029594e+02
5.400000e-06	6.531008e-07	1.628598e-09	4.631555e+00	1.010952e+02
5.410000e-06	6.078771e-07	1.599267e-09	4.310845e+00	9.916593e+01
5.420000e-06	5.626146e-07	1.566392e-09	3.989860e+00	9.717016e+01
5.430000e-06	5.173542e-07	1.531816e-09	3.668889e+00	9.510669e+01
5.440000e-06	4.720551e-07	1.497041e-09	3.347645e+00	9.297448e+01
5.450000e-06	4.267817e-07	1.461359e-09	3.026582e+00	9.077266e+01
5.460000e-06	3.815231e-07	1.429767e-09	2.705624e+00	8.850053e+01
5.470000e-06	3.361720e-07	1.402632e-09	2.384010e+00	8.615761e+01
5.480000e-06	2.907774e-07	1.372521e-09	2.062089e+00	8.374361e+01
5.490000e-06	2.453074e-07	1.335579e-09	1.739632e+00	8.125846e+01
5.500000e-06	1.997929e-07	1.293326e-09	1.416859e+00	7.870234e+01
5.510000e-06	1.543092e-07	1.250042e-09	1.094305e+00	7.607563e+01
5.520000e-06	1.088772e-07	1.207608e-09	7.721176e-01	7.337897e+01
5.530000e-06	6.357011e-08	1.164254e-09	4.508163e-01	7.061322e+01
5.540000e-06	1.831116e-08	1.121403e-09	1.298561e-01	6.777950e+01
5.550000e-06	-2.714044e-08	1.082969e-09	-1.924702e-01	6.487916e+01
5.560000e-06	-7.267564e-08	1.043389e-09	-5.153894e-01	6.191383e+01
5.570000e-06	-1.181836e-07	9.957286e-10	-8.381157e-01	5.888534e+01
5.580000e-06	-1.637339e-07	9.419287e-10	-1.161142e+00	5.579578e+01
5.590000e-06	-2.091858e-07	8.887007e-10	-1.483470e+00	5.264747e+01
5.600000e-06	-2.545405e-07	8.398652e-10	-1.805109e+00	4.944296e+01
5.610000e-06	-2.999584e-07	7.876338e-10	-2.127197e+00	4.618502e+01
5.620000e-06	-3.454481e-07	7.333900e-10	-2.449793e+00	4.287661e+01
5.630000e-06	-3.908911e-07	6.830401e-10	-2.772058e+00	3.952092e+01
5.640000e-06	-4.362532e-07	6.355182e-10	-3.093750e+00	3.612131e+01
5.650000e-06	-4.815966e-07	5.832239e-10	-3.415309e+00	3.268131e+01
5.660000e-06	-5.268678e-07	5.243720e-10	-3.736356e+00	2.920460e+01
5.670000e-06	-5.721199e-07	4.624054e-10	-4.057268e+00	2.569504e+01
5.680000e-06	-6.173040e-07	4.005876e-10	-4.377697e+00	2.215656e+01
5.690000e-06	-6.624643e-07	3.405978e-10	-4.697958e+00	1.859325e+01
5.700000e-06	-7.076042e-07	2.829720e-10	-5.018073e+00	1.500925e+01
5.710000e-06	-7.526505e-07	2.285847e-10	-5.337525e+00	1.140881e+01
5.720000e-06	-7.976110e-07	1.777492e-10	-5.656369e+00	7.796185e+00
5.730000e-06	-8.424042e-07	1.231577e-10	-5.974027e+00	4.175705e+00
5.740000e-06	-8.871180e-07	6.425767e-11	-6.291121e+00	5.516914e-01
5.750000e-06	-9.318464e-07	2.305871e-12	-6.608318e+00	-3.071538e+00
5.760000e-06	-9.765579e-07	-6.305028e-11	-6.925396e+00	-6.689689e+00
5.770000e-06	-1.021245e-06	-1.300710e-10	-7.242300e+00	-1.029852e+01
5.780000e-06	-1.065822e-06	-1.918931e-10	-7.558423e+00	-1.389384e+01
5.790000e-06	-1.110217e-06	-2.442526e-10	-7.873258e+00	-1.747155e+01
5.800000e-06	-1.154594e-06	-2.911188e-10	-8.187966e+00	-2.102766e+01
5.810000e-06	-1.198930e-06	-3.384567e-10	-8.502380e+00	-2.455828e+01
5.820000e-06	-1.243196e-06	-3.924017e-10	-8.816297e+00	-2.805967e+01
5.830000e-06	-1.287451e-06	-4.499522e-10	-9.130140e+00	-3.152822e+01
5.840000e-06	-1.331614e-06	-5.073507e-10	-9.443327e+00	-3.496050e+01
5.850000e-06	-1.375737e-06	-5.656873e-10	-9.756231e+00	-3.835324e+01
5.860000e-06	-1.419854e-06	-6.254385e-10	-1.006909e+01	-4.170336e+01
5.870000e-06	-1.463862e-06	-6.793008e-10	-1.038118e+01	-4.500799e+01
5.880000e-06	-1.507832e-06	-7.240694e-10	-1.069300e+01	-4.826443e+01
5.890000e-06	-1.551748e-06	-7.648152e-10	-1.100444e+01	-5.147024e+01
5.900000e-06	-1.595552e-06	-8.106368e-10	-1.131508e+01	-5.462315e+01
5.910000e-06	-1.639301e-06	-8.629703e-10	-1.162533e+01	-5.772115e+01
5.920000e-06	-1.683011e-06	-9.147078e-10	-1.193531e+01	-6.076242e+01
5.930000e-06	-1.726586e-06	-9.652682e-10	-1.224433e+01	-6.374540e+01
5.940000e-06	-1.770045e-06	-1.014654e-09	-1.255252e+01	-6.666872e+01
5.950000e-06	-1.813395e-06	-1.062338e-09	-1.285994e+01	-6.953126e+01
5.960000e-06	-1.856561e-06	-1.105709e-09	-1.316606e+01	-7.233210e+01
5.970000e-06	-1.899559e-06	-1.141422e-09	-1.347098e+01	-7.507056e+01
5.980000e-06	-1.942351e-06	-1.177730e-09	-1.377445e+01	-7.774616e+01
5.990000e-06	-1.985036e-06	-1.220377e-09	-1.407716e+01	-8.035861e+01
6.000000e-06	-2.027637e-06	-1.267671e-09	-1.437927e+01	-8.290782e+01
6.010000e-06	-2.070096e-06	-1.311750e-09	-1.468037e+01	-8.539391e+01
6.020000e-06	-2.112375e-06	-1.349748e-09	-1.498020e+01	-8.781715e+01
6.030000e-06	-2.154534e-06	-1.385816e-09	-1.527918e+01	-9.017798e+01
6.040000e-06	-2.196585e-06	-1.419099e-09	-1.557739e+01	-9.247701e+01
6.050000e-06	-2.238439e-06	-1.447437e-09	-1.587420e+01	-9.471498e+01
6.060000e-06	-2.280104e-06	-1.477098e-09	-1.616967e+01	-9.689277e+01
6.070000e-06	-2.321646e-06	-1.512612e-09	-1.646427e+01	-9.901135e+01
6.080000e-06	-2.363091e-06	-1.550304e-09	-1.675819e+01	-1.010718e+02
6.090000e-06	-2.404238e-06	-1.586230e-09	-1.704999e+01	-1.030754e+02
6.100000e-06	-2.445175e-06	-1.619759e-09	-1.734030e+01	-1.050233e+02
6.110000e-06	-2.486035e-06	-1.649869e-09	-1.763006e+01	-1.069169e+02
6.120000e-06	-2.526684e-06	-1.676405e-09	-1.791833e+01	-1.087576e+02
6.130000e-06	-2.567141e-06	-1.698213e-09	-1.820523e+01	-1.105467e+02
6.140000e-06	-2.607437e-06	-1.720112e-09	-1.849100e+01	-1.122858e+02
6.150000e-06	-2.647623e-06	-1.747657e-09	-1.877599e+01	-1.139763e+02
6.160000e-06	-2.687713e-06	-1.778164e-09	-1.906029e+01	-1.156197e+02
6.170000e-06	-2.727650e-06	-1.807631e-09	-1.934351e+01	-1.172175e+02
6.180000e-06	-2.767460e-06	-1.837861e-09	-1.962583e+01	-1.187710e+02
6.190000e-06	-2.807170e-06	-1.867783e-09	-1.990743e+01	-1.202818e+02
6.200000e-06	-2.846770e-06	-1.894099e-09	-2.018826e+01	-1.217512e+02
6.210000e-06	-2.886214e-06	-1.914737e-09	-2.046799e+01	-1.231806e+02
6.220000e-06	-2.925446e-06	-1.929119e-09	-2.074620e+01	-1.245714e+02
6.230000e-06	-2.964372e-06	-1.944529e-09	-2.102226e+01	-1.259247e+02
6.240000e-06	-3.002902e-06	-1.964105e-09	-2.129550e+01	-1.272419e+02
6.250000e-06	-3.041040e-06	-1.986441e-09	-2.156596e+01	-1.285240e+02
6.260000e-06	-3.078821e-06	-2.008766e-09	-2.183389e+01	-1.297722e+02
6.270000e-06	-3.116254e-06	-2.029766e-09	-2.209935e+01	-1.309875e+02
6.280000e-06	-3.153293e-06	-2.050766e-09	-2.236202e+01	-1.321709e+02
6.290000e-06	-3.189917e-06	-2.069287e-09	-2.262174e+01	-1.333233e+02
6.300000e-06	-3.226355e-06	-2.084177e-09	-2.288014e+01	-1.344455e+02
6.310000e-06	-3.262665e-06	-2.097119e-09	-2.313764e+01	-1.355383e+02
6.320000e-06	-3.298782e-06	-2.112389e-09	-2.339377e+01	-1.366025e+02
6.330000e-06	-3.334779e-06	-2.129340e-09	-2.364905e+01	-1.376388e+02
6.340000e-06	-3.370673e-06	-2.144636e-09	-2.390360e+01	-1.386478e+02
6.350000e-06	-3.406483e-06	-2.160198e-09	-2.415755e+01	-1.396299e+02
6.360000e-06	-3.442077e-06	-2.176906e-09	-2.440997e+01	-1.405859e+02
6.370000e-06	-3.477372e-06	-2.194288e-09	-2.466027e+01	-1.415162e+02
6.380000e-06	-3.512450e-06	-2.206999e-09	-2.490903e+01	-1.424212e+02
6.390000e-06	-3.547228e-06	-2.215467e-09	-2.515566e+01	-1.433013e+02
6.400000e-06	-3.581712e-06	-2.226579e-09	-2.540021e+01	-1.441570e+02
6.410000e-06	-3.615920e-06	-2.241747e-09	-2.564280e+01	-1.449887e+02
6.420000e-06	-3.649840e-06	-2.257560e-09	-2.588334e+01	-1.457967e+02
6.430000e-06	-3.683656e-06	-2.271327e-09	-2.612316e+01	-1.465814e+02
6.440000e-06	-3.717242e-06	-2.284977e-09	-2.636134e+01	-1.473431e+02
6.450000e-06	-3.750508e-06	-2.295621e-09	-2.659725e+01	-1.480822e+02
6.460000e-06	-3.783487e-06	-2.301727e-09	-2.683113e+01	-1.487991e+02
6.470000e-06	-3.816138e-06	-2.306775e-09	-2.706267e+01	-1.494940e+02
6.480000e-06	-3.848536e-06	-2.317242e-09	-2.729242e+01	-1.501674e+02
6.490000e-06	-3.880766e-06	-2.332957e-09	-2.752099e+01	-1.508196e+02
6.500000e-06	-3.912876e-06	-2.348888e-09	-2.774870e+01	-1.514511e+02
6.510000e-06	-3.944806e-06	-2.360864e-09	-2.797514e+01	-1.520622e+02
6.520000e-06	-3.976446e-06	-2.366805e-09	-2.819952e+01	-1.526534e+02
6.530000e-06	-4.007765e-06	-2.372690e-09	-2.842162e+01	-1.532251e+02
6.540000e-06	-4.038797e-06	-2.375824e-09	-2.864169e+01	-1.537778e+02
6.550000e-06	-4.069430e-06	-2.378167e-09	-2.885893e+01	-1.543119e+02
6.560000e-06	-4.099538e-06	-2.383426e-09	-2.907244e+01	-1.548281e+02
6.570000e-06	-4.129154e-06	-2.393519e-09	-2.928247e+01	-1.553267e+02
6.580000e-06	-4.158384e-06	-2.405842e-09	-2.948976e+01	-1.558085e+02
6.590000e-06	-4.187329e-06	-2.413341e-09	-2.969503e+01	-1.562738e+02
6.600000e-06	-4.215934e-06	-2.417944e-09	-2.989788e+01	-1.567233e+02
6.610000e-06	-4.244284e-06	-2.424306e-09	-3.009893e+01	-1.571576e+02
6.620000e-06	-4.272448e-06	-2.428664e-09	-3.029866e+01	-1.575772e+02
6.630000e-06	-4.300378e-06	-2.432084e-09	-3.049673e+01	-1.579828e+02
6.640000e-06	-4.328083e-06	-2.437396e-09	-3.069320e+01	-1.583749e+02
6.650000e-06	-4.355500e-06	-2.445238e-09	-3.088764e+01	-1.587542e+02
6.660000e-06	-4.382631e-06	-2.454679e-09	-3.108004e+01	-1.591213e+02
6.670000e-06	-4.409432e-06	-2.462646e-09	-3.127010e+01	-1.594766e+02
6.680000e-06	-4.435838e-06	-2.469249e-09	-3.145736e+01	-1.598209e+02
6.690000e-06	-4.461916e-06	-2.473547e-09	-3.164229e+01	-1.601547e+02
6.700000e-06	-4.487729e-06	-2.479462e-09	-3.182536e+01	-1.604785e+02
6.710000e-06	-4.513208e-06	-2.483612e-09	-3.200604e+01	-1.607928e+02
6.720000e-06	-4.538311e-06	-2.484809e-09	-3.218406e+01	-1.610982e+02
6.730000e-06	-4.563083e-06	-2.485823e-09	-3.235974e+01	-1.613951e+02
6.740000e-06	-4.587603e-06	-2.487784e-09	-3.253363e+01	-1.616839e+02
6.750000e-06	-4.611900e-06	-2.491343e-09	-3.270593e+01	-1.619652e+02
6.760000e-06	-4.635959e-06	-2.496388e-09	-3.287655e+01	-1.622392e+02
6.770000e-06	-4.659797e-06	-2.499911e-09	-3.304560e+01	-1.625063e+02
6.780000e-06	-4.683445e-06	-2.502923e-09	-3.321330e+01	-1.627669e+02
6.790000e-06	-4.706786e-06	-2.508703e-09	-3.337883e+01	-1.630212e+02
6.800000e-06	-4.729638e-06	-2.515564e-09	-3.354089e+01	-1.632695e+02
6.810000e-06	-4.751995e-06	-2.520161e-09	-3.369943e+01	-1.635120e+02
6.820000e-06	-4.773795e-06	-2.522199e-09	-3.385403e+01	-1.637489e+02
6.830000e-06	-4.795052e-06	-2.523327e-09	-3.400478e+01	-1.639803e+02
6.840000e-06	-4.815860e-06	-2.526536e-09	-3.415234e+01	-1.642063e+02
6.850000e-06	-4.836290e-06	-2.530967e-09	-3.429722e+01	-1.644270e+02
6.860000e-06	-4.856435e-06	-2.536088e-09	-3.444008e+01	-1.646425e+02
6.870000e-06	-4.876356e-06	-2.543708e-09	-3.458136e+01	-1.648527e+02
6.880000e-06	-4.896141e-06	-2.548610e-09	-3.472166e+01	-1.650578e+02
6.890000e-06	-4.915694e-06	-2.550852e-09	-3.486033e+01	-1.652576e+02
6.900000e-06	-4.934809e-06	-2.551566e-09	-3.499588e+01	-1.654522e+02
6.910000e-06	-4.953504e-06	-2.551314e-09	-3.512846e+01	-1.656414e+02
6.920000e-06	-4.971860e-06	-2.552597e-09	-3.525864e+01	-1.658253e+02
6.930000e-06	-4.989909e-06	-2.555936e-09	-3.538664e+01	-1.660036e+02
6.940000e-06	-5.007720e-06	-2.559761e-09	-3.551294e+01	-1.661765e+02
6.950000e-06	-5.025293e-06	-2.563938e-09	-3.563756e+01	-1.663437e+02
6.960000e-06	-5.042477e-06	-2.565913e-09	-3.575943e+01	-1.665052e+02
6.970000e-06	-5.059219e-06	-2.566189e-09	-3.587815e+01	-1.666608e+02
6.980000e-06	-5.075695e-06	-2.567949e-09	-3.599499e+01	-1.668107e+02
6.990000e-06	-5.091936e-06	-2.569471e-09	-3.611017e+01	-1.669545e+02
7.000000e-06	-5.107914e-06	-2.569803e-09	-3.622348e+01	-1.670924e+02
7.010000e-06	-5.123659e-06	-2.572156e-09	-3.633514e+01	-1.672242e+02
7.020000e-06	-5.138939e-06	-2.574374e-09	-3.644350e+01	-1.673499e+02
7.030000e-06	-5.153567e-06	-2.577419e-09	-3.654724e+01	-1.674696e+02
7.040000e-06	-5.167564e-06	-2.578993e-09	-3.664650e+01	-1.675832e+02
7.050000e-06	-5.180894e-06	-2.577010e-09	-3.674103e+01	-1.676908e+02
7.060000e-06	-5.193686e-06	-2.577059e-09	-3.683174e+01	-1.677924e+02
7.070000e-06	-5.206131e-06	-2.577517e-09	-3.692000e+01	-1.678882e+02
7.080000e-06	-5.218292e-06	-2.575957e-09	-3.700624e+01	-1.679781e+02
7.090000e-06	-5.230170e-06	-2.573994e-09	-3.709048e+01	-1.680624e+02
7.100000e-06	-5.241654e-06	-2.576723e-09	-3.717192e+01	-1.681411e+02
7.110000e-06	-5.252741e-06	-2.583030e-09	-3.725054e+01	-1.682146e+02
7.120000e-06	-5.263520e-06	-2.586113e-09	-3.732698e+01	-1.682828e+02
7.130000e-06	-5.273949e-06	-2.585062e-09	-3.740094e+01	-1.683461e+02
7.140000e-06	-5.284018e-06	-2.584706e-09	-3.747234e+01	-1.684047e+02
7.150000e-06	-5.293712e-06	-2.584311e-09	-3.754110e+01	-1.684589e+02
7.160000e-06	-5.302985e-06	-2.580255e-09	-3.760686e+01	-1.685088e+02
7.170000e-06	-5.311871e-06	-2.573983e-09	-3.766987e+01	-1.685548e+02
7.180000e-06	-5.320376e-06	-2.572876e-09	-3.773018e+01	-1.685971e+02
7.190000e-06	-5.328584e-06	-2.579755e-09	-3.778839e+01	-1.686360e+02
7.200000e-06	-5.336646e-06	-2.588357e-09	-3.784557e+01	-1.686719e+02
7.210000e-06	-5.344454e-06	-2.591953e-09	-3.790094e+01	-1.687050e+02
7.220000e-06	-5.351879e-06	-2.591907e-09	-3.795359e+01	-1.687356e+02
7.230000e-06	-5.358858e-06	-2.594138e-09	-3.800309e+01	-1.687640e+02
7.240000e-06	-5.365312e-06	-2.595948e-09	-3.804886e+01	-1.687905e+02
7.250000e-06	-5.371045e-06	-2.592224e-09	-3.808951e+01	-1.688153e+02
7.260000e-06	-5.376095e-06	-2.586390e-09	-3.812532e+01	-1.688389e+02
7.270000e-06	-5.380770e-06	-2.583821e-09	-3.815848e+01	-1.688613e+02
7.280000e-06	-5.385169e-06	-2.586269e-09	-3.818967e+01	-1.688828e+02
7.290000e-06	-5.389324e-06	-2.590131e-09	-3.821914e+01	-1.689037e+02
7.300000e-06	-5.393255e-06	-2.592978e-09	-3.824701e+01	-1.689241e+02
7.310000e-06	-5.396962e-06	-2.597534e-09	-3.827330e+01	-1.689443e+02
7.320000e-06	-5.400290e-06	-2.601314e-09	-3.829690e+01	-1.689644e+02
7.330000e-06	-5.403178e-06	-2.600422e-09	-3.831739e+01	-1.689845e+02
7.340000e-06	-5.405633e-06	-2.592696e-09	-3.833480e+01	-1.690048e+02
7.350000e-06	-5.407690e-06	-2.586562e-09	-3.834938e+01	-1.690254e+02
7.360000e-06	-5.409447e-06	-2.588244e-09	-3.836185e+01	-1.690462e+02
7.370000e-06	-5.410905e-06	-2.590446e-09	-3.837219e+01	-1.690674e+02
7.380000e-06	-5.412006e-06	-2.593651e-09	-3.837999e+01	-1.690890e+02
7.390000e-06	-5.412721e-06	-2.598975e-09	-3.838506e+01	-1.691109e+02
7.400000e-06	-5.413099e-06	-2.603958e-09	-3.838774e+01	-1.691332e+02
