# Temperatura_=_24.76
# Concentracion g/m^3_=_4090.0
# C_Vs_to_Am_M_A/Vsm_=_65563218390.804596
# pendiente_HvsI_1/m_=_3716.3
# ordenada_HvsI_A/m_=_1297.0
# frecuencia_Hz_=_135092.2938864953

Tiempo_(s)	Campo_(V.s)	Magnetizacion_(V.s)	Campo_(kA/m)	Magnetizacion_(A/m)
0.000000e+00	-5.412280e-06	-2.674868e-09	-3.837498e+01	-1.731193e+02
1.000000e-08	-5.412465e-06	-2.674077e-09	-3.837630e+01	-1.731372e+02
2.000000e-08	-5.412499e-06	-2.672022e-09	-3.837654e+01	-1.731508e+02
3.000000e-08	-5.412356e-06	-2.668165e-09	-3.837553e+01	-1.731600e+02
4.000000e-08	-5.411856e-06	-2.665724e-09	-3.837197e+01	-1.731645e+02
5.000000e-08	-5.410794e-06	-2.662599e-09	-3.836445e+01	-1.731641e+02
6.000000e-08	-5.409133e-06	-2.655228e-09	-3.835267e+01	-1.731586e+02
7.000000e-08	-5.406785e-06	-2.653257e-09	-3.833602e+01	-1.731478e+02
8.000000e-08	-5.403883e-06	-2.680609e-09	-3.831545e+01	-1.731316e+02
9.000000e-08	-5.400547e-06	-2.710602e-09	-3.829179e+01	-1.731099e+02
1.000000e-07	-5.396641e-06	-2.705051e-09	-3.826410e+01	-1.730825e+02
1.100000e-07	-5.392350e-06	-2.668602e-09	-3.823367e+01	-1.730493e+02
1.200000e-07	-5.387992e-06	-2.670751e-09	-3.820277e+01	-1.730104e+02
1.300000e-07	-5.383478e-06	-2.640832e-09	-3.817077e+01	-1.729657e+02
1.400000e-07	-5.378641e-06	-2.657634e-09	-3.813647e+01	-1.729152e+02
1.500000e-07	-5.373369e-06	-2.627162e-09	-3.809909e+01	-1.728590e+02
1.600000e-07	-5.367683e-06	-2.646910e-09	-3.805877e+01	-1.727971e+02
1.700000e-07	-5.361682e-06	-2.647204e-09	-3.801622e+01	-1.727296e+02
1.800000e-07	-5.355254e-06	-2.678679e-09	-3.797065e+01	-1.726566e+02
1.900000e-07	-5.348402e-06	-2.688998e-09	-3.792206e+01	-1.725783e+02
2.000000e-07	-5.341243e-06	-2.650064e-09	-3.787131e+01	-1.724949e+02
2.100000e-07	-5.333790e-06	-2.615984e-09	-3.781846e+01	-1.724065e+02
2.200000e-07	-5.326093e-06	-2.598806e-09	-3.776388e+01	-1.723135e+02
2.300000e-07	-5.318179e-06	-2.622207e-09	-3.770777e+01	-1.722159e+02
2.400000e-07	-5.309948e-06	-2.595375e-09	-3.764941e+01	-1.721142e+02
2.500000e-07	-5.301119e-06	-2.599718e-09	-3.758681e+01	-1.720085e+02
2.600000e-07	-5.291530e-06	-2.608611e-09	-3.751882e+01	-1.718991e+02
2.700000e-07	-5.281317e-06	-2.652857e-09	-3.744641e+01	-1.717864e+02
2.800000e-07	-5.270538e-06	-2.620196e-09	-3.736998e+01	-1.716706e+02
2.900000e-07	-5.259374e-06	-2.609070e-09	-3.729082e+01	-1.715520e+02
3.000000e-07	-5.247866e-06	-2.607746e-09	-3.720923e+01	-1.714308e+02
3.100000e-07	-5.235899e-06	-2.619968e-09	-3.712438e+01	-1.713075e+02
3.200000e-07	-5.223563e-06	-2.600002e-09	-3.703691e+01	-1.711822e+02
3.300000e-07	-5.210865e-06	-2.635684e-09	-3.694688e+01	-1.710552e+02
3.400000e-07	-5.197726e-06	-2.640074e-09	-3.685372e+01	-1.709268e+02
3.500000e-07	-5.184252e-06	-2.615530e-09	-3.675819e+01	-1.707971e+02
3.600000e-07	-5.170342e-06	-2.597491e-09	-3.665956e+01	-1.706664e+02
3.700000e-07	-5.155904e-06	-2.638196e-09	-3.655719e+01	-1.705349e+02
3.800000e-07	-5.140875e-06	-2.618804e-09	-3.645063e+01	-1.704027e+02
3.900000e-07	-5.125437e-06	-2.597850e-09	-3.634117e+01	-1.702698e+02
4.000000e-07	-5.109492e-06	-2.615208e-09	-3.622811e+01	-1.701366e+02
4.100000e-07	-5.092931e-06	-2.635845e-09	-3.611069e+01	-1.700029e+02
4.200000e-07	-5.076075e-06	-2.612922e-09	-3.599117e+01	-1.698688e+02
4.300000e-07	-5.058944e-06	-2.603110e-09	-3.586970e+01	-1.697343e+02
4.400000e-07	-5.041590e-06	-2.609307e-09	-3.574666e+01	-1.695994e+02
4.500000e-07	-5.024019e-06	-2.591637e-09	-3.562207e+01	-1.694640e+02
4.600000e-07	-5.006150e-06	-2.595594e-09	-3.549538e+01	-1.693280e+02
4.700000e-07	-4.987813e-06	-2.601059e-09	-3.536536e+01	-1.691913e+02
4.800000e-07	-4.969033e-06	-2.591178e-09	-3.523220e+01	-1.690538e+02
4.900000e-07	-4.949874e-06	-2.572526e-09	-3.509636e+01	-1.689153e+02
5.000000e-07	-4.930432e-06	-2.596379e-09	-3.495851e+01	-1.687755e+02
5.100000e-07	-4.910771e-06	-2.583858e-09	-3.481911e+01	-1.686342e+02
5.200000e-07	-4.890854e-06	-2.567609e-09	-3.467789e+01	-1.684913e+02
5.300000e-07	-4.870773e-06	-2.562303e-09	-3.453551e+01	-1.683464e+02
5.400000e-07	-4.850410e-06	-2.580537e-09	-3.439112e+01	-1.681993e+02
5.500000e-07	-4.829603e-06	-2.569052e-09	-3.424360e+01	-1.680497e+02
5.600000e-07	-4.808407e-06	-2.573189e-09	-3.409331e+01	-1.678973e+02
5.700000e-07	-4.786881e-06	-2.568576e-09	-3.394068e+01	-1.677418e+02
5.800000e-07	-4.765104e-06	-2.573937e-09	-3.378628e+01	-1.675829e+02
5.900000e-07	-4.743081e-06	-2.568670e-09	-3.363013e+01	-1.674204e+02
6.000000e-07	-4.720683e-06	-2.567056e-09	-3.347131e+01	-1.672540e+02
6.100000e-07	-4.697877e-06	-2.546516e-09	-3.330961e+01	-1.670835e+02
6.200000e-07	-4.674789e-06	-2.547104e-09	-3.314591e+01	-1.669084e+02
6.300000e-07	-4.651430e-06	-2.547719e-09	-3.298028e+01	-1.667288e+02
6.400000e-07	-4.627825e-06	-2.545649e-09	-3.281292e+01	-1.665442e+02
6.500000e-07	-4.603994e-06	-2.533562e-09	-3.264395e+01	-1.663546e+02
6.600000e-07	-4.579984e-06	-2.535363e-09	-3.247371e+01	-1.661597e+02
6.700000e-07	-4.555763e-06	-2.537474e-09	-3.230197e+01	-1.659595e+02
6.800000e-07	-4.531138e-06	-2.536261e-09	-3.212738e+01	-1.657538e+02
6.900000e-07	-4.505847e-06	-2.523866e-09	-3.194805e+01	-1.655424e+02
7.000000e-07	-4.479888e-06	-2.511358e-09	-3.176399e+01	-1.653255e+02
7.100000e-07	-4.453558e-06	-2.507201e-09	-3.157730e+01	-1.651029e+02
7.200000e-07	-4.426731e-06	-2.506208e-09	-3.138709e+01	-1.648746e+02
7.300000e-07	-4.399395e-06	-2.500946e-09	-3.119327e+01	-1.646406e+02
7.400000e-07	-4.371847e-06	-2.493465e-09	-3.099795e+01	-1.644010e+02
7.500000e-07	-4.344153e-06	-2.495656e-09	-3.080158e+01	-1.641560e+02
7.600000e-07	-4.316300e-06	-2.495747e-09	-3.060410e+01	-1.639054e+02
7.700000e-07	-4.288243e-06	-2.494881e-09	-3.040516e+01	-1.636496e+02
7.800000e-07	-4.259839e-06	-2.483201e-09	-3.020377e+01	-1.633886e+02
7.900000e-07	-4.231181e-06	-2.475407e-09	-3.000057e+01	-1.631226e+02
8.000000e-07	-4.202283e-06	-2.466531e-09	-2.979567e+01	-1.628517e+02
8.100000e-07	-4.172971e-06	-2.464713e-09	-2.958784e+01	-1.625761e+02
8.200000e-07	-4.143348e-06	-2.457353e-09	-2.937781e+01	-1.622961e+02
8.300000e-07	-4.113550e-06	-2.458283e-09	-2.916653e+01	-1.620117e+02
8.400000e-07	-4.083601e-06	-2.454585e-09	-2.895417e+01	-1.617232e+02
8.500000e-07	-4.053390e-06	-2.453666e-09	-2.873997e+01	-1.614307e+02
8.600000e-07	-4.022818e-06	-2.444152e-09	-2.852320e+01	-1.611345e+02
8.700000e-07	-3.991878e-06	-2.439453e-09	-2.830383e+01	-1.608347e+02
8.800000e-07	-3.960641e-06	-2.431524e-09	-2.808235e+01	-1.605314e+02
8.900000e-07	-3.929297e-06	-2.426676e-09	-2.786011e+01	-1.602247e+02
9.000000e-07	-3.897821e-06	-2.417677e-09	-2.763693e+01	-1.599149e+02
9.100000e-07	-3.866173e-06	-2.416497e-09	-2.741254e+01	-1.596019e+02
9.200000e-07	-3.834335e-06	-2.414471e-09	-2.718679e+01	-1.592858e+02
9.300000e-07	-3.802173e-06	-2.413197e-09	-2.695875e+01	-1.589667e+02
9.400000e-07	-3.769656e-06	-2.406173e-09	-2.672820e+01	-1.586445e+02
9.500000e-07	-3.736909e-06	-2.401846e-09	-2.649601e+01	-1.583193e+02
9.600000e-07	-3.703933e-06	-2.396659e-09	-2.626220e+01	-1.579910e+02
9.700000e-07	-3.670433e-06	-2.390679e-09	-2.602467e+01	-1.576594e+02
9.800000e-07	-3.636278e-06	-2.381169e-09	-2.578250e+01	-1.573246e+02
9.900000e-07	-3.601728e-06	-2.374871e-09	-2.553753e+01	-1.569862e+02
1.000000e-06	-3.567003e-06	-2.372044e-09	-2.529132e+01	-1.566442e+02
1.010000e-06	-3.531934e-06	-2.370160e-09	-2.504266e+01	-1.562983e+02
1.020000e-06	-3.496517e-06	-2.367178e-09	-2.479155e+01	-1.559482e+02
1.030000e-06	-3.460940e-06	-2.362779e-09	-2.453929e+01	-1.555938e+02
1.040000e-06	-3.425236e-06	-2.360047e-09	-2.428613e+01	-1.552347e+02
1.050000e-06	-3.389439e-06	-2.353152e-09	-2.403232e+01	-1.548705e+02
1.060000e-06	-3.353499e-06	-2.343003e-09	-2.377750e+01	-1.545010e+02
1.070000e-06	-3.317300e-06	-2.332128e-09	-2.352083e+01	-1.541258e+02
1.080000e-06	-3.280900e-06	-2.328631e-09	-2.326274e+01	-1.537445e+02
1.090000e-06	-3.244290e-06	-2.323100e-09	-2.300317e+01	-1.533568e+02
1.100000e-06	-3.207338e-06	-2.313776e-09	-2.274116e+01	-1.529623e+02
1.110000e-06	-3.170086e-06	-2.301322e-09	-2.247703e+01	-1.525605e+02
1.120000e-06	-3.132611e-06	-2.298150e-09	-2.221132e+01	-1.521510e+02
1.130000e-06	-3.094940e-06	-2.294965e-09	-2.194422e+01	-1.517336e+02
1.140000e-06	-3.057143e-06	-2.289074e-09	-2.167623e+01	-1.513078e+02
1.150000e-06	-3.019239e-06	-2.278003e-09	-2.140748e+01	-1.508733e+02
1.160000e-06	-2.981161e-06	-2.272190e-09	-2.113749e+01	-1.504296e+02
1.170000e-06	-2.942833e-06	-2.266425e-09	-2.086573e+01	-1.499765e+02
1.180000e-06	-2.904251e-06	-2.258250e-09	-2.059217e+01	-1.495135e+02
1.190000e-06	-2.865429e-06	-2.245463e-09	-2.031691e+01	-1.490405e+02
1.200000e-06	-2.826428e-06	-2.237971e-09	-2.004037e+01	-1.485571e+02
1.210000e-06	-2.787258e-06	-2.233011e-09	-1.976265e+01	-1.480629e+02
1.220000e-06	-2.747840e-06	-2.227177e-09	-1.948316e+01	-1.475578e+02
1.230000e-06	-2.708228e-06	-2.216662e-09	-1.920230e+01	-1.470415e+02
1.240000e-06	-2.668560e-06	-2.206905e-09	-1.892104e+01	-1.465138e+02
1.250000e-06	-2.628809e-06	-2.197332e-09	-1.863919e+01	-1.459745e+02
1.260000e-06	-2.588908e-06	-2.188308e-09	-1.835627e+01	-1.454234e+02
1.270000e-06	-2.548897e-06	-2.179404e-09	-1.807258e+01	-1.448602e+02
1.280000e-06	-2.508829e-06	-2.171254e-09	-1.778849e+01	-1.442848e+02
1.290000e-06	-2.468638e-06	-2.164044e-09	-1.750352e+01	-1.436971e+02
1.300000e-06	-2.428280e-06	-2.154234e-09	-1.721737e+01	-1.430967e+02
1.310000e-06	-2.387799e-06	-2.141022e-09	-1.693034e+01	-1.424837e+02
1.320000e-06	-2.347058e-06	-2.130044e-09	-1.664148e+01	-1.418577e+02
1.330000e-06	-2.305931e-06	-2.123224e-09	-1.634986e+01	-1.412185e+02
1.340000e-06	-2.264402e-06	-2.116068e-09	-1.605541e+01	-1.405659e+02
1.350000e-06	-2.222710e-06	-2.106374e-09	-1.575980e+01	-1.398997e+02
1.360000e-06	-2.180803e-06	-2.093935e-09	-1.546266e+01	-1.392195e+02
1.370000e-06	-2.138534e-06	-2.082567e-09	-1.516297e+01	-1.385249e+02
1.380000e-06	-2.096101e-06	-2.069842e-09	-1.486210e+01	-1.378156e+02
1.390000e-06	-2.053489e-06	-2.055040e-09	-1.455997e+01	-1.370911e+02
1.400000e-06	-2.010580e-06	-2.041759e-09	-1.425573e+01	-1.363510e+02
1.410000e-06	-1.967376e-06	-2.033349e-09	-1.394939e+01	-1.355945e+02
1.420000e-06	-1.924075e-06	-2.026533e-09	-1.364237e+01	-1.348212e+02
1.430000e-06	-1.880693e-06	-2.020248e-09	-1.333478e+01	-1.340302e+02
1.440000e-06	-1.837127e-06	-2.008474e-09	-1.302588e+01	-1.332206e+02
1.450000e-06	-1.793455e-06	-1.992671e-09	-1.271623e+01	-1.323918e+02
1.460000e-06	-1.749710e-06	-1.972975e-09	-1.240606e+01	-1.315425e+02
1.470000e-06	-1.705900e-06	-1.953387e-09	-1.209543e+01	-1.306718e+02
1.480000e-06	-1.662053e-06	-1.934911e-09	-1.178454e+01	-1.297784e+02
1.490000e-06	-1.618113e-06	-1.918637e-09	-1.147299e+01	-1.288611e+02
1.500000e-06	-1.574032e-06	-1.904517e-09	-1.116045e+01	-1.279185e+02
1.510000e-06	-1.529907e-06	-1.891973e-09	-1.084758e+01	-1.269491e+02
1.520000e-06	-1.485699e-06	-1.877642e-09	-1.053413e+01	-1.259515e+02
1.530000e-06	-1.441429e-06	-1.860644e-09	-1.022024e+01	-1.249238e+02
1.540000e-06	-1.397134e-06	-1.840112e-09	-9.906174e+00	-1.238644e+02
1.550000e-06	-1.352784e-06	-1.818521e-09	-9.591715e+00	-1.227715e+02
1.560000e-06	-1.308395e-06	-1.795465e-09	-9.276986e+00	-1.216432e+02
1.570000e-06	-1.263836e-06	-1.773117e-09	-8.961048e+00	-1.204775e+02
1.580000e-06	-1.219130e-06	-1.754789e-09	-8.644061e+00	-1.192724e+02
1.590000e-06	-1.174380e-06	-1.737829e-09	-8.326773e+00	-1.180259e+02
1.600000e-06	-1.129556e-06	-1.716550e-09	-8.008951e+00	-1.167358e+02
1.610000e-06	-1.084558e-06	-1.694482e-09	-7.689898e+00	-1.153999e+02
1.620000e-06	-1.039329e-06	-1.672811e-09	-7.369210e+00	-1.140163e+02
1.630000e-06	-9.940713e-07	-1.651628e-09	-7.048317e+00	-1.125827e+02
1.640000e-06	-9.488035e-07	-1.626897e-09	-6.727353e+00	-1.110970e+02
1.650000e-06	-9.034309e-07	-1.599307e-09	-6.405645e+00	-1.095570e+02
1.660000e-06	-8.580076e-07	-1.574361e-09	-6.083578e+00	-1.079608e+02
1.670000e-06	-8.125368e-07	-1.551976e-09	-5.761174e+00	-1.063062e+02
1.680000e-06	-7.670612e-07	-1.528350e-09	-5.438736e+00	-1.045915e+02
1.690000e-06	-7.214752e-07	-1.501606e-09	-5.115515e+00	-1.028146e+02
1.700000e-06	-6.758336e-07	-1.474117e-09	-4.791900e+00	-1.009740e+02
1.710000e-06	-6.302684e-07	-1.447293e-09	-4.468826e+00	-9.906786e+01
1.720000e-06	-5.847404e-07	-1.417509e-09	-4.146016e+00	-9.709481e+01
1.730000e-06	-5.391613e-07	-1.384754e-09	-3.822845e+00	-9.505347e+01
1.740000e-06	-4.934437e-07	-1.354803e-09	-3.498691e+00	-9.294267e+01
1.750000e-06	-4.476342e-07	-1.322826e-09	-3.173885e+00	-9.076139e+01
1.760000e-06	-4.018177e-07	-1.288459e-09	-2.849030e+00	-8.850884e+01
1.770000e-06	-3.559967e-07	-1.253181e-09	-2.524143e+00	-8.618438e+01
1.780000e-06	-3.101083e-07	-1.219879e-09	-2.198777e+00	-8.378763e+01
1.790000e-06	-2.641291e-07	-1.184787e-09	-1.872769e+00	-8.131840e+01
1.800000e-06	-2.181981e-07	-1.147572e-09	-1.547102e+00	-7.877676e+01
1.810000e-06	-1.723170e-07	-1.108041e-09	-1.221788e+00	-7.616299e+01
1.820000e-06	-1.264317e-07	-1.070537e-09	-8.964458e-01	-7.347762e+01
1.830000e-06	-8.058787e-08	-1.033206e-09	-5.713965e-01	-7.072146e+01
1.840000e-06	-3.473188e-08	-9.908390e-10	-2.462613e-01	-6.789553e+01
1.850000e-06	1.110929e-08	-9.472178e-10	7.876881e-02	-6.500112e+01
1.860000e-06	5.694933e-08	-9.065219e-10	4.037909e-01	-6.203979e+01
1.870000e-06	1.027659e-07	-8.688011e-10	7.286466e-01	-5.901333e+01
1.880000e-06	1.486053e-07	-8.287717e-10	1.053664e+00	-5.592378e+01
1.890000e-06	1.944770e-07	-7.805372e-10	1.378911e+00	-5.277344e+01
1.900000e-06	2.402826e-07	-7.287635e-10	1.703688e+00	-4.956482e+01
1.910000e-06	2.861020e-07	-6.775493e-10	2.028564e+00	-4.630069e+01
1.920000e-06	3.319414e-07	-6.249056e-10	2.353582e+00	-4.298401e+01
1.930000e-06	3.777129e-07	-5.699594e-10	2.678118e+00	-3.961796e+01
1.940000e-06	4.234842e-07	-5.167775e-10	3.002653e+00	-3.620591e+01
1.950000e-06	4.692306e-07	-4.696074e-10	3.327011e+00	-3.275143e+01
1.960000e-06	5.149045e-07	-4.254213e-10	3.650856e+00	-2.925822e+01
1.970000e-06	5.606234e-07	-3.758086e-10	3.975019e+00	-2.573017e+01
1.980000e-06	6.063382e-07	-3.176932e-10	4.299153e+00	-2.217128e+01
1.990000e-06	6.519862e-07	-2.567371e-10	4.622813e+00	-1.858565e+01
2.000000e-06	6.976108e-07	-1.983568e-10	4.946307e+00	-1.497751e+01
2.010000e-06	7.431878e-07	-1.395142e-10	5.269465e+00	-1.135115e+01
2.020000e-06	7.886856e-07	-7.991537e-11	5.592060e+00	-7.710910e+00
2.030000e-06	8.341619e-07	-2.348041e-11	5.914504e+00	-4.061175e+00
2.040000e-06	8.795407e-07	2.686638e-11	6.236255e+00	-4.063448e-01
2.050000e-06	9.248519e-07	7.251765e-11	6.557528e+00	3.249184e+00
2.060000e-06	9.701676e-07	1.233173e-10	6.878832e+00	6.901039e+00
2.070000e-06	1.015306e-06	1.769147e-10	7.198881e+00	1.054489e+01
2.080000e-06	1.060355e-06	2.300614e-10	7.518295e+00	1.417648e+01
2.090000e-06	1.105398e-06	2.839576e-10	7.837663e+00	1.779162e+01
2.100000e-06	1.150395e-06	3.440019e-10	8.156706e+00	2.138622e+01
2.110000e-06	1.195259e-06	4.069573e-10	8.474812e+00	2.495632e+01
2.120000e-06	1.239913e-06	4.630368e-10	8.791422e+00	2.849809e+01
2.130000e-06	1.284424e-06	5.100213e-10	9.107020e+00	3.200784e+01
2.140000e-06	1.328933e-06	5.527724e-10	9.422609e+00	3.548205e+01
2.150000e-06	1.373455e-06	5.939665e-10	9.738284e+00	3.891738e+01
2.160000e-06	1.417806e-06	6.357969e-10	1.005275e+01	4.231067e+01
2.170000e-06	1.461989e-06	6.822499e-10	1.036602e+01	4.565896e+01
2.180000e-06	1.506090e-06	7.369479e-10	1.067871e+01	4.895950e+01
2.190000e-06	1.550135e-06	7.926275e-10	1.099101e+01	5.220974e+01
2.200000e-06	1.594133e-06	8.449024e-10	1.130296e+01	5.540736e+01
2.210000e-06	1.638077e-06	8.923380e-10	1.161455e+01	5.855027e+01
2.220000e-06	1.681939e-06	9.332013e-10	1.192554e+01	6.163660e+01
2.230000e-06	1.725734e-06	9.666664e-10	1.223607e+01	6.466470e+01
2.240000e-06	1.769502e-06	9.966979e-10	1.254640e+01	6.763316e+01
2.250000e-06	1.813223e-06	1.030960e-09	1.285639e+01	7.054078e+01
2.260000e-06	1.856869e-06	1.073527e-09	1.316586e+01	7.338660e+01
2.270000e-06	1.900432e-06	1.121431e-09	1.347473e+01	7.616988e+01
2.280000e-06	1.943895e-06	1.169306e-09	1.378290e+01	7.889006e+01
2.290000e-06	1.987202e-06	1.215946e-09	1.408997e+01	8.154683e+01
2.300000e-06	2.030179e-06	1.257009e-09	1.439469e+01	8.414004e+01
2.310000e-06	2.072941e-06	1.289752e-09	1.469788e+01	8.666976e+01
2.320000e-06	2.115565e-06	1.313498e-09	1.500011e+01	8.913621e+01
2.330000e-06	2.157920e-06	1.337557e-09	1.530042e+01	9.153980e+01
2.340000e-06	2.200051e-06	1.367592e-09	1.559914e+01	9.388109e+01
2.350000e-06	2.241789e-06	1.402782e-09	1.589508e+01	9.616078e+01
2.360000e-06	2.283179e-06	1.440895e-09	1.618855e+01	9.837971e+01
2.370000e-06	2.324426e-06	1.479776e-09	1.648101e+01	1.005388e+02
2.380000e-06	2.365373e-06	1.517056e-09	1.677134e+01	1.026392e+02
2.390000e-06	2.405975e-06	1.550309e-09	1.705921e+01	1.046820e+02
2.400000e-06	2.446354e-06	1.575224e-09	1.734552e+01	1.066685e+02
2.410000e-06	2.486631e-06	1.593565e-09	1.763110e+01	1.085999e+02
2.420000e-06	2.526813e-06	1.612982e-09	1.791600e+01	1.104777e+02
2.430000e-06	2.566814e-06	1.639584e-09	1.819962e+01	1.123031e+02
2.440000e-06	2.606702e-06	1.670264e-09	1.848244e+01	1.140778e+02
2.450000e-06	2.646539e-06	1.701602e-09	1.876490e+01	1.158031e+02
2.460000e-06	2.686297e-06	1.733288e-09	1.904680e+01	1.174805e+02
2.470000e-06	2.725876e-06	1.763471e-09	1.932743e+01	1.191114e+02
2.480000e-06	2.765319e-06	1.787666e-09	1.960709e+01	1.206974e+02
2.490000e-06	2.804688e-06	1.805335e-09	1.988623e+01	1.222399e+02
2.500000e-06	2.843828e-06	1.820742e-09	2.016375e+01	1.237402e+02
2.510000e-06	2.882603e-06	1.839700e-09	2.043868e+01	1.251998e+02
2.520000e-06	2.921128e-06	1.860755e-09	2.071183e+01	1.266199e+02
2.530000e-06	2.959433e-06	1.881208e-09	2.098343e+01	1.280020e+02
2.540000e-06	2.997601e-06	1.903344e-09	2.125405e+01	1.293472e+02
2.550000e-06	3.035647e-06	1.926756e-09	2.152381e+01	1.306567e+02
2.560000e-06	3.073436e-06	1.949768e-09	2.179175e+01	1.319317e+02
2.570000e-06	3.111106e-06	1.969144e-09	2.205884e+01	1.331732e+02
2.580000e-06	3.148612e-06	1.985514e-09	2.232477e+01	1.343823e+02
2.590000e-06	3.185858e-06	2.002852e-09	2.258886e+01	1.355599e+02
2.600000e-06	3.222807e-06	2.020924e-09	2.285085e+01	1.367070e+02
2.610000e-06	3.259474e-06	2.035696e-09	2.311083e+01	1.378243e+02
2.620000e-06	3.295918e-06	2.049120e-09	2.336923e+01	1.389127e+02
2.630000e-06	3.332152e-06	2.065386e-09	2.362614e+01	1.399730e+02
2.640000e-06	3.368227e-06	2.082827e-09	2.388192e+01	1.410057e+02
2.650000e-06	3.404154e-06	2.098878e-09	2.413666e+01	1.420116e+02
2.660000e-06	3.439952e-06	2.112526e-09	2.439048e+01	1.429912e+02
2.670000e-06	3.475654e-06	2.126113e-09	2.464362e+01	1.439451e+02
2.680000e-06	3.511231e-06	2.143586e-09	2.489587e+01	1.448739e+02
2.690000e-06	3.546638e-06	2.159721e-09	2.514692e+01	1.457779e+02
2.700000e-06	3.581790e-06	2.170148e-09	2.539616e+01	1.466578e+02
2.710000e-06	3.616595e-06	2.179282e-09	2.564294e+01	1.475139e+02
2.720000e-06	3.650975e-06	2.193582e-09	2.588670e+01	1.483466e+02
2.730000e-06	3.684738e-06	2.209462e-09	2.612610e+01	1.491564e+02
2.740000e-06	3.717859e-06	2.219086e-09	2.636094e+01	1.499436e+02
2.750000e-06	3.750586e-06	2.225451e-09	2.659299e+01	1.507087e+02
2.760000e-06	3.783020e-06	2.238463e-09	2.682295e+01	1.514520e+02
2.770000e-06	3.815226e-06	2.254249e-09	2.705130e+01	1.521738e+02
2.780000e-06	3.847242e-06	2.265557e-09	2.727831e+01	1.528747e+02
2.790000e-06	3.879110e-06	2.274297e-09	2.750426e+01	1.535550e+02
2.800000e-06	3.910894e-06	2.284723e-09	2.772962e+01	1.542151e+02
2.810000e-06	3.942503e-06	2.296997e-09	2.795374e+01	1.548553e+02
2.820000e-06	3.973886e-06	2.306946e-09	2.817626e+01	1.554761e+02
2.830000e-06	4.005025e-06	2.313647e-09	2.839704e+01	1.560780e+02
2.840000e-06	4.035859e-06	2.322167e-09	2.861567e+01	1.566612e+02
2.850000e-06	4.066318e-06	2.335713e-09	2.883163e+01	1.572264e+02
2.860000e-06	4.096388e-06	2.348481e-09	2.904484e+01	1.577740e+02
2.870000e-06	4.126192e-06	2.355846e-09	2.925616e+01	1.583043e+02
2.880000e-06	4.155821e-06	2.359995e-09	2.946624e+01	1.588180e+02
2.890000e-06	4.185210e-06	2.365619e-09	2.967462e+01	1.593154e+02
2.900000e-06	4.214225e-06	2.372979e-09	2.988035e+01	1.597971e+02
2.910000e-06	4.242906e-06	2.381888e-09	3.008371e+01	1.602635e+02
2.920000e-06	4.271330e-06	2.390487e-09	3.028525e+01	1.607151e+02
2.930000e-06	4.299514e-06	2.397696e-09	3.048508e+01	1.611525e+02
2.940000e-06	4.327504e-06	2.404709e-09	3.068354e+01	1.615761e+02
2.950000e-06	4.355378e-06	2.412019e-09	3.088118e+01	1.619864e+02
2.960000e-06	4.383126e-06	2.418828e-09	3.107792e+01	1.623839e+02
2.970000e-06	4.410695e-06	2.423507e-09	3.127339e+01	1.627691e+02
2.980000e-06	4.438041e-06	2.429235e-09	3.146728e+01	1.631424e+02
2.990000e-06	4.464860e-06	2.436588e-09	3.165744e+01	1.635043e+02
3.000000e-06	4.491109e-06	2.443578e-09	3.184355e+01	1.638552e+02
3.010000e-06	4.516842e-06	2.450261e-09	3.202601e+01	1.641955e+02
3.020000e-06	4.541977e-06	2.455837e-09	3.220422e+01	1.645257e+02
3.030000e-06	4.566634e-06	2.458957e-09	3.237905e+01	1.648461e+02
3.040000e-06	4.590901e-06	2.460935e-09	3.255112e+01	1.651570e+02
3.050000e-06	4.614868e-06	2.463587e-09	3.272105e+01	1.654589e+02
3.060000e-06	4.638608e-06	2.469136e-09	3.288938e+01	1.657520e+02
3.070000e-06	4.662101e-06	2.477226e-09	3.305595e+01	1.660366e+02
3.080000e-06	4.685309e-06	2.487047e-09	3.322050e+01	1.663131e+02
3.090000e-06	4.708194e-06	2.495140e-09	3.338277e+01	1.665816e+02
3.100000e-06	4.730688e-06	2.498944e-09	3.354225e+01	1.668424e+02
3.110000e-06	4.752839e-06	2.497549e-09	3.369931e+01	1.670956e+02
3.120000e-06	4.774779e-06	2.494468e-09	3.385487e+01	1.673416e+02
3.130000e-06	4.796443e-06	2.495226e-09	3.400848e+01	1.675804e+02
3.140000e-06	4.817809e-06	2.499814e-09	3.415998e+01	1.678122e+02
3.150000e-06	4.838862e-06	2.506319e-09	3.430925e+01	1.680372e+02
3.160000e-06	4.859510e-06	2.513984e-09	3.445564e+01	1.682554e+02
3.170000e-06	4.879724e-06	2.520992e-09	3.459897e+01	1.684670e+02
3.180000e-06	4.899630e-06	2.524592e-09	3.474011e+01	1.686721e+02
3.190000e-06	4.919399e-06	2.524046e-09	3.488028e+01	1.688708e+02
3.200000e-06	4.939056e-06	2.520715e-09	3.501966e+01	1.690632e+02
3.210000e-06	4.958373e-06	2.521434e-09	3.515662e+01	1.692493e+02
3.220000e-06	4.977312e-06	2.527834e-09	3.529091e+01	1.694292e+02
3.230000e-06	4.995936e-06	2.536192e-09	3.542296e+01	1.696031e+02
3.240000e-06	5.014021e-06	2.543777e-09	3.555118e+01	1.697710e+02
3.250000e-06	5.031704e-06	2.549221e-09	3.567657e+01	1.699330e+02
3.260000e-06	5.049214e-06	2.552909e-09	3.580072e+01	1.700891e+02
3.270000e-06	5.066379e-06	2.555741e-09	3.592243e+01	1.702396e+02
3.280000e-06	5.083334e-06	2.555243e-09	3.604264e+01	1.703844e+02
3.290000e-06	5.100023e-06	2.554332e-09	3.616097e+01	1.705238e+02
3.300000e-06	5.116273e-06	2.554835e-09	3.627619e+01	1.706579e+02
3.310000e-06	5.132188e-06	2.556804e-09	3.638903e+01	1.707867e+02
3.320000e-06	5.147467e-06	2.563707e-09	3.649736e+01	1.709105e+02
3.330000e-06	5.161988e-06	2.572857e-09	3.660033e+01	1.710294e+02
3.340000e-06	5.176111e-06	2.580291e-09	3.670046e+01	1.711436e+02
3.350000e-06	5.189928e-06	2.583690e-09	3.679843e+01	1.712532e+02
3.360000e-06	5.203412e-06	2.581789e-09	3.689404e+01	1.713584e+02
3.370000e-06	5.216577e-06	2.577071e-09	3.698738e+01	1.714595e+02
3.380000e-06	5.229258e-06	2.574485e-09	3.707729e+01	1.715567e+02
3.390000e-06	5.241561e-06	2.577234e-09	3.716452e+01	1.716500e+02
3.400000e-06	5.253574e-06	2.585709e-09	3.724970e+01	1.717399e+02
3.410000e-06	5.265269e-06	2.597217e-09	3.733263e+01	1.718264e+02
3.420000e-06	5.276662e-06	2.605220e-09	3.741340e+01	1.719098e+02
3.430000e-06	5.287526e-06	2.607418e-09	3.749044e+01	1.719902e+02
3.440000e-06	5.297709e-06	2.605597e-09	3.756263e+01	1.720680e+02
3.450000e-06	5.307224e-06	2.602767e-09	3.763010e+01	1.721432e+02
3.460000e-06	5.316149e-06	2.600958e-09	3.769338e+01	1.722161e+02
3.470000e-06	5.324642e-06	2.600543e-09	3.775360e+01	1.722868e+02
3.480000e-06	5.332786e-06	2.604761e-09	3.781135e+01	1.723555e+02
3.490000e-06	5.340681e-06	2.612909e-09	3.786732e+01	1.724223e+02
3.500000e-06	5.348337e-06	2.618340e-09	3.792161e+01	1.724875e+02
3.510000e-06	5.355691e-06	2.619887e-09	3.797374e+01	1.725509e+02
3.520000e-06	5.362715e-06	2.619199e-09	3.802355e+01	1.726129e+02
3.530000e-06	5.369377e-06	2.615559e-09	3.807079e+01	1.726733e+02
3.540000e-06	5.375615e-06	2.615625e-09	3.811502e+01	1.727323e+02
3.550000e-06	5.381495e-06	2.616770e-09	3.815671e+01	1.727899e+02
3.560000e-06	5.387035e-06	2.616970e-09	3.819598e+01	1.728460e+02
3.570000e-06	5.392165e-06	2.619833e-09	3.823236e+01	1.729007e+02
3.580000e-06	5.396844e-06	2.620217e-09	3.826554e+01	1.729538e+02
3.590000e-06	5.401074e-06	2.620949e-09	3.829553e+01	1.730053e+02
3.600000e-06	5.405096e-06	2.621761e-09	3.832404e+01	1.730551e+02
3.610000e-06	5.408962e-06	2.625472e-09	3.835146e+01	1.731030e+02
3.620000e-06	5.412549e-06	2.629863e-09	3.837689e+01	1.731489e+02
3.630000e-06	5.415792e-06	2.628609e-09	3.839988e+01	1.731927e+02
3.640000e-06	5.418616e-06	2.623267e-09	3.841991e+01	1.732341e+02
3.650000e-06	5.420848e-06	2.619446e-09	3.843573e+01	1.732729e+02
3.660000e-06	5.422461e-06	2.619582e-09	3.844717e+01	1.733090e+02
3.670000e-06	5.423531e-06	2.621141e-09	3.845476e+01	1.733421e+02
3.680000e-06	5.424098e-06	2.623927e-09	3.845877e+01	1.733719e+02
3.690000e-06	5.424271e-06	2.630374e-09	3.846000e+01	1.733982e+02
3.700000e-06	5.424131e-06	2.636759e-09	3.845901e+01	1.734208e+02
3.710000e-06	5.423827e-06	2.637755e-09	3.845686e+01	1.734394e+02
3.720000e-06	5.423320e-06	2.633642e-09	3.845326e+01	1.734538e+02
3.730000e-06	5.422417e-06	2.631431e-09	3.844686e+01	1.734638e+02
3.740000e-06	5.421060e-06	2.634855e-09	3.843724e+01	1.734691e+02
3.750000e-06	5.419312e-06	2.643495e-09	3.842484e+01	1.734696e+02
3.760000e-06	5.417233e-06	2.653575e-09	3.841010e+01	1.734650e+02
3.770000e-06	5.414824e-06	2.639964e-09	3.839302e+01	1.734551e+02
3.780000e-06	5.412120e-06	2.600096e-09	3.837385e+01	1.734399e+02
3.790000e-06	5.409089e-06	2.595019e-09	3.835236e+01	1.734191e+02
3.800000e-06	5.405514e-06	2.630567e-09	3.832701e+01	1.733927e+02
3.810000e-06	5.401459e-06	2.638342e-09	3.829826e+01	1.733606e+02
3.820000e-06	5.397250e-06	2.675097e-09	3.826842e+01	1.733227e+02
3.830000e-06	5.392982e-06	2.666277e-09	3.823815e+01	1.732790e+02
3.840000e-06	5.388472e-06	2.674841e-09	3.820618e+01	1.732295e+02
3.850000e-06	5.383386e-06	2.671719e-09	3.817011e+01	1.731742e+02
3.860000e-06	5.377686e-06	2.643926e-09	3.812970e+01	1.731133e+02
3.870000e-06	5.371523e-06	2.654395e-09	3.808600e+01	1.730467e+02
3.880000e-06	5.364771e-06	2.619305e-09	3.803813e+01	1.729747e+02
3.890000e-06	5.357494e-06	2.643176e-09	3.798653e+01	1.728973e+02
3.900000e-06	5.349827e-06	2.658073e-09	3.793217e+01	1.728148e+02
3.910000e-06	5.341824e-06	2.697803e-09	3.787542e+01	1.727273e+02
3.920000e-06	5.333533e-06	2.662593e-09	3.781664e+01	1.726350e+02
3.930000e-06	5.324944e-06	2.642380e-09	3.775574e+01	1.725382e+02
3.940000e-06	5.316016e-06	2.646178e-09	3.769243e+01	1.724372e+02
3.950000e-06	5.306713e-06	2.639062e-09	3.762647e+01	1.723322e+02
3.960000e-06	5.297013e-06	2.613718e-09	3.755770e+01	1.722234e+02
3.970000e-06	5.286919e-06	2.630180e-09	3.748613e+01	1.721113e+02
3.980000e-06	5.276483e-06	2.675518e-09	3.741213e+01	1.719960e+02
3.990000e-06	5.265710e-06	2.658677e-09	3.733575e+01	1.718779e+02
4.000000e-06	5.254532e-06	2.625302e-09	3.725650e+01	1.717572e+02
4.010000e-06	5.242954e-06	2.635752e-09	3.717440e+01	1.716342e+02
4.020000e-06	5.231025e-06	2.665608e-09	3.708982e+01	1.715093e+02
4.030000e-06	5.218699e-06	2.626702e-09	3.700243e+01	1.713826e+02
4.040000e-06	5.206077e-06	2.629415e-09	3.691293e+01	1.712544e+02
4.050000e-06	5.192989e-06	2.667975e-09	3.682014e+01	1.711250e+02
4.060000e-06	5.179209e-06	2.679994e-09	3.672243e+01	1.709945e+02
4.070000e-06	5.164711e-06	2.630554e-09	3.661963e+01	1.708631e+02
4.080000e-06	5.149626e-06	2.662394e-09	3.651267e+01	1.707310e+02
4.090000e-06	5.134046e-06	2.672265e-09	3.640221e+01	1.705984e+02
4.100000e-06	5.118122e-06	2.627676e-09	3.628930e+01	1.704652e+02
4.110000e-06	5.102019e-06	2.607906e-09	3.617512e+01	1.703316e+02
4.120000e-06	5.085698e-06	2.654588e-09	3.605940e+01	1.701976e+02
4.130000e-06	5.069041e-06	2.644833e-09	3.594130e+01	1.700632e+02
4.140000e-06	5.052014e-06	2.633044e-09	3.582057e+01	1.699284e+02
4.150000e-06	5.034576e-06	2.653613e-09	3.569693e+01	1.697931e+02
4.160000e-06	5.016720e-06	2.656567e-09	3.557032e+01	1.696573e+02
4.170000e-06	4.998624e-06	2.625444e-09	3.544202e+01	1.695208e+02
4.180000e-06	4.980294e-06	2.633792e-09	3.531205e+01	1.693835e+02
4.190000e-06	4.961587e-06	2.635357e-09	3.517941e+01	1.692452e+02
4.200000e-06	4.942537e-06	2.609932e-09	3.504434e+01	1.691056e+02
4.210000e-06	4.923169e-06	2.618463e-09	3.490702e+01	1.689647e+02
4.220000e-06	4.903493e-06	2.633506e-09	3.476750e+01	1.688221e+02
4.230000e-06	4.883616e-06	2.622960e-09	3.462657e+01	1.686776e+02
4.240000e-06	4.863485e-06	2.613770e-09	3.448383e+01	1.685309e+02
4.250000e-06	4.843149e-06	2.622759e-09	3.433965e+01	1.683817e+02
4.260000e-06	4.822466e-06	2.606666e-09	3.419299e+01	1.682298e+02
4.270000e-06	4.801268e-06	2.602441e-09	3.404269e+01	1.680749e+02
4.280000e-06	4.779691e-06	2.600005e-09	3.388970e+01	1.679167e+02
4.290000e-06	4.757592e-06	2.597106e-09	3.373301e+01	1.677549e+02
4.300000e-06	4.734736e-06	2.590207e-09	3.357096e+01	1.675892e+02
4.310000e-06	4.711263e-06	2.597085e-09	3.340452e+01	1.674193e+02
4.320000e-06	4.687503e-06	2.581172e-09	3.323605e+01	1.672451e+02
4.330000e-06	4.663610e-06	2.575247e-09	3.306665e+01	1.670663e+02
4.340000e-06	4.639538e-06	2.569119e-09	3.289597e+01	1.668826e+02
4.350000e-06	4.615242e-06	2.566542e-09	3.272370e+01	1.666938e+02
4.360000e-06	4.590675e-06	2.561079e-09	3.254951e+01	1.664999e+02
4.370000e-06	4.565801e-06	2.569657e-09	3.237315e+01	1.663006e+02
4.380000e-06	4.540559e-06	2.566235e-09	3.219417e+01	1.660958e+02
4.390000e-06	4.514916e-06	2.571050e-09	3.201235e+01	1.658855e+02
4.400000e-06	4.488913e-06	2.570814e-09	3.182798e+01	1.656695e+02
4.410000e-06	4.462592e-06	2.566041e-09	3.164136e+01	1.654479e+02
4.420000e-06	4.436018e-06	2.557556e-09	3.145294e+01	1.652206e+02
4.430000e-06	4.409235e-06	2.555957e-09	3.126304e+01	1.649876e+02
4.440000e-06	4.382143e-06	2.547549e-09	3.107095e+01	1.647490e+02
4.450000e-06	4.354738e-06	2.541314e-09	3.087663e+01	1.645049e+02
4.460000e-06	4.327062e-06	2.538287e-09	3.068041e+01	1.642553e+02
4.470000e-06	4.299130e-06	2.539886e-09	3.048236e+01	1.640004e+02
4.480000e-06	4.271037e-06	2.544086e-09	3.028317e+01	1.637402e+02
4.490000e-06	4.242768e-06	2.543112e-09	3.008273e+01	1.634751e+02
4.500000e-06	4.214231e-06	2.534451e-09	2.988039e+01	1.632050e+02
4.510000e-06	4.185435e-06	2.525615e-09	2.967622e+01	1.629303e+02
4.520000e-06	4.156155e-06	2.518552e-09	2.946861e+01	1.626510e+02
4.530000e-06	4.126355e-06	2.509007e-09	2.925732e+01	1.623673e+02
4.540000e-06	4.096041e-06	2.508087e-09	2.904238e+01	1.620795e+02
4.550000e-06	4.065162e-06	2.513354e-09	2.882344e+01	1.617878e+02
4.560000e-06	4.033865e-06	2.521938e-09	2.860153e+01	1.614922e+02
4.570000e-06	4.002287e-06	2.518672e-09	2.837763e+01	1.611930e+02
4.580000e-06	3.970504e-06	2.511472e-09	2.815228e+01	1.608903e+02
4.590000e-06	3.938510e-06	2.501571e-09	2.792543e+01	1.605843e+02
4.600000e-06	3.906372e-06	2.497448e-09	2.769756e+01	1.602750e+02
4.610000e-06	3.874101e-06	2.490649e-09	2.746875e+01	1.599625e+02
4.620000e-06	3.841592e-06	2.489357e-09	2.723825e+01	1.596470e+02
4.630000e-06	3.808759e-06	2.488076e-09	2.700545e+01	1.593284e+02
4.640000e-06	3.775640e-06	2.490009e-09	2.677062e+01	1.590068e+02
4.650000e-06	3.742253e-06	2.483677e-09	2.653390e+01	1.586821e+02
4.660000e-06	3.708623e-06	2.473429e-09	2.629545e+01	1.583544e+02
4.670000e-06	3.674750e-06	2.461370e-09	2.605528e+01	1.580234e+02
4.680000e-06	3.640611e-06	2.457621e-09	2.581322e+01	1.576891e+02
4.690000e-06	3.606299e-06	2.455333e-09	2.556994e+01	1.573514e+02
4.700000e-06	3.571729e-06	2.455199e-09	2.532482e+01	1.570101e+02
4.710000e-06	3.536896e-06	2.452600e-09	2.507785e+01	1.566648e+02
4.720000e-06	3.501855e-06	2.449994e-09	2.482939e+01	1.563156e+02
4.730000e-06	3.466469e-06	2.443280e-09	2.457849e+01	1.559619e+02
4.740000e-06	3.430805e-06	2.433746e-09	2.432562e+01	1.556036e+02
4.750000e-06	3.394940e-06	2.424050e-09	2.407132e+01	1.552404e+02
4.760000e-06	3.358939e-06	2.419083e-09	2.381606e+01	1.548718e+02
4.770000e-06	3.322854e-06	2.415632e-09	2.356021e+01	1.544976e+02
4.780000e-06	3.286649e-06	2.411317e-09	2.330351e+01	1.541174e+02
4.790000e-06	3.250312e-06	2.406562e-09	2.304586e+01	1.537308e+02
4.800000e-06	3.213895e-06	2.402471e-09	2.278765e+01	1.533375e+02
4.810000e-06	3.177270e-06	2.398915e-09	2.252797e+01	1.529370e+02
4.820000e-06	3.140247e-06	2.388668e-09	2.226546e+01	1.525289e+02
4.830000e-06	3.102721e-06	2.376045e-09	2.199939e+01	1.521129e+02
4.840000e-06	3.064803e-06	2.369115e-09	2.173054e+01	1.516885e+02
4.850000e-06	3.026623e-06	2.367804e-09	2.145983e+01	1.512555e+02
4.860000e-06	2.988132e-06	2.363818e-09	2.118691e+01	1.508134e+02
4.870000e-06	2.949227e-06	2.356501e-09	2.091107e+01	1.503619e+02
4.880000e-06	2.909947e-06	2.345831e-09	2.063256e+01	1.499007e+02
4.890000e-06	2.870476e-06	2.336522e-09	2.035269e+01	1.494294e+02
4.900000e-06	2.830806e-06	2.326010e-09	2.007142e+01	1.489477e+02
4.910000e-06	2.790954e-06	2.314353e-09	1.978885e+01	1.484554e+02
4.920000e-06	2.750945e-06	2.305147e-09	1.950517e+01	1.479522e+02
4.930000e-06	2.710804e-06	2.303772e-09	1.922056e+01	1.474378e+02
4.940000e-06	2.670572e-06	2.298952e-09	1.893531e+01	1.469121e+02
4.950000e-06	2.630229e-06	2.290480e-09	1.864926e+01	1.463747e+02
4.960000e-06	2.589839e-06	2.280394e-09	1.836287e+01	1.458256e+02
4.970000e-06	2.549375e-06	2.272957e-09	1.807597e+01	1.452645e+02
4.980000e-06	2.508701e-06	2.263059e-09	1.778758e+01	1.446912e+02
4.990000e-06	2.467795e-06	2.252189e-09	1.749754e+01	1.441056e+02
5.000000e-06	2.426701e-06	2.243053e-09	1.720617e+01	1.435074e+02
5.010000e-06	2.385411e-06	2.237618e-09	1.691341e+01	1.428965e+02
5.020000e-06	2.343924e-06	2.231754e-09	1.661925e+01	1.422727e+02
5.030000e-06	2.302281e-06	2.221098e-09	1.632399e+01	1.416358e+02
5.040000e-06	2.260443e-06	2.207053e-09	1.602734e+01	1.409855e+02
5.050000e-06	2.218482e-06	2.196796e-09	1.572982e+01	1.403216e+02
5.060000e-06	2.176391e-06	2.189227e-09	1.543138e+01	1.396438e+02
5.070000e-06	2.134152e-06	2.179255e-09	1.513189e+01	1.389516e+02
5.080000e-06	2.091868e-06	2.166746e-09	1.483208e+01	1.382449e+02
5.090000e-06	2.049403e-06	2.156550e-09	1.453100e+01	1.375230e+02
5.100000e-06	2.006717e-06	2.150160e-09	1.422833e+01	1.367856e+02
5.110000e-06	1.963868e-06	2.141259e-09	1.392452e+01	1.360319e+02
5.120000e-06	1.920864e-06	2.126899e-09	1.361960e+01	1.352615e+02
5.130000e-06	1.877730e-06	2.110888e-09	1.331377e+01	1.344735e+02
5.140000e-06	1.834519e-06	2.099131e-09	1.300739e+01	1.336671e+02
5.150000e-06	1.791203e-06	2.088135e-09	1.270026e+01	1.328416e+02
5.160000e-06	1.747733e-06	2.075888e-09	1.239204e+01	1.319958e+02
5.170000e-06	1.704138e-06	2.064113e-09	1.208294e+01	1.311288e+02
5.180000e-06	1.660406e-06	2.056685e-09	1.177287e+01	1.302393e+02
5.190000e-06	1.616547e-06	2.046542e-09	1.146189e+01	1.293261e+02
5.200000e-06	1.572606e-06	2.028812e-09	1.115033e+01	1.283879e+02
5.210000e-06	1.528621e-06	2.008549e-09	1.083846e+01	1.274231e+02
5.220000e-06	1.484622e-06	1.990053e-09	1.052650e+01	1.264303e+02
5.230000e-06	1.440584e-06	1.974191e-09	1.021425e+01	1.254078e+02
5.240000e-06	1.396446e-06	1.960087e-09	9.901294e+00	1.243539e+02
5.250000e-06	1.352284e-06	1.945564e-09	9.588176e+00	1.232667e+02
5.260000e-06	1.308069e-06	1.932077e-09	9.274674e+00	1.221445e+02
5.270000e-06	1.263764e-06	1.917997e-09	8.960534e+00	1.209852e+02
5.280000e-06	1.219473e-06	1.901612e-09	8.646495e+00	1.197869e+02
5.290000e-06	1.175131e-06	1.882208e-09	8.332093e+00	1.185474e+02
5.300000e-06	1.130755e-06	1.862801e-09	8.017455e+00	1.172647e+02
5.310000e-06	1.086355e-06	1.842352e-09	7.702642e+00	1.159367e+02
5.320000e-06	1.041855e-06	1.818720e-09	7.387121e+00	1.145612e+02
5.330000e-06	9.973091e-07	1.794319e-09	7.071275e+00	1.131361e+02
5.340000e-06	9.526925e-07	1.774186e-09	6.754927e+00	1.116593e+02
5.350000e-06	9.079676e-07	1.754076e-09	6.437812e+00	1.101285e+02
5.360000e-06	8.631460e-07	1.730909e-09	6.120011e+00	1.085419e+02
5.370000e-06	8.182737e-07	1.708560e-09	5.801851e+00	1.068972e+02
5.380000e-06	7.734119e-07	1.688035e-09	5.483764e+00	1.051927e+02
5.390000e-06	7.285039e-07	1.665285e-09	5.165351e+00	1.034263e+02
5.400000e-06	6.835229e-07	1.635512e-09	4.846419e+00	1.015965e+02
5.410000e-06	6.385403e-07	1.602198e-09	4.527477e+00	9.970140e+01
5.420000e-06	5.935775e-07	1.570037e-09	4.208675e+00	9.773964e+01
5.430000e-06	5.485905e-07	1.538251e-09	3.889701e+00	9.570981e+01
5.440000e-06	5.034589e-07	1.505252e-09	3.569702e+00	9.361069e+01
5.450000e-06	4.581262e-07	1.471303e-09	3.248277e+00	9.144126e+01
5.460000e-06	4.127721e-07	1.437912e-09	2.926701e+00	8.920067e+01
5.470000e-06	3.673091e-07	1.407312e-09	2.604352e+00	8.688827e+01
5.480000e-06	3.216765e-07	1.376797e-09	2.280801e+00	8.450362e+01
5.490000e-06	2.761511e-07	1.340241e-09	1.958009e+00	8.204652e+01
5.500000e-06	2.307269e-07	1.298836e-09	1.635936e+00	7.951697e+01
5.510000e-06	1.853403e-07	1.256710e-09	1.314129e+00	7.691522e+01
5.520000e-06	1.399500e-07	1.214098e-09	9.922949e-01	7.424178e+01
5.530000e-06	9.454599e-08	1.171033e-09	6.703645e-01	7.149739e+01
5.540000e-06	4.916207e-08	1.126251e-09	3.485765e-01	6.868304e+01
5.550000e-06	3.744968e-09	1.082909e-09	2.655315e-02	6.579998e+01
5.560000e-06	-4.167453e-08	1.041508e-09	-2.954872e-01	6.284972e+01
5.570000e-06	-8.707723e-08	9.987591e-10	-6.174084e-01	5.983402e+01
5.580000e-06	-1.324438e-07	9.501123e-10	-9.390737e-01	5.675487e+01
5.590000e-06	-1.777632e-07	8.977383e-10	-1.260404e+00	5.361453e+01
5.600000e-06	-2.230519e-07	8.449875e-10	-1.581517e+00	5.041548e+01
5.610000e-06	-2.684421e-07	7.916170e-10	-1.903350e+00	4.716043e+01
5.620000e-06	-3.138776e-07	7.367638e-10	-2.225503e+00	4.385233e+01
5.630000e-06	-3.591736e-07	6.831220e-10	-2.546668e+00	4.049431e+01
5.640000e-06	-4.044770e-07	6.317046e-10	-2.867885e+00	3.708973e+01
5.650000e-06	-4.497854e-07	5.805129e-10	-3.189138e+00	3.364210e+01
5.660000e-06	-4.950286e-07	5.286004e-10	-3.509928e+00	3.015512e+01
5.670000e-06	-5.401909e-07	4.725430e-10	-3.830145e+00	2.663264e+01
5.680000e-06	-5.851592e-07	4.116440e-10	-4.148986e+00	2.307864e+01
5.690000e-06	-6.301047e-07	3.474086e-10	-4.467665e+00	1.949722e+01
5.700000e-06	-6.751624e-07	2.831401e-10	-4.787141e+00	1.589257e+01
5.710000e-06	-7.201109e-07	2.229508e-10	-5.105842e+00	1.226899e+01
5.720000e-06	-7.649395e-07	1.686593e-10	-5.423692e+00	8.630792e+00
5.730000e-06	-8.097545e-07	1.162177e-10	-5.741446e+00	4.982371e+00
5.740000e-06	-8.545041e-07	6.111268e-11	-6.058737e+00	1.328121e+00
5.750000e-06	-8.991925e-07	4.472493e-12	-6.375594e+00	-2.327558e+00
5.760000e-06	-9.438164e-07	-5.343578e-11	-6.691993e+00	-5.980291e+00
5.770000e-06	-9.884614e-07	-1.158662e-10	-7.008541e+00	-9.625739e+00
5.780000e-06	-1.033021e-06	-1.829481e-10	-7.324487e+00	-1.325963e+01
5.790000e-06	-1.077389e-06	-2.478672e-10	-7.639073e+00	-1.687775e+01
5.800000e-06	-1.121750e-06	-3.030465e-10	-7.953608e+00	-2.047602e+01
5.810000e-06	-1.166125e-06	-3.510091e-10	-8.268238e+00	-2.405044e+01
5.820000e-06	-1.210420e-06	-4.006347e-10	-8.582304e+00	-2.759715e+01
5.830000e-06	-1.254620e-06	-4.539232e-10	-8.895704e+00	-3.111245e+01
5.840000e-06	-1.298779e-06	-5.073833e-10	-9.208803e+00	-3.459279e+01
5.850000e-06	-1.342967e-06	-5.621280e-10	-9.522109e+00	-3.803479e+01
5.860000e-06	-1.387116e-06	-6.205162e-10	-9.835146e+00	-4.143526e+01
5.870000e-06	-1.431204e-06	-6.803855e-10	-1.014774e+01	-4.479120e+01
5.880000e-06	-1.475227e-06	-7.354845e-10	-1.045988e+01	-4.809984e+01
5.890000e-06	-1.519205e-06	-7.815336e-10	-1.077170e+01	-5.135860e+01
5.900000e-06	-1.563142e-06	-8.248820e-10	-1.108323e+01	-5.456510e+01
5.910000e-06	-1.606977e-06	-8.715055e-10	-1.139403e+01	-5.771723e+01
5.920000e-06	-1.650693e-06	-9.179407e-10	-1.170400e+01	-6.081307e+01
5.930000e-06	-1.694331e-06	-9.651900e-10	-1.201341e+01	-6.385094e+01
5.940000e-06	-1.737899e-06	-1.014347e-09	-1.232232e+01	-6.682939e+01
5.950000e-06	-1.781334e-06	-1.063745e-09	-1.263029e+01	-6.974719e+01
5.960000e-06	-1.824647e-06	-1.108345e-09	-1.293739e+01	-7.260334e+01
5.970000e-06	-1.867848e-06	-1.147950e-09	-1.324371e+01	-7.539704e+01
5.980000e-06	-1.910875e-06	-1.186098e-09	-1.354878e+01	-7.812773e+01
5.990000e-06	-1.953692e-06	-1.227696e-09	-1.385237e+01	-8.079504e+01
6.000000e-06	-1.996313e-06	-1.271002e-09	-1.415457e+01	-8.339881e+01
6.010000e-06	-2.038804e-06	-1.315806e-09	-1.445585e+01	-8.593907e+01
6.020000e-06	-2.081247e-06	-1.358768e-09	-1.475678e+01	-8.841600e+01
6.030000e-06	-2.123475e-06	-1.397613e-09	-1.505619e+01	-9.083000e+01
6.040000e-06	-2.165473e-06	-1.430042e-09	-1.535397e+01	-9.318159e+01
6.050000e-06	-2.207386e-06	-1.457901e-09	-1.565115e+01	-9.547146e+01
6.060000e-06	-2.249217e-06	-1.488329e-09	-1.594774e+01	-9.770041e+01
6.070000e-06	-2.290903e-06	-1.524586e-09	-1.624331e+01	-9.986940e+01
6.080000e-06	-2.332402e-06	-1.563881e-09	-1.653756e+01	-1.019795e+02
6.090000e-06	-2.373689e-06	-1.601765e-09	-1.683030e+01	-1.040317e+02
6.100000e-06	-2.414732e-06	-1.637039e-09	-1.712131e+01	-1.060275e+02
6.110000e-06	-2.455579e-06	-1.666837e-09	-1.741093e+01	-1.079679e+02
6.120000e-06	-2.496252e-06	-1.692564e-09	-1.769931e+01	-1.098545e+02
6.130000e-06	-2.536773e-06	-1.715103e-09	-1.798662e+01	-1.116885e+02
6.140000e-06	-2.577240e-06	-1.737343e-09	-1.827355e+01	-1.134715e+02
6.150000e-06	-2.617605e-06	-1.764666e-09	-1.855975e+01	-1.152049e+02
6.160000e-06	-2.657793e-06	-1.797091e-09	-1.884469e+01	-1.168901e+02
6.170000e-06	-2.697876e-06	-1.829842e-09	-1.912890e+01	-1.185287e+02
6.180000e-06	-2.737874e-06	-1.863222e-09	-1.941250e+01	-1.201220e+02
6.190000e-06	-2.777797e-06	-1.894231e-09	-1.969557e+01	-1.216716e+02
6.200000e-06	-2.817630e-06	-1.921045e-09	-1.997800e+01	-1.231788e+02
6.210000e-06	-2.857268e-06	-1.943660e-09	-2.025904e+01	-1.246450e+02
6.220000e-06	-2.896637e-06	-1.963000e-09	-2.053818e+01	-1.260717e+02
6.230000e-06	-2.935719e-06	-1.981480e-09	-2.081529e+01	-1.274599e+02
6.240000e-06	-2.974437e-06	-2.002111e-09	-2.108981e+01	-1.288112e+02
6.250000e-06	-3.012794e-06	-2.023593e-09	-2.136178e+01	-1.301265e+02
6.260000e-06	-3.050930e-06	-2.048448e-09	-2.163217e+01	-1.314071e+02
6.270000e-06	-3.088605e-06	-2.073802e-09	-2.189930e+01	-1.326541e+02
6.280000e-06	-3.125864e-06	-2.095279e-09	-2.216348e+01	-1.338685e+02
6.290000e-06	-3.162870e-06	-2.112180e-09	-2.242587e+01	-1.350513e+02
6.300000e-06	-3.199514e-06	-2.126967e-09	-2.268569e+01	-1.362034e+02
6.310000e-06	-3.235880e-06	-2.144502e-09	-2.294354e+01	-1.373256e+02
6.320000e-06	-3.272124e-06	-2.165304e-09	-2.320052e+01	-1.384187e+02
6.330000e-06	-3.308267e-06	-2.184889e-09	-2.345679e+01	-1.394835e+02
6.340000e-06	-3.344256e-06	-2.203336e-09	-2.371196e+01	-1.405208e+02
6.350000e-06	-3.380058e-06	-2.221531e-09	-2.396581e+01	-1.415310e+02
6.360000e-06	-3.415693e-06	-2.237169e-09	-2.421847e+01	-1.425149e+02
6.370000e-06	-3.451182e-06	-2.246731e-09	-2.447011e+01	-1.434731e+02
6.380000e-06	-3.486387e-06	-2.254008e-09	-2.471972e+01	-1.444060e+02
6.390000e-06	-3.521284e-06	-2.267501e-09	-2.496715e+01	-1.453141e+02
6.400000e-06	-3.555915e-06	-2.287295e-09	-2.521269e+01	-1.461979e+02
6.410000e-06	-3.590297e-06	-2.307571e-09	-2.545648e+01	-1.470579e+02
6.420000e-06	-3.624493e-06	-2.323302e-09	-2.569894e+01	-1.478944e+02
6.430000e-06	-3.658506e-06	-2.335233e-09	-2.594010e+01	-1.487079e+02
6.440000e-06	-3.692289e-06	-2.346416e-09	-2.617963e+01	-1.494989e+02
6.450000e-06	-3.725793e-06	-2.357306e-09	-2.641719e+01	-1.502676e+02
6.460000e-06	-3.758960e-06	-2.364941e-09	-2.665236e+01	-1.510144e+02
6.470000e-06	-3.791894e-06	-2.372592e-09	-2.688587e+01	-1.517398e+02
6.480000e-06	-3.824600e-06	-2.385164e-09	-2.711777e+01	-1.524441e+02
6.490000e-06	-3.857043e-06	-2.400003e-09	-2.734780e+01	-1.531278e+02
6.500000e-06	-3.889273e-06	-2.411546e-09	-2.757632e+01	-1.537911e+02
6.510000e-06	-3.921332e-06	-2.418139e-09	-2.780364e+01	-1.544346e+02
6.520000e-06	-3.953142e-06	-2.423725e-09	-2.802918e+01	-1.550586e+02
6.530000e-06	-3.984707e-06	-2.434923e-09	-2.825299e+01	-1.556635e+02
6.540000e-06	-4.016040e-06	-2.448157e-09	-2.847515e+01	-1.562499e+02
6.550000e-06	-4.046959e-06	-2.455868e-09	-2.869437e+01	-1.568180e+02
6.560000e-06	-4.077519e-06	-2.461661e-09	-2.891105e+01	-1.573684e+02
6.570000e-06	-4.107588e-06	-2.469410e-09	-2.912426e+01	-1.579016e+02
6.580000e-06	-4.137127e-06	-2.476864e-09	-2.933370e+01	-1.584179e+02
6.590000e-06	-4.166183e-06	-2.478996e-09	-2.953972e+01	-1.589180e+02
6.600000e-06	-4.194857e-06	-2.482600e-09	-2.974303e+01	-1.594022e+02
6.610000e-06	-4.223283e-06	-2.492881e-09	-2.994457e+01	-1.598711e+02
6.620000e-06	-4.251459e-06	-2.502840e-09	-3.014435e+01	-1.603251e+02
6.630000e-06	-4.279505e-06	-2.508283e-09	-3.034321e+01	-1.607648e+02
6.640000e-06	-4.307423e-06	-2.511762e-09	-3.054115e+01	-1.611906e+02
6.650000e-06	-4.335147e-06	-2.521949e-09	-3.073773e+01	-1.616031e+02
6.660000e-06	-4.362579e-06	-2.532990e-09	-3.093223e+01	-1.620027e+02
6.670000e-06	-4.389603e-06	-2.537757e-09	-3.112384e+01	-1.623898e+02
6.680000e-06	-4.416271e-06	-2.538053e-09	-3.131293e+01	-1.627650e+02
6.690000e-06	-4.442598e-06	-2.540416e-09	-3.149959e+01	-1.631288e+02
6.700000e-06	-4.468642e-06	-2.545938e-09	-3.168425e+01	-1.634814e+02
6.710000e-06	-4.494403e-06	-2.551088e-09	-3.186691e+01	-1.638234e+02
6.720000e-06	-4.519761e-06	-2.555680e-09	-3.204671e+01	-1.641552e+02
6.730000e-06	-4.544755e-06	-2.564290e-09	-3.222392e+01	-1.644772e+02
6.740000e-06	-4.569474e-06	-2.574329e-09	-3.239919e+01	-1.647897e+02
6.750000e-06	-4.593960e-06	-2.578644e-09	-3.257281e+01	-1.650930e+02
6.760000e-06	-4.618253e-06	-2.576704e-09	-3.274505e+01	-1.653875e+02
6.770000e-06	-4.642413e-06	-2.575392e-09	-3.291636e+01	-1.656735e+02
6.780000e-06	-4.666342e-06	-2.575739e-09	-3.308602e+01	-1.659512e+02
6.790000e-06	-4.690026e-06	-2.575271e-09	-3.325395e+01	-1.662210e+02
6.800000e-06	-4.713341e-06	-2.577895e-09	-3.341926e+01	-1.664830e+02
6.810000e-06	-4.736099e-06	-2.586997e-09	-3.358062e+01	-1.667375e+02
6.820000e-06	-4.758218e-06	-2.602197e-09	-3.373745e+01	-1.669846e+02
6.830000e-06	-4.779674e-06	-2.614329e-09	-3.388958e+01	-1.672246e+02
6.840000e-06	-4.800612e-06	-2.617634e-09	-3.403804e+01	-1.674575e+02
6.850000e-06	-4.821209e-06	-2.617603e-09	-3.418408e+01	-1.676836e+02
6.860000e-06	-4.841609e-06	-2.618782e-09	-3.432872e+01	-1.679029e+02
6.870000e-06	-4.861837e-06	-2.619493e-09	-3.447215e+01	-1.681156e+02
6.880000e-06	-4.881830e-06	-2.619332e-09	-3.461390e+01	-1.683217e+02
6.890000e-06	-4.901629e-06	-2.620582e-09	-3.475428e+01	-1.685214e+02
6.900000e-06	-4.921114e-06	-2.627635e-09	-3.489244e+01	-1.687148e+02
6.910000e-06	-4.940130e-06	-2.639609e-09	-3.502727e+01	-1.689019e+02
6.920000e-06	-4.958779e-06	-2.648271e-09	-3.515950e+01	-1.690828e+02
6.930000e-06	-4.977134e-06	-2.649503e-09	-3.528964e+01	-1.692577e+02
6.940000e-06	-4.995161e-06	-2.650312e-09	-3.541746e+01	-1.694265e+02
6.950000e-06	-5.012858e-06	-2.653497e-09	-3.554294e+01	-1.695894e+02
6.960000e-06	-5.030254e-06	-2.652614e-09	-3.566628e+01	-1.697465e+02
6.970000e-06	-5.047356e-06	-2.646719e-09	-3.578754e+01	-1.698978e+02
6.980000e-06	-5.064124e-06	-2.646667e-09	-3.590643e+01	-1.700436e+02
6.990000e-06	-5.080513e-06	-2.654765e-09	-3.602264e+01	-1.701839e+02
7.000000e-06	-5.096615e-06	-2.663891e-09	-3.613681e+01	-1.703187e+02
7.010000e-06	-5.112575e-06	-2.666732e-09	-3.624997e+01	-1.704484e+02
7.020000e-06	-5.128260e-06	-2.668339e-09	-3.636118e+01	-1.705730e+02
7.030000e-06	-5.143514e-06	-2.673403e-09	-3.646934e+01	-1.706926e+02
7.040000e-06	-5.158122e-06	-2.678111e-09	-3.657291e+01	-1.708075e+02
7.050000e-06	-5.171926e-06	-2.676797e-09	-3.667079e+01	-1.709179e+02
7.060000e-06	-5.185114e-06	-2.671417e-09	-3.676429e+01	-1.710238e+02
7.070000e-06	-5.197860e-06	-2.668868e-09	-3.685467e+01	-1.711255e+02
7.080000e-06	-5.210236e-06	-2.668550e-09	-3.694242e+01	-1.712233e+02
7.090000e-06	-5.222222e-06	-2.666958e-09	-3.702740e+01	-1.713172e+02
7.100000e-06	-5.233913e-06	-2.665063e-09	-3.711030e+01	-1.714076e+02
7.110000e-06	-5.245368e-06	-2.668291e-09	-3.719152e+01	-1.714946e+02
7.120000e-06	-5.256370e-06	-2.676809e-09	-3.726952e+01	-1.715785e+02
7.130000e-06	-5.266831e-06	-2.682682e-09	-3.734370e+01	-1.716594e+02
7.140000e-06	-5.276977e-06	-2.681524e-09	-3.741564e+01	-1.717375e+02
7.150000e-06	-5.286878e-06	-2.678138e-09	-3.748584e+01	-1.718131e+02
7.160000e-06	-5.296356e-06	-2.673242e-09	-3.755304e+01	-1.718863e+02
7.170000e-06	-5.305362e-06	-2.666672e-09	-3.761690e+01	-1.719574e+02
7.180000e-06	-5.314017e-06	-2.661176e-09	-3.767826e+01	-1.720264e+02
7.190000e-06	-5.322411e-06	-2.662989e-09	-3.773778e+01	-1.720935e+02
7.200000e-06	-5.330614e-06	-2.673145e-09	-3.779594e+01	-1.721588e+02
7.210000e-06	-5.338652e-06	-2.682931e-09	-3.785293e+01	-1.722225e+02
7.220000e-06	-5.346406e-06	-2.687109e-09	-3.790791e+01	-1.722847e+02
7.230000e-06	-5.353695e-06	-2.688014e-09	-3.795960e+01	-1.723453e+02
7.240000e-06	-5.360480e-06	-2.686500e-09	-3.800770e+01	-1.724045e+02
7.250000e-06	-5.366623e-06	-2.681212e-09	-3.805126e+01	-1.724623e+02
7.260000e-06	-5.372112e-06	-2.674760e-09	-3.809018e+01	-1.725186e+02
7.270000e-06	-5.377125e-06	-2.672489e-09	-3.812572e+01	-1.725735e+02
7.280000e-06	-5.381719e-06	-2.676036e-09	-3.815830e+01	-1.726268e+02
7.290000e-06	-5.386046e-06	-2.682117e-09	-3.818897e+01	-1.726786e+02
7.300000e-06	-5.390170e-06	-2.684897e-09	-3.821821e+01	-1.727286e+02
7.310000e-06	-5.394020e-06	-2.685082e-09	-3.824552e+01	-1.727768e+02
7.320000e-06	-5.397572e-06	-2.686737e-09	-3.827070e+01	-1.728231e+02
7.330000e-06	-5.400734e-06	-2.686946e-09	-3.829312e+01	-1.728672e+02
7.340000e-06	-5.403373e-06	-2.683041e-09	-3.831183e+01	-1.729090e+02
7.350000e-06	-5.405655e-06	-2.677778e-09	-3.832801e+01	-1.729482e+02
7.360000e-06	-5.407690e-06	-2.676238e-09	-3.834244e+01	-1.729847e+02
7.370000e-06	-5.409337e-06	-2.677367e-09	-3.835412e+01	-1.730182e+02
7.380000e-06	-5.410580e-06	-2.676009e-09	-3.836293e+01	-1.730486e+02
7.390000e-06	-5.411430e-06	-2.673665e-09	-3.836896e+01	-1.730754e+02
7.400000e-06	-5.411949e-06	-2.674170e-09	-3.837263e+01	-1.730986e+02
