# Temperatura_=_24.07
# Concentracion g/m^3_=_4090.0
# C_Vs_to_Am_M_A/Vsm_=_65563218390.804596
# pendiente_HvsI_1/m_=_3716.3
# ordenada_HvsI_A/m_=_1297.0
# frecuencia_Hz_=_135090.50590262772

Tiempo_(s)	Campo_(V.s)	Magnetizacion_(V.s)	Campo_(kA/m)	Magnetizacion_(A/m)
0.000000e+00	-5.415372e-06	-2.648036e-09	-3.838307e+01	-1.722683e+02
1.000000e-08	-5.415565e-06	-2.644218e-09	-3.838443e+01	-1.722735e+02
2.000000e-08	-5.415526e-06	-2.636321e-09	-3.838416e+01	-1.722756e+02
3.000000e-08	-5.415333e-06	-2.632506e-09	-3.838279e+01	-1.722743e+02
4.000000e-08	-5.414765e-06	-2.632817e-09	-3.837877e+01	-1.722694e+02
5.000000e-08	-5.413558e-06	-2.631049e-09	-3.837021e+01	-1.722606e+02
6.000000e-08	-5.411731e-06	-2.622856e-09	-3.835726e+01	-1.722477e+02
7.000000e-08	-5.409254e-06	-2.616017e-09	-3.833970e+01	-1.722304e+02
8.000000e-08	-5.406221e-06	-2.641140e-09	-3.831820e+01	-1.722085e+02
9.000000e-08	-5.402644e-06	-2.715136e-09	-3.829285e+01	-1.721818e+02
1.000000e-07	-5.398529e-06	-2.757691e-09	-3.826369e+01	-1.721503e+02
1.100000e-07	-5.394063e-06	-2.630053e-09	-3.823203e+01	-1.721137e+02
1.200000e-07	-5.389567e-06	-2.544867e-09	-3.820016e+01	-1.720720e+02
1.300000e-07	-5.385080e-06	-2.616122e-09	-3.816836e+01	-1.720251e+02
1.400000e-07	-5.380185e-06	-2.721984e-09	-3.813367e+01	-1.719730e+02
1.500000e-07	-5.374652e-06	-2.607931e-09	-3.809445e+01	-1.719157e+02
1.600000e-07	-5.368786e-06	-2.482209e-09	-3.805287e+01	-1.718533e+02
1.700000e-07	-5.362707e-06	-2.639232e-09	-3.800979e+01	-1.717859e+02
1.800000e-07	-5.356106e-06	-2.801267e-09	-3.796300e+01	-1.717135e+02
1.900000e-07	-5.348948e-06	-2.702661e-09	-3.791227e+01	-1.716363e+02
2.000000e-07	-5.341474e-06	-2.534018e-09	-3.785929e+01	-1.715545e+02
2.100000e-07	-5.333954e-06	-2.614007e-09	-3.780600e+01	-1.714684e+02
2.200000e-07	-5.326187e-06	-2.671474e-09	-3.775094e+01	-1.713781e+02
2.300000e-07	-5.318090e-06	-2.574350e-09	-3.769355e+01	-1.712840e+02
2.400000e-07	-5.309813e-06	-2.539126e-09	-3.763489e+01	-1.711862e+02
2.500000e-07	-5.301089e-06	-2.662955e-09	-3.757305e+01	-1.710852e+02
2.600000e-07	-5.291530e-06	-2.665377e-09	-3.750530e+01	-1.709811e+02
2.700000e-07	-5.281160e-06	-2.587346e-09	-3.743180e+01	-1.708744e+02
2.800000e-07	-5.270239e-06	-2.627745e-09	-3.735439e+01	-1.707654e+02
2.900000e-07	-5.258885e-06	-2.690120e-09	-3.727392e+01	-1.706544e+02
3.000000e-07	-5.247171e-06	-2.593923e-09	-3.719089e+01	-1.705417e+02
3.100000e-07	-5.235090e-06	-2.548681e-09	-3.710526e+01	-1.704276e+02
3.200000e-07	-5.222623e-06	-2.675858e-09	-3.701690e+01	-1.703124e+02
3.300000e-07	-5.209762e-06	-2.709500e-09	-3.692575e+01	-1.701965e+02
3.400000e-07	-5.196569e-06	-2.593061e-09	-3.683224e+01	-1.700800e+02
3.500000e-07	-5.183026e-06	-2.584781e-09	-3.673625e+01	-1.699632e+02
3.600000e-07	-5.169168e-06	-2.658119e-09	-3.663803e+01	-1.698464e+02
3.700000e-07	-5.154895e-06	-2.634941e-09	-3.653686e+01	-1.697297e+02
3.800000e-07	-5.140097e-06	-2.589984e-09	-3.643197e+01	-1.696132e+02
3.900000e-07	-5.124722e-06	-2.626561e-09	-3.632300e+01	-1.694970e+02
4.000000e-07	-5.108626e-06	-2.641267e-09	-3.620891e+01	-1.693813e+02
4.100000e-07	-5.092008e-06	-2.627488e-09	-3.609112e+01	-1.692660e+02
4.200000e-07	-5.075147e-06	-2.652807e-09	-3.597162e+01	-1.691512e+02
4.300000e-07	-5.058040e-06	-2.627481e-09	-3.585037e+01	-1.690367e+02
4.400000e-07	-5.040612e-06	-2.567806e-09	-3.572684e+01	-1.689226e+02
4.500000e-07	-5.022928e-06	-2.581985e-09	-3.560150e+01	-1.688085e+02
4.600000e-07	-5.005073e-06	-2.638853e-09	-3.547495e+01	-1.686945e+02
4.700000e-07	-4.986926e-06	-2.609703e-09	-3.534633e+01	-1.685803e+02
4.800000e-07	-4.968214e-06	-2.577209e-09	-3.521370e+01	-1.684656e+02
4.900000e-07	-4.948991e-06	-2.599924e-09	-3.507745e+01	-1.683501e+02
5.000000e-07	-4.929441e-06	-2.627294e-09	-3.493889e+01	-1.682335e+02
5.100000e-07	-4.909673e-06	-2.595465e-09	-3.479877e+01	-1.681156e+02
5.200000e-07	-4.889683e-06	-2.563556e-09	-3.465709e+01	-1.679959e+02
5.300000e-07	-4.869488e-06	-2.554891e-09	-3.451395e+01	-1.678741e+02
5.400000e-07	-4.849045e-06	-2.586386e-09	-3.436905e+01	-1.677498e+02
5.500000e-07	-4.828210e-06	-2.597000e-09	-3.422138e+01	-1.676225e+02
5.600000e-07	-4.806937e-06	-2.576061e-09	-3.407060e+01	-1.674919e+02
5.700000e-07	-4.785344e-06	-2.558664e-09	-3.391755e+01	-1.673576e+02
5.800000e-07	-4.763482e-06	-2.584037e-09	-3.376260e+01	-1.672192e+02
5.900000e-07	-4.741333e-06	-2.587980e-09	-3.360561e+01	-1.670762e+02
6.000000e-07	-4.718892e-06	-2.566507e-09	-3.344656e+01	-1.669284e+02
6.100000e-07	-4.696134e-06	-2.549269e-09	-3.328525e+01	-1.667753e+02
6.200000e-07	-4.673041e-06	-2.554820e-09	-3.312158e+01	-1.666165e+02
6.300000e-07	-4.649600e-06	-2.572686e-09	-3.295543e+01	-1.664519e+02
6.400000e-07	-4.625888e-06	-2.575383e-09	-3.278736e+01	-1.662812e+02
6.500000e-07	-4.601970e-06	-2.543562e-09	-3.261783e+01	-1.661039e+02
6.600000e-07	-4.577867e-06	-2.522405e-09	-3.244700e+01	-1.659201e+02
6.700000e-07	-4.553554e-06	-2.540502e-09	-3.227467e+01	-1.657294e+02
6.800000e-07	-4.528865e-06	-2.547567e-09	-3.209968e+01	-1.655319e+02
6.900000e-07	-4.503568e-06	-2.526978e-09	-3.192038e+01	-1.653272e+02
7.000000e-07	-4.477635e-06	-2.518974e-09	-3.173658e+01	-1.651156e+02
7.100000e-07	-4.451319e-06	-2.537396e-09	-3.155005e+01	-1.648968e+02
7.200000e-07	-4.424588e-06	-2.542351e-09	-3.136059e+01	-1.646710e+02
7.300000e-07	-4.397319e-06	-2.524821e-09	-3.116731e+01	-1.644383e+02
7.400000e-07	-4.369753e-06	-2.499079e-09	-3.097193e+01	-1.641987e+02
7.500000e-07	-4.341977e-06	-2.497235e-09	-3.077506e+01	-1.639525e+02
7.600000e-07	-4.313968e-06	-2.507169e-09	-3.057654e+01	-1.636997e+02
7.700000e-07	-4.285770e-06	-2.503524e-09	-3.037668e+01	-1.634407e+02
7.800000e-07	-4.257344e-06	-2.488355e-09	-3.017520e+01	-1.631757e+02
7.900000e-07	-4.228687e-06	-2.495542e-09	-2.997208e+01	-1.629050e+02
8.000000e-07	-4.199720e-06	-2.507729e-09	-2.976677e+01	-1.626288e+02
8.100000e-07	-4.170399e-06	-2.507446e-09	-2.955895e+01	-1.623476e+02
8.200000e-07	-4.140825e-06	-2.489634e-09	-2.934933e+01	-1.620615e+02
8.300000e-07	-4.110931e-06	-2.479758e-09	-2.913745e+01	-1.617710e+02
8.400000e-07	-4.080747e-06	-2.477535e-09	-2.892352e+01	-1.614764e+02
8.500000e-07	-4.050357e-06	-2.479015e-09	-2.870812e+01	-1.611779e+02
8.600000e-07	-4.019771e-06	-2.466590e-09	-2.849133e+01	-1.608760e+02
8.700000e-07	-3.988956e-06	-2.458478e-09	-2.827292e+01	-1.605709e+02
8.800000e-07	-3.957751e-06	-2.464735e-09	-2.805174e+01	-1.602629e+02
8.900000e-07	-3.926224e-06	-2.476988e-09	-2.782829e+01	-1.599523e+02
9.000000e-07	-3.894531e-06	-2.472710e-09	-2.760365e+01	-1.596392e+02
9.100000e-07	-3.862706e-06	-2.459319e-09	-2.737808e+01	-1.593239e+02
9.200000e-07	-3.830772e-06	-2.452403e-09	-2.715174e+01	-1.590066e+02
9.300000e-07	-3.798487e-06	-2.451876e-09	-2.692291e+01	-1.586873e+02
9.400000e-07	-3.765869e-06	-2.443483e-09	-2.669172e+01	-1.583662e+02
9.500000e-07	-3.733138e-06	-2.429943e-09	-2.645973e+01	-1.580432e+02
9.600000e-07	-3.699962e-06	-2.424700e-09	-2.622458e+01	-1.577183e+02
9.700000e-07	-3.666371e-06	-2.431925e-09	-2.598650e+01	-1.573915e+02
9.800000e-07	-3.632416e-06	-2.436652e-09	-2.574583e+01	-1.570626e+02
9.900000e-07	-3.597899e-06	-2.428733e-09	-2.550119e+01	-1.567316e+02
1.000000e-06	-3.563015e-06	-2.421401e-09	-2.525393e+01	-1.563981e+02
1.010000e-06	-3.527933e-06	-2.418880e-09	-2.500528e+01	-1.560618e+02
1.020000e-06	-3.492584e-06	-2.414355e-09	-2.475473e+01	-1.557226e+02
1.030000e-06	-3.456926e-06	-2.401588e-09	-2.450200e+01	-1.553800e+02
1.040000e-06	-3.421091e-06	-2.388305e-09	-2.424801e+01	-1.550337e+02
1.050000e-06	-3.385157e-06	-2.381851e-09	-2.399331e+01	-1.546831e+02
1.060000e-06	-3.349067e-06	-2.381881e-09	-2.373751e+01	-1.543279e+02
1.070000e-06	-3.312767e-06	-2.377049e-09	-2.348022e+01	-1.539675e+02
1.080000e-06	-3.276219e-06	-2.371052e-09	-2.322118e+01	-1.536014e+02
1.090000e-06	-3.239435e-06	-2.365488e-09	-2.296046e+01	-1.532292e+02
1.100000e-06	-3.202431e-06	-2.359192e-09	-2.269819e+01	-1.528501e+02
1.110000e-06	-3.165215e-06	-2.345783e-09	-2.243441e+01	-1.524637e+02
1.120000e-06	-3.127755e-06	-2.331712e-09	-2.216890e+01	-1.520694e+02
1.130000e-06	-3.090012e-06	-2.317981e-09	-2.190138e+01	-1.516667e+02
1.140000e-06	-3.052086e-06	-2.309965e-09	-2.163257e+01	-1.512549e+02
1.150000e-06	-3.014003e-06	-2.303037e-09	-2.136265e+01	-1.508335e+02
1.160000e-06	-2.975727e-06	-2.297801e-09	-2.109135e+01	-1.504020e+02
1.170000e-06	-2.937172e-06	-2.288943e-09	-2.081809e+01	-1.499599e+02
1.180000e-06	-2.898370e-06	-2.280039e-09	-2.054306e+01	-1.495067e+02
1.190000e-06	-2.859358e-06	-2.271953e-09	-2.026656e+01	-1.490418e+02
1.200000e-06	-2.820123e-06	-2.261058e-09	-1.998847e+01	-1.485650e+02
1.210000e-06	-2.780762e-06	-2.246555e-09	-1.970948e+01	-1.480756e+02
1.220000e-06	-2.741324e-06	-2.236371e-09	-1.942995e+01	-1.475735e+02
1.230000e-06	-2.701786e-06	-2.229800e-09	-1.914971e+01	-1.470583e+02
1.240000e-06	-2.662068e-06	-2.222133e-09	-1.886820e+01	-1.465295e+02
1.250000e-06	-2.622179e-06	-2.212519e-09	-1.858548e+01	-1.459871e+02
1.260000e-06	-2.582218e-06	-2.203602e-09	-1.830224e+01	-1.454307e+02
1.270000e-06	-2.542185e-06	-2.194885e-09	-1.801850e+01	-1.448602e+02
1.280000e-06	-2.501998e-06	-2.187193e-09	-1.773366e+01	-1.442753e+02
1.290000e-06	-2.461593e-06	-2.175459e-09	-1.744728e+01	-1.436759e+02
1.300000e-06	-2.421110e-06	-2.159740e-09	-1.716034e+01	-1.430619e+02
1.310000e-06	-2.380561e-06	-2.148328e-09	-1.687294e+01	-1.424331e+02
1.320000e-06	-2.339760e-06	-2.141446e-09	-1.658375e+01	-1.417894e+02
1.330000e-06	-2.298567e-06	-2.136340e-09	-1.629178e+01	-1.411307e+02
1.340000e-06	-2.257071e-06	-2.127362e-09	-1.599767e+01	-1.404570e+02
1.350000e-06	-2.215353e-06	-2.115126e-09	-1.570198e+01	-1.397679e+02
1.360000e-06	-2.173306e-06	-2.099966e-09	-1.540395e+01	-1.390635e+02
1.370000e-06	-2.130884e-06	-2.083459e-09	-1.510328e+01	-1.383435e+02
1.380000e-06	-2.088137e-06	-2.067887e-09	-1.480030e+01	-1.376077e+02
1.390000e-06	-2.045229e-06	-2.056897e-09	-1.449617e+01	-1.368558e+02
1.400000e-06	-2.002211e-06	-2.050559e-09	-1.419127e+01	-1.360875e+02
1.410000e-06	-1.958959e-06	-2.046537e-09	-1.388471e+01	-1.353025e+02
1.420000e-06	-1.915551e-06	-2.039191e-09	-1.357704e+01	-1.345003e+02
1.430000e-06	-1.872097e-06	-2.027273e-09	-1.326904e+01	-1.336803e+02
1.440000e-06	-1.828554e-06	-2.010432e-09	-1.296042e+01	-1.328421e+02
1.450000e-06	-1.784881e-06	-1.992681e-09	-1.265088e+01	-1.319848e+02
1.460000e-06	-1.741036e-06	-1.972302e-09	-1.234011e+01	-1.311077e+02
1.470000e-06	-1.697129e-06	-1.954142e-09	-1.202891e+01	-1.302099e+02
1.480000e-06	-1.653224e-06	-1.942360e-09	-1.171772e+01	-1.292903e+02
1.490000e-06	-1.609201e-06	-1.931969e-09	-1.140570e+01	-1.283480e+02
1.500000e-06	-1.565105e-06	-1.915775e-09	-1.109315e+01	-1.273817e+02
1.510000e-06	-1.520983e-06	-1.897665e-09	-1.078042e+01	-1.263901e+02
1.520000e-06	-1.476747e-06	-1.880074e-09	-1.046688e+01	-1.253717e+02
1.530000e-06	-1.432371e-06	-1.862695e-09	-1.015236e+01	-1.243250e+02
1.540000e-06	-1.387953e-06	-1.841004e-09	-9.837534e+00	-1.232484e+02
1.550000e-06	-1.343478e-06	-1.816477e-09	-9.522298e+00	-1.221401e+02
1.560000e-06	-1.298882e-06	-1.794961e-09	-9.206214e+00	-1.209982e+02
1.570000e-06	-1.254262e-06	-1.777601e-09	-8.889954e+00	-1.198210e+02
1.580000e-06	-1.209558e-06	-1.759209e-09	-8.573105e+00	-1.186062e+02
1.590000e-06	-1.164719e-06	-1.735657e-09	-8.255291e+00	-1.173520e+02
1.600000e-06	-1.119866e-06	-1.711542e-09	-7.937385e+00	-1.160561e+02
1.610000e-06	-1.074923e-06	-1.691399e-09	-7.618841e+00	-1.147163e+02
1.620000e-06	-1.029800e-06	-1.672603e-09	-7.299015e+00	-1.133305e+02
1.630000e-06	-9.845882e-07	-1.649278e-09	-6.978563e+00	-1.118963e+02
1.640000e-06	-9.392251e-07	-1.624306e-09	-6.657038e+00	-1.104115e+02
1.650000e-06	-8.937182e-07	-1.600222e-09	-6.334494e+00	-1.088740e+02
1.660000e-06	-8.482336e-07	-1.574334e-09	-6.012109e+00	-1.072814e+02
1.670000e-06	-8.027404e-07	-1.543984e-09	-5.689663e+00	-1.056316e+02
1.680000e-06	-7.571826e-07	-1.513971e-09	-5.366758e+00	-1.039224e+02
1.690000e-06	-7.116774e-07	-1.487714e-09	-5.044226e+00	-1.021519e+02
1.700000e-06	-6.660504e-07	-1.464341e-09	-4.720831e+00	-1.003181e+02
1.710000e-06	-6.202209e-07	-1.438292e-09	-4.396001e+00	-9.841912e+01
1.720000e-06	-5.743668e-07	-1.409120e-09	-4.070996e+00	-9.645330e+01
1.730000e-06	-5.285874e-07	-1.381736e-09	-3.746521e+00	-9.441907e+01
1.740000e-06	-4.828572e-07	-1.353340e-09	-3.422394e+00	-9.231504e+01
1.750000e-06	-4.370477e-07	-1.315704e-09	-3.097706e+00	-9.013999e+01
1.760000e-06	-3.911692e-07	-1.273861e-09	-2.772528e+00	-8.789291e+01
1.770000e-06	-3.452840e-07	-1.234835e-09	-2.447304e+00	-8.557299e+01
1.780000e-06	-2.993650e-07	-1.201527e-09	-2.121839e+00	-8.317963e+01
1.790000e-06	-2.534458e-07	-1.170051e-09	-1.796373e+00	-8.071249e+01
1.800000e-06	-2.075198e-07	-1.134981e-09	-1.470858e+00	-7.817147e+01
1.810000e-06	-1.615463e-07	-1.098277e-09	-1.145007e+00	-7.555670e+01
1.820000e-06	-1.156202e-07	-1.061248e-09	-8.194929e-01	-7.286860e+01
1.830000e-06	-6.969075e-08	-1.020169e-09	-4.939540e-01	-7.010784e+01
1.840000e-06	-2.370082e-08	-9.755704e-10	-1.679867e-01	-6.727538e+01
1.850000e-06	2.231725e-08	-9.294131e-10	1.581801e-01	-6.437244e+01
1.860000e-06	6.828774e-08	-8.851201e-10	4.840098e-01	-6.140051e+01
1.870000e-06	1.141371e-07	-8.443328e-10	8.089810e-01	-5.836138e+01
1.880000e-06	1.599703e-07	-8.008162e-10	1.133837e+00	-5.525710e+01
1.890000e-06	2.058135e-07	-7.523048e-10	1.458765e+00	-5.208996e+01
1.900000e-06	2.516503e-07	-7.024171e-10	1.783647e+00	-4.886255e+01
1.910000e-06	2.975531e-07	-6.550875e-10	2.108997e+00	-4.557768e+01
1.920000e-06	3.434459e-07	-6.041474e-10	2.434275e+00	-4.223842e+01
1.930000e-06	3.893087e-07	-5.506620e-10	2.759342e+00	-3.884806e+01
1.940000e-06	4.352172e-07	-4.978384e-10	3.084732e+00	-3.541010e+01
1.950000e-06	4.810988e-07	-4.460180e-10	3.409931e+00	-3.192825e+01
1.960000e-06	5.268789e-07	-3.933457e-10	3.734412e+00	-2.840640e+01
1.970000e-06	5.725806e-07	-3.370928e-10	4.058336e+00	-2.484859e+01
1.980000e-06	6.182713e-07	-2.802359e-10	4.382182e+00	-2.125903e+01
1.990000e-06	6.639233e-07	-2.256551e-10	4.705755e+00	-1.764203e+01
2.000000e-06	7.094727e-07	-1.712492e-10	5.028600e+00	-1.400203e+01
2.010000e-06	7.549105e-07	-1.167162e-10	5.350654e+00	-1.034353e+01
2.020000e-06	8.002927e-07	-6.356509e-11	5.672314e+00	-6.671117e+00
2.030000e-06	8.456510e-07	-1.226382e-11	5.993804e+00	-2.989387e+00
2.040000e-06	8.909524e-07	4.182428e-11	6.314892e+00	6.970287e-01
2.050000e-06	9.362268e-07	1.005234e-10	6.635787e+00	4.383512e+00
2.060000e-06	9.814279e-07	1.586260e-10	6.956164e+00	8.065473e+00
2.070000e-06	1.026516e-06	2.145812e-10	7.275742e+00	1.173837e+01
2.080000e-06	1.071492e-06	2.669308e-10	7.594522e+00	1.539774e+01
2.090000e-06	1.116430e-06	3.186178e-10	7.913029e+00	1.903922e+01
2.100000e-06	1.161342e-06	3.709979e-10	8.231356e+00	2.265854e+01
2.110000e-06	1.206096e-06	4.217149e-10	8.548567e+00	2.625157e+01
2.120000e-06	1.250682e-06	4.692129e-10	8.864583e+00	2.981435e+01
2.130000e-06	1.295154e-06	5.188229e-10	9.179791e+00	3.334307e+01
2.140000e-06	1.339611e-06	5.718011e-10	9.494896e+00	3.683410e+01
2.150000e-06	1.384066e-06	6.233042e-10	9.809982e+00	4.028402e+01
2.160000e-06	1.428429e-06	6.701068e-10	1.012442e+01	4.368961e+01
2.170000e-06	1.472688e-06	7.155658e-10	1.043812e+01	4.704788e+01
2.180000e-06	1.516826e-06	7.617262e-10	1.075096e+01	5.035605e+01
2.190000e-06	1.560861e-06	8.037747e-10	1.106307e+01	5.361159e+01
2.200000e-06	1.604855e-06	8.426268e-10	1.137489e+01	5.681221e+01
2.210000e-06	1.648811e-06	8.860526e-10	1.168644e+01	5.995588e+01
2.220000e-06	1.692737e-06	9.328747e-10	1.199778e+01	6.304078e+01
2.230000e-06	1.736603e-06	9.770312e-10	1.230869e+01	6.606537e+01
2.240000e-06	1.780388e-06	1.017356e-09	1.261903e+01	6.902835e+01
2.250000e-06	1.824144e-06	1.058986e-09	1.292917e+01	7.192866e+01
2.260000e-06	1.867816e-06	1.103533e-09	1.323870e+01	7.476547e+01
2.270000e-06	1.911381e-06	1.145692e-09	1.354748e+01	7.753821e+01
2.280000e-06	1.954813e-06	1.183133e-09	1.385532e+01	8.024650e+01
2.290000e-06	1.998085e-06	1.220361e-09	1.416203e+01	8.289021e+01
2.300000e-06	2.041261e-06	1.260807e-09	1.446805e+01	8.546938e+01
2.310000e-06	2.084259e-06	1.297986e-09	1.477280e+01	8.798428e+01
2.320000e-06	2.126917e-06	1.328203e-09	1.507516e+01	9.043535e+01
2.330000e-06	2.169197e-06	1.356890e-09	1.537483e+01	9.282319e+01
2.340000e-06	2.211181e-06	1.390841e-09	1.567241e+01	9.514856e+01
2.350000e-06	2.253032e-06	1.427260e-09	1.596904e+01	9.741239e+01
2.360000e-06	2.294631e-06	1.460966e-09	1.626388e+01	9.961569e+01
2.370000e-06	2.335780e-06	1.494035e-09	1.655554e+01	1.017596e+02
2.380000e-06	2.376639e-06	1.529061e-09	1.684514e+01	1.038454e+02
2.390000e-06	2.417297e-06	1.561043e-09	1.713331e+01	1.058744e+02
2.400000e-06	2.457750e-06	1.585935e-09	1.742004e+01	1.078480e+02
2.410000e-06	2.498057e-06	1.606358e-09	1.770572e+01	1.097677e+02
2.420000e-06	2.538183e-06	1.631531e-09	1.799013e+01	1.116349e+02
2.430000e-06	2.578137e-06	1.664562e-09	1.827332e+01	1.134512e+02
2.440000e-06	2.618037e-06	1.697031e-09	1.855612e+01	1.152181e+02
2.450000e-06	2.657941e-06	1.725601e-09	1.883895e+01	1.169370e+02
2.460000e-06	2.697764e-06	1.756122e-09	1.912121e+01	1.186097e+02
2.470000e-06	2.737473e-06	1.788032e-09	1.940266e+01	1.202375e+02
2.480000e-06	2.777077e-06	1.814524e-09	1.968336e+01	1.218219e+02
2.490000e-06	2.816379e-06	1.833692e-09	1.996193e+01	1.233644e+02
2.500000e-06	2.855366e-06	1.851762e-09	2.023826e+01	1.248663e+02
2.510000e-06	2.894162e-06	1.874520e-09	2.051324e+01	1.263290e+02
2.520000e-06	2.932710e-06	1.898158e-09	2.078646e+01	1.277537e+02
2.530000e-06	2.970974e-06	1.918322e-09	2.105766e+01	1.291417e+02
2.540000e-06	3.009098e-06	1.937541e-09	2.132788e+01	1.304941e+02
2.550000e-06	3.047093e-06	1.958932e-09	2.159718e+01	1.318120e+02
2.560000e-06	3.084882e-06	1.982055e-09	2.186502e+01	1.330964e+02
2.570000e-06	3.122523e-06	2.004050e-09	2.213181e+01	1.343482e+02
2.580000e-06	3.159935e-06	2.023182e-09	2.239698e+01	1.355683e+02
2.590000e-06	3.197055e-06	2.042793e-09	2.266008e+01	1.367575e+02
2.600000e-06	3.233959e-06	2.061088e-09	2.292165e+01	1.379165e+02
2.610000e-06	3.270621e-06	2.075514e-09	2.318150e+01	1.390461e+02
2.620000e-06	3.307025e-06	2.087360e-09	2.343953e+01	1.401467e+02
2.630000e-06	3.343263e-06	2.099375e-09	2.369638e+01	1.412191e+02
2.640000e-06	3.379365e-06	2.114948e-09	2.395226e+01	1.422636e+02
2.650000e-06	3.415343e-06	2.134051e-09	2.420727e+01	1.432808e+02
2.660000e-06	3.451216e-06	2.152599e-09	2.446153e+01	1.442711e+02
2.670000e-06	3.486908e-06	2.169905e-09	2.471450e+01	1.452349e+02
2.680000e-06	3.522391e-06	2.186571e-09	2.496600e+01	1.461726e+02
2.690000e-06	3.557657e-06	2.200712e-09	2.521595e+01	1.470844e+02
2.700000e-06	3.592657e-06	2.210463e-09	2.546403e+01	1.479708e+02
2.710000e-06	3.627323e-06	2.217901e-09	2.570973e+01	1.488321e+02
2.720000e-06	3.661500e-06	2.226569e-09	2.595197e+01	1.496685e+02
2.730000e-06	3.695095e-06	2.237397e-09	2.619009e+01	1.504805e+02
2.740000e-06	3.728092e-06	2.250486e-09	2.642396e+01	1.512682e+02
2.750000e-06	3.760644e-06	2.266229e-09	2.665469e+01	1.520321e+02
2.760000e-06	3.792940e-06	2.283056e-09	2.688359e+01	1.527725e+02
2.770000e-06	3.825045e-06	2.296261e-09	2.711115e+01	1.534897e+02
2.780000e-06	3.857039e-06	2.303848e-09	2.733791e+01	1.541842e+02
2.790000e-06	3.888896e-06	2.308814e-09	2.756371e+01	1.548562e+02
2.800000e-06	3.920570e-06	2.317662e-09	2.778821e+01	1.555064e+02
2.810000e-06	3.952106e-06	2.328133e-09	2.801173e+01	1.561350e+02
2.820000e-06	3.983333e-06	2.336773e-09	2.823306e+01	1.567425e+02
2.830000e-06	4.014192e-06	2.346847e-09	2.845178e+01	1.573296e+02
2.840000e-06	4.044699e-06	2.359827e-09	2.866801e+01	1.578966e+02
2.850000e-06	4.074947e-06	2.373052e-09	2.888240e+01	1.584441e+02
2.860000e-06	4.104997e-06	2.382788e-09	2.909539e+01	1.589727e+02
2.870000e-06	4.134731e-06	2.390130e-09	2.930614e+01	1.594829e+02
2.880000e-06	4.164270e-06	2.397246e-09	2.951550e+01	1.599755e+02
2.890000e-06	4.193604e-06	2.402861e-09	2.972342e+01	1.604508e+02
2.900000e-06	4.222658e-06	2.407958e-09	2.992935e+01	1.609097e+02
2.910000e-06	4.251347e-06	2.415496e-09	3.013269e+01	1.613527e+02
2.920000e-06	4.279711e-06	2.424944e-09	3.033373e+01	1.617804e+02
2.930000e-06	4.307867e-06	2.434041e-09	3.053329e+01	1.621935e+02
2.940000e-06	4.335849e-06	2.440303e-09	3.073163e+01	1.625925e+02
2.950000e-06	4.363732e-06	2.445042e-09	3.092925e+01	1.629782e+02
2.960000e-06	4.391397e-06	2.450251e-09	3.112534e+01	1.633512e+02
2.970000e-06	4.418816e-06	2.455473e-09	3.131968e+01	1.637119e+02
2.980000e-06	4.445868e-06	2.461068e-09	3.151142e+01	1.640610e+02
2.990000e-06	4.472399e-06	2.467480e-09	3.169946e+01	1.643991e+02
3.000000e-06	4.498314e-06	2.475909e-09	3.188315e+01	1.647266e+02
3.010000e-06	4.523577e-06	2.486123e-09	3.206220e+01	1.650440e+02
3.020000e-06	4.548307e-06	2.493721e-09	3.223749e+01	1.653519e+02
3.030000e-06	4.572635e-06	2.496740e-09	3.240992e+01	1.656506e+02
3.040000e-06	4.596742e-06	2.500280e-09	3.258078e+01	1.659406e+02
3.050000e-06	4.620661e-06	2.505887e-09	3.275031e+01	1.662221e+02
3.060000e-06	4.644348e-06	2.510289e-09	3.291820e+01	1.664957e+02
3.070000e-06	4.667771e-06	2.515758e-09	3.308422e+01	1.667614e+02
3.080000e-06	4.690907e-06	2.523976e-09	3.324821e+01	1.670196e+02
3.090000e-06	4.713702e-06	2.532400e-09	3.340977e+01	1.672706e+02
3.100000e-06	4.736154e-06	2.537914e-09	3.356891e+01	1.675144e+02
3.110000e-06	4.758275e-06	2.537893e-09	3.372570e+01	1.677512e+02
3.120000e-06	4.780091e-06	2.537763e-09	3.388032e+01	1.679813e+02
3.130000e-06	4.801652e-06	2.542643e-09	3.403314e+01	1.682046e+02
3.140000e-06	4.822918e-06	2.547765e-09	3.418387e+01	1.684212e+02
3.150000e-06	4.843846e-06	2.551088e-09	3.433220e+01	1.686313e+02
3.160000e-06	4.864335e-06	2.557269e-09	3.447742e+01	1.688347e+02
3.170000e-06	4.884489e-06	2.566079e-09	3.462027e+01	1.690315e+02
3.180000e-06	4.904485e-06	2.571404e-09	3.476200e+01	1.692218e+02
3.190000e-06	4.924373e-06	2.569792e-09	3.490296e+01	1.694054e+02
3.200000e-06	4.944034e-06	2.568039e-09	3.504232e+01	1.695825e+02
3.210000e-06	4.963460e-06	2.573094e-09	3.518001e+01	1.697529e+02
3.220000e-06	4.982535e-06	2.581104e-09	3.531520e+01	1.699166e+02
3.230000e-06	5.001022e-06	2.587133e-09	3.544624e+01	1.700736e+02
3.240000e-06	5.019029e-06	2.591981e-09	3.557387e+01	1.702240e+02
3.250000e-06	5.036640e-06	2.596777e-09	3.569869e+01	1.703676e+02
3.260000e-06	5.054000e-06	2.597704e-09	3.582173e+01	1.705046e+02
3.270000e-06	5.071159e-06	2.594775e-09	3.594336e+01	1.706349e+02
3.280000e-06	5.088048e-06	2.590316e-09	3.606306e+01	1.707586e+02
3.290000e-06	5.104631e-06	2.589663e-09	3.618060e+01	1.708758e+02
3.300000e-06	5.120769e-06	2.594888e-09	3.629498e+01	1.709866e+02
3.310000e-06	5.136382e-06	2.602314e-09	3.640564e+01	1.710910e+02
3.320000e-06	5.151461e-06	2.610012e-09	3.651252e+01	1.711892e+02
3.330000e-06	5.166030e-06	2.617875e-09	3.661578e+01	1.712814e+02
3.340000e-06	5.180186e-06	2.623020e-09	3.671611e+01	1.713677e+02
3.350000e-06	5.193983e-06	2.620049e-09	3.681391e+01	1.714484e+02
3.360000e-06	5.207424e-06	2.610463e-09	3.690917e+01	1.715236e+02
3.370000e-06	5.220560e-06	2.602181e-09	3.700228e+01	1.715936e+02
3.380000e-06	5.233223e-06	2.601848e-09	3.709203e+01	1.716587e+02
3.390000e-06	5.245448e-06	2.607904e-09	3.717868e+01	1.717191e+02
3.400000e-06	5.257460e-06	2.617214e-09	3.726381e+01	1.717752e+02
3.410000e-06	5.269150e-06	2.628996e-09	3.734668e+01	1.718271e+02
3.420000e-06	5.280432e-06	2.638013e-09	3.742664e+01	1.718754e+02
3.430000e-06	5.291150e-06	2.636898e-09	3.750260e+01	1.719201e+02
3.440000e-06	5.301093e-06	2.625788e-09	3.757308e+01	1.719618e+02
3.450000e-06	5.310390e-06	2.614160e-09	3.763898e+01	1.720006e+02
3.460000e-06	5.319135e-06	2.611604e-09	3.770096e+01	1.720369e+02
3.470000e-06	5.327406e-06	2.616935e-09	3.775958e+01	1.720709e+02
3.480000e-06	5.335425e-06	2.625727e-09	3.781641e+01	1.721030e+02
3.490000e-06	5.343297e-06	2.635024e-09	3.787221e+01	1.721335e+02
3.500000e-06	5.351006e-06	2.640689e-09	3.792685e+01	1.721625e+02
3.510000e-06	5.358333e-06	2.641117e-09	3.797879e+01	1.721903e+02
3.520000e-06	5.365213e-06	2.634871e-09	3.802755e+01	1.722171e+02
3.530000e-06	5.371738e-06	2.625639e-09	3.807380e+01	1.722430e+02
3.540000e-06	5.377948e-06	2.623347e-09	3.811781e+01	1.722683e+02
3.550000e-06	5.383778e-06	2.626168e-09	3.815914e+01	1.722931e+02
3.560000e-06	5.389168e-06	2.629308e-09	3.819734e+01	1.723173e+02
3.570000e-06	5.394214e-06	2.632580e-09	3.823310e+01	1.723411e+02
3.580000e-06	5.398882e-06	2.635316e-09	3.826619e+01	1.723645e+02
3.590000e-06	5.403165e-06	2.637882e-09	3.829654e+01	1.723874e+02
3.600000e-06	5.407186e-06	2.638020e-09	3.832504e+01	1.724099e+02
3.610000e-06	5.411026e-06	2.636535e-09	3.835226e+01	1.724317e+02
3.620000e-06	5.414713e-06	2.636690e-09	3.837840e+01	1.724529e+02
3.630000e-06	5.418067e-06	2.638995e-09	3.840217e+01	1.724733e+02
3.640000e-06	5.420923e-06	2.637676e-09	3.842241e+01	1.724926e+02
3.650000e-06	5.423171e-06	2.632419e-09	3.843834e+01	1.725108e+02
3.660000e-06	5.424721e-06	2.632367e-09	3.844933e+01	1.725275e+02
3.670000e-06	5.425660e-06	2.639994e-09	3.845599e+01	1.725425e+02
3.680000e-06	5.426114e-06	2.647466e-09	3.845921e+01	1.725556e+02
3.690000e-06	5.426226e-06	2.650887e-09	3.846000e+01	1.725665e+02
3.700000e-06	5.426132e-06	2.654221e-09	3.845933e+01	1.725750e+02
3.710000e-06	5.425867e-06	2.656859e-09	3.845745e+01	1.725807e+02
3.720000e-06	5.425359e-06	2.654310e-09	3.845385e+01	1.725833e+02
3.730000e-06	5.424410e-06	2.646349e-09	3.844713e+01	1.725827e+02
3.740000e-06	5.422923e-06	2.641298e-09	3.843659e+01	1.725784e+02
3.750000e-06	5.421042e-06	2.653283e-09	3.842325e+01	1.725703e+02
3.760000e-06	5.418951e-06	2.677219e-09	3.840843e+01	1.725581e+02
3.770000e-06	5.416672e-06	2.687376e-09	3.839228e+01	1.725415e+02
3.780000e-06	5.414040e-06	2.631486e-09	3.837363e+01	1.725204e+02
3.790000e-06	5.410924e-06	2.532187e-09	3.835154e+01	1.724946e+02
3.800000e-06	5.407237e-06	2.590244e-09	3.832540e+01	1.724639e+02
3.810000e-06	5.403085e-06	2.742561e-09	3.829598e+01	1.724281e+02
3.820000e-06	5.398827e-06	2.736597e-09	3.826580e+01	1.723873e+02
3.830000e-06	5.394490e-06	2.605832e-09	3.823506e+01	1.723413e+02
3.840000e-06	5.389757e-06	2.606852e-09	3.820151e+01	1.722901e+02
3.850000e-06	5.384291e-06	2.772361e-09	3.816277e+01	1.722337e+02
3.860000e-06	5.378292e-06	2.731179e-09	3.812025e+01	1.721721e+02
3.870000e-06	5.372100e-06	2.515255e-09	3.807636e+01	1.721055e+02
3.880000e-06	5.365411e-06	2.530145e-09	3.802895e+01	1.720340e+02
3.890000e-06	5.358028e-06	2.761610e-09	3.797662e+01	1.719576e+02
3.900000e-06	5.350198e-06	2.750590e-09	3.792113e+01	1.718766e+02
3.910000e-06	5.342163e-06	2.554715e-09	3.786418e+01	1.717912e+02
3.920000e-06	5.333833e-06	2.631115e-09	3.780513e+01	1.717016e+02
3.930000e-06	5.325073e-06	2.805583e-09	3.774304e+01	1.716081e+02
3.940000e-06	5.316049e-06	2.657478e-09	3.767909e+01	1.715109e+02
3.950000e-06	5.306746e-06	2.444839e-09	3.761314e+01	1.714104e+02
3.960000e-06	5.296930e-06	2.608918e-09	3.754357e+01	1.713069e+02
3.970000e-06	5.286646e-06	2.777028e-09	3.747068e+01	1.712006e+02
3.980000e-06	5.276065e-06	2.608339e-09	3.739568e+01	1.710920e+02
3.990000e-06	5.265164e-06	2.515847e-09	3.731842e+01	1.709813e+02
4.000000e-06	5.253870e-06	2.708970e-09	3.723837e+01	1.708688e+02
4.010000e-06	5.242198e-06	2.725981e-09	3.715565e+01	1.707550e+02
4.020000e-06	5.230139e-06	2.522509e-09	3.707017e+01	1.706400e+02
4.030000e-06	5.217614e-06	2.549990e-09	3.698140e+01	1.705241e+02
4.040000e-06	5.204764e-06	2.733703e-09	3.689032e+01	1.704077e+02
4.050000e-06	5.191508e-06	2.654599e-09	3.679636e+01	1.702910e+02
4.060000e-06	5.177562e-06	2.538789e-09	3.669752e+01	1.701742e+02
4.070000e-06	5.162864e-06	2.646681e-09	3.659334e+01	1.700574e+02
4.080000e-06	5.147637e-06	2.711894e-09	3.648542e+01	1.699409e+02
4.090000e-06	5.132066e-06	2.593556e-09	3.637505e+01	1.698247e+02
4.100000e-06	5.116178e-06	2.572867e-09	3.626244e+01	1.697089e+02
4.110000e-06	5.100100e-06	2.635496e-09	3.614848e+01	1.695936e+02
4.120000e-06	5.083761e-06	2.600680e-09	3.603267e+01	1.694787e+02
4.130000e-06	5.067013e-06	2.593834e-09	3.591396e+01	1.693642e+02
4.140000e-06	5.049886e-06	2.653656e-09	3.579258e+01	1.692500e+02
4.150000e-06	5.032431e-06	2.618240e-09	3.566885e+01	1.691360e+02
4.160000e-06	5.014654e-06	2.562739e-09	3.554286e+01	1.690220e+02
4.170000e-06	4.996572e-06	2.614826e-09	3.541470e+01	1.689078e+02
4.180000e-06	4.978241e-06	2.633019e-09	3.528477e+01	1.687932e+02
4.190000e-06	4.959573e-06	2.574741e-09	3.515245e+01	1.686779e+02
4.200000e-06	4.940437e-06	2.566583e-09	3.501682e+01	1.685616e+02
4.210000e-06	4.920928e-06	2.612791e-09	3.487855e+01	1.684439e+02
4.220000e-06	4.901164e-06	2.616212e-09	3.473846e+01	1.683245e+02
4.230000e-06	4.881218e-06	2.593585e-09	3.459709e+01	1.682031e+02
4.240000e-06	4.861077e-06	2.567793e-09	3.445434e+01	1.680793e+02
4.250000e-06	4.840628e-06	2.571624e-09	3.430940e+01	1.679525e+02
4.260000e-06	4.819850e-06	2.589373e-09	3.416213e+01	1.678225e+02
4.270000e-06	4.798618e-06	2.581304e-09	3.401164e+01	1.676889e+02
4.280000e-06	4.776654e-06	2.556730e-09	3.385596e+01	1.675512e+02
4.290000e-06	4.754117e-06	2.577377e-09	3.369622e+01	1.674090e+02
4.300000e-06	4.731199e-06	2.585741e-09	3.353379e+01	1.672620e+02
4.310000e-06	4.707822e-06	2.567280e-09	3.336810e+01	1.671098e+02
4.320000e-06	4.684059e-06	2.554119e-09	3.319966e+01	1.669521e+02
4.330000e-06	4.660078e-06	2.548024e-09	3.302969e+01	1.667885e+02
4.340000e-06	4.635955e-06	2.541686e-09	3.285871e+01	1.666187e+02
4.350000e-06	4.611625e-06	2.561724e-09	3.268627e+01	1.664426e+02
4.360000e-06	4.586971e-06	2.556093e-09	3.251153e+01	1.662599e+02
4.370000e-06	4.561977e-06	2.532528e-09	3.233438e+01	1.660704e+02
4.380000e-06	4.536657e-06	2.549236e-09	3.215491e+01	1.658740e+02
4.390000e-06	4.510951e-06	2.576345e-09	3.197271e+01	1.656706e+02
4.400000e-06	4.484891e-06	2.556998e-09	3.178800e+01	1.654601e+02
4.410000e-06	4.458517e-06	2.536242e-09	3.160107e+01	1.652425e+02
4.420000e-06	4.431902e-06	2.540978e-09	3.141243e+01	1.650179e+02
4.430000e-06	4.405035e-06	2.546793e-09	3.122200e+01	1.647864e+02
4.440000e-06	4.377836e-06	2.540117e-09	3.102922e+01	1.645479e+02
4.450000e-06	4.350337e-06	2.523602e-09	3.083431e+01	1.643028e+02
4.460000e-06	4.322602e-06	2.519844e-09	3.063773e+01	1.640511e+02
4.470000e-06	4.294686e-06	2.538273e-09	3.043987e+01	1.637932e+02
4.480000e-06	4.266609e-06	2.548337e-09	3.024086e+01	1.635292e+02
4.490000e-06	4.238351e-06	2.531194e-09	3.004058e+01	1.632594e+02
4.500000e-06	4.209724e-06	2.519679e-09	2.983768e+01	1.629841e+02
4.510000e-06	4.180653e-06	2.517279e-09	2.963163e+01	1.627037e+02
4.520000e-06	4.151203e-06	2.513331e-09	2.942289e+01	1.624184e+02
4.530000e-06	4.121288e-06	2.501091e-09	2.921086e+01	1.621287e+02
4.540000e-06	4.090906e-06	2.493950e-09	2.899552e+01	1.618347e+02
4.550000e-06	4.060086e-06	2.497207e-09	2.877707e+01	1.615369e+02
4.560000e-06	4.028769e-06	2.511128e-09	2.855510e+01	1.612355e+02
4.570000e-06	3.997047e-06	2.509761e-09	2.833027e+01	1.609309e+02
4.580000e-06	3.965161e-06	2.498353e-09	2.810426e+01	1.606234e+02
4.590000e-06	3.933158e-06	2.491539e-09	2.787743e+01	1.603132e+02
4.600000e-06	3.901024e-06	2.493266e-09	2.764968e+01	1.600006e+02
4.610000e-06	3.868662e-06	2.487970e-09	2.742030e+01	1.596857e+02
4.620000e-06	3.835992e-06	2.477549e-09	2.718874e+01	1.593687e+02
4.630000e-06	3.803200e-06	2.471765e-09	2.695631e+01	1.590497e+02
4.640000e-06	3.770215e-06	2.478349e-09	2.672252e+01	1.587289e+02
4.650000e-06	3.736836e-06	2.478704e-09	2.648594e+01	1.584062e+02
4.660000e-06	3.703215e-06	2.464768e-09	2.624764e+01	1.580817e+02
4.670000e-06	3.669386e-06	2.450247e-09	2.600787e+01	1.577552e+02
4.680000e-06	3.635295e-06	2.449265e-09	2.576624e+01	1.574267e+02
4.690000e-06	3.600979e-06	2.447806e-09	2.552301e+01	1.570961e+02
4.700000e-06	3.566303e-06	2.437455e-09	2.527724e+01	1.567630e+02
4.710000e-06	3.531358e-06	2.426648e-09	2.502956e+01	1.564272e+02
4.720000e-06	3.496246e-06	2.423830e-09	2.478069e+01	1.560886e+02
4.730000e-06	3.460929e-06	2.421835e-09	2.453036e+01	1.557466e+02
4.740000e-06	3.425409e-06	2.411719e-09	2.427861e+01	1.554009e+02
4.750000e-06	3.389660e-06	2.399915e-09	2.402523e+01	1.550510e+02
4.760000e-06	3.353767e-06	2.392204e-09	2.377083e+01	1.546966e+02
4.770000e-06	3.317741e-06	2.388499e-09	2.351548e+01	1.543372e+02
4.780000e-06	3.281563e-06	2.383264e-09	2.325906e+01	1.539721e+02
4.790000e-06	3.245134e-06	2.375881e-09	2.300086e+01	1.536009e+02
4.800000e-06	3.208436e-06	2.368607e-09	2.274075e+01	1.532231e+02
4.810000e-06	3.171578e-06	2.364838e-09	2.247951e+01	1.528380e+02
4.820000e-06	3.134359e-06	2.357728e-09	2.221571e+01	1.524450e+02
4.830000e-06	3.096770e-06	2.348451e-09	2.194929e+01	1.520437e+02
4.840000e-06	3.058926e-06	2.341211e-09	2.168105e+01	1.516335e+02
4.850000e-06	3.020620e-06	2.337061e-09	2.140955e+01	1.512138e+02
4.860000e-06	2.981935e-06	2.331097e-09	2.113536e+01	1.507840e+02
4.870000e-06	2.942982e-06	2.321958e-09	2.085927e+01	1.503437e+02
4.880000e-06	2.903688e-06	2.309543e-09	2.058076e+01	1.498924e+02
4.890000e-06	2.864140e-06	2.301864e-09	2.030045e+01	1.494295e+02
4.900000e-06	2.824382e-06	2.297175e-09	2.001865e+01	1.489547e+02
4.910000e-06	2.784519e-06	2.290860e-09	1.973611e+01	1.484675e+02
4.920000e-06	2.744522e-06	2.282661e-09	1.945262e+01	1.479675e+02
4.930000e-06	2.704384e-06	2.277357e-09	1.916813e+01	1.474545e+02
4.940000e-06	2.664177e-06	2.271085e-09	1.888315e+01	1.469281e+02
4.950000e-06	2.623772e-06	2.262695e-09	1.859677e+01	1.463880e+02
4.960000e-06	2.583225e-06	2.251985e-09	1.830938e+01	1.458339e+02
4.970000e-06	2.542614e-06	2.242787e-09	1.802153e+01	1.452658e+02
4.980000e-06	2.501865e-06	2.236776e-09	1.773272e+01	1.446833e+02
4.990000e-06	2.460986e-06	2.230684e-09	1.744298e+01	1.440863e+02
5.000000e-06	2.419924e-06	2.223289e-09	1.715193e+01	1.434748e+02
5.010000e-06	2.378596e-06	2.217125e-09	1.685901e+01	1.428485e+02
5.020000e-06	2.337052e-06	2.213057e-09	1.656456e+01	1.422073e+02
5.030000e-06	2.295369e-06	2.207549e-09	1.626911e+01	1.415511e+02
5.040000e-06	2.253510e-06	2.198352e-09	1.597243e+01	1.408799e+02
5.050000e-06	2.211475e-06	2.185885e-09	1.567449e+01	1.401934e+02
5.060000e-06	2.169371e-06	2.174127e-09	1.537607e+01	1.394916e+02
5.070000e-06	2.127155e-06	2.165600e-09	1.507685e+01	1.387742e+02
5.080000e-06	2.084681e-06	2.158920e-09	1.477580e+01	1.380410e+02
5.090000e-06	2.042069e-06	2.152425e-09	1.447377e+01	1.372919e+02
5.100000e-06	1.999374e-06	2.146584e-09	1.417116e+01	1.365264e+02
5.110000e-06	1.956455e-06	2.138956e-09	1.386696e+01	1.357442e+02
5.120000e-06	1.913375e-06	2.127093e-09	1.356162e+01	1.349449e+02
5.130000e-06	1.870189e-06	2.111663e-09	1.325552e+01	1.341280e+02
5.140000e-06	1.826866e-06	2.096272e-09	1.294846e+01	1.332928e+02
5.150000e-06	1.783408e-06	2.081042e-09	1.264044e+01	1.324387e+02
5.160000e-06	1.739800e-06	2.068304e-09	1.233135e+01	1.315650e+02
5.170000e-06	1.696121e-06	2.059005e-09	1.202176e+01	1.306707e+02
5.180000e-06	1.652360e-06	2.049367e-09	1.171160e+01	1.297549e+02
5.190000e-06	1.608514e-06	2.038907e-09	1.140082e+01	1.288165e+02
5.200000e-06	1.564617e-06	2.024767e-09	1.108969e+01	1.278543e+02
5.210000e-06	1.520672e-06	2.007711e-09	1.077821e+01	1.268670e+02
5.220000e-06	1.476689e-06	1.991587e-09	1.046648e+01	1.258532e+02
5.230000e-06	1.432608e-06	1.976101e-09	1.015404e+01	1.248113e+02
5.240000e-06	1.388479e-06	1.960224e-09	9.841262e+00	1.237398e+02
5.250000e-06	1.344350e-06	1.941468e-09	9.528483e+00	1.226369e+02
5.260000e-06	1.300193e-06	1.920302e-09	9.215505e+00	1.215008e+02
5.270000e-06	1.255964e-06	1.900471e-09	8.902018e+00	1.203296e+02
5.280000e-06	1.211628e-06	1.884775e-09	8.587779e+00	1.191213e+02
5.290000e-06	1.167259e-06	1.871725e-09	8.273299e+00	1.178738e+02
5.300000e-06	1.122866e-06	1.856599e-09	7.958646e+00	1.165850e+02
5.310000e-06	1.078361e-06	1.837137e-09	7.643209e+00	1.152527e+02
5.320000e-06	1.033845e-06	1.817840e-09	7.327683e+00	1.138747e+02
5.330000e-06	9.893012e-07	1.796820e-09	7.011967e+00	1.124487e+02
5.340000e-06	9.446399e-07	1.769433e-09	6.695417e+00	1.109726e+02
5.350000e-06	8.998895e-07	1.735647e-09	6.378235e+00	1.094440e+02
5.360000e-06	8.550705e-07	1.705045e-09	6.060567e+00	1.078607e+02
5.370000e-06	8.101578e-07	1.685676e-09	5.742235e+00	1.062206e+02
5.380000e-06	7.651951e-07	1.672295e-09	5.423549e+00	1.045215e+02
5.390000e-06	7.202553e-07	1.652039e-09	5.105025e+00	1.027614e+02
5.400000e-06	6.752236e-07	1.625527e-09	4.785849e+00	1.009383e+02
5.410000e-06	6.300826e-07	1.597656e-09	4.465899e+00	9.905028e+01
5.420000e-06	5.848948e-07	1.566064e-09	4.145617e+00	9.709572e+01
5.430000e-06	5.396342e-07	1.526594e-09	3.824818e+00	9.507301e+01
5.440000e-06	4.943811e-07	1.485239e-09	3.504074e+00	9.298071e+01
5.450000e-06	4.490209e-07	1.448671e-09	3.182570e+00	9.081759e+01
5.460000e-06	4.035542e-07	1.418816e-09	2.860311e+00	8.858259e+01
5.470000e-06	3.581699e-07	1.392112e-09	2.538636e+00	8.627487e+01
5.480000e-06	3.127183e-07	1.360832e-09	2.216484e+00	8.389380e+01
5.490000e-06	2.671938e-07	1.327438e-09	1.893816e+00	8.143898e+01
5.500000e-06	2.216976e-07	1.293930e-09	1.571348e+00	7.891028e+01
5.510000e-06	1.763055e-07	1.252367e-09	1.249618e+00	7.630780e+01
5.520000e-06	1.309147e-07	1.203148e-09	9.278968e-01	7.363189e+01
5.530000e-06	8.552247e-08	1.154323e-09	6.061660e-01	7.088320e+01
5.540000e-06	4.021324e-08	1.110003e-09	2.850234e-01	6.806262e+01
5.550000e-06	-5.258090e-09	1.069085e-09	-3.726828e-02	6.517134e+01
5.560000e-06	-5.093129e-08	1.026049e-09	-3.609908e-01	6.221081e+01
5.570000e-06	-9.652884e-08	9.781063e-10	-6.841770e-01	5.918276e+01
5.580000e-06	-1.419875e-07	9.299804e-10	-1.006379e+00	5.608919e+01
5.590000e-06	-1.874637e-07	8.842661e-10	-1.328705e+00	5.293237e+01
5.600000e-06	-2.329254e-07	8.332479e-10	-1.650928e+00	4.971483e+01
5.610000e-06	-2.783954e-07	7.767059e-10	-1.973210e+00	4.643934e+01
5.620000e-06	-3.238095e-07	7.215594e-10	-2.295097e+00	4.310894e+01
5.630000e-06	-3.691185e-07	6.707889e-10	-2.616237e+00	3.972687e+01
5.640000e-06	-4.144415e-07	6.178722e-10	-2.937478e+00	3.629661e+01
5.650000e-06	-4.598084e-07	5.607096e-10	-3.259029e+00	3.282182e+01
5.660000e-06	-5.051825e-07	5.034124e-10	-3.580632e+00	2.930637e+01
5.670000e-06	-5.504466e-07	4.485690e-10	-3.901455e+00	2.575428e+01
5.680000e-06	-5.956163e-07	3.916058e-10	-4.221608e+00	2.216972e+01
5.690000e-06	-6.408371e-07	3.284118e-10	-4.542125e+00	1.855701e+01
5.700000e-06	-6.860046e-07	2.660631e-10	-4.862263e+00	1.492054e+01
5.710000e-06	-7.309312e-07	2.111662e-10	-5.180693e+00	1.126483e+01
5.720000e-06	-7.757271e-07	1.579515e-10	-5.498198e+00	7.594423e+00
5.730000e-06	-8.205946e-07	9.954422e-11	-5.816209e+00	3.913937e+00
5.740000e-06	-8.654428e-07	3.967613e-11	-6.134085e+00	2.279936e-01
5.750000e-06	-9.101250e-07	-1.666815e-11	-6.450783e+00	-3.458785e+00
5.760000e-06	-9.548093e-07	-7.333203e-11	-6.767496e+00	-7.141804e+00
5.770000e-06	-9.994492e-07	-1.358660e-10	-7.083894e+00	-1.081651e+01
5.780000e-06	-1.043971e-06	-2.005046e-10	-7.399458e+00	-1.447843e+01
5.790000e-06	-1.088362e-06	-2.581284e-10	-7.714090e+00	-1.812318e+01
5.800000e-06	-1.132660e-06	-3.098730e-10	-8.028066e+00	-2.174646e+01
5.810000e-06	-1.176982e-06	-3.636546e-10	-8.342213e+00	-2.534415e+01
5.820000e-06	-1.221218e-06	-4.198028e-10	-8.655750e+00	-2.891223e+01
5.830000e-06	-1.265347e-06	-4.732066e-10	-8.968523e+00	-3.244686e+01
5.840000e-06	-1.309474e-06	-5.261102e-10	-9.281289e+00	-3.594441e+01
5.850000e-06	-1.353577e-06	-5.842115e-10	-9.593881e+00	-3.940140e+01
5.860000e-06	-1.397635e-06	-6.468785e-10	-9.906155e+00	-4.281458e+01
5.870000e-06	-1.441696e-06	-7.046682e-10	-1.021845e+01	-4.618092e+01
5.880000e-06	-1.485742e-06	-7.531204e-10	-1.053064e+01	-4.949760e+01
5.890000e-06	-1.529691e-06	-7.980363e-10	-1.084214e+01	-5.276207e+01
5.900000e-06	-1.573522e-06	-8.440523e-10	-1.115281e+01	-5.597198e+01
5.910000e-06	-1.617291e-06	-8.908431e-10	-1.146303e+01	-5.912526e+01
5.920000e-06	-1.661019e-06	-9.370988e-10	-1.177297e+01	-6.222005e+01
5.930000e-06	-1.704642e-06	-9.861328e-10	-1.208216e+01	-6.525478e+01
5.940000e-06	-1.748140e-06	-1.038873e-09	-1.239046e+01	-6.822810e+01
5.950000e-06	-1.791564e-06	-1.091616e-09	-1.269824e+01	-7.113890e+01
5.960000e-06	-1.834880e-06	-1.138150e-09	-1.300526e+01	-7.398633e+01
5.970000e-06	-1.877993e-06	-1.179034e-09	-1.331083e+01	-7.676977e+01
5.980000e-06	-1.921001e-06	-1.219507e-09	-1.361567e+01	-7.948881e+01
5.990000e-06	-1.963905e-06	-1.258891e-09	-1.391976e+01	-8.214326e+01
6.000000e-06	-2.006502e-06	-1.299024e-09	-1.422168e+01	-8.473317e+01
6.010000e-06	-2.048949e-06	-1.339528e-09	-1.452254e+01	-8.725874e+01
6.020000e-06	-2.091347e-06	-1.379015e-09	-1.482305e+01	-8.972040e+01
6.030000e-06	-2.133601e-06	-1.417827e-09	-1.512254e+01	-9.211871e+01
6.040000e-06	-2.175708e-06	-1.458100e-09	-1.542098e+01	-9.445443e+01
6.050000e-06	-2.217649e-06	-1.500019e-09	-1.571825e+01	-9.672843e+01
6.060000e-06	-2.259419e-06	-1.542307e-09	-1.601431e+01	-9.894172e+01
6.070000e-06	-2.301089e-06	-1.584417e-09	-1.630966e+01	-1.010955e+02
6.080000e-06	-2.342544e-06	-1.618761e-09	-1.660348e+01	-1.031908e+02
6.090000e-06	-2.383803e-06	-1.644564e-09	-1.689592e+01	-1.052292e+02
6.100000e-06	-2.424964e-06	-1.671038e-09	-1.718766e+01	-1.072119e+02
6.110000e-06	-2.465897e-06	-1.700572e-09	-1.747778e+01	-1.091405e+02
6.120000e-06	-2.506720e-06	-1.730644e-09	-1.776713e+01	-1.110163e+02
6.130000e-06	-2.547335e-06	-1.762566e-09	-1.805500e+01	-1.128410e+02
6.140000e-06	-2.587596e-06	-1.795896e-09	-1.834036e+01	-1.146159e+02
6.150000e-06	-2.627728e-06	-1.827979e-09	-1.862481e+01	-1.163428e+02
6.160000e-06	-2.667865e-06	-1.857952e-09	-1.890929e+01	-1.180230e+02
6.170000e-06	-2.707938e-06	-1.884094e-09	-1.919332e+01	-1.196582e+02
6.180000e-06	-2.747915e-06	-1.906451e-09	-1.947667e+01	-1.212497e+02
6.190000e-06	-2.787820e-06	-1.927877e-09	-1.975950e+01	-1.227991e+02
6.200000e-06	-2.827614e-06	-1.951082e-09	-2.004156e+01	-1.243077e+02
6.210000e-06	-2.867099e-06	-1.975761e-09	-2.032142e+01	-1.257768e+02
6.220000e-06	-2.906266e-06	-2.000585e-09	-2.059903e+01	-1.272078e+02
6.230000e-06	-2.945275e-06	-2.026513e-09	-2.087551e+01	-1.286018e+02
6.240000e-06	-2.984006e-06	-2.048970e-09	-2.115003e+01	-1.299600e+02
6.250000e-06	-3.022511e-06	-2.069624e-09	-2.142295e+01	-1.312836e+02
6.260000e-06	-3.060620e-06	-2.089185e-09	-2.169306e+01	-1.325735e+02
6.270000e-06	-3.098162e-06	-2.106618e-09	-2.195915e+01	-1.338306e+02
6.280000e-06	-3.135374e-06	-2.123285e-09	-2.222290e+01	-1.350559e+02
6.290000e-06	-3.172228e-06	-2.139208e-09	-2.248411e+01	-1.362502e+02
6.300000e-06	-3.208711e-06	-2.155657e-09	-2.274270e+01	-1.374142e+02
6.310000e-06	-3.244955e-06	-2.174710e-09	-2.299959e+01	-1.385486e+02
6.320000e-06	-3.281097e-06	-2.193365e-09	-2.325576e+01	-1.396540e+02
6.330000e-06	-3.317155e-06	-2.208205e-09	-2.351133e+01	-1.407310e+02
6.340000e-06	-3.353105e-06	-2.222641e-09	-2.376613e+01	-1.417802e+02
6.350000e-06	-3.389014e-06	-2.238203e-09	-2.402065e+01	-1.428019e+02
6.360000e-06	-3.424795e-06	-2.254644e-09	-2.427426e+01	-1.437966e+02
6.370000e-06	-3.460260e-06	-2.267930e-09	-2.452563e+01	-1.447648e+02
6.380000e-06	-3.495360e-06	-2.278031e-09	-2.477441e+01	-1.457068e+02
6.390000e-06	-3.530198e-06	-2.289236e-09	-2.502133e+01	-1.466229e+02
6.400000e-06	-3.564777e-06	-2.301736e-09	-2.526642e+01	-1.475135e+02
6.410000e-06	-3.599090e-06	-2.312731e-09	-2.550963e+01	-1.483789e+02
6.420000e-06	-3.633300e-06	-2.323789e-09	-2.575210e+01	-1.492195e+02
6.430000e-06	-3.667341e-06	-2.337908e-09	-2.599337e+01	-1.500354e+02
6.440000e-06	-3.701043e-06	-2.354113e-09	-2.623225e+01	-1.508272e+02
6.450000e-06	-3.734469e-06	-2.369738e-09	-2.646917e+01	-1.515950e+02
6.460000e-06	-3.767589e-06	-2.379750e-09	-2.670391e+01	-1.523393e+02
6.470000e-06	-3.800407e-06	-2.385526e-09	-2.693652e+01	-1.530603e+02
6.480000e-06	-3.832957e-06	-2.390404e-09	-2.716723e+01	-1.537585e+02
6.490000e-06	-3.865251e-06	-2.398052e-09	-2.739612e+01	-1.544343e+02
6.500000e-06	-3.897406e-06	-2.407091e-09	-2.762403e+01	-1.550880e+02
6.510000e-06	-3.929427e-06	-2.413020e-09	-2.785099e+01	-1.557202e+02
6.520000e-06	-3.961270e-06	-2.419814e-09	-2.807669e+01	-1.563312e+02
6.530000e-06	-3.992924e-06	-2.431744e-09	-2.830104e+01	-1.569216e+02
6.540000e-06	-4.024270e-06	-2.446126e-09	-2.852322e+01	-1.574919e+02
6.550000e-06	-4.055154e-06	-2.455003e-09	-2.874211e+01	-1.580426e+02
6.560000e-06	-4.085612e-06	-2.459897e-09	-2.895799e+01	-1.585743e+02
6.570000e-06	-4.115646e-06	-2.465308e-09	-2.917087e+01	-1.590876e+02
6.580000e-06	-4.145232e-06	-2.471037e-09	-2.938057e+01	-1.595830e+02
6.590000e-06	-4.174336e-06	-2.475035e-09	-2.958685e+01	-1.600612e+02
6.600000e-06	-4.202940e-06	-2.478614e-09	-2.978960e+01	-1.605227e+02
6.610000e-06	-4.231235e-06	-2.486193e-09	-2.999014e+01	-1.609683e+02
6.620000e-06	-4.259376e-06	-2.497625e-09	-3.018960e+01	-1.613985e+02
6.630000e-06	-4.287376e-06	-2.507288e-09	-3.038806e+01	-1.618140e+02
6.640000e-06	-4.315193e-06	-2.515296e-09	-3.058522e+01	-1.622153e+02
6.650000e-06	-4.342803e-06	-2.524194e-09	-3.078092e+01	-1.626032e+02
6.660000e-06	-4.370140e-06	-2.534726e-09	-3.097467e+01	-1.629782e+02
6.670000e-06	-4.397082e-06	-2.543049e-09	-3.116563e+01	-1.633409e+02
6.680000e-06	-4.423701e-06	-2.545949e-09	-3.135430e+01	-1.636919e+02
6.690000e-06	-4.450042e-06	-2.545799e-09	-3.154100e+01	-1.640318e+02
6.700000e-06	-4.476007e-06	-2.549053e-09	-3.172503e+01	-1.643610e+02
6.710000e-06	-4.501651e-06	-2.554675e-09	-3.190679e+01	-1.646800e+02
6.720000e-06	-4.526955e-06	-2.559320e-09	-3.208615e+01	-1.649895e+02
6.730000e-06	-4.551949e-06	-2.566155e-09	-3.226330e+01	-1.652897e+02
6.740000e-06	-4.576662e-06	-2.575593e-09	-3.243846e+01	-1.655811e+02
6.750000e-06	-4.601028e-06	-2.584319e-09	-3.261116e+01	-1.658640e+02
6.760000e-06	-4.625162e-06	-2.587518e-09	-3.278222e+01	-1.661388e+02
6.770000e-06	-4.649175e-06	-2.587246e-09	-3.295241e+01	-1.664058e+02
6.780000e-06	-4.673006e-06	-2.587151e-09	-3.312133e+01	-1.666653e+02
6.790000e-06	-4.696574e-06	-2.589947e-09	-3.328837e+01	-1.669174e+02
6.800000e-06	-4.719831e-06	-2.595930e-09	-3.345321e+01	-1.671624e+02
6.810000e-06	-4.742618e-06	-2.605670e-09	-3.361472e+01	-1.674004e+02
6.820000e-06	-4.764738e-06	-2.615311e-09	-3.377150e+01	-1.676315e+02
6.830000e-06	-4.786294e-06	-2.620514e-09	-3.392428e+01	-1.678560e+02
6.840000e-06	-4.807342e-06	-2.621812e-09	-3.407347e+01	-1.680737e+02
6.850000e-06	-4.827909e-06	-2.623209e-09	-3.421925e+01	-1.682848e+02
6.860000e-06	-4.848155e-06	-2.625872e-09	-3.436275e+01	-1.684893e+02
6.870000e-06	-4.868196e-06	-2.628754e-09	-3.450479e+01	-1.686872e+02
6.880000e-06	-4.888091e-06	-2.631261e-09	-3.464580e+01	-1.688786e+02
6.890000e-06	-4.907759e-06	-2.635388e-09	-3.478521e+01	-1.690633e+02
6.900000e-06	-4.927116e-06	-2.639907e-09	-3.492240e+01	-1.692414e+02
6.910000e-06	-4.945987e-06	-2.641631e-09	-3.505616e+01	-1.694129e+02
6.920000e-06	-4.964523e-06	-2.641983e-09	-3.518754e+01	-1.695777e+02
6.930000e-06	-4.982786e-06	-2.642280e-09	-3.531698e+01	-1.697359e+02
6.940000e-06	-5.000655e-06	-2.644030e-09	-3.544364e+01	-1.698873e+02
6.950000e-06	-5.018291e-06	-2.647525e-09	-3.556864e+01	-1.700321e+02
6.960000e-06	-5.035693e-06	-2.648895e-09	-3.569198e+01	-1.701702e+02
6.970000e-06	-5.052656e-06	-2.648193e-09	-3.581221e+01	-1.703016e+02
6.980000e-06	-5.069202e-06	-2.649248e-09	-3.592949e+01	-1.704264e+02
6.990000e-06	-5.085522e-06	-2.651801e-09	-3.604516e+01	-1.705447e+02
7.000000e-06	-5.101608e-06	-2.652565e-09	-3.615917e+01	-1.706565e+02
7.010000e-06	-5.117492e-06	-2.651192e-09	-3.627176e+01	-1.707619e+02
7.020000e-06	-5.133120e-06	-2.651577e-09	-3.638252e+01	-1.708611e+02
7.030000e-06	-5.148285e-06	-2.654209e-09	-3.649001e+01	-1.709543e+02
7.040000e-06	-5.162783e-06	-2.654932e-09	-3.659277e+01	-1.710416e+02
7.050000e-06	-5.176533e-06	-2.652348e-09	-3.669022e+01	-1.711231e+02
7.060000e-06	-5.189671e-06	-2.649244e-09	-3.678334e+01	-1.711992e+02
7.070000e-06	-5.202324e-06	-2.647120e-09	-3.687302e+01	-1.712701e+02
7.080000e-06	-5.214587e-06	-2.646926e-09	-3.695994e+01	-1.713360e+02
7.090000e-06	-5.226575e-06	-2.645379e-09	-3.704491e+01	-1.713971e+02
7.100000e-06	-5.238281e-06	-2.645192e-09	-3.712788e+01	-1.714539e+02
7.110000e-06	-5.249501e-06	-2.647743e-09	-3.720741e+01	-1.715065e+02
7.120000e-06	-5.260224e-06	-2.650772e-09	-3.728341e+01	-1.715553e+02
7.130000e-06	-5.270670e-06	-2.651648e-09	-3.735745e+01	-1.716006e+02
7.140000e-06	-5.280865e-06	-2.648902e-09	-3.742971e+01	-1.716427e+02
7.150000e-06	-5.290609e-06	-2.645868e-09	-3.749877e+01	-1.716820e+02
7.160000e-06	-5.299921e-06	-2.643386e-09	-3.756477e+01	-1.717187e+02
7.170000e-06	-5.308941e-06	-2.641523e-09	-3.762870e+01	-1.717531e+02
7.180000e-06	-5.317596e-06	-2.641332e-09	-3.769005e+01	-1.717855e+02
7.190000e-06	-5.325936e-06	-2.643421e-09	-3.774916e+01	-1.718161e+02
7.200000e-06	-5.334064e-06	-2.647871e-09	-3.780677e+01	-1.718454e+02
7.210000e-06	-5.342065e-06	-2.650846e-09	-3.786348e+01	-1.718733e+02
7.220000e-06	-5.349843e-06	-2.650649e-09	-3.791861e+01	-1.719003e+02
7.230000e-06	-5.357269e-06	-2.648986e-09	-3.797124e+01	-1.719264e+02
7.240000e-06	-5.364278e-06	-2.644204e-09	-3.802092e+01	-1.719517e+02
7.250000e-06	-5.370475e-06	-2.636839e-09	-3.806485e+01	-1.719765e+02
7.260000e-06	-5.375890e-06	-2.632084e-09	-3.810323e+01	-1.720008e+02
7.270000e-06	-5.380841e-06	-2.632793e-09	-3.813832e+01	-1.720247e+02
7.280000e-06	-5.385376e-06	-2.636462e-09	-3.817046e+01	-1.720481e+02
7.290000e-06	-5.389638e-06	-2.640642e-09	-3.820067e+01	-1.720711e+02
7.300000e-06	-5.393731e-06	-2.644345e-09	-3.822968e+01	-1.720937e+02
7.310000e-06	-5.397562e-06	-2.646703e-09	-3.825683e+01	-1.721156e+02
7.320000e-06	-5.400968e-06	-2.645691e-09	-3.828098e+01	-1.721369e+02
7.330000e-06	-5.403983e-06	-2.639952e-09	-3.830234e+01	-1.721574e+02
7.340000e-06	-5.406622e-06	-2.631855e-09	-3.832105e+01	-1.721769e+02
7.350000e-06	-5.408896e-06	-2.627497e-09	-3.833717e+01	-1.721953e+02
7.360000e-06	-5.410912e-06	-2.629056e-09	-3.835146e+01	-1.722122e+02
7.370000e-06	-5.412648e-06	-2.632233e-09	-3.836376e+01	-1.722275e+02
7.380000e-06	-5.413845e-06	-2.635634e-09	-3.837225e+01	-1.722410e+02
7.390000e-06	-5.414520e-06	-2.641663e-09	-3.837703e+01	-1.722523e+02
7.400000e-06	-5.414995e-06	-2.646903e-09	-3.838040e+01	-1.722611e+02
