# Temperatura_=_24.5
# Concentracion g/m^3_=_4090.0
# C_Vs_to_Am_M_A/Vsm_=_65563218390.804596
# pendiente_HvsI_1/m_=_3716.3
# ordenada_HvsI_A/m_=_1297.0
# frecuencia_Hz_=_135092.11073265356

Tiempo_(s)	Campo_(V.s)	Magnetizacion_(V.s)	Campo_(kA/m)	Magnetizacion_(A/m)
0.000000e+00	-5.412339e-06	-2.602889e-09	-3.838746e+01	-1.720287e+02
1.000000e-08	-5.412604e-06	-2.599374e-09	-3.838934e+01	-1.720596e+02
2.000000e-08	-5.412656e-06	-2.596691e-09	-3.838971e+01	-1.720857e+02
3.000000e-08	-5.412478e-06	-2.593372e-09	-3.838845e+01	-1.721067e+02
4.000000e-08	-5.411900e-06	-2.592005e-09	-3.838435e+01	-1.721224e+02
5.000000e-08	-5.410823e-06	-2.592128e-09	-3.837671e+01	-1.721326e+02
6.000000e-08	-5.409007e-06	-2.586781e-09	-3.836383e+01	-1.721371e+02
7.000000e-08	-5.406443e-06	-2.584397e-09	-3.834565e+01	-1.721357e+02
8.000000e-08	-5.403376e-06	-2.613158e-09	-3.832389e+01	-1.721284e+02
9.000000e-08	-5.399784e-06	-2.662592e-09	-3.829842e+01	-1.721149e+02
1.000000e-07	-5.395678e-06	-2.672529e-09	-3.826930e+01	-1.720954e+02
1.100000e-07	-5.391230e-06	-2.607345e-09	-3.823775e+01	-1.720696e+02
1.200000e-07	-5.386732e-06	-2.545840e-09	-3.820584e+01	-1.720376e+02
1.300000e-07	-5.382140e-06	-2.582192e-09	-3.817327e+01	-1.719994e+02
1.400000e-07	-5.377141e-06	-2.624724e-09	-3.813782e+01	-1.719551e+02
1.500000e-07	-5.371650e-06	-2.562865e-09	-3.809887e+01	-1.719048e+02
1.600000e-07	-5.365891e-06	-2.503370e-09	-3.805803e+01	-1.718486e+02
1.700000e-07	-5.359848e-06	-2.584568e-09	-3.801517e+01	-1.717867e+02
1.800000e-07	-5.353254e-06	-2.687103e-09	-3.796840e+01	-1.717192e+02
1.900000e-07	-5.346176e-06	-2.647769e-09	-3.791820e+01	-1.716464e+02
2.000000e-07	-5.338877e-06	-2.563011e-09	-3.786643e+01	-1.715684e+02
2.100000e-07	-5.331412e-06	-2.566133e-09	-3.781348e+01	-1.714857e+02
2.200000e-07	-5.323713e-06	-2.594083e-09	-3.775888e+01	-1.713983e+02
2.300000e-07	-5.315784e-06	-2.564457e-09	-3.770264e+01	-1.713067e+02
2.400000e-07	-5.307492e-06	-2.544949e-09	-3.764383e+01	-1.712112e+02
2.500000e-07	-5.298528e-06	-2.580680e-09	-3.758025e+01	-1.711120e+02
2.600000e-07	-5.288759e-06	-2.598921e-09	-3.751097e+01	-1.710095e+02
2.700000e-07	-5.278316e-06	-2.591463e-09	-3.743690e+01	-1.709040e+02
2.800000e-07	-5.267364e-06	-2.601803e-09	-3.735922e+01	-1.707958e+02
2.900000e-07	-5.256133e-06	-2.614775e-09	-3.727956e+01	-1.706852e+02
3.000000e-07	-5.244599e-06	-2.571357e-09	-3.719775e+01	-1.705727e+02
3.100000e-07	-5.232649e-06	-2.554899e-09	-3.711300e+01	-1.704583e+02
3.200000e-07	-5.220162e-06	-2.618763e-09	-3.702443e+01	-1.703425e+02
3.300000e-07	-5.207244e-06	-2.645211e-09	-3.693281e+01	-1.702255e+02
3.400000e-07	-5.194079e-06	-2.589788e-09	-3.683944e+01	-1.701074e+02
3.500000e-07	-5.180480e-06	-2.576256e-09	-3.674299e+01	-1.699886e+02
3.600000e-07	-5.166493e-06	-2.620830e-09	-3.664378e+01	-1.698692e+02
3.700000e-07	-5.152081e-06	-2.613696e-09	-3.654156e+01	-1.697494e+02
3.800000e-07	-5.136924e-06	-2.581022e-09	-3.643406e+01	-1.696292e+02
3.900000e-07	-5.121137e-06	-2.594607e-09	-3.632209e+01	-1.695087e+02
4.000000e-07	-5.104861e-06	-2.614009e-09	-3.620665e+01	-1.693881e+02
4.100000e-07	-5.088210e-06	-2.609063e-09	-3.608855e+01	-1.692673e+02
4.200000e-07	-5.071377e-06	-2.615477e-09	-3.596916e+01	-1.691463e+02
4.300000e-07	-5.054256e-06	-2.604640e-09	-3.584773e+01	-1.690250e+02
4.400000e-07	-5.036854e-06	-2.571315e-09	-3.572431e+01	-1.689033e+02
4.500000e-07	-5.019201e-06	-2.577002e-09	-3.559910e+01	-1.687812e+02
4.600000e-07	-5.001135e-06	-2.606156e-09	-3.547097e+01	-1.686584e+02
4.700000e-07	-4.982681e-06	-2.585951e-09	-3.534008e+01	-1.685348e+02
4.800000e-07	-4.963873e-06	-2.564191e-09	-3.520668e+01	-1.684102e+02
4.900000e-07	-4.944721e-06	-2.587241e-09	-3.507084e+01	-1.682843e+02
5.000000e-07	-4.925246e-06	-2.601642e-09	-3.493272e+01	-1.681569e+02
5.100000e-07	-4.905535e-06	-2.574983e-09	-3.479292e+01	-1.680276e+02
5.200000e-07	-4.885696e-06	-2.559573e-09	-3.465220e+01	-1.678963e+02
5.300000e-07	-4.865566e-06	-2.563030e-09	-3.450943e+01	-1.677625e+02
5.400000e-07	-4.845085e-06	-2.570795e-09	-3.436417e+01	-1.676260e+02
5.500000e-07	-4.824260e-06	-2.579994e-09	-3.421646e+01	-1.674865e+02
5.600000e-07	-4.803021e-06	-2.579062e-09	-3.406582e+01	-1.673436e+02
5.700000e-07	-4.781483e-06	-2.567479e-09	-3.391307e+01	-1.671971e+02
5.800000e-07	-4.759758e-06	-2.576456e-09	-3.375898e+01	-1.670465e+02
5.900000e-07	-4.737650e-06	-2.585278e-09	-3.360217e+01	-1.668917e+02
6.000000e-07	-4.715148e-06	-2.562768e-09	-3.344258e+01	-1.667323e+02
6.100000e-07	-4.692306e-06	-2.538757e-09	-3.328057e+01	-1.665681e+02
6.200000e-07	-4.669118e-06	-2.543087e-09	-3.311611e+01	-1.663988e+02
6.300000e-07	-4.645672e-06	-2.557607e-09	-3.294982e+01	-1.662242e+02
6.400000e-07	-4.622036e-06	-2.557574e-09	-3.278218e+01	-1.660442e+02
6.500000e-07	-4.598247e-06	-2.547308e-09	-3.261345e+01	-1.658585e+02
6.600000e-07	-4.574161e-06	-2.539968e-09	-3.244262e+01	-1.656670e+02
6.700000e-07	-4.549719e-06	-2.541540e-09	-3.226926e+01	-1.654696e+02
6.800000e-07	-4.524838e-06	-2.539224e-09	-3.209279e+01	-1.652663e+02
6.900000e-07	-4.499339e-06	-2.521866e-09	-3.191194e+01	-1.650570e+02
7.000000e-07	-4.473379e-06	-2.506252e-09	-3.172781e+01	-1.648417e+02
7.100000e-07	-4.446880e-06	-2.512359e-09	-3.153987e+01	-1.646205e+02
7.200000e-07	-4.419887e-06	-2.520890e-09	-3.134842e+01	-1.643933e+02
7.300000e-07	-4.392688e-06	-2.513414e-09	-3.115551e+01	-1.641603e+02
7.400000e-07	-4.365253e-06	-2.499068e-09	-3.096092e+01	-1.639216e+02
7.500000e-07	-4.337596e-06	-2.498074e-09	-3.076476e+01	-1.636774e+02
7.600000e-07	-4.309730e-06	-2.502531e-09	-3.056712e+01	-1.634278e+02
7.700000e-07	-4.281674e-06	-2.493893e-09	-3.036813e+01	-1.631730e+02
7.800000e-07	-4.253340e-06	-2.473833e-09	-3.016717e+01	-1.629132e+02
7.900000e-07	-4.224655e-06	-2.465708e-09	-2.996371e+01	-1.626487e+02
8.000000e-07	-4.195632e-06	-2.470105e-09	-2.975787e+01	-1.623796e+02
8.100000e-07	-4.166305e-06	-2.471322e-09	-2.954986e+01	-1.621063e+02
8.200000e-07	-4.136758e-06	-2.464996e-09	-2.934030e+01	-1.618289e+02
8.300000e-07	-4.106990e-06	-2.460351e-09	-2.912917e+01	-1.615477e+02
8.400000e-07	-4.076903e-06	-2.460251e-09	-2.891577e+01	-1.612630e+02
8.500000e-07	-4.046441e-06	-2.460387e-09	-2.869972e+01	-1.609750e+02
8.600000e-07	-4.015765e-06	-2.452154e-09	-2.848215e+01	-1.606838e+02
8.700000e-07	-3.984911e-06	-2.439599e-09	-2.826331e+01	-1.603898e+02
8.800000e-07	-3.953723e-06	-2.434221e-09	-2.804211e+01	-1.600930e+02
8.900000e-07	-3.922323e-06	-2.436360e-09	-2.781940e+01	-1.597937e+02
9.000000e-07	-3.890786e-06	-2.435997e-09	-2.759573e+01	-1.594920e+02
9.100000e-07	-3.859080e-06	-2.428938e-09	-2.737084e+01	-1.591879e+02
9.200000e-07	-3.827162e-06	-2.424863e-09	-2.714446e+01	-1.588816e+02
9.300000e-07	-3.794974e-06	-2.425463e-09	-2.691617e+01	-1.585730e+02
9.400000e-07	-3.762459e-06	-2.422479e-09	-2.668556e+01	-1.582622e+02
9.500000e-07	-3.729575e-06	-2.414228e-09	-2.645232e+01	-1.579492e+02
9.600000e-07	-3.696388e-06	-2.408063e-09	-2.621694e+01	-1.576338e+02
9.700000e-07	-3.662811e-06	-2.407785e-09	-2.597879e+01	-1.573159e+02
9.800000e-07	-3.628777e-06	-2.405787e-09	-2.573740e+01	-1.569954e+02
9.900000e-07	-3.594327e-06	-2.399139e-09	-2.549307e+01	-1.566721e+02
1.000000e-06	-3.559458e-06	-2.394799e-09	-2.524575e+01	-1.563458e+02
1.010000e-06	-3.524223e-06	-2.392409e-09	-2.499585e+01	-1.560162e+02
1.020000e-06	-3.488809e-06	-2.385742e-09	-2.474466e+01	-1.556829e+02
1.030000e-06	-3.453290e-06	-2.375124e-09	-2.449275e+01	-1.553458e+02
1.040000e-06	-3.417647e-06	-2.368736e-09	-2.423995e+01	-1.550043e+02
1.050000e-06	-3.381879e-06	-2.368275e-09	-2.398626e+01	-1.546583e+02
1.060000e-06	-3.345876e-06	-2.365800e-09	-2.373090e+01	-1.543071e+02
1.070000e-06	-3.309663e-06	-2.357850e-09	-2.347406e+01	-1.539504e+02
1.080000e-06	-3.273208e-06	-2.348094e-09	-2.321550e+01	-1.535879e+02
1.090000e-06	-3.236428e-06	-2.337699e-09	-2.295463e+01	-1.532189e+02
1.100000e-06	-3.199465e-06	-2.328503e-09	-2.269247e+01	-1.528431e+02
1.110000e-06	-3.162249e-06	-2.317528e-09	-2.242852e+01	-1.524601e+02
1.120000e-06	-3.124735e-06	-2.312191e-09	-2.216244e+01	-1.520692e+02
1.130000e-06	-3.087002e-06	-2.314155e-09	-2.189482e+01	-1.516702e+02
1.140000e-06	-3.049071e-06	-2.317702e-09	-2.162579e+01	-1.512625e+02
1.150000e-06	-3.010998e-06	-2.315178e-09	-2.135576e+01	-1.508458e+02
1.160000e-06	-2.972772e-06	-2.306389e-09	-2.108463e+01	-1.504195e+02
1.170000e-06	-2.934397e-06	-2.292620e-09	-2.081245e+01	-1.499832e+02
1.180000e-06	-2.895798e-06	-2.276431e-09	-2.053869e+01	-1.495367e+02
1.190000e-06	-2.856871e-06	-2.260952e-09	-2.026260e+01	-1.490795e+02
1.200000e-06	-2.817749e-06	-2.247230e-09	-1.998512e+01	-1.486112e+02
1.210000e-06	-2.778510e-06	-2.240241e-09	-1.970681e+01	-1.481316e+02
1.220000e-06	-2.739142e-06	-2.242603e-09	-1.942760e+01	-1.476403e+02
1.230000e-06	-2.699645e-06	-2.245066e-09	-1.914746e+01	-1.471371e+02
1.240000e-06	-2.660018e-06	-2.239624e-09	-1.886640e+01	-1.466216e+02
1.250000e-06	-2.620288e-06	-2.225858e-09	-1.858461e+01	-1.460937e+02
1.260000e-06	-2.580468e-06	-2.208831e-09	-1.830218e+01	-1.455531e+02
1.270000e-06	-2.540518e-06	-2.193864e-09	-1.801884e+01	-1.449996e+02
1.280000e-06	-2.500363e-06	-2.180309e-09	-1.773403e+01	-1.444330e+02
1.290000e-06	-2.460068e-06	-2.168702e-09	-1.744823e+01	-1.438531e+02
1.300000e-06	-2.419594e-06	-2.160772e-09	-1.716117e+01	-1.432597e+02
1.310000e-06	-2.378816e-06	-2.157932e-09	-1.687195e+01	-1.426526e+02
1.320000e-06	-2.337800e-06	-2.153934e-09	-1.658104e+01	-1.420316e+02
1.330000e-06	-2.296582e-06	-2.146837e-09	-1.628870e+01	-1.413965e+02
1.340000e-06	-2.255068e-06	-2.134452e-09	-1.599426e+01	-1.407470e+02
1.350000e-06	-2.213185e-06	-2.119970e-09	-1.569720e+01	-1.400829e+02
1.360000e-06	-2.171076e-06	-2.105750e-09	-1.539854e+01	-1.394038e+02
1.370000e-06	-2.128657e-06	-2.092971e-09	-1.509768e+01	-1.387094e+02
1.380000e-06	-2.085915e-06	-2.079491e-09	-1.479452e+01	-1.379994e+02
1.390000e-06	-2.043081e-06	-2.067166e-09	-1.449072e+01	-1.372732e+02
1.400000e-06	-2.000076e-06	-2.057759e-09	-1.418570e+01	-1.365305e+02
1.410000e-06	-1.956840e-06	-2.050974e-09	-1.387905e+01	-1.357706e+02
1.420000e-06	-1.913477e-06	-2.042024e-09	-1.357149e+01	-1.349928e+02
1.430000e-06	-1.870030e-06	-2.031334e-09	-1.326334e+01	-1.341966e+02
1.440000e-06	-1.826478e-06	-2.018710e-09	-1.295445e+01	-1.333810e+02
1.450000e-06	-1.782882e-06	-2.002143e-09	-1.264524e+01	-1.325453e+02
1.460000e-06	-1.739221e-06	-1.983755e-09	-1.233557e+01	-1.316884e+02
1.470000e-06	-1.695422e-06	-1.967997e-09	-1.202492e+01	-1.308092e+02
1.480000e-06	-1.651537e-06	-1.955201e-09	-1.171366e+01	-1.299068e+02
1.490000e-06	-1.607560e-06	-1.940273e-09	-1.140175e+01	-1.289797e+02
1.500000e-06	-1.563510e-06	-1.923744e-09	-1.108933e+01	-1.280267e+02
1.510000e-06	-1.519411e-06	-1.908656e-09	-1.077655e+01	-1.270463e+02
1.520000e-06	-1.475283e-06	-1.894663e-09	-1.046357e+01	-1.260371e+02
1.530000e-06	-1.431145e-06	-1.877144e-09	-1.015052e+01	-1.249974e+02
1.540000e-06	-1.386889e-06	-1.856510e-09	-9.836625e+00	-1.239255e+02
1.550000e-06	-1.342467e-06	-1.836520e-09	-9.521555e+00	-1.228197e+02
1.560000e-06	-1.297945e-06	-1.816587e-09	-9.205780e+00	-1.216781e+02
1.570000e-06	-1.253400e-06	-1.793489e-09	-8.889846e+00	-1.204988e+02
1.580000e-06	-1.208742e-06	-1.769132e-09	-8.573106e+00	-1.192799e+02
1.590000e-06	-1.163917e-06	-1.747166e-09	-8.255178e+00	-1.180194e+02
1.600000e-06	-1.118984e-06	-1.730962e-09	-7.936490e+00	-1.167152e+02
1.610000e-06	-1.073885e-06	-1.714133e-09	-7.616617e+00	-1.153653e+02
1.620000e-06	-1.028625e-06	-1.692514e-09	-7.295610e+00	-1.139676e+02
1.630000e-06	-9.833114e-07	-1.669800e-09	-6.974218e+00	-1.125200e+02
1.640000e-06	-9.380072e-07	-1.647760e-09	-6.652894e+00	-1.110205e+02
1.650000e-06	-8.926739e-07	-1.622274e-09	-6.331364e+00	-1.094670e+02
1.660000e-06	-8.472588e-07	-1.591394e-09	-6.009254e+00	-1.078576e+02
1.670000e-06	-8.018238e-07	-1.559843e-09	-5.687002e+00	-1.061903e+02
1.680000e-06	-7.562912e-07	-1.533303e-09	-5.364058e+00	-1.044632e+02
1.690000e-06	-7.107188e-07	-1.510221e-09	-5.040832e+00	-1.026747e+02
1.700000e-06	-6.652213e-07	-1.486016e-09	-4.718137e+00	-1.008230e+02
1.710000e-06	-6.196050e-07	-1.459067e-09	-4.394600e+00	-9.890661e+01
1.720000e-06	-5.737959e-07	-1.431561e-09	-4.069695e+00	-9.692408e+01
1.730000e-06	-5.279502e-07	-1.404904e-09	-3.744531e+00	-9.487416e+01
1.740000e-06	-4.821184e-07	-1.373881e-09	-3.419465e+00	-9.275575e+01
1.750000e-06	-4.363307e-07	-1.336339e-09	-3.094712e+00	-9.056792e+01
1.760000e-06	-3.905691e-07	-1.297838e-09	-2.770144e+00	-8.830991e+01
1.770000e-06	-3.447752e-07	-1.263708e-09	-2.445347e+00	-8.598119e+01
1.780000e-06	-2.988698e-07	-1.232550e-09	-2.119759e+00	-8.358141e+01
1.790000e-06	-2.528988e-07	-1.198375e-09	-1.793706e+00	-8.111046e+01
1.800000e-06	-2.070130e-07	-1.161520e-09	-1.468257e+00	-7.856843e+01
1.810000e-06	-1.611450e-07	-1.126374e-09	-1.142935e+00	-7.595567e+01
1.820000e-06	-1.152439e-07	-1.091087e-09	-8.173768e-01	-7.327275e+01
1.830000e-06	-6.941281e-08	-1.049334e-09	-4.923161e-01	-7.052048e+01
1.840000e-06	-2.359117e-08	-1.003972e-09	-1.673223e-01	-6.769993e+01
1.850000e-06	2.225307e-08	-9.620752e-10	1.578317e-01	-6.481240e+01
1.860000e-06	6.808169e-08	-9.220355e-10	4.828750e-01	-6.185944e+01
1.870000e-06	1.139640e-07	-8.800438e-10	8.082991e-01	-5.884285e+01
1.880000e-06	1.599454e-07	-8.338083e-10	1.134426e+00	-5.576465e+01
1.890000e-06	2.058563e-07	-7.860517e-10	1.460053e+00	-5.262711e+01
1.900000e-06	2.516835e-07	-7.383889e-10	1.785086e+00	-4.943273e+01
1.910000e-06	2.976029e-07	-6.897952e-10	2.110774e+00	-4.618421e+01
1.920000e-06	3.434860e-07	-6.392969e-10	2.436203e+00	-4.288448e+01
1.930000e-06	3.892932e-07	-5.879979e-10	2.761094e+00	-3.953665e+01
1.940000e-06	4.350418e-07	-5.385788e-10	3.085570e+00	-3.614402e+01
1.950000e-06	4.806695e-07	-4.892147e-10	3.409188e+00	-3.271007e+01
1.960000e-06	5.262313e-07	-4.358595e-10	3.732339e+00	-2.923844e+01
1.970000e-06	5.718235e-07	-3.786419e-10	4.055706e+00	-2.573290e+01
1.980000e-06	6.174254e-07	-3.213343e-10	4.379141e+00	-2.219734e+01
1.990000e-06	6.630083e-07	-2.656283e-10	4.702442e+00	-1.863578e+01
2.000000e-06	7.085360e-07	-2.103832e-10	5.025350e+00	-1.505230e+01
2.010000e-06	7.540463e-07	-1.556029e-10	5.348136e+00	-1.145108e+01
2.020000e-06	7.995463e-07	-1.026520e-10	5.670849e+00	-7.836342e+00
2.030000e-06	8.449678e-07	-5.085679e-11	5.993005e+00	-4.212330e+00
2.040000e-06	8.903457e-07	2.381371e-12	6.314851e+00	-5.833144e-01
2.050000e-06	9.356464e-07	5.639222e-11	6.636150e+00	3.046445e+00
2.060000e-06	9.807925e-07	1.129799e-10	6.956352e+00	6.672711e+00
2.070000e-06	1.025860e-06	1.718515e-10	7.275999e+00	1.029129e+01
2.080000e-06	1.070915e-06	2.285836e-10	7.595555e+00	1.389805e+01
2.090000e-06	1.115870e-06	2.826684e-10	7.914403e+00	1.748894e+01
2.100000e-06	1.160712e-06	3.334074e-10	8.232449e+00	2.106001e+01
2.110000e-06	1.205452e-06	3.811329e-10	8.549767e+00	2.460740e+01
2.120000e-06	1.250066e-06	4.279920e-10	8.866200e+00	2.812741e+01
2.130000e-06	1.294564e-06	4.762508e-10	9.181804e+00	3.161645e+01
2.140000e-06	1.338992e-06	5.278478e-10	9.496913e+00	3.507112e+01
2.150000e-06	1.383349e-06	5.805655e-10	9.811515e+00	3.848815e+01
2.160000e-06	1.427592e-06	6.316183e-10	1.012531e+01	4.186447e+01
2.170000e-06	1.471694e-06	6.816269e-10	1.043811e+01	4.519719e+01
2.180000e-06	1.515708e-06	7.283650e-10	1.075028e+01	4.848362e+01
2.190000e-06	1.559719e-06	7.707733e-10	1.106244e+01	5.172128e+01
2.200000e-06	1.603664e-06	8.117331e-10	1.137412e+01	5.490786e+01
2.210000e-06	1.647518e-06	8.540726e-10	1.168516e+01	5.804131e+01
2.220000e-06	1.691292e-06	8.976432e-10	1.199563e+01	6.111976e+01
2.230000e-06	1.735018e-06	9.401917e-10	1.230576e+01	6.414156e+01
2.240000e-06	1.778720e-06	9.799846e-10	1.261572e+01	6.710529e+01
2.250000e-06	1.822362e-06	1.020942e-09	1.292525e+01	7.000972e+01
2.260000e-06	1.865980e-06	1.063008e-09	1.323462e+01	7.285384e+01
2.270000e-06	1.909501e-06	1.104199e-09	1.354329e+01	7.563685e+01
2.280000e-06	1.952870e-06	1.144608e-09	1.385089e+01	7.835814e+01
2.290000e-06	1.996101e-06	1.185461e-09	1.415751e+01	8.101731e+01
2.300000e-06	2.039090e-06	1.226936e-09	1.446241e+01	8.361412e+01
2.310000e-06	2.081829e-06	1.263531e-09	1.476555e+01	8.614853e+01
2.320000e-06	2.124348e-06	1.294479e-09	1.506711e+01	8.862067e+01
2.330000e-06	2.166627e-06	1.323526e-09	1.536699e+01	9.103081e+01
2.340000e-06	2.208758e-06	1.354737e-09	1.566580e+01	9.337939e+01
2.350000e-06	2.250624e-06	1.389006e-09	1.596274e+01	9.566697e+01
2.360000e-06	2.291982e-06	1.423175e-09	1.625607e+01	9.789426e+01
2.370000e-06	2.333036e-06	1.457932e-09	1.654725e+01	1.000621e+02
2.380000e-06	2.373953e-06	1.493255e-09	1.683746e+01	1.021713e+02
2.390000e-06	2.414681e-06	1.523307e-09	1.712632e+01	1.042230e+02
2.400000e-06	2.455200e-06	1.548581e-09	1.741371e+01	1.062182e+02
2.410000e-06	2.495449e-06	1.572468e-09	1.769918e+01	1.081581e+02
2.420000e-06	2.535508e-06	1.598126e-09	1.798330e+01	1.100439e+02
2.430000e-06	2.575455e-06	1.625769e-09	1.826663e+01	1.118769e+02
2.440000e-06	2.615281e-06	1.652926e-09	1.854910e+01	1.136584e+02
2.450000e-06	2.655024e-06	1.683066e-09	1.883098e+01	1.153897e+02
2.460000e-06	2.694668e-06	1.716043e-09	1.911215e+01	1.170722e+02
2.470000e-06	2.734232e-06	1.743258e-09	1.939276e+01	1.187071e+02
2.480000e-06	2.773645e-06	1.766419e-09	1.967231e+01	1.202959e+02
2.490000e-06	2.812987e-06	1.789098e-09	1.995135e+01	1.218399e+02
2.500000e-06	2.852206e-06	1.809798e-09	2.022951e+01	1.233404e+02
2.510000e-06	2.891028e-06	1.828339e-09	2.050486e+01	1.247988e+02
2.520000e-06	2.929542e-06	1.845708e-09	2.077802e+01	1.262163e+02
2.530000e-06	2.967953e-06	1.865954e-09	2.105046e+01	1.275941e+02
2.540000e-06	3.006158e-06	1.889919e-09	2.132143e+01	1.289335e+02
2.550000e-06	3.044072e-06	1.914251e-09	2.159033e+01	1.302357e+02
2.560000e-06	3.081773e-06	1.935346e-09	2.185773e+01	1.315018e+02
2.570000e-06	3.119360e-06	1.953658e-09	2.212432e+01	1.327328e+02
2.580000e-06	3.156836e-06	1.974838e-09	2.239013e+01	1.339298e+02
2.590000e-06	3.194008e-06	1.996490e-09	2.265376e+01	1.350938e+02
2.600000e-06	3.230896e-06	2.010538e-09	2.291540e+01	1.362258e+02
2.610000e-06	3.267608e-06	2.020204e-09	2.317578e+01	1.373266e+02
2.620000e-06	3.304030e-06	2.034926e-09	2.343411e+01	1.383972e+02
2.630000e-06	3.340132e-06	2.055748e-09	2.369017e+01	1.394383e+02
2.640000e-06	3.376060e-06	2.075268e-09	2.394499e+01	1.404508e+02
2.650000e-06	3.411858e-06	2.090712e-09	2.419889e+01	1.414353e+02
2.660000e-06	3.447567e-06	2.101420e-09	2.445215e+01	1.423926e+02
2.670000e-06	3.483229e-06	2.114432e-09	2.470509e+01	1.433233e+02
2.680000e-06	3.518730e-06	2.131779e-09	2.495689e+01	1.442282e+02
2.690000e-06	3.554025e-06	2.146095e-09	2.520722e+01	1.451077e+02
2.700000e-06	3.589082e-06	2.156527e-09	2.545587e+01	1.459626e+02
2.710000e-06	3.623819e-06	2.169819e-09	2.570223e+01	1.467933e+02
2.720000e-06	3.658107e-06	2.187595e-09	2.594543e+01	1.476005e+02
2.730000e-06	3.691865e-06	2.202185e-09	2.618486e+01	1.483846e+02
2.740000e-06	3.725116e-06	2.207745e-09	2.642069e+01	1.491463e+02
2.750000e-06	3.757926e-06	2.212808e-09	2.665340e+01	1.498859e+02
2.760000e-06	3.790317e-06	2.225718e-09	2.688314e+01	1.506040e+02
2.770000e-06	3.822396e-06	2.240465e-09	2.711066e+01	1.513012e+02
2.780000e-06	3.854322e-06	2.250638e-09	2.733710e+01	1.519779e+02
2.790000e-06	3.886053e-06	2.259393e-09	2.756216e+01	1.526345e+02
2.800000e-06	3.917616e-06	2.272796e-09	2.778602e+01	1.532717e+02
2.810000e-06	3.949068e-06	2.283555e-09	2.800909e+01	1.538899e+02
2.820000e-06	3.980351e-06	2.291419e-09	2.823097e+01	1.544895e+02
2.830000e-06	4.011311e-06	2.299222e-09	2.845056e+01	1.550710e+02
2.840000e-06	4.041958e-06	2.308915e-09	2.866792e+01	1.556351e+02
2.850000e-06	4.072328e-06	2.320455e-09	2.888333e+01	1.561820e+02
2.860000e-06	4.102354e-06	2.328407e-09	2.909629e+01	1.567124e+02
2.870000e-06	4.132118e-06	2.333757e-09	2.930739e+01	1.572267e+02
2.880000e-06	4.161643e-06	2.341954e-09	2.951680e+01	1.577254e+02
2.890000e-06	4.190930e-06	2.353567e-09	2.972452e+01	1.582090e+02
2.900000e-06	4.219949e-06	2.365587e-09	2.993034e+01	1.586779e+02
2.910000e-06	4.248697e-06	2.375627e-09	3.013423e+01	1.591326e+02
2.920000e-06	4.277167e-06	2.381224e-09	3.033617e+01	1.595736e+02
2.930000e-06	4.305312e-06	2.384060e-09	3.053578e+01	1.600014e+02
2.940000e-06	4.333209e-06	2.385854e-09	3.073365e+01	1.604163e+02
2.950000e-06	4.360919e-06	2.389495e-09	3.093018e+01	1.608189e+02
2.960000e-06	4.388491e-06	2.395622e-09	3.112573e+01	1.612095e+02
2.970000e-06	4.415929e-06	2.403274e-09	3.132034e+01	1.615885e+02
2.980000e-06	4.443015e-06	2.411684e-09	3.151245e+01	1.619563e+02
2.990000e-06	4.469594e-06	2.420541e-09	3.170097e+01	1.623134e+02
3.000000e-06	4.495754e-06	2.427192e-09	3.188651e+01	1.626600e+02
3.010000e-06	4.521332e-06	2.433117e-09	3.206792e+01	1.629964e+02
3.020000e-06	4.546229e-06	2.436873e-09	3.224451e+01	1.633231e+02
3.030000e-06	4.570667e-06	2.438214e-09	3.241784e+01	1.636403e+02
3.040000e-06	4.594801e-06	2.440893e-09	3.258901e+01	1.639482e+02
3.050000e-06	4.618658e-06	2.446263e-09	3.275822e+01	1.642472e+02
3.060000e-06	4.642262e-06	2.454828e-09	3.292563e+01	1.645374e+02
3.070000e-06	4.665685e-06	2.462948e-09	3.309176e+01	1.648192e+02
3.080000e-06	4.688862e-06	2.466816e-09	3.325615e+01	1.650927e+02
3.090000e-06	4.711623e-06	2.468518e-09	3.341758e+01	1.653580e+02
3.100000e-06	4.734038e-06	2.470903e-09	3.357656e+01	1.656155e+02
3.110000e-06	4.756161e-06	2.472460e-09	3.373346e+01	1.658652e+02
3.120000e-06	4.777918e-06	2.471734e-09	3.388778e+01	1.661073e+02
3.130000e-06	4.799354e-06	2.471157e-09	3.403982e+01	1.663419e+02
3.140000e-06	4.820567e-06	2.474832e-09	3.419027e+01	1.665691e+02
3.150000e-06	4.841507e-06	2.482125e-09	3.433879e+01	1.667892e+02
3.160000e-06	4.862023e-06	2.488796e-09	3.448430e+01	1.670022e+02
3.170000e-06	4.882165e-06	2.493545e-09	3.462716e+01	1.672082e+02
3.180000e-06	4.902063e-06	2.497850e-09	3.476829e+01	1.674073e+02
3.190000e-06	4.921787e-06	2.500259e-09	3.490819e+01	1.675997e+02
3.200000e-06	4.941324e-06	2.501042e-09	3.504675e+01	1.677854e+02
3.210000e-06	4.960569e-06	2.502124e-09	3.518325e+01	1.679647e+02
3.220000e-06	4.979497e-06	2.505376e-09	3.531750e+01	1.681376e+02
3.230000e-06	4.998084e-06	2.511469e-09	3.544933e+01	1.683043e+02
3.240000e-06	5.016208e-06	2.519274e-09	3.557787e+01	1.684648e+02
3.250000e-06	5.033873e-06	2.524872e-09	3.570316e+01	1.686195e+02
3.260000e-06	5.051175e-06	2.528965e-09	3.582588e+01	1.687683e+02
3.270000e-06	5.068191e-06	2.532474e-09	3.594656e+01	1.689116e+02
3.280000e-06	5.084937e-06	2.534465e-09	3.606534e+01	1.690495e+02
3.290000e-06	5.101420e-06	2.534063e-09	3.618224e+01	1.691821e+02
3.300000e-06	5.117492e-06	2.532721e-09	3.629624e+01	1.693098e+02
3.310000e-06	5.133114e-06	2.535107e-09	3.640703e+01	1.694326e+02
3.320000e-06	5.148277e-06	2.542563e-09	3.651458e+01	1.695509e+02
3.330000e-06	5.162840e-06	2.550661e-09	3.661787e+01	1.696649e+02
3.340000e-06	5.176975e-06	2.555477e-09	3.671813e+01	1.697748e+02
3.350000e-06	5.190769e-06	2.556451e-09	3.681596e+01	1.698809e+02
3.360000e-06	5.204256e-06	2.555354e-09	3.691162e+01	1.699833e+02
3.370000e-06	5.217468e-06	2.552761e-09	3.700532e+01	1.700825e+02
3.380000e-06	5.230160e-06	2.550593e-09	3.709534e+01	1.701785e+02
3.390000e-06	5.242320e-06	2.553818e-09	3.718159e+01	1.702718e+02
3.400000e-06	5.254214e-06	2.563820e-09	3.726595e+01	1.703625e+02
3.410000e-06	5.265862e-06	2.572630e-09	3.734856e+01	1.704508e+02
3.420000e-06	5.277011e-06	2.574993e-09	3.742764e+01	1.705370e+02
3.430000e-06	5.287690e-06	2.576840e-09	3.750338e+01	1.706214e+02
3.440000e-06	5.297843e-06	2.580913e-09	3.757539e+01	1.707040e+02
3.450000e-06	5.307312e-06	2.581372e-09	3.764255e+01	1.707852e+02
3.460000e-06	5.316203e-06	2.577023e-09	3.770561e+01	1.708651e+02
3.470000e-06	5.324575e-06	2.575715e-09	3.776499e+01	1.709437e+02
3.480000e-06	5.332556e-06	2.581564e-09	3.782160e+01	1.710214e+02
3.490000e-06	5.340306e-06	2.590153e-09	3.787657e+01	1.710981e+02
3.500000e-06	5.347869e-06	2.593002e-09	3.793020e+01	1.711740e+02
3.510000e-06	5.355173e-06	2.591290e-09	3.798201e+01	1.712491e+02
3.520000e-06	5.362154e-06	2.589934e-09	3.803152e+01	1.713234e+02
3.530000e-06	5.368700e-06	2.589667e-09	3.807795e+01	1.713969e+02
3.540000e-06	5.374824e-06	2.587919e-09	3.812139e+01	1.714696e+02
3.550000e-06	5.380628e-06	2.585431e-09	3.816255e+01	1.715415e+02
3.560000e-06	5.386101e-06	2.586924e-09	3.820137e+01	1.716124e+02
3.570000e-06	5.391156e-06	2.590063e-09	3.823723e+01	1.716822e+02
3.580000e-06	5.395783e-06	2.592190e-09	3.827004e+01	1.717508e+02
3.590000e-06	5.400038e-06	2.594283e-09	3.830022e+01	1.718181e+02
3.600000e-06	5.403951e-06	2.597462e-09	3.832797e+01	1.718837e+02
3.610000e-06	5.407674e-06	2.598914e-09	3.835438e+01	1.719476e+02
3.620000e-06	5.411198e-06	2.595517e-09	3.837937e+01	1.720094e+02
3.630000e-06	5.414427e-06	2.590004e-09	3.840228e+01	1.720690e+02
3.640000e-06	5.417329e-06	2.585558e-09	3.842286e+01	1.721261e+02
3.650000e-06	5.419587e-06	2.584943e-09	3.843887e+01	1.721803e+02
3.660000e-06	5.421139e-06	2.586939e-09	3.844988e+01	1.722315e+02
3.670000e-06	5.422143e-06	2.590208e-09	3.845700e+01	1.722792e+02
3.680000e-06	5.422545e-06	2.595377e-09	3.845985e+01	1.723233e+02
3.690000e-06	5.422566e-06	2.600585e-09	3.846000e+01	1.723634e+02
3.700000e-06	5.422396e-06	2.604440e-09	3.845880e+01	1.723993e+02
3.710000e-06	5.422039e-06	2.603544e-09	3.845627e+01	1.724306e+02
3.720000e-06	5.421448e-06	2.597084e-09	3.845207e+01	1.724572e+02
3.730000e-06	5.420610e-06	2.591986e-09	3.844613e+01	1.724787e+02
3.740000e-06	5.419421e-06	2.591396e-09	3.843769e+01	1.724949e+02
3.750000e-06	5.417725e-06	2.601227e-09	3.842566e+01	1.725056e+02
3.760000e-06	5.415683e-06	2.618993e-09	3.841118e+01	1.725107e+02
3.770000e-06	5.413312e-06	2.611610e-09	3.839436e+01	1.725099e+02
3.780000e-06	5.410565e-06	2.568563e-09	3.837488e+01	1.725031e+02
3.790000e-06	5.407376e-06	2.530411e-09	3.835227e+01	1.724903e+02
3.800000e-06	5.403619e-06	2.562547e-09	3.832562e+01	1.724713e+02
3.810000e-06	5.399441e-06	2.652388e-09	3.829598e+01	1.724461e+02
3.820000e-06	5.395144e-06	2.656201e-09	3.826551e+01	1.724147e+02
3.830000e-06	5.390777e-06	2.586112e-09	3.823454e+01	1.723771e+02
3.840000e-06	5.386030e-06	2.594952e-09	3.820086e+01	1.723334e+02
3.850000e-06	5.380683e-06	2.671050e-09	3.816294e+01	1.722837e+02
3.860000e-06	5.374889e-06	2.652073e-09	3.812185e+01	1.722281e+02
3.870000e-06	5.368866e-06	2.538911e-09	3.807913e+01	1.721667e+02
3.880000e-06	5.362308e-06	2.541022e-09	3.803261e+01	1.720997e+02
3.890000e-06	5.354952e-06	2.648882e-09	3.798044e+01	1.720274e+02
3.900000e-06	5.347048e-06	2.658462e-09	3.792438e+01	1.719500e+02
3.910000e-06	5.338897e-06	2.584996e-09	3.786657e+01	1.718677e+02
3.920000e-06	5.330484e-06	2.614504e-09	3.780690e+01	1.717808e+02
3.930000e-06	5.321722e-06	2.685693e-09	3.774476e+01	1.716896e+02
3.940000e-06	5.312672e-06	2.614463e-09	3.768057e+01	1.715944e+02
3.950000e-06	5.303316e-06	2.514414e-09	3.761421e+01	1.714956e+02
3.960000e-06	5.293591e-06	2.577647e-09	3.754523e+01	1.713934e+02
3.970000e-06	5.283436e-06	2.665160e-09	3.747321e+01	1.712882e+02
3.980000e-06	5.272911e-06	2.613346e-09	3.739856e+01	1.711803e+02
3.990000e-06	5.261984e-06	2.569781e-09	3.732106e+01	1.710701e+02
4.000000e-06	5.250644e-06	2.645209e-09	3.724063e+01	1.709577e+02
4.010000e-06	5.239048e-06	2.662491e-09	3.715839e+01	1.708436e+02
4.020000e-06	5.227111e-06	2.570864e-09	3.707372e+01	1.707279e+02
4.030000e-06	5.214664e-06	2.569817e-09	3.698544e+01	1.706111e+02
4.040000e-06	5.201795e-06	2.662705e-09	3.689416e+01	1.704932e+02
4.050000e-06	5.188610e-06	2.649653e-09	3.680065e+01	1.703745e+02
4.060000e-06	5.174839e-06	2.590977e-09	3.670298e+01	1.702552e+02
4.070000e-06	5.160211e-06	2.645989e-09	3.659922e+01	1.701355e+02
4.080000e-06	5.144972e-06	2.694544e-09	3.649114e+01	1.700154e+02
4.090000e-06	5.129332e-06	2.626276e-09	3.638021e+01	1.698951e+02
4.100000e-06	5.113381e-06	2.584941e-09	3.626708e+01	1.697745e+02
4.110000e-06	5.097209e-06	2.610643e-09	3.615238e+01	1.696538e+02
4.120000e-06	5.080766e-06	2.606335e-09	3.603575e+01	1.695329e+02
4.130000e-06	5.063923e-06	2.605209e-09	3.591630e+01	1.694117e+02
4.140000e-06	5.046684e-06	2.642719e-09	3.579403e+01	1.692901e+02
4.150000e-06	5.029071e-06	2.637201e-09	3.566910e+01	1.691681e+02
4.160000e-06	5.011114e-06	2.606593e-09	3.554174e+01	1.690455e+02
4.170000e-06	4.992915e-06	2.629463e-09	3.541266e+01	1.689220e+02
4.180000e-06	4.974433e-06	2.631782e-09	3.528158e+01	1.687976e+02
4.190000e-06	4.955647e-06	2.582620e-09	3.514834e+01	1.686719e+02
4.200000e-06	4.936476e-06	2.579171e-09	3.501237e+01	1.685447e+02
4.210000e-06	4.916953e-06	2.620404e-09	3.487390e+01	1.684157e+02
4.220000e-06	4.897144e-06	2.619145e-09	3.473340e+01	1.682846e+02
4.230000e-06	4.877068e-06	2.602824e-09	3.459101e+01	1.681511e+02
4.240000e-06	4.856810e-06	2.602091e-09	3.444733e+01	1.680149e+02
4.250000e-06	4.836369e-06	2.595983e-09	3.430235e+01	1.678758e+02
4.260000e-06	4.815684e-06	2.588270e-09	3.415564e+01	1.677332e+02
4.270000e-06	4.794628e-06	2.586145e-09	3.400630e+01	1.675871e+02
4.280000e-06	4.773061e-06	2.573614e-09	3.385333e+01	1.674369e+02
4.290000e-06	4.750887e-06	2.575482e-09	3.369606e+01	1.672826e+02
4.300000e-06	4.728116e-06	2.593685e-09	3.353455e+01	1.671236e+02
4.310000e-06	4.704825e-06	2.589806e-09	3.336936e+01	1.669599e+02
4.320000e-06	4.681152e-06	2.565278e-09	3.320146e+01	1.667911e+02
4.330000e-06	4.657208e-06	2.556155e-09	3.303163e+01	1.666171e+02
4.340000e-06	4.632987e-06	2.557699e-09	3.285985e+01	1.664376e+02
4.350000e-06	4.608582e-06	2.556531e-09	3.268675e+01	1.662524e+02
4.360000e-06	4.583925e-06	2.550487e-09	3.251187e+01	1.660615e+02
4.370000e-06	4.558977e-06	2.547106e-09	3.233492e+01	1.658647e+02
4.380000e-06	4.533679e-06	2.557047e-09	3.215549e+01	1.656620e+02
4.390000e-06	4.507938e-06	2.567734e-09	3.197293e+01	1.654532e+02
4.400000e-06	4.481917e-06	2.553390e-09	3.178837e+01	1.652385e+02
4.410000e-06	4.455643e-06	2.530114e-09	3.160202e+01	1.650178e+02
4.420000e-06	4.429140e-06	2.525890e-09	3.141404e+01	1.647912e+02
4.430000e-06	4.402376e-06	2.532518e-09	3.122422e+01	1.645588e+02
4.440000e-06	4.375209e-06	2.530540e-09	3.103153e+01	1.643206e+02
4.450000e-06	4.347575e-06	2.521967e-09	3.083553e+01	1.640769e+02
4.460000e-06	4.319642e-06	2.523746e-09	3.063742e+01	1.638279e+02
4.470000e-06	4.291594e-06	2.532678e-09	3.043849e+01	1.635736e+02
4.480000e-06	4.263408e-06	2.532996e-09	3.023858e+01	1.633143e+02
4.490000e-06	4.235038e-06	2.517639e-09	3.003736e+01	1.630502e+02
4.500000e-06	4.206478e-06	2.504435e-09	2.983479e+01	1.627816e+02
4.510000e-06	4.177600e-06	2.502212e-09	2.962998e+01	1.625086e+02
4.520000e-06	4.148218e-06	2.502190e-09	2.942158e+01	1.622317e+02
4.530000e-06	4.118300e-06	2.496877e-09	2.920938e+01	1.619509e+02
4.540000e-06	4.087863e-06	2.496317e-09	2.899351e+01	1.616665e+02
4.550000e-06	4.057052e-06	2.502907e-09	2.877498e+01	1.613788e+02
4.560000e-06	4.025924e-06	2.507055e-09	2.855420e+01	1.610880e+02
4.570000e-06	3.994406e-06	2.499644e-09	2.833066e+01	1.607943e+02
4.580000e-06	3.962571e-06	2.490114e-09	2.810487e+01	1.604979e+02
4.590000e-06	3.930566e-06	2.486650e-09	2.787787e+01	1.601988e+02
4.600000e-06	3.898401e-06	2.486358e-09	2.764973e+01	1.598974e+02
4.610000e-06	3.866028e-06	2.481361e-09	2.742012e+01	1.595936e+02
4.620000e-06	3.833438e-06	2.474791e-09	2.718898e+01	1.592875e+02
4.630000e-06	3.800529e-06	2.474970e-09	2.695557e+01	1.589792e+02
4.640000e-06	3.767369e-06	2.481415e-09	2.672038e+01	1.586686e+02
4.650000e-06	3.733962e-06	2.482063e-09	2.648344e+01	1.583559e+02
4.660000e-06	3.700179e-06	2.472766e-09	2.624383e+01	1.580407e+02
4.670000e-06	3.666175e-06	2.463275e-09	2.600265e+01	1.577231e+02
4.680000e-06	3.632049e-06	2.458761e-09	2.576061e+01	1.574030e+02
4.690000e-06	3.597732e-06	2.455391e-09	2.551722e+01	1.570800e+02
4.700000e-06	3.563191e-06	2.447770e-09	2.527223e+01	1.567540e+02
4.710000e-06	3.528360e-06	2.440694e-09	2.502518e+01	1.564247e+02
4.720000e-06	3.493251e-06	2.440271e-09	2.477618e+01	1.560919e+02
4.730000e-06	3.457980e-06	2.440379e-09	2.452601e+01	1.557552e+02
4.740000e-06	3.422447e-06	2.435271e-09	2.427399e+01	1.554142e+02
4.750000e-06	3.386613e-06	2.429062e-09	2.401983e+01	1.550686e+02
4.760000e-06	3.350623e-06	2.422160e-09	2.376457e+01	1.547179e+02
4.770000e-06	3.314535e-06	2.413406e-09	2.350862e+01	1.543618e+02
4.780000e-06	3.278307e-06	2.403396e-09	2.325167e+01	1.539998e+02
4.790000e-06	3.241900e-06	2.396216e-09	2.299344e+01	1.536315e+02
4.800000e-06	3.205301e-06	2.393513e-09	2.273387e+01	1.532564e+02
4.810000e-06	3.168459e-06	2.391987e-09	2.247256e+01	1.528740e+02
4.820000e-06	3.131375e-06	2.385828e-09	2.220954e+01	1.524839e+02
4.830000e-06	3.093980e-06	2.376715e-09	2.194431e+01	1.520857e+02
4.840000e-06	3.056245e-06	2.369044e-09	2.167667e+01	1.516788e+02
4.850000e-06	3.018142e-06	2.363654e-09	2.140642e+01	1.512629e+02
4.860000e-06	2.979668e-06	2.358016e-09	2.113354e+01	1.508375e+02
4.870000e-06	2.940909e-06	2.348484e-09	2.085864e+01	1.504022e+02
4.880000e-06	2.901860e-06	2.336512e-09	2.058169e+01	1.499566e+02
4.890000e-06	2.862445e-06	2.329485e-09	2.030213e+01	1.495003e+02
4.900000e-06	2.822748e-06	2.324821e-09	2.002058e+01	1.490331e+02
4.910000e-06	2.782834e-06	2.317825e-09	1.973748e+01	1.485545e+02
4.920000e-06	2.742739e-06	2.309151e-09	1.945310e+01	1.480643e+02
4.930000e-06	2.702587e-06	2.301597e-09	1.916832e+01	1.475621e+02
4.940000e-06	2.662372e-06	2.294420e-09	1.888310e+01	1.470478e+02
4.950000e-06	2.621994e-06	2.286559e-09	1.859671e+01	1.465210e+02
4.960000e-06	2.581448e-06	2.277775e-09	1.830913e+01	1.459815e+02
4.970000e-06	2.540853e-06	2.270805e-09	1.802121e+01	1.454292e+02
4.980000e-06	2.500088e-06	2.266587e-09	1.773208e+01	1.448638e+02
4.990000e-06	2.459118e-06	2.259935e-09	1.744150e+01	1.442851e+02
5.000000e-06	2.417938e-06	2.249776e-09	1.714943e+01	1.436929e+02
5.010000e-06	2.376567e-06	2.240368e-09	1.685600e+01	1.430870e+02
5.020000e-06	2.335072e-06	2.231839e-09	1.656169e+01	1.424672e+02
5.030000e-06	2.293392e-06	2.221809e-09	1.626607e+01	1.418334e+02
5.040000e-06	2.251561e-06	2.210173e-09	1.596938e+01	1.411851e+02
5.050000e-06	2.209605e-06	2.199786e-09	1.567181e+01	1.405223e+02
5.060000e-06	2.167487e-06	2.194017e-09	1.537308e+01	1.398446e+02
5.070000e-06	2.125239e-06	2.189048e-09	1.507344e+01	1.391516e+02
5.080000e-06	2.082935e-06	2.180076e-09	1.477339e+01	1.384429e+02
5.090000e-06	2.040550e-06	2.166383e-09	1.447277e+01	1.377182e+02
5.100000e-06	1.997914e-06	2.152239e-09	1.417037e+01	1.369770e+02
5.110000e-06	1.955028e-06	2.139677e-09	1.386620e+01	1.362186e+02
5.120000e-06	1.912036e-06	2.126841e-09	1.356128e+01	1.354424e+02
5.130000e-06	1.868927e-06	2.114091e-09	1.325552e+01	1.346478e+02
5.140000e-06	1.825616e-06	2.104954e-09	1.294834e+01	1.338340e+02
5.150000e-06	1.782193e-06	2.098091e-09	1.264036e+01	1.330000e+02
5.160000e-06	1.738711e-06	2.087903e-09	1.233195e+01	1.321450e+02
5.170000e-06	1.695062e-06	2.073673e-09	1.202237e+01	1.312678e+02
5.180000e-06	1.651308e-06	2.058421e-09	1.171204e+01	1.303674e+02
5.190000e-06	1.607495e-06	2.043963e-09	1.140130e+01	1.294425e+02
5.200000e-06	1.563574e-06	2.029359e-09	1.108978e+01	1.284918e+02
5.210000e-06	1.519555e-06	2.013180e-09	1.077757e+01	1.275139e+02
5.220000e-06	1.475433e-06	1.998506e-09	1.046463e+01	1.265072e+02
5.230000e-06	1.431267e-06	1.986112e-09	1.015138e+01	1.254701e+02
5.240000e-06	1.387103e-06	1.973777e-09	9.838145e+00	1.244011e+02
5.250000e-06	1.342927e-06	1.956899e-09	9.524823e+00	1.232982e+02
5.260000e-06	1.298714e-06	1.934034e-09	9.211238e+00	1.221598e+02
5.270000e-06	1.254415e-06	1.912160e-09	8.897042e+00	1.209838e+02
5.280000e-06	1.210056e-06	1.895395e-09	8.582424e+00	1.197683e+02
5.290000e-06	1.165675e-06	1.881916e-09	8.267647e+00	1.185114e+02
5.300000e-06	1.121276e-06	1.867816e-09	7.952742e+00	1.172111e+02
5.310000e-06	1.076875e-06	1.849948e-09	7.637822e+00	1.158651e+02
5.320000e-06	1.032334e-06	1.830768e-09	7.321913e+00	1.144715e+02
5.330000e-06	9.876891e-07	1.809728e-09	7.005267e+00	1.130282e+02
5.340000e-06	9.430234e-07	1.781521e-09	6.688472e+00	1.115332e+02
5.350000e-06	8.983152e-07	1.748336e-09	6.371375e+00	1.099844e+02
5.360000e-06	8.536101e-07	1.720022e-09	6.054301e+00	1.083798e+02
5.370000e-06	8.087957e-07	1.702610e-09	5.736451e+00	1.067174e+02
5.380000e-06	7.639059e-07	1.689420e-09	5.418066e+00	1.049955e+02
5.390000e-06	7.189795e-07	1.669730e-09	5.099422e+00	1.032123e+02
5.400000e-06	6.739438e-07	1.642065e-09	4.780002e+00	1.013660e+02
5.410000e-06	6.288854e-07	1.608335e-09	4.460422e+00	9.945508e+01
5.420000e-06	5.838522e-07	1.570744e-09	4.141021e+00	9.747819e+01
5.430000e-06	5.387613e-07	1.530491e-09	3.821209e+00	9.543401e+01
5.440000e-06	4.935830e-07	1.492344e-09	3.500779e+00	9.332142e+01
5.450000e-06	4.483705e-07	1.460917e-09	3.180105e+00	9.113948e+01
5.460000e-06	4.031192e-07	1.434080e-09	2.859156e+00	8.888742e+01
5.470000e-06	3.578102e-07	1.406334e-09	2.537799e+00	8.656468e+01
5.480000e-06	3.125056e-07	1.374239e-09	2.216472e+00	8.417091e+01
5.490000e-06	2.671774e-07	1.338487e-09	1.894978e+00	8.170596e+01
5.500000e-06	2.218107e-07	1.298224e-09	1.573211e+00	7.916992e+01
5.510000e-06	1.764172e-07	1.253237e-09	1.251254e+00	7.656311e+01
5.520000e-06	1.310338e-07	1.205775e-09	9.293684e-01	7.388609e+01
5.530000e-06	8.563400e-08	1.160512e-09	6.073663e-01	7.113964e+01
5.540000e-06	4.015156e-08	1.116902e-09	2.847783e-01	6.832480e+01
5.550000e-06	-5.308766e-09	1.073474e-09	-3.765286e-02	6.544287e+01
5.560000e-06	-5.071835e-08	1.029091e-09	-3.597241e-01	6.249538e+01
5.570000e-06	-9.608867e-08	9.844379e-10	-6.815169e-01	5.948409e+01
5.580000e-06	-1.414450e-07	9.399434e-10	-1.003211e+00	5.641102e+01
5.590000e-06	-1.867831e-07	8.941876e-10	-1.324775e+00	5.327841e+01
5.600000e-06	-2.321417e-07	8.448223e-10	-1.646484e+00	5.008874e+01
5.610000e-06	-2.775562e-07	7.903527e-10	-1.968590e+00	4.684470e+01
5.620000e-06	-3.229842e-07	7.322906e-10	-2.290793e+00	4.354919e+01
5.630000e-06	-3.683675e-07	6.731516e-10	-2.612677e+00	4.020532e+01
5.640000e-06	-4.136988e-07	6.151834e-10	-2.934193e+00	3.681637e+01
5.650000e-06	-4.589705e-07	5.597727e-10	-3.255287e+00	3.338581e+01
5.660000e-06	-5.041350e-07	5.094214e-10	-3.575620e+00	2.991725e+01
5.670000e-06	-5.492574e-07	4.614686e-10	-3.895654e+00	2.641446e+01
5.680000e-06	-5.943796e-07	4.086876e-10	-4.215686e+00	2.288133e+01
5.690000e-06	-6.394104e-07	3.508509e-10	-4.535072e+00	1.932185e+01
5.700000e-06	-6.843458e-07	2.873665e-10	-4.853780e+00	1.574012e+01
5.710000e-06	-7.292412e-07	2.203136e-10	-5.172204e+00	1.214029e+01
5.720000e-06	-7.741242e-07	1.548197e-10	-5.490540e+00	8.526593e+00
5.730000e-06	-8.189824e-07	9.295542e-11	-5.808701e+00	4.903267e+00
5.740000e-06	-8.637638e-07	3.682177e-11	-6.126317e+00	1.274581e+00
5.750000e-06	-9.084682e-07	-1.224079e-11	-6.443386e+00	-2.355203e+00
5.760000e-06	-9.531152e-07	-5.910134e-11	-6.760049e+00	-5.981846e+00
5.770000e-06	-9.976716e-07	-1.118974e-10	-7.076069e+00	-9.601149e+00
5.780000e-06	-1.042138e-06	-1.728893e-10	-7.391447e+00	-1.320898e+01
5.790000e-06	-1.086598e-06	-2.389873e-10	-7.706790e+00	-1.680127e+01
5.800000e-06	-1.131077e-06	-3.030878e-10	-8.022260e+00	-2.037406e+01
5.810000e-06	-1.175481e-06	-3.631496e-10	-8.337198e+00	-2.392349e+01
5.820000e-06	-1.219785e-06	-4.176434e-10	-8.651424e+00	-2.744584e+01
5.830000e-06	-1.264075e-06	-4.676318e-10	-8.965558e+00	-3.093753e+01
5.840000e-06	-1.308314e-06	-5.128832e-10	-9.279329e+00	-3.439510e+01
5.850000e-06	-1.352528e-06	-5.591236e-10	-9.592919e+00	-3.781531e+01
5.860000e-06	-1.396715e-06	-6.113391e-10	-9.906317e+00	-4.119506e+01
5.870000e-06	-1.440861e-06	-6.695987e-10	-1.021943e+01	-4.453145e+01
5.880000e-06	-1.484980e-06	-7.284085e-10	-1.053234e+01	-4.782176e+01
5.890000e-06	-1.528996e-06	-7.832826e-10	-1.084453e+01	-5.106349e+01
5.900000e-06	-1.572902e-06	-8.339270e-10	-1.115593e+01	-5.425434e+01
5.910000e-06	-1.616770e-06	-8.804477e-10	-1.146707e+01	-5.739222e+01
5.920000e-06	-1.660506e-06	-9.215947e-10	-1.177728e+01	-6.047524e+01
5.930000e-06	-1.704041e-06	-9.611913e-10	-1.208605e+01	-6.350174e+01
5.940000e-06	-1.747469e-06	-1.005955e-09	-1.239407e+01	-6.647028e+01
5.950000e-06	-1.790816e-06	-1.056293e-09	-1.270151e+01	-6.937962e+01
5.960000e-06	-1.833995e-06	-1.107101e-09	-1.300776e+01	-7.222873e+01
5.970000e-06	-1.876991e-06	-1.152824e-09	-1.331271e+01	-7.501678e+01
5.980000e-06	-1.919817e-06	-1.193006e-09	-1.361646e+01	-7.774316e+01
5.990000e-06	-1.962575e-06	-1.232089e-09	-1.391973e+01	-8.040743e+01
6.000000e-06	-2.005252e-06	-1.273394e-09	-1.422242e+01	-8.300937e+01
6.010000e-06	-2.047716e-06	-1.312575e-09	-1.452359e+01	-8.554891e+01
6.020000e-06	-2.089984e-06	-1.347977e-09	-1.482339e+01	-8.802615e+01
6.030000e-06	-2.132105e-06	-1.384222e-09	-1.512213e+01	-9.044137e+01
6.040000e-06	-2.174207e-06	-1.424078e-09	-1.542075e+01	-9.279498e+01
6.050000e-06	-2.216227e-06	-1.460556e-09	-1.571878e+01	-9.508755e+01
6.060000e-06	-2.258008e-06	-1.492621e-09	-1.601511e+01	-9.731976e+01
6.070000e-06	-2.299605e-06	-1.526765e-09	-1.631014e+01	-9.949241e+01
6.080000e-06	-2.340981e-06	-1.564693e-09	-1.660361e+01	-1.016064e+02
6.090000e-06	-2.382101e-06	-1.599451e-09	-1.689525e+01	-1.036628e+02
6.100000e-06	-2.423077e-06	-1.629887e-09	-1.718588e+01	-1.056626e+02
6.110000e-06	-2.463859e-06	-1.660853e-09	-1.747512e+01	-1.076070e+02
6.120000e-06	-2.504439e-06	-1.692384e-09	-1.776294e+01	-1.094972e+02
6.130000e-06	-2.544885e-06	-1.720236e-09	-1.804981e+01	-1.113345e+02
6.140000e-06	-2.585276e-06	-1.746483e-09	-1.833629e+01	-1.131201e+02
6.150000e-06	-2.625601e-06	-1.774109e-09	-1.862230e+01	-1.148555e+02
6.160000e-06	-2.665822e-06	-1.803986e-09	-1.890757e+01	-1.165418e+02
6.170000e-06	-2.705965e-06	-1.832386e-09	-1.919228e+01	-1.181806e+02
6.180000e-06	-2.746067e-06	-1.857996e-09	-1.947671e+01	-1.197731e+02
6.190000e-06	-2.786033e-06	-1.883667e-09	-1.976017e+01	-1.213207e+02
6.200000e-06	-2.825816e-06	-1.910587e-09	-2.004233e+01	-1.228248e+02
6.210000e-06	-2.865433e-06	-1.936888e-09	-2.032332e+01	-1.242865e+02
6.220000e-06	-2.904767e-06	-1.960466e-09	-2.060230e+01	-1.257073e+02
6.230000e-06	-2.943767e-06	-1.978492e-09	-2.087891e+01	-1.270883e+02
6.240000e-06	-2.982421e-06	-1.995282e-09	-2.115307e+01	-1.284308e+02
6.250000e-06	-3.020658e-06	-2.014079e-09	-2.142426e+01	-1.297360e+02
6.260000e-06	-3.058478e-06	-2.035506e-09	-2.169251e+01	-1.310049e+02
6.270000e-06	-3.095951e-06	-2.058281e-09	-2.195829e+01	-1.322387e+02
6.280000e-06	-3.133052e-06	-2.082793e-09	-2.222143e+01	-1.334385e+02
6.290000e-06	-3.169887e-06	-2.106605e-09	-2.248269e+01	-1.346051e+02
6.300000e-06	-3.206469e-06	-2.123513e-09	-2.274215e+01	-1.357397e+02
6.310000e-06	-3.242823e-06	-2.133948e-09	-2.299999e+01	-1.368430e+02
6.320000e-06	-3.279085e-06	-2.142047e-09	-2.325719e+01	-1.379160e+02
6.330000e-06	-3.315284e-06	-2.152897e-09	-2.351393e+01	-1.389595e+02
6.340000e-06	-3.351378e-06	-2.165991e-09	-2.376993e+01	-1.399742e+02
6.350000e-06	-3.387283e-06	-2.184887e-09	-2.402459e+01	-1.409609e+02
6.360000e-06	-3.423000e-06	-2.208139e-09	-2.427791e+01	-1.419204e+02
6.370000e-06	-3.458464e-06	-2.231188e-09	-2.452945e+01	-1.428532e+02
6.380000e-06	-3.493574e-06	-2.245685e-09	-2.477846e+01	-1.437601e+02
6.390000e-06	-3.528359e-06	-2.252674e-09	-2.502518e+01	-1.446417e+02
6.400000e-06	-3.562950e-06	-2.259732e-09	-2.527052e+01	-1.454985e+02
6.410000e-06	-3.597339e-06	-2.269256e-09	-2.551443e+01	-1.463312e+02
6.420000e-06	-3.631529e-06	-2.278816e-09	-2.575692e+01	-1.471402e+02
6.430000e-06	-3.665555e-06	-2.290315e-09	-2.599825e+01	-1.479262e+02
6.440000e-06	-3.699275e-06	-2.306334e-09	-2.623742e+01	-1.486896e+02
6.450000e-06	-3.732611e-06	-2.324858e-09	-2.647386e+01	-1.494310e+02
6.460000e-06	-3.765662e-06	-2.339701e-09	-2.670827e+01	-1.501508e+02
6.470000e-06	-3.798398e-06	-2.347630e-09	-2.694045e+01	-1.508496e+02
6.480000e-06	-3.830883e-06	-2.351400e-09	-2.717086e+01	-1.515279e+02
6.490000e-06	-3.863216e-06	-2.357249e-09	-2.740018e+01	-1.521861e+02
6.500000e-06	-3.895430e-06	-2.365685e-09	-2.762866e+01	-1.528248e+02
6.510000e-06	-3.927561e-06	-2.373970e-09	-2.785655e+01	-1.534445e+02
6.520000e-06	-3.959470e-06	-2.380782e-09	-2.808287e+01	-1.540455e+02
6.530000e-06	-3.991002e-06	-2.390358e-09	-2.830651e+01	-1.546285e+02
6.540000e-06	-4.022181e-06	-2.401636e-09	-2.852765e+01	-1.551939e+02
6.550000e-06	-4.052958e-06	-2.410270e-09	-2.874594e+01	-1.557422e+02
6.560000e-06	-4.083178e-06	-2.416213e-09	-2.896028e+01	-1.562739e+02
6.570000e-06	-4.112895e-06	-2.421438e-09	-2.917105e+01	-1.567894e+02
6.580000e-06	-4.142147e-06	-2.429762e-09	-2.937852e+01	-1.572893e+02
6.590000e-06	-4.171008e-06	-2.437502e-09	-2.958322e+01	-1.577740e+02
6.600000e-06	-4.199600e-06	-2.441937e-09	-2.978601e+01	-1.582441e+02
6.610000e-06	-4.228008e-06	-2.445945e-09	-2.998750e+01	-1.586999e+02
6.620000e-06	-4.256263e-06	-2.452489e-09	-3.018790e+01	-1.591420e+02
6.630000e-06	-4.284334e-06	-2.458909e-09	-3.038700e+01	-1.595708e+02
6.640000e-06	-4.312271e-06	-2.465751e-09	-3.058514e+01	-1.599867e+02
6.650000e-06	-4.339958e-06	-2.473857e-09	-3.078151e+01	-1.603902e+02
6.660000e-06	-4.367264e-06	-2.483884e-09	-3.097519e+01	-1.607817e+02
6.670000e-06	-4.394144e-06	-2.491820e-09	-3.116584e+01	-1.611616e+02
6.680000e-06	-4.420654e-06	-2.494216e-09	-3.135385e+01	-1.615302e+02
6.690000e-06	-4.446927e-06	-2.493246e-09	-3.154020e+01	-1.618881e+02
6.700000e-06	-4.473004e-06	-2.494291e-09	-3.172515e+01	-1.622354e+02
6.710000e-06	-4.498704e-06	-2.497470e-09	-3.190743e+01	-1.625727e+02
6.720000e-06	-4.523915e-06	-2.500245e-09	-3.208624e+01	-1.629001e+02
6.730000e-06	-4.548807e-06	-2.505555e-09	-3.226279e+01	-1.632179e+02
6.740000e-06	-4.573514e-06	-2.514667e-09	-3.243803e+01	-1.635265e+02
6.750000e-06	-4.597997e-06	-2.522413e-09	-3.261168e+01	-1.638262e+02
6.760000e-06	-4.622238e-06	-2.525972e-09	-3.278361e+01	-1.641171e+02
6.770000e-06	-4.646312e-06	-2.525726e-09	-3.295435e+01	-1.643995e+02
6.780000e-06	-4.670182e-06	-2.525013e-09	-3.312365e+01	-1.646736e+02
6.790000e-06	-4.693799e-06	-2.527752e-09	-3.329116e+01	-1.649395e+02
6.800000e-06	-4.716927e-06	-2.533758e-09	-3.345520e+01	-1.651976e+02
6.810000e-06	-4.739464e-06	-2.542004e-09	-3.361504e+01	-1.654478e+02
6.820000e-06	-4.761485e-06	-2.551660e-09	-3.377123e+01	-1.656904e+02
6.830000e-06	-4.782922e-06	-2.560232e-09	-3.392327e+01	-1.659256e+02
6.840000e-06	-4.803831e-06	-2.566671e-09	-3.407157e+01	-1.661534e+02
6.850000e-06	-4.824396e-06	-2.569472e-09	-3.421743e+01	-1.663740e+02
6.860000e-06	-4.844780e-06	-2.568756e-09	-3.436200e+01	-1.665875e+02
6.870000e-06	-4.865000e-06	-2.569970e-09	-3.450541e+01	-1.667939e+02
6.880000e-06	-4.884922e-06	-2.574433e-09	-3.464672e+01	-1.669936e+02
6.890000e-06	-4.904550e-06	-2.579061e-09	-3.478593e+01	-1.671864e+02
6.900000e-06	-4.923861e-06	-2.582507e-09	-3.492290e+01	-1.673727e+02
6.910000e-06	-4.942736e-06	-2.584839e-09	-3.505677e+01	-1.675524e+02
6.920000e-06	-4.961310e-06	-2.587155e-09	-3.518851e+01	-1.677257e+02
6.930000e-06	-4.979702e-06	-2.588485e-09	-3.531895e+01	-1.678928e+02
6.940000e-06	-4.997737e-06	-2.588907e-09	-3.544687e+01	-1.680538e+02
6.950000e-06	-5.015359e-06	-2.591510e-09	-3.557185e+01	-1.682089e+02
6.960000e-06	-5.032589e-06	-2.594525e-09	-3.569406e+01	-1.683582e+02
6.970000e-06	-5.049464e-06	-2.596384e-09	-3.581374e+01	-1.685018e+02
6.980000e-06	-5.066072e-06	-2.597793e-09	-3.593154e+01	-1.686401e+02
6.990000e-06	-5.082485e-06	-2.598786e-09	-3.604794e+01	-1.687731e+02
7.000000e-06	-5.098673e-06	-2.601512e-09	-3.616276e+01	-1.689010e+02
7.010000e-06	-5.114664e-06	-2.606369e-09	-3.627618e+01	-1.690242e+02
7.020000e-06	-5.130269e-06	-2.608308e-09	-3.638686e+01	-1.691428e+02
7.030000e-06	-5.145252e-06	-2.608743e-09	-3.649313e+01	-1.692571e+02
7.040000e-06	-5.159610e-06	-2.610940e-09	-3.659497e+01	-1.693672e+02
7.050000e-06	-5.173367e-06	-2.614440e-09	-3.669253e+01	-1.694735e+02
7.060000e-06	-5.186638e-06	-2.613985e-09	-3.678666e+01	-1.695762e+02
7.070000e-06	-5.199433e-06	-2.609516e-09	-3.687741e+01	-1.696755e+02
7.080000e-06	-5.211799e-06	-2.607375e-09	-3.696512e+01	-1.697718e+02
7.090000e-06	-5.223861e-06	-2.606609e-09	-3.705067e+01	-1.698651e+02
7.100000e-06	-5.235498e-06	-2.606037e-09	-3.713320e+01	-1.699559e+02
7.110000e-06	-5.246650e-06	-2.606683e-09	-3.721230e+01	-1.700444e+02
7.120000e-06	-5.257394e-06	-2.610543e-09	-3.728850e+01	-1.701307e+02
7.130000e-06	-5.267797e-06	-2.616802e-09	-3.736229e+01	-1.702151e+02
7.140000e-06	-5.277976e-06	-2.618693e-09	-3.743448e+01	-1.702978e+02
7.150000e-06	-5.287907e-06	-2.614006e-09	-3.750492e+01	-1.703791e+02
7.160000e-06	-5.297481e-06	-2.606347e-09	-3.757283e+01	-1.704589e+02
7.170000e-06	-5.306537e-06	-2.599558e-09	-3.763706e+01	-1.705377e+02
7.180000e-06	-5.315132e-06	-2.596851e-09	-3.769802e+01	-1.706153e+02
7.190000e-06	-5.323488e-06	-2.599467e-09	-3.775728e+01	-1.706920e+02
7.200000e-06	-5.331707e-06	-2.607399e-09	-3.781557e+01	-1.707679e+02
7.210000e-06	-5.339703e-06	-2.616611e-09	-3.787229e+01	-1.708430e+02
7.220000e-06	-5.347389e-06	-2.620975e-09	-3.792680e+01	-1.709173e+02
7.230000e-06	-5.354713e-06	-2.619807e-09	-3.797874e+01	-1.709908e+02
7.240000e-06	-5.361445e-06	-2.615376e-09	-3.802650e+01	-1.710635e+02
7.250000e-06	-5.367479e-06	-2.611782e-09	-3.806929e+01	-1.711354e+02
7.260000e-06	-5.372850e-06	-2.610390e-09	-3.810738e+01	-1.712063e+02
7.270000e-06	-5.377681e-06	-2.609942e-09	-3.814165e+01	-1.712761e+02
7.280000e-06	-5.382206e-06	-2.611852e-09	-3.817375e+01	-1.713447e+02
7.290000e-06	-5.386548e-06	-2.615331e-09	-3.820454e+01	-1.714120e+02
7.300000e-06	-5.390644e-06	-2.615500e-09	-3.823359e+01	-1.714777e+02
7.310000e-06	-5.394385e-06	-2.612210e-09	-3.826012e+01	-1.715417e+02
7.320000e-06	-5.397744e-06	-2.610526e-09	-3.828395e+01	-1.716037e+02
7.330000e-06	-5.400714e-06	-2.611021e-09	-3.830501e+01	-1.716634e+02
7.340000e-06	-5.403312e-06	-2.611111e-09	-3.832344e+01	-1.717206e+02
7.350000e-06	-5.405672e-06	-2.610587e-09	-3.834018e+01	-1.717750e+02
7.360000e-06	-5.407766e-06	-2.611145e-09	-3.835503e+01	-1.718263e+02
7.370000e-06	-5.409412e-06	-2.610753e-09	-3.836671e+01	-1.718743e+02
7.380000e-06	-5.410573e-06	-2.608266e-09	-3.837494e+01	-1.719186e+02
7.390000e-06	-5.411376e-06	-2.606145e-09	-3.838063e+01	-1.719590e+02
7.400000e-06	-5.411931e-06	-2.605881e-09	-3.838457e+01	-1.719951e+02
