# Temperatura_=_24.24
# Concentracion g/m^3_=_4090.0
# C_Vs_to_Am_M_A/Vsm_=_65563218390.804596
# pendiente_HvsI_1/m_=_3716.3
# ordenada_HvsI_A/m_=_1297.0
# frecuencia_Hz_=_135092.41699756085

Tiempo_(s)	Campo_(V.s)	Magnetizacion_(V.s)	Campo_(kA/m)	Magnetizacion_(A/m)
0.000000e+00	-5.418695e-06	-2.587460e-09	-3.837814e+01	-1.701333e+02
1.000000e-08	-5.418874e-06	-2.589198e-09	-3.837941e+01	-1.701735e+02
2.000000e-08	-5.418777e-06	-2.587378e-09	-3.837872e+01	-1.702104e+02
3.000000e-08	-5.418433e-06	-2.581488e-09	-3.837628e+01	-1.702437e+02
4.000000e-08	-5.417582e-06	-2.577895e-09	-3.837026e+01	-1.702730e+02
5.000000e-08	-5.416184e-06	-2.577975e-09	-3.836035e+01	-1.702979e+02
6.000000e-08	-5.414342e-06	-2.586013e-09	-3.834731e+01	-1.703180e+02
7.000000e-08	-5.411950e-06	-2.607519e-09	-3.833037e+01	-1.703330e+02
8.000000e-08	-5.408968e-06	-2.613179e-09	-3.830925e+01	-1.703426e+02
9.000000e-08	-5.405390e-06	-2.552342e-09	-3.828391e+01	-1.703464e+02
1.000000e-07	-5.401325e-06	-2.552673e-09	-3.825512e+01	-1.703443e+02
1.100000e-07	-5.397000e-06	-2.651346e-09	-3.822449e+01	-1.703360e+02
1.200000e-07	-5.392516e-06	-2.667199e-09	-3.819273e+01	-1.703213e+02
1.300000e-07	-5.387736e-06	-2.519687e-09	-3.815887e+01	-1.703001e+02
1.400000e-07	-5.382548e-06	-2.485075e-09	-3.812213e+01	-1.702723e+02
1.500000e-07	-5.377080e-06	-2.623521e-09	-3.808340e+01	-1.702378e+02
1.600000e-07	-5.371216e-06	-2.681569e-09	-3.804187e+01	-1.701966e+02
1.700000e-07	-5.364880e-06	-2.523687e-09	-3.799700e+01	-1.701489e+02
1.800000e-07	-5.358228e-06	-2.492990e-09	-3.794988e+01	-1.700946e+02
1.900000e-07	-5.351248e-06	-2.662684e-09	-3.790044e+01	-1.700338e+02
2.000000e-07	-5.343915e-06	-2.681450e-09	-3.784851e+01	-1.699668e+02
2.100000e-07	-5.336265e-06	-2.532366e-09	-3.779433e+01	-1.698937e+02
2.200000e-07	-5.328342e-06	-2.523286e-09	-3.773821e+01	-1.698149e+02
2.300000e-07	-5.320211e-06	-2.654972e-09	-3.768062e+01	-1.697305e+02
2.400000e-07	-5.311766e-06	-2.586531e-09	-3.762081e+01	-1.696409e+02
2.500000e-07	-5.302800e-06	-2.493002e-09	-3.755731e+01	-1.695464e+02
2.600000e-07	-5.293141e-06	-2.590701e-09	-3.748890e+01	-1.694474e+02
2.700000e-07	-5.282856e-06	-2.674799e-09	-3.741606e+01	-1.693443e+02
2.800000e-07	-5.272004e-06	-2.548870e-09	-3.733920e+01	-1.692374e+02
2.900000e-07	-5.260692e-06	-2.532752e-09	-3.725908e+01	-1.691272e+02
3.000000e-07	-5.248985e-06	-2.649072e-09	-3.717616e+01	-1.690141e+02
3.100000e-07	-5.236889e-06	-2.620025e-09	-3.709049e+01	-1.688985e+02
3.200000e-07	-5.224499e-06	-2.500910e-09	-3.700274e+01	-1.687807e+02
3.300000e-07	-5.211727e-06	-2.570057e-09	-3.691228e+01	-1.686613e+02
3.400000e-07	-5.198463e-06	-2.648053e-09	-3.681834e+01	-1.685405e+02
3.500000e-07	-5.184829e-06	-2.580121e-09	-3.672177e+01	-1.684187e+02
3.600000e-07	-5.170789e-06	-2.549770e-09	-3.662234e+01	-1.682963e+02
3.700000e-07	-5.156331e-06	-2.610672e-09	-3.651994e+01	-1.681736e+02
3.800000e-07	-5.141402e-06	-2.590037e-09	-3.641420e+01	-1.680508e+02
3.900000e-07	-5.125823e-06	-2.557212e-09	-3.630386e+01	-1.679282e+02
4.000000e-07	-5.109709e-06	-2.598801e-09	-3.618973e+01	-1.678061e+02
4.100000e-07	-5.093138e-06	-2.591683e-09	-3.607237e+01	-1.676844e+02
4.200000e-07	-5.076196e-06	-2.544332e-09	-3.595238e+01	-1.675635e+02
4.300000e-07	-5.059008e-06	-2.581403e-09	-3.583064e+01	-1.674433e+02
4.400000e-07	-5.041568e-06	-2.616194e-09	-3.570712e+01	-1.673239e+02
4.500000e-07	-5.023873e-06	-2.557202e-09	-3.558180e+01	-1.672053e+02
4.600000e-07	-5.005812e-06	-2.542648e-09	-3.545388e+01	-1.670875e+02
4.700000e-07	-4.987274e-06	-2.582458e-09	-3.532259e+01	-1.669702e+02
4.800000e-07	-4.968289e-06	-2.586967e-09	-3.518812e+01	-1.668535e+02
4.900000e-07	-4.949087e-06	-2.555749e-09	-3.505212e+01	-1.667371e+02
5.000000e-07	-4.929613e-06	-2.559472e-09	-3.491420e+01	-1.666207e+02
5.100000e-07	-4.909777e-06	-2.561306e-09	-3.477371e+01	-1.665042e+02
5.200000e-07	-4.889799e-06	-2.574227e-09	-3.463221e+01	-1.663872e+02
5.300000e-07	-4.869647e-06	-2.568062e-09	-3.448949e+01	-1.662695e+02
5.400000e-07	-4.849184e-06	-2.544587e-09	-3.434455e+01	-1.661507e+02
5.500000e-07	-4.828290e-06	-2.535125e-09	-3.419657e+01	-1.660304e+02
5.600000e-07	-4.807038e-06	-2.568283e-09	-3.404605e+01	-1.659082e+02
5.700000e-07	-4.785402e-06	-2.570400e-09	-3.389281e+01	-1.657838e+02
5.800000e-07	-4.763406e-06	-2.556420e-09	-3.373703e+01	-1.656567e+02
5.900000e-07	-4.741079e-06	-2.553791e-09	-3.357889e+01	-1.655266e+02
6.000000e-07	-4.718519e-06	-2.562893e-09	-3.341911e+01	-1.653931e+02
6.100000e-07	-4.695726e-06	-2.558492e-09	-3.325768e+01	-1.652557e+02
6.200000e-07	-4.672530e-06	-2.548823e-09	-3.309339e+01	-1.651141e+02
6.300000e-07	-4.648997e-06	-2.526785e-09	-3.292672e+01	-1.649680e+02
6.400000e-07	-4.625269e-06	-2.524387e-09	-3.275867e+01	-1.648169e+02
6.500000e-07	-4.601344e-06	-2.541463e-09	-3.258922e+01	-1.646606e+02
6.600000e-07	-4.577140e-06	-2.538688e-09	-3.241779e+01	-1.644988e+02
6.700000e-07	-4.552629e-06	-2.519212e-09	-3.224419e+01	-1.643312e+02
6.800000e-07	-4.527805e-06	-2.522697e-09	-3.206838e+01	-1.641576e+02
6.900000e-07	-4.502483e-06	-2.533624e-09	-3.188903e+01	-1.639777e+02
7.000000e-07	-4.476620e-06	-2.521926e-09	-3.170585e+01	-1.637915e+02
7.100000e-07	-4.450252e-06	-2.505423e-09	-3.151910e+01	-1.635988e+02
7.200000e-07	-4.423294e-06	-2.501363e-09	-3.132817e+01	-1.633995e+02
7.300000e-07	-4.395893e-06	-2.510704e-09	-3.113410e+01	-1.631936e+02
7.400000e-07	-4.368224e-06	-2.512618e-09	-3.093813e+01	-1.629811e+02
7.500000e-07	-4.340380e-06	-2.501377e-09	-3.074093e+01	-1.627620e+02
7.600000e-07	-4.312362e-06	-2.489008e-09	-3.054249e+01	-1.625364e+02
7.700000e-07	-4.284170e-06	-2.495183e-09	-3.034282e+01	-1.623044e+02
7.800000e-07	-4.255764e-06	-2.495312e-09	-3.014163e+01	-1.620660e+02
7.900000e-07	-4.227060e-06	-2.484810e-09	-2.993834e+01	-1.618216e+02
8.000000e-07	-4.197963e-06	-2.471424e-09	-2.973225e+01	-1.615712e+02
8.100000e-07	-4.168504e-06	-2.473696e-09	-2.952361e+01	-1.613150e+02
8.200000e-07	-4.138831e-06	-2.478126e-09	-2.931345e+01	-1.610534e+02
8.300000e-07	-4.108869e-06	-2.477006e-09	-2.910124e+01	-1.607864e+02
8.400000e-07	-4.078626e-06	-2.463105e-09	-2.888704e+01	-1.605144e+02
8.500000e-07	-4.048215e-06	-2.458257e-09	-2.867166e+01	-1.602377e+02
8.600000e-07	-4.017510e-06	-2.460937e-09	-2.845419e+01	-1.599564e+02
8.700000e-07	-3.986443e-06	-2.462429e-09	-2.823415e+01	-1.596708e+02
8.800000e-07	-3.955147e-06	-2.451594e-09	-2.801250e+01	-1.593811e+02
8.900000e-07	-3.923607e-06	-2.444609e-09	-2.778912e+01	-1.590876e+02
9.000000e-07	-3.891829e-06	-2.445759e-09	-2.756405e+01	-1.587905e+02
9.100000e-07	-3.859922e-06	-2.448409e-09	-2.733807e+01	-1.584899e+02
9.200000e-07	-3.827888e-06	-2.438921e-09	-2.711118e+01	-1.581860e+02
9.300000e-07	-3.795740e-06	-2.425191e-09	-2.688349e+01	-1.578790e+02
9.400000e-07	-3.763301e-06	-2.418865e-09	-2.665374e+01	-1.575689e+02
9.500000e-07	-3.730484e-06	-2.418367e-09	-2.642131e+01	-1.572557e+02
9.600000e-07	-3.697364e-06	-2.410526e-09	-2.618674e+01	-1.569396e+02
9.700000e-07	-3.663779e-06	-2.400160e-09	-2.594888e+01	-1.566205e+02
9.800000e-07	-3.629731e-06	-2.398406e-09	-2.570773e+01	-1.562983e+02
9.900000e-07	-3.595243e-06	-2.405371e-09	-2.546346e+01	-1.559730e+02
1.000000e-06	-3.560313e-06	-2.406147e-09	-2.521607e+01	-1.556443e+02
1.010000e-06	-3.525032e-06	-2.395476e-09	-2.496619e+01	-1.553123e+02
1.020000e-06	-3.489508e-06	-2.384979e-09	-2.471459e+01	-1.549765e+02
1.030000e-06	-3.453810e-06	-2.377030e-09	-2.446176e+01	-1.546369e+02
1.040000e-06	-3.417920e-06	-2.373265e-09	-2.420756e+01	-1.542931e+02
1.050000e-06	-3.381899e-06	-2.365243e-09	-2.395245e+01	-1.539447e+02
1.060000e-06	-3.345711e-06	-2.357370e-09	-2.369614e+01	-1.535915e+02
1.070000e-06	-3.309404e-06	-2.354739e-09	-2.343899e+01	-1.532331e+02
1.080000e-06	-3.272915e-06	-2.358505e-09	-2.318056e+01	-1.528691e+02
1.090000e-06	-3.236124e-06	-2.356395e-09	-2.291998e+01	-1.524991e+02
1.100000e-06	-3.199082e-06	-2.343138e-09	-2.265764e+01	-1.521226e+02
1.110000e-06	-3.161808e-06	-2.325744e-09	-2.239364e+01	-1.517391e+02
1.120000e-06	-3.124315e-06	-2.318481e-09	-2.212809e+01	-1.513484e+02
1.130000e-06	-3.086603e-06	-2.314252e-09	-2.186100e+01	-1.509499e+02
1.140000e-06	-3.048692e-06	-2.306697e-09	-2.159249e+01	-1.505431e+02
1.150000e-06	-3.010592e-06	-2.296988e-09	-2.132265e+01	-1.501276e+02
1.160000e-06	-2.972393e-06	-2.295730e-09	-2.105210e+01	-1.497030e+02
1.170000e-06	-2.933995e-06	-2.296029e-09	-2.078015e+01	-1.492688e+02
1.180000e-06	-2.895240e-06	-2.289170e-09	-2.050566e+01	-1.488247e+02
1.190000e-06	-2.856195e-06	-2.272487e-09	-2.022912e+01	-1.483702e+02
1.200000e-06	-2.816957e-06	-2.258779e-09	-1.995122e+01	-1.479050e+02
1.210000e-06	-2.777545e-06	-2.252819e-09	-1.967208e+01	-1.474287e+02
1.220000e-06	-2.737959e-06	-2.247212e-09	-1.939171e+01	-1.469410e+02
1.230000e-06	-2.698247e-06	-2.236669e-09	-1.911045e+01	-1.464416e+02
1.240000e-06	-2.658436e-06	-2.225503e-09	-1.882849e+01	-1.459302e+02
1.250000e-06	-2.618537e-06	-2.219730e-09	-1.854590e+01	-1.454065e+02
1.260000e-06	-2.578552e-06	-2.217382e-09	-1.826270e+01	-1.448702e+02
1.270000e-06	-2.538490e-06	-2.208340e-09	-1.797897e+01	-1.443213e+02
1.280000e-06	-2.498342e-06	-2.193243e-09	-1.769461e+01	-1.437594e+02
1.290000e-06	-2.458076e-06	-2.182263e-09	-1.740943e+01	-1.431843e+02
1.300000e-06	-2.417636e-06	-2.175185e-09	-1.712301e+01	-1.425959e+02
1.310000e-06	-2.376942e-06	-2.165263e-09	-1.683480e+01	-1.419940e+02
1.320000e-06	-2.336044e-06	-2.151297e-09	-1.654513e+01	-1.413784e+02
1.330000e-06	-2.294870e-06	-2.142522e-09	-1.625351e+01	-1.407488e+02
1.340000e-06	-2.253398e-06	-2.138791e-09	-1.595979e+01	-1.401052e+02
1.350000e-06	-2.211691e-06	-2.129145e-09	-1.566440e+01	-1.394472e+02
1.360000e-06	-2.169613e-06	-2.111751e-09	-1.536638e+01	-1.387745e+02
1.370000e-06	-2.127264e-06	-2.098552e-09	-1.506644e+01	-1.380870e+02
1.380000e-06	-2.084734e-06	-2.091992e-09	-1.476522e+01	-1.373843e+02
1.390000e-06	-2.041872e-06	-2.083557e-09	-1.446165e+01	-1.366659e+02
1.400000e-06	-1.998688e-06	-2.069395e-09	-1.415580e+01	-1.359315e+02
1.410000e-06	-1.955326e-06	-2.056654e-09	-1.384868e+01	-1.351805e+02
1.420000e-06	-1.911833e-06	-2.047936e-09	-1.354064e+01	-1.344124e+02
1.430000e-06	-1.868222e-06	-2.037007e-09	-1.323176e+01	-1.336266e+02
1.440000e-06	-1.824529e-06	-2.017186e-09	-1.292231e+01	-1.328223e+02
1.450000e-06	-1.780788e-06	-1.998567e-09	-1.261251e+01	-1.319987e+02
1.460000e-06	-1.737005e-06	-1.987771e-09	-1.230241e+01	-1.311549e+02
1.470000e-06	-1.693132e-06	-1.980625e-09	-1.199168e+01	-1.302899e+02
1.480000e-06	-1.649207e-06	-1.964104e-09	-1.168058e+01	-1.294026e+02
1.490000e-06	-1.605280e-06	-1.940375e-09	-1.136947e+01	-1.284919e+02
1.500000e-06	-1.561212e-06	-1.921873e-09	-1.105735e+01	-1.275564e+02
1.510000e-06	-1.516986e-06	-1.909498e-09	-1.074412e+01	-1.265948e+02
1.520000e-06	-1.472764e-06	-1.891653e-09	-1.043091e+01	-1.256055e+02
1.530000e-06	-1.428570e-06	-1.868067e-09	-1.011791e+01	-1.245869e+02
1.540000e-06	-1.384308e-06	-1.848204e-09	-9.804422e+00	-1.235374e+02
1.550000e-06	-1.339891e-06	-1.835411e-09	-9.489835e+00	-1.224553e+02
1.560000e-06	-1.295284e-06	-1.821282e-09	-9.173906e+00	-1.213386e+02
1.570000e-06	-1.250570e-06	-1.796497e-09	-8.857215e+00	-1.201854e+02
1.580000e-06	-1.205866e-06	-1.768838e-09	-8.540596e+00	-1.189937e+02
1.590000e-06	-1.161079e-06	-1.748380e-09	-8.223389e+00	-1.177615e+02
1.600000e-06	-1.116187e-06	-1.731535e-09	-7.905446e+00	-1.164866e+02
1.610000e-06	-1.071265e-06	-1.710723e-09	-7.587281e+00	-1.151669e+02
1.620000e-06	-1.026197e-06	-1.686576e-09	-7.268086e+00	-1.138003e+02
1.630000e-06	-9.809286e-07	-1.666377e-09	-6.947469e+00	-1.123846e+02
1.640000e-06	-9.355548e-07	-1.648821e-09	-6.626107e+00	-1.109175e+02
1.650000e-06	-8.901981e-07	-1.623683e-09	-6.304866e+00	-1.093970e+02
1.660000e-06	-8.448103e-07	-1.592156e-09	-5.983405e+00	-1.078209e+02
1.670000e-06	-7.993126e-07	-1.562842e-09	-5.661166e+00	-1.061871e+02
1.680000e-06	-7.537853e-07	-1.538446e-09	-5.338717e+00	-1.044937e+02
1.690000e-06	-7.081952e-07	-1.513770e-09	-5.015823e+00	-1.027388e+02
1.700000e-06	-6.624921e-07	-1.487362e-09	-4.692129e+00	-1.009204e+02
1.710000e-06	-6.167702e-07	-1.459849e-09	-4.368301e+00	-9.903692e+01
1.720000e-06	-5.710651e-07	-1.433949e-09	-4.044593e+00	-9.708678e+01
1.730000e-06	-5.253142e-07	-1.406508e-09	-3.720560e+00	-9.506856e+01
1.740000e-06	-4.795250e-07	-1.373038e-09	-3.396256e+00	-9.298099e+01
1.750000e-06	-4.336792e-07	-1.337628e-09	-3.071552e+00	-9.082300e+01
1.760000e-06	-3.878389e-07	-1.305744e-09	-2.746886e+00	-8.859371e+01
1.770000e-06	-3.419895e-07	-1.274147e-09	-2.422155e+00	-8.629243e+01
1.780000e-06	-2.960483e-07	-1.238781e-09	-2.096775e+00	-8.391871e+01
1.790000e-06	-2.501053e-07	-1.200377e-09	-1.771382e+00	-8.147233e+01
1.800000e-06	-2.041679e-07	-1.163893e-09	-1.446028e+00	-7.895328e+01
1.810000e-06	-1.582642e-07	-1.128892e-09	-1.120913e+00	-7.636183e+01
1.820000e-06	-1.123769e-07	-1.091394e-09	-7.959144e-01	-7.369847e+01
1.830000e-06	-6.648736e-08	-1.052045e-09	-4.708996e-01	-7.096400e+01
1.840000e-06	-2.058197e-08	-1.015048e-09	-1.457727e-01	-6.815942e+01
1.850000e-06	2.534632e-08	-9.775790e-10	1.795164e-01	-6.528604e+01
1.860000e-06	7.122542e-08	-9.355091e-10	5.044571e-01	-6.234541e+01
1.870000e-06	1.171477e-07	-8.908891e-10	8.297038e-01	-5.933935e+01
1.880000e-06	1.631215e-07	-8.437204e-10	1.155315e+00	-5.626993e+01
1.890000e-06	2.090982e-07	-7.937271e-10	1.480947e+00	-5.313949e+01
1.900000e-06	2.550394e-07	-7.425731e-10	1.806327e+00	-4.995061e+01
1.910000e-06	3.009350e-07	-6.924824e-10	2.131385e+00	-4.670609e+01
1.920000e-06	3.468201e-07	-6.444029e-10	2.456368e+00	-4.340896e+01
1.930000e-06	3.926393e-07	-5.963893e-10	2.780884e+00	-4.006250e+01
1.940000e-06	4.384577e-07	-5.459220e-10	3.105396e+00	-3.667014e+01
1.950000e-06	4.843372e-07	-4.946314e-10	3.430339e+00	-3.323552e+01
1.960000e-06	5.301683e-07	-4.430841e-10	3.754940e+00	-2.976247e+01
1.970000e-06	5.758766e-07	-3.892129e-10	4.078671e+00	-2.625493e+01
1.980000e-06	6.214521e-07	-3.312586e-10	4.401461e+00	-2.271700e+01
1.990000e-06	6.669821e-07	-2.716323e-10	4.723930e+00	-1.915289e+01
2.000000e-06	7.125815e-07	-2.150864e-10	5.046889e+00	-1.556691e+01
2.010000e-06	7.581859e-07	-1.626294e-10	5.369884e+00	-1.196344e+01
2.020000e-06	8.036862e-07	-1.114458e-10	5.692142e+00	-8.346902e+00
2.030000e-06	8.491010e-07	-6.022674e-11	6.013795e+00	-4.721762e+00
2.040000e-06	8.944611e-07	-9.687492e-12	6.335060e+00	-1.092490e+00
2.050000e-06	9.397499e-07	4.026134e-11	6.655819e+00	2.536452e+00
2.060000e-06	9.849342e-07	9.323748e-11	6.975839e+00	6.160637e+00
2.070000e-06	1.030102e-06	1.510019e-10	7.295741e+00	9.775693e+00
2.080000e-06	1.075267e-06	2.082618e-10	7.615626e+00	1.337732e+01
2.090000e-06	1.120294e-06	2.604396e-10	7.934528e+00	1.696131e+01
2.100000e-06	1.165196e-06	3.124839e-10	8.252550e+00	2.052358e+01
2.110000e-06	1.209909e-06	3.650174e-10	8.569231e+00	2.406016e+01
2.120000e-06	1.254509e-06	4.130415e-10	8.885111e+00	2.756723e+01
2.130000e-06	1.299064e-06	4.574829e-10	9.200679e+00	3.104114e+01
2.140000e-06	1.343509e-06	5.047531e-10	9.515459e+00	3.447842e+01
2.150000e-06	1.387880e-06	5.560931e-10	9.829723e+00	3.787579e+01
2.160000e-06	1.432224e-06	6.061614e-10	1.014379e+01	4.123015e+01
2.170000e-06	1.476504e-06	6.536907e-10	1.045740e+01	4.453863e+01
2.180000e-06	1.520631e-06	7.001249e-10	1.076993e+01	4.779859e+01
2.190000e-06	1.564732e-06	7.467248e-10	1.108228e+01	5.100758e+01
2.200000e-06	1.608806e-06	7.925081e-10	1.139444e+01	5.416341e+01
2.210000e-06	1.652776e-06	8.346942e-10	1.170586e+01	5.726412e+01
2.220000e-06	1.696664e-06	8.746254e-10	1.201669e+01	6.030798e+01
2.230000e-06	1.740471e-06	9.157782e-10	1.232696e+01	6.329348e+01
2.240000e-06	1.784205e-06	9.577377e-10	1.263671e+01	6.621938e+01
2.250000e-06	1.827900e-06	9.996687e-10	1.294618e+01	6.908463e+01
2.260000e-06	1.871551e-06	1.042190e-09	1.325534e+01	7.188844e+01
2.270000e-06	1.915078e-06	1.084792e-09	1.356362e+01	7.463022e+01
2.280000e-06	1.958473e-06	1.127530e-09	1.387097e+01	7.730960e+01
2.290000e-06	2.001622e-06	1.169310e-09	1.417658e+01	7.992640e+01
2.300000e-06	2.044580e-06	1.207687e-09	1.448083e+01	8.248066e+01
2.310000e-06	2.087424e-06	1.242490e-09	1.478427e+01	8.497258e+01
2.320000e-06	2.130044e-06	1.274477e-09	1.508613e+01	8.740255e+01
2.330000e-06	2.172463e-06	1.304008e-09	1.538656e+01	8.977110e+01
2.340000e-06	2.214593e-06	1.332571e-09	1.568495e+01	9.207892e+01
2.350000e-06	2.256286e-06	1.363507e-09	1.598024e+01	9.432684e+01
2.360000e-06	2.297613e-06	1.397798e-09	1.627295e+01	9.651580e+01
2.370000e-06	2.338693e-06	1.435736e-09	1.656390e+01	9.864684e+01
2.380000e-06	2.379541e-06	1.470926e-09	1.685320e+01	1.007211e+02
2.390000e-06	2.420132e-06	1.500659e-09	1.714069e+01	1.027398e+02
2.400000e-06	2.460558e-06	1.527243e-09	1.742701e+01	1.047043e+02
2.410000e-06	2.500840e-06	1.550742e-09	1.771231e+01	1.066158e+02
2.420000e-06	2.540961e-06	1.573829e-09	1.799646e+01	1.084757e+02
2.430000e-06	2.581024e-06	1.597084e-09	1.828021e+01	1.102855e+02
2.440000e-06	2.621035e-06	1.622257e-09	1.856359e+01	1.120466e+02
2.450000e-06	2.660885e-06	1.651185e-09	1.884583e+01	1.137603e+02
2.460000e-06	2.700587e-06	1.679680e-09	1.912702e+01	1.154280e+02
2.470000e-06	2.740190e-06	1.707751e-09	1.940752e+01	1.170513e+02
2.480000e-06	2.779649e-06	1.738457e-09	1.968698e+01	1.186314e+02
2.490000e-06	2.818897e-06	1.766547e-09	1.996496e+01	1.201696e+02
2.500000e-06	2.857904e-06	1.787333e-09	2.024123e+01	1.216674e+02
2.510000e-06	2.896719e-06	1.803089e-09	2.051614e+01	1.231258e+02
2.520000e-06	2.935354e-06	1.819661e-09	2.078977e+01	1.245461e+02
2.530000e-06	2.973701e-06	1.839081e-09	2.106136e+01	1.259295e+02
2.540000e-06	3.011807e-06	1.859426e-09	2.133125e+01	1.272770e+02
2.550000e-06	3.049720e-06	1.880971e-09	2.159977e+01	1.285896e+02
2.560000e-06	3.087503e-06	1.905223e-09	2.186737e+01	1.298684e+02
2.570000e-06	3.125140e-06	1.931513e-09	2.213394e+01	1.311142e+02
2.580000e-06	3.162549e-06	1.954516e-09	2.239889e+01	1.323279e+02
2.590000e-06	3.199729e-06	1.971915e-09	2.266222e+01	1.335102e+02
2.600000e-06	3.236648e-06	1.985413e-09	2.292370e+01	1.346620e+02
2.610000e-06	3.273368e-06	1.998944e-09	2.318377e+01	1.357838e+02
2.620000e-06	3.309829e-06	2.013743e-09	2.344200e+01	1.368763e+02
2.630000e-06	3.346067e-06	2.026230e-09	2.369866e+01	1.379401e+02
2.640000e-06	3.382171e-06	2.041565e-09	2.395437e+01	1.389757e+02
2.650000e-06	3.418109e-06	2.063980e-09	2.420891e+01	1.399837e+02
2.660000e-06	3.453911e-06	2.083944e-09	2.446247e+01	1.409645e+02
2.670000e-06	3.489580e-06	2.099034e-09	2.471510e+01	1.419185e+02
2.680000e-06	3.525078e-06	2.113420e-09	2.496652e+01	1.428463e+02
2.690000e-06	3.560381e-06	2.128024e-09	2.521655e+01	1.437482e+02
2.700000e-06	3.595374e-06	2.139931e-09	2.546439e+01	1.446247e+02
2.710000e-06	3.630035e-06	2.148960e-09	2.570988e+01	1.454760e+02
2.720000e-06	3.664323e-06	2.160861e-09	2.595273e+01	1.463027e+02
2.730000e-06	3.698012e-06	2.174787e-09	2.619133e+01	1.471051e+02
2.740000e-06	3.731167e-06	2.188285e-09	2.642615e+01	1.478836e+02
2.750000e-06	3.763957e-06	2.200585e-09	2.665838e+01	1.486387e+02
2.760000e-06	3.796433e-06	2.214436e-09	2.688840e+01	1.493707e+02
2.770000e-06	3.828662e-06	2.229635e-09	2.711666e+01	1.500801e+02
2.780000e-06	3.860669e-06	2.242338e-09	2.734336e+01	1.507674e+02
2.790000e-06	3.892470e-06	2.251932e-09	2.756859e+01	1.514330e+02
2.800000e-06	3.924163e-06	2.261950e-09	2.779306e+01	1.520774e+02
2.810000e-06	3.955695e-06	2.271468e-09	2.801638e+01	1.527011e+02
2.820000e-06	3.986937e-06	2.280109e-09	2.823765e+01	1.533048e+02
2.830000e-06	4.017978e-06	2.286973e-09	2.845750e+01	1.538888e+02
2.840000e-06	4.048709e-06	2.294043e-09	2.867516e+01	1.544538e+02
2.850000e-06	4.078971e-06	2.307484e-09	2.888949e+01	1.550004e+02
2.860000e-06	4.108988e-06	2.324665e-09	2.910208e+01	1.555291e+02
2.870000e-06	4.138859e-06	2.337216e-09	2.931365e+01	1.560406e+02
2.880000e-06	4.168426e-06	2.343752e-09	2.952305e+01	1.565355e+02
2.890000e-06	4.197782e-06	2.348250e-09	2.973097e+01	1.570144e+02
2.900000e-06	4.226949e-06	2.355321e-09	2.993755e+01	1.574779e+02
2.910000e-06	4.255764e-06	2.362209e-09	3.014163e+01	1.579266e+02
2.920000e-06	4.284235e-06	2.364859e-09	3.034328e+01	1.583613e+02
2.930000e-06	4.312423e-06	2.367404e-09	3.054292e+01	1.587824e+02
2.940000e-06	4.340357e-06	2.375355e-09	3.074076e+01	1.591905e+02
2.950000e-06	4.368151e-06	2.386570e-09	3.093761e+01	1.595864e+02
2.960000e-06	4.395773e-06	2.390912e-09	3.113325e+01	1.599704e+02
2.970000e-06	4.423179e-06	2.392714e-09	3.132735e+01	1.603432e+02
2.980000e-06	4.450331e-06	2.395425e-09	3.151966e+01	1.607052e+02
2.990000e-06	4.477034e-06	2.399751e-09	3.170878e+01	1.610570e+02
3.000000e-06	4.503228e-06	2.405059e-09	3.189431e+01	1.613990e+02
3.010000e-06	4.528725e-06	2.408870e-09	3.207489e+01	1.617317e+02
3.020000e-06	4.553523e-06	2.410125e-09	3.225052e+01	1.620553e+02
3.030000e-06	4.577963e-06	2.410509e-09	3.242362e+01	1.623703e+02
3.040000e-06	4.602131e-06	2.413672e-09	3.259479e+01	1.626770e+02
3.050000e-06	4.626112e-06	2.418787e-09	3.276464e+01	1.629757e+02
3.060000e-06	4.649841e-06	2.428220e-09	3.293270e+01	1.632666e+02
3.070000e-06	4.673317e-06	2.441633e-09	3.309897e+01	1.635499e+02
3.080000e-06	4.696482e-06	2.451162e-09	3.326303e+01	1.638258e+02
3.090000e-06	4.719308e-06	2.453834e-09	3.342470e+01	1.640944e+02
3.100000e-06	4.741840e-06	2.452221e-09	3.358429e+01	1.643559e+02
3.110000e-06	4.763974e-06	2.448221e-09	3.374105e+01	1.646103e+02
3.120000e-06	4.785781e-06	2.444900e-09	3.389550e+01	1.648577e+02
3.130000e-06	4.807334e-06	2.445529e-09	3.404815e+01	1.650981e+02
3.140000e-06	4.828655e-06	2.452894e-09	3.419916e+01	1.653315e+02
3.150000e-06	4.849639e-06	2.463891e-09	3.434778e+01	1.655579e+02
3.160000e-06	4.870244e-06	2.474977e-09	3.449371e+01	1.657772e+02
3.170000e-06	4.890514e-06	2.483123e-09	3.463728e+01	1.659896e+02
3.180000e-06	4.910537e-06	2.486357e-09	3.477909e+01	1.661948e+02
3.190000e-06	4.930393e-06	2.483041e-09	3.491972e+01	1.663929e+02
3.200000e-06	4.950004e-06	2.481211e-09	3.505862e+01	1.665838e+02
3.210000e-06	4.969306e-06	2.485465e-09	3.519533e+01	1.667675e+02
3.220000e-06	4.988127e-06	2.490646e-09	3.532863e+01	1.669440e+02
3.230000e-06	5.006522e-06	2.497771e-09	3.545891e+01	1.671133e+02
3.240000e-06	5.024629e-06	2.508691e-09	3.558715e+01	1.672753e+02
3.250000e-06	5.042384e-06	2.517137e-09	3.571290e+01	1.674300e+02
3.260000e-06	5.059806e-06	2.519112e-09	3.583629e+01	1.675776e+02
3.270000e-06	5.076840e-06	2.519069e-09	3.595694e+01	1.677181e+02
3.280000e-06	5.093593e-06	2.518841e-09	3.607559e+01	1.678516e+02
3.290000e-06	5.110085e-06	2.517887e-09	3.619240e+01	1.679782e+02
3.300000e-06	5.126094e-06	2.516833e-09	3.630578e+01	1.680980e+02
3.310000e-06	5.141633e-06	2.519772e-09	3.641584e+01	1.682112e+02
3.320000e-06	5.156768e-06	2.526271e-09	3.652304e+01	1.683180e+02
3.330000e-06	5.171429e-06	2.532329e-09	3.662687e+01	1.684187e+02
3.340000e-06	5.185595e-06	2.535796e-09	3.672720e+01	1.685135e+02
3.350000e-06	5.199371e-06	2.538624e-09	3.682477e+01	1.686027e+02
3.360000e-06	5.212747e-06	2.539120e-09	3.691950e+01	1.686865e+02
3.370000e-06	5.225710e-06	2.536990e-09	3.701132e+01	1.687653e+02
3.380000e-06	5.238362e-06	2.535767e-09	3.710092e+01	1.688396e+02
3.390000e-06	5.250696e-06	2.538851e-09	3.718828e+01	1.689095e+02
3.400000e-06	5.262687e-06	2.547039e-09	3.727321e+01	1.689755e+02
3.410000e-06	5.274274e-06	2.555229e-09	3.735527e+01	1.690380e+02
3.420000e-06	5.285406e-06	2.561449e-09	3.743411e+01	1.690973e+02
3.430000e-06	5.296049e-06	2.564790e-09	3.750950e+01	1.691539e+02
3.440000e-06	5.305947e-06	2.563601e-09	3.757960e+01	1.692081e+02
3.450000e-06	5.315225e-06	2.559977e-09	3.764531e+01	1.692603e+02
3.460000e-06	5.324124e-06	2.557649e-09	3.770834e+01	1.693109e+02
3.470000e-06	5.332579e-06	2.558796e-09	3.776822e+01	1.693602e+02
3.480000e-06	5.340718e-06	2.564002e-09	3.782587e+01	1.694086e+02
3.490000e-06	5.348602e-06	2.570482e-09	3.788170e+01	1.694564e+02
3.500000e-06	5.356216e-06	2.572977e-09	3.793563e+01	1.695039e+02
3.510000e-06	5.363473e-06	2.572374e-09	3.798703e+01	1.695512e+02
3.520000e-06	5.370284e-06	2.571001e-09	3.803527e+01	1.695987e+02
3.530000e-06	5.376713e-06	2.568130e-09	3.808080e+01	1.696466e+02
3.540000e-06	5.382887e-06	2.565147e-09	3.812453e+01	1.696949e+02
3.550000e-06	5.388719e-06	2.562718e-09	3.816584e+01	1.697438e+02
3.560000e-06	5.394129e-06	2.565214e-09	3.820415e+01	1.697933e+02
3.570000e-06	5.399169e-06	2.568919e-09	3.823985e+01	1.698435e+02
3.580000e-06	5.403809e-06	2.570543e-09	3.827271e+01	1.698944e+02
3.590000e-06	5.408100e-06	2.573662e-09	3.830310e+01	1.699459e+02
3.600000e-06	5.412188e-06	2.577313e-09	3.833206e+01	1.699979e+02
3.610000e-06	5.416033e-06	2.580144e-09	3.835929e+01	1.700502e+02
3.620000e-06	5.419571e-06	2.578623e-09	3.838434e+01	1.701027e+02
3.630000e-06	5.422718e-06	2.574773e-09	3.840663e+01	1.701551e+02
3.640000e-06	5.425264e-06	2.571879e-09	3.842466e+01	1.702072e+02
3.650000e-06	5.427270e-06	2.571031e-09	3.843888e+01	1.702587e+02
3.660000e-06	5.428732e-06	2.571578e-09	3.844923e+01	1.703093e+02
3.670000e-06	5.429660e-06	2.573631e-09	3.845580e+01	1.703587e+02
3.680000e-06	5.430124e-06	2.579598e-09	3.845909e+01	1.704064e+02
3.690000e-06	5.430253e-06	2.586476e-09	3.846000e+01	1.704521e+02
3.700000e-06	5.430149e-06	2.588485e-09	3.845927e+01	1.704954e+02
3.710000e-06	5.429731e-06	2.584605e-09	3.845630e+01	1.705359e+02
3.720000e-06	5.429028e-06	2.580065e-09	3.845132e+01	1.705733e+02
3.730000e-06	5.427925e-06	2.580591e-09	3.844351e+01	1.706070e+02
3.740000e-06	5.426413e-06	2.585031e-09	3.843280e+01	1.706367e+02
3.750000e-06	5.424639e-06	2.589363e-09	3.842024e+01	1.706621e+02
3.760000e-06	5.422588e-06	2.569358e-09	3.840571e+01	1.706827e+02
3.770000e-06	5.420150e-06	2.536407e-09	3.838845e+01	1.706982e+02
3.780000e-06	5.417321e-06	2.591618e-09	3.836841e+01	1.707083e+02
3.790000e-06	5.414065e-06	2.659571e-09	3.834535e+01	1.707127e+02
3.800000e-06	5.410416e-06	2.579945e-09	3.831950e+01	1.707112e+02
3.810000e-06	5.406454e-06	2.490994e-09	3.829145e+01	1.707035e+02
3.820000e-06	5.402200e-06	2.584882e-09	3.826131e+01	1.706895e+02
3.830000e-06	5.397645e-06	2.689575e-09	3.822905e+01	1.706689e+02
3.840000e-06	5.392703e-06	2.595799e-09	3.819405e+01	1.706417e+02
3.850000e-06	5.387321e-06	2.463680e-09	3.815594e+01	1.706079e+02
3.860000e-06	5.381536e-06	2.580558e-09	3.811496e+01	1.705674e+02
3.870000e-06	5.375233e-06	2.746872e-09	3.807032e+01	1.705203e+02
3.880000e-06	5.368300e-06	2.596750e-09	3.802122e+01	1.704666e+02
3.890000e-06	5.360992e-06	2.449369e-09	3.796945e+01	1.704065e+02
3.900000e-06	5.353326e-06	2.606476e-09	3.791516e+01	1.703401e+02
3.910000e-06	5.345207e-06	2.742583e-09	3.785766e+01	1.702676e+02
3.920000e-06	5.336739e-06	2.535172e-09	3.779768e+01	1.701893e+02
3.930000e-06	5.328053e-06	2.435642e-09	3.773616e+01	1.701055e+02
3.940000e-06	5.319067e-06	2.668360e-09	3.767252e+01	1.700164e+02
3.950000e-06	5.309625e-06	2.716704e-09	3.760565e+01	1.699224e+02
3.960000e-06	5.299817e-06	2.469855e-09	3.753618e+01	1.698239e+02
3.970000e-06	5.289721e-06	2.465508e-09	3.746467e+01	1.697212e+02
3.980000e-06	5.279235e-06	2.706288e-09	3.739041e+01	1.696147e+02
3.990000e-06	5.268386e-06	2.635321e-09	3.731357e+01	1.695048e+02
4.000000e-06	5.257193e-06	2.439561e-09	3.723429e+01	1.693921e+02
4.010000e-06	5.245558e-06	2.572160e-09	3.715189e+01	1.692767e+02
4.020000e-06	5.233444e-06	2.730660e-09	3.706609e+01	1.691592e+02
4.030000e-06	5.220816e-06	2.557346e-09	3.697666e+01	1.690400e+02
4.040000e-06	5.207714e-06	2.474938e-09	3.688386e+01	1.689194e+02
4.050000e-06	5.194096e-06	2.640278e-09	3.678741e+01	1.687978e+02
4.060000e-06	5.179945e-06	2.650645e-09	3.668719e+01	1.686755e+02
4.070000e-06	5.165228e-06	2.513373e-09	3.658295e+01	1.685529e+02
4.080000e-06	5.150008e-06	2.576026e-09	3.647515e+01	1.684302e+02
4.090000e-06	5.134330e-06	2.648502e-09	3.636411e+01	1.683077e+02
4.100000e-06	5.118317e-06	2.572307e-09	3.625070e+01	1.681856e+02
4.110000e-06	5.102111e-06	2.564413e-09	3.613592e+01	1.680640e+02
4.120000e-06	5.085597e-06	2.627881e-09	3.601896e+01	1.679431e+02
4.130000e-06	5.068751e-06	2.564283e-09	3.589965e+01	1.678229e+02
4.140000e-06	5.051597e-06	2.530923e-09	3.577816e+01	1.677036e+02
4.150000e-06	5.034081e-06	2.613667e-09	3.565410e+01	1.675850e+02
4.160000e-06	5.016218e-06	2.607982e-09	3.552758e+01	1.674672e+02
4.170000e-06	4.998015e-06	2.537306e-09	3.539866e+01	1.673500e+02
4.180000e-06	4.979515e-06	2.561400e-09	3.526763e+01	1.672333e+02
4.190000e-06	4.960714e-06	2.597788e-09	3.513447e+01	1.671170e+02
4.200000e-06	4.941526e-06	2.570678e-09	3.499857e+01	1.670007e+02
4.210000e-06	4.921964e-06	2.559680e-09	3.486002e+01	1.668843e+02
4.220000e-06	4.902109e-06	2.560145e-09	3.471940e+01	1.667675e+02
4.230000e-06	4.882092e-06	2.570254e-09	3.457762e+01	1.666499e+02
4.240000e-06	4.861888e-06	2.582957e-09	3.443453e+01	1.665313e+02
4.250000e-06	4.841458e-06	2.563060e-09	3.428984e+01	1.664112e+02
4.260000e-06	4.820725e-06	2.532518e-09	3.414299e+01	1.662893e+02
4.270000e-06	4.799475e-06	2.558336e-09	3.399249e+01	1.661652e+02
4.280000e-06	4.777501e-06	2.565668e-09	3.383686e+01	1.660385e+02
4.290000e-06	4.754919e-06	2.541229e-09	3.367692e+01	1.659087e+02
4.300000e-06	4.731944e-06	2.539795e-09	3.351420e+01	1.657756e+02
4.310000e-06	4.708595e-06	2.553236e-09	3.334883e+01	1.656387e+02
4.320000e-06	4.684841e-06	2.545659e-09	3.318059e+01	1.654975e+02
4.330000e-06	4.660902e-06	2.548873e-09	3.301104e+01	1.653519e+02
4.340000e-06	4.636835e-06	2.526902e-09	3.284058e+01	1.652013e+02
4.350000e-06	4.612402e-06	2.503500e-09	3.266753e+01	1.650456e+02
4.360000e-06	4.587644e-06	2.525514e-09	3.249218e+01	1.648843e+02
4.370000e-06	4.562595e-06	2.543495e-09	3.231477e+01	1.647173e+02
4.380000e-06	4.537206e-06	2.515916e-09	3.213495e+01	1.645443e+02
4.390000e-06	4.511462e-06	2.514640e-09	3.195263e+01	1.643651e+02
4.400000e-06	4.485436e-06	2.540756e-09	3.176830e+01	1.641795e+02
4.410000e-06	4.459132e-06	2.541451e-09	3.158199e+01	1.639874e+02
4.420000e-06	4.432466e-06	2.515064e-09	3.139313e+01	1.637888e+02
4.430000e-06	4.405467e-06	2.493531e-09	3.120191e+01	1.635835e+02
4.440000e-06	4.378229e-06	2.489876e-09	3.100899e+01	1.633717e+02
4.450000e-06	4.350741e-06	2.501686e-09	3.081431e+01	1.631532e+02
4.460000e-06	4.322941e-06	2.502218e-09	3.061742e+01	1.629282e+02
4.470000e-06	4.294889e-06	2.495775e-09	3.041874e+01	1.626968e+02
4.480000e-06	4.266731e-06	2.509039e-09	3.021931e+01	1.624591e+02
4.490000e-06	4.238382e-06	2.519137e-09	3.001853e+01	1.622152e+02
4.500000e-06	4.209574e-06	2.505031e-09	2.981449e+01	1.619654e+02
4.510000e-06	4.180429e-06	2.482907e-09	2.960807e+01	1.617098e+02
4.520000e-06	4.151036e-06	2.473471e-09	2.939989e+01	1.614487e+02
4.530000e-06	4.121172e-06	2.471980e-09	2.918838e+01	1.611823e+02
4.540000e-06	4.090705e-06	2.475518e-09	2.897260e+01	1.609108e+02
4.550000e-06	4.059756e-06	2.473215e-09	2.875340e+01	1.606345e+02
4.560000e-06	4.028409e-06	2.476727e-09	2.853138e+01	1.603537e+02
4.570000e-06	3.996778e-06	2.483407e-09	2.830735e+01	1.600685e+02
4.580000e-06	3.964898e-06	2.485772e-09	2.808156e+01	1.597793e+02
4.590000e-06	3.932812e-06	2.474138e-09	2.785431e+01	1.594862e+02
4.600000e-06	3.900661e-06	2.461626e-09	2.762660e+01	1.591895e+02
4.610000e-06	3.868283e-06	2.459188e-09	2.739728e+01	1.588893e+02
4.620000e-06	3.835566e-06	2.466611e-09	2.716556e+01	1.585857e+02
4.630000e-06	3.802597e-06	2.463887e-09	2.693206e+01	1.582791e+02
4.640000e-06	3.769354e-06	2.455440e-09	2.669661e+01	1.579693e+02
4.650000e-06	3.735856e-06	2.453726e-09	2.645936e+01	1.576565e+02
4.660000e-06	3.702158e-06	2.458350e-09	2.622069e+01	1.573407e+02
4.670000e-06	3.668206e-06	2.452939e-09	2.598023e+01	1.570219e+02
4.680000e-06	3.634014e-06	2.443531e-09	2.573806e+01	1.567001e+02
4.690000e-06	3.599575e-06	2.439329e-09	2.549414e+01	1.563751e+02
4.700000e-06	3.564966e-06	2.440682e-09	2.524902e+01	1.560469e+02
4.710000e-06	3.530171e-06	2.435927e-09	2.500259e+01	1.557152e+02
4.720000e-06	3.495060e-06	2.422752e-09	2.475391e+01	1.553799e+02
4.730000e-06	3.459635e-06	2.413500e-09	2.450301e+01	1.550407e+02
4.740000e-06	3.423979e-06	2.415352e-09	2.425048e+01	1.546973e+02
4.750000e-06	3.388178e-06	2.417043e-09	2.399691e+01	1.543494e+02
4.760000e-06	3.352266e-06	2.407782e-09	2.374257e+01	1.539968e+02
4.770000e-06	3.316225e-06	2.397404e-09	2.348731e+01	1.536389e+02
4.780000e-06	3.280067e-06	2.392061e-09	2.323122e+01	1.532754e+02
4.790000e-06	3.243766e-06	2.388701e-09	2.297411e+01	1.529060e+02
4.800000e-06	3.207192e-06	2.382329e-09	2.271508e+01	1.525302e+02
4.810000e-06	3.170243e-06	2.376311e-09	2.245338e+01	1.521474e+02
4.820000e-06	3.132994e-06	2.373739e-09	2.218956e+01	1.517574e+02
4.830000e-06	3.095427e-06	2.373889e-09	2.192349e+01	1.513596e+02
4.840000e-06	3.057489e-06	2.366117e-09	2.165480e+01	1.509536e+02
4.850000e-06	3.019096e-06	2.351317e-09	2.138288e+01	1.505390e+02
4.860000e-06	2.980318e-06	2.339763e-09	2.110823e+01	1.501153e+02
4.870000e-06	2.941257e-06	2.336461e-09	2.083158e+01	1.496820e+02
4.880000e-06	2.901867e-06	2.332259e-09	2.055260e+01	1.492388e+02
4.890000e-06	2.862186e-06	2.325119e-09	2.027156e+01	1.487853e+02
4.900000e-06	2.822361e-06	2.317999e-09	1.998949e+01	1.483211e+02
4.910000e-06	2.782469e-06	2.311935e-09	1.970696e+01	1.478459e+02
4.920000e-06	2.742490e-06	2.302052e-09	1.942380e+01	1.473592e+02
4.930000e-06	2.702456e-06	2.289040e-09	1.914026e+01	1.468609e+02
4.940000e-06	2.662322e-06	2.277220e-09	1.885601e+01	1.463505e+02
4.950000e-06	2.622028e-06	2.272001e-09	1.857063e+01	1.458280e+02
4.960000e-06	2.581479e-06	2.271007e-09	1.828344e+01	1.452929e+02
4.970000e-06	2.540747e-06	2.269669e-09	1.799495e+01	1.447451e+02
4.980000e-06	2.499875e-06	2.265133e-09	1.770547e+01	1.441844e+02
4.990000e-06	2.458785e-06	2.257544e-09	1.741445e+01	1.436105e+02
5.000000e-06	2.417428e-06	2.246737e-09	1.712153e+01	1.430233e+02
5.010000e-06	2.375933e-06	2.233923e-09	1.682765e+01	1.424226e+02
5.020000e-06	2.334355e-06	2.220939e-09	1.653317e+01	1.418082e+02
5.030000e-06	2.292627e-06	2.211325e-09	1.623763e+01	1.411800e+02
5.040000e-06	2.250731e-06	2.206274e-09	1.594090e+01	1.405376e+02
5.050000e-06	2.208717e-06	2.202478e-09	1.564334e+01	1.398809e+02
5.060000e-06	2.166614e-06	2.197372e-09	1.534514e+01	1.392096e+02
5.070000e-06	2.124370e-06	2.189119e-09	1.504595e+01	1.385234e+02
5.080000e-06	2.082003e-06	2.176342e-09	1.474587e+01	1.378220e+02
5.090000e-06	2.039457e-06	2.161651e-09	1.444454e+01	1.371051e+02
5.100000e-06	1.996774e-06	2.148880e-09	1.414224e+01	1.363721e+02
5.110000e-06	1.953969e-06	2.137802e-09	1.383907e+01	1.356226e+02
5.120000e-06	1.910917e-06	2.126872e-09	1.353415e+01	1.348561e+02
5.130000e-06	1.867651e-06	2.115298e-09	1.322772e+01	1.340719e+02
5.140000e-06	1.824325e-06	2.106818e-09	1.292086e+01	1.332692e+02
5.150000e-06	1.780852e-06	2.098509e-09	1.261296e+01	1.324474e+02
5.160000e-06	1.737143e-06	2.086691e-09	1.230339e+01	1.316054e+02
5.170000e-06	1.693384e-06	2.072945e-09	1.199346e+01	1.307423e+02
5.180000e-06	1.649659e-06	2.060555e-09	1.168378e+01	1.298570e+02
5.190000e-06	1.605872e-06	2.048999e-09	1.137366e+01	1.289484e+02
5.200000e-06	1.562005e-06	2.034897e-09	1.106297e+01	1.280151e+02
5.210000e-06	1.518047e-06	2.017741e-09	1.075163e+01	1.270558e+02
5.220000e-06	1.473996e-06	2.001361e-09	1.043964e+01	1.260689e+02
5.230000e-06	1.429878e-06	1.988136e-09	1.012717e+01	1.250530e+02
5.240000e-06	1.385756e-06	1.974228e-09	9.814675e+00	1.240062e+02
5.250000e-06	1.341678e-06	1.957808e-09	9.502494e+00	1.229270e+02
5.260000e-06	1.297536e-06	1.938655e-09	9.189854e+00	1.218133e+02
5.270000e-06	1.253355e-06	1.919741e-09	8.876940e+00	1.206633e+02
5.280000e-06	1.209172e-06	1.904452e-09	8.564010e+00	1.194750e+02
5.290000e-06	1.164850e-06	1.889055e-09	8.250102e+00	1.182463e+02
5.300000e-06	1.120368e-06	1.872116e-09	7.935054e+00	1.169752e+02
5.310000e-06	1.075791e-06	1.854270e-09	7.619337e+00	1.156595e+02
5.320000e-06	1.031235e-06	1.835525e-09	7.303767e+00	1.142969e+02
5.330000e-06	9.866103e-07	1.815232e-09	6.987710e+00	1.128855e+02
5.340000e-06	9.418413e-07	1.792882e-09	6.670632e+00	1.114229e+02
5.350000e-06	8.969894e-07	1.765714e-09	6.352966e+00	1.099070e+02
5.360000e-06	8.520539e-07	1.737018e-09	6.034708e+00	1.083357e+02
5.370000e-06	8.070750e-07	1.712462e-09	5.716144e+00	1.067069e+02
5.380000e-06	7.619907e-07	1.691096e-09	5.396832e+00	1.050186e+02
5.390000e-06	7.168104e-07	1.668161e-09	5.076840e+00	1.032689e+02
5.400000e-06	6.716082e-07	1.642107e-09	4.756694e+00	1.014560e+02
5.410000e-06	6.263880e-07	1.615661e-09	4.436420e+00	9.957812e+01
5.420000e-06	5.811613e-07	1.587123e-09	4.116100e+00	9.763369e+01
5.430000e-06	5.358277e-07	1.556106e-09	3.795023e+00	9.562129e+01
5.440000e-06	4.903897e-07	1.522329e-09	3.473206e+00	9.353963e+01
5.450000e-06	4.450339e-07	1.483788e-09	3.151972e+00	9.138765e+01
5.460000e-06	3.996532e-07	1.446359e-09	2.830561e+00	8.916442e+01
5.470000e-06	3.541904e-07	1.414983e-09	2.508569e+00	8.686926e+01
5.480000e-06	3.087281e-07	1.384291e-09	2.186580e+00	8.450168e+01
5.490000e-06	2.632071e-07	1.348341e-09	1.864175e+00	8.206145e+01
5.500000e-06	2.175686e-07	1.309390e-09	1.540939e+00	7.954854e+01
5.510000e-06	1.719682e-07	1.268712e-09	1.217972e+00	7.696320e+01
5.520000e-06	1.264499e-07	1.227400e-09	8.955872e-01	7.430591e+01
5.530000e-06	8.089440e-08	1.185969e-09	5.729381e-01	7.157742e+01
5.540000e-06	3.548403e-08	1.143019e-09	2.513172e-01	6.877873e+01
5.550000e-06	-9.820417e-09	1.100224e-09	-6.955352e-02	6.591112e+01
5.560000e-06	-5.527982e-08	1.057256e-09	-3.915217e-01	6.297612e+01
5.570000e-06	-1.007771e-07	1.011144e-09	-7.137583e-01	5.997554e+01
5.580000e-06	-1.462291e-07	9.615346e-10	-1.035674e+00	5.691141e+01
5.590000e-06	-1.916840e-07	9.105445e-10	-1.357610e+00	5.378606e+01
5.600000e-06	-2.371863e-07	8.596994e-10	-1.679882e+00	5.060203e+01
5.610000e-06	-2.826741e-07	8.062103e-10	-2.002051e+00	4.736213e+01
5.620000e-06	-3.280918e-07	7.512255e-10	-2.323724e+00	4.406936e+01
5.630000e-06	-3.735693e-07	6.987133e-10	-2.645821e+00	4.072697e+01
5.640000e-06	-4.190533e-07	6.461658e-10	-2.967963e+00	3.733839e+01
5.650000e-06	-4.644535e-07	5.923583e-10	-3.289512e+00	3.390725e+01
5.660000e-06	-5.098336e-07	5.377113e-10	-3.610918e+00	3.043734e+01
5.670000e-06	-5.551980e-07	4.810496e-10	-3.932214e+00	2.693262e+01
5.680000e-06	-6.005049e-07	4.215187e-10	-4.253101e+00	2.339716e+01
5.690000e-06	-6.457061e-07	3.586706e-10	-4.573241e+00	1.983516e+01
5.700000e-06	-6.908247e-07	2.955884e-10	-4.892796e+00	1.625094e+01
5.710000e-06	-7.359207e-07	2.371336e-10	-5.212190e+00	1.264885e+01
5.720000e-06	-7.809782e-07	1.842759e-10	-5.531312e+00	9.033322e+00
5.730000e-06	-8.259546e-07	1.312799e-10	-5.849859e+00	5.408822e+00
5.740000e-06	-8.707865e-07	7.483193e-11	-6.167383e+00	1.779818e+00
5.750000e-06	-9.154795e-07	1.791049e-11	-6.483923e+00	-1.849227e+00
5.760000e-06	-9.600784e-07	-4.170578e-11	-6.799796e+00	-5.473882e+00
5.770000e-06	-1.004593e-06	-1.066465e-10	-7.115070e+00	-9.089770e+00
5.780000e-06	-1.049039e-06	-1.726196e-10	-7.429862e+00	-1.269258e+01
5.790000e-06	-1.093442e-06	-2.320651e-10	-7.744352e+00	-1.627811e+01
5.800000e-06	-1.137822e-06	-2.824820e-10	-8.058676e+00	-1.984224e+01
5.810000e-06	-1.182117e-06	-3.293677e-10	-8.372393e+00	-2.338102e+01
5.820000e-06	-1.226334e-06	-3.793758e-10	-8.685560e+00	-2.689059e+01
5.830000e-06	-1.270488e-06	-4.313140e-10	-8.998286e+00	-3.036731e+01
5.840000e-06	-1.314591e-06	-4.833459e-10	-9.310647e+00	-3.380768e+01
5.850000e-06	-1.358663e-06	-5.392565e-10	-9.622787e+00	-3.720840e+01
5.860000e-06	-1.402685e-06	-6.005108e-10	-9.934574e+00	-4.056636e+01
5.870000e-06	-1.446674e-06	-6.610330e-10	-1.024613e+01	-4.387868e+01
5.880000e-06	-1.490620e-06	-7.131506e-10	-1.055738e+01	-4.714268e+01
5.890000e-06	-1.534530e-06	-7.569089e-10	-1.086838e+01	-5.035591e+01
5.900000e-06	-1.578428e-06	-8.014656e-10	-1.117929e+01	-5.351616e+01
5.910000e-06	-1.622261e-06	-8.488332e-10	-1.148974e+01	-5.662143e+01
5.920000e-06	-1.665984e-06	-8.930624e-10	-1.179940e+01	-5.966999e+01
5.930000e-06	-1.709593e-06	-9.372667e-10	-1.210827e+01	-6.266032e+01
5.940000e-06	-1.753146e-06	-9.877753e-10	-1.241673e+01	-6.559113e+01
5.950000e-06	-1.796577e-06	-1.040191e-09	-1.272433e+01	-6.846137e+01
5.960000e-06	-1.839840e-06	-1.088293e-09	-1.303075e+01	-7.127024e+01
5.970000e-06	-1.882959e-06	-1.130013e-09	-1.333614e+01	-7.401711e+01
5.980000e-06	-1.925849e-06	-1.168035e-09	-1.363991e+01	-7.670160e+01
5.990000e-06	-1.968596e-06	-1.206981e-09	-1.394267e+01	-7.932352e+01
6.000000e-06	-2.011283e-06	-1.247204e-09	-1.424500e+01	-8.188290e+01
6.010000e-06	-2.053819e-06	-1.283976e-09	-1.454626e+01	-8.437991e+01
6.020000e-06	-2.096258e-06	-1.319487e-09	-1.484684e+01	-8.681492e+01
6.030000e-06	-2.138644e-06	-1.359268e-09	-1.514704e+01	-8.918847e+01
6.040000e-06	-2.180793e-06	-1.398714e-09	-1.544556e+01	-9.150123e+01
6.050000e-06	-2.222774e-06	-1.433324e-09	-1.574290e+01	-9.375402e+01
6.060000e-06	-2.264631e-06	-1.466894e-09	-1.603935e+01	-9.594775e+01
6.070000e-06	-2.306223e-06	-1.503703e-09	-1.633392e+01	-9.808349e+01
6.080000e-06	-2.347611e-06	-1.540630e-09	-1.662705e+01	-1.001623e+02
6.090000e-06	-2.388898e-06	-1.572471e-09	-1.691948e+01	-1.021856e+02
6.100000e-06	-2.430051e-06	-1.598093e-09	-1.721094e+01	-1.041544e+02
6.110000e-06	-2.470981e-06	-1.622263e-09	-1.750083e+01	-1.060701e+02
6.120000e-06	-2.511709e-06	-1.648148e-09	-1.778929e+01	-1.079342e+02
6.130000e-06	-2.552316e-06	-1.674840e-09	-1.807689e+01	-1.097481e+02
6.140000e-06	-2.592795e-06	-1.703807e-09	-1.836358e+01	-1.115130e+02
6.150000e-06	-2.633087e-06	-1.733403e-09	-1.864895e+01	-1.132305e+02
6.160000e-06	-2.673239e-06	-1.766144e-09	-1.893333e+01	-1.149020e+02
6.170000e-06	-2.713317e-06	-1.797640e-09	-1.921718e+01	-1.165288e+02
6.180000e-06	-2.753340e-06	-1.820429e-09	-1.950065e+01	-1.181123e+02
6.190000e-06	-2.793255e-06	-1.839148e-09	-1.978335e+01	-1.196539e+02
6.200000e-06	-2.832991e-06	-1.861563e-09	-2.006478e+01	-1.211549e+02
6.210000e-06	-2.872586e-06	-1.888578e-09	-2.034522e+01	-1.226164e+02
6.220000e-06	-2.911880e-06	-1.913529e-09	-2.062351e+01	-1.240398e+02
6.230000e-06	-2.950803e-06	-1.936325e-09	-2.089919e+01	-1.254261e+02
6.240000e-06	-2.989435e-06	-1.956718e-09	-2.117280e+01	-1.267765e+02
6.250000e-06	-3.027813e-06	-1.977864e-09	-2.144462e+01	-1.280919e+02
6.260000e-06	-3.065901e-06	-1.998595e-09	-2.171438e+01	-1.293734e+02
6.270000e-06	-3.103619e-06	-2.017773e-09	-2.198152e+01	-1.306218e+02
6.280000e-06	-3.140867e-06	-2.039367e-09	-2.224533e+01	-1.318380e+02
6.290000e-06	-3.177831e-06	-2.062484e-09	-2.250712e+01	-1.330228e+02
6.300000e-06	-3.214602e-06	-2.080721e-09	-2.276756e+01	-1.341770e+02
6.310000e-06	-3.250981e-06	-2.096309e-09	-2.302522e+01	-1.353012e+02
6.320000e-06	-3.287113e-06	-2.112204e-09	-2.328112e+01	-1.363960e+02
6.330000e-06	-3.323135e-06	-2.126983e-09	-2.353625e+01	-1.374621e+02
6.340000e-06	-3.359081e-06	-2.140933e-09	-2.379084e+01	-1.384999e+02
6.350000e-06	-3.394891e-06	-2.159126e-09	-2.404446e+01	-1.395101e+02
6.360000e-06	-3.430550e-06	-2.179377e-09	-2.429702e+01	-1.404931e+02
6.370000e-06	-3.465960e-06	-2.196862e-09	-2.454781e+01	-1.414493e+02
6.380000e-06	-3.501077e-06	-2.208598e-09	-2.479653e+01	-1.423791e+02
6.390000e-06	-3.535922e-06	-2.218934e-09	-2.504332e+01	-1.432831e+02
6.400000e-06	-3.570501e-06	-2.231328e-09	-2.528823e+01	-1.441615e+02
6.410000e-06	-3.604897e-06	-2.243596e-09	-2.553184e+01	-1.450149e+02
6.420000e-06	-3.639108e-06	-2.253173e-09	-2.577414e+01	-1.458435e+02
6.430000e-06	-3.673133e-06	-2.262567e-09	-2.601512e+01	-1.466478e+02
6.440000e-06	-3.706940e-06	-2.278050e-09	-2.625456e+01	-1.474282e+02
6.450000e-06	-3.740419e-06	-2.293749e-09	-2.649168e+01	-1.481851e+02
6.460000e-06	-3.773518e-06	-2.304970e-09	-2.672610e+01	-1.489189e+02
6.470000e-06	-3.806357e-06	-2.311056e-09	-2.695868e+01	-1.496301e+02
6.480000e-06	-3.838918e-06	-2.320304e-09	-2.718931e+01	-1.503191e+02
6.490000e-06	-3.871244e-06	-2.332648e-09	-2.741825e+01	-1.509864e+02
6.500000e-06	-3.903373e-06	-2.345434e-09	-2.764581e+01	-1.516325e+02
6.510000e-06	-3.935314e-06	-2.353911e-09	-2.787203e+01	-1.522578e+02
6.520000e-06	-3.967058e-06	-2.357591e-09	-2.809686e+01	-1.528630e+02
6.530000e-06	-3.998597e-06	-2.362928e-09	-2.832023e+01	-1.534485e+02
6.540000e-06	-4.029947e-06	-2.370236e-09	-2.854228e+01	-1.540150e+02
6.550000e-06	-4.060914e-06	-2.375924e-09	-2.876160e+01	-1.545630e+02
6.560000e-06	-4.091383e-06	-2.382267e-09	-2.897740e+01	-1.550931e+02
6.570000e-06	-4.121457e-06	-2.392519e-09	-2.919039e+01	-1.556059e+02
6.580000e-06	-4.151070e-06	-2.404808e-09	-2.940013e+01	-1.561021e+02
6.590000e-06	-4.180096e-06	-2.412065e-09	-2.960571e+01	-1.565822e+02
6.600000e-06	-4.208749e-06	-2.414853e-09	-2.980864e+01	-1.570469e+02
6.610000e-06	-4.237182e-06	-2.419103e-09	-3.001002e+01	-1.574967e+02
6.620000e-06	-4.265375e-06	-2.423410e-09	-3.020970e+01	-1.579324e+02
6.630000e-06	-4.293370e-06	-2.426194e-09	-3.040798e+01	-1.583545e+02
6.640000e-06	-4.321150e-06	-2.431964e-09	-3.060473e+01	-1.587637e+02
6.650000e-06	-4.348666e-06	-2.443085e-09	-3.079962e+01	-1.591604e+02
6.660000e-06	-4.375922e-06	-2.455229e-09	-3.099265e+01	-1.595453e+02
6.670000e-06	-4.402862e-06	-2.463191e-09	-3.118346e+01	-1.599189e+02
6.680000e-06	-4.429458e-06	-2.464947e-09	-3.137183e+01	-1.602818e+02
6.690000e-06	-4.455725e-06	-2.465867e-09	-3.155787e+01	-1.606343e+02
6.700000e-06	-4.481752e-06	-2.468707e-09	-3.174220e+01	-1.609770e+02
6.710000e-06	-4.507495e-06	-2.470936e-09	-3.192453e+01	-1.613103e+02
6.720000e-06	-4.532858e-06	-2.473815e-09	-3.210416e+01	-1.616346e+02
6.730000e-06	-4.557960e-06	-2.481114e-09	-3.228195e+01	-1.619502e+02
6.740000e-06	-4.582745e-06	-2.491981e-09	-3.245749e+01	-1.622575e+02
6.750000e-06	-4.607129e-06	-2.501552e-09	-3.263019e+01	-1.625568e+02
6.760000e-06	-4.631264e-06	-2.505103e-09	-3.280113e+01	-1.628482e+02
6.770000e-06	-4.655218e-06	-2.505025e-09	-3.297078e+01	-1.631320e+02
6.780000e-06	-4.678902e-06	-2.506313e-09	-3.313852e+01	-1.634084e+02
6.790000e-06	-4.702370e-06	-2.510447e-09	-3.330474e+01	-1.636776e+02
6.800000e-06	-4.725426e-06	-2.512555e-09	-3.346803e+01	-1.639396e+02
6.810000e-06	-4.748004e-06	-2.514994e-09	-3.362794e+01	-1.641945e+02
6.820000e-06	-4.770101e-06	-2.522365e-09	-3.378445e+01	-1.644423e+02
6.830000e-06	-4.791667e-06	-2.531102e-09	-3.393719e+01	-1.646832e+02
6.840000e-06	-4.812778e-06	-2.537180e-09	-3.408671e+01	-1.649171e+02
6.850000e-06	-4.833420e-06	-2.538596e-09	-3.423290e+01	-1.651439e+02
6.860000e-06	-4.853756e-06	-2.539957e-09	-3.437693e+01	-1.653638e+02
6.870000e-06	-4.873744e-06	-2.544768e-09	-3.451850e+01	-1.655766e+02
6.880000e-06	-4.893468e-06	-2.547745e-09	-3.465820e+01	-1.657824e+02
6.890000e-06	-4.913009e-06	-2.547411e-09	-3.479660e+01	-1.659810e+02
6.900000e-06	-4.932263e-06	-2.547661e-09	-3.493296e+01	-1.661724e+02
6.910000e-06	-4.951209e-06	-2.550455e-09	-3.506715e+01	-1.663566e+02
6.920000e-06	-4.969813e-06	-2.553436e-09	-3.519891e+01	-1.665336e+02
6.930000e-06	-4.988067e-06	-2.554844e-09	-3.532820e+01	-1.667034e+02
6.940000e-06	-5.005998e-06	-2.557800e-09	-3.545520e+01	-1.668659e+02
6.950000e-06	-5.023606e-06	-2.564332e-09	-3.557991e+01	-1.670212e+02
6.960000e-06	-5.040905e-06	-2.569271e-09	-3.570243e+01	-1.671693e+02
6.970000e-06	-5.057879e-06	-2.568305e-09	-3.582264e+01	-1.673102e+02
6.980000e-06	-5.074520e-06	-2.565572e-09	-3.594051e+01	-1.674442e+02
6.990000e-06	-5.090886e-06	-2.566360e-09	-3.605642e+01	-1.675712e+02
7.000000e-06	-5.106961e-06	-2.569165e-09	-3.617027e+01	-1.676915e+02
7.010000e-06	-5.122804e-06	-2.570233e-09	-3.628248e+01	-1.678052e+02
7.020000e-06	-5.138315e-06	-2.570872e-09	-3.639234e+01	-1.679125e+02
7.030000e-06	-5.153222e-06	-2.574316e-09	-3.649792e+01	-1.680135e+02
7.040000e-06	-5.167403e-06	-2.580492e-09	-3.659835e+01	-1.681087e+02
7.050000e-06	-5.181101e-06	-2.581806e-09	-3.669537e+01	-1.681982e+02
7.060000e-06	-5.194382e-06	-2.577272e-09	-3.678943e+01	-1.682824e+02
7.070000e-06	-5.207129e-06	-2.574488e-09	-3.687972e+01	-1.683616e+02
7.080000e-06	-5.219468e-06	-2.573989e-09	-3.696711e+01	-1.684360e+02
7.090000e-06	-5.231443e-06	-2.572046e-09	-3.705192e+01	-1.685062e+02
7.100000e-06	-5.243110e-06	-2.568474e-09	-3.713456e+01	-1.685724e+02
7.110000e-06	-5.254439e-06	-2.568732e-09	-3.721479e+01	-1.686351e+02
7.120000e-06	-5.265292e-06	-2.574807e-09	-3.729166e+01	-1.686946e+02
7.130000e-06	-5.275737e-06	-2.579102e-09	-3.736564e+01	-1.687513e+02
7.140000e-06	-5.285886e-06	-2.578379e-09	-3.743752e+01	-1.688056e+02
7.150000e-06	-5.295675e-06	-2.574843e-09	-3.750685e+01	-1.688579e+02
7.160000e-06	-5.305077e-06	-2.572333e-09	-3.757344e+01	-1.689085e+02
7.170000e-06	-5.314093e-06	-2.570617e-09	-3.763729e+01	-1.689578e+02
7.180000e-06	-5.322758e-06	-2.567779e-09	-3.769866e+01	-1.690062e+02
7.190000e-06	-5.331143e-06	-2.567490e-09	-3.775805e+01	-1.690539e+02
7.200000e-06	-5.339173e-06	-2.572541e-09	-3.781493e+01	-1.691013e+02
7.210000e-06	-5.346897e-06	-2.579225e-09	-3.786963e+01	-1.691486e+02
7.220000e-06	-5.354394e-06	-2.583394e-09	-3.792273e+01	-1.691960e+02
7.230000e-06	-5.361573e-06	-2.583811e-09	-3.797357e+01	-1.692437e+02
7.240000e-06	-5.368335e-06	-2.580065e-09	-3.802146e+01	-1.692918e+02
7.250000e-06	-5.374420e-06	-2.574542e-09	-3.806456e+01	-1.693406e+02
7.260000e-06	-5.379902e-06	-2.570606e-09	-3.810339e+01	-1.693900e+02
7.270000e-06	-5.384899e-06	-2.571952e-09	-3.813878e+01	-1.694401e+02
7.280000e-06	-5.389354e-06	-2.576857e-09	-3.817033e+01	-1.694908e+02
7.290000e-06	-5.393490e-06	-2.580037e-09	-3.819963e+01	-1.695421e+02
7.300000e-06	-5.397425e-06	-2.580088e-09	-3.822749e+01	-1.695940e+02
7.310000e-06	-5.401128e-06	-2.579999e-09	-3.825372e+01	-1.696462e+02
7.320000e-06	-5.404471e-06	-2.581186e-09	-3.827740e+01	-1.696985e+02
7.330000e-06	-5.407457e-06	-2.581041e-09	-3.829855e+01	-1.697509e+02
7.340000e-06	-5.410053e-06	-2.576560e-09	-3.831693e+01	-1.698030e+02
7.350000e-06	-5.412257e-06	-2.572438e-09	-3.833254e+01	-1.698544e+02
7.360000e-06	-5.414205e-06	-2.575378e-09	-3.834634e+01	-1.699050e+02
7.370000e-06	-5.415809e-06	-2.581194e-09	-3.835770e+01	-1.699544e+02
7.380000e-06	-5.416932e-06	-2.583994e-09	-3.836566e+01	-1.700022e+02
7.390000e-06	-5.417704e-06	-2.584350e-09	-3.837112e+01	-1.700480e+02
7.400000e-06	-5.418278e-06	-2.585723e-09	-3.837518e+01	-1.700914e+02
